Detection Run 1
#Info# Executed steps before collision: 6, Found collision: false
Turtle 1 :[(-1,-1), (41,37), (41,36), (41,35), (41,34), (40,34), (39,34)]
Turtle 2 :[(-2,-2), (10,6), (11,6), (10,6), (11,6), (11,7), (-2,-2)]
Turtle 3 :[(-3,-3), (49,24), (49,24), (49,25), (49,24), (49,25), (-3,-3)]
Turtle 4 :[(-4,-4), (28,1), (29,1), (29,0), (30,0), (31,0), (32,0)]
Turtle 5 :[(-5,-5), (34,4), (34,3), (33,3), (33,2), (33,1), (33,0)]

Detection Run 2
#Info# Executed steps before collision: 6, Found collision: false
Turtle 1 :[(-1,-1), (16,31), (16,32), (15,32), (15,33), (14,33), (13,33)]
Turtle 2 :[(-2,-2), (36,45), (36,44), (36,43), (36,42), (36,41), (37,41)]
Turtle 3 :[(-3,-3), (38,19), (38,20), (38,21), (38,22), (37,22), (36,22)]
Turtle 4 :[(-4,-4), (40,40), (39,40), (39,39), (38,39), (38,40), (37,40)]
Turtle 5 :[(-5,-5), (22,28), (22,27), (22,26), (22,25), (22,24), (-5,-5)]

Detection Run 3
#Info# Executed steps before collision: 8, Found collision: false
Turtle 1 :[(-1,-1), (36,22), (35,22), (34,22), (-1,-1), (-1,-1), (-1,-1), (-1,-1), (-1,-1)]
Turtle 2 :[(-2,-2), (3,5), (4,5), (4,4), (4,3), (5,3), (5,2), (-2,-2), (-2,-2)]
Turtle 3 :[(-3,-3), (48,29), (48,30), (48,31), (48,32), (49,32), (-3,-3), (-3,-3), (-3,-3)]
Turtle 4 :[(-4,-4), (6,5), (5,5), (6,5), (6,6), (6,7), (5,7), (4,7), (4,8)]
Turtle 5 :[(-5,-5), (33,11), (34,11), (34,10), (34,9), (35,9), (36,9), (-5,-5), (-5,-5)]

Detection Run 4
#Info# Executed steps before collision: 6, Found collision: false
Turtle 1 :[(-1,-1), (42,12), (42,13), (43,13), (43,12), (43,11), (44,11)]
Turtle 2 :[(-2,-2), (33,13), (33,12), (33,11), (32,11), (31,11), (-2,-2)]
Turtle 3 :[(-3,-3), (5,3), (5,4), (4,4), (4,5), (3,5), (-3,-3)]
Turtle 4 :[(-4,-4), (35,18), (35,17), (35,16), (34,16), (33,16), (32,16)]
Turtle 5 :[(-5,-5), (37,14), (37,15), (37,16), (38,16), (38,17), (39,17)]

Detection Run 5
#Info# Executed steps before collision: 7, Found collision: false
Turtle 1 :[(-1,-1), (11,4), (11,3), (11,2), (12,2), (11,2), (11,1), (11,0)]
Turtle 2 :[(-2,-2), (15,33), (15,34), (15,35), (14,35), (-2,-2), (-2,-2), (-2,-2)]
Turtle 3 :[(-3,-3), (13,1), (12,1), (11,1), (11,0), (-3,-3), (-3,-3), (-3,-3)]
Turtle 4 :[(-4,-4), (1,37), (1,36), (0,36), (0,37), (0,36), (-4,-4), (-4,-4)]
Turtle 5 :[(-5,-5), (16,27), (15,27), (15,26), (15,25), (14,25), (-5,-5), (-5,-5)]

Detection Run 6
#Info# Executed steps before collision: 8, Found collision: false
Turtle 1 :[(-1,-1), (30,4), (30,5), (29,5), (29,6), (29,7), (28,7), (-1,-1), (-1,-1)]
Turtle 2 :[(-2,-2), (-2,-2), (-2,-2), (30,4), (30,5), (31,5), (32,5), (33,5), (34,5)]
Turtle 3 :[(-3,-3), (21,26), (21,25), (21,24), (21,23), (20,23), (20,22), (-3,-3), (-3,-3)]
Turtle 4 :[(-4,-4), (21,39), (21,38), (21,37), (22,37), (22,36), (23,36), (-4,-4), (-4,-4)]
Turtle 5 :[(-5,-5), (22,1), (23,1), (24,1), (25,1), (-5,-5), (-5,-5), (-5,-5), (-5,-5)]

Detection Run 7
#Info# Executed steps before collision: 8, Found collision: false
Turtle 1 :[(-1,-1), (47,26), (47,27), (48,27), (48,28), (49,28), (49,28), (49,29), (-1,-1)]
Turtle 2 :[(-2,-2), (19,37), (20,37), (-2,-2), (-2,-2), (-2,-2), (-2,-2), (-2,-2), (-2,-2)]
Turtle 3 :[(-3,-3), (1,8), (1,9), (1,9), (1,10), (1,11), (0,11), (0,12), (-3,-3)]
Turtle 4 :[(-4,-4), (41,36), (40,36), (41,36), (41,37), (42,37), (-4,-4), (-4,-4), (-4,-4)]
Turtle 5 :[(-5,-5), (42,37), (43,37), (43,38), (43,38), (43,38), (43,39), (43,40), (44,40)]

Detection Run 8
#Info# Executed steps before collision: 7, Found collision: false
Turtle 1 :[(-1,-1), (4,0), (5,0), (6,0), (7,0), (8,0), (-1,-1), (-1,-1)]
Turtle 2 :[(-2,-2), (5,3), (5,2), (4,2), (4,1), (5,1), (5,0), (-2,-2)]
Turtle 3 :[(-3,-3), (34,20), (33,20), (32,20), (31,20), (31,19), (30,19), (-3,-3)]
Turtle 4 :[(-4,-4), (44,31), (44,31), (44,32), (44,33), (44,34), (43,34), (43,35)]
Turtle 5 :[(-5,-5), (18,23), (17,23), (17,24), (17,25), (16,25), (16,26), (-5,-5)]

Detection Run 9
#Info# Executed steps before collision: 9, Found collision: false
Turtle 1 :[(-1,-1), (30,35), (29,35), (29,34), (29,33), (29,32), (28,32), (-1,-1), (-1,-1), (-1,-1)]
Turtle 2 :[(-2,-2), (48,21), (48,20), (48,20), (48,19), (48,19), (48,18), (49,18), (49,18), (49,18)]
Turtle 3 :[(-3,-3), (9,36), (9,37), (9,37), (9,38), (9,38), (9,39), (-3,-3), (-3,-3), (-3,-3)]
Turtle 4 :[(-4,-4), (32,28), (32,29), (32,30), (32,31), (32,32), (-4,-4), (-4,-4), (-4,-4), (-4,-4)]
Turtle 5 :[(-5,-5), (32,26), (33,26), (33,27), (33,28), (33,28), (33,29), (33,30), (-5,-5), (-5,-5)]

Detection Run 10
#Info# Executed steps before collision: 8, Found collision: false
Turtle 1 :[(-1,-1), (26,35), (26,34), (26,33), (26,32), (27,32), (28,32), (-1,-1), (-1,-1)]
Turtle 2 :[(-2,-2), (15,32), (14,32), (14,31), (13,31), (12,31), (11,31), (-2,-2), (-2,-2)]
Turtle 3 :[(-3,-3), (49,26), (49,27), (49,28), (49,29), (-3,-3), (-3,-3), (-3,-3), (-3,-3)]
Turtle 4 :[(-4,-4), (0,28), (0,29), (1,29), (2,29), (2,29), (2,30), (2,30), (2,31)]
Turtle 5 :[(-5,-5), (17,32), (17,31), (17,31), (17,31), (17,30), (17,29), (18,29), (-5,-5)]

Detection Run 11
#Info# Executed steps before collision: 8, Found collision: false
Turtle 1 :[(-1,-1), (16,27), (17,27), (18,27), (19,27), (20,27), (21,27), (-1,-1), (-1,-1)]
Turtle 2 :[(-2,-2), (8,38), (8,38), (8,38), (8,38), (8,38), (8,39), (7,39), (-2,-2)]
Turtle 3 :[(-3,-3), (41,3), (41,2), (40,2), (40,1), (39,1), (39,0), (-3,-3), (-3,-3)]
Turtle 4 :[(-4,-4), (44,22), (44,23), (45,23), (45,24), (46,24), (47,24), (-4,-4), (-4,-4)]
Turtle 5 :[(-5,-5), (45,21), (45,21), (44,21), (44,20), (43,20), (43,20), (42,20), (41,20)]

Detection Run 12
#Info# Executed steps before collision: 9, Found collision: false
Turtle 1 :[(-1,-1), (17,9), (18,9), (19,9), (20,9), (21,9), (22,9), (-1,-1), (-1,-1), (-1,-1)]
Turtle 2 :[(-2,-2), (14,5), (13,5), (13,6), (12,6), (12,6), (12,6), (11,6), (11,6), (11,7)]
Turtle 3 :[(-3,-3), (16,5), (16,4), (15,4), (14,4), (13,4), (13,4), (13,4), (13,3), (-3,-3)]
Turtle 4 :[(-4,-4), (41,23), (41,22), (40,22), (39,22), (39,22), (38,22), (38,21), (-4,-4), (-4,-4)]
Turtle 5 :[(-5,-5), (21,23), (21,22), (21,21), (21,20), (22,20), (22,19), (-5,-5), (-5,-5), (-5,-5)]

Detection Run 13
#Info# Executed steps before collision: 8, Found collision: false
Turtle 1 :[(-1,-1), (5,4), (6,4), (7,4), (7,3), (-1,-1), (-1,-1), (-1,-1), (-1,-1)]
Turtle 2 :[(-2,-2), (30,48), (30,49), (29,49), (28,49), (28,49), (27,49), (27,49), (26,49)]
Turtle 3 :[(-3,-3), (16,4), (17,4), (17,4), (18,4), (19,4), (20,4), (21,4), (-3,-3)]
Turtle 4 :[(-4,-4), (38,20), (38,20), (38,21), (39,21), (40,21), (40,22), (41,22), (-4,-4)]
Turtle 5 :[(-5,-5), (39,21), (39,20), (39,19), (39,19), (39,19), (40,19), (41,19), (42,19)]

Fault Detection Run 14
#Info# Executed steps before collision: 5, Found collision: true
Turtle 1 :[(-1,-1), (9,6), (9,5), (9,5), (9,4), (8,4), (7,4), (7,3), (-1,-1), (-1,-1)]
Turtle 2 :[(-2,-2), (11,30), (11,31), (11,31), (11,31), (12,31), (12,31), (13,31), (14,31), (15,31)]
Turtle 3 :[(-3,-3), (37,0), (37,1), (37,1), (37,2), (36,2), (36,3), (36,4), (-3,-3), (-3,-3)]
Turtle 4 :[(-4,-4), (12,29), (12,30), (12,30), (12,30), (12,31), (12,32), (-4,-4), (-4,-4), (-4,-4)]
Turtle 5 :[(-5,-5), (45,43), (45,44), (44,44), (44,45), (43,45), (43,46), (-5,-5), (-5,-5), (-5,-5)]

