Detection Run 1
#Info# Executed steps before collision: 6, Found collision: false
Turtle 1 :[(-1,-1), (2,11), (2,10), (1,10), (1,9), (1,8), (0,8)]
Turtle 2 :[(-2,-2), (8,34), (8,35), (7,35), (7,36), (6,36), (5,36)]
Turtle 3 :[(-3,-3), (9,12), (8,12), (7,12), (7,13), (7,14), (7,15)]
Turtle 4 :[(-4,-4), (36,15), (35,15), (34,15), (34,14), (34,13), (34,12)]
Turtle 5 :[(-5,-5), (0,9), (1,9), (2,9), (2,10), (2,11), (-5,-5)]

Detection Run 2
#Info# Executed steps before collision: 6, Found collision: false
Turtle 1 :[(-1,-1), (7,47), (7,46), (6,46), (5,46), (4,46), (4,45)]
Turtle 2 :[(-2,-2), (48,33), (48,34), (47,34), (47,35), (46,35), (45,35)]
Turtle 3 :[(-3,-3), (38,34), (38,33), (37,33), (36,33), (35,33), (-3,-3)]
Turtle 4 :[(-4,-4), (28,34), (29,34), (30,34), (30,33), (30,32), (-4,-4)]
Turtle 5 :[(-5,-5), (8,33), (8,32), (9,32), (9,31), (9,30), (-5,-5)]

Detection Run 3
#Info# Executed steps before collision: 6, Found collision: false
Turtle 1 :[(-1,-1), (15,38), (15,39), (15,40), (14,40), (13,40), (12,40)]
Turtle 2 :[(-2,-2), (26,30), (26,31), (27,31), (27,32), (28,32), (-2,-2)]
Turtle 3 :[(-3,-3), (25,32), (25,33), (25,34), (25,35), (-3,-3), (-3,-3)]
Turtle 4 :[(-4,-4), (15,19), (15,18), (15,17), (15,16), (15,15), (14,15)]
Turtle 5 :[(-5,-5), (23,44), (22,44), (22,45), (21,45), (21,46), (21,47)]

Fault Detection Run 4
#Info# Executed steps before collision: 3, Found collision: true
Turtle 1 :[(-1,-1), (34,18), (34,19), (34,20), (34,21), (-1,-1), (-1,-1)]
Turtle 2 :[(-2,-2), (33,19), (33,20), (34,20), (34,20), (34,21), (35,21)]
Turtle 3 :[(-3,-3), (29,48), (28,48), (27,48), (27,47), (26,47), (25,47)]
Turtle 4 :[(-4,-4), (18,45), (19,45), (19,46), (20,46), (20,47), (20,48)]
Turtle 5 :[(-5,-5), (13,24), (14,24), (14,25), (15,25), (16,25), (17,25)]

