Detection Run 1
#Info# Executed steps before collision: 6, Found collision: false
Turtle 1 :[(-1,-1), (1,16), (1,15), (0,15), (0,14), (0,13), (-1,-1)]
Turtle 2 :[(-2,-2), (6,9), (6,10), (7,10), (8,10), (9,10), (10,10)]
Turtle 3 :[(-3,-3), (17,11), (17,10), (18,10), (18,9), (18,8), (19,8)]
Turtle 4 :[(-4,-4), (8,9), (8,10), (8,11), (8,12), (9,12), (9,13)]
Turtle 5 :[(-5,-5), (15,1), (15,0), (16,0), (-5,-5), (-5,-5), (-5,-5)]

Detection Run 2
#Info# Executed steps before collision: 6, Found collision: false
Turtle 1 :[(-1,-1), (6,15), (6,14), (6,13), (6,12), (6,11), (6,10)]
Turtle 2 :[(-2,-2), (18,19), (17,19), (16,19), (15,19), (14,19), (14,19)]
Turtle 3 :[(-3,-3), (19,14), (18,14), (18,13), (18,12), (17,12), (16,12)]
Turtle 4 :[(-4,-4), (16,18), (15,18), (15,17), (14,17), (14,16), (14,15)]
Turtle 5 :[(-5,-5), (10,14), (9,14), (8,14), (7,14), (6,14), (-5,-5)]

Fault Detection Run 3
#Info# Executed steps before collision: 3, Found collision: true
Turtle 1 :[(-1,-1), (14,15), (15,15), (16,15), (17,15), (18,15), (19,15), (-1,-1)]
Turtle 2 :[(-2,-2), (12,4), (12,5), (13,5), (13,6), (13,7), (13,8), (-2,-2)]
Turtle 3 :[(-3,-3), (6,4), (7,4), (8,4), (8,5), (9,5), (10,5), (-3,-3)]
Turtle 4 :[(-4,-4), (17,1), (16,1), (15,1), (14,1), (13,1), (13,0), (-4,-4)]
Turtle 5 :[(-5,-5), (15,3), (15,2), (15,1), (15,2), (15,1), (14,1), (13,1)]

