Shrinking Run 1
#Info# Executed steps before collision: 4, Found collision: true
Turtle 1 :[(-1,-1), (6,30), (5,30), (4,30), (4,30), (4,30), (3,30), (3,29), (2,29), (-1,-1), (-1,-1)]
Turtle 2 :[(-2,-2), (8,24), (9,24), (9,25), (9,26), (8,26), (8,27), (9,27), (10,27), (-2,-2), (-2,-2)]
Turtle 3 :[(-3,-3), (10,26), (10,26), (10,26), (9,26), (9,25), (8,25), (7,25), (6,25), (6,26), (6,27)]
Turtle 4 :[(-4,-4), (8,42), (8,41), (8,40), (8,40), (7,40), (7,39), (7,38), (-4,-4), (-4,-4), (-4,-4)]
Turtle 5 :[(-5,-5), (37,15), (37,16), (38,16), (38,16), (39,16), (39,16), (40,16), (40,16), (40,16), (41,16)]

Shrinking Run 2
#Info# Executed steps before collision: 4, Found collision: true
Turtle 1 :[(-1,-1), (6,30), (6,29), (5,29), (5,29), (5,29), (4,29), (4,28), (4,27), (-1,-1), (-1,-1)]
Turtle 2 :[(-2,-2), (8,24), (9,24), (9,25), (9,26), (9,27), (10,27), (-2,-2), (-2,-2), (-2,-2), (-2,-2)]
Turtle 3 :[(-3,-3), (10,26), (10,26), (10,26), (9,26), (10,26), (9,26), (8,26), (7,26), (6,26), (6,27)]
Turtle 4 :[(-4,-4), (8,42), (8,41), (8,40), (8,40), (7,40), (7,39), (7,38), (-4,-4), (-4,-4), (-4,-4)]
Turtle 5 :[(-5,-5), (37,15), (37,16), (38,16), (38,16), (39,16), (39,16), (40,16), (40,16), (40,16), (41,16)]

Shrinking Run 3
#Info# Executed steps before collision: 4, Found collision: true
Turtle 1 :[(-1,-1), (6,30), (6,29), (5,29), (5,29), (5,29), (4,29), (3,29), (3,28), (-1,-1), (-1,-1)]
Turtle 2 :[(-2,-2), (8,24), (9,24), (9,25), (9,26), (9,27), (10,27), (-2,-2), (-2,-2), (-2,-2), (-2,-2)]
Turtle 3 :[(-3,-3), (10,26), (10,26), (10,26), (9,26), (9,25), (9,26), (8,26), (8,27), (7,27), (6,27)]
Turtle 4 :[(-4,-4), (8,42), (8,41), (8,40), (8,40), (7,40), (7,39), (7,38), (-4,-4), (-4,-4), (-4,-4)]
Turtle 5 :[(-5,-5), (37,15), (37,16), (38,16), (38,16), (39,16), (39,16), (40,16), (40,16), (40,16), (41,16)]

Shrinking Run 4
#Info# Executed steps before collision: 4, Found collision: true
Turtle 1 :[(-1,-1), (6,30), (5,30), (4,30), (4,30), (4,30), (3,30), (2,30), (2,29), (-1,-1), (-1,-1), (-1,-1), (-1,-1)]
Turtle 2 :[(-2,-2), (8,24), (9,24), (9,25), (9,26), (9,27), (10,27), (-2,-2), (-2,-2), (-2,-2), (-2,-2), (-2,-2), (-2,-2)]
Turtle 3 :[(-3,-3), (10,26), (10,26), (10,26), (9,26), (10,26), (11,26), (10,26), (9,26), (8,26), (7,26), (7,27), (6,27)]
Turtle 4 :[(-4,-4), (8,42), (8,41), (8,40), (8,40), (7,40), (7,39), (7,38), (-4,-4), (-4,-4), (-4,-4), (-4,-4), (-4,-4)]
Turtle 5 :[(-5,-5), (37,15), (37,16), (38,16), (38,16), (39,16), (39,16), (40,16), (40,16), (40,16), (41,16), (-5,-5), (-5,-5)]

Shrinking Run 5
#Info# Executed steps before collision: 4, Found collision: true
Turtle 1 :[(-1,-1), (6,30), (5,30), (4,30), (4,30), (4,30), (3,30), (2,30), (1,30), (-1,-1), (-1,-1)]
Turtle 2 :[(-2,-2), (8,24), (9,24), (9,25), (9,26), (9,27), (10,27), (-2,-2), (-2,-2), (-2,-2), (-2,-2)]
Turtle 3 :[(-3,-3), (10,26), (10,26), (10,26), (9,26), (8,26), (8,27), (7,27), (6,27), (-3,-3), (-3,-3)]
Turtle 4 :[(-4,-4), (8,42), (8,41), (8,40), (8,40), (7,40), (7,39), (7,38), (-4,-4), (-4,-4), (-4,-4)]
Turtle 5 :[(-5,-5), (37,15), (37,16), (38,16), (38,16), (39,16), (39,16), (40,16), (40,16), (40,16), (41,16)]

Shrinking Run 6
#Info# Executed steps before collision: 4, Found collision: true
Turtle 1 :[(-1,-1), (6,30), (5,30), (4,30), (3,30), (2,30), (1,30), (-1,-1), (-1,-1), (-1,-1), (-1,-1)]
Turtle 2 :[(-2,-2), (8,24), (9,24), (9,25), (9,26), (8,26), (9,26), (9,27), (10,27), (-2,-2), (-2,-2)]
Turtle 3 :[(-3,-3), (10,26), (10,26), (10,26), (9,26), (9,27), (8,27), (7,27), (6,27), (-3,-3), (-3,-3)]
Turtle 4 :[(-4,-4), (8,42), (8,41), (8,40), (8,40), (7,40), (7,39), (7,38), (-4,-4), (-4,-4), (-4,-4)]
Turtle 5 :[(-5,-5), (37,15), (37,16), (38,16), (38,16), (39,16), (39,16), (40,16), (40,16), (40,16), (41,16)]

Shrinking Run 7
#Info# Executed steps before collision: 11, Found collision: false
Turtle 1 :[(-1,-1), (6,30), (5,30), (4,30), (3,30), (2,30), (1,30), (-1,-1), (-1,-1), (-1,-1), (-1,-1), (-1,-1)]
Turtle 2 :[(-2,-2), (8,24), (7,24), (7,25), (7,26), (7,26), (7,26), (7,27), (7,27), (6,27), (-2,-2), (-2,-2)]
Turtle 3 :[(-3,-3), (10,26), (10,26), (10,26), (9,26), (9,26), (8,26), (8,27), (8,27), (7,27), (7,27), (6,27)]
Turtle 4 :[(-4,-4), (8,42), (8,41), (8,40), (8,40), (7,40), (7,39), (7,38), (-4,-4), (-4,-4), (-4,-4), (-4,-4)]
Turtle 5 :[(-5,-5), (37,15), (37,16), (38,16), (38,16), (39,16), (39,16), (40,16), (40,16), (40,16), (41,16), (-5,-5)]

Shrinking Run 8
#Info# Executed steps before collision: 11, Found collision: false
Turtle 1 :[(-1,-1), (6,30), (5,30), (4,30), (3,30), (2,30), (1,30), (-1,-1), (-1,-1), (-1,-1), (-1,-1), (-1,-1)]
Turtle 2 :[(-2,-2), (8,24), (8,25), (8,26), (8,27), (8,27), (8,27), (8,28), (8,28), (9,28), (-2,-2), (-2,-2)]
Turtle 3 :[(-3,-3), (10,26), (10,26), (10,26), (9,26), (9,26), (8,26), (9,26), (8,26), (7,26), (6,26), (6,27)]
Turtle 4 :[(-4,-4), (8,42), (8,41), (8,40), (8,40), (7,40), (7,39), (7,38), (-4,-4), (-4,-4), (-4,-4), (-4,-4)]
Turtle 5 :[(-5,-5), (37,15), (37,16), (38,16), (38,16), (39,16), (39,16), (40,16), (40,16), (40,16), (41,16), (-5,-5)]

Shrinking Run 9
#Info# Executed steps before collision: 4, Found collision: true
Turtle 1 :[(-1,-1), (6,30), (5,30), (4,30), (3,30), (2,30), (1,30), (-1,-1), (-1,-1), (-1,-1), (-1,-1), (-1,-1), (-1,-1), (-1,-1)]
Turtle 2 :[(-2,-2), (8,24), (8,25), (9,25), (9,26), (9,26), (9,27), (10,27), (10,26), (-2,-2), (-2,-2), (-2,-2), (-2,-2), (-2,-2)]
Turtle 3 :[(-3,-3), (10,26), (10,26), (10,26), (9,26), (9,26), (9,26), (9,26), (8,26), (8,27), (8,27), (7,27), (7,27), (6,27)]
Turtle 4 :[(-4,-4), (8,42), (8,41), (8,40), (8,40), (7,40), (7,39), (7,38), (-4,-4), (-4,-4), (-4,-4), (-4,-4), (-4,-4), (-4,-4)]
Turtle 5 :[(-5,-5), (37,15), (37,16), (38,16), (38,16), (39,16), (39,16), (40,16), (40,16), (40,16), (41,16), (-5,-5), (-5,-5), (-5,-5)]

Shrinking Run 10
#Info# Executed steps before collision: 10, Found collision: false
Turtle 1 :[(-1,-1), (6,30), (5,30), (4,30), (3,30), (2,30), (1,30), (-1,-1), (-1,-1), (-1,-1), (-1,-1)]
Turtle 2 :[(-2,-2), (8,24), (8,25), (8,26), (8,26), (8,26), (8,26), (9,26), (-2,-2), (-2,-2), (-2,-2)]
Turtle 3 :[(-3,-3), (10,26), (10,26), (10,26), (9,26), (9,26), (9,27), (8,27), (7,27), (6,27), (-3,-3)]
Turtle 4 :[(-4,-4), (8,42), (8,41), (8,40), (8,40), (7,40), (7,39), (7,38), (-4,-4), (-4,-4), (-4,-4)]
Turtle 5 :[(-5,-5), (37,15), (37,16), (38,16), (38,16), (39,16), (39,16), (40,16), (40,16), (40,16), (41,16)]

Shrinking Run 11
#Info# Executed steps before collision: 11, Found collision: false
Turtle 1 :[(-1,-1), (6,30), (5,30), (4,30), (3,30), (2,30), (1,30), (-1,-1), (-1,-1), (-1,-1), (-1,-1), (-1,-1)]
Turtle 2 :[(-2,-2), (8,24), (8,25), (9,25), (10,25), (10,25), (10,25), (10,25), (10,26), (-2,-2), (-2,-2), (-2,-2)]
Turtle 3 :[(-3,-3), (10,26), (10,26), (10,26), (9,26), (9,26), (8,26), (8,27), (8,27), (7,27), (7,27), (6,27)]
Turtle 4 :[(-4,-4), (8,42), (8,41), (8,40), (8,40), (7,40), (7,39), (7,38), (-4,-4), (-4,-4), (-4,-4), (-4,-4)]
Turtle 5 :[(-5,-5), (37,15), (37,16), (38,16), (38,16), (39,16), (39,16), (40,16), (40,16), (40,16), (41,16), (-5,-5)]

Shrinking Run 12
#Info# Executed steps before collision: 11, Found collision: false
Turtle 1 :[(-1,-1), (6,30), (5,30), (4,30), (3,30), (2,30), (1,30), (-1,-1), (-1,-1), (-1,-1), (-1,-1), (-1,-1)]
Turtle 2 :[(-2,-2), (8,24), (9,24), (10,24), (10,25), (10,25), (10,25), (10,25), (10,26), (-2,-2), (-2,-2), (-2,-2)]
Turtle 3 :[(-3,-3), (10,26), (10,26), (10,26), (9,26), (9,26), (8,26), (8,27), (8,27), (7,27), (7,27), (6,27)]
Turtle 4 :[(-4,-4), (8,42), (8,41), (8,40), (8,40), (7,40), (7,39), (7,38), (-4,-4), (-4,-4), (-4,-4), (-4,-4)]
Turtle 5 :[(-5,-5), (37,15), (37,16), (38,16), (38,16), (39,16), (39,16), (40,16), (40,16), (40,16), (41,16), (-5,-5)]

Shrinking Run 13
#Info# Executed steps before collision: 4, Found collision: true
Turtle 1 :[(-1,-1), (6,30), (5,30), (4,30), (3,30), (2,30), (1,30), (-1,-1), (-1,-1), (-1,-1), (-1,-1)]
Turtle 2 :[(-2,-2), (8,24), (8,25), (8,26), (9,26), (10,26), (-2,-2), (-2,-2), (-2,-2), (-2,-2), (-2,-2)]
Turtle 3 :[(-3,-3), (10,26), (10,26), (10,26), (9,26), (8,26), (8,27), (7,27), (6,27), (-3,-3), (-3,-3)]
Turtle 4 :[(-4,-4), (8,42), (8,41), (8,40), (8,40), (7,40), (7,39), (7,38), (-4,-4), (-4,-4), (-4,-4)]
Turtle 5 :[(-5,-5), (37,15), (37,16), (38,16), (38,16), (39,16), (39,16), (40,16), (40,16), (40,16), (41,16)]

Shrinking Run 14
#Info# Executed steps before collision: 4, Found collision: true
Turtle 1 :[(-1,-1), (6,30), (5,30), (4,30), (3,30), (2,30), (1,30), (-1,-1), (-1,-1), (-1,-1), (-1,-1), (-1,-1), (-1,-1)]
Turtle 2 :[(-2,-2), (8,24), (8,25), (8,26), (9,26), (10,26), (-2,-2), (-2,-2), (-2,-2), (-2,-2), (-2,-2), (-2,-2), (-2,-2)]
Turtle 3 :[(-3,-3), (10,26), (10,26), (10,26), (9,26), (9,26), (9,26), (8,26), (7,26), (7,26), (6,26), (6,26), (6,27)]
Turtle 4 :[(-4,-4), (8,42), (8,41), (8,40), (8,40), (7,40), (7,39), (7,38), (-4,-4), (-4,-4), (-4,-4), (-4,-4), (-4,-4)]
Turtle 5 :[(-5,-5), (37,15), (37,16), (38,16), (38,16), (39,16), (39,16), (40,16), (40,16), (40,16), (41,16), (-5,-5), (-5,-5)]

Shrinking Run 15
#Info# Executed steps before collision: 3, Found collision: true
Turtle 1 :[(-1,-1), (6,30), (5,30), (4,30), (3,30), (2,30), (1,30), (-1,-1), (-1,-1), (-1,-1), (-1,-1)]
Turtle 2 :[(-2,-2), (8,24), (8,25), (8,26), (9,26), (10,26), (-2,-2), (-2,-2), (-2,-2), (-2,-2), (-2,-2)]
Turtle 3 :[(-3,-3), (10,26), (9,26), (8,26), (7,26), (6,26), (6,27), (-3,-3), (-3,-3), (-3,-3), (-3,-3)]
Turtle 4 :[(-4,-4), (8,42), (8,41), (8,40), (8,40), (7,40), (7,39), (7,38), (-4,-4), (-4,-4), (-4,-4)]
Turtle 5 :[(-5,-5), (37,15), (37,16), (38,16), (38,16), (39,16), (39,16), (40,16), (40,16), (40,16), (41,16)]

Shrinking Run 16
#Info# Executed steps before collision: 3, Found collision: true
Turtle 1 :[(-1,-1), (6,30), (5,30), (4,30), (3,30), (2,30), (1,30), (-1,-1), (-1,-1), (-1,-1), (-1,-1)]
Turtle 2 :[(-2,-2), (8,24), (8,25), (8,26), (9,26), (10,26), (-2,-2), (-2,-2), (-2,-2), (-2,-2), (-2,-2)]
Turtle 3 :[(-3,-3), (10,26), (9,26), (8,26), (7,26), (6,26), (6,27), (-3,-3), (-3,-3), (-3,-3), (-3,-3)]
Turtle 4 :[(-4,-4), (8,42), (7,42), (7,41), (7,41), (6,41), (6,40), (6,39), (-4,-4), (-4,-4), (-4,-4)]
Turtle 5 :[(-5,-5), (37,15), (37,16), (38,16), (38,16), (39,16), (39,16), (40,16), (40,16), (40,16), (41,16)]

Shrinking Run 17
#Info# Executed steps before collision: 3, Found collision: true
Turtle 1 :[(-1,-1), (6,30), (5,30), (4,30), (3,30), (2,30), (1,30), (-1,-1), (-1,-1), (-1,-1), (-1,-1)]
Turtle 2 :[(-2,-2), (8,24), (8,25), (8,26), (9,26), (10,26), (-2,-2), (-2,-2), (-2,-2), (-2,-2), (-2,-2)]
Turtle 3 :[(-3,-3), (10,26), (9,26), (8,26), (8,27), (7,27), (6,27), (-3,-3), (-3,-3), (-3,-3), (-3,-3)]
Turtle 4 :[(-4,-4), (8,42), (7,42), (6,42), (6,42), (5,42), (5,41), (5,40), (-4,-4), (-4,-4), (-4,-4)]
Turtle 5 :[(-5,-5), (37,15), (37,16), (38,16), (38,16), (39,16), (39,16), (40,16), (40,16), (40,16), (41,16)]

Shrinking Run 18
#Info# Executed steps before collision: 3, Found collision: true
Turtle 1 :[(-1,-1), (6,30), (5,30), (4,30), (3,30), (2,30), (1,30), (-1,-1), (-1,-1), (-1,-1), (-1,-1)]
Turtle 2 :[(-2,-2), (8,24), (8,25), (8,26), (9,26), (10,26), (-2,-2), (-2,-2), (-2,-2), (-2,-2), (-2,-2)]
Turtle 3 :[(-3,-3), (10,26), (9,26), (8,26), (7,26), (6,26), (6,27), (-3,-3), (-3,-3), (-3,-3), (-3,-3)]
Turtle 4 :[(-4,-4), (8,42), (7,42), (6,42), (6,42), (5,42), (4,42), (4,41), (-4,-4), (-4,-4), (-4,-4)]
Turtle 5 :[(-5,-5), (37,15), (37,16), (38,16), (38,16), (39,16), (39,16), (40,16), (40,16), (40,16), (41,16)]

Shrinking Run 19
#Info# Executed steps before collision: 3, Found collision: true
Turtle 1 :[(-1,-1), (6,30), (5,30), (4,30), (3,30), (2,30), (1,30), (-1,-1), (-1,-1), (-1,-1), (-1,-1)]
Turtle 2 :[(-2,-2), (8,24), (8,25), (8,26), (9,26), (10,26), (-2,-2), (-2,-2), (-2,-2), (-2,-2), (-2,-2)]
Turtle 3 :[(-3,-3), (10,26), (9,26), (8,26), (7,26), (6,26), (6,27), (-3,-3), (-3,-3), (-3,-3), (-3,-3)]
Turtle 4 :[(-4,-4), (8,42), (7,42), (6,42), (6,42), (5,42), (4,42), (3,42), (-4,-4), (-4,-4), (-4,-4)]
Turtle 5 :[(-5,-5), (37,15), (37,16), (38,16), (38,16), (39,16), (39,16), (40,16), (40,16), (40,16), (41,16)]

Shrinking Run 20
#Info# Executed steps before collision: 3, Found collision: true
Turtle 1 :[(-1,-1), (6,30), (5,30), (4,30), (3,30), (2,30), (1,30), (-1,-1), (-1,-1), (-1,-1), (-1,-1)]
Turtle 2 :[(-2,-2), (8,24), (8,25), (8,26), (9,26), (10,26), (-2,-2), (-2,-2), (-2,-2), (-2,-2), (-2,-2)]
Turtle 3 :[(-3,-3), (10,26), (9,26), (8,26), (7,26), (6,26), (6,27), (-3,-3), (-3,-3), (-3,-3), (-3,-3)]
Turtle 4 :[(-4,-4), (8,42), (7,42), (6,42), (5,42), (4,42), (3,42), (-4,-4), (-4,-4), (-4,-4), (-4,-4)]
Turtle 5 :[(-5,-5), (37,15), (37,16), (38,16), (38,16), (39,16), (39,16), (40,16), (40,16), (40,16), (41,16)]

Shrinking Run 21
#Info# Executed steps before collision: 3, Found collision: true
Turtle 1 :[(-1,-1), (6,30), (5,30), (4,30), (3,30), (2,30), (1,30), (-1,-1), (-1,-1), (-1,-1), (-1,-1)]
Turtle 2 :[(-2,-2), (8,24), (8,25), (8,26), (9,26), (10,26), (-2,-2), (-2,-2), (-2,-2), (-2,-2), (-2,-2)]
Turtle 3 :[(-3,-3), (10,26), (9,26), (8,26), (8,27), (7,27), (6,27), (-3,-3), (-3,-3), (-3,-3), (-3,-3)]
Turtle 4 :[(-4,-4), (8,42), (7,42), (6,42), (5,42), (4,42), (3,42), (-4,-4), (-4,-4), (-4,-4), (-4,-4)]
Turtle 5 :[(-5,-5), (37,15), (37,16), (36,16), (36,16), (35,16), (35,16), (34,16), (34,16), (34,16), (33,16)]

Shrinking Run 22
#Info# Executed steps before collision: 3, Found collision: true
Turtle 1 :[(-1,-1), (6,30), (5,30), (4,30), (3,30), (2,30), (1,30), (-1,-1), (-1,-1), (-1,-1), (-1,-1)]
Turtle 2 :[(-2,-2), (8,24), (8,25), (8,26), (9,26), (10,26), (-2,-2), (-2,-2), (-2,-2), (-2,-2), (-2,-2)]
Turtle 3 :[(-3,-3), (10,26), (9,26), (8,26), (7,26), (6,26), (6,27), (-3,-3), (-3,-3), (-3,-3), (-3,-3)]
Turtle 4 :[(-4,-4), (8,42), (7,42), (6,42), (5,42), (4,42), (3,42), (-4,-4), (-4,-4), (-4,-4), (-4,-4)]
Turtle 5 :[(-5,-5), (37,15), (37,14), (37,13), (37,13), (36,13), (36,13), (35,13), (35,13), (35,13), (34,13)]

Shrinking Run 23
#Info# Executed steps before collision: 3, Found collision: true
Turtle 1 :[(-1,-1), (6,30), (5,30), (4,30), (3,30), (2,30), (1,30), (-1,-1), (-1,-1), (-1,-1), (-1,-1)]
Turtle 2 :[(-2,-2), (8,24), (8,25), (8,26), (9,26), (10,26), (-2,-2), (-2,-2), (-2,-2), (-2,-2), (-2,-2)]
Turtle 3 :[(-3,-3), (10,26), (9,26), (8,26), (7,26), (6,26), (6,27), (-3,-3), (-3,-3), (-3,-3), (-3,-3)]
Turtle 4 :[(-4,-4), (8,42), (7,42), (6,42), (5,42), (4,42), (3,42), (-4,-4), (-4,-4), (-4,-4), (-4,-4)]
Turtle 5 :[(-5,-5), (37,15), (36,15), (36,14), (36,14), (35,14), (35,14), (34,14), (34,14), (34,14), (33,14)]

Shrinking Run 24
#Info# Executed steps before collision: 3, Found collision: true
Turtle 1 :[(-1,-1), (6,30), (5,30), (4,30), (3,30), (2,30), (1,30), (-1,-1), (-1,-1), (-1,-1), (-1,-1)]
Turtle 2 :[(-2,-2), (8,24), (8,25), (8,26), (9,26), (10,26), (-2,-2), (-2,-2), (-2,-2), (-2,-2), (-2,-2)]
Turtle 3 :[(-3,-3), (10,26), (9,26), (8,26), (8,25), (7,25), (7,26), (7,27), (6,27), (-3,-3), (-3,-3)]
Turtle 4 :[(-4,-4), (8,42), (7,42), (6,42), (5,42), (4,42), (3,42), (-4,-4), (-4,-4), (-4,-4), (-4,-4)]
Turtle 5 :[(-5,-5), (37,15), (36,15), (35,15), (35,15), (35,14), (35,14), (34,14), (34,14), (34,14), (33,14)]

Shrinking Run 25
#Info# Executed steps before collision: 3, Found collision: true
Turtle 1 :[(-1,-1), (6,30), (5,30), (4,30), (3,30), (2,30), (1,30), (-1,-1), (-1,-1), (-1,-1), (-1,-1)]
Turtle 2 :[(-2,-2), (8,24), (8,25), (8,26), (9,26), (10,26), (-2,-2), (-2,-2), (-2,-2), (-2,-2), (-2,-2)]
Turtle 3 :[(-3,-3), (10,26), (9,26), (8,26), (7,26), (6,26), (6,27), (-3,-3), (-3,-3), (-3,-3), (-3,-3)]
Turtle 4 :[(-4,-4), (8,42), (7,42), (6,42), (5,42), (4,42), (3,42), (-4,-4), (-4,-4), (-4,-4), (-4,-4)]
Turtle 5 :[(-5,-5), (37,15), (36,15), (35,15), (35,15), (34,15), (34,15), (33,15), (33,15), (33,15), (33,14)]

Shrinking Run 26
#Info# Executed steps before collision: 3, Found collision: true
Turtle 1 :[(-1,-1), (6,30), (5,30), (4,30), (3,30), (2,30), (1,30), (-1,-1), (-1,-1), (-1,-1), (-1,-1)]
Turtle 2 :[(-2,-2), (8,24), (8,25), (8,26), (9,26), (10,26), (-2,-2), (-2,-2), (-2,-2), (-2,-2), (-2,-2)]
Turtle 3 :[(-3,-3), (10,26), (9,26), (8,26), (7,26), (6,26), (6,27), (-3,-3), (-3,-3), (-3,-3), (-3,-3)]
Turtle 4 :[(-4,-4), (8,42), (7,42), (6,42), (5,42), (4,42), (3,42), (-4,-4), (-4,-4), (-4,-4), (-4,-4)]
Turtle 5 :[(-5,-5), (37,15), (36,15), (35,15), (35,15), (34,15), (34,15), (33,15), (33,15), (33,15), (32,15)]

Shrinking Run 27
#Info# Executed steps before collision: 3, Found collision: true
Turtle 1 :[(-1,-1), (6,30), (5,30), (4,30), (3,30), (2,30), (1,30)]
Turtle 2 :[(-2,-2), (8,24), (8,25), (8,26), (9,26), (10,26), (-2,-2)]
Turtle 3 :[(-3,-3), (10,26), (9,26), (8,26), (7,26), (6,26), (6,27)]
Turtle 4 :[(-4,-4), (8,42), (7,42), (6,42), (5,42), (4,42), (3,42)]
Turtle 5 :[(-5,-5), (37,15), (36,15), (35,15), (34,15), (33,15), (32,15)]

Shrinking Run 28
#Info# Executed steps before collision: 4, Found collision: true
Turtle 1 :[(-1,-1), (6,30), (5,30), (4,30), (3,30), (2,30), (1,30), (-1,-1), (-1,-1)]
Turtle 2 :[(-2,-2), (8,24), (7,24), (7,25), (7,26), (7,25), (7,26), (6,26), (6,27)]
Turtle 3 :[(-3,-3), (10,26), (9,26), (8,26), (7,26), (6,26), (6,27), (-3,-3), (-3,-3)]
Turtle 4 :[(-4,-4), (8,42), (7,42), (6,42), (5,42), (4,42), (3,42), (-4,-4), (-4,-4)]
Turtle 5 :[(-5,-5), (37,15), (36,15), (35,15), (34,15), (33,15), (32,15), (-5,-5), (-5,-5)]

Shrinking Run 29
#Info# Executed steps before collision: 9, Found collision: false
Turtle 1 :[(-1,-1), (6,30), (5,30), (4,30), (3,30), (2,30), (1,30), (-1,-1), (-1,-1), (-1,-1)]
Turtle 2 :[(-2,-2), (8,24), (7,24), (6,24), (6,25), (6,25), (6,25), (6,26), (6,26), (5,26)]
Turtle 3 :[(-3,-3), (10,26), (9,26), (8,26), (7,26), (6,26), (6,27), (-3,-3), (-3,-3), (-3,-3)]
Turtle 4 :[(-4,-4), (8,42), (7,42), (6,42), (5,42), (4,42), (3,42), (-4,-4), (-4,-4), (-4,-4)]
Turtle 5 :[(-5,-5), (37,15), (36,15), (35,15), (34,15), (33,15), (32,15), (-5,-5), (-5,-5), (-5,-5)]

Shrinking Run 30
#Info# Executed steps before collision: 9, Found collision: false
Turtle 1 :[(-1,-1), (6,30), (5,30), (4,30), (3,30), (2,30), (1,30), (-1,-1), (-1,-1), (-1,-1)]
Turtle 2 :[(-2,-2), (8,24), (7,24), (7,25), (6,25), (6,25), (6,25), (6,26), (6,26), (5,26)]
Turtle 3 :[(-3,-3), (10,26), (9,26), (8,26), (8,27), (7,27), (6,27), (-3,-3), (-3,-3), (-3,-3)]
Turtle 4 :[(-4,-4), (8,42), (7,42), (6,42), (5,42), (4,42), (3,42), (-4,-4), (-4,-4), (-4,-4)]
Turtle 5 :[(-5,-5), (37,15), (36,15), (35,15), (34,15), (33,15), (32,15), (-5,-5), (-5,-5), (-5,-5)]

Shrinking Run 31
#Info# Executed steps before collision: 4, Found collision: true
Turtle 1 :[(-1,-1), (6,30), (5,30), (4,30), (3,30), (2,30), (1,30), (-1,-1), (-1,-1)]
Turtle 2 :[(-2,-2), (8,24), (7,24), (7,25), (7,26), (6,26), (5,26), (-2,-2), (-2,-2)]
Turtle 3 :[(-3,-3), (10,26), (9,26), (8,26), (7,26), (7,25), (7,26), (7,27), (6,27)]
Turtle 4 :[(-4,-4), (8,42), (7,42), (6,42), (5,42), (4,42), (3,42), (-4,-4), (-4,-4)]
Turtle 5 :[(-5,-5), (37,15), (36,15), (35,15), (34,15), (33,15), (32,15), (-5,-5), (-5,-5)]

Shrink Run 32
#Info# Executed steps before collision: 3, Found collision: true
Turtle 1 :[(-1,-1), (6,30), (5,30), (4,30), (3,30), (2,30), (1,30), (-1,-1), (-1,-1)]
Turtle 2 :[(-2,-2), (8,24), (8,25), (8,26), (7,26), (6,26), (5,26), (-2,-2), (-2,-2)]
Turtle 3 :[(-3,-3), (10,26), (9,26), (8,26), (7,26), (7,25), (7,26), (7,27), (6,27)]
Turtle 4 :[(-4,-4), (8,42), (7,42), (6,42), (5,42), (4,42), (3,42), (-4,-4), (-4,-4)]
Turtle 5 :[(-5,-5), (37,15), (36,15), (35,15), (34,15), (33,15), (32,15), (-5,-5), (-5,-5)]

