Shrinking Run 1
#Info# Executed steps before collision: 7, Found collision: false
Turtle 1 :[(-1,-1), (11,7), (10,7), (10,7), (9,7), (9,6), (9,5), (8,5)]
Turtle 2 :[(-2,-2), (6,8), (6,7), (6,6), (7,6), (7,5), (7,4), (-2,-2)]
Turtle 3 :[(-3,-3), (9,7), (8,7), (7,7), (6,7), (5,7), (5,6), (-3,-3)]
Turtle 4 :[(-4,-4), (10,15), (11,15), (11,14), (12,14), (12,13), (13,13), (-4,-4)]
Turtle 5 :[(-5,-5), (13,12), (12,12), (11,12), (11,11), (11,10), (11,9), (-5,-5)]

Shrinking Run 2
#Info# Executed steps before collision: 4, Found collision: true
Turtle 1 :[(-1,-1), (11,7), (10,7), (9,7), (9,6), (9,5), (9,4)]
Turtle 2 :[(-2,-2), (6,8), (6,7), (6,6), (7,6), (7,5), (7,4)]
Turtle 3 :[(-3,-3), (9,7), (8,7), (7,7), (7,6), (6,6), (5,6)]
Turtle 4 :[(-4,-4), (10,15), (11,15), (11,14), (12,14), (12,13), (13,13)]
Turtle 5 :[(-5,-5), (13,12), (12,12), (11,12), (11,11), (11,10), (11,9)]

Shrinking Run 3
#Info# Executed steps before collision: 9, Found collision: false
Turtle 1 :[(-1,-1), (11,7), (10,7), (10,8), (9,8), (9,7), (9,6), (9,5), (8,5), (-1,-1)]
Turtle 2 :[(-2,-2), (6,8), (6,7), (6,6), (7,6), (7,5), (7,4), (-2,-2), (-2,-2), (-2,-2)]
Turtle 3 :[(-3,-3), (9,7), (8,7), (7,7), (7,7), (8,7), (8,6), (7,6), (6,6), (5,6)]
Turtle 4 :[(-4,-4), (10,15), (11,15), (11,14), (12,14), (12,13), (13,13), (-4,-4), (-4,-4), (-4,-4)]
Turtle 5 :[(-5,-5), (13,12), (12,12), (11,12), (11,11), (11,10), (11,9), (-5,-5), (-5,-5), (-5,-5)]

Shrinking Run 4
#Info# Executed steps before collision: 8, Found collision: false
Turtle 1 :[(-1,-1), (11,7), (10,7), (10,6), (9,6), (9,5), (8,5), (-1,-1), (-1,-1)]
Turtle 2 :[(-2,-2), (6,8), (6,7), (6,6), (7,6), (7,5), (7,4), (-2,-2), (-2,-2)]
Turtle 3 :[(-3,-3), (9,7), (8,7), (7,7), (7,7), (7,7), (7,6), (6,6), (5,6)]
Turtle 4 :[(-4,-4), (10,15), (11,15), (11,14), (12,14), (12,13), (13,13), (-4,-4), (-4,-4)]
Turtle 5 :[(-5,-5), (13,12), (12,12), (11,12), (11,11), (11,10), (11,9), (-5,-5), (-5,-5)]

Shrinking Run 5
#Info# Executed steps before collision: 8, Found collision: false
Turtle 1 :[(-1,-1), (11,7), (10,7), (9,7), (9,6), (9,5), (9,4), (-1,-1), (-1,-1)]
Turtle 2 :[(-2,-2), (6,8), (6,7), (6,6), (5,6), (4,6), (4,5), (-2,-2), (-2,-2)]
Turtle 3 :[(-3,-3), (9,7), (8,7), (7,7), (7,6), (6,6), (6,7), (6,6), (5,6)]
Turtle 4 :[(-4,-4), (10,15), (11,15), (11,14), (12,14), (12,13), (13,13), (-4,-4), (-4,-4)]
Turtle 5 :[(-5,-5), (13,12), (12,12), (11,12), (11,11), (11,10), (11,9), (-5,-5), (-5,-5)]

Shrinking Run 6
#Info# Executed steps before collision: 6, Found collision: false
Turtle 1 :[(-1,-1), (11,7), (10,7), (9,7), (9,6), (9,5), (9,4)]
Turtle 2 :[(-2,-2), (6,8), (6,7), (6,6), (5,6), (5,5), (5,4)]
Turtle 3 :[(-3,-3), (9,7), (8,7), (7,7), (7,6), (6,6), (5,6)]
Turtle 4 :[(-4,-4), (10,15), (11,15), (11,14), (12,14), (12,13), (13,13)]
Turtle 5 :[(-5,-5), (13,12), (12,12), (11,12), (11,11), (11,10), (11,9)]

Shrinking Run 7
#Info# Executed steps before collision: 6, Found collision: false
Turtle 1 :[(-1,-1), (11,7), (10,7), (9,7), (9,6), (9,5), (9,4)]
Turtle 2 :[(-2,-2), (6,8), (6,7), (6,6), (6,5), (6,4), (-2,-2)]
Turtle 3 :[(-3,-3), (9,7), (8,7), (7,7), (7,6), (6,6), (5,6)]
Turtle 4 :[(-4,-4), (10,15), (11,15), (11,14), (12,14), (12,13), (13,13)]
Turtle 5 :[(-5,-5), (13,12), (12,12), (11,12), (11,11), (11,10), (11,9)]

Shrinking Run 8
#Info# Executed steps before collision: 6, Found collision: false
Turtle 1 :[(-1,-1), (11,7), (10,7), (10,6), (10,5), (10,4), (9,4)]
Turtle 2 :[(-2,-2), (6,8), (6,7), (6,6), (6,5), (6,4), (6,3)]
Turtle 3 :[(-3,-3), (9,7), (8,7), (7,7), (7,6), (6,6), (5,6)]
Turtle 4 :[(-4,-4), (10,15), (11,15), (11,14), (12,14), (12,13), (13,13)]
Turtle 5 :[(-5,-5), (13,12), (12,12), (11,12), (11,11), (11,10), (11,9)]

Shrinking Run 9
#Info# Executed steps before collision: 9, Found collision: false
Turtle 1 :[(-1,-1), (11,7), (11,7), (10,7), (9,7), (9,6), (9,5), (9,4), (-1,-1), (-1,-1)]
Turtle 2 :[(-2,-2), (6,8), (6,7), (7,7), (7,6), (7,5), (7,4), (-2,-2), (-2,-2), (-2,-2)]
Turtle 3 :[(-3,-3), (9,7), (8,7), (8,7), (8,6), (8,7), (7,7), (6,7), (5,7), (5,6)]
Turtle 4 :[(-4,-4), (10,15), (11,15), (11,14), (12,14), (12,13), (13,13), (-4,-4), (-4,-4), (-4,-4)]
Turtle 5 :[(-5,-5), (13,12), (12,12), (11,12), (11,11), (11,10), (11,9), (-5,-5), (-5,-5), (-5,-5)]

Shrinking Run 10
#Info# Executed steps before collision: 7, Found collision: false
Turtle 1 :[(-1,-1), (11,7), (11,7), (10,7), (9,7), (9,6), (9,5), (9,4)]
Turtle 2 :[(-2,-2), (6,8), (6,7), (6,6), (6,5), (7,5), (7,4), (-2,-2)]
Turtle 3 :[(-3,-3), (9,7), (8,7), (7,7), (7,6), (6,6), (5,6), (-3,-3)]
Turtle 4 :[(-4,-4), (10,15), (11,15), (11,14), (12,14), (12,13), (13,13), (-4,-4)]
Turtle 5 :[(-5,-5), (13,12), (12,12), (11,12), (11,11), (11,10), (11,9), (-5,-5)]

Shrinking Run 11
#Info# Executed steps before collision: 6, Found collision: true
Turtle 1 :[(-1,-1), (11,7), (10,7), (9,7), (9,6), (9,5), (9,4), (-1,-1), (-1,-1), (-1,-1), (-1,-1), (-1,-1), (-1,-1)]
Turtle 2 :[(-2,-2), (6,8), (7,8), (7,7), (7,6), (7,5), (7,4), (-2,-2), (-2,-2), (-2,-2), (-2,-2), (-2,-2), (-2,-2)]
Turtle 3 :[(-3,-3), (9,7), (8,7), (8,6), (8,5), (8,4), (7,4), (8,4), (8,5), (7,5), (6,5), (6,6), (5,6)]
Turtle 4 :[(-4,-4), (10,15), (11,15), (11,14), (12,14), (12,13), (13,13), (-4,-4), (-4,-4), (-4,-4), (-4,-4), (-4,-4), (-4,-4)]
Turtle 5 :[(-5,-5), (13,12), (12,12), (11,12), (11,11), (11,10), (11,9), (-5,-5), (-5,-5), (-5,-5), (-5,-5), (-5,-5), (-5,-5)]

Shrinking Run 12
#Info# Executed steps before collision: 6, Found collision: true
Turtle 1 :[(-1,-1), (11,7), (10,7), (11,7), (10,7), (10,6), (10,5), (10,4), (9,4)]
Turtle 2 :[(-2,-2), (6,8), (7,8), (7,7), (7,6), (7,5), (7,4), (-2,-2), (-2,-2)]
Turtle 3 :[(-3,-3), (9,7), (9,6), (8,6), (8,5), (8,4), (7,4), (-3,-3), (-3,-3)]
Turtle 4 :[(-4,-4), (10,15), (11,15), (11,14), (12,14), (12,13), (13,13), (-4,-4), (-4,-4)]
Turtle 5 :[(-5,-5), (13,12), (12,12), (11,12), (11,11), (11,10), (11,9), (-5,-5), (-5,-5)]

Shrinking Run 13
#Info# Executed steps before collision: 8, Found collision: false
Turtle 1 :[(-1,-1), (11,7), (10,7), (9,7), (9,6), (9,5), (9,4), (-1,-1), (-1,-1)]
Turtle 2 :[(-2,-2), (6,8), (7,8), (7,7), (7,6), (7,5), (7,4), (-2,-2), (-2,-2)]
Turtle 3 :[(-3,-3), (9,7), (8,7), (8,8), (8,7), (7,7), (6,7), (6,6), (6,5)]
Turtle 4 :[(-4,-4), (10,15), (11,15), (11,14), (12,14), (12,13), (13,13), (-4,-4), (-4,-4)]
Turtle 5 :[(-5,-5), (13,12), (12,12), (11,12), (11,11), (11,10), (11,9), (-5,-5), (-5,-5)]

Shrinking Run 14
#Info# Executed steps before collision: 10, Found collision: false
Turtle 1 :[(-1,-1), (11,7), (10,7), (9,7), (9,6), (9,5), (9,4), (-1,-1), (-1,-1), (-1,-1), (-1,-1)]
Turtle 2 :[(-2,-2), (6,8), (7,8), (7,7), (7,6), (7,5), (7,4), (-2,-2), (-2,-2), (-2,-2), (-2,-2)]
Turtle 3 :[(-3,-3), (9,7), (9,6), (8,6), (8,5), (8,6), (8,7), (8,6), (7,6), (7,5), (6,5)]
Turtle 4 :[(-4,-4), (10,15), (11,15), (11,14), (12,14), (12,13), (13,13), (-4,-4), (-4,-4), (-4,-4), (-4,-4)]
Turtle 5 :[(-5,-5), (13,12), (12,12), (11,12), (11,11), (11,10), (11,9), (-5,-5), (-5,-5), (-5,-5), (-5,-5)]

Shrinking Run 15
#Info# Executed steps before collision: 6, Found collision: true
Turtle 1 :[(-1,-1), (11,7), (10,7), (10,8), (10,7), (9,7), (9,6), (9,5), (9,4)]
Turtle 2 :[(-2,-2), (6,8), (7,8), (7,7), (7,6), (7,5), (7,4), (-2,-2), (-2,-2)]
Turtle 3 :[(-3,-3), (9,7), (9,6), (8,6), (8,5), (8,4), (7,4), (7,5), (6,5)]
Turtle 4 :[(-4,-4), (10,15), (11,15), (11,14), (12,14), (12,13), (13,13), (-4,-4), (-4,-4)]
Turtle 5 :[(-5,-5), (13,12), (12,12), (11,12), (11,11), (11,10), (11,9), (-5,-5), (-5,-5)]

Shrinking Run 16
#Info# Executed steps before collision: 4, Found collision: true
Turtle 1 :[(-1,-1), (11,7), (10,7), (9,7), (9,6), (9,5), (9,4), (-1,-1), (-1,-1), (-1,-1), (-1,-1)]
Turtle 2 :[(-2,-2), (6,8), (7,8), (7,7), (7,6), (7,5), (7,4), (-2,-2), (-2,-2), (-2,-2), (-2,-2)]
Turtle 3 :[(-3,-3), (9,7), (9,6), (8,6), (9,6), (10,6), (9,6), (9,5), (8,5), (7,5), (6,5)]
Turtle 4 :[(-4,-4), (10,15), (11,15), (11,14), (12,14), (12,13), (13,13), (-4,-4), (-4,-4), (-4,-4), (-4,-4)]
Turtle 5 :[(-5,-5), (13,12), (12,12), (11,12), (11,11), (11,10), (11,9), (-5,-5), (-5,-5), (-5,-5), (-5,-5)]

Shrinking Run 17
#Info# Executed steps before collision: 4, Found collision: true
Turtle 1 :[(-1,-1), (11,7), (10,7), (9,7), (9,6), (9,5), (9,4), (-1,-1), (-1,-1)]
Turtle 2 :[(-2,-2), (6,8), (7,8), (7,7), (7,6), (7,5), (7,4), (-2,-2), (-2,-2)]
Turtle 3 :[(-3,-3), (9,7), (9,6), (8,6), (9,6), (8,6), (7,6), (6,6), (6,5)]
Turtle 4 :[(-4,-4), (10,15), (9,15), (8,15), (7,15), (7,14), (7,13), (-4,-4), (-4,-4)]
Turtle 5 :[(-5,-5), (13,12), (12,12), (11,12), (11,11), (11,10), (11,9), (-5,-5), (-5,-5)]

Shrinking Run 18
#Info# Executed steps before collision: 12, Found collision: false
Turtle 1 :[(-1,-1), (11,7), (10,7), (10,8), (10,7), (10,6), (9,6), (9,5), (9,4), (-1,-1), (-1,-1), (-1,-1), (-1,-1)]
Turtle 2 :[(-2,-2), (6,8), (7,8), (7,7), (7,6), (7,5), (7,4), (-2,-2), (-2,-2), (-2,-2), (-2,-2), (-2,-2), (-2,-2)]
Turtle 3 :[(-3,-3), (9,7), (9,6), (8,6), (8,5), (9,5), (8,5), (8,6), (8,7), (7,7), (6,7), (6,6), (6,5)]
Turtle 4 :[(-4,-4), (10,15), (9,15), (9,14), (8,14), (8,13), (8,12), (-4,-4), (-4,-4), (-4,-4), (-4,-4), (-4,-4), (-4,-4)]
Turtle 5 :[(-5,-5), (13,12), (12,12), (11,12), (11,11), (11,10), (11,9), (-5,-5), (-5,-5), (-5,-5), (-5,-5), (-5,-5), (-5,-5)]

Shrinking Run 19
#Info# Executed steps before collision: 4, Found collision: true
Turtle 1 :[(-1,-1), (11,7), (10,7), (9,7), (9,6), (9,5), (9,4), (-1,-1), (-1,-1)]
Turtle 2 :[(-2,-2), (6,8), (7,8), (7,7), (7,6), (7,5), (7,4), (-2,-2), (-2,-2)]
Turtle 3 :[(-3,-3), (9,7), (9,6), (8,6), (9,6), (8,6), (7,6), (7,5), (6,5)]
Turtle 4 :[(-4,-4), (10,15), (9,15), (9,14), (8,14), (8,13), (7,13), (-4,-4), (-4,-4)]
Turtle 5 :[(-5,-5), (13,12), (12,12), (11,12), (11,11), (11,10), (11,9), (-5,-5), (-5,-5)]

Shrinking Run 20
#Info# Executed steps before collision: 8, Found collision: false
Turtle 1 :[(-1,-1), (11,7), (10,7), (9,7), (9,6), (9,5), (9,4), (-1,-1), (-1,-1)]
Turtle 2 :[(-2,-2), (6,8), (7,8), (7,7), (7,6), (7,5), (7,4), (-2,-2), (-2,-2)]
Turtle 3 :[(-3,-3), (9,7), (9,6), (8,6), (8,7), (8,6), (7,6), (6,6), (6,5)]
Turtle 4 :[(-4,-4), (10,15), (9,15), (8,15), (7,15), (6,15), (6,14), (-4,-4), (-4,-4)]
Turtle 5 :[(-5,-5), (13,12), (12,12), (11,12), (11,11), (11,10), (11,9), (-5,-5), (-5,-5)]

Shrinking Run 21
#Info# Executed steps before collision: 8, Found collision: false
Turtle 1 :[(-1,-1), (11,7), (10,7), (11,7), (10,7), (10,6), (9,6), (9,5), (9,4)]
Turtle 2 :[(-2,-2), (6,8), (7,8), (7,7), (7,6), (7,5), (7,4), (-2,-2), (-2,-2)]
Turtle 3 :[(-3,-3), (9,7), (9,6), (8,6), (8,5), (8,6), (7,6), (6,6), (6,5)]
Turtle 4 :[(-4,-4), (10,15), (9,15), (8,15), (7,15), (7,14), (6,14), (-4,-4), (-4,-4)]
Turtle 5 :[(-5,-5), (13,12), (12,12), (11,12), (11,11), (11,10), (11,9), (-5,-5), (-5,-5)]

Shrinking Run 22
#Info# Executed steps before collision: 5, Found collision: true
Turtle 1 :[(-1,-1), (11,7), (10,7), (9,7), (9,6), (9,5), (9,4), (-1,-1), (-1,-1)]
Turtle 2 :[(-2,-2), (6,8), (7,8), (7,7), (7,6), (7,5), (7,4), (-2,-2), (-2,-2)]
Turtle 3 :[(-3,-3), (9,7), (9,6), (8,6), (8,5), (9,5), (8,5), (7,5), (6,5)]
Turtle 4 :[(-4,-4), (10,15), (9,15), (8,15), (8,14), (7,14), (7,13), (-4,-4), (-4,-4)]
Turtle 5 :[(-5,-5), (13,12), (12,12), (11,12), (11,11), (11,10), (11,9), (-5,-5), (-5,-5)]

Shrinking Run 23
#Info# Executed steps before collision: 9, Found collision: false
Turtle 1 :[(-1,-1), (11,7), (11,7), (10,7), (9,7), (9,7), (9,6), (9,5), (9,4), (-1,-1)]
Turtle 2 :[(-2,-2), (6,8), (7,8), (7,7), (7,6), (7,5), (7,4), (-2,-2), (-2,-2), (-2,-2)]
Turtle 3 :[(-3,-3), (9,7), (9,6), (8,6), (9,6), (8,6), (8,6), (7,6), (7,5), (6,5)]
Turtle 4 :[(-4,-4), (10,15), (9,15), (8,15), (8,14), (7,14), (7,13), (-4,-4), (-4,-4), (-4,-4)]
Turtle 5 :[(-5,-5), (13,12), (12,12), (11,12), (11,11), (11,10), (10,10), (-5,-5), (-5,-5), (-5,-5)]

Shrinking Run 24
#Info# Executed steps before collision: 10, Found collision: false
Turtle 1 :[(-1,-1), (11,7), (10,7), (10,7), (9,7), (9,6), (9,5), (9,4), (-1,-1), (-1,-1), (-1,-1)]
Turtle 2 :[(-2,-2), (6,8), (7,8), (7,7), (7,6), (7,5), (7,4), (-2,-2), (-2,-2), (-2,-2), (-2,-2)]
Turtle 3 :[(-3,-3), (9,7), (9,6), (8,6), (8,7), (7,7), (8,7), (8,6), (7,6), (7,5), (6,5)]
Turtle 4 :[(-4,-4), (10,15), (9,15), (8,15), (8,14), (7,14), (7,13), (-4,-4), (-4,-4), (-4,-4), (-4,-4)]
Turtle 5 :[(-5,-5), (13,12), (12,12), (11,12), (10,12), (10,11), (10,10), (-5,-5), (-5,-5), (-5,-5), (-5,-5)]

Shrinking Run 25
#Info# Executed steps before collision: 8, Found collision: false
Turtle 1 :[(-1,-1), (11,7), (10,7), (9,7), (9,6), (9,5), (9,4), (-1,-1), (-1,-1)]
Turtle 2 :[(-2,-2), (6,8), (7,8), (7,7), (7,6), (7,5), (7,4), (-2,-2), (-2,-2)]
Turtle 3 :[(-3,-3), (9,7), (9,6), (8,6), (8,7), (8,6), (7,6), (7,5), (6,5)]
Turtle 4 :[(-4,-4), (10,15), (9,15), (8,15), (8,14), (7,14), (7,13), (-4,-4), (-4,-4)]
Turtle 5 :[(-5,-5), (13,12), (12,12), (11,12), (11,11), (10,11), (10,10), (-5,-5), (-5,-5)]

Shrinking Run 26
#Info# Executed steps before collision: 9, Found collision: false
Turtle 1 :[(-1,-1), (11,7), (10,7), (9,7), (9,6), (9,5), (8,5), (-1,-1), (-1,-1), (-1,-1)]
Turtle 2 :[(-2,-2), (6,8), (7,8), (7,7), (7,6), (7,5), (7,4), (-2,-2), (-2,-2), (-2,-2)]
Turtle 3 :[(-3,-3), (9,7), (9,6), (8,6), (8,6), (8,7), (8,6), (7,6), (6,6), (6,5)]
Turtle 4 :[(-4,-4), (10,15), (9,15), (8,15), (8,14), (7,14), (7,13), (-4,-4), (-4,-4), (-4,-4)]
Turtle 5 :[(-5,-5), (13,12), (12,12), (11,12), (11,11), (11,10), (11,9), (-5,-5), (-5,-5), (-5,-5)]

Shrinking Run 27
#Info# Executed steps before collision: 10, Found collision: false
Turtle 1 :[(-1,-1), (11,7), (11,8), (11,7), (11,6), (10,6), (9,6), (8,6), (9,6), (9,5), (8,5)]
Turtle 2 :[(-2,-2), (6,8), (7,8), (7,7), (7,6), (7,5), (7,4), (-2,-2), (-2,-2), (-2,-2), (-2,-2)]
Turtle 3 :[(-3,-3), (9,7), (9,6), (8,6), (8,7), (8,6), (8,5), (8,5), (7,5), (6,5), (-3,-3)]
Turtle 4 :[(-4,-4), (10,15), (9,15), (8,15), (8,14), (7,14), (7,13), (-4,-4), (-4,-4), (-4,-4), (-4,-4)]
Turtle 5 :[(-5,-5), (13,12), (12,12), (11,12), (11,11), (11,10), (11,9), (-5,-5), (-5,-5), (-5,-5), (-5,-5)]

Shrinking Run 28
#Info# Executed steps before collision: 6, Found collision: true
Turtle 1 :[(-1,-1), (11,7), (10,7), (9,7), (8,7), (8,6), (8,5), (-1,-1), (-1,-1), (-1,-1)]
Turtle 2 :[(-2,-2), (6,8), (7,8), (7,7), (7,6), (7,5), (7,4), (-2,-2), (-2,-2), (-2,-2)]
Turtle 3 :[(-3,-3), (9,7), (9,6), (8,6), (9,6), (9,5), (8,5), (8,5), (7,5), (6,5)]
Turtle 4 :[(-4,-4), (10,15), (9,15), (8,15), (8,14), (7,14), (7,13), (-4,-4), (-4,-4), (-4,-4)]
Turtle 5 :[(-5,-5), (13,12), (12,12), (11,12), (11,11), (11,10), (11,9), (-5,-5), (-5,-5), (-5,-5)]

Shrinking Run 29
#Info# Executed steps before collision: 8, Found collision: false
Turtle 1 :[(-1,-1), (11,7), (11,8), (11,7), (10,7), (9,7), (9,6), (8,6), (7,6)]
Turtle 2 :[(-2,-2), (6,8), (7,8), (7,7), (7,6), (7,5), (7,4), (-2,-2), (-2,-2)]
Turtle 3 :[(-3,-3), (9,7), (9,6), (8,6), (9,6), (8,6), (8,5), (7,5), (6,5)]
Turtle 4 :[(-4,-4), (10,15), (9,15), (8,15), (8,14), (7,14), (7,13), (-4,-4), (-4,-4)]
Turtle 5 :[(-5,-5), (13,12), (12,12), (11,12), (11,11), (11,10), (11,9), (-5,-5), (-5,-5)]

Shrinking Run 30
#Info# Executed steps before collision: 6, Found collision: false
Turtle 1 :[(-1,-1), (11,7), (10,7), (9,7), (8,7), (8,6), (8,5)]
Turtle 2 :[(-2,-2), (6,8), (6,7), (6,6), (5,6), (4,6), (4,5)]
Turtle 3 :[(-3,-3), (9,7), (9,6), (8,6), (7,6), (7,5), (6,5)]
Turtle 4 :[(-4,-4), (10,15), (9,15), (8,15), (8,14), (7,14), (7,13)]
Turtle 5 :[(-5,-5), (13,12), (12,12), (11,12), (11,11), (11,10), (11,9)]

Shrinking Run 31
#Info# Executed steps before collision: 6, Found collision: false
Turtle 1 :[(-1,-1), (11,7), (10,7), (9,7), (8,7), (8,6), (8,5)]
Turtle 2 :[(-2,-2), (6,8), (6,7), (6,6), (5,6), (5,5), (5,4)]
Turtle 3 :[(-3,-3), (9,7), (9,6), (8,6), (7,6), (7,5), (6,5)]
Turtle 4 :[(-4,-4), (10,15), (9,15), (8,15), (8,14), (7,14), (7,13)]
Turtle 5 :[(-5,-5), (13,12), (12,12), (11,12), (11,11), (11,10), (11,9)]

Shrinking Run 32
#Info# Executed steps before collision: 8, Found collision: false
Turtle 1 :[(-1,-1), (11,7), (10,7), (9,7), (9,6), (9,5), (8,5), (-1,-1), (-1,-1)]
Turtle 2 :[(-2,-2), (6,8), (6,7), (6,6), (6,5), (6,4), (-2,-2), (-2,-2), (-2,-2)]
Turtle 3 :[(-3,-3), (9,7), (9,6), (8,6), (7,6), (7,5), (7,4), (6,4), (6,5)]
Turtle 4 :[(-4,-4), (10,15), (9,15), (8,15), (8,14), (7,14), (7,13), (-4,-4), (-4,-4)]
Turtle 5 :[(-5,-5), (13,12), (12,12), (11,12), (11,11), (11,10), (11,9), (-5,-5), (-5,-5)]

Shrinking Run 33
#Info# Executed steps before collision: 6, Found collision: false
Turtle 1 :[(-1,-1), (11,7), (10,7), (9,7), (8,7), (8,6), (8,5)]
Turtle 2 :[(-2,-2), (6,8), (6,7), (6,6), (6,5), (6,4), (6,3)]
Turtle 3 :[(-3,-3), (9,7), (9,6), (8,6), (7,6), (7,5), (6,5)]
Turtle 4 :[(-4,-4), (10,15), (9,15), (8,15), (8,14), (7,14), (7,13)]
Turtle 5 :[(-5,-5), (13,12), (12,12), (11,12), (11,11), (11,10), (11,9)]

Shrinking Run 34
#Info# Executed steps before collision: 8, Found collision: false
Turtle 1 :[(-1,-1), (11,7), (10,7), (10,8), (10,7), (10,6), (9,6), (9,5), (8,5)]
Turtle 2 :[(-2,-2), (6,8), (6,7), (7,7), (7,6), (7,5), (7,4), (-2,-2), (-2,-2)]
Turtle 3 :[(-3,-3), (9,7), (9,6), (8,6), (9,6), (8,6), (7,6), (7,5), (6,5)]
Turtle 4 :[(-4,-4), (10,15), (9,15), (8,15), (8,14), (7,14), (7,13), (-4,-4), (-4,-4)]
Turtle 5 :[(-5,-5), (13,12), (12,12), (11,12), (11,11), (11,10), (11,9), (-5,-5), (-5,-5)]

Shrinking Run 35
#Info# Executed steps before collision: 10, Found collision: false
Turtle 1 :[(-1,-1), (11,7), (10,7), (9,7), (8,7), (8,6), (8,5), (-1,-1), (-1,-1), (-1,-1), (-1,-1)]
Turtle 2 :[(-2,-2), (6,8), (6,7), (6,6), (6,5), (7,5), (7,4), (-2,-2), (-2,-2), (-2,-2), (-2,-2)]
Turtle 3 :[(-3,-3), (9,7), (9,6), (8,6), (7,6), (7,7), (8,7), (8,6), (8,5), (7,5), (6,5)]
Turtle 4 :[(-4,-4), (10,15), (9,15), (8,15), (8,14), (7,14), (7,13), (-4,-4), (-4,-4), (-4,-4), (-4,-4)]
Turtle 5 :[(-5,-5), (13,12), (12,12), (11,12), (11,11), (11,10), (11,9), (-5,-5), (-5,-5), (-5,-5), (-5,-5)]

Shrinking Run 36
#Info# Executed steps before collision: 9, Found collision: false
Turtle 1 :[(-1,-1), (11,7), (10,7), (9,7), (9,6), (9,5), (8,5), (-1,-1), (-1,-1), (-1,-1)]
Turtle 2 :[(-2,-2), (6,8), (7,8), (7,7), (7,6), (7,5), (7,4), (-2,-2), (-2,-2), (-2,-2)]
Turtle 3 :[(-3,-3), (9,7), (8,7), (8,7), (9,7), (8,7), (7,7), (6,7), (6,6), (6,5)]
Turtle 4 :[(-4,-4), (10,15), (9,15), (8,15), (8,14), (7,14), (7,13), (-4,-4), (-4,-4), (-4,-4)]
Turtle 5 :[(-5,-5), (13,12), (12,12), (11,12), (11,11), (11,10), (11,9), (-5,-5), (-5,-5), (-5,-5)]

Shrinking Run 37
#Info# Executed steps before collision: 5, Found collision: true
Turtle 1 :[(-1,-1), (11,7), (10,7), (9,7), (8,7), (8,6), (8,5), (-1,-1), (-1,-1)]
Turtle 2 :[(-2,-2), (6,8), (7,8), (7,7), (7,6), (7,5), (7,4), (-2,-2), (-2,-2)]
Turtle 3 :[(-3,-3), (9,7), (9,6), (8,6), (9,6), (8,6), (8,5), (7,5), (6,5)]
Turtle 4 :[(-4,-4), (10,15), (9,15), (8,15), (8,14), (7,14), (7,13), (-4,-4), (-4,-4)]
Turtle 5 :[(-5,-5), (13,12), (12,12), (11,12), (11,11), (11,10), (11,9), (-5,-5), (-5,-5)]

Shrinking Run 38
#Info# Executed steps before collision: 8, Found collision: false
Turtle 1 :[(-1,-1), (11,7), (10,7), (10,7), (9,7), (8,7), (8,7), (8,6), (8,5)]
Turtle 2 :[(-2,-2), (6,8), (7,8), (7,7), (7,6), (7,5), (7,4), (-2,-2), (-2,-2)]
Turtle 3 :[(-3,-3), (9,7), (9,6), (8,6), (9,6), (8,6), (7,6), (6,6), (5,6)]
Turtle 4 :[(-4,-4), (10,15), (9,15), (8,15), (8,14), (7,14), (7,13), (-4,-4), (-4,-4)]
Turtle 5 :[(-5,-5), (13,12), (12,12), (11,12), (11,11), (11,10), (11,9), (-5,-5), (-5,-5)]

Shrinking Run 39
#Info# Executed steps before collision: 4, Found collision: true
Turtle 1 :[(-1,-1), (11,7), (10,7), (9,7), (8,7), (8,6), (8,5), (-1,-1), (-1,-1), (-1,-1), (-1,-1), (-1,-1), (-1,-1)]
Turtle 2 :[(-2,-2), (6,8), (7,8), (7,7), (7,6), (7,5), (7,4), (-2,-2), (-2,-2), (-2,-2), (-2,-2), (-2,-2), (-2,-2)]
Turtle 3 :[(-3,-3), (9,7), (9,6), (8,6), (8,7), (9,7), (9,8), (8,8), (8,7), (7,7), (6,7), (6,6), (6,5)]
Turtle 4 :[(-4,-4), (10,15), (9,15), (9,14), (8,14), (8,13), (8,12), (-4,-4), (-4,-4), (-4,-4), (-4,-4), (-4,-4), (-4,-4)]
Turtle 5 :[(-5,-5), (13,12), (12,12), (11,12), (11,11), (11,10), (11,9), (-5,-5), (-5,-5), (-5,-5), (-5,-5), (-5,-5), (-5,-5)]

Shrinking Run 40
#Info# Executed steps before collision: 4, Found collision: true
Turtle 1 :[(-1,-1), (11,7), (10,7), (9,7), (8,7), (8,6), (8,5), (-1,-1), (-1,-1)]
Turtle 2 :[(-2,-2), (6,8), (7,8), (7,7), (7,6), (7,5), (7,4), (-2,-2), (-2,-2)]
Turtle 3 :[(-3,-3), (9,7), (9,6), (8,6), (8,7), (7,7), (7,6), (6,6), (6,5)]
Turtle 4 :[(-4,-4), (10,15), (9,15), (8,15), (7,15), (7,14), (7,13), (-4,-4), (-4,-4)]
Turtle 5 :[(-5,-5), (13,12), (12,12), (11,12), (11,11), (11,10), (11,9), (-5,-5), (-5,-5)]

Shrinking Run 41
#Info# Executed steps before collision: 6, Found collision: true
Turtle 1 :[(-1,-1), (11,7), (10,7), (10,7), (9,7), (8,7), (8,6), (8,5), (-1,-1), (-1,-1)]
Turtle 2 :[(-2,-2), (6,8), (7,8), (7,7), (7,6), (7,5), (7,4), (-2,-2), (-2,-2), (-2,-2)]
Turtle 3 :[(-3,-3), (9,7), (9,6), (8,6), (8,6), (9,6), (8,6), (7,6), (7,5), (6,5)]
Turtle 4 :[(-4,-4), (10,15), (9,15), (8,15), (7,15), (6,15), (6,14), (-4,-4), (-4,-4), (-4,-4)]
Turtle 5 :[(-5,-5), (13,12), (12,12), (11,12), (11,11), (11,10), (11,9), (-5,-5), (-5,-5), (-5,-5)]

Shrinking Run 42
#Info# Executed steps before collision: 4, Found collision: true
Turtle 1 :[(-1,-1), (11,7), (10,7), (9,7), (8,7), (8,6), (8,5), (-1,-1), (-1,-1)]
Turtle 2 :[(-2,-2), (6,8), (7,8), (7,7), (7,6), (7,5), (7,4), (-2,-2), (-2,-2)]
Turtle 3 :[(-3,-3), (9,7), (9,6), (8,6), (8,7), (7,7), (7,6), (6,6), (6,5)]
Turtle 4 :[(-4,-4), (10,15), (9,15), (8,15), (7,15), (6,15), (5,15), (-4,-4), (-4,-4)]
Turtle 5 :[(-5,-5), (13,12), (12,12), (11,12), (11,11), (11,10), (11,9), (-5,-5), (-5,-5)]

Shrinking Run 43
#Info# Executed steps before collision: 9, Found collision: false
Turtle 1 :[(-1,-1), (11,7), (10,7), (9,7), (9,6), (9,5), (8,5), (-1,-1), (-1,-1), (-1,-1)]
Turtle 2 :[(-2,-2), (6,8), (7,8), (7,7), (7,6), (7,5), (7,4), (-2,-2), (-2,-2), (-2,-2)]
Turtle 3 :[(-3,-3), (9,7), (9,6), (8,6), (8,6), (8,7), (8,6), (8,5), (7,5), (6,5)]
Turtle 4 :[(-4,-4), (10,15), (9,15), (8,15), (7,15), (6,15), (5,15), (-4,-4), (-4,-4), (-4,-4)]
Turtle 5 :[(-5,-5), (13,12), (12,12), (11,12), (11,11), (11,10), (10,10), (-5,-5), (-5,-5), (-5,-5)]

Shrinking Run 44
#Info# Executed steps before collision: 8, Found collision: false
Turtle 1 :[(-1,-1), (11,7), (12,7), (12,6), (11,6), (10,6), (9,6), (8,6), (8,5)]
Turtle 2 :[(-2,-2), (6,8), (7,8), (7,7), (7,6), (7,5), (7,4), (-2,-2), (-2,-2)]
Turtle 3 :[(-3,-3), (9,7), (9,6), (8,6), (8,7), (7,7), (7,6), (7,5), (6,5)]
Turtle 4 :[(-4,-4), (10,15), (9,15), (8,15), (7,15), (6,15), (5,15), (-4,-4), (-4,-4)]
Turtle 5 :[(-5,-5), (13,12), (12,12), (11,12), (10,12), (10,11), (10,10), (-5,-5), (-5,-5)]

Shrinking Run 45
#Info# Executed steps before collision: 4, Found collision: true
Turtle 1 :[(-1,-1), (11,7), (10,7), (9,7), (8,7), (8,6), (8,5), (-1,-1)]
Turtle 2 :[(-2,-2), (6,8), (7,8), (7,7), (7,6), (7,5), (7,4), (-2,-2)]
Turtle 3 :[(-3,-3), (9,7), (9,6), (8,6), (7,6), (7,6), (7,5), (6,5)]
Turtle 4 :[(-4,-4), (10,15), (9,15), (8,15), (7,15), (6,15), (5,15), (-4,-4)]
Turtle 5 :[(-5,-5), (13,12), (12,12), (11,12), (11,11), (10,11), (10,10), (-5,-5)]

Shrinking Run 46
#Info# Executed steps before collision: 4, Found collision: true
Turtle 1 :[(-1,-1), (11,7), (10,7), (9,7), (8,7), (8,6), (8,5)]
Turtle 2 :[(-2,-2), (6,8), (7,8), (7,7), (7,6), (7,5), (7,4)]
Turtle 3 :[(-3,-3), (9,7), (9,6), (8,6), (7,6), (6,6), (6,5)]
Turtle 4 :[(-4,-4), (10,15), (9,15), (8,15), (7,15), (6,15), (5,15)]
Turtle 5 :[(-5,-5), (13,12), (12,12), (11,12), (11,11), (10,11), (9,11)]

Shrinking Run 47
#Info# Executed steps before collision: 9, Found collision: false
Turtle 1 :[(-1,-1), (11,7), (10,7), (10,7), (9,7), (9,8), (9,7), (9,6), (9,5), (8,5)]
Turtle 2 :[(-2,-2), (6,8), (7,8), (7,7), (7,6), (7,5), (7,4), (-2,-2), (-2,-2), (-2,-2)]
Turtle 3 :[(-3,-3), (9,7), (9,6), (8,6), (9,6), (8,6), (7,6), (7,5), (6,5), (-3,-3)]
Turtle 4 :[(-4,-4), (10,15), (9,15), (8,15), (7,15), (6,15), (5,15), (-4,-4), (-4,-4), (-4,-4)]
Turtle 5 :[(-5,-5), (13,12), (12,12), (11,12), (11,11), (10,11), (9,11), (-5,-5), (-5,-5), (-5,-5)]

Shrinking Run 48
#Info# Executed steps before collision: 4, Found collision: true
Turtle 1 :[(-1,-1), (11,7), (10,7), (9,7), (9,6), (8,6), (8,5), (-1,-1), (-1,-1), (-1,-1)]
Turtle 2 :[(-2,-2), (6,8), (7,8), (7,7), (7,6), (7,5), (7,4), (-2,-2), (-2,-2), (-2,-2)]
Turtle 3 :[(-3,-3), (9,7), (9,6), (8,6), (9,6), (9,6), (8,6), (7,6), (7,5), (6,5)]
Turtle 4 :[(-4,-4), (10,15), (9,15), (8,15), (7,15), (6,15), (5,15), (-4,-4), (-4,-4), (-4,-4)]
Turtle 5 :[(-5,-5), (13,12), (12,12), (11,12), (11,11), (10,11), (9,11), (-5,-5), (-5,-5), (-5,-5)]

Shrinking Run 49
#Info# Executed steps before collision: 9, Found collision: false
Turtle 1 :[(-1,-1), (11,7), (11,7), (10,7), (9,7), (8,7), (7,7), (6,7), (7,7), (7,6)]
Turtle 2 :[(-2,-2), (6,8), (7,8), (7,7), (7,6), (7,5), (7,4), (-2,-2), (-2,-2), (-2,-2)]
Turtle 3 :[(-3,-3), (9,7), (9,6), (8,6), (9,6), (8,6), (7,6), (7,5), (6,5), (-3,-3)]
Turtle 4 :[(-4,-4), (10,15), (9,15), (8,15), (7,15), (6,15), (5,15), (-4,-4), (-4,-4), (-4,-4)]
Turtle 5 :[(-5,-5), (13,12), (12,12), (11,12), (11,11), (10,11), (9,11), (-5,-5), (-5,-5), (-5,-5)]

Shrinking Run 50
#Info# Executed steps before collision: 4, Found collision: true
Turtle 1 :[(-1,-1), (11,7), (11,8), (10,8), (10,7), (9,7), (8,7), (8,6), (7,6)]
Turtle 2 :[(-2,-2), (6,8), (7,8), (7,7), (7,6), (7,5), (7,4), (-2,-2), (-2,-2)]
Turtle 3 :[(-3,-3), (9,7), (9,6), (8,6), (7,6), (6,6), (6,5), (-3,-3), (-3,-3)]
Turtle 4 :[(-4,-4), (10,15), (9,15), (8,15), (7,15), (6,15), (5,15), (-4,-4), (-4,-4)]
Turtle 5 :[(-5,-5), (13,12), (12,12), (11,12), (11,11), (10,11), (9,11), (-5,-5), (-5,-5)]

Shrinking Run 51
#Info# Executed steps before collision: 4, Found collision: true
Turtle 1 :[(-1,-1), (11,7), (12,7), (11,7), (11,6), (10,6), (9,6), (8,6), (7,6)]
Turtle 2 :[(-2,-2), (6,8), (7,8), (7,7), (7,6), (7,5), (7,4), (-2,-2), (-2,-2)]
Turtle 3 :[(-3,-3), (9,7), (9,6), (8,6), (7,6), (7,5), (6,5), (-3,-3), (-3,-3)]
Turtle 4 :[(-4,-4), (10,15), (9,15), (8,15), (7,15), (6,15), (5,15), (-4,-4), (-4,-4)]
Turtle 5 :[(-5,-5), (13,12), (12,12), (11,12), (11,11), (10,11), (9,11), (-5,-5), (-5,-5)]

Shrinking Run 52
#Info# Executed steps before collision: 6, Found collision: false
Turtle 1 :[(-1,-1), (11,7), (10,7), (9,7), (8,7), (8,6), (7,6)]
Turtle 2 :[(-2,-2), (6,8), (6,7), (6,6), (5,6), (4,6), (4,5)]
Turtle 3 :[(-3,-3), (9,7), (9,6), (8,6), (7,6), (6,6), (6,5)]
Turtle 4 :[(-4,-4), (10,15), (9,15), (8,15), (7,15), (6,15), (5,15)]
Turtle 5 :[(-5,-5), (13,12), (12,12), (11,12), (11,11), (10,11), (9,11)]

Shrinking Run 53
#Info# Executed steps before collision: 6, Found collision: false
Turtle 1 :[(-1,-1), (11,7), (10,7), (9,7), (8,7), (8,6), (7,6)]
Turtle 2 :[(-2,-2), (6,8), (6,7), (6,6), (5,6), (5,5), (5,4)]
Turtle 3 :[(-3,-3), (9,7), (9,6), (8,6), (7,6), (6,6), (6,5)]
Turtle 4 :[(-4,-4), (10,15), (9,15), (8,15), (7,15), (6,15), (5,15)]
Turtle 5 :[(-5,-5), (13,12), (12,12), (11,12), (11,11), (10,11), (9,11)]

Shrinking Run 54
#Info# Executed steps before collision: 6, Found collision: false
Turtle 1 :[(-1,-1), (11,7), (10,7), (9,7), (8,7), (8,6), (7,6)]
Turtle 2 :[(-2,-2), (6,8), (6,7), (6,6), (6,5), (6,4), (-2,-2)]
Turtle 3 :[(-3,-3), (9,7), (9,6), (8,6), (7,6), (6,6), (6,5)]
Turtle 4 :[(-4,-4), (10,15), (9,15), (8,15), (7,15), (6,15), (5,15)]
Turtle 5 :[(-5,-5), (13,12), (12,12), (11,12), (11,11), (10,11), (9,11)]

Shrinking Run 55
#Info# Executed steps before collision: 6, Found collision: false
Turtle 1 :[(-1,-1), (11,7), (10,7), (9,7), (8,7), (8,6), (7,6)]
Turtle 2 :[(-2,-2), (6,8), (6,7), (6,6), (6,5), (6,4), (6,3)]
Turtle 3 :[(-3,-3), (9,7), (9,6), (8,6), (7,6), (6,6), (6,5)]
Turtle 4 :[(-4,-4), (10,15), (9,15), (8,15), (7,15), (6,15), (5,15)]
Turtle 5 :[(-5,-5), (13,12), (12,12), (11,12), (11,11), (10,11), (9,11)]

Shrinking Run 56
#Info# Executed steps before collision: 4, Found collision: true
Turtle 1 :[(-1,-1), (11,7), (10,7), (9,7), (8,7), (8,6), (7,6), (-1,-1), (-1,-1), (-1,-1), (-1,-1)]
Turtle 2 :[(-2,-2), (6,8), (6,7), (7,7), (7,6), (7,5), (7,4), (-2,-2), (-2,-2), (-2,-2), (-2,-2)]
Turtle 3 :[(-3,-3), (9,7), (9,6), (8,6), (8,7), (8,8), (7,8), (6,8), (6,7), (6,6), (6,5)]
Turtle 4 :[(-4,-4), (10,15), (9,15), (8,15), (7,15), (6,15), (5,15), (-4,-4), (-4,-4), (-4,-4), (-4,-4)]
Turtle 5 :[(-5,-5), (13,12), (12,12), (11,12), (11,11), (10,11), (9,11), (-5,-5), (-5,-5), (-5,-5), (-5,-5)]

Shrinking Run 57
#Info# Executed steps before collision: 8, Found collision: false
Turtle 1 :[(-1,-1), (11,7), (10,7), (10,8), (10,7), (9,7), (9,6), (8,6), (7,6)]
Turtle 2 :[(-2,-2), (6,8), (7,8), (7,7), (7,6), (7,5), (7,4), (-2,-2), (-2,-2)]
Turtle 3 :[(-3,-3), (9,7), (8,7), (8,6), (8,5), (8,6), (7,6), (6,6), (6,5)]
Turtle 4 :[(-4,-4), (10,15), (9,15), (8,15), (7,15), (6,15), (5,15), (-4,-4), (-4,-4)]
Turtle 5 :[(-5,-5), (13,12), (12,12), (11,12), (11,11), (10,11), (9,11), (-5,-5), (-5,-5)]

Shrinking Run 58
#Info# Executed steps before collision: 5, Found collision: true
Turtle 1 :[(-1,-1), (11,7), (10,7), (9,7), (8,7), (8,6), (7,6), (-1,-1), (-1,-1), (-1,-1), (-1,-1)]
Turtle 2 :[(-2,-2), (6,8), (7,8), (7,7), (7,6), (7,5), (7,4), (-2,-2), (-2,-2), (-2,-2), (-2,-2)]
Turtle 3 :[(-3,-3), (9,7), (9,6), (8,6), (8,5), (7,5), (7,6), (7,7), (7,6), (6,6), (5,6)]
Turtle 4 :[(-4,-4), (10,15), (9,15), (8,15), (7,15), (6,15), (5,15), (-4,-4), (-4,-4), (-4,-4), (-4,-4)]
Turtle 5 :[(-5,-5), (13,12), (12,12), (11,12), (11,11), (10,11), (9,11), (-5,-5), (-5,-5), (-5,-5), (-5,-5)]

Shrinking Run 59
#Info# Executed steps before collision: 10, Found collision: false
Turtle 1 :[(-1,-1), (11,7), (10,7), (10,8), (9,8), (9,7), (8,7), (7,7), (7,6), (-1,-1), (-1,-1)]
Turtle 2 :[(-2,-2), (6,8), (7,8), (7,7), (7,6), (7,5), (7,4), (-2,-2), (-2,-2), (-2,-2), (-2,-2)]
Turtle 3 :[(-3,-3), (9,7), (9,6), (8,6), (8,5), (9,5), (8,5), (7,5), (6,5), (6,6), (5,6)]
Turtle 4 :[(-4,-4), (10,15), (9,15), (8,15), (7,15), (6,15), (5,15), (-4,-4), (-4,-4), (-4,-4), (-4,-4)]
Turtle 5 :[(-5,-5), (13,12), (12,12), (11,12), (11,11), (11,10), (10,10), (-5,-5), (-5,-5), (-5,-5), (-5,-5)]

Shrinking Run 60
#Info# Executed steps before collision: 6, Found collision: true
Turtle 1 :[(-1,-1), (11,7), (10,7), (9,7), (8,7), (7,7), (7,6), (-1,-1), (-1,-1), (-1,-1), (-1,-1)]
Turtle 2 :[(-2,-2), (6,8), (7,8), (7,7), (7,6), (7,5), (7,4), (-2,-2), (-2,-2), (-2,-2), (-2,-2)]
Turtle 3 :[(-3,-3), (9,7), (9,6), (8,6), (9,6), (8,6), (7,6), (8,6), (7,6), (6,6), (5,6)]
Turtle 4 :[(-4,-4), (10,15), (9,15), (8,15), (7,15), (6,15), (5,15), (-4,-4), (-4,-4), (-4,-4), (-4,-4)]
Turtle 5 :[(-5,-5), (13,12), (12,12), (11,12), (10,12), (10,11), (10,10), (-5,-5), (-5,-5), (-5,-5), (-5,-5)]

Shrinking Run 61
#Info# Executed steps before collision: 4, Found collision: true
Turtle 1 :[(-1,-1), (11,7), (10,7), (9,7), (8,7), (8,6), (7,6)]
Turtle 2 :[(-2,-2), (6,8), (7,8), (7,7), (7,6), (7,5), (7,4)]
Turtle 3 :[(-3,-3), (9,7), (9,6), (8,6), (7,6), (6,6), (5,6)]
Turtle 4 :[(-4,-4), (10,15), (9,15), (8,15), (7,15), (6,15), (5,15)]
Turtle 5 :[(-5,-5), (13,12), (12,12), (11,12), (10,12), (9,12), (9,11)]

Shrinking Run 62
#Info# Executed steps before collision: 4, Found collision: true
Turtle 1 :[(-1,-1), (11,7), (10,7), (9,7), (8,7), (8,6), (7,6)]
Turtle 2 :[(-2,-2), (6,8), (7,8), (7,7), (7,6), (7,5), (7,4)]
Turtle 3 :[(-3,-3), (9,7), (9,6), (8,6), (7,6), (6,6), (5,6)]
Turtle 4 :[(-4,-4), (10,15), (9,15), (8,15), (7,15), (6,15), (5,15)]
Turtle 5 :[(-5,-5), (13,12), (12,12), (11,12), (10,12), (9,12), (8,12)]

Shrinking Run 63
#Info# Executed steps before collision: 9, Found collision: false
Turtle 1 :[(-1,-1), (11,7), (11,6), (10,6), (9,6), (9,7), (9,6), (8,6), (8,5), (-1,-1)]
Turtle 2 :[(-2,-2), (6,8), (7,8), (7,7), (7,6), (7,5), (7,4), (-2,-2), (-2,-2), (-2,-2)]
Turtle 3 :[(-3,-3), (9,7), (9,6), (8,6), (8,6), (8,7), (7,7), (7,6), (6,6), (5,6)]
Turtle 4 :[(-4,-4), (10,15), (9,15), (8,15), (7,15), (6,15), (5,15), (-4,-4), (-4,-4), (-4,-4)]
Turtle 5 :[(-5,-5), (13,12), (12,12), (11,12), (10,12), (9,12), (8,12), (-5,-5), (-5,-5), (-5,-5)]

Shrinking Run 64
#Info# Executed steps before collision: 10, Found collision: false
Turtle 1 :[(-1,-1), (11,7), (11,8), (10,8), (9,8), (8,8), (8,7), (8,6), (7,6), (-1,-1), (-1,-1)]
Turtle 2 :[(-2,-2), (6,8), (7,8), (7,7), (7,6), (7,5), (7,4), (-2,-2), (-2,-2), (-2,-2), (-2,-2)]
Turtle 3 :[(-3,-3), (9,7), (9,6), (8,6), (8,5), (8,6), (8,5), (7,5), (6,5), (6,6), (5,6)]
Turtle 4 :[(-4,-4), (10,15), (9,15), (8,15), (7,15), (6,15), (5,15), (-4,-4), (-4,-4), (-4,-4), (-4,-4)]
Turtle 5 :[(-5,-5), (13,12), (12,12), (11,12), (10,12), (9,12), (8,12), (-5,-5), (-5,-5), (-5,-5), (-5,-5)]

Shrinking Run 65
#Info# Executed steps before collision: 8, Found collision: false
Turtle 1 :[(-1,-1), (11,7), (10,7), (9,7), (8,7), (8,6), (7,6), (-1,-1), (-1,-1)]
Turtle 2 :[(-2,-2), (6,8), (6,7), (6,6), (5,6), (4,6), (4,5), (-2,-2), (-2,-2)]
Turtle 3 :[(-3,-3), (9,7), (9,6), (8,6), (7,6), (6,6), (6,5), (6,6), (5,6)]
Turtle 4 :[(-4,-4), (10,15), (9,15), (8,15), (7,15), (6,15), (5,15), (-4,-4), (-4,-4)]
Turtle 5 :[(-5,-5), (13,12), (12,12), (11,12), (10,12), (9,12), (8,12), (-5,-5), (-5,-5)]

Shrinking Run 66
#Info# Executed steps before collision: 6, Found collision: false
Turtle 1 :[(-1,-1), (11,7), (10,7), (9,7), (8,7), (8,6), (7,6)]
Turtle 2 :[(-2,-2), (6,8), (6,7), (6,6), (5,6), (5,5), (5,4)]
Turtle 3 :[(-3,-3), (9,7), (9,6), (8,6), (7,6), (6,6), (5,6)]
Turtle 4 :[(-4,-4), (10,15), (9,15), (8,15), (7,15), (6,15), (5,15)]
Turtle 5 :[(-5,-5), (13,12), (12,12), (11,12), (10,12), (9,12), (8,12)]

Shrinking Run 67
#Info# Executed steps before collision: 8, Found collision: false
Turtle 1 :[(-1,-1), (11,7), (10,7), (11,7), (10,7), (9,7), (8,7), (7,7), (7,6)]
Turtle 2 :[(-2,-2), (6,8), (6,7), (6,6), (6,5), (6,4), (-2,-2), (-2,-2), (-2,-2)]
Turtle 3 :[(-3,-3), (9,7), (9,6), (8,6), (7,6), (6,6), (5,6), (-3,-3), (-3,-3)]
Turtle 4 :[(-4,-4), (10,15), (9,15), (8,15), (7,15), (6,15), (5,15), (-4,-4), (-4,-4)]
Turtle 5 :[(-5,-5), (13,12), (12,12), (11,12), (10,12), (9,12), (8,12), (-5,-5), (-5,-5)]

Shrinking Run 68
#Info# Executed steps before collision: 8, Found collision: false
Turtle 1 :[(-1,-1), (11,7), (12,7), (12,6), (11,6), (10,6), (9,6), (8,6), (7,6)]
Turtle 2 :[(-2,-2), (6,8), (6,7), (6,6), (6,5), (6,4), (6,3), (-2,-2), (-2,-2)]
Turtle 3 :[(-3,-3), (9,7), (9,6), (8,6), (7,6), (6,6), (5,6), (-3,-3), (-3,-3)]
Turtle 4 :[(-4,-4), (10,15), (9,15), (8,15), (7,15), (6,15), (5,15), (-4,-4), (-4,-4)]
Turtle 5 :[(-5,-5), (13,12), (12,12), (11,12), (10,12), (9,12), (8,12), (-5,-5), (-5,-5)]

Shrink Run 69
#Info# Executed steps before collision: 8, Found collision: false
Turtle 1 :[(-1,-1), (11,7), (11,8), (10,8), (10,7), (9,7), (9,6), (8,6), (7,6)]
Turtle 2 :[(-2,-2), (6,8), (7,8), (7,7), (7,6), (7,5), (7,4), (-2,-2), (-2,-2)]
Turtle 3 :[(-3,-3), (9,7), (8,7), (8,6), (8,5), (8,4), (8,5), (7,5), (6,5)]
Turtle 4 :[(-4,-4), (10,15), (9,15), (8,15), (7,15), (6,15), (5,15), (-4,-4), (-4,-4)]
Turtle 5 :[(-5,-5), (13,12), (12,12), (11,12), (10,12), (9,12), (8,12), (-5,-5), (-5,-5)]

