Detection Run 1
#Info# Executed steps before collision: 7, Found collision: false
Turtle 1 :[(-1,-1), (45,30), (45,29), (45,28), (46,28), (46,27), (47,27), (-1,-1)]
Turtle 2 :[(-2,-2), (30,24), (31,24), (32,24), (33,24), (33,25), (33,26), (-2,-2)]
Turtle 3 :[(-3,-3), (0,39), (1,39), (2,39), (2,38), (-3,-3), (-3,-3), (-3,-3)]
Turtle 4 :[(-4,-4), (35,49), (36,49), (37,49), (38,49), (38,48), (-4,-4), (-4,-4)]
Turtle 5 :[(-5,-5), (-5,-5), (-5,-5), (30,24), (29,24), (29,25), (29,26), (28,26)]

Detection Run 2
#Info# Executed steps before collision: 6, Found collision: false
Turtle 1 :[(-1,-1), (43,6), (42,6), (43,6), (43,5), (-1,-1), (-1,-1)]
Turtle 2 :[(-2,-2), (40,40), (40,39), (39,39), (-2,-2), (-2,-2), (-2,-2)]
Turtle 3 :[(-3,-3), (12,10), (11,10), (11,11), (10,11), (9,11), (8,11)]
Turtle 4 :[(-4,-4), (10,28), (10,27), (11,27), (12,27), (13,27), (-4,-4)]
Turtle 5 :[(-5,-5), (38,41), (38,40), (39,40), (40,40), (40,39), (40,38)]

Detection Run 3
#Info# Executed steps before collision: 6, Found collision: false
Turtle 1 :[(-1,-1), (36,25), (37,25), (38,25), (39,25), (-1,-1), (-1,-1)]
Turtle 2 :[(-2,-2), (19,27), (19,26), (20,26), (21,26), (22,26), (23,26)]
Turtle 3 :[(-3,-3), (42,28), (43,28), (44,28), (45,28), (46,28), (47,28)]
Turtle 4 :[(-4,-4), (16,27), (16,28), (16,29), (15,29), (15,30), (14,30)]
Turtle 5 :[(-5,-5), (9,21), (10,21), (9,21), (10,21), (10,20), (11,20)]

Detection Run 4
#Info# Executed steps before collision: 6, Found collision: false
Turtle 1 :[(-1,-1), (43,29), (42,29), (42,30), (41,30), (40,30), (39,30)]
Turtle 2 :[(-2,-2), (5,15), (4,15), (4,16), (3,16), (2,16), (1,16)]
Turtle 3 :[(-3,-3), (20,17), (20,18), (19,18), (18,18), (17,18), (17,19)]
Turtle 4 :[(-4,-4), (37,22), (36,22), (35,22), (35,21), (35,20), (34,20)]
Turtle 5 :[(-5,-5), (18,18), (19,18), (19,19), (20,19), (21,19), (22,19)]

Detection Run 5
#Info# Executed steps before collision: 6, Found collision: false
Turtle 1 :[(-1,-1), (13,45), (13,46), (14,46), (14,47), (15,47), (16,47)]
Turtle 2 :[(-2,-2), (45,31), (46,31), (46,32), (47,32), (-2,-2), (-2,-2)]
Turtle 3 :[(-3,-3), (4,42), (4,43), (3,43), (2,43), (1,43), (0,43)]
Turtle 4 :[(-4,-4), (43,41), (43,40), (43,39), (43,38), (43,37), (43,36)]
Turtle 5 :[(-5,-5), (34,34), (34,35), (34,36), (35,36), (36,36), (36,37)]

Detection Run 6
#Info# Executed steps before collision: 6, Found collision: false
Turtle 1 :[(-1,-1), (29,8), (29,7), (28,7), (27,7), (27,6), (27,5)]
Turtle 2 :[(-2,-2), (35,8), (35,7), (36,7), (37,7), (38,7), (39,7)]
Turtle 3 :[(-3,-3), (2,36), (2,37), (2,36), (3,36), (-3,-3), (-3,-3)]
Turtle 4 :[(-4,-4), (12,22), (12,21), (11,21), (11,20), (11,19), (10,19)]
Turtle 5 :[(-5,-5), (10,28), (10,29), (11,29), (12,29), (12,30), (12,31)]

Detection Run 7
#Info# Executed steps before collision: 6, Found collision: false
Turtle 1 :[(-1,-1), (45,14), (45,15), (45,16), (44,16), (44,17), (43,17)]
Turtle 2 :[(-2,-2), (4,27), (4,28), (4,29), (5,29), (5,30), (5,31)]
Turtle 3 :[(-3,-3), (44,11), (45,11), (45,10), (46,10), (47,10), (47,9)]
Turtle 4 :[(-4,-4), (39,38), (39,39), (38,39), (37,39), (37,40), (36,40)]
Turtle 5 :[(-5,-5), (49,36), (48,36), (47,36), (46,36), (46,35), (45,35)]

Detection Run 8
#Info# Executed steps before collision: 6, Found collision: false
Turtle 1 :[(-1,-1), (21,43), (21,44), (20,44), (20,45), (19,45), (19,46)]
Turtle 2 :[(-2,-2), (25,5), (26,5), (25,5), (26,5), (26,6), (-2,-2)]
Turtle 3 :[(-3,-3), (9,33), (9,32), (8,32), (8,31), (8,30), (8,29)]
Turtle 4 :[(-4,-4), (46,14), (45,14), (45,13), (44,13), (43,13), (-4,-4)]
Turtle 5 :[(-5,-5), (28,8), (29,8), (29,7), (30,7), (31,7), (31,6)]

Detection Run 9
#Info# Executed steps before collision: 6, Found collision: false
Turtle 1 :[(-1,-1), (47,3), (48,3), (48,4), (48,5), (49,5), (49,6)]
Turtle 2 :[(-2,-2), (28,5), (28,4), (28,3), (-2,-2), (-2,-2), (-2,-2)]
Turtle 3 :[(-3,-3), (9,7), (8,7), (7,7), (7,6), (7,5), (6,5)]
Turtle 4 :[(-4,-4), (34,28), (34,29), (-4,-4), (-4,-4), (-4,-4), (-4,-4)]
Turtle 5 :[(-5,-5), (30,31), (30,32), (30,33), (30,34), (30,35), (30,36)]

Detection Run 10
#Info# Executed steps before collision: 8, Found collision: false
Turtle 1 :[(-1,-1), (35,18), (35,19), (35,19), (35,18), (36,18), (-1,-1), (-1,-1), (-1,-1)]
Turtle 2 :[(-2,-2), (37,24), (38,24), (39,24), (40,24), (40,23), (-2,-2), (-2,-2), (-2,-2)]
Turtle 3 :[(-3,-3), (49,31), (49,31), (49,31), (48,31), (47,31), (47,32), (47,33), (46,33)]
Turtle 4 :[(-4,-4), (3,10), (3,9), (3,8), (3,7), (4,7), (4,6), (-4,-4), (-4,-4)]
Turtle 5 :[(-5,-5), (22,37), (23,37), (24,37), (24,37), (25,37), (-5,-5), (-5,-5), (-5,-5)]

Detection Run 11
#Info# Executed steps before collision: 7, Found collision: false
Turtle 1 :[(-1,-1), (23,40), (22,40), (23,40), (23,39), (23,38), (-1,-1), (-1,-1)]
Turtle 2 :[(-2,-2), (33,43), (33,42), (33,41), (33,40), (32,40), (31,40), (-2,-2)]
Turtle 3 :[(-3,-3), (15,48), (16,48), (17,48), (18,48), (19,48), (20,48), (-3,-3)]
Turtle 4 :[(-4,-4), (28,4), (28,3), (29,3), (30,3), (30,2), (31,2), (-4,-4)]
Turtle 5 :[(-5,-5), (21,31), (22,31), (22,32), (22,32), (22,33), (22,34), (23,34)]

Detection Run 12
#Info# Executed steps before collision: 7, Found collision: false
Turtle 1 :[(-1,-1), (19,23), (19,24), (19,25), (-1,-1), (-1,-1), (-1,-1), (-1,-1)]
Turtle 2 :[(-2,-2), (20,30), (19,30), (19,30), (18,30), (-2,-2), (-2,-2), (-2,-2)]
Turtle 3 :[(-3,-3), (38,41), (37,41), (37,40), (37,39), (37,38), (37,38), (37,37)]
Turtle 4 :[(-4,-4), (23,1), (22,1), (22,0), (21,0), (20,0), (19,0), (-4,-4)]
Turtle 5 :[(-5,-5), (24,18), (25,18), (25,17), (26,17), (27,17), (-5,-5), (-5,-5)]

Detection Run 13
#Info# Executed steps before collision: 7, Found collision: false
Turtle 1 :[(-1,-1), (5,16), (5,17), (5,18), (4,18), (3,18), (3,18), (3,19)]
Turtle 2 :[(-2,-2), (48,38), (48,37), (48,36), (48,35), (48,34), (47,34), (-2,-2)]
Turtle 3 :[(-3,-3), (31,6), (30,6), (30,5), (29,5), (29,4), (-3,-3), (-3,-3)]
Turtle 4 :[(-4,-4), (8,16), (8,16), (8,17), (8,18), (7,18), (7,19), (6,19)]
Turtle 5 :[(-5,-5), (14,25), (14,24), (14,23), (14,22), (14,21), (-5,-5), (-5,-5)]

Detection Run 14
#Info# Executed steps before collision: 7, Found collision: false
Turtle 1 :[(-1,-1), (6,46), (6,45), (6,44), (6,43), (6,42), (7,42), (-1,-1)]
Turtle 2 :[(-2,-2), (38,6), (38,5), (38,4), (39,4), (40,4), (41,4), (-2,-2)]
Turtle 3 :[(-3,-3), (29,29), (29,30), (29,31), (30,31), (31,31), (31,31), (32,31)]
Turtle 4 :[(-4,-4), (33,31), (32,31), (32,32), (31,32), (31,33), (31,34), (-4,-4)]
Turtle 5 :[(-5,-5), (47,13), (47,14), (47,15), (46,15), (-5,-5), (-5,-5), (-5,-5)]

Detection Run 15
#Info# Executed steps before collision: 6, Found collision: false
Turtle 1 :[(-1,-1), (43,19), (44,19), (43,19), (44,19), (44,18), (44,17)]
Turtle 2 :[(-2,-2), (27,24), (26,24), (26,23), (26,22), (26,21), (25,21)]
Turtle 3 :[(-3,-3), (5,25), (5,26), (5,27), (-3,-3), (-3,-3), (-3,-3)]
Turtle 4 :[(-4,-4), (2,21), (2,20), (3,20), (3,19), (3,18), (4,18)]
Turtle 5 :[(-5,-5), (18,7), (19,7), (20,7), (21,7), (22,7), (23,7)]

Detection Run 16
#Info# Executed steps before collision: 9, Found collision: false
Turtle 1 :[(-1,-1), (18,27), (19,27), (19,27), (19,26), (19,25), (19,24), (19,24), (19,24), (19,23)]
Turtle 2 :[(-2,-2), (49,25), (48,25), (48,24), (48,23), (48,22), (48,21), (-2,-2), (-2,-2), (-2,-2)]
Turtle 3 :[(-3,-3), (6,29), (7,29), (8,29), (8,29), (8,29), (8,30), (8,31), (9,31), (-3,-3)]
Turtle 4 :[(-4,-4), (5,20), (5,21), (5,22), (6,22), (7,22), (8,22), (-4,-4), (-4,-4), (-4,-4)]
Turtle 5 :[(-5,-5), (2,29), (2,29), (1,29), (1,28), (1,27), (0,27), (0,26), (-5,-5), (-5,-5)]

Detection Run 17
#Info# Executed steps before collision: 10, Found collision: false
Turtle 1 :[(-1,-1), (12,12), (12,11), (13,11), (14,11), (15,11), (16,11), (-1,-1), (-1,-1), (-1,-1), (-1,-1)]
Turtle 2 :[(-2,-2), (30,3), (30,3), (31,3), (31,3), (32,3), (33,3), (33,4), (33,5), (-2,-2), (-2,-2)]
Turtle 3 :[(-3,-3), (31,38), (32,38), (32,38), (32,39), (33,39), (34,39), (35,39), (-3,-3), (-3,-3), (-3,-3)]
Turtle 4 :[(-4,-4), (4,27), (4,27), (4,27), (4,27), (3,27), (3,28), (3,29), (3,30), (3,30), (2,30)]
Turtle 5 :[(-5,-5), (27,3), (26,3), (25,3), (25,4), (25,5), (24,5), (-5,-5), (-5,-5), (-5,-5), (-5,-5)]

Detection Run 18
#Info# Executed steps before collision: 9, Found collision: false
Turtle 1 :[(-1,-1), (25,16), (25,16), (25,15), (24,15), (23,15), (22,15), (22,16), (22,15), (22,14)]
Turtle 2 :[(-2,-2), (11,34), (11,33), (11,32), (12,32), (12,31), (12,30), (-2,-2), (-2,-2), (-2,-2)]
Turtle 3 :[(-3,-3), (24,16), (24,16), (23,16), (22,16), (22,15), (22,14), (21,14), (-3,-3), (-3,-3)]
Turtle 4 :[(-4,-4), (41,4), (41,5), (40,5), (40,6), (39,6), (-4,-4), (-4,-4), (-4,-4), (-4,-4)]
Turtle 5 :[(-5,-5), (28,41), (28,41), (28,41), (29,41), (30,41), (30,41), (30,40), (31,40), (-5,-5)]

Detection Run 19
#Info# Executed steps before collision: 9, Found collision: false
Turtle 1 :[(-1,-1), (12,24), (12,25), (13,25), (14,25), (14,26), (15,26), (-1,-1), (-1,-1), (-1,-1)]
Turtle 2 :[(-2,-2), (19,49), (19,49), (18,49), (17,49), (16,49), (-2,-2), (-2,-2), (-2,-2), (-2,-2)]
Turtle 3 :[(-3,-3), (20,30), (20,29), (20,28), (20,28), (20,28), (20,27), (20,27), (20,26), (20,25)]
Turtle 4 :[(-4,-4), (49,3), (48,3), (48,2), (48,1), (48,0), (47,0), (-4,-4), (-4,-4), (-4,-4)]
Turtle 5 :[(-5,-5), (43,49), (43,48), (43,48), (43,47), (44,47), (44,46), (44,45), (-5,-5), (-5,-5)]

Detection Run 20
#Info# Executed steps before collision: 8, Found collision: false
Turtle 1 :[(-1,-1), (13,23), (14,23), (15,23), (16,23), (16,22), (17,22), (-1,-1), (-1,-1)]
Turtle 2 :[(-2,-2), (36,2), (36,2), (36,3), (36,4), (36,5), (36,6), (-2,-2), (-2,-2)]
Turtle 3 :[(-3,-3), (43,0), (42,0), (42,0), (42,0), (42,1), (41,1), (41,2), (41,3)]
Turtle 4 :[(-4,-4), (49,14), (49,13), (48,13), (48,12), (47,12), (46,12), (-4,-4), (-4,-4)]
Turtle 5 :[(-5,-5), (37,10), (37,10), (37,11), (36,11), (36,12), (35,12), (35,13), (-5,-5)]

Detection Run 21
#Info# Executed steps before collision: 8, Found collision: false
Turtle 1 :[(-1,-1), (18,48), (18,49), (17,49), (16,49), (16,49), (16,49), (15,49), (-1,-1)]
Turtle 2 :[(-2,-2), (36,1), (36,1), (36,2), (36,2), (35,2), (35,1), (34,1), (-2,-2)]
Turtle 3 :[(-3,-3), (16,16), (16,17), (15,17), (15,17), (15,18), (15,18), (14,18), (14,19)]
Turtle 4 :[(-4,-4), (8,49), (9,49), (10,49), (11,49), (12,49), (12,49), (-4,-4), (-4,-4)]
Turtle 5 :[(-5,-5), (49,11), (49,12), (48,12), (48,13), (-5,-5), (-5,-5), (-5,-5), (-5,-5)]

Detection Run 22
#Info# Executed steps before collision: 8, Found collision: false
Turtle 1 :[(-1,-1), (19,1), (20,1), (20,0), (20,0), (20,0), (21,0), (22,0), (23,0)]
Turtle 2 :[(-2,-2), (22,13), (22,14), (22,14), (22,15), (22,16), (-2,-2), (-2,-2), (-2,-2)]
Turtle 3 :[(-3,-3), (12,41), (11,41), (10,41), (10,41), (9,41), (9,40), (8,40), (-3,-3)]
Turtle 4 :[(-4,-4), (17,40), (18,40), (19,40), (19,41), (19,41), (20,41), (21,41), (-4,-4)]
Turtle 5 :[(-5,-5), (26,36), (25,36), (25,35), (24,35), (24,34), (23,34), (-5,-5), (-5,-5)]

Detection Run 23
#Info# Executed steps before collision: 10, Found collision: false
Turtle 1 :[(-1,-1), (12,0), (12,0), (11,0), (11,0), (10,0), (9,0), (8,0), (7,0), (-1,-1), (-1,-1)]
Turtle 2 :[(-2,-2), (12,46), (12,45), (13,45), (14,45), (-2,-2), (-2,-2), (-2,-2), (-2,-2), (-2,-2), (-2,-2)]
Turtle 3 :[(-3,-3), (24,9), (24,10), (24,11), (24,12), (24,13), (23,13), (-3,-3), (-3,-3), (-3,-3), (-3,-3)]
Turtle 4 :[(-4,-4), (38,23), (38,22), (38,22), (38,22), (38,22), (38,21), (37,21), (37,21), (36,21), (36,20)]
Turtle 5 :[(-5,-5), (25,8), (26,8), (26,9), (27,9), (28,9), (29,9), (-5,-5), (-5,-5), (-5,-5), (-5,-5)]

Detection Run 24
#Info# Executed steps before collision: 8, Found collision: false
Turtle 1 :[(-1,-1), (1,7), (1,8), (0,8), (0,9), (-1,-1), (-1,-1), (-1,-1), (-1,-1)]
Turtle 2 :[(-2,-2), (34,49), (34,49), (34,49), (35,49), (35,49), (36,49), (37,49), (38,49)]
Turtle 3 :[(-3,-3), (0,19), (0,20), (0,20), (0,19), (0,20), (0,20), (0,20), (0,21)]
Turtle 4 :[(-4,-4), (42,4), (42,5), (43,5), (43,6), (-4,-4), (-4,-4), (-4,-4), (-4,-4)]
Turtle 5 :[(-5,-5), (39,2), (39,1), (39,0), (38,0), (38,0), (37,0), (-5,-5), (-5,-5)]

Detection Run 25
#Info# Executed steps before collision: 9, Found collision: false
Turtle 1 :[(-1,-1), (25,41), (24,41), (24,41), (23,41), (23,42), (23,43), (23,43), (23,44), (-1,-1)]
Turtle 2 :[(-2,-2), (37,4), (38,4), (38,3), (39,3), (40,3), (40,2), (-2,-2), (-2,-2), (-2,-2)]
Turtle 3 :[(-3,-3), (9,15), (9,14), (9,13), (9,12), (9,11), (9,10), (-3,-3), (-3,-3), (-3,-3)]
Turtle 4 :[(-4,-4), (21,19), (20,19), (20,20), (19,20), (18,20), (17,20), (-4,-4), (-4,-4), (-4,-4)]
Turtle 5 :[(-5,-5), (14,12), (13,12), (13,12), (13,11), (12,11), (11,11), (11,11), (11,11), (11,10)]

Detection Run 26
#Info# Executed steps before collision: 9, Found collision: false
Turtle 1 :[(-1,-1), (2,22), (2,23), (1,23), (1,23), (1,24), (1,24), (1,25), (-1,-1), (-1,-1)]
Turtle 2 :[(-2,-2), (14,29), (14,28), (15,28), (16,28), (17,28), (17,27), (-2,-2), (-2,-2), (-2,-2)]
Turtle 3 :[(-3,-3), (25,19), (25,19), (24,19), (24,19), (23,19), (23,19), (22,19), (22,18), (22,17)]
Turtle 4 :[(-4,-4), (6,19), (5,19), (5,20), (5,21), (4,21), (-4,-4), (-4,-4), (-4,-4), (-4,-4)]
Turtle 5 :[(-5,-5), (38,48), (39,48), (40,48), (39,48), (39,47), (40,47), (-5,-5), (-5,-5), (-5,-5)]

Detection Run 27
#Info# Executed steps before collision: 8, Found collision: false
Turtle 1 :[(-1,-1), (6,6), (6,6), (6,6), (6,5), (5,5), (4,5), (3,5), (3,4)]
Turtle 2 :[(-2,-2), (48,13), (48,12), (49,12), (49,11), (49,10), (49,10), (-2,-2), (-2,-2)]
Turtle 3 :[(-3,-3), (37,4), (38,4), (39,4), (40,4), (40,3), (-3,-3), (-3,-3), (-3,-3)]
Turtle 4 :[(-4,-4), (5,5), (6,5), (7,5), (7,5), (7,6), (7,6), (8,6), (9,6)]
Turtle 5 :[(-5,-5), (29,35), (28,35), (28,36), (27,36), (26,36), (25,36), (-5,-5), (-5,-5)]

Detection Run 28
#Info# Executed steps before collision: 10, Found collision: false
Turtle 1 :[(-1,-1), (6,0), (6,1), (6,2), (6,2), (6,3), (7,3), (7,3), (7,4), (-1,-1), (-1,-1)]
Turtle 2 :[(-2,-2), (30,31), (30,31), (31,31), (32,31), (32,31), (32,31), (32,31), (31,31), (31,30), (-2,-2)]
Turtle 3 :[(-3,-3), (35,33), (35,32), (35,32), (35,31), (34,31), (34,30), (34,29), (-3,-3), (-3,-3), (-3,-3)]
Turtle 4 :[(-4,-4), (38,24), (37,24), (37,24), (36,24), (36,24), (36,23), (36,22), (36,22), (36,22), (36,21)]
Turtle 5 :[(-5,-5), (17,33), (17,33), (17,34), (17,33), (17,32), (16,32), (-5,-5), (-5,-5), (-5,-5), (-5,-5)]

Detection Run 29
#Info# Executed steps before collision: 9, Found collision: false
Turtle 1 :[(-1,-1), (39,9), (40,9), (40,10), (41,10), (41,11), (-1,-1), (-1,-1), (-1,-1), (-1,-1)]
Turtle 2 :[(-2,-2), (47,15), (48,15), (49,15), (49,15), (49,15), (49,15), (49,15), (49,15), (49,15)]
Turtle 3 :[(-3,-3), (7,35), (8,35), (8,36), (9,36), (10,36), (10,37), (-3,-3), (-3,-3), (-3,-3)]
Turtle 4 :[(-4,-4), (1,38), (2,38), (3,38), (3,39), (4,39), (4,40), (-4,-4), (-4,-4), (-4,-4)]
Turtle 5 :[(-5,-5), (24,12), (24,11), (24,10), (23,10), (23,9), (-5,-5), (-5,-5), (-5,-5), (-5,-5)]

Detection Run 30
#Info# Executed steps before collision: 9, Found collision: false
Turtle 1 :[(-1,-1), (43,34), (43,35), (43,35), (43,36), (42,36), (42,36), (42,36), (41,36), (41,37)]
Turtle 2 :[(-2,-2), (38,19), (39,19), (38,19), (39,19), (40,19), (40,20), (-2,-2), (-2,-2), (-2,-2)]
Turtle 3 :[(-3,-3), (35,40), (35,39), (35,39), (36,39), (37,39), (37,39), (37,39), (37,38), (37,37)]
Turtle 4 :[(-4,-4), (35,26), (35,26), (36,26), (36,25), (37,25), (37,25), (38,25), (38,24), (-4,-4)]
Turtle 5 :[(-5,-5), (17,43), (17,44), (17,44), (17,44), (16,44), (16,44), (16,45), (16,46), (15,46)]

Detection Run 31
#Info# Executed steps before collision: 10, Found collision: false
Turtle 1 :[(-1,-1), (18,37), (18,36), (19,36), (19,35), (20,35), (21,35), (-1,-1), (-1,-1), (-1,-1), (-1,-1)]
Turtle 2 :[(-2,-2), (18,33), (18,34), (18,35), (17,35), (17,36), (17,36), (17,36), (17,36), (17,37), (-2,-2)]
Turtle 3 :[(-3,-3), (26,13), (26,13), (27,13), (27,14), (27,15), (27,16), (28,16), (-3,-3), (-3,-3), (-3,-3)]
Turtle 4 :[(-4,-4), (18,26), (18,25), (18,24), (17,24), (16,24), (16,24), (16,24), (16,24), (16,24), (15,24)]
Turtle 5 :[(-5,-5), (42,49), (43,49), (43,48), (42,48), (41,48), (40,48), (-5,-5), (-5,-5), (-5,-5), (-5,-5)]

Detection Run 32
#Info# Executed steps before collision: 11, Found collision: false
Turtle 1 :[(-1,-1), (39,19), (39,19), (39,19), (39,20), (39,20), (39,21), (39,21), (39,21), (39,22), (39,23), (-1,-1)]
Turtle 2 :[(-2,-2), (41,2), (41,3), (41,4), (41,5), (41,6), (41,6), (40,6), (-2,-2), (-2,-2), (-2,-2), (-2,-2)]
Turtle 3 :[(-3,-3), (14,16), (14,16), (14,16), (13,16), (12,16), (12,16), (11,16), (11,15), (11,15), (11,15), (11,14)]
Turtle 4 :[(-4,-4), (47,11), (47,10), (47,10), (46,10), (45,10), (45,10), (44,10), (44,10), (44,10), (44,9), (-4,-4)]
Turtle 5 :[(-5,-5), (14,27), (14,26), (14,25), (14,24), (15,24), (15,23), (-5,-5), (-5,-5), (-5,-5), (-5,-5), (-5,-5)]

Detection Run 33
#Info# Executed steps before collision: 10, Found collision: false
Turtle 1 :[(-1,-1), (30,23), (29,23), (29,24), (28,24), (28,25), (28,26), (-1,-1), (-1,-1), (-1,-1), (-1,-1)]
Turtle 2 :[(-2,-2), (31,29), (30,29), (30,29), (29,29), (28,29), (27,29), (-2,-2), (-2,-2), (-2,-2), (-2,-2)]
Turtle 3 :[(-3,-3), (10,1), (10,1), (10,1), (10,2), (10,2), (10,2), (10,3), (9,3), (9,4), (9,5)]
Turtle 4 :[(-4,-4), (12,21), (12,21), (12,21), (11,21), (11,22), (11,22), (11,23), (11,23), (10,23), (-4,-4)]
Turtle 5 :[(-5,-5), (34,42), (34,43), (34,43), (34,43), (34,44), (33,44), (33,44), (33,44), (33,45), (-5,-5)]

Detection Run 34
#Info# Executed steps before collision: 11, Found collision: false
Turtle 1 :[(-1,-1), (26,36), (26,35), (26,35), (26,34), (27,34), (27,34), (28,34), (28,33), (-1,-1), (-1,-1), (-1,-1)]
Turtle 2 :[(-2,-2), (22,0), (22,0), (22,0), (21,0), (22,0), (23,0), (24,0), (24,0), (24,0), (24,0), (25,0)]
Turtle 3 :[(-3,-3), (44,21), (43,21), (42,21), (42,21), (42,21), (41,21), (40,21), (40,20), (-3,-3), (-3,-3), (-3,-3)]
Turtle 4 :[(-4,-4), (9,3), (9,4), (9,5), (9,6), (8,6), (7,6), (-4,-4), (-4,-4), (-4,-4), (-4,-4), (-4,-4)]
Turtle 5 :[(-5,-5), (7,9), (8,9), (8,8), (9,8), (9,7), (9,6), (-5,-5), (-5,-5), (-5,-5), (-5,-5), (-5,-5)]

Detection Run 35
#Info# Executed steps before collision: 11, Found collision: false
Turtle 1 :[(-1,-1), (11,15), (12,15), (12,14), (12,13), (13,13), (13,12), (-1,-1), (-1,-1), (-1,-1), (-1,-1), (-1,-1)]
Turtle 2 :[(-2,-2), (23,1), (23,0), (22,0), (21,0), (21,0), (21,0), (20,0), (19,0), (-2,-2), (-2,-2), (-2,-2)]
Turtle 3 :[(-3,-3), (5,34), (5,34), (5,35), (5,35), (5,35), (5,35), (6,35), (6,35), (6,36), (7,36), (8,36)]
Turtle 4 :[(-4,-4), (2,33), (1,33), (1,34), (1,35), (1,36), (0,36), (-4,-4), (-4,-4), (-4,-4), (-4,-4), (-4,-4)]
Turtle 5 :[(-5,-5), (11,36), (10,36), (10,37), (10,38), (9,38), (-5,-5), (-5,-5), (-5,-5), (-5,-5), (-5,-5), (-5,-5)]

Detection Run 36
#Info# Executed steps before collision: 11, Found collision: false
Turtle 1 :[(-1,-1), (1,9), (2,9), (3,9), (3,10), (4,10), (5,10), (-1,-1), (-1,-1), (-1,-1), (-1,-1), (-1,-1)]
Turtle 2 :[(-2,-2), (31,2), (31,3), (31,3), (31,3), (31,3), (31,2), (31,3), (31,2), (31,2), (31,2), (30,2)]
Turtle 3 :[(-3,-3), (2,36), (1,36), (1,36), (1,36), (1,36), (0,36), (0,35), (0,35), (0,35), (0,34), (-3,-3)]
Turtle 4 :[(-4,-4), (7,19), (7,19), (7,19), (7,19), (7,18), (7,17), (7,17), (7,17), (7,16), (7,15), (6,15)]
Turtle 5 :[(-5,-5), (28,40), (28,40), (28,40), (28,40), (27,40), (27,41), (27,42), (26,42), (26,42), (26,43), (-5,-5)]

Detection Run 37
#Info# Executed steps before collision: 9, Found collision: false
Turtle 1 :[(-1,-1), (40,11), (41,11), (42,11), (42,11), (43,11), (43,10), (44,10), (-1,-1), (-1,-1)]
Turtle 2 :[(-2,-2), (7,32), (6,32), (6,32), (6,33), (6,34), (5,34), (5,34), (5,35), (-2,-2)]
Turtle 3 :[(-3,-3), (22,17), (22,18), (23,18), (23,18), (23,19), (24,19), (24,19), (24,20), (-3,-3)]
Turtle 4 :[(-4,-4), (41,43), (40,43), (39,43), (39,42), (39,41), (38,41), (-4,-4), (-4,-4), (-4,-4)]
Turtle 5 :[(-5,-5), (44,39), (44,39), (44,39), (44,39), (45,39), (45,39), (45,39), (44,39), (44,38)]

Detection Run 38
#Info# Executed steps before collision: 11, Found collision: false
Turtle 1 :[(-1,-1), (4,39), (4,38), (4,38), (4,38), (3,38), (3,38), (3,39), (4,39), (4,39), (4,39), (3,39)]
Turtle 2 :[(-2,-2), (6,41), (6,40), (6,40), (6,40), (6,40), (6,39), (6,39), (5,39), (5,39), (5,38), (4,38)]
Turtle 3 :[(-3,-3), (20,36), (21,36), (21,36), (20,36), (20,35), (-3,-3), (-3,-3), (-3,-3), (-3,-3), (-3,-3), (-3,-3)]
Turtle 4 :[(-4,-4), (35,26), (35,25), (34,25), (33,25), (33,25), (33,24), (33,23), (-4,-4), (-4,-4), (-4,-4), (-4,-4)]
Turtle 5 :[(-5,-5), (38,17), (38,17), (38,16), (38,15), (38,15), (38,15), (38,16), (38,16), (38,15), (38,15), (38,14)]

Detection Run 39
#Info# Executed steps before collision: 11, Found collision: false
Turtle 1 :[(-1,-1), (1,1), (1,2), (1,2), (1,2), (1,2), (1,2), (1,2), (1,1), (0,1), (-1,-1), (-1,-1)]
Turtle 2 :[(-2,-2), (37,13), (37,14), (37,15), (37,15), (37,15), (37,15), (37,16), (-2,-2), (-2,-2), (-2,-2), (-2,-2)]
Turtle 3 :[(-3,-3), (22,48), (22,47), (22,46), (22,46), (23,46), (23,46), (24,46), (24,45), (-3,-3), (-3,-3), (-3,-3)]
Turtle 4 :[(-4,-4), (23,46), (23,45), (22,45), (21,45), (21,44), (21,44), (21,43), (-4,-4), (-4,-4), (-4,-4), (-4,-4)]
Turtle 5 :[(-5,-5), (34,40), (34,40), (34,40), (35,40), (35,40), (35,40), (35,40), (35,39), (36,39), (36,38), (36,37)]

Detection Run 40
#Info# Executed steps before collision: 10, Found collision: false
Turtle 1 :[(-1,-1), (40,26), (39,26), (38,26), (37,26), (36,26), (36,26), (36,25), (-1,-1), (-1,-1), (-1,-1)]
Turtle 2 :[(-2,-2), (27,20), (27,19), (27,19), (27,18), (27,17), (27,16), (28,16), (-2,-2), (-2,-2), (-2,-2)]
Turtle 3 :[(-3,-3), (44,28), (44,28), (44,28), (44,28), (43,28), (42,28), (42,27), (42,26), (42,26), (41,26)]
Turtle 4 :[(-4,-4), (9,7), (9,7), (9,8), (9,8), (9,8), (9,9), (-4,-4), (-4,-4), (-4,-4), (-4,-4)]
Turtle 5 :[(-5,-5), (22,5), (22,5), (21,5), (21,4), (20,4), (19,4), (-5,-5), (-5,-5), (-5,-5), (-5,-5)]

Detection Run 41
#Info# Executed steps before collision: 10, Found collision: false
Turtle 1 :[(-1,-1), (27,22), (26,22), (26,21), (25,21), (25,20), (25,20), (25,20), (25,19), (-1,-1), (-1,-1)]
Turtle 2 :[(-2,-2), (46,47), (45,47), (45,46), (44,46), (43,46), (42,46), (-2,-2), (-2,-2), (-2,-2), (-2,-2)]
Turtle 3 :[(-3,-3), (24,30), (24,29), (24,28), (24,27), (24,27), (24,26), (24,25), (-3,-3), (-3,-3), (-3,-3)]
Turtle 4 :[(-4,-4), (46,30), (45,30), (45,30), (45,30), (45,31), (44,31), (43,31), (43,32), (-4,-4), (-4,-4)]
Turtle 5 :[(-5,-5), (12,32), (12,32), (12,33), (11,33), (11,33), (10,33), (10,33), (9,33), (9,33), (9,34)]

Detection Run 42
#Info# Executed steps before collision: 11, Found collision: false
Turtle 1 :[(-1,-1), (9,11), (8,11), (8,11), (8,11), (8,11), (8,10), (7,10), (7,10), (7,9), (7,8), (-1,-1)]
Turtle 2 :[(-2,-2), (9,40), (9,40), (9,41), (9,41), (9,41), (9,41), (9,42), (-2,-2), (-2,-2), (-2,-2), (-2,-2)]
Turtle 3 :[(-3,-3), (5,12), (5,13), (4,13), (4,13), (4,13), (4,13), (4,13), (4,13), (4,14), (4,15), (4,16)]
Turtle 4 :[(-4,-4), (5,23), (5,23), (4,23), (3,23), (3,23), (4,23), (3,23), (3,22), (-4,-4), (-4,-4), (-4,-4)]
Turtle 5 :[(-5,-5), (23,25), (24,25), (24,25), (24,25), (24,24), (25,24), (25,24), (25,23), (25,23), (25,22), (-5,-5)]

Detection Run 43
#Info# Executed steps before collision: 11, Found collision: false
Turtle 1 :[(-1,-1), (9,27), (9,27), (10,27), (11,27), (11,26), (11,25), (11,24), (-1,-1), (-1,-1), (-1,-1), (-1,-1)]
Turtle 2 :[(-2,-2), (12,39), (12,40), (12,40), (12,41), (12,41), (12,42), (12,42), (12,42), (12,42), (12,43), (11,43)]
Turtle 3 :[(-3,-3), (0,44), (1,44), (1,45), (2,45), (2,46), (3,46), (-3,-3), (-3,-3), (-3,-3), (-3,-3), (-3,-3)]
Turtle 4 :[(-4,-4), (47,46), (48,46), (48,47), (49,47), (49,47), (-4,-4), (-4,-4), (-4,-4), (-4,-4), (-4,-4), (-4,-4)]
Turtle 5 :[(-5,-5), (12,24), (12,24), (12,24), (12,24), (12,25), (12,25), (13,25), (-5,-5), (-5,-5), (-5,-5), (-5,-5)]

Detection Run 44
#Info# Executed steps before collision: 10, Found collision: false
Turtle 1 :[(-1,-1), (30,18), (30,19), (30,20), (30,20), (30,20), (30,20), (30,20), (30,20), (31,20), (31,21)]
Turtle 2 :[(-2,-2), (20,29), (20,29), (20,28), (20,28), (20,28), (19,28), (19,28), (19,27), (-2,-2), (-2,-2)]
Turtle 3 :[(-3,-3), (28,47), (29,47), (29,47), (29,47), (29,48), (29,48), (29,48), (29,49), (29,49), (29,49)]
Turtle 4 :[(-4,-4), (24,28), (24,28), (25,28), (-4,-4), (-4,-4), (-4,-4), (-4,-4), (-4,-4), (-4,-4), (-4,-4)]
Turtle 5 :[(-5,-5), (1,44), (1,43), (1,43), (1,43), (1,43), (1,43), (1,42), (0,42), (0,41), (-5,-5)]

Detection Run 45
#Info# Executed steps before collision: 9, Found collision: false
Turtle 1 :[(-1,-1), (20,21), (21,21), (22,21), (-1,-1), (-1,-1), (-1,-1), (-1,-1), (-1,-1), (-1,-1)]
Turtle 2 :[(-2,-2), (42,14), (43,14), (43,13), (43,12), (43,12), (43,11), (43,11), (44,11), (-2,-2)]
Turtle 3 :[(-3,-3), (41,21), (41,20), (40,20), (39,20), (38,20), (-3,-3), (-3,-3), (-3,-3), (-3,-3)]
Turtle 4 :[(-4,-4), (43,18), (43,18), (43,18), (44,18), (45,18), (45,18), (46,18), (46,19), (47,19)]
Turtle 5 :[(-5,-5), (42,39), (42,39), (42,39), (42,39), (42,38), (43,38), (44,38), (44,38), (45,38)]

Detection Run 46
#Info# Executed steps before collision: 11, Found collision: false
Turtle 1 :[(-1,-1), (46,25), (46,26), (45,26), (45,26), (44,26), (44,26), (44,26), (44,27), (44,28), (-1,-1), (-1,-1)]
Turtle 2 :[(-2,-2), (8,46), (8,46), (8,46), (8,46), (8,47), (8,48), (8,48), (8,49), (-2,-2), (-2,-2), (-2,-2)]
Turtle 3 :[(-3,-3), (41,24), (42,24), (41,24), (41,25), (-3,-3), (-3,-3), (-3,-3), (-3,-3), (-3,-3), (-3,-3), (-3,-3)]
Turtle 4 :[(-4,-4), (38,28), (38,29), (38,30), (38,30), (39,30), (39,30), (39,30), (39,30), (39,30), (40,30), (40,31)]
Turtle 5 :[(-5,-5), (34,42), (34,42), (34,41), (34,40), (34,39), (34,38), (33,38), (-5,-5), (-5,-5), (-5,-5), (-5,-5)]

Detection Run 47
#Info# Executed steps before collision: 10, Found collision: false
Turtle 1 :[(-1,-1), (37,27), (37,28), (37,28), (37,28), (37,29), (37,29), (37,30), (37,31), (37,31), (36,31)]
Turtle 2 :[(-2,-2), (47,46), (46,46), (46,45), (45,45), (44,45), (44,44), (-2,-2), (-2,-2), (-2,-2), (-2,-2)]
Turtle 3 :[(-3,-3), (38,34), (37,34), (37,35), (37,36), (36,36), (36,37), (-3,-3), (-3,-3), (-3,-3), (-3,-3)]
Turtle 4 :[(-4,-4), (49,44), (49,44), (49,44), (49,45), (49,45), (49,46), (49,46), (49,47), (49,47), (49,47)]
Turtle 5 :[(-5,-5), (46,23), (46,23), (47,23), (47,24), (47,25), (47,25), (47,26), (47,26), (48,26), (-5,-5)]

Detection Run 48
#Info# Executed steps before collision: 11, Found collision: false
Turtle 1 :[(-1,-1), (40,13), (40,13), (40,14), (40,14), (40,14), (40,14), (39,14), (38,14), (38,14), (37,14), (37,15)]
Turtle 2 :[(-2,-2), (41,26), (41,26), (41,27), (41,28), (42,28), (42,29), (42,30), (-2,-2), (-2,-2), (-2,-2), (-2,-2)]
Turtle 3 :[(-3,-3), (14,44), (15,44), (15,44), (15,44), (16,44), (16,44), (16,44), (16,44), (16,45), (16,46), (-3,-3)]
Turtle 4 :[(-4,-4), (46,31), (46,30), (46,29), (46,28), (46,27), (45,27), (-4,-4), (-4,-4), (-4,-4), (-4,-4), (-4,-4)]
Turtle 5 :[(-5,-5), (16,46), (16,45), (16,44), (16,43), (16,42), (-5,-5), (-5,-5), (-5,-5), (-5,-5), (-5,-5), (-5,-5)]

Detection Run 49
#Info# Executed steps before collision: 10, Found collision: false
Turtle 1 :[(-1,-1), (20,33), (20,32), (20,32), (20,32), (21,32), (21,32), (21,31), (21,31), (21,31), (21,30)]
Turtle 2 :[(-2,-2), (17,31), (17,31), (17,30), (17,30), (18,30), (18,30), (18,29), (19,29), (19,28), (-2,-2)]
Turtle 3 :[(-3,-3), (37,30), (37,29), (38,29), (38,28), (39,28), (39,27), (-3,-3), (-3,-3), (-3,-3), (-3,-3)]
Turtle 4 :[(-4,-4), (47,13), (47,13), (47,14), (47,15), (47,16), (47,16), (47,16), (46,16), (-4,-4), (-4,-4)]
Turtle 5 :[(-5,-5), (29,19), (28,19), (28,18), (28,17), (28,16), (28,16), (28,15), (-5,-5), (-5,-5), (-5,-5)]

Detection Run 50
#Info# Executed steps before collision: 11, Found collision: false
Turtle 1 :[(-1,-1), (40,40), (40,41), (40,41), (40,41), (40,41), (40,42), (39,42), (39,42), (39,43), (39,43), (38,43)]
Turtle 2 :[(-2,-2), (22,33), (23,33), (23,34), (24,34), (24,33), (25,33), (-2,-2), (-2,-2), (-2,-2), (-2,-2), (-2,-2)]
Turtle 3 :[(-3,-3), (42,47), (42,47), (42,48), (42,49), (41,49), (41,49), (-3,-3), (-3,-3), (-3,-3), (-3,-3), (-3,-3)]
Turtle 4 :[(-4,-4), (22,15), (22,15), (23,15), (23,15), (24,15), (25,15), (-4,-4), (-4,-4), (-4,-4), (-4,-4), (-4,-4)]
Turtle 5 :[(-5,-5), (44,37), (44,37), (44,38), (44,38), (43,38), (43,39), (42,39), (41,39), (-5,-5), (-5,-5), (-5,-5)]

Detection Run 51
#Info# Executed steps before collision: 11, Found collision: false
Turtle 1 :[(-1,-1), (17,32), (17,32), (18,32), (18,32), (18,32), (18,33), (18,33), (18,33), (18,34), (-1,-1), (-1,-1)]
Turtle 2 :[(-2,-2), (7,27), (8,27), (8,26), (8,25), (8,25), (8,24), (8,23), (-2,-2), (-2,-2), (-2,-2), (-2,-2)]
Turtle 3 :[(-3,-3), (11,12), (11,12), (11,12), (11,12), (11,12), (10,12), (10,13), (10,13), (10,14), (9,14), (9,15)]
Turtle 4 :[(-4,-4), (12,19), (12,19), (12,19), (12,19), (12,20), (12,21), (12,22), (12,23), (12,23), (11,23), (-4,-4)]
Turtle 5 :[(-5,-5), (30,31), (30,30), (30,29), (30,28), (29,28), (28,28), (-5,-5), (-5,-5), (-5,-5), (-5,-5), (-5,-5)]

Detection Run 52
#Info# Executed steps before collision: 11, Found collision: false
Turtle 1 :[(-1,-1), (38,6), (39,6), (40,6), (40,6), (40,7), (40,7), (40,7), (40,8), (40,8), (40,9), (-1,-1)]
Turtle 2 :[(-2,-2), (9,39), (8,39), (8,40), (8,41), (7,41), (6,41), (-2,-2), (-2,-2), (-2,-2), (-2,-2), (-2,-2)]
Turtle 3 :[(-3,-3), (33,23), (33,22), (33,22), (34,22), (35,22), (35,22), (35,22), (36,22), (36,22), (37,22), (-3,-3)]
Turtle 4 :[(-4,-4), (25,4), (24,4), (-4,-4), (-4,-4), (-4,-4), (-4,-4), (-4,-4), (-4,-4), (-4,-4), (-4,-4), (-4,-4)]
Turtle 5 :[(-5,-5), (33,17), (34,17), (34,17), (34,17), (34,17), (35,17), (36,17), (36,17), (36,16), (36,16), (36,15)]

Detection Run 53
#Info# Executed steps before collision: 9, Found collision: false
Turtle 1 :[(-1,-1), (35,11), (36,11), (37,11), (37,10), (38,10), (38,9), (-1,-1), (-1,-1), (-1,-1)]
Turtle 2 :[(-2,-2), (0,31), (0,31), (0,31), (0,31), (0,31), (0,31), (0,31), (1,31), (1,30)]
Turtle 3 :[(-3,-3), (36,4), (35,4), (35,3), (34,3), (33,3), (33,2), (-3,-3), (-3,-3), (-3,-3)]
Turtle 4 :[(-4,-4), (45,5), (44,5), (44,5), (43,5), (43,5), (42,5), (42,5), (42,5), (41,5)]
Turtle 5 :[(-5,-5), (2,8), (2,9), (1,9), (0,9), (0,10), (0,11), (-5,-5), (-5,-5), (-5,-5)]

Detection Run 54
#Info# Executed steps before collision: 10, Found collision: false
Turtle 1 :[(-1,-1), (45,1), (45,1), (46,1), (47,1), (47,2), (47,3), (47,4), (-1,-1), (-1,-1), (-1,-1)]
Turtle 2 :[(-2,-2), (12,18), (12,18), (12,19), (12,20), (12,21), (12,22), (12,22), (13,22), (-2,-2), (-2,-2)]
Turtle 3 :[(-3,-3), (41,31), (41,31), (41,31), (42,31), (42,31), (41,31), (42,31), (42,30), (-3,-3), (-3,-3)]
Turtle 4 :[(-4,-4), (37,28), (38,28), (38,29), (39,29), (39,30), (40,30), (-4,-4), (-4,-4), (-4,-4), (-4,-4)]
Turtle 5 :[(-5,-5), (36,10), (36,9), (36,8), (36,8), (36,7), (36,7), (36,7), (36,7), (36,7), (35,7)]

Detection Run 55
#Info# Executed steps before collision: 11, Found collision: false
Turtle 1 :[(-1,-1), (44,48), (44,48), (44,48), (45,48), (45,48), (45,49), (45,49), (45,49), (46,49), (46,49), (47,49)]
Turtle 2 :[(-2,-2), (5,36), (5,35), (6,35), (6,35), (6,35), (6,35), (6,34), (6,33), (-2,-2), (-2,-2), (-2,-2)]
Turtle 3 :[(-3,-3), (2,45), (2,46), (2,46), (2,46), (2,46), (1,46), (1,47), (1,48), (0,48), (-3,-3), (-3,-3)]
Turtle 4 :[(-4,-4), (5,43), (4,43), (4,43), (3,43), (3,43), (2,43), (1,43), (-4,-4), (-4,-4), (-4,-4), (-4,-4)]
Turtle 5 :[(-5,-5), (39,20), (40,20), (41,20), (41,19), (41,19), (41,19), (41,18), (-5,-5), (-5,-5), (-5,-5), (-5,-5)]

Detection Run 56
#Info# Executed steps before collision: 10, Found collision: false
Turtle 1 :[(-1,-1), (34,1), (34,2), (33,2), (32,2), (-1,-1), (-1,-1), (-1,-1), (-1,-1), (-1,-1), (-1,-1)]
Turtle 2 :[(-2,-2), (7,5), (8,5), (8,6), (8,7), (8,7), (8,7), (8,8), (8,9), (-2,-2), (-2,-2)]
Turtle 3 :[(-3,-3), (9,9), (9,9), (9,8), (9,8), (8,8), (7,8), (7,8), (7,7), (7,7), (7,6)]
Turtle 4 :[(-4,-4), (47,24), (48,24), (49,24), (49,24), (-4,-4), (-4,-4), (-4,-4), (-4,-4), (-4,-4), (-4,-4)]
Turtle 5 :[(-5,-5), (11,4), (10,4), (10,4), (10,3), (10,3), (10,3), (10,3), (10,3), (10,2), (-5,-5)]

Detection Run 57
#Info# Executed steps before collision: 10, Found collision: false
Turtle 1 :[(-1,-1), (8,5), (8,5), (8,4), (8,3), (8,2), (8,2), (8,1), (8,1), (8,0), (-1,-1)]
Turtle 2 :[(-2,-2), (20,0), (21,0), (20,0), (19,0), (18,0), (17,0), (-2,-2), (-2,-2), (-2,-2), (-2,-2)]
Turtle 3 :[(-3,-3), (31,17), (31,17), (30,17), (30,16), (30,16), (30,16), (29,16), (28,16), (27,16), (-3,-3)]
Turtle 4 :[(-4,-4), (24,40), (23,40), (23,39), (23,39), (23,38), (24,38), (24,38), (23,38), (-4,-4), (-4,-4)]
Turtle 5 :[(-5,-5), (23,45), (23,44), (23,43), (23,43), (24,43), (24,43), (25,43), (25,43), (25,43), (25,42)]

Detection Run 58
#Info# Executed steps before collision: 9, Found collision: false
Turtle 1 :[(-1,-1), (18,33), (17,33), (16,33), (16,33), (16,33), (16,34), (16,34), (16,35), (15,35)]
Turtle 2 :[(-2,-2), (44,9), (44,8), (44,8), (44,8), (44,7), (44,6), (45,6), (45,6), (45,5)]
Turtle 3 :[(-3,-3), (6,24), (6,24), (6,24), (6,25), (6,26), (7,26), (8,26), (8,27), (-3,-3)]
Turtle 4 :[(-4,-4), (2,32), (2,31), (3,31), (4,31), (4,30), (5,30), (-4,-4), (-4,-4), (-4,-4)]
Turtle 5 :[(-5,-5), (28,18), (28,18), (29,18), (30,18), (31,18), (-5,-5), (-5,-5), (-5,-5), (-5,-5)]

Detection Run 59
#Info# Executed steps before collision: 11, Found collision: false
Turtle 1 :[(-1,-1), (8,44), (8,45), (8,46), (8,46), (7,46), (7,47), (6,47), (-1,-1), (-1,-1), (-1,-1), (-1,-1)]
Turtle 2 :[(-2,-2), (8,48), (9,48), (9,47), (9,46), (10,46), (11,46), (-2,-2), (-2,-2), (-2,-2), (-2,-2), (-2,-2)]
Turtle 3 :[(-3,-3), (47,16), (47,16), (47,16), (47,16), (47,17), (47,18), (46,18), (46,18), (45,18), (45,18), (44,18)]
Turtle 4 :[(-4,-4), (46,1), (46,1), (47,1), (48,1), (48,1), (48,1), (48,2), (48,2), (49,2), (-4,-4), (-4,-4)]
Turtle 5 :[(-5,-5), (43,2), (44,2), (44,1), (45,1), (46,1), (47,1), (-5,-5), (-5,-5), (-5,-5), (-5,-5), (-5,-5)]

Detection Run 60
#Info# Executed steps before collision: 9, Found collision: false
Turtle 1 :[(-1,-1), (24,41), (24,40), (24,41), (24,42), (24,43), (24,44), (-1,-1), (-1,-1), (-1,-1)]
Turtle 2 :[(-2,-2), (28,24), (28,25), (28,24), (27,24), (27,24), (27,24), (27,25), (27,25), (26,25)]
Turtle 3 :[(-3,-3), (4,17), (5,17), (6,17), (7,17), (-3,-3), (-3,-3), (-3,-3), (-3,-3), (-3,-3)]
Turtle 4 :[(-4,-4), (37,41), (37,41), (37,42), (37,42), (37,43), (38,43), (38,43), (38,44), (-4,-4)]
Turtle 5 :[(-5,-5), (30,19), (30,19), (29,19), (29,20), (29,20), (29,21), (29,22), (28,22), (-5,-5)]

Detection Run 61
#Info# Executed steps before collision: 10, Found collision: false
Turtle 1 :[(-1,-1), (11,17), (11,18), (11,19), (11,20), (10,20), (10,21), (-1,-1), (-1,-1), (-1,-1), (-1,-1)]
Turtle 2 :[(-2,-2), (32,0), (31,0), (30,0), (30,0), (30,1), (30,1), (30,1), (30,1), (30,1), (30,2)]
Turtle 3 :[(-3,-3), (38,28), (38,27), (39,27), (39,26), (39,25), (39,24), (-3,-3), (-3,-3), (-3,-3), (-3,-3)]
Turtle 4 :[(-4,-4), (42,9), (42,9), (42,8), (42,7), (42,8), (41,8), (-4,-4), (-4,-4), (-4,-4), (-4,-4)]
Turtle 5 :[(-5,-5), (35,25), (35,26), (35,27), (34,27), (33,27), (33,28), (-5,-5), (-5,-5), (-5,-5), (-5,-5)]

Detection Run 62
#Info# Executed steps before collision: 13, Found collision: false
Turtle 1 :[(-1,-1), (8,18), (7,18), (7,19), (7,20), (6,20), (-1,-1), (-1,-1), (-1,-1), (-1,-1), (-1,-1), (-1,-1), (-1,-1), (-1,-1)]
Turtle 2 :[(-2,-2), (35,17), (36,17), (36,17), (37,17), (38,17), (38,18), (38,17), (37,17), (37,16), (37,17), (38,17), (38,16), (38,15)]
Turtle 3 :[(-3,-3), (28,1), (28,1), (28,2), (29,2), (30,2), (30,2), (31,2), (32,2), (-3,-3), (-3,-3), (-3,-3), (-3,-3), (-3,-3)]
Turtle 4 :[(-4,-4), (37,18), (37,17), (37,16), (37,16), (38,16), (38,16), (38,16), (38,16), (38,16), (38,15), (39,15), (-4,-4), (-4,-4)]
Turtle 5 :[(-5,-5), (24,49), (24,49), (24,49), (24,49), (24,49), (24,49), (24,48), (23,48), (23,47), (23,46), (-5,-5), (-5,-5), (-5,-5)]

Detection Run 63
#Info# Executed steps before collision: 11, Found collision: false
Turtle 1 :[(-1,-1), (21,17), (20,17), (20,17), (19,17), (19,17), (19,17), (18,17), (18,17), (18,17), (17,17), (17,16)]
Turtle 2 :[(-2,-2), (10,40), (9,40), (9,39), (9,39), (8,39), (7,39), (7,38), (-2,-2), (-2,-2), (-2,-2), (-2,-2)]
Turtle 3 :[(-3,-3), (45,37), (45,36), (46,36), (47,36), (48,36), (48,35), (-3,-3), (-3,-3), (-3,-3), (-3,-3), (-3,-3)]
Turtle 4 :[(-4,-4), (11,36), (10,36), (10,36), (10,35), (10,35), (10,35), (10,34), (10,34), (10,34), (9,34), (-4,-4)]
Turtle 5 :[(-5,-5), (26,40), (26,40), (26,40), (26,41), (-5,-5), (-5,-5), (-5,-5), (-5,-5), (-5,-5), (-5,-5), (-5,-5)]

Detection Run 64
#Info# Executed steps before collision: 10, Found collision: false
Turtle 1 :[(-1,-1), (8,10), (8,10), (8,10), (8,10), (8,10), (8,10), (9,10), (10,10), (-1,-1), (-1,-1)]
Turtle 2 :[(-2,-2), (7,42), (7,42), (7,42), (7,42), (7,42), (8,42), (9,42), (9,43), (-2,-2), (-2,-2)]
Turtle 3 :[(-3,-3), (27,20), (27,21), (26,21), (26,21), (26,21), (26,21), (25,21), (25,21), (25,22), (25,23)]
Turtle 4 :[(-4,-4), (25,25), (25,25), (25,26), (25,27), (25,28), (25,29), (25,29), (25,30), (-4,-4), (-4,-4)]
Turtle 5 :[(-5,-5), (17,17), (17,18), (17,19), (16,19), (16,20), (16,21), (-5,-5), (-5,-5), (-5,-5), (-5,-5)]

Detection Run 65
#Info# Executed steps before collision: 11, Found collision: false
Turtle 1 :[(-1,-1), (47,4), (47,5), (47,6), (46,6), (46,6), (45,6), (45,6), (45,7), (-1,-1), (-1,-1), (-1,-1)]
Turtle 2 :[(-2,-2), (21,23), (20,23), (19,23), (19,22), (18,22), (17,22), (-2,-2), (-2,-2), (-2,-2), (-2,-2), (-2,-2)]
Turtle 3 :[(-3,-3), (34,6), (34,7), (35,7), (35,8), (35,9), (36,9), (-3,-3), (-3,-3), (-3,-3), (-3,-3), (-3,-3)]
Turtle 4 :[(-4,-4), (10,9), (10,10), (10,10), (10,10), (10,10), (10,11), (11,11), (11,11), (12,11), (12,11), (12,12)]
Turtle 5 :[(-5,-5), (15,27), (15,27), (16,27), (16,27), (16,26), (17,26), (18,26), (18,26), (18,26), (19,26), (-5,-5)]

Detection Run 66
#Info# Executed steps before collision: 11, Found collision: false
Turtle 1 :[(-1,-1), (19,24), (19,24), (20,24), (21,24), (22,24), (23,24), (24,24), (-1,-1), (-1,-1), (-1,-1), (-1,-1)]
Turtle 2 :[(-2,-2), (17,39), (17,40), (17,40), (18,40), (18,41), (18,42), (19,42), (-2,-2), (-2,-2), (-2,-2), (-2,-2)]
Turtle 3 :[(-3,-3), (27,18), (27,19), (27,19), (28,19), (28,19), (28,19), (28,19), (28,20), (29,20), (29,20), (30,20)]
Turtle 4 :[(-4,-4), (31,10), (31,10), (31,11), (32,11), (32,11), (32,10), (32,10), (32,9), (-4,-4), (-4,-4), (-4,-4)]
Turtle 5 :[(-5,-5), (35,19), (35,19), (35,19), (35,18), (35,17), (35,17), (35,16), (34,16), (34,16), (34,16), (33,16)]

Detection Run 67
#Info# Executed steps before collision: 10, Found collision: false
Turtle 1 :[(-1,-1), (22,42), (22,42), (21,42), (21,42), (21,43), (21,44), (21,44), (21,45), (21,45), (21,46)]
Turtle 2 :[(-2,-2), (36,6), (35,6), (34,6), (35,6), (35,5), (-2,-2), (-2,-2), (-2,-2), (-2,-2), (-2,-2)]
Turtle 3 :[(-3,-3), (19,41), (19,41), (19,41), (20,41), (20,41), (21,41), (22,41), (22,42), (23,42), (-3,-3)]
Turtle 4 :[(-4,-4), (35,39), (35,39), (35,39), (36,39), (36,39), (37,39), (37,40), (37,41), (37,42), (-4,-4)]
Turtle 5 :[(-5,-5), (12,45), (13,45), (14,45), (14,45), (14,45), (14,45), (14,46), (14,47), (14,47), (15,47)]

Detection Run 68
#Info# Executed steps before collision: 11, Found collision: false
Turtle 1 :[(-1,-1), (44,34), (43,34), (42,34), (41,34), (40,34), (40,34), (39,34), (-1,-1), (-1,-1), (-1,-1), (-1,-1)]
Turtle 2 :[(-2,-2), (29,11), (29,11), (29,10), (29,10), (29,9), (29,9), (29,9), (30,9), (31,9), (31,8), (-2,-2)]
Turtle 3 :[(-3,-3), (49,0), (49,1), (49,2), (49,3), (49,4), (48,4), (-3,-3), (-3,-3), (-3,-3), (-3,-3), (-3,-3)]
Turtle 4 :[(-4,-4), (32,12), (32,12), (32,12), (32,12), (32,13), (32,13), (32,13), (32,14), (32,15), (31,15), (30,15)]
Turtle 5 :[(-5,-5), (4,43), (3,43), (3,44), (3,43), (3,42), (-5,-5), (-5,-5), (-5,-5), (-5,-5), (-5,-5), (-5,-5)]

Detection Run 69
#Info# Executed steps before collision: 9, Found collision: false
Turtle 1 :[(-1,-1), (32,28), (31,28), (31,28), (30,28), (29,28), (29,28), (28,28), (28,28), (28,29)]
Turtle 2 :[(-2,-2), (32,35), (32,34), (32,33), (32,32), (32,31), (31,31), (-2,-2), (-2,-2), (-2,-2)]
Turtle 3 :[(-3,-3), (26,15), (26,16), (26,16), (26,16), (27,16), (27,16), (28,16), (28,17), (-3,-3)]
Turtle 4 :[(-4,-4), (26,34), (26,35), (25,35), (25,34), (25,33), (-4,-4), (-4,-4), (-4,-4), (-4,-4)]
Turtle 5 :[(-5,-5), (11,1), (11,1), (12,1), (12,1), (13,1), (13,1), (14,1), (14,1), (14,2)]

Detection Run 70
#Info# Executed steps before collision: 11, Found collision: false
Turtle 1 :[(-1,-1), (39,37), (40,37), (40,36), (40,36), (40,36), (40,36), (40,35), (40,34), (40,33), (-1,-1), (-1,-1)]
Turtle 2 :[(-2,-2), (48,9), (48,8), (49,8), (49,8), (49,8), (49,8), (49,8), (49,8), (49,7), (49,7), (-2,-2)]
Turtle 3 :[(-3,-3), (41,18), (42,18), (43,18), (44,18), (-3,-3), (-3,-3), (-3,-3), (-3,-3), (-3,-3), (-3,-3), (-3,-3)]
Turtle 4 :[(-4,-4), (39,40), (40,40), (40,40), (41,40), (41,40), (42,40), (42,40), (42,40), (42,41), (42,41), (42,42)]
Turtle 5 :[(-5,-5), (5,19), (5,19), (5,18), (5,17), (5,17), (5,17), (5,16), (5,16), (5,15), (5,15), (5,14)]

Detection Run 71
#Info# Executed steps before collision: 11, Found collision: false
Turtle 1 :[(-1,-1), (37,17), (36,17), (36,18), (36,18), (36,18), (36,18), (36,17), (36,17), (35,17), (-1,-1), (-1,-1)]
Turtle 2 :[(-2,-2), (45,12), (45,12), (45,12), (45,13), (44,13), (44,13), (44,13), (44,14), (44,14), (44,15), (44,16)]
Turtle 3 :[(-3,-3), (10,6), (10,5), (10,4), (10,4), (10,4), (9,4), (9,4), (9,4), (8,4), (-3,-3), (-3,-3)]
Turtle 4 :[(-4,-4), (40,28), (39,28), (39,28), (39,28), (39,28), (38,28), (38,28), (38,27), (-4,-4), (-4,-4), (-4,-4)]
Turtle 5 :[(-5,-5), (10,10), (11,10), (10,10), (10,9), (-5,-5), (-5,-5), (-5,-5), (-5,-5), (-5,-5), (-5,-5), (-5,-5)]

Detection Run 72
#Info# Executed steps before collision: 10, Found collision: false
Turtle 1 :[(-1,-1), (44,33), (43,33), (42,33), (41,33), (41,34), (41,34), (41,34), (40,34), (-1,-1), (-1,-1)]
Turtle 2 :[(-2,-2), (49,17), (49,18), (49,18), (49,19), (49,19), (49,19), (49,19), (49,19), (49,19), (49,20)]
Turtle 3 :[(-3,-3), (17,31), (17,32), (16,32), (16,32), (16,32), (16,33), (16,34), (-3,-3), (-3,-3), (-3,-3)]
Turtle 4 :[(-4,-4), (19,36), (19,37), (19,38), (19,39), (19,39), (19,40), (-4,-4), (-4,-4), (-4,-4), (-4,-4)]
Turtle 5 :[(-5,-5), (17,48), (17,49), (17,49), (17,49), (16,49), (-5,-5), (-5,-5), (-5,-5), (-5,-5), (-5,-5)]

Detection Run 73
#Info# Executed steps before collision: 10, Found collision: false
Turtle 1 :[(-1,-1), (48,21), (48,21), (48,21), (48,22), (49,22), (49,22), (49,22), (49,22), (49,23), (-1,-1)]
Turtle 2 :[(-2,-2), (48,31), (49,31), (49,30), (49,30), (49,29), (-2,-2), (-2,-2), (-2,-2), (-2,-2), (-2,-2)]
Turtle 3 :[(-3,-3), (32,14), (32,14), (31,14), (31,14), (31,14), (30,14), (30,15), (30,15), (29,15), (29,16)]
Turtle 4 :[(-4,-4), (30,25), (30,25), (29,25), (28,25), (28,26), (28,26), (28,26), (27,26), (27,27), (-4,-4)]
Turtle 5 :[(-5,-5), (9,32), (8,32), (8,31), (7,31), (7,30), (7,30), (7,30), (7,30), (6,30), (-5,-5)]

Detection Run 74
#Info# Executed steps before collision: 8, Found collision: false
Turtle 1 :[(-1,-1), (28,47), (28,47), (28,47), (28,47), (27,47), (26,47), (26,47), (25,47)]
Turtle 2 :[(-2,-2), (48,14), (48,15), (48,16), (48,17), (48,18), (48,18), (48,19), (-2,-2)]
Turtle 3 :[(-3,-3), (21,21), (21,21), (20,21), (20,21), (20,20), (-3,-3), (-3,-3), (-3,-3)]
Turtle 4 :[(-4,-4), (6,38), (6,38), (6,39), (6,39), (6,39), (6,38), (6,38), (6,39)]
Turtle 5 :[(-5,-5), (27,48), (27,48), (27,48), (27,48), (28,48), (28,47), (-5,-5), (-5,-5)]

Detection Run 75
#Info# Executed steps before collision: 10, Found collision: false
Turtle 1 :[(-1,-1), (31,3), (31,4), (30,4), (29,4), (28,4), (28,4), (27,4), (-1,-1), (-1,-1), (-1,-1)]
Turtle 2 :[(-2,-2), (27,10), (27,10), (27,10), (27,9), (27,9), (26,9), (26,9), (26,9), (26,8), (25,8)]
Turtle 3 :[(-3,-3), (0,32), (0,32), (0,32), (0,32), (0,31), (0,31), (0,31), (0,30), (-3,-3), (-3,-3)]
Turtle 4 :[(-4,-4), (31,14), (31,14), (32,14), (33,14), (-4,-4), (-4,-4), (-4,-4), (-4,-4), (-4,-4), (-4,-4)]
Turtle 5 :[(-5,-5), (16,14), (16,14), (16,14), (17,14), (17,14), (17,14), (18,14), (19,14), (20,14), (-5,-5)]

Detection Run 76
#Info# Executed steps before collision: 11, Found collision: false
Turtle 1 :[(-1,-1), (25,4), (25,3), (25,3), (25,3), (25,2), (-1,-1), (-1,-1), (-1,-1), (-1,-1), (-1,-1), (-1,-1)]
Turtle 2 :[(-2,-2), (46,11), (46,11), (46,11), (46,12), (-2,-2), (-2,-2), (-2,-2), (-2,-2), (-2,-2), (-2,-2), (-2,-2)]
Turtle 3 :[(-3,-3), (29,5), (29,6), (29,7), (29,7), (29,7), (29,8), (29,8), (29,8), (29,9), (29,9), (29,10)]
Turtle 4 :[(-4,-4), (45,45), (45,45), (45,45), (45,44), (44,44), (44,43), (44,43), (43,43), (43,43), (43,43), (43,42)]
Turtle 5 :[(-5,-5), (25,23), (25,23), (25,23), (24,23), (24,23), (24,23), (24,23), (23,23), (-5,-5), (-5,-5), (-5,-5)]

Detection Run 77
#Info# Executed steps before collision: 11, Found collision: false
Turtle 1 :[(-1,-1), (11,26), (12,26), (12,27), (13,27), (13,28), (14,28), (-1,-1), (-1,-1), (-1,-1), (-1,-1), (-1,-1)]
Turtle 2 :[(-2,-2), (32,18), (32,19), (32,20), (32,20), (32,21), (31,21), (31,22), (-2,-2), (-2,-2), (-2,-2), (-2,-2)]
Turtle 3 :[(-3,-3), (46,32), (46,33), (46,33), (46,34), (46,34), (46,35), (46,35), (46,35), (46,35), (46,36), (45,36)]
Turtle 4 :[(-4,-4), (14,10), (15,10), (16,10), (16,10), (17,10), (18,10), (18,11), (-4,-4), (-4,-4), (-4,-4), (-4,-4)]
Turtle 5 :[(-5,-5), (43,40), (43,40), (43,40), (43,41), (-5,-5), (-5,-5), (-5,-5), (-5,-5), (-5,-5), (-5,-5), (-5,-5)]

Detection Run 78
#Info# Executed steps before collision: 11, Found collision: false
Turtle 1 :[(-1,-1), (38,49), (38,48), (38,47), (-1,-1), (-1,-1), (-1,-1), (-1,-1), (-1,-1), (-1,-1), (-1,-1), (-1,-1)]
Turtle 2 :[(-2,-2), (32,35), (31,35), (30,35), (29,35), (29,35), (28,35), (28,34), (-2,-2), (-2,-2), (-2,-2), (-2,-2)]
Turtle 3 :[(-3,-3), (15,13), (15,13), (15,13), (15,13), (15,12), (15,11), (15,10), (15,10), (15,9), (15,9), (15,8)]
Turtle 4 :[(-4,-4), (3,17), (3,17), (3,17), (2,17), (1,17), (-4,-4), (-4,-4), (-4,-4), (-4,-4), (-4,-4), (-4,-4)]
Turtle 5 :[(-5,-5), (35,43), (35,44), (35,45), (35,45), (35,45), (35,45), (36,45), (36,45), (36,46), (37,46), (-5,-5)]

Detection Run 79
#Info# Executed steps before collision: 9, Found collision: false
Turtle 1 :[(-1,-1), (26,28), (26,28), (25,28), (25,28), (25,27), (24,27), (23,27), (22,27), (-1,-1)]
Turtle 2 :[(-2,-2), (40,33), (40,34), (40,35), (39,35), (38,35), (37,35), (-2,-2), (-2,-2), (-2,-2)]
Turtle 3 :[(-3,-3), (9,20), (10,20), (10,20), (10,21), (10,22), (10,23), (10,23), (10,23), (10,24)]
Turtle 4 :[(-4,-4), (15,25), (15,26), (15,26), (15,27), (15,27), (15,28), (15,28), (15,29), (15,30)]
Turtle 5 :[(-5,-5), (18,31), (17,31), (16,31), (16,31), (16,31), (16,31), (16,32), (15,32), (14,32)]

Detection Run 80
#Info# Executed steps before collision: 11, Found collision: false
Turtle 1 :[(-1,-1), (5,26), (4,26), (4,27), (4,28), (4,28), (4,28), (3,28), (3,29), (-1,-1), (-1,-1), (-1,-1)]
Turtle 2 :[(-2,-2), (49,40), (49,39), (49,38), (49,38), (49,37), (49,37), (49,37), (49,36), (49,36), (49,35), (-2,-2)]
Turtle 3 :[(-3,-3), (46,6), (47,6), (47,6), (46,6), (46,6), (45,6), (44,6), (-3,-3), (-3,-3), (-3,-3), (-3,-3)]
Turtle 4 :[(-4,-4), (49,48), (48,48), (47,48), (46,48), (-4,-4), (-4,-4), (-4,-4), (-4,-4), (-4,-4), (-4,-4), (-4,-4)]
Turtle 5 :[(-5,-5), (39,7), (39,7), (39,6), (39,6), (38,6), (38,6), (38,6), (38,6), (37,6), (36,6), (35,6)]

Detection Run 81
#Info# Executed steps before collision: 10, Found collision: false
Turtle 1 :[(-1,-1), (22,38), (23,38), (23,39), (23,40), (24,40), (-1,-1), (-1,-1), (-1,-1), (-1,-1), (-1,-1)]
Turtle 2 :[(-2,-2), (20,6), (20,6), (20,6), (19,6), (19,7), (19,7), (19,8), (-2,-2), (-2,-2), (-2,-2)]
Turtle 3 :[(-3,-3), (48,20), (49,20), (49,20), (49,20), (49,20), (49,20), (49,20), (49,20), (-3,-3), (-3,-3)]
Turtle 4 :[(-4,-4), (45,24), (46,24), (46,25), (46,26), (46,27), (46,28), (-4,-4), (-4,-4), (-4,-4), (-4,-4)]
Turtle 5 :[(-5,-5), (36,47), (36,47), (36,48), (36,48), (37,48), (37,49), (38,49), (38,49), (38,49), (38,49)]

Detection Run 82
#Info# Executed steps before collision: 9, Found collision: false
Turtle 1 :[(-1,-1), (6,26), (6,27), (6,28), (6,28), (7,28), (8,28), (8,28), (9,28), (-1,-1)]
Turtle 2 :[(-2,-2), (40,24), (40,24), (40,24), (40,23), (40,22), (40,22), (40,22), (40,22), (39,22)]
Turtle 3 :[(-3,-3), (16,12), (16,12), (16,12), (16,12), (16,12), (17,12), (17,12), (18,12), (18,11)]
Turtle 4 :[(-4,-4), (10,31), (9,31), (9,32), (9,33), (9,34), (9,35), (-4,-4), (-4,-4), (-4,-4)]
Turtle 5 :[(-5,-5), (26,47), (26,46), (26,46), (26,47), (27,47), (27,47), (27,46), (27,46), (28,46)]

Detection Run 83
#Info# Executed steps before collision: 11, Found collision: false
Turtle 1 :[(-1,-1), (38,14), (39,14), (39,13), (39,12), (39,12), (39,12), (39,12), (40,12), (40,12), (40,11), (-1,-1)]
Turtle 2 :[(-2,-2), (24,4), (25,4), (26,4), (26,4), (26,4), (27,4), (27,4), (27,4), (27,5), (27,5), (28,5)]
Turtle 3 :[(-3,-3), (41,13), (42,13), (42,14), (42,15), (43,15), (43,15), (43,15), (44,15), (-3,-3), (-3,-3), (-3,-3)]
Turtle 4 :[(-4,-4), (45,15), (45,14), (44,14), (43,14), (43,13), (42,13), (-4,-4), (-4,-4), (-4,-4), (-4,-4), (-4,-4)]
Turtle 5 :[(-5,-5), (3,24), (3,25), (3,25), (3,26), (3,27), (2,27), (2,28), (-5,-5), (-5,-5), (-5,-5), (-5,-5)]

Detection Run 84
#Info# Executed steps before collision: 11, Found collision: false
Turtle 1 :[(-1,-1), (39,1), (39,2), (38,2), (38,3), (37,3), (37,3), (36,3), (-1,-1), (-1,-1), (-1,-1), (-1,-1)]
Turtle 2 :[(-2,-2), (25,29), (25,30), (24,30), (24,30), (24,30), (24,30), (23,30), (23,31), (-2,-2), (-2,-2), (-2,-2)]
Turtle 3 :[(-3,-3), (26,48), (27,48), (27,47), (27,47), (27,47), (27,46), (27,45), (27,44), (-3,-3), (-3,-3), (-3,-3)]
Turtle 4 :[(-4,-4), (37,30), (37,30), (38,30), (38,31), (39,31), (39,31), (39,31), (40,31), (40,31), (40,31), (41,31)]
Turtle 5 :[(-5,-5), (31,43), (31,43), (31,43), (31,43), (32,43), (32,42), (32,41), (32,41), (33,41), (33,40), (-5,-5)]

Detection Run 85
#Info# Executed steps before collision: 9, Found collision: false
Turtle 1 :[(-1,-1), (47,40), (48,40), (48,41), (48,42), (48,43), (48,44), (-1,-1), (-1,-1), (-1,-1)]
Turtle 2 :[(-2,-2), (28,29), (28,28), (27,28), (27,27), (26,27), (26,26), (-2,-2), (-2,-2), (-2,-2)]
Turtle 3 :[(-3,-3), (7,10), (7,10), (7,10), (6,10), (5,10), (5,9), (4,9), (4,9), (3,9)]
Turtle 4 :[(-4,-4), (23,10), (23,10), (24,10), (24,11), (24,12), (24,13), (-4,-4), (-4,-4), (-4,-4)]
Turtle 5 :[(-5,-5), (29,14), (29,13), (29,12), (29,12), (30,12), (31,12), (31,12), (31,12), (32,12)]

Detection Run 86
#Info# Executed steps before collision: 11, Found collision: false
Turtle 1 :[(-1,-1), (41,23), (41,23), (42,23), (42,24), (43,24), (43,25), (44,25), (-1,-1), (-1,-1), (-1,-1), (-1,-1)]
Turtle 2 :[(-2,-2), (38,2), (39,2), (40,2), (40,1), (40,1), (40,0), (-2,-2), (-2,-2), (-2,-2), (-2,-2), (-2,-2)]
Turtle 3 :[(-3,-3), (23,24), (24,24), (24,23), (24,22), (-3,-3), (-3,-3), (-3,-3), (-3,-3), (-3,-3), (-3,-3), (-3,-3)]
Turtle 4 :[(-4,-4), (32,19), (32,20), (32,20), (32,21), (32,21), (31,21), (31,21), (31,22), (30,22), (-4,-4), (-4,-4)]
Turtle 5 :[(-5,-5), (37,13), (37,12), (37,12), (37,12), (37,12), (37,12), (37,11), (38,11), (38,10), (38,10), (38,9)]

Detection Run 87
#Info# Executed steps before collision: 9, Found collision: false
Turtle 1 :[(-1,-1), (5,23), (5,22), (5,21), (5,20), (5,19), (-1,-1), (-1,-1), (-1,-1), (-1,-1)]
Turtle 2 :[(-2,-2), (7,30), (7,30), (6,30), (5,30), (5,30), (4,30), (3,30), (-2,-2), (-2,-2)]
Turtle 3 :[(-3,-3), (4,24), (4,24), (4,24), (4,24), (4,25), (4,26), (5,26), (5,27), (-3,-3)]
Turtle 4 :[(-4,-4), (23,47), (23,48), (23,49), (22,49), (21,49), (20,49), (-4,-4), (-4,-4), (-4,-4)]
Turtle 5 :[(-5,-5), (36,49), (36,49), (36,49), (37,49), (37,49), (37,49), (37,49), (37,49), (38,49)]

Detection Run 88
#Info# Executed steps before collision: 11, Found collision: false
Turtle 1 :[(-1,-1), (1,46), (1,45), (1,45), (1,45), (1,45), (1,45), (1,46), (1,46), (1,47), (0,47), (-1,-1)]
Turtle 2 :[(-2,-2), (48,33), (47,33), (47,33), (47,32), (47,33), (47,33), (47,32), (47,32), (47,32), (47,32), (46,32)]
Turtle 3 :[(-3,-3), (11,43), (10,43), (10,43), (10,43), (10,43), (11,43), (10,43), (-3,-3), (-3,-3), (-3,-3), (-3,-3)]
Turtle 4 :[(-4,-4), (44,31), (44,31), (44,32), (44,32), (44,33), (45,33), (45,33), (45,33), (45,33), (46,33), (46,34)]
Turtle 5 :[(-5,-5), (37,14), (37,13), (37,13), (37,12), (37,11), (38,11), (-5,-5), (-5,-5), (-5,-5), (-5,-5), (-5,-5)]

Detection Run 89
#Info# Executed steps before collision: 9, Found collision: false
Turtle 1 :[(-1,-1), (8,35), (8,36), (8,37), (8,38), (9,38), (-1,-1), (-1,-1), (-1,-1), (-1,-1)]
Turtle 2 :[(-2,-2), (17,12), (18,12), (-2,-2), (-2,-2), (-2,-2), (-2,-2), (-2,-2), (-2,-2), (-2,-2)]
Turtle 3 :[(-3,-3), (25,28), (25,29), (25,30), (25,30), (25,30), (25,30), (24,30), (-3,-3), (-3,-3)]
Turtle 4 :[(-4,-4), (41,23), (41,24), (42,24), (42,25), (42,25), (43,25), (43,26), (-4,-4), (-4,-4)]
Turtle 5 :[(-5,-5), (11,11), (11,12), (12,12), (13,12), (13,13), (13,13), (13,13), (13,13), (14,13)]

Detection Run 90
#Info# Executed steps before collision: 6, Found collision: false
Turtle 1 :[(-1,-1), (37,20), (37,19), (36,19), (36,18), (-1,-1), (-1,-1)]
Turtle 2 :[(-2,-2), (44,9), (44,10), (44,10), (44,9), (44,10), (-2,-2)]
Turtle 3 :[(-3,-3), (14,24), (14,23), (14,24), (13,24), (-3,-3), (-3,-3)]
Turtle 4 :[(-4,-4), (37,24), (36,24), (35,24), (34,24), (33,24), (33,25)]
Turtle 5 :[(-5,-5), (49,14), (49,14), (49,14), (48,14), (48,14), (48,15)]

Detection Run 91
#Info# Executed steps before collision: 11, Found collision: false
Turtle 1 :[(-1,-1), (34,45), (34,45), (34,46), (35,46), (35,46), (35,46), (35,47), (35,47), (36,47), (36,47), (37,47)]
Turtle 2 :[(-2,-2), (31,40), (31,40), (31,39), (31,38), (31,38), (31,37), (32,37), (33,37), (-2,-2), (-2,-2), (-2,-2)]
Turtle 3 :[(-3,-3), (25,15), (25,14), (26,14), (26,14), (26,14), (26,14), (27,14), (28,14), (28,14), (28,14), (28,13)]
Turtle 4 :[(-4,-4), (37,23), (37,22), (37,22), (37,22), (37,22), (38,22), (-4,-4), (-4,-4), (-4,-4), (-4,-4), (-4,-4)]
Turtle 5 :[(-5,-5), (31,17), (32,17), (32,16), (33,16), (33,16), (33,16), (33,15), (34,15), (-5,-5), (-5,-5), (-5,-5)]

Detection Run 92
#Info# Executed steps before collision: 9, Found collision: false
Turtle 1 :[(-1,-1), (3,8), (3,8), (4,8), (3,8), (4,8), (4,7), (-1,-1), (-1,-1), (-1,-1)]
Turtle 2 :[(-2,-2), (8,22), (8,21), (8,21), (8,21), (8,20), (9,20), (9,19), (9,19), (10,19)]
Turtle 3 :[(-3,-3), (34,47), (34,46), (35,46), (36,46), (37,46), (38,46), (-3,-3), (-3,-3), (-3,-3)]
Turtle 4 :[(-4,-4), (34,42), (35,42), (36,42), (36,42), (37,42), (38,42), (38,43), (-4,-4), (-4,-4)]
Turtle 5 :[(-5,-5), (25,0), (25,0), (24,0), (24,0), (23,0), (-5,-5), (-5,-5), (-5,-5), (-5,-5)]

Detection Run 93
#Info# Executed steps before collision: 11, Found collision: false
Turtle 1 :[(-1,-1), (7,25), (7,26), (8,26), (8,26), (8,26), (9,26), (9,26), (9,26), (9,26), (10,26), (11,26)]
Turtle 2 :[(-2,-2), (3,26), (3,26), (3,27), (3,28), (3,28), (2,28), (2,29), (-2,-2), (-2,-2), (-2,-2), (-2,-2)]
Turtle 3 :[(-3,-3), (24,36), (23,36), (23,35), (23,34), (23,33), (23,33), (23,32), (-3,-3), (-3,-3), (-3,-3), (-3,-3)]
Turtle 4 :[(-4,-4), (21,43), (22,43), (22,43), (21,43), (20,43), (19,43), (19,43), (19,43), (19,43), (19,43), (19,42)]
Turtle 5 :[(-5,-5), (28,19), (27,19), (26,19), (26,19), (26,19), (27,19), (26,19), (-5,-5), (-5,-5), (-5,-5), (-5,-5)]

Detection Run 94
#Info# Executed steps before collision: 11, Found collision: false
Turtle 1 :[(-1,-1), (13,10), (13,10), (13,10), (13,10), (13,11), (14,11), (15,11), (16,11), (16,11), (16,12), (-1,-1)]
Turtle 2 :[(-2,-2), (14,1), (14,1), (14,1), (14,1), (14,0), (14,1), (13,1), (13,0), (12,0), (-2,-2), (-2,-2)]
Turtle 3 :[(-3,-3), (17,3), (17,2), (17,2), (17,2), (17,2), (18,2), (18,2), (19,2), (20,2), (20,2), (21,2)]
Turtle 4 :[(-4,-4), (6,4), (6,4), (6,4), (7,4), (7,4), (7,5), (7,5), (6,5), (6,5), (7,5), (8,5)]
Turtle 5 :[(-5,-5), (2,32), (2,32), (2,32), (2,32), (3,32), (3,32), (3,33), (3,34), (-5,-5), (-5,-5), (-5,-5)]

Detection Run 95
#Info# Executed steps before collision: 11, Found collision: false
Turtle 1 :[(-1,-1), (11,45), (11,44), (11,44), (11,44), (10,44), (10,44), (9,44), (9,44), (9,43), (8,43), (-1,-1)]
Turtle 2 :[(-2,-2), (20,3), (20,3), (21,3), (21,3), (21,3), (21,2), (21,1), (21,1), (20,1), (20,1), (20,0)]
Turtle 3 :[(-3,-3), (37,41), (37,41), (37,40), (37,40), (37,40), (37,40), (37,39), (37,38), (-3,-3), (-3,-3), (-3,-3)]
Turtle 4 :[(-4,-4), (5,23), (5,23), (5,24), (4,24), (3,24), (3,24), (3,25), (3,25), (3,26), (-4,-4), (-4,-4)]
Turtle 5 :[(-5,-5), (40,43), (40,42), (39,42), (39,41), (38,41), (38,42), (38,41), (38,40), (-5,-5), (-5,-5), (-5,-5)]

Detection Run 96
#Info# Executed steps before collision: 11, Found collision: false
Turtle 1 :[(-1,-1), (46,39), (46,39), (46,39), (46,39), (46,39), (47,39), (48,39), (48,38), (48,38), (48,37), (-1,-1)]
Turtle 2 :[(-2,-2), (44,44), (43,44), (43,44), (43,44), (43,44), (43,44), (43,43), (43,43), (43,42), (-2,-2), (-2,-2)]
Turtle 3 :[(-3,-3), (38,35), (38,36), (39,36), (39,36), (39,37), (39,38), (39,38), (39,39), (-3,-3), (-3,-3), (-3,-3)]
Turtle 4 :[(-4,-4), (9,16), (8,16), (8,16), (8,16), (7,16), (7,16), (7,16), (7,17), (7,18), (6,18), (-4,-4)]
Turtle 5 :[(-5,-5), (27,3), (27,3), (26,3), (26,3), (25,3), (25,3), (25,4), (25,4), (25,5), (25,5), (25,6)]

Detection Run 97
#Info# Executed steps before collision: 8, Found collision: false
Turtle 1 :[(-1,-1), (11,43), (11,44), (10,44), (10,45), (9,45), (8,45), (-1,-1), (-1,-1)]
Turtle 2 :[(-2,-2), (38,48), (38,47), (38,46), (38,46), (38,46), (38,46), (38,45), (-2,-2)]
Turtle 3 :[(-3,-3), (6,46), (6,46), (5,46), (5,45), (5,44), (5,44), (4,44), (4,43)]
Turtle 4 :[(-4,-4), (0,35), (0,35), (0,35), (0,36), (0,37), (1,37), (1,38), (2,38)]
Turtle 5 :[(-5,-5), (11,2), (12,2), (13,2), (13,3), (13,4), (13,5), (-5,-5), (-5,-5)]

Detection Run 98
#Info# Executed steps before collision: 10, Found collision: false
Turtle 1 :[(-1,-1), (23,0), (23,0), (23,0), (23,0), (24,0), (-1,-1), (-1,-1), (-1,-1), (-1,-1), (-1,-1)]
Turtle 2 :[(-2,-2), (3,13), (3,12), (3,12), (2,12), (1,12), (1,12), (1,11), (1,10), (-2,-2), (-2,-2)]
Turtle 3 :[(-3,-3), (11,27), (11,27), (11,27), (11,26), (11,25), (11,25), (11,25), (11,25), (10,25), (10,24)]
Turtle 4 :[(-4,-4), (4,8), (4,8), (4,7), (5,7), (5,6), (-4,-4), (-4,-4), (-4,-4), (-4,-4), (-4,-4)]
Turtle 5 :[(-5,-5), (46,17), (46,18), (45,18), (44,18), (44,18), (44,19), (44,20), (-5,-5), (-5,-5), (-5,-5)]

Detection Run 99
#Info# Executed steps before collision: 10, Found collision: false
Turtle 1 :[(-1,-1), (12,16), (13,16), (12,16), (12,16), (12,16), (12,16), (12,15), (12,15), (12,15), (13,15)]
Turtle 2 :[(-2,-2), (44,12), (44,13), (44,14), (44,15), (44,15), (44,15), (44,16), (44,17), (-2,-2), (-2,-2)]
Turtle 3 :[(-3,-3), (16,14), (16,14), (16,14), (16,14), (16,15), (16,15), (17,15), (17,14), (17,13), (-3,-3)]
Turtle 4 :[(-4,-4), (26,39), (26,40), (25,40), (25,41), (25,42), (25,43), (-4,-4), (-4,-4), (-4,-4), (-4,-4)]
Turtle 5 :[(-5,-5), (14,38), (15,38), (15,38), (15,39), (15,39), (15,39), (15,40), (-5,-5), (-5,-5), (-5,-5)]

Detection Run 100
#Info# Executed steps before collision: 11, Found collision: false
Turtle 1 :[(-1,-1), (34,7), (34,8), (34,9), (34,9), (34,10), (34,10), (33,10), (33,10), (33,10), (33,10), (32,10)]
Turtle 2 :[(-2,-2), (11,8), (11,7), (12,7), (13,7), (13,6), (14,6), (-2,-2), (-2,-2), (-2,-2), (-2,-2), (-2,-2)]
Turtle 3 :[(-3,-3), (44,12), (43,12), (43,11), (43,10), (43,9), (43,9), (43,9), (43,8), (-3,-3), (-3,-3), (-3,-3)]
Turtle 4 :[(-4,-4), (33,19), (32,19), (31,19), (31,19), (31,19), (31,19), (31,18), (31,18), (31,17), (-4,-4), (-4,-4)]
Turtle 5 :[(-5,-5), (35,22), (36,22), (37,22), (37,22), (37,22), (37,22), (37,22), (37,21), (38,21), (39,21), (-5,-5)]

Detection Run 101
#Info# Executed steps before collision: 10, Found collision: false
Turtle 1 :[(-1,-1), (7,47), (7,48), (7,48), (7,48), (6,48), (6,48), (6,49), (6,49), (5,49), (4,49)]
Turtle 2 :[(-2,-2), (25,1), (25,1), (25,1), (25,1), (25,2), (26,2), (26,3), (27,3), (28,3), (-2,-2)]
Turtle 3 :[(-3,-3), (45,43), (45,44), (45,44), (46,44), (46,45), (47,45), (47,45), (47,46), (-3,-3), (-3,-3)]
Turtle 4 :[(-4,-4), (25,2), (24,2), (25,2), (25,2), (25,1), (24,1), (24,2), (-4,-4), (-4,-4), (-4,-4)]
Turtle 5 :[(-5,-5), (37,13), (37,13), (36,13), (36,13), (36,13), (36,13), (36,12), (36,12), (36,11), (35,11)]

Detection Run 102
#Info# Executed steps before collision: 10, Found collision: false
Turtle 1 :[(-1,-1), (40,20), (40,20), (40,20), (40,19), (40,19), (40,19), (40,18), (-1,-1), (-1,-1), (-1,-1)]
Turtle 2 :[(-2,-2), (33,4), (33,4), (33,4), (33,4), (33,3), (34,3), (35,3), (35,3), (36,3), (36,2)]
Turtle 3 :[(-3,-3), (24,31), (24,31), (24,31), (24,31), (24,31), (25,31), (25,31), (24,31), (24,30), (-3,-3)]
Turtle 4 :[(-4,-4), (29,4), (28,4), (28,4), (28,5), (27,5), (27,5), (27,5), (27,5), (26,5), (25,5)]
Turtle 5 :[(-5,-5), (30,32), (31,32), (31,31), (31,30), (31,29), (31,28), (-5,-5), (-5,-5), (-5,-5), (-5,-5)]

Detection Run 103
#Info# Executed steps before collision: 11, Found collision: false
Turtle 1 :[(-1,-1), (20,10), (20,10), (20,10), (21,10), (21,11), (22,11), (22,12), (22,13), (-1,-1), (-1,-1), (-1,-1)]
Turtle 2 :[(-2,-2), (42,27), (42,27), (42,27), (42,28), (43,28), (44,28), (44,29), (-2,-2), (-2,-2), (-2,-2), (-2,-2)]
Turtle 3 :[(-3,-3), (8,16), (7,16), (6,16), (5,16), (-3,-3), (-3,-3), (-3,-3), (-3,-3), (-3,-3), (-3,-3), (-3,-3)]
Turtle 4 :[(-4,-4), (36,8), (36,9), (37,9), (37,9), (37,9), (37,10), (37,10), (37,10), (38,10), (38,10), (38,11)]
Turtle 5 :[(-5,-5), (3,9), (3,10), (2,10), (2,11), (2,11), (1,11), (-5,-5), (-5,-5), (-5,-5), (-5,-5), (-5,-5)]

Detection Run 104
#Info# Executed steps before collision: 9, Found collision: false
Turtle 1 :[(-1,-1), (1,22), (1,22), (1,22), (1,22), (1,21), (1,21), (1,20), (1,19), (-1,-1)]
Turtle 2 :[(-2,-2), (5,26), (5,27), (4,27), (4,27), (3,27), (3,28), (3,28), (3,28), (3,29)]
Turtle 3 :[(-3,-3), (3,10), (4,10), (4,11), (4,12), (4,13), (4,14), (-3,-3), (-3,-3), (-3,-3)]
Turtle 4 :[(-4,-4), (31,8), (32,8), (32,8), (32,9), (32,9), (32,10), (33,10), (-4,-4), (-4,-4)]
Turtle 5 :[(-5,-5), (31,5), (30,5), (30,6), (29,6), (29,6), (28,6), (27,6), (-5,-5), (-5,-5)]

Detection Run 105
#Info# Executed steps before collision: 11, Found collision: false
Turtle 1 :[(-1,-1), (36,22), (36,23), (36,23), (36,24), (37,24), (38,24), (38,25), (-1,-1), (-1,-1), (-1,-1), (-1,-1)]
Turtle 2 :[(-2,-2), (43,7), (44,7), (45,7), (45,6), (46,6), (46,5), (-2,-2), (-2,-2), (-2,-2), (-2,-2), (-2,-2)]
Turtle 3 :[(-3,-3), (7,45), (6,45), (5,45), (5,46), (5,47), (5,47), (4,47), (-3,-3), (-3,-3), (-3,-3), (-3,-3)]
Turtle 4 :[(-4,-4), (47,24), (46,24), (46,24), (45,24), (45,24), (45,24), (44,24), (44,23), (43,23), (-4,-4), (-4,-4)]
Turtle 5 :[(-5,-5), (38,40), (38,39), (38,39), (38,39), (38,38), (38,38), (38,38), (37,38), (37,38), (36,38), (35,38)]

Detection Run 106
#Info# Executed steps before collision: 10, Found collision: false
Turtle 1 :[(-1,-1), (5,43), (5,44), (5,44), (4,44), (3,44), (3,44), (3,44), (2,44), (1,44), (-1,-1)]
Turtle 2 :[(-2,-2), (4,47), (3,47), (3,47), (2,47), (2,46), (2,46), (2,46), (2,45), (2,45), (2,44)]
Turtle 3 :[(-3,-3), (11,25), (12,25), (12,24), (13,24), (13,24), (12,24), (12,24), (12,24), (12,23), (-3,-3)]
Turtle 4 :[(-4,-4), (44,43), (43,43), (43,44), (42,44), (42,44), (42,45), (42,46), (-4,-4), (-4,-4), (-4,-4)]
Turtle 5 :[(-5,-5), (5,49), (5,49), (5,48), (4,48), (4,48), (4,48), (4,48), (4,48), (4,47), (3,47)]

Detection Run 107
#Info# Executed steps before collision: 9, Found collision: false
Turtle 1 :[(-1,-1), (10,42), (11,42), (12,42), (12,42), (13,42), (13,42), (13,41), (14,41), (-1,-1)]
Turtle 2 :[(-2,-2), (1,22), (1,22), (1,22), (1,22), (0,22), (0,21), (0,21), (0,20), (-2,-2)]
Turtle 3 :[(-3,-3), (24,35), (23,35), (22,35), (21,35), (20,35), (19,35), (-3,-3), (-3,-3), (-3,-3)]
Turtle 4 :[(-4,-4), (38,32), (38,33), (38,34), (38,35), (38,36), (38,37), (-4,-4), (-4,-4), (-4,-4)]
Turtle 5 :[(-5,-5), (18,41), (18,41), (18,41), (18,41), (18,41), (17,41), (16,41), (16,41), (15,41)]

Detection Run 108
#Info# Executed steps before collision: 11, Found collision: false
Turtle 1 :[(-1,-1), (38,17), (38,17), (38,17), (38,18), (38,19), (39,19), (40,19), (41,19), (-1,-1), (-1,-1), (-1,-1)]
Turtle 2 :[(-2,-2), (3,13), (3,14), (3,15), (3,16), (3,17), (2,17), (-2,-2), (-2,-2), (-2,-2), (-2,-2), (-2,-2)]
Turtle 3 :[(-3,-3), (13,3), (13,4), (13,4), (13,4), (13,4), (13,5), (13,5), (13,5), (13,6), (13,7), (13,8)]
Turtle 4 :[(-4,-4), (14,36), (14,35), (13,35), (13,34), (12,34), (11,34), (-4,-4), (-4,-4), (-4,-4), (-4,-4), (-4,-4)]
Turtle 5 :[(-5,-5), (2,19), (1,19), (0,19), (0,18), (0,17), (0,16), (-5,-5), (-5,-5), (-5,-5), (-5,-5), (-5,-5)]

Detection Run 109
#Info# Executed steps before collision: 10, Found collision: false
Turtle 1 :[(-1,-1), (8,12), (8,12), (7,12), (7,11), (7,11), (6,11), (-1,-1), (-1,-1), (-1,-1), (-1,-1)]
Turtle 2 :[(-2,-2), (14,12), (14,12), (14,12), (15,12), (15,13), (16,13), (16,13), (16,13), (17,13), (-2,-2)]
Turtle 3 :[(-3,-3), (23,7), (23,7), (23,7), (23,6), (22,6), (22,6), (22,6), (21,6), (21,6), (21,5)]
Turtle 4 :[(-4,-4), (48,1), (48,1), (47,1), (46,1), (46,1), (46,1), (45,1), (44,1), (44,2), (-4,-4)]
Turtle 5 :[(-5,-5), (44,15), (44,16), (45,16), (45,17), (45,18), (-5,-5), (-5,-5), (-5,-5), (-5,-5), (-5,-5)]

Detection Run 110
#Info# Executed steps before collision: 11, Found collision: false
Turtle 1 :[(-1,-1), (22,27), (21,27), (20,27), (20,27), (19,27), (19,28), (19,29), (-1,-1), (-1,-1), (-1,-1), (-1,-1)]
Turtle 2 :[(-2,-2), (25,37), (24,37), (24,36), (23,36), (22,36), (21,36), (-2,-2), (-2,-2), (-2,-2), (-2,-2), (-2,-2)]
Turtle 3 :[(-3,-3), (15,6), (14,6), (14,6), (14,7), (13,7), (12,7), (12,7), (12,8), (-3,-3), (-3,-3), (-3,-3)]
Turtle 4 :[(-4,-4), (16,35), (17,35), (17,35), (17,36), (17,37), (17,37), (17,37), (18,37), (18,37), (18,37), (18,38)]
Turtle 5 :[(-5,-5), (27,5), (27,4), (26,4), (26,3), (26,2), (25,2), (-5,-5), (-5,-5), (-5,-5), (-5,-5), (-5,-5)]

Detection Run 111
#Info# Executed steps before collision: 11, Found collision: false
Turtle 1 :[(-1,-1), (13,10), (14,10), (15,10), (15,10), (15,11), (16,11), (17,11), (-1,-1), (-1,-1), (-1,-1), (-1,-1)]
Turtle 2 :[(-2,-2), (27,28), (26,28), (25,28), (25,27), (25,27), (25,27), (25,26), (25,26), (25,26), (24,26), (-2,-2)]
Turtle 3 :[(-3,-3), (28,38), (28,38), (27,38), (27,38), (27,38), (28,38), (28,38), (28,39), (28,39), (28,40), (-3,-3)]
Turtle 4 :[(-4,-4), (6,23), (5,23), (4,23), (4,23), (4,23), (4,23), (4,23), (3,23), (3,23), (2,23), (1,23)]
Turtle 5 :[(-5,-5), (30,45), (30,45), (31,45), (32,45), (32,44), (32,43), (32,43), (33,43), (-5,-5), (-5,-5), (-5,-5)]

Detection Run 112
#Info# Executed steps before collision: 6, Found collision: false
Turtle 1 :[(-1,-1), (5,37), (5,38), (6,38), (6,37), (6,38), (-1,-1)]
Turtle 2 :[(-2,-2), (39,39), (38,39), (38,40), (37,40), (36,40), (-2,-2)]
Turtle 3 :[(-3,-3), (15,34), (15,35), (15,36), (15,37), (15,38), (-3,-3)]
Turtle 4 :[(-4,-4), (15,31), (16,31), (17,31), (18,31), (19,31), (19,32)]
Turtle 5 :[(-5,-5), (4,33), (4,32), (4,31), (3,31), (3,30), (3,29)]

Detection Run 113
#Info# Executed steps before collision: 6, Found collision: false
Turtle 1 :[(-1,-1), (23,36), (23,35), (23,34), (23,33), (24,33), (25,33)]
Turtle 2 :[(-2,-2), (18,31), (18,32), (17,32), (17,33), (17,34), (17,35)]
Turtle 3 :[(-3,-3), (3,38), (4,38), (5,38), (6,38), (6,39), (6,40)]
Turtle 4 :[(-4,-4), (49,9), (48,9), (47,9), (46,9), (45,9), (45,8)]
Turtle 5 :[(-5,-5), (47,28), (47,29), (48,29), (47,29), (47,28), (47,27)]

Detection Run 114
#Info# Executed steps before collision: 6, Found collision: false
Turtle 1 :[(-1,-1), (47,43), (46,43), (46,42), (46,41), (46,40), (45,40)]
Turtle 2 :[(-2,-2), (1,11), (1,10), (1,11), (1,12), (0,12), (-2,-2)]
Turtle 3 :[(-3,-3), (15,42), (15,41), (15,40), (14,40), (14,39), (14,38)]
Turtle 4 :[(-4,-4), (10,40), (10,39), (10,38), (9,38), (8,38), (7,38)]
Turtle 5 :[(-5,-5), (23,32), (23,33), (23,34), (23,35), (-5,-5), (-5,-5)]

Detection Run 115
#Info# Executed steps before collision: 6, Found collision: false
Turtle 1 :[(-1,-1), (27,8), (27,9), (-1,-1), (-1,-1), (-1,-1), (-1,-1)]
Turtle 2 :[(-2,-2), (16,1), (17,1), (18,1), (19,1), (-2,-2), (-2,-2)]
Turtle 3 :[(-3,-3), (49,10), (49,10), (49,11), (48,11), (47,11), (46,11)]
Turtle 4 :[(-4,-4), (14,7), (14,6), (14,5), (13,5), (12,5), (12,4)]
Turtle 5 :[(-5,-5), (13,25), (13,26), (13,27), (13,28), (14,28), (15,28)]

Detection Run 116
#Info# Executed steps before collision: 6, Found collision: false
Turtle 1 :[(-1,-1), (45,40), (46,40), (46,39), (47,39), (-1,-1), (-1,-1)]
Turtle 2 :[(-2,-2), (44,2), (44,3), (44,4), (44,5), (44,6), (44,7)]
Turtle 3 :[(-3,-3), (46,0), (46,1), (46,2), (46,3), (46,4), (-3,-3)]
Turtle 4 :[(-4,-4), (17,39), (17,38), (16,38), (16,39), (15,39), (-4,-4)]
Turtle 5 :[(-5,-5), (30,39), (31,39), (32,39), (33,39), (34,39), (34,38)]

Detection Run 117
#Info# Executed steps before collision: 6, Found collision: false
Turtle 1 :[(-1,-1), (7,41), (7,42), (8,42), (7,42), (8,42), (9,42)]
Turtle 2 :[(-2,-2), (6,15), (6,14), (6,13), (6,12), (6,11), (6,10)]
Turtle 3 :[(-3,-3), (5,16), (5,17), (5,18), (4,18), (4,19), (3,19)]
Turtle 4 :[(-4,-4), (9,18), (9,17), (9,16), (9,15), (9,14), (-4,-4)]
Turtle 5 :[(-5,-5), (24,40), (24,41), (24,42), (24,43), (24,44), (23,44)]

Detection Run 118
#Info# Executed steps before collision: 6, Found collision: false
Turtle 1 :[(-1,-1), (30,13), (30,12), (30,11), (30,10), (29,10), (29,9)]
Turtle 2 :[(-2,-2), (49,39), (48,39), (48,40), (49,40), (49,41), (-2,-2)]
Turtle 3 :[(-3,-3), (45,2), (45,3), (46,3), (46,4), (47,4), (47,5)]
Turtle 4 :[(-4,-4), (25,15), (26,15), (27,15), (28,15), (28,16), (28,17)]
Turtle 5 :[(-5,-5), (24,41), (23,41), (23,40), (23,39), (23,38), (23,37)]

Detection Run 119
#Info# Executed steps before collision: 6, Found collision: false
Turtle 1 :[(-1,-1), (40,15), (40,16), (39,16), (38,16), (38,17), (37,17)]
Turtle 2 :[(-2,-2), (2,35), (3,35), (4,35), (4,34), (5,34), (6,34)]
Turtle 3 :[(-3,-3), (23,42), (24,42), (23,42), (23,41), (-3,-3), (-3,-3)]
Turtle 4 :[(-4,-4), (7,39), (6,39), (5,39), (5,38), (4,38), (4,37)]
Turtle 5 :[(-5,-5), (39,12), (39,11), (38,11), (38,10), (37,10), (36,10)]

Detection Run 120
#Info# Executed steps before collision: 6, Found collision: false
Turtle 1 :[(-1,-1), (29,3), (28,3), (28,4), (28,5), (27,5), (27,6)]
Turtle 2 :[(-2,-2), (16,43), (16,44), (16,45), (15,45), (15,46), (14,46)]
Turtle 3 :[(-3,-3), (26,37), (26,36), (26,37), (26,38), (25,38), (-3,-3)]
Turtle 4 :[(-4,-4), (33,37), (33,38), (33,39), (32,39), (32,40), (32,41)]
Turtle 5 :[(-5,-5), (21,39), (21,40), (21,41), (22,41), (22,42), (-5,-5)]

Detection Run 121
#Info# Executed steps before collision: 7, Found collision: false
Turtle 1 :[(-1,-1), (14,24), (14,23), (14,22), (14,21), (14,20), (14,19), (-1,-1)]
Turtle 2 :[(-2,-2), (16,44), (15,44), (15,43), (14,43), (14,42), (14,41), (-2,-2)]
Turtle 3 :[(-3,-3), (2,21), (1,21), (1,21), (0,21), (1,21), (0,21), (0,22)]
Turtle 4 :[(-4,-4), (3,10), (2,10), (2,9), (1,9), (1,8), (1,8), (1,7)]
Turtle 5 :[(-5,-5), (8,22), (8,21), (8,22), (8,23), (-5,-5), (-5,-5), (-5,-5)]

Detection Run 122
#Info# Executed steps before collision: 8, Found collision: false
Turtle 1 :[(-1,-1), (37,22), (37,22), (36,22), (36,21), (36,20), (36,20), (36,19), (-1,-1)]
Turtle 2 :[(-2,-2), (16,23), (16,23), (16,23), (16,24), (16,25), (17,25), (17,26), (17,27)]
Turtle 3 :[(-3,-3), (33,47), (34,47), (34,48), (34,49), (-3,-3), (-3,-3), (-3,-3), (-3,-3)]
Turtle 4 :[(-4,-4), (11,26), (11,25), (10,25), (10,24), (10,23), (10,23), (9,23), (-4,-4)]
Turtle 5 :[(-5,-5), (43,5), (42,5), (41,5), (40,5), (40,6), (40,7), (-5,-5), (-5,-5)]

Detection Run 123
#Info# Executed steps before collision: 7, Found collision: false
Turtle 1 :[(-1,-1), (13,48), (13,49), (13,48), (13,47), (12,47), (-1,-1), (-1,-1)]
Turtle 2 :[(-2,-2), (6,4), (7,4), (7,5), (8,5), (8,6), (-2,-2), (-2,-2)]
Turtle 3 :[(-3,-3), (17,44), (18,44), (19,44), (19,45), (19,46), (19,47), (-3,-3)]
Turtle 4 :[(-4,-4), (19,1), (18,1), (18,1), (17,1), (16,1), (15,1), (15,0)]
Turtle 5 :[(-5,-5), (27,18), (26,18), (26,19), (25,19), (25,20), (24,20), (-5,-5)]

Detection Run 124
#Info# Executed steps before collision: 8, Found collision: false
Turtle 1 :[(-1,-1), (47,7), (46,7), (46,6), (46,5), (46,4), (45,4), (-1,-1), (-1,-1)]
Turtle 2 :[(-2,-2), (17,8), (17,7), (17,6), (16,6), (16,5), (16,5), (16,4), (-2,-2)]
Turtle 3 :[(-3,-3), (48,6), (49,6), (49,7), (49,8), (49,8), (-3,-3), (-3,-3), (-3,-3)]
Turtle 4 :[(-4,-4), (47,38), (47,37), (47,37), (46,37), (46,37), (45,37), (45,36), (45,35)]
Turtle 5 :[(-5,-5), (15,34), (15,34), (14,34), (14,34), (13,34), (13,35), (12,35), (-5,-5)]

Detection Run 125
#Info# Executed steps before collision: 7, Found collision: false
Turtle 1 :[(-1,-1), (31,33), (31,34), (31,35), (31,36), (31,37), (-1,-1), (-1,-1)]
Turtle 2 :[(-2,-2), (42,11), (42,12), (43,12), (44,12), (44,13), (45,13), (-2,-2)]
Turtle 3 :[(-3,-3), (32,6), (31,6), (31,6), (30,6), (30,6), (31,6), (31,7)]
Turtle 4 :[(-4,-4), (45,32), (46,32), (47,32), (-4,-4), (-4,-4), (-4,-4), (-4,-4)]
Turtle 5 :[(-5,-5), (27,1), (28,1), (29,1), (30,1), (31,1), (32,1), (-5,-5)]

Detection Run 126
#Info# Executed steps before collision: 9, Found collision: false
Turtle 1 :[(-1,-1), (43,38), (42,38), (41,38), (-1,-1), (-1,-1), (-1,-1), (-1,-1), (-1,-1), (-1,-1)]
Turtle 2 :[(-2,-2), (5,24), (5,23), (5,22), (4,22), (-2,-2), (-2,-2), (-2,-2), (-2,-2), (-2,-2)]
Turtle 3 :[(-3,-3), (21,28), (21,27), (22,27), (22,26), (22,25), (-3,-3), (-3,-3), (-3,-3), (-3,-3)]
Turtle 4 :[(-4,-4), (46,38), (46,37), (47,37), (48,37), (48,37), (48,37), (48,37), (48,36), (48,35)]
Turtle 5 :[(-5,-5), (39,37), (39,38), (40,38), (41,38), (41,38), (41,39), (41,40), (-5,-5), (-5,-5)]

Detection Run 127
#Info# Executed steps before collision: 9, Found collision: false
Turtle 1 :[(-1,-1), (11,7), (10,7), (9,7), (8,7), (8,6), (8,5), (-1,-1), (-1,-1), (-1,-1)]
Turtle 2 :[(-2,-2), (5,29), (6,29), (6,28), (7,28), (8,28), (8,27), (-2,-2), (-2,-2), (-2,-2)]
Turtle 3 :[(-3,-3), (42,26), (42,27), (-3,-3), (-3,-3), (-3,-3), (-3,-3), (-3,-3), (-3,-3), (-3,-3)]
Turtle 4 :[(-4,-4), (35,3), (34,3), (34,2), (34,1), (-4,-4), (-4,-4), (-4,-4), (-4,-4), (-4,-4)]
Turtle 5 :[(-5,-5), (33,1), (32,1), (32,2), (32,2), (32,2), (31,2), (31,2), (31,2), (30,2)]

Detection Run 128
#Info# Executed steps before collision: 9, Found collision: false
Turtle 1 :[(-1,-1), (1,45), (0,45), (0,44), (0,45), (0,44), (-1,-1), (-1,-1), (-1,-1), (-1,-1)]
Turtle 2 :[(-2,-2), (35,15), (36,15), (37,15), (37,16), (37,17), (37,18), (-2,-2), (-2,-2), (-2,-2)]
Turtle 3 :[(-3,-3), (37,20), (38,20), (39,20), (40,20), (40,21), (40,22), (-3,-3), (-3,-3), (-3,-3)]
Turtle 4 :[(-4,-4), (45,6), (45,6), (45,7), (44,7), (43,7), (42,7), (42,7), (42,7), (41,7)]
Turtle 5 :[(-5,-5), (47,3), (46,3), (46,3), (46,2), (45,2), (45,1), (-5,-5), (-5,-5), (-5,-5)]

Detection Run 129
#Info# Executed steps before collision: 8, Found collision: false
Turtle 1 :[(-1,-1), (29,40), (29,40), (29,39), (30,39), (31,39), (31,39), (32,39), (33,39)]
Turtle 2 :[(-2,-2), (41,4), (41,5), (42,5), (-2,-2), (-2,-2), (-2,-2), (-2,-2), (-2,-2)]
Turtle 3 :[(-3,-3), (34,26), (33,26), (33,26), (34,26), (33,26), (-3,-3), (-3,-3), (-3,-3)]
Turtle 4 :[(-4,-4), (7,44), (7,44), (7,44), (7,45), (7,46), (8,46), (9,46), (-4,-4)]
Turtle 5 :[(-5,-5), (32,5), (33,5), (34,5), (35,5), (36,5), (37,5), (-5,-5), (-5,-5)]

Detection Run 130
#Info# Executed steps before collision: 8, Found collision: false
Turtle 1 :[(-1,-1), (37,20), (37,19), (36,19), (36,18), (35,18), (35,18), (35,18), (35,17)]
Turtle 2 :[(-2,-2), (4,28), (4,27), (4,26), (5,26), (5,25), (5,24), (-2,-2), (-2,-2)]
Turtle 3 :[(-3,-3), (35,16), (35,15), (34,15), (33,15), (33,15), (32,15), (-3,-3), (-3,-3)]
Turtle 4 :[(-4,-4), (0,22), (0,22), (0,22), (0,21), (0,20), (0,19), (0,18), (0,17)]
Turtle 5 :[(-5,-5), (35,22), (35,23), (34,23), (34,24), (33,24), (32,24), (-5,-5), (-5,-5)]

Detection Run 131
#Info# Executed steps before collision: 11, Found collision: false
Turtle 1 :[(-1,-1), (45,18), (45,19), (45,20), (45,21), (45,22), (45,22), (45,23), (-1,-1), (-1,-1), (-1,-1), (-1,-1)]
Turtle 2 :[(-2,-2), (35,21), (35,21), (36,21), (36,20), (36,19), (37,19), (38,19), (-2,-2), (-2,-2), (-2,-2), (-2,-2)]
Turtle 3 :[(-3,-3), (37,30), (37,30), (38,30), (39,30), (40,30), (41,30), (-3,-3), (-3,-3), (-3,-3), (-3,-3), (-3,-3)]
Turtle 4 :[(-4,-4), (4,34), (5,34), (4,34), (5,34), (5,35), (5,36), (-4,-4), (-4,-4), (-4,-4), (-4,-4), (-4,-4)]
Turtle 5 :[(-5,-5), (9,38), (9,38), (9,38), (9,37), (9,37), (8,37), (7,37), (7,37), (7,36), (7,36), (7,35)]

Detection Run 132
#Info# Executed steps before collision: 7, Found collision: false
Turtle 1 :[(-1,-1), (28,29), (27,29), (26,29), (25,29), (25,30), (-1,-1), (-1,-1)]
Turtle 2 :[(-2,-2), (34,24), (35,24), (35,25), (35,26), (36,26), (37,26), (-2,-2)]
Turtle 3 :[(-3,-3), (20,7), (20,8), (19,8), (18,8), (18,8), (17,8), (16,8)]
Turtle 4 :[(-4,-4), (37,5), (38,5), (38,4), (39,4), (39,4), (39,3), (39,2)]
Turtle 5 :[(-5,-5), (27,32), (27,32), (27,32), (26,32), (26,31), (26,30), (-5,-5)]

Detection Run 133
#Info# Executed steps before collision: 9, Found collision: false
Turtle 1 :[(-1,-1), (18,30), (18,30), (18,29), (19,29), (19,28), (19,28), (19,27), (-1,-1), (-1,-1)]
Turtle 2 :[(-2,-2), (24,7), (25,7), (25,7), (26,7), (26,7), (26,7), (26,6), (27,6), (28,6)]
Turtle 3 :[(-3,-3), (1,7), (1,7), (1,7), (1,7), (2,7), (2,8), (2,9), (3,9), (-3,-3)]
Turtle 4 :[(-4,-4), (42,11), (41,11), (41,10), (41,9), (41,8), (41,8), (40,8), (-4,-4), (-4,-4)]
Turtle 5 :[(-5,-5), (44,11), (45,11), (45,12), (45,13), (45,13), (45,14), (45,14), (45,15), (-5,-5)]

Detection Run 134
#Info# Executed steps before collision: 10, Found collision: false
Turtle 1 :[(-1,-1), (36,28), (36,27), (36,27), (35,27), (35,27), (35,26), (35,26), (35,25), (34,25), (-1,-1)]
Turtle 2 :[(-2,-2), (2,12), (2,13), (1,13), (1,14), (1,15), (1,16), (-2,-2), (-2,-2), (-2,-2), (-2,-2)]
Turtle 3 :[(-3,-3), (24,18), (24,18), (25,18), (25,18), (26,18), (26,17), (27,17), (28,17), (-3,-3), (-3,-3)]
Turtle 4 :[(-4,-4), (34,23), (34,23), (34,23), (34,23), (34,22), (34,21), (34,20), (33,20), (33,20), (33,19)]
Turtle 5 :[(-5,-5), (6,36), (5,36), (4,36), (4,36), (3,36), (3,35), (3,34), (-5,-5), (-5,-5), (-5,-5)]

Detection Run 135
#Info# Executed steps before collision: 11, Found collision: false
Turtle 1 :[(-1,-1), (47,8), (47,7), (47,7), (47,6), (46,6), (45,6), (45,6), (44,6), (-1,-1), (-1,-1), (-1,-1)]
Turtle 2 :[(-2,-2), (30,24), (29,24), (28,24), (28,23), (28,23), (27,23), (26,23), (-2,-2), (-2,-2), (-2,-2), (-2,-2)]
Turtle 3 :[(-3,-3), (34,24), (34,24), (34,24), (33,24), (32,24), (32,24), (31,24), (31,24), (31,25), (31,25), (31,26)]
Turtle 4 :[(-4,-4), (1,33), (0,33), (0,32), (0,31), (-4,-4), (-4,-4), (-4,-4), (-4,-4), (-4,-4), (-4,-4), (-4,-4)]
Turtle 5 :[(-5,-5), (2,35), (3,35), (3,34), (4,34), (4,34), (4,34), (4,34), (5,34), (-5,-5), (-5,-5), (-5,-5)]

Detection Run 136
#Info# Executed steps before collision: 10, Found collision: false
Turtle 1 :[(-1,-1), (45,47), (45,48), (45,48), (45,48), (44,48), (44,48), (45,48), (45,47), (44,47), (-1,-1)]
Turtle 2 :[(-2,-2), (9,12), (10,12), (9,12), (8,12), (8,12), (8,13), (8,13), (7,13), (-2,-2), (-2,-2)]
Turtle 3 :[(-3,-3), (7,20), (6,20), (6,20), (6,20), (6,20), (6,19), (6,18), (6,17), (6,16), (-3,-3)]
Turtle 4 :[(-4,-4), (43,8), (43,8), (44,8), (44,7), (44,7), (44,6), (44,6), (44,5), (44,5), (45,5)]
Turtle 5 :[(-5,-5), (23,14), (23,14), (22,14), (21,14), (20,14), (19,14), (19,14), (19,14), (18,14), (-5,-5)]

Detection Run 137
#Info# Executed steps before collision: 8, Found collision: false
Turtle 1 :[(-1,-1), (4,42), (3,42), (2,42), (2,43), (2,43), (2,44), (2,44), (2,45)]
Turtle 2 :[(-2,-2), (22,25), (21,25), (20,25), (20,25), (20,24), (20,23), (20,23), (20,22)]
Turtle 3 :[(-3,-3), (47,2), (47,2), (48,2), (49,2), (49,2), (49,2), (49,3), (49,4)]
Turtle 4 :[(-4,-4), (42,34), (43,34), (43,34), (43,34), (43,33), (43,32), (43,32), (44,32)]
Turtle 5 :[(-5,-5), (16,23), (16,22), (17,22), (18,22), (17,22), (18,22), (-5,-5), (-5,-5)]

Detection Run 138
#Info# Executed steps before collision: 6, Found collision: false
Turtle 1 :[(-1,-1), (15,42), (14,42), (14,43), (13,43), (13,44), (13,45)]
Turtle 2 :[(-2,-2), (26,15), (26,16), (27,16), (27,17), (27,18), (27,19)]
Turtle 3 :[(-3,-3), (21,13), (21,12), (21,13), (21,14), (20,14), (19,14)]
Turtle 4 :[(-4,-4), (24,17), (23,17), (22,17), (22,18), (22,19), (22,20)]
Turtle 5 :[(-5,-5), (38,19), (39,19), (39,20), (40,20), (40,21), (-5,-5)]

Detection Run 139
#Info# Executed steps before collision: 10, Found collision: false
Turtle 1 :[(-1,-1), (0,19), (1,19), (1,20), (1,21), (-1,-1), (-1,-1), (-1,-1), (-1,-1), (-1,-1), (-1,-1)]
Turtle 2 :[(-2,-2), (7,3), (7,3), (7,2), (7,2), (7,2), (6,2), (5,2), (5,2), (5,1), (5,0)]
Turtle 3 :[(-3,-3), (10,22), (10,21), (10,20), (11,20), (12,20), (12,19), (-3,-3), (-3,-3), (-3,-3), (-3,-3)]
Turtle 4 :[(-4,-4), (17,28), (18,28), (18,28), (19,28), (20,28), (20,28), (20,28), (20,28), (19,28), (19,27)]
Turtle 5 :[(-5,-5), (4,7), (4,6), (3,6), (2,6), (2,5), (2,5), (1,5), (-5,-5), (-5,-5), (-5,-5)]

Detection Run 140
#Info# Executed steps before collision: 9, Found collision: false
Turtle 1 :[(-1,-1), (16,27), (16,27), (15,27), (14,27), (14,28), (13,28), (13,28), (13,28), (12,28)]
Turtle 2 :[(-2,-2), (20,24), (21,24), (22,24), (22,24), (22,25), (22,26), (23,26), (-2,-2), (-2,-2)]
Turtle 3 :[(-3,-3), (29,36), (29,36), (29,37), (30,37), (31,37), (32,37), (33,37), (-3,-3), (-3,-3)]
Turtle 4 :[(-4,-4), (0,23), (1,23), (2,23), (2,24), (3,24), (3,25), (-4,-4), (-4,-4), (-4,-4)]
Turtle 5 :[(-5,-5), (24,19), (24,18), (24,18), (24,18), (24,18), (25,18), (25,19), (26,19), (27,19)]

Detection Run 141
#Info# Executed steps before collision: 10, Found collision: false
Turtle 1 :[(-1,-1), (4,15), (4,15), (4,15), (4,15), (4,16), (3,16), (3,16), (2,16), (1,16), (0,16)]
Turtle 2 :[(-2,-2), (28,11), (28,10), (28,10), (29,10), (30,10), (30,10), (30,11), (30,11), (31,11), (-2,-2)]
Turtle 3 :[(-3,-3), (32,42), (31,42), (30,42), (30,41), (30,41), (29,41), (29,41), (29,41), (29,40), (-3,-3)]
Turtle 4 :[(-4,-4), (28,14), (28,14), (27,14), (27,14), (27,13), (26,13), (26,12), (25,12), (-4,-4), (-4,-4)]
Turtle 5 :[(-5,-5), (49,20), (49,20), (48,20), (48,21), (47,21), (47,22), (46,22), (-5,-5), (-5,-5), (-5,-5)]

Detection Run 142
#Info# Executed steps before collision: 10, Found collision: false
Turtle 1 :[(-1,-1), (8,18), (8,18), (8,18), (8,19), (8,20), (8,21), (8,21), (8,21), (8,21), (8,22)]
Turtle 2 :[(-2,-2), (31,6), (31,6), (31,7), (30,7), (30,8), (30,8), (30,9), (29,9), (-2,-2), (-2,-2)]
Turtle 3 :[(-3,-3), (27,10), (27,9), (27,9), (27,8), (27,7), (27,7), (28,7), (28,6), (-3,-3), (-3,-3)]
Turtle 4 :[(-4,-4), (46,25), (46,25), (45,25), (45,24), (44,24), (44,23), (44,22), (-4,-4), (-4,-4), (-4,-4)]
Turtle 5 :[(-5,-5), (45,32), (45,32), (46,32), (46,32), (46,32), (47,32), (48,32), (48,32), (49,32), (49,33)]

Fault Detection Run 143
#Info# Executed steps before collision: 3, Found collision: true
Turtle 1 :[(-1,-1), (39,14), (39,14), (39,15), (38,15), (38,15), (38,16), (38,17), (-1,-1), (-1,-1), (-1,-1)]
Turtle 2 :[(-2,-2), (31,24), (32,24), (33,24), (34,24), (34,25), (35,25), (-2,-2), (-2,-2), (-2,-2), (-2,-2)]
Turtle 3 :[(-3,-3), (40,1), (40,2), (40,2), (40,3), (40,3), (40,4), (40,4), (40,4), (40,5), (39,5)]
Turtle 4 :[(-4,-4), (22,37), (21,37), (20,37), (20,37), (20,37), (20,37), (20,38), (19,38), (18,38), (-4,-4)]
Turtle 5 :[(-5,-5), (40,14), (40,15), (39,15), (39,16), (39,17), (39,17), (39,18), (-5,-5), (-5,-5), (-5,-5)]

