Shrinking Run 1
#Info# Executed steps before collision: 10, Found collision: false
Turtle 1 :[(-1,-1), (0,48), (0,49), (0,48), (0,49), (0,49), (-1,-1), (-1,-1), (-1,-1), (-1,-1), (-1,-1)]
Turtle 2 :[(-2,-2), (35,43), (35,43), (35,42), (35,41), (34,41), (34,40), (34,39), (-2,-2), (-2,-2), (-2,-2)]
Turtle 3 :[(-3,-3), (4,49), (3,49), (2,49), (2,49), (1,49), (-3,-3), (-3,-3), (-3,-3), (-3,-3), (-3,-3)]
Turtle 4 :[(-4,-4), (0,36), (0,36), (1,36), (1,35), (1,35), (1,35), (2,35), (2,35), (2,35), (2,34)]
Turtle 5 :[(-5,-5), (17,9), (17,9), (18,9), (18,9), (18,10), (18,10), (18,10), (19,10), (19,11), (19,12)]

Shrinking Run 2
#Info# Executed steps before collision: 10, Found collision: false
Turtle 1 :[(-1,-1), (0,48), (1,48), (1,49), (1,49), (1,48), (1,49), (-1,-1), (-1,-1), (-1,-1), (-1,-1)]
Turtle 2 :[(-2,-2), (35,43), (35,43), (35,42), (35,41), (34,41), (34,40), (34,39), (-2,-2), (-2,-2), (-2,-2)]
Turtle 3 :[(-3,-3), (4,49), (3,49), (2,49), (2,49), (1,49), (-3,-3), (-3,-3), (-3,-3), (-3,-3), (-3,-3)]
Turtle 4 :[(-4,-4), (0,36), (0,36), (1,36), (1,35), (1,35), (1,35), (2,35), (2,35), (2,35), (2,34)]
Turtle 5 :[(-5,-5), (17,9), (17,9), (18,9), (18,9), (18,10), (18,10), (18,10), (19,10), (19,11), (19,12)]

Shrinking Run 3
#Info# Executed steps before collision: 5, Found collision: true
Turtle 1 :[(-1,-1), (0,48), (1,48), (1,49), (2,49), (3,49), (-1,-1), (-1,-1), (-1,-1), (-1,-1), (-1,-1)]
Turtle 2 :[(-2,-2), (35,43), (35,43), (35,42), (35,41), (34,41), (34,40), (34,39), (-2,-2), (-2,-2), (-2,-2)]
Turtle 3 :[(-3,-3), (4,49), (3,49), (2,49), (3,49), (3,49), (2,49), (1,49), (-3,-3), (-3,-3), (-3,-3)]
Turtle 4 :[(-4,-4), (0,36), (0,36), (1,36), (1,35), (1,35), (1,35), (2,35), (2,35), (2,35), (2,34)]
Turtle 5 :[(-5,-5), (17,9), (17,9), (18,9), (18,9), (18,10), (18,10), (18,10), (19,10), (19,11), (19,12)]

Shrinking Run 4
#Info# Executed steps before collision: 10, Found collision: false
Turtle 1 :[(-1,-1), (0,48), (0,49), (0,49), (1,49), (2,49), (-1,-1), (-1,-1), (-1,-1), (-1,-1), (-1,-1)]
Turtle 2 :[(-2,-2), (35,43), (35,43), (35,42), (35,41), (34,41), (34,40), (34,39), (-2,-2), (-2,-2), (-2,-2)]
Turtle 3 :[(-3,-3), (4,49), (3,49), (2,49), (2,49), (1,49), (-3,-3), (-3,-3), (-3,-3), (-3,-3), (-3,-3)]
Turtle 4 :[(-4,-4), (0,36), (0,36), (1,36), (1,35), (1,35), (1,35), (2,35), (2,35), (2,35), (2,34)]
Turtle 5 :[(-5,-5), (17,9), (17,9), (18,9), (18,9), (18,10), (18,10), (18,10), (19,10), (19,11), (19,12)]

Shrinking Run 5
#Info# Executed steps before collision: 4, Found collision: true
Turtle 1 :[(-1,-1), (0,48), (1,48), (1,49), (2,49), (3,49), (-1,-1), (-1,-1), (-1,-1), (-1,-1), (-1,-1)]
Turtle 2 :[(-2,-2), (35,43), (35,43), (35,42), (35,41), (34,41), (34,40), (34,39), (-2,-2), (-2,-2), (-2,-2)]
Turtle 3 :[(-3,-3), (4,49), (3,49), (2,49), (2,49), (1,49), (-3,-3), (-3,-3), (-3,-3), (-3,-3), (-3,-3)]
Turtle 4 :[(-4,-4), (0,36), (0,36), (1,36), (1,35), (1,35), (1,35), (2,35), (2,35), (2,35), (2,34)]
Turtle 5 :[(-5,-5), (17,9), (17,9), (18,9), (18,9), (18,10), (18,10), (18,10), (19,10), (19,11), (19,12)]

Shrinking Run 6
#Info# Executed steps before collision: 5, Found collision: true
Turtle 1 :[(-1,-1), (0,48), (1,48), (1,49), (1,49), (2,49), (2,48), (3,48), (-1,-1), (-1,-1), (-1,-1)]
Turtle 2 :[(-2,-2), (35,43), (35,43), (35,42), (35,41), (34,41), (34,40), (34,39), (-2,-2), (-2,-2), (-2,-2)]
Turtle 3 :[(-3,-3), (4,49), (3,49), (2,49), (2,49), (2,49), (1,49), (-3,-3), (-3,-3), (-3,-3), (-3,-3)]
Turtle 4 :[(-4,-4), (0,36), (0,36), (1,36), (1,35), (1,35), (1,35), (2,35), (2,35), (2,35), (2,34)]
Turtle 5 :[(-5,-5), (17,9), (17,9), (18,9), (18,9), (18,10), (18,10), (18,10), (19,10), (19,11), (19,12)]

Shrinking Run 7
#Info# Executed steps before collision: 10, Found collision: false
Turtle 1 :[(-1,-1), (0,48), (0,47), (1,47), (1,48), (0,48), (1,48), (-1,-1), (-1,-1), (-1,-1), (-1,-1)]
Turtle 2 :[(-2,-2), (35,43), (35,43), (35,42), (35,41), (34,41), (34,40), (34,39), (-2,-2), (-2,-2), (-2,-2)]
Turtle 3 :[(-3,-3), (4,49), (3,49), (2,49), (2,49), (1,49), (-3,-3), (-3,-3), (-3,-3), (-3,-3), (-3,-3)]
Turtle 4 :[(-4,-4), (0,36), (0,36), (1,36), (1,35), (1,35), (1,35), (2,35), (2,35), (2,35), (2,34)]
Turtle 5 :[(-5,-5), (17,9), (17,9), (18,9), (18,9), (18,10), (18,10), (18,10), (19,10), (19,11), (19,12)]

Shrinking Run 8
#Info# Executed steps before collision: 10, Found collision: false
Turtle 1 :[(-1,-1), (0,48), (1,48), (2,48), (3,48), (-1,-1), (-1,-1), (-1,-1), (-1,-1), (-1,-1), (-1,-1)]
Turtle 2 :[(-2,-2), (35,43), (35,43), (35,42), (35,41), (34,41), (34,40), (34,39), (-2,-2), (-2,-2), (-2,-2)]
Turtle 3 :[(-3,-3), (4,49), (3,49), (2,49), (2,49), (1,49), (-3,-3), (-3,-3), (-3,-3), (-3,-3), (-3,-3)]
Turtle 4 :[(-4,-4), (0,36), (0,36), (1,36), (1,35), (1,35), (1,35), (2,35), (2,35), (2,35), (2,34)]
Turtle 5 :[(-5,-5), (17,9), (17,9), (18,9), (18,9), (18,10), (18,10), (18,10), (19,10), (19,11), (19,12)]

Shrinking Run 9
#Info# Executed steps before collision: 10, Found collision: false
Turtle 1 :[(-1,-1), (0,48), (1,48), (2,48), (3,48), (2,48), (3,48), (-1,-1), (-1,-1), (-1,-1), (-1,-1)]
Turtle 2 :[(-2,-2), (35,43), (35,43), (35,42), (35,41), (34,41), (34,40), (34,39), (-2,-2), (-2,-2), (-2,-2)]
Turtle 3 :[(-3,-3), (4,49), (3,49), (2,49), (2,49), (1,49), (-3,-3), (-3,-3), (-3,-3), (-3,-3), (-3,-3)]
Turtle 4 :[(-4,-4), (0,36), (0,36), (1,36), (1,35), (1,35), (1,35), (2,35), (2,35), (2,35), (2,34)]
Turtle 5 :[(-5,-5), (17,9), (17,9), (18,9), (18,9), (18,10), (18,10), (18,10), (19,10), (19,11), (19,12)]

Shrinking Run 10
#Info# Executed steps before collision: 4, Found collision: true
Turtle 1 :[(-1,-1), (0,48), (1,48), (2,48), (2,48), (2,49), (2,48), (3,48), (-1,-1), (-1,-1), (-1,-1)]
Turtle 2 :[(-2,-2), (35,43), (35,43), (35,42), (35,41), (34,41), (34,40), (34,39), (-2,-2), (-2,-2), (-2,-2)]
Turtle 3 :[(-3,-3), (4,49), (3,49), (2,49), (2,48), (2,47), (1,47), (1,48), (1,49), (-3,-3), (-3,-3)]
Turtle 4 :[(-4,-4), (0,36), (0,36), (1,36), (1,35), (1,35), (1,35), (2,35), (2,35), (2,35), (2,34)]
Turtle 5 :[(-5,-5), (17,9), (17,9), (18,9), (18,9), (18,10), (18,10), (18,10), (19,10), (19,11), (19,12)]

Shrinking Run 11
#Info# Executed steps before collision: 10, Found collision: false
Turtle 1 :[(-1,-1), (0,48), (1,48), (2,48), (2,48), (2,49), (2,48), (3,48), (-1,-1), (-1,-1), (-1,-1)]
Turtle 2 :[(-2,-2), (35,43), (35,43), (35,42), (34,42), (34,41), (33,41), (33,40), (-2,-2), (-2,-2), (-2,-2)]
Turtle 3 :[(-3,-3), (4,49), (3,49), (2,49), (2,49), (2,48), (2,47), (1,47), (1,48), (1,49), (-3,-3)]
Turtle 4 :[(-4,-4), (0,36), (0,36), (1,36), (1,35), (1,35), (1,35), (2,35), (2,35), (2,35), (2,34)]
Turtle 5 :[(-5,-5), (17,9), (17,9), (18,9), (18,9), (18,10), (18,10), (18,10), (19,10), (19,11), (19,12)]

Shrinking Run 12
#Info# Executed steps before collision: 10, Found collision: false
Turtle 1 :[(-1,-1), (0,48), (1,48), (2,48), (3,48), (-1,-1), (-1,-1), (-1,-1), (-1,-1), (-1,-1), (-1,-1)]
Turtle 2 :[(-2,-2), (35,43), (35,43), (35,42), (35,41), (35,40), (34,40), (34,39), (-2,-2), (-2,-2), (-2,-2)]
Turtle 3 :[(-3,-3), (4,49), (3,49), (2,49), (2,49), (2,49), (1,49), (-3,-3), (-3,-3), (-3,-3), (-3,-3)]
Turtle 4 :[(-4,-4), (0,36), (0,36), (1,36), (1,35), (1,35), (1,35), (2,35), (2,35), (2,35), (2,34)]
Turtle 5 :[(-5,-5), (17,9), (17,9), (18,9), (18,9), (18,10), (18,10), (18,10), (19,10), (19,11), (19,12)]

Shrinking Run 13
#Info# Executed steps before collision: 10, Found collision: false
Turtle 1 :[(-1,-1), (0,48), (1,48), (2,48), (2,49), (2,48), (3,48), (-1,-1), (-1,-1), (-1,-1), (-1,-1)]
Turtle 2 :[(-2,-2), (35,43), (35,43), (35,42), (34,42), (34,41), (34,40), (34,39), (-2,-2), (-2,-2), (-2,-2)]
Turtle 3 :[(-3,-3), (4,49), (3,49), (2,49), (1,49), (-3,-3), (-3,-3), (-3,-3), (-3,-3), (-3,-3), (-3,-3)]
Turtle 4 :[(-4,-4), (0,36), (0,36), (1,36), (1,35), (1,35), (1,35), (2,35), (2,35), (2,35), (2,34)]
Turtle 5 :[(-5,-5), (17,9), (17,9), (18,9), (18,9), (18,10), (18,10), (18,10), (19,10), (19,11), (19,12)]

Shrinking Run 14
#Info# Executed steps before collision: 10, Found collision: false
Turtle 1 :[(-1,-1), (0,48), (1,48), (2,48), (2,47), (2,48), (3,48), (-1,-1), (-1,-1), (-1,-1), (-1,-1)]
Turtle 2 :[(-2,-2), (35,43), (35,43), (34,43), (34,42), (34,41), (34,40), (34,39), (-2,-2), (-2,-2), (-2,-2)]
Turtle 3 :[(-3,-3), (4,49), (3,49), (2,49), (2,49), (2,49), (1,49), (-3,-3), (-3,-3), (-3,-3), (-3,-3)]
Turtle 4 :[(-4,-4), (0,36), (0,36), (1,36), (1,35), (1,35), (1,35), (2,35), (2,35), (2,35), (2,34)]
Turtle 5 :[(-5,-5), (17,9), (17,9), (18,9), (18,9), (18,10), (18,10), (18,10), (19,10), (19,11), (19,12)]

Shrinking Run 15
#Info# Executed steps before collision: 10, Found collision: false
Turtle 1 :[(-1,-1), (0,48), (1,48), (2,48), (2,47), (2,48), (3,48), (-1,-1), (-1,-1), (-1,-1), (-1,-1)]
Turtle 2 :[(-2,-2), (35,43), (35,43), (35,42), (35,41), (34,41), (34,40), (33,40), (-2,-2), (-2,-2), (-2,-2)]
Turtle 3 :[(-3,-3), (4,49), (3,49), (2,49), (2,49), (2,49), (1,49), (-3,-3), (-3,-3), (-3,-3), (-3,-3)]
Turtle 4 :[(-4,-4), (0,36), (0,36), (1,36), (1,35), (1,35), (1,35), (2,35), (2,35), (2,35), (2,34)]
Turtle 5 :[(-5,-5), (17,9), (17,9), (18,9), (18,9), (18,10), (18,10), (18,10), (19,10), (19,11), (19,12)]

Shrinking Run 16
#Info# Executed steps before collision: 10, Found collision: false
Turtle 1 :[(-1,-1), (0,48), (1,48), (2,48), (2,48), (2,49), (2,48), (3,48), (-1,-1), (-1,-1), (-1,-1)]
Turtle 2 :[(-2,-2), (35,43), (34,43), (34,42), (34,41), (34,40), (34,39), (-2,-2), (-2,-2), (-2,-2), (-2,-2)]
Turtle 3 :[(-3,-3), (4,49), (3,49), (2,49), (3,49), (3,49), (4,49), (3,49), (2,49), (1,49), (-3,-3)]
Turtle 4 :[(-4,-4), (0,36), (0,36), (1,36), (1,35), (1,35), (1,35), (2,35), (2,35), (2,35), (2,34)]
Turtle 5 :[(-5,-5), (17,9), (17,9), (18,9), (18,9), (18,10), (18,10), (18,10), (19,10), (19,11), (19,12)]

Shrinking Run 17
#Info# Executed steps before collision: 10, Found collision: false
Turtle 1 :[(-1,-1), (0,48), (1,48), (2,48), (2,48), (2,49), (2,48), (3,48), (-1,-1), (-1,-1), (-1,-1)]
Turtle 2 :[(-2,-2), (35,43), (35,42), (35,41), (35,40), (35,40), (34,40), (34,39), (-2,-2), (-2,-2), (-2,-2)]
Turtle 3 :[(-3,-3), (4,49), (3,49), (2,49), (2,49), (1,49), (-3,-3), (-3,-3), (-3,-3), (-3,-3), (-3,-3)]
Turtle 4 :[(-4,-4), (0,36), (0,36), (1,36), (1,35), (1,35), (1,35), (2,35), (2,35), (2,35), (2,34)]
Turtle 5 :[(-5,-5), (17,9), (17,9), (18,9), (18,9), (18,10), (18,10), (18,10), (19,10), (19,11), (19,12)]

Shrinking Run 18
#Info# Executed steps before collision: 10, Found collision: false
Turtle 1 :[(-1,-1), (0,48), (1,48), (2,48), (2,48), (2,49), (2,48), (3,48), (-1,-1), (-1,-1), (-1,-1)]
Turtle 2 :[(-2,-2), (35,43), (34,43), (34,42), (34,41), (34,41), (34,40), (34,39), (-2,-2), (-2,-2), (-2,-2)]
Turtle 3 :[(-3,-3), (4,49), (3,49), (2,49), (3,49), (3,48), (3,49), (2,49), (1,49), (-3,-3), (-3,-3)]
Turtle 4 :[(-4,-4), (0,36), (0,36), (1,36), (1,35), (1,35), (1,35), (2,35), (2,35), (2,35), (2,34)]
Turtle 5 :[(-5,-5), (17,9), (17,9), (18,9), (18,9), (18,10), (18,10), (18,10), (19,10), (19,11), (19,12)]

Shrinking Run 19
#Info# Executed steps before collision: 10, Found collision: false
Turtle 1 :[(-1,-1), (0,48), (1,48), (2,48), (2,47), (2,48), (3,48), (-1,-1), (-1,-1), (-1,-1), (-1,-1)]
Turtle 2 :[(-2,-2), (35,43), (35,43), (35,42), (35,41), (34,41), (34,40), (34,39), (-2,-2), (-2,-2), (-2,-2)]
Turtle 3 :[(-3,-3), (4,49), (3,49), (2,49), (1,49), (1,49), (0,49), (-3,-3), (-3,-3), (-3,-3), (-3,-3)]
Turtle 4 :[(-4,-4), (0,36), (0,36), (1,36), (1,35), (1,35), (1,35), (2,35), (2,35), (2,35), (2,34)]
Turtle 5 :[(-5,-5), (17,9), (17,9), (18,9), (18,9), (18,10), (18,10), (18,10), (19,10), (19,11), (19,12)]

Shrinking Run 20
#Info# Executed steps before collision: 10, Found collision: false
Turtle 1 :[(-1,-1), (0,48), (1,48), (2,48), (1,48), (2,48), (3,48), (-1,-1), (-1,-1), (-1,-1), (-1,-1)]
Turtle 2 :[(-2,-2), (35,43), (35,43), (35,42), (35,41), (34,41), (34,40), (34,39), (-2,-2), (-2,-2), (-2,-2)]
Turtle 3 :[(-3,-3), (4,49), (3,49), (2,49), (2,48), (2,47), (1,47), (-3,-3), (-3,-3), (-3,-3), (-3,-3)]
Turtle 4 :[(-4,-4), (0,36), (0,36), (1,36), (1,35), (1,35), (1,35), (2,35), (2,35), (2,35), (2,34)]
Turtle 5 :[(-5,-5), (17,9), (17,9), (18,9), (18,9), (18,10), (18,10), (18,10), (19,10), (19,11), (19,12)]

Shrinking Run 21
#Info# Executed steps before collision: 10, Found collision: false
Turtle 1 :[(-1,-1), (0,48), (1,48), (2,48), (2,48), (2,49), (1,49), (2,49), (2,48), (3,48), (-1,-1)]
Turtle 2 :[(-2,-2), (35,43), (35,43), (35,42), (35,41), (34,41), (34,40), (34,39), (-2,-2), (-2,-2), (-2,-2)]
Turtle 3 :[(-3,-3), (4,49), (3,49), (2,49), (1,49), (1,48), (1,47), (-3,-3), (-3,-3), (-3,-3), (-3,-3)]
Turtle 4 :[(-4,-4), (0,36), (0,36), (1,36), (1,35), (1,35), (1,35), (2,35), (2,35), (2,35), (2,34)]
Turtle 5 :[(-5,-5), (17,9), (17,9), (18,9), (18,9), (18,10), (18,10), (18,10), (19,10), (19,11), (19,12)]

Shrinking Run 22
#Info# Executed steps before collision: 10, Found collision: false
Turtle 1 :[(-1,-1), (0,48), (1,48), (2,48), (3,48), (-1,-1), (-1,-1), (-1,-1), (-1,-1), (-1,-1), (-1,-1)]
Turtle 2 :[(-2,-2), (35,43), (35,43), (35,42), (35,41), (34,41), (34,40), (34,39), (-2,-2), (-2,-2), (-2,-2)]
Turtle 3 :[(-3,-3), (4,49), (3,49), (2,49), (2,48), (1,48), (-3,-3), (-3,-3), (-3,-3), (-3,-3), (-3,-3)]
Turtle 4 :[(-4,-4), (0,36), (0,36), (1,36), (1,35), (1,35), (1,35), (2,35), (2,35), (2,35), (2,34)]
Turtle 5 :[(-5,-5), (17,9), (17,9), (18,9), (18,9), (18,10), (18,10), (18,10), (19,10), (19,11), (19,12)]

Shrinking Run 23
#Info# Executed steps before collision: 10, Found collision: false
Turtle 1 :[(-1,-1), (0,48), (1,48), (2,48), (2,49), (2,48), (3,48), (-1,-1), (-1,-1), (-1,-1), (-1,-1)]
Turtle 2 :[(-2,-2), (35,43), (35,43), (35,42), (35,41), (34,41), (34,40), (34,39), (-2,-2), (-2,-2), (-2,-2)]
Turtle 3 :[(-3,-3), (4,49), (4,48), (3,48), (3,49), (3,49), (2,49), (1,49), (-3,-3), (-3,-3), (-3,-3)]
Turtle 4 :[(-4,-4), (0,36), (0,36), (1,36), (1,35), (1,35), (1,35), (2,35), (2,35), (2,35), (2,34)]
Turtle 5 :[(-5,-5), (17,9), (17,9), (18,9), (18,9), (18,10), (18,10), (18,10), (19,10), (19,11), (19,12)]

Shrinking Run 24
#Info# Executed steps before collision: 10, Found collision: false
Turtle 1 :[(-1,-1), (0,48), (1,48), (2,48), (1,48), (2,48), (3,48), (-1,-1), (-1,-1), (-1,-1), (-1,-1)]
Turtle 2 :[(-2,-2), (35,43), (35,43), (35,42), (35,41), (34,41), (34,40), (34,39), (-2,-2), (-2,-2), (-2,-2)]
Turtle 3 :[(-3,-3), (4,49), (3,49), (2,49), (2,48), (2,49), (1,49), (-3,-3), (-3,-3), (-3,-3), (-3,-3)]
Turtle 4 :[(-4,-4), (0,36), (0,36), (1,36), (1,35), (1,35), (1,35), (2,35), (2,35), (2,35), (2,34)]
Turtle 5 :[(-5,-5), (17,9), (17,9), (18,9), (18,9), (18,10), (18,10), (18,10), (19,10), (19,11), (19,12)]

Shrinking Run 25
#Info# Executed steps before collision: 4, Found collision: true
Turtle 1 :[(-1,-1), (0,48), (1,48), (2,48), (2,49), (2,48), (3,48), (-1,-1), (-1,-1), (-1,-1), (-1,-1)]
Turtle 2 :[(-2,-2), (35,43), (35,43), (35,42), (35,41), (34,41), (34,40), (34,39), (-2,-2), (-2,-2), (-2,-2)]
Turtle 3 :[(-3,-3), (4,49), (3,49), (3,49), (2,49), (1,49), (-3,-3), (-3,-3), (-3,-3), (-3,-3), (-3,-3)]
Turtle 4 :[(-4,-4), (0,36), (0,36), (1,36), (1,35), (1,35), (1,35), (2,35), (2,35), (2,35), (2,34)]
Turtle 5 :[(-5,-5), (17,9), (17,9), (18,9), (18,9), (18,10), (18,10), (18,10), (19,10), (19,11), (19,12)]

Shrinking Run 26
#Info# Executed steps before collision: 10, Found collision: false
Turtle 1 :[(-1,-1), (0,48), (1,48), (2,48), (2,49), (2,48), (1,48), (2,48), (3,48), (-1,-1), (-1,-1)]
Turtle 2 :[(-2,-2), (35,43), (35,43), (35,42), (35,41), (34,41), (34,40), (34,39), (-2,-2), (-2,-2), (-2,-2)]
Turtle 3 :[(-3,-3), (4,49), (3,49), (3,49), (4,49), (3,49), (2,49), (1,49), (-3,-3), (-3,-3), (-3,-3)]
Turtle 4 :[(-4,-4), (0,36), (0,36), (0,36), (0,35), (1,35), (1,35), (1,35), (1,35), (1,35), (1,34)]
Turtle 5 :[(-5,-5), (17,9), (17,9), (18,9), (18,9), (18,10), (18,10), (18,10), (19,10), (19,11), (19,12)]

Shrinking Run 27
#Info# Executed steps before collision: 4, Found collision: true
Turtle 1 :[(-1,-1), (0,48), (1,48), (2,48), (2,49), (2,48), (3,48), (-1,-1), (-1,-1), (-1,-1), (-1,-1), (-1,-1)]
Turtle 2 :[(-2,-2), (35,43), (35,43), (35,42), (35,41), (34,41), (34,40), (34,39), (-2,-2), (-2,-2), (-2,-2), (-2,-2)]
Turtle 3 :[(-3,-3), (4,49), (3,49), (3,49), (2,49), (1,49), (-3,-3), (-3,-3), (-3,-3), (-3,-3), (-3,-3), (-3,-3)]
Turtle 4 :[(-4,-4), (0,36), (1,36), (2,36), (2,35), (1,35), (1,35), (1,35), (1,35), (1,35), (1,35), (1,34)]
Turtle 5 :[(-5,-5), (17,9), (17,9), (18,9), (18,9), (18,10), (18,10), (18,10), (19,10), (19,11), (19,12), (-5,-5)]

Shrinking Run 28
#Info# Executed steps before collision: 4, Found collision: true
Turtle 1 :[(-1,-1), (0,48), (1,48), (2,48), (2,49), (2,48), (3,48), (-1,-1), (-1,-1), (-1,-1), (-1,-1)]
Turtle 2 :[(-2,-2), (35,43), (35,43), (35,42), (35,41), (34,41), (34,40), (34,39), (-2,-2), (-2,-2), (-2,-2)]
Turtle 3 :[(-3,-3), (4,49), (3,49), (3,49), (2,49), (1,49), (-3,-3), (-3,-3), (-3,-3), (-3,-3), (-3,-3)]
Turtle 4 :[(-4,-4), (0,36), (0,36), (0,35), (0,34), (0,34), (1,34), (1,33), (1,33), (1,32), (-4,-4)]
Turtle 5 :[(-5,-5), (17,9), (17,9), (18,9), (18,9), (18,10), (18,10), (18,10), (19,10), (19,11), (19,12)]

Shrinking Run 29
#Info# Executed steps before collision: 10, Found collision: false
Turtle 1 :[(-1,-1), (0,48), (1,48), (2,48), (2,49), (2,48), (3,48), (-1,-1), (-1,-1), (-1,-1), (-1,-1)]
Turtle 2 :[(-2,-2), (35,43), (35,43), (35,42), (35,41), (34,41), (34,40), (34,39), (-2,-2), (-2,-2), (-2,-2)]
Turtle 3 :[(-3,-3), (4,49), (3,49), (3,49), (3,48), (3,47), (2,47), (2,48), (1,48), (1,49), (-3,-3)]
Turtle 4 :[(-4,-4), (0,36), (0,36), (0,35), (0,34), (0,34), (0,33), (0,32), (0,32), (0,31), (-4,-4)]
Turtle 5 :[(-5,-5), (17,9), (17,9), (18,9), (18,9), (18,10), (18,10), (18,10), (19,10), (19,11), (19,12)]

Shrinking Run 30
#Info# Executed steps before collision: 10, Found collision: false
Turtle 1 :[(-1,-1), (0,48), (1,48), (2,48), (2,49), (2,48), (3,48), (-1,-1), (-1,-1), (-1,-1), (-1,-1)]
Turtle 2 :[(-2,-2), (35,43), (35,43), (35,42), (35,41), (34,41), (34,40), (34,39), (-2,-2), (-2,-2), (-2,-2)]
Turtle 3 :[(-3,-3), (4,49), (3,49), (3,49), (4,49), (3,49), (2,49), (1,49), (-3,-3), (-3,-3), (-3,-3)]
Turtle 4 :[(-4,-4), (0,36), (0,36), (0,35), (1,35), (1,35), (1,34), (1,33), (1,33), (1,32), (-4,-4)]
Turtle 5 :[(-5,-5), (17,9), (17,9), (18,9), (18,9), (18,10), (18,10), (18,10), (19,10), (19,11), (19,12)]

Shrinking Run 31
#Info# Executed steps before collision: 4, Found collision: true
Turtle 1 :[(-1,-1), (0,48), (1,48), (2,48), (2,49), (2,48), (3,48), (-1,-1), (-1,-1), (-1,-1), (-1,-1)]
Turtle 2 :[(-2,-2), (35,43), (35,43), (35,42), (35,41), (34,41), (34,40), (34,39), (-2,-2), (-2,-2), (-2,-2)]
Turtle 3 :[(-3,-3), (4,49), (3,49), (3,49), (2,49), (1,49), (-3,-3), (-3,-3), (-3,-3), (-3,-3), (-3,-3)]
Turtle 4 :[(-4,-4), (0,36), (0,36), (1,36), (1,35), (1,35), (1,34), (1,33), (1,33), (1,32), (-4,-4)]
Turtle 5 :[(-5,-5), (17,9), (17,9), (18,9), (18,9), (18,10), (18,10), (18,10), (19,10), (19,11), (19,12)]

Shrinking Run 32
#Info# Executed steps before collision: 4, Found collision: true
Turtle 1 :[(-1,-1), (0,48), (1,48), (2,48), (2,49), (2,48), (3,48), (-1,-1), (-1,-1), (-1,-1), (-1,-1)]
Turtle 2 :[(-2,-2), (35,43), (35,43), (35,42), (35,41), (34,41), (34,40), (34,39), (-2,-2), (-2,-2), (-2,-2)]
Turtle 3 :[(-3,-3), (4,49), (3,49), (3,49), (2,49), (1,49), (-3,-3), (-3,-3), (-3,-3), (-3,-3), (-3,-3)]
Turtle 4 :[(-4,-4), (0,36), (0,35), (0,34), (1,34), (1,33), (1,32), (-4,-4), (-4,-4), (-4,-4), (-4,-4)]
Turtle 5 :[(-5,-5), (17,9), (17,9), (18,9), (18,9), (18,10), (18,10), (18,10), (19,10), (19,11), (19,12)]

Shrinking Run 33
#Info# Executed steps before collision: 11, Found collision: false
Turtle 1 :[(-1,-1), (0,48), (1,48), (2,48), (2,49), (2,48), (3,48), (-1,-1), (-1,-1), (-1,-1), (-1,-1), (-1,-1)]
Turtle 2 :[(-2,-2), (35,43), (35,43), (35,42), (35,41), (34,41), (34,40), (34,39), (-2,-2), (-2,-2), (-2,-2), (-2,-2)]
Turtle 3 :[(-3,-3), (4,49), (3,49), (3,49), (3,48), (3,48), (4,48), (4,48), (3,48), (3,49), (2,49), (1,49)]
Turtle 4 :[(-4,-4), (0,36), (0,35), (1,35), (1,34), (1,33), (1,32), (-4,-4), (-4,-4), (-4,-4), (-4,-4), (-4,-4)]
Turtle 5 :[(-5,-5), (17,9), (17,9), (18,9), (18,9), (18,10), (18,10), (18,10), (19,10), (19,11), (19,12), (-5,-5)]

Shrinking Run 34
#Info# Executed steps before collision: 10, Found collision: false
Turtle 1 :[(-1,-1), (0,48), (1,48), (2,48), (2,49), (2,48), (3,48), (-1,-1), (-1,-1), (-1,-1), (-1,-1)]
Turtle 2 :[(-2,-2), (35,43), (35,43), (35,42), (35,41), (34,41), (34,40), (34,39), (-2,-2), (-2,-2), (-2,-2)]
Turtle 3 :[(-3,-3), (4,49), (3,49), (3,49), (3,49), (3,49), (2,49), (1,49), (-3,-3), (-3,-3), (-3,-3)]
Turtle 4 :[(-4,-4), (0,36), (1,36), (1,35), (1,34), (1,33), (1,32), (-4,-4), (-4,-4), (-4,-4), (-4,-4)]
Turtle 5 :[(-5,-5), (17,9), (17,9), (18,9), (18,9), (18,10), (18,10), (18,10), (19,10), (19,11), (19,12)]

Shrinking Run 35
#Info# Executed steps before collision: 4, Found collision: true
Turtle 1 :[(-1,-1), (0,48), (1,48), (2,48), (2,49), (2,48), (3,48), (-1,-1), (-1,-1), (-1,-1), (-1,-1)]
Turtle 2 :[(-2,-2), (35,43), (35,43), (35,42), (35,41), (34,41), (34,40), (34,39), (-2,-2), (-2,-2), (-2,-2)]
Turtle 3 :[(-3,-3), (4,49), (3,49), (3,49), (2,49), (1,49), (-3,-3), (-3,-3), (-3,-3), (-3,-3), (-3,-3)]
Turtle 4 :[(-4,-4), (0,36), (0,35), (0,34), (1,34), (1,33), (1,32), (-4,-4), (-4,-4), (-4,-4), (-4,-4)]
Turtle 5 :[(-5,-5), (17,9), (17,9), (16,9), (16,9), (15,9), (15,9), (15,9), (14,9), (14,10), (14,11)]

Shrinking Run 36
#Info# Executed steps before collision: 4, Found collision: true
Turtle 1 :[(-1,-1), (0,48), (1,48), (2,48), (2,49), (2,48), (3,48), (-1,-1), (-1,-1), (-1,-1), (-1,-1)]
Turtle 2 :[(-2,-2), (35,43), (35,43), (35,42), (35,41), (34,41), (34,40), (34,39), (-2,-2), (-2,-2), (-2,-2)]
Turtle 3 :[(-3,-3), (4,49), (3,49), (3,49), (2,49), (1,49), (-3,-3), (-3,-3), (-3,-3), (-3,-3), (-3,-3)]
Turtle 4 :[(-4,-4), (0,36), (0,35), (0,34), (1,34), (1,33), (1,32), (-4,-4), (-4,-4), (-4,-4), (-4,-4)]
Turtle 5 :[(-5,-5), (17,9), (17,9), (16,9), (16,9), (16,8), (16,8), (16,8), (15,8), (15,7), (15,6)]

Shrinking Run 37
#Info# Executed steps before collision: 4, Found collision: true
Turtle 1 :[(-1,-1), (0,48), (1,48), (2,48), (2,49), (2,48), (3,48), (-1,-1), (-1,-1), (-1,-1), (-1,-1)]
Turtle 2 :[(-2,-2), (35,43), (35,43), (35,42), (35,41), (34,41), (34,40), (34,39), (-2,-2), (-2,-2), (-2,-2)]
Turtle 3 :[(-3,-3), (4,49), (3,49), (3,49), (2,49), (1,49), (-3,-3), (-3,-3), (-3,-3), (-3,-3), (-3,-3)]
Turtle 4 :[(-4,-4), (0,36), (0,35), (0,34), (1,34), (1,33), (1,32), (-4,-4), (-4,-4), (-4,-4), (-4,-4)]
Turtle 5 :[(-5,-5), (17,9), (17,9), (16,9), (16,9), (16,8), (16,8), (16,8), (15,8), (14,8), (14,7)]

Shrinking Run 38
#Info# Executed steps before collision: 4, Found collision: true
Turtle 1 :[(-1,-1), (0,48), (1,48), (2,48), (2,49), (2,48), (3,48), (-1,-1), (-1,-1), (-1,-1), (-1,-1)]
Turtle 2 :[(-2,-2), (35,43), (35,43), (35,42), (35,41), (34,41), (34,40), (34,39), (-2,-2), (-2,-2), (-2,-2)]
Turtle 3 :[(-3,-3), (4,49), (3,49), (3,49), (2,49), (1,49), (-3,-3), (-3,-3), (-3,-3), (-3,-3), (-3,-3)]
Turtle 4 :[(-4,-4), (0,36), (0,35), (0,34), (1,34), (1,33), (1,32), (-4,-4), (-4,-4), (-4,-4), (-4,-4)]
Turtle 5 :[(-5,-5), (17,9), (17,9), (16,9), (16,9), (15,9), (15,9), (15,9), (14,9), (13,9), (13,8)]

Shrinking Run 39
#Info# Executed steps before collision: 4, Found collision: true
Turtle 1 :[(-1,-1), (0,48), (1,48), (2,48), (2,49), (2,48), (3,48), (-1,-1), (-1,-1), (-1,-1), (-1,-1)]
Turtle 2 :[(-2,-2), (35,43), (35,43), (35,42), (35,41), (34,41), (34,40), (34,39), (-2,-2), (-2,-2), (-2,-2)]
Turtle 3 :[(-3,-3), (4,49), (3,49), (3,49), (2,49), (1,49), (-3,-3), (-3,-3), (-3,-3), (-3,-3), (-3,-3)]
Turtle 4 :[(-4,-4), (0,36), (0,35), (0,34), (1,34), (1,33), (1,32), (-4,-4), (-4,-4), (-4,-4), (-4,-4)]
Turtle 5 :[(-5,-5), (17,9), (17,9), (16,9), (16,9), (15,9), (15,9), (15,9), (14,9), (13,9), (12,9)]

Shrinking Run 40
#Info# Executed steps before collision: 4, Found collision: true
Turtle 1 :[(-1,-1), (0,48), (1,48), (2,48), (2,49), (2,48), (3,48), (-1,-1)]
Turtle 2 :[(-2,-2), (35,43), (35,43), (35,42), (35,41), (34,41), (34,40), (34,39)]
Turtle 3 :[(-3,-3), (4,49), (3,49), (3,49), (2,49), (1,49), (-3,-3), (-3,-3)]
Turtle 4 :[(-4,-4), (0,36), (0,35), (0,34), (1,34), (1,33), (1,32), (-4,-4)]
Turtle 5 :[(-5,-5), (17,9), (16,9), (15,9), (14,9), (13,9), (12,9), (-5,-5)]

Shrinking Run 41
#Info# Executed steps before collision: 7, Found collision: false
Turtle 1 :[(-1,-1), (0,48), (0,49), (0,48), (0,49), (0,49), (-1,-1), (-1,-1)]
Turtle 2 :[(-2,-2), (35,43), (35,43), (35,42), (35,41), (34,41), (34,40), (34,39)]
Turtle 3 :[(-3,-3), (4,49), (3,49), (3,49), (2,49), (1,49), (-3,-3), (-3,-3)]
Turtle 4 :[(-4,-4), (0,36), (0,35), (0,34), (1,34), (1,33), (1,32), (-4,-4)]
Turtle 5 :[(-5,-5), (17,9), (16,9), (15,9), (14,9), (13,9), (12,9), (-5,-5)]

Shrinking Run 42
#Info# Executed steps before collision: 8, Found collision: false
Turtle 1 :[(-1,-1), (0,48), (1,48), (1,49), (1,49), (1,48), (2,48), (2,49), (1,49)]
Turtle 2 :[(-2,-2), (35,43), (35,43), (35,42), (35,41), (34,41), (34,40), (34,39), (-2,-2)]
Turtle 3 :[(-3,-3), (4,49), (3,49), (3,49), (2,49), (2,49), (1,49), (-3,-3), (-3,-3)]
Turtle 4 :[(-4,-4), (0,36), (0,35), (0,34), (1,34), (1,33), (1,32), (-4,-4), (-4,-4)]
Turtle 5 :[(-5,-5), (17,9), (16,9), (15,9), (14,9), (13,9), (12,9), (-5,-5), (-5,-5)]

Shrinking Run 43
#Info# Executed steps before collision: 9, Found collision: false
Turtle 1 :[(-1,-1), (0,48), (0,49), (0,49), (1,49), (2,49), (-1,-1), (-1,-1), (-1,-1), (-1,-1)]
Turtle 2 :[(-2,-2), (35,43), (35,43), (35,42), (35,41), (34,41), (34,40), (34,39), (-2,-2), (-2,-2)]
Turtle 3 :[(-3,-3), (4,49), (3,49), (3,49), (4,49), (3,49), (3,48), (2,48), (1,48), (1,49)]
Turtle 4 :[(-4,-4), (0,36), (0,35), (0,34), (1,34), (1,33), (1,32), (-4,-4), (-4,-4), (-4,-4)]
Turtle 5 :[(-5,-5), (17,9), (16,9), (15,9), (14,9), (13,9), (12,9), (-5,-5), (-5,-5), (-5,-5)]

Shrinking Run 44
#Info# Executed steps before collision: 7, Found collision: false
Turtle 1 :[(-1,-1), (0,48), (0,47), (1,47), (1,48), (0,48), (1,48), (-1,-1)]
Turtle 2 :[(-2,-2), (35,43), (35,43), (35,42), (35,41), (34,41), (34,40), (34,39)]
Turtle 3 :[(-3,-3), (4,49), (3,49), (3,49), (2,49), (1,49), (-3,-3), (-3,-3)]
Turtle 4 :[(-4,-4), (0,36), (0,35), (0,34), (1,34), (1,33), (1,32), (-4,-4)]
Turtle 5 :[(-5,-5), (17,9), (16,9), (15,9), (14,9), (13,9), (12,9), (-5,-5)]

Shrinking Run 45
#Info# Executed steps before collision: 7, Found collision: false
Turtle 1 :[(-1,-1), (0,48), (1,48), (2,48), (2,49), (2,48), (3,48), (-1,-1)]
Turtle 2 :[(-2,-2), (35,43), (35,43), (35,42), (34,42), (34,41), (33,41), (33,40)]
Turtle 3 :[(-3,-3), (4,49), (3,49), (3,49), (3,49), (3,49), (2,49), (1,49)]
Turtle 4 :[(-4,-4), (0,36), (0,35), (0,34), (1,34), (1,33), (1,32), (-4,-4)]
Turtle 5 :[(-5,-5), (17,9), (16,9), (15,9), (14,9), (13,9), (12,9), (-5,-5)]

Shrinking Run 46
#Info# Executed steps before collision: 4, Found collision: true
Turtle 1 :[(-1,-1), (0,48), (1,48), (2,48), (2,49), (2,48), (3,48), (-1,-1)]
Turtle 2 :[(-2,-2), (35,43), (35,43), (35,42), (35,41), (35,40), (34,40), (34,39)]
Turtle 3 :[(-3,-3), (4,49), (3,49), (3,49), (2,49), (1,49), (-3,-3), (-3,-3)]
Turtle 4 :[(-4,-4), (0,36), (0,35), (0,34), (1,34), (1,33), (1,32), (-4,-4)]
Turtle 5 :[(-5,-5), (17,9), (16,9), (15,9), (14,9), (13,9), (12,9), (-5,-5)]

Shrinking Run 47
#Info# Executed steps before collision: 7, Found collision: false
Turtle 1 :[(-1,-1), (0,48), (1,48), (2,48), (2,49), (2,48), (3,48), (-1,-1)]
Turtle 2 :[(-2,-2), (35,43), (35,43), (35,42), (35,41), (34,41), (33,41), (33,40)]
Turtle 3 :[(-3,-3), (4,49), (3,49), (3,49), (4,49), (3,49), (2,49), (1,49)]
Turtle 4 :[(-4,-4), (0,36), (0,35), (0,34), (1,34), (1,33), (1,32), (-4,-4)]
Turtle 5 :[(-5,-5), (17,9), (16,9), (15,9), (14,9), (13,9), (12,9), (-5,-5)]

Shrinking Run 48
#Info# Executed steps before collision: 4, Found collision: true
Turtle 1 :[(-1,-1), (0,48), (1,48), (2,48), (2,49), (2,48), (3,48), (-1,-1)]
Turtle 2 :[(-2,-2), (35,43), (35,43), (35,42), (34,42), (34,41), (34,40), (34,39)]
Turtle 3 :[(-3,-3), (4,49), (3,49), (3,49), (2,49), (1,49), (-3,-3), (-3,-3)]
Turtle 4 :[(-4,-4), (0,36), (0,35), (0,34), (1,34), (1,33), (1,32), (-4,-4)]
Turtle 5 :[(-5,-5), (17,9), (16,9), (15,9), (14,9), (13,9), (12,9), (-5,-5)]

Shrinking Run 49
#Info# Executed steps before collision: 12, Found collision: false
Turtle 1 :[(-1,-1), (0,48), (1,48), (2,48), (2,49), (2,48), (3,48), (-1,-1), (-1,-1), (-1,-1), (-1,-1), (-1,-1), (-1,-1)]
Turtle 2 :[(-2,-2), (35,43), (35,43), (34,43), (33,43), (33,42), (33,41), (33,40), (-2,-2), (-2,-2), (-2,-2), (-2,-2), (-2,-2)]
Turtle 3 :[(-3,-3), (4,49), (3,49), (3,49), (3,49), (3,48), (4,48), (5,48), (4,48), (4,49), (3,49), (2,49), (1,49)]
Turtle 4 :[(-4,-4), (0,36), (0,35), (0,34), (1,34), (1,33), (1,32), (-4,-4), (-4,-4), (-4,-4), (-4,-4), (-4,-4), (-4,-4)]
Turtle 5 :[(-5,-5), (17,9), (16,9), (15,9), (14,9), (13,9), (12,9), (-5,-5), (-5,-5), (-5,-5), (-5,-5), (-5,-5), (-5,-5)]

Shrinking Run 50
#Info# Executed steps before collision: 8, Found collision: false
Turtle 1 :[(-1,-1), (0,48), (1,48), (2,48), (2,49), (2,48), (3,48), (-1,-1), (-1,-1)]
Turtle 2 :[(-2,-2), (35,43), (35,43), (35,42), (34,42), (33,42), (33,41), (33,40), (-2,-2)]
Turtle 3 :[(-3,-3), (4,49), (3,49), (3,49), (3,49), (4,49), (3,49), (2,49), (1,49)]
Turtle 4 :[(-4,-4), (0,36), (0,35), (0,34), (1,34), (1,33), (1,32), (-4,-4), (-4,-4)]
Turtle 5 :[(-5,-5), (17,9), (16,9), (15,9), (14,9), (13,9), (12,9), (-5,-5), (-5,-5)]

Shrinking Run 51
#Info# Executed steps before collision: 6, Found collision: true
Turtle 1 :[(-1,-1), (0,48), (1,48), (2,48), (2,49), (2,48), (3,48), (-1,-1), (-1,-1), (-1,-1)]
Turtle 2 :[(-2,-2), (35,43), (35,43), (35,42), (34,42), (34,41), (34,40), (33,40), (-2,-2), (-2,-2)]
Turtle 3 :[(-3,-3), (4,49), (3,49), (3,49), (3,49), (3,48), (3,48), (2,48), (2,49), (1,49)]
Turtle 4 :[(-4,-4), (0,36), (0,35), (0,34), (1,34), (1,33), (1,32), (-4,-4), (-4,-4), (-4,-4)]
Turtle 5 :[(-5,-5), (17,9), (16,9), (15,9), (14,9), (13,9), (12,9), (-5,-5), (-5,-5), (-5,-5)]

Shrinking Run 52
#Info# Executed steps before collision: 4, Found collision: true
Turtle 1 :[(-1,-1), (0,48), (1,48), (2,48), (2,49), (2,48), (3,48)]
Turtle 2 :[(-2,-2), (35,43), (35,42), (34,42), (34,41), (34,40), (33,40)]
Turtle 3 :[(-3,-3), (4,49), (3,49), (3,49), (2,49), (1,49), (-3,-3)]
Turtle 4 :[(-4,-4), (0,36), (0,35), (0,34), (1,34), (1,33), (1,32)]
Turtle 5 :[(-5,-5), (17,9), (16,9), (15,9), (14,9), (13,9), (12,9)]

Shrinking Run 53
#Info# Executed steps before collision: 8, Found collision: false
Turtle 1 :[(-1,-1), (0,48), (1,48), (2,48), (2,49), (2,48), (1,48), (2,48), (3,48)]
Turtle 2 :[(-2,-2), (35,43), (34,43), (34,42), (34,41), (34,40), (33,40), (-2,-2), (-2,-2)]
Turtle 3 :[(-3,-3), (4,49), (3,49), (3,49), (3,48), (3,49), (2,49), (1,49), (-3,-3)]
Turtle 4 :[(-4,-4), (0,36), (0,35), (0,34), (1,34), (1,33), (1,32), (-4,-4), (-4,-4)]
Turtle 5 :[(-5,-5), (17,9), (16,9), (15,9), (14,9), (13,9), (12,9), (-5,-5), (-5,-5)]

Shrinking Run 54
#Info# Executed steps before collision: 6, Found collision: false
Turtle 1 :[(-1,-1), (0,48), (1,48), (2,48), (3,48), (-1,-1), (-1,-1)]
Turtle 2 :[(-2,-2), (35,43), (35,42), (34,42), (34,41), (34,40), (33,40)]
Turtle 3 :[(-3,-3), (4,49), (3,49), (2,49), (1,49), (1,49), (0,49)]
Turtle 4 :[(-4,-4), (0,36), (0,35), (0,34), (1,34), (1,33), (1,32)]
Turtle 5 :[(-5,-5), (17,9), (16,9), (15,9), (14,9), (13,9), (12,9)]

Shrinking Run 55
#Info# Executed steps before collision: 6, Found collision: false
Turtle 1 :[(-1,-1), (0,48), (1,48), (2,48), (2,49), (3,49), (3,48)]
Turtle 2 :[(-2,-2), (35,43), (35,42), (34,42), (34,41), (34,40), (33,40)]
Turtle 3 :[(-3,-3), (4,49), (3,49), (2,49), (2,48), (2,47), (1,47)]
Turtle 4 :[(-4,-4), (0,36), (0,35), (0,34), (1,34), (1,33), (1,32)]
Turtle 5 :[(-5,-5), (17,9), (16,9), (15,9), (14,9), (13,9), (12,9)]

Shrinking Run 56
#Info# Executed steps before collision: 4, Found collision: true
Turtle 1 :[(-1,-1), (0,48), (1,48), (2,48), (2,49), (2,48), (3,48), (-1,-1)]
Turtle 2 :[(-2,-2), (35,43), (35,42), (34,42), (34,41), (34,40), (33,40), (-2,-2)]
Turtle 3 :[(-3,-3), (4,49), (3,49), (2,49), (2,49), (1,49), (1,48), (1,47)]
Turtle 4 :[(-4,-4), (0,36), (0,35), (0,34), (1,34), (1,33), (1,32), (-4,-4)]
Turtle 5 :[(-5,-5), (17,9), (16,9), (15,9), (14,9), (13,9), (12,9), (-5,-5)]

Shrinking Run 57
#Info# Executed steps before collision: 7, Found collision: false
Turtle 1 :[(-1,-1), (0,48), (1,48), (2,48), (2,48), (2,49), (2,48), (3,48)]
Turtle 2 :[(-2,-2), (35,43), (35,42), (34,42), (34,41), (34,40), (33,40), (-2,-2)]
Turtle 3 :[(-3,-3), (4,49), (3,49), (2,49), (1,49), (1,48), (0,48), (-3,-3)]
Turtle 4 :[(-4,-4), (0,36), (0,35), (0,34), (1,34), (1,33), (1,32), (-4,-4)]
Turtle 5 :[(-5,-5), (17,9), (16,9), (15,9), (14,9), (13,9), (12,9), (-5,-5)]

Shrinking Run 58
#Info# Executed steps before collision: 6, Found collision: false
Turtle 1 :[(-1,-1), (0,48), (1,48), (2,48), (1,48), (2,48), (3,48)]
Turtle 2 :[(-2,-2), (35,43), (35,42), (34,42), (34,41), (34,40), (33,40)]
Turtle 3 :[(-3,-3), (4,49), (3,49), (2,49), (2,48), (2,47), (1,47)]
Turtle 4 :[(-4,-4), (0,36), (0,35), (0,34), (1,34), (1,33), (1,32)]
Turtle 5 :[(-5,-5), (17,9), (16,9), (15,9), (14,9), (13,9), (12,9)]

Shrinking Run 59
#Info# Executed steps before collision: 9, Found collision: false
Turtle 1 :[(-1,-1), (0,48), (1,48), (2,48), (2,49), (2,48), (2,47), (2,48), (3,48), (-1,-1)]
Turtle 2 :[(-2,-2), (35,43), (35,42), (34,42), (34,41), (34,40), (33,40), (-2,-2), (-2,-2), (-2,-2)]
Turtle 3 :[(-3,-3), (4,49), (3,49), (3,48), (3,48), (3,47), (4,47), (3,47), (2,47), (1,47)]
Turtle 4 :[(-4,-4), (0,36), (0,35), (0,34), (1,34), (1,33), (1,32), (-4,-4), (-4,-4), (-4,-4)]
Turtle 5 :[(-5,-5), (17,9), (16,9), (15,9), (14,9), (13,9), (12,9), (-5,-5), (-5,-5), (-5,-5)]

Shrinking Run 60
#Info# Executed steps before collision: 7, Found collision: false
Turtle 1 :[(-1,-1), (0,48), (1,48), (2,48), (2,49), (2,48), (3,48), (-1,-1)]
Turtle 2 :[(-2,-2), (35,43), (35,42), (34,42), (34,41), (34,40), (33,40), (-2,-2)]
Turtle 3 :[(-3,-3), (4,49), (4,48), (3,48), (3,48), (3,47), (2,47), (1,47)]
Turtle 4 :[(-4,-4), (0,36), (0,35), (0,34), (1,34), (1,33), (1,32), (-4,-4)]
Turtle 5 :[(-5,-5), (17,9), (16,9), (15,9), (14,9), (13,9), (12,9), (-5,-5)]

Shrinking Run 61
#Info# Executed steps before collision: 10, Found collision: false
Turtle 1 :[(-1,-1), (0,48), (1,48), (2,48), (2,48), (2,49), (2,48), (3,48), (-1,-1), (-1,-1), (-1,-1)]
Turtle 2 :[(-2,-2), (35,43), (35,42), (34,42), (34,41), (34,40), (33,40), (-2,-2), (-2,-2), (-2,-2), (-2,-2)]
Turtle 3 :[(-3,-3), (4,49), (3,49), (2,49), (1,49), (1,48), (1,47), (-3,-3), (-3,-3), (-3,-3), (-3,-3)]
Turtle 4 :[(-4,-4), (0,36), (0,36), (0,36), (0,35), (1,35), (1,35), (1,35), (1,35), (1,35), (1,34)]
Turtle 5 :[(-5,-5), (17,9), (16,9), (15,9), (14,9), (13,9), (12,9), (-5,-5), (-5,-5), (-5,-5), (-5,-5)]

Shrinking Run 62
#Info# Executed steps before collision: 9, Found collision: false
Turtle 1 :[(-1,-1), (0,48), (1,48), (2,48), (3,48), (-1,-1), (-1,-1), (-1,-1), (-1,-1), (-1,-1)]
Turtle 2 :[(-2,-2), (35,43), (35,42), (34,42), (34,41), (34,40), (33,40), (-2,-2), (-2,-2), (-2,-2)]
Turtle 3 :[(-3,-3), (4,49), (3,49), (2,49), (1,49), (1,48), (1,47), (-3,-3), (-3,-3), (-3,-3)]
Turtle 4 :[(-4,-4), (0,36), (0,36), (0,35), (0,34), (0,34), (0,33), (0,32), (0,32), (0,31)]
Turtle 5 :[(-5,-5), (17,9), (16,9), (15,9), (14,9), (13,9), (12,9), (-5,-5), (-5,-5), (-5,-5)]

Shrinking Run 63
#Info# Executed steps before collision: 11, Found collision: false
Turtle 1 :[(-1,-1), (0,48), (1,48), (2,48), (1,48), (2,48), (3,48), (-1,-1), (-1,-1), (-1,-1), (-1,-1), (-1,-1)]
Turtle 2 :[(-2,-2), (35,43), (35,42), (34,42), (34,41), (34,40), (33,40), (-2,-2), (-2,-2), (-2,-2), (-2,-2), (-2,-2)]
Turtle 3 :[(-3,-3), (4,49), (3,49), (2,49), (1,49), (2,49), (3,49), (3,49), (3,48), (2,48), (2,47), (1,47)]
Turtle 4 :[(-4,-4), (0,36), (0,36), (0,35), (1,35), (1,35), (1,34), (1,33), (1,33), (1,32), (-4,-4), (-4,-4)]
Turtle 5 :[(-5,-5), (17,9), (16,9), (15,9), (14,9), (13,9), (12,9), (-5,-5), (-5,-5), (-5,-5), (-5,-5), (-5,-5)]

Shrinking Run 64
#Info# Executed steps before collision: 7, Found collision: false
Turtle 1 :[(-1,-1), (0,48), (1,48), (2,48), (2,48), (2,47), (2,48), (3,48)]
Turtle 2 :[(-2,-2), (35,43), (35,42), (34,42), (34,41), (34,40), (33,40), (-2,-2)]
Turtle 3 :[(-3,-3), (4,49), (3,49), (2,49), (1,49), (1,48), (1,47), (-3,-3)]
Turtle 4 :[(-4,-4), (0,36), (0,35), (1,35), (1,34), (1,33), (1,32), (-4,-4)]
Turtle 5 :[(-5,-5), (17,9), (16,9), (15,9), (14,9), (13,9), (12,9), (-5,-5)]

Shrinking Run 65
#Info# Executed steps before collision: 6, Found collision: false
Turtle 1 :[(-1,-1), (0,48), (1,48), (2,48), (2,49), (3,49), (3,48)]
Turtle 2 :[(-2,-2), (35,43), (35,42), (34,42), (34,41), (34,40), (33,40)]
Turtle 3 :[(-3,-3), (4,49), (3,49), (2,49), (1,49), (1,48), (1,47)]
Turtle 4 :[(-4,-4), (0,36), (1,36), (1,35), (1,34), (1,33), (1,32)]
Turtle 5 :[(-5,-5), (17,9), (16,9), (15,9), (14,9), (13,9), (12,9)]

Shrinking Run 66
#Info# Executed steps before collision: 6, Found collision: false
Turtle 1 :[(-1,-1), (0,48), (0,49), (0,48), (0,49), (0,49), (-1,-1)]
Turtle 2 :[(-2,-2), (35,43), (35,42), (34,42), (34,41), (34,40), (33,40)]
Turtle 3 :[(-3,-3), (4,49), (3,49), (2,49), (1,49), (1,48), (1,47)]
Turtle 4 :[(-4,-4), (0,36), (0,35), (0,34), (1,34), (1,33), (1,32)]
Turtle 5 :[(-5,-5), (17,9), (16,9), (15,9), (14,9), (13,9), (12,9)]

Shrinking Run 67
#Info# Executed steps before collision: 4, Found collision: true
Turtle 1 :[(-1,-1), (0,48), (1,48), (1,49), (1,49), (1,48), (2,48), (2,49), (1,49)]
Turtle 2 :[(-2,-2), (35,43), (35,42), (34,42), (34,41), (34,40), (33,40), (-2,-2), (-2,-2)]
Turtle 3 :[(-3,-3), (4,49), (3,49), (2,49), (1,49), (0,49), (0,48), (1,48), (1,47)]
Turtle 4 :[(-4,-4), (0,36), (0,35), (0,34), (1,34), (1,33), (1,32), (-4,-4), (-4,-4)]
Turtle 5 :[(-5,-5), (17,9), (16,9), (15,9), (14,9), (13,9), (12,9), (-5,-5), (-5,-5)]

Shrinking Run 68
#Info# Executed steps before collision: 6, Found collision: false
Turtle 1 :[(-1,-1), (0,48), (0,47), (0,46), (0,45), (1,45), (-1,-1)]
Turtle 2 :[(-2,-2), (35,43), (35,42), (34,42), (34,41), (34,40), (33,40)]
Turtle 3 :[(-3,-3), (4,49), (3,49), (2,49), (1,49), (1,48), (1,47)]
Turtle 4 :[(-4,-4), (0,36), (0,35), (0,34), (1,34), (1,33), (1,32)]
Turtle 5 :[(-5,-5), (17,9), (16,9), (15,9), (14,9), (13,9), (12,9)]

Shrinking Run 69
#Info# Executed steps before collision: 6, Found collision: false
Turtle 1 :[(-1,-1), (0,48), (0,49), (0,48), (1,48), (1,49), (-1,-1)]
Turtle 2 :[(-2,-2), (35,43), (35,42), (34,42), (34,41), (34,40), (33,40)]
Turtle 3 :[(-3,-3), (4,49), (3,49), (2,49), (1,49), (1,48), (1,47)]
Turtle 4 :[(-4,-4), (0,36), (0,35), (0,34), (1,34), (1,33), (1,32)]
Turtle 5 :[(-5,-5), (17,9), (16,9), (15,9), (14,9), (13,9), (12,9)]

Shrinking Run 70
#Info# Executed steps before collision: 6, Found collision: false
Turtle 1 :[(-1,-1), (0,48), (0,49), (0,49), (1,49), (0,49), (1,49)]
Turtle 2 :[(-2,-2), (35,43), (35,42), (34,42), (34,41), (34,40), (33,40)]
Turtle 3 :[(-3,-3), (4,49), (3,49), (2,49), (2,48), (2,47), (1,47)]
Turtle 4 :[(-4,-4), (0,36), (0,35), (0,34), (1,34), (1,33), (1,32)]
Turtle 5 :[(-5,-5), (17,9), (16,9), (15,9), (14,9), (13,9), (12,9)]

Shrinking Run 71
#Info# Executed steps before collision: 4, Found collision: true
Turtle 1 :[(-1,-1), (0,48), (0,49), (1,49), (1,49), (-1,-1), (-1,-1)]
Turtle 2 :[(-2,-2), (35,43), (35,42), (34,42), (34,41), (34,40), (33,40)]
Turtle 3 :[(-3,-3), (4,49), (3,49), (2,49), (1,49), (1,48), (1,47)]
Turtle 4 :[(-4,-4), (0,36), (0,35), (0,34), (1,34), (1,33), (1,32)]
Turtle 5 :[(-5,-5), (17,9), (16,9), (15,9), (14,9), (13,9), (12,9)]

Shrinking Run 72
#Info# Executed steps before collision: 4, Found collision: true
Turtle 1 :[(-1,-1), (0,48), (0,49), (1,49), (1,49), (-1,-1), (-1,-1), (-1,-1)]
Turtle 2 :[(-2,-2), (35,43), (35,43), (35,42), (34,42), (34,41), (33,41), (33,40)]
Turtle 3 :[(-3,-3), (4,49), (3,49), (2,49), (1,49), (1,48), (1,47), (-3,-3)]
Turtle 4 :[(-4,-4), (0,36), (0,35), (0,34), (1,34), (1,33), (1,32), (-4,-4)]
Turtle 5 :[(-5,-5), (17,9), (16,9), (15,9), (14,9), (13,9), (12,9), (-5,-5)]

Shrinking Run 73
#Info# Executed steps before collision: 4, Found collision: true
Turtle 1 :[(-1,-1), (0,48), (0,49), (1,49), (1,49), (-1,-1), (-1,-1), (-1,-1)]
Turtle 2 :[(-2,-2), (35,43), (35,43), (34,43), (33,43), (33,42), (33,41), (33,40)]
Turtle 3 :[(-3,-3), (4,49), (3,49), (2,49), (1,49), (1,48), (1,47), (-3,-3)]
Turtle 4 :[(-4,-4), (0,36), (0,35), (0,34), (1,34), (1,33), (1,32), (-4,-4)]
Turtle 5 :[(-5,-5), (17,9), (16,9), (15,9), (14,9), (13,9), (12,9), (-5,-5)]

Shrinking Run 74
#Info# Executed steps before collision: 4, Found collision: true
Turtle 1 :[(-1,-1), (0,48), (0,49), (1,49), (1,49), (-1,-1), (-1,-1), (-1,-1)]
Turtle 2 :[(-2,-2), (35,43), (35,43), (34,43), (33,43), (33,42), (32,42), (32,41)]
Turtle 3 :[(-3,-3), (4,49), (3,49), (2,49), (1,49), (1,48), (1,47), (-3,-3)]
Turtle 4 :[(-4,-4), (0,36), (0,35), (0,34), (1,34), (1,33), (1,32), (-4,-4)]
Turtle 5 :[(-5,-5), (17,9), (16,9), (15,9), (14,9), (13,9), (12,9), (-5,-5)]

Shrinking Run 75
#Info# Executed steps before collision: 4, Found collision: true
Turtle 1 :[(-1,-1), (0,48), (0,49), (1,49), (1,49), (-1,-1), (-1,-1), (-1,-1)]
Turtle 2 :[(-2,-2), (35,43), (35,43), (34,43), (33,43), (32,43), (31,43), (31,42)]
Turtle 3 :[(-3,-3), (4,49), (3,49), (2,49), (1,49), (1,48), (1,47), (-3,-3)]
Turtle 4 :[(-4,-4), (0,36), (0,35), (0,34), (1,34), (1,33), (1,32), (-4,-4)]
Turtle 5 :[(-5,-5), (17,9), (16,9), (15,9), (14,9), (13,9), (12,9), (-5,-5)]

Shrinking Run 76
#Info# Executed steps before collision: 4, Found collision: true
Turtle 1 :[(-1,-1), (0,48), (0,49), (1,49), (1,49), (-1,-1), (-1,-1), (-1,-1)]
Turtle 2 :[(-2,-2), (35,43), (35,43), (34,43), (33,43), (32,43), (31,43), (30,43)]
Turtle 3 :[(-3,-3), (4,49), (3,49), (2,49), (1,49), (1,48), (1,47), (-3,-3)]
Turtle 4 :[(-4,-4), (0,36), (0,35), (0,34), (1,34), (1,33), (1,32), (-4,-4)]
Turtle 5 :[(-5,-5), (17,9), (16,9), (15,9), (14,9), (13,9), (12,9), (-5,-5)]

Shrinking Run 77
#Info# Executed steps before collision: 4, Found collision: true
Turtle 1 :[(-1,-1), (0,48), (0,49), (1,49), (1,49), (-1,-1), (-1,-1)]
Turtle 2 :[(-2,-2), (35,43), (34,43), (33,43), (32,43), (31,43), (30,43)]
Turtle 3 :[(-3,-3), (4,49), (3,49), (2,49), (1,49), (1,48), (1,47)]
Turtle 4 :[(-4,-4), (0,36), (0,35), (0,34), (1,34), (1,33), (1,32)]
Turtle 5 :[(-5,-5), (17,9), (16,9), (15,9), (14,9), (13,9), (12,9)]

Shrinking Run 78
#Info# Executed steps before collision: 4, Found collision: true
Turtle 1 :[(-1,-1), (0,48), (0,49), (1,49), (1,49), (-1,-1), (-1,-1), (-1,-1)]
Turtle 2 :[(-2,-2), (35,43), (34,43), (33,43), (32,43), (31,43), (30,43), (-2,-2)]
Turtle 3 :[(-3,-3), (4,49), (3,49), (2,49), (1,49), (1,49), (1,49), (0,49)]
Turtle 4 :[(-4,-4), (0,36), (0,35), (0,34), (1,34), (1,33), (1,32), (-4,-4)]
Turtle 5 :[(-5,-5), (17,9), (16,9), (15,9), (14,9), (13,9), (12,9), (-5,-5)]

Shrinking Run 79
#Info# Executed steps before collision: 6, Found collision: false
Turtle 1 :[(-1,-1), (0,48), (0,49), (1,49), (1,49), (-1,-1), (-1,-1)]
Turtle 2 :[(-2,-2), (35,43), (34,43), (33,43), (32,43), (31,43), (30,43)]
Turtle 3 :[(-3,-3), (4,49), (3,49), (2,49), (2,48), (2,47), (1,47)]
Turtle 4 :[(-4,-4), (0,36), (0,35), (0,34), (1,34), (1,33), (1,32)]
Turtle 5 :[(-5,-5), (17,9), (16,9), (15,9), (14,9), (13,9), (12,9)]

Shrinking Run 80
#Info# Executed steps before collision: 4, Found collision: true
Turtle 1 :[(-1,-1), (0,48), (0,49), (1,49), (1,49), (-1,-1), (-1,-1)]
Turtle 2 :[(-2,-2), (35,43), (34,43), (33,43), (32,43), (31,43), (30,43)]
Turtle 3 :[(-3,-3), (4,49), (3,49), (2,49), (1,49), (1,48), (0,48)]
Turtle 4 :[(-4,-4), (0,36), (0,35), (0,34), (1,34), (1,33), (1,32)]
Turtle 5 :[(-5,-5), (17,9), (16,9), (15,9), (14,9), (13,9), (12,9)]

Shrinking Run 81
#Info# Executed steps before collision: 6, Found collision: false
Turtle 1 :[(-1,-1), (0,48), (0,49), (1,49), (1,49), (-1,-1), (-1,-1)]
Turtle 2 :[(-2,-2), (35,43), (34,43), (33,43), (32,43), (31,43), (30,43)]
Turtle 3 :[(-3,-3), (4,49), (3,49), (2,49), (2,48), (1,48), (0,48)]
Turtle 4 :[(-4,-4), (0,36), (0,35), (0,34), (1,34), (1,33), (1,32)]
Turtle 5 :[(-5,-5), (17,9), (16,9), (15,9), (14,9), (13,9), (12,9)]

Shrinking Run 82
#Info# Executed steps before collision: 6, Found collision: false
Turtle 1 :[(-1,-1), (0,48), (0,49), (1,49), (1,49), (-1,-1), (-1,-1)]
Turtle 2 :[(-2,-2), (35,43), (34,43), (33,43), (32,43), (31,43), (30,43)]
Turtle 3 :[(-3,-3), (4,49), (3,49), (3,48), (2,48), (1,48), (0,48)]
Turtle 4 :[(-4,-4), (0,36), (0,35), (0,34), (1,34), (1,33), (1,32)]
Turtle 5 :[(-5,-5), (17,9), (16,9), (15,9), (14,9), (13,9), (12,9)]

Shrinking Run 83
#Info# Executed steps before collision: 6, Found collision: false
Turtle 1 :[(-1,-1), (0,48), (0,49), (1,49), (1,49), (-1,-1), (-1,-1)]
Turtle 2 :[(-2,-2), (35,43), (34,43), (33,43), (32,43), (31,43), (30,43)]
Turtle 3 :[(-3,-3), (4,49), (4,48), (3,48), (2,48), (1,48), (0,48)]
Turtle 4 :[(-4,-4), (0,36), (0,35), (0,34), (1,34), (1,33), (1,32)]
Turtle 5 :[(-5,-5), (17,9), (16,9), (15,9), (14,9), (13,9), (12,9)]

Shrinking Run 84
#Info# Executed steps before collision: 4, Found collision: true
Turtle 1 :[(-1,-1), (0,48), (0,49), (1,49), (1,49), (-1,-1), (-1,-1), (-1,-1), (-1,-1), (-1,-1), (-1,-1)]
Turtle 2 :[(-2,-2), (35,43), (34,43), (33,43), (32,43), (31,43), (30,43), (-2,-2), (-2,-2), (-2,-2), (-2,-2)]
Turtle 3 :[(-3,-3), (4,49), (3,49), (2,49), (1,49), (1,48), (0,48), (-3,-3), (-3,-3), (-3,-3), (-3,-3)]
Turtle 4 :[(-4,-4), (0,36), (0,36), (0,36), (0,35), (1,35), (1,35), (1,35), (1,35), (1,35), (1,34)]
Turtle 5 :[(-5,-5), (17,9), (16,9), (15,9), (14,9), (13,9), (12,9), (-5,-5), (-5,-5), (-5,-5), (-5,-5)]

Shrinking Run 85
#Info# Executed steps before collision: 4, Found collision: true
Turtle 1 :[(-1,-1), (0,48), (0,49), (1,49), (1,49), (-1,-1), (-1,-1), (-1,-1), (-1,-1), (-1,-1)]
Turtle 2 :[(-2,-2), (35,43), (34,43), (33,43), (32,43), (31,43), (30,43), (-2,-2), (-2,-2), (-2,-2)]
Turtle 3 :[(-3,-3), (4,49), (3,49), (2,49), (1,49), (1,48), (0,48), (-3,-3), (-3,-3), (-3,-3)]
Turtle 4 :[(-4,-4), (0,36), (0,36), (0,35), (0,34), (0,34), (0,33), (0,32), (0,32), (0,31)]
Turtle 5 :[(-5,-5), (17,9), (16,9), (15,9), (14,9), (13,9), (12,9), (-5,-5), (-5,-5), (-5,-5)]

Shrinking Run 86
#Info# Executed steps before collision: 4, Found collision: true
Turtle 1 :[(-1,-1), (0,48), (0,49), (1,49), (1,49), (-1,-1), (-1,-1)]
Turtle 2 :[(-2,-2), (35,43), (34,43), (33,43), (32,43), (31,43), (30,43)]
Turtle 3 :[(-3,-3), (4,49), (3,49), (2,49), (1,49), (1,48), (0,48)]
Turtle 4 :[(-4,-4), (0,36), (0,35), (0,34), (0,33), (0,32), (0,31)]
Turtle 5 :[(-5,-5), (17,9), (16,9), (15,9), (14,9), (13,9), (12,9)]

Shrinking Run 87
#Info# Executed steps before collision: 6, Found collision: false
Turtle 1 :[(-1,-1), (0,48), (0,49), (0,48), (0,49), (0,49), (0,49)]
Turtle 2 :[(-2,-2), (35,43), (34,43), (33,43), (32,43), (31,43), (30,43)]
Turtle 3 :[(-3,-3), (4,49), (3,49), (2,49), (1,49), (1,48), (0,48)]
Turtle 4 :[(-4,-4), (0,36), (0,35), (0,34), (0,33), (0,32), (0,31)]
Turtle 5 :[(-5,-5), (17,9), (16,9), (15,9), (14,9), (13,9), (12,9)]

Shrinking Run 88
#Info# Executed steps before collision: 5, Found collision: true
Turtle 1 :[(-1,-1), (0,48), (0,49), (0,48), (1,48), (1,49), (-1,-1), (-1,-1)]
Turtle 2 :[(-2,-2), (35,43), (34,43), (33,43), (32,43), (31,43), (30,43), (-2,-2)]
Turtle 3 :[(-3,-3), (4,49), (3,49), (2,49), (1,49), (1,49), (1,48), (0,48)]
Turtle 4 :[(-4,-4), (0,36), (0,35), (0,34), (0,33), (0,32), (0,31), (-4,-4)]
Turtle 5 :[(-5,-5), (17,9), (16,9), (15,9), (14,9), (13,9), (12,9), (-5,-5)]

Shrinking Run 89
#Info# Executed steps before collision: 6, Found collision: false
Turtle 1 :[(-1,-1), (0,48), (0,49), (0,48), (1,48), (1,47), (-1,-1)]
Turtle 2 :[(-2,-2), (35,43), (34,43), (33,43), (32,43), (31,43), (30,43)]
Turtle 3 :[(-3,-3), (4,49), (3,49), (2,49), (1,49), (1,48), (0,48)]
Turtle 4 :[(-4,-4), (0,36), (0,35), (0,34), (0,33), (0,32), (0,31)]
Turtle 5 :[(-5,-5), (17,9), (16,9), (15,9), (14,9), (13,9), (12,9)]

Shrinking Run 90
#Info# Executed steps before collision: 9, Found collision: false
Turtle 1 :[(-1,-1), (0,48), (0,47), (1,47), (1,48), (0,48), (1,48), (-1,-1), (-1,-1), (-1,-1)]
Turtle 2 :[(-2,-2), (35,43), (34,43), (33,43), (32,43), (31,43), (30,43), (-2,-2), (-2,-2), (-2,-2)]
Turtle 3 :[(-3,-3), (4,49), (3,49), (2,49), (1,49), (1,49), (2,49), (1,49), (1,48), (0,48)]
Turtle 4 :[(-4,-4), (0,36), (0,35), (0,34), (0,33), (0,32), (0,31), (-4,-4), (-4,-4), (-4,-4)]
Turtle 5 :[(-5,-5), (17,9), (16,9), (15,9), (14,9), (13,9), (12,9), (-5,-5), (-5,-5), (-5,-5)]

Shrinking Run 91
#Info# Executed steps before collision: 10, Found collision: false
Turtle 1 :[(-1,-1), (0,48), (0,47), (1,47), (1,48), (0,48), (1,48), (0,48), (0,49), (-1,-1), (-1,-1)]
Turtle 2 :[(-2,-2), (35,43), (34,43), (33,43), (32,43), (31,43), (30,43), (-2,-2), (-2,-2), (-2,-2), (-2,-2)]
Turtle 3 :[(-3,-3), (4,49), (3,49), (2,49), (1,49), (0,49), (1,49), (1,48), (1,47), (0,47), (0,48)]
Turtle 4 :[(-4,-4), (0,36), (0,35), (0,34), (0,33), (0,32), (0,31), (-4,-4), (-4,-4), (-4,-4), (-4,-4)]
Turtle 5 :[(-5,-5), (17,9), (16,9), (15,9), (14,9), (13,9), (12,9), (-5,-5), (-5,-5), (-5,-5), (-5,-5)]

Shrinking Run 92
#Info# Executed steps before collision: 6, Found collision: false
Turtle 1 :[(-1,-1), (0,48), (1,48), (1,49), (-1,-1), (-1,-1), (-1,-1)]
Turtle 2 :[(-2,-2), (35,43), (34,43), (33,43), (32,43), (31,43), (30,43)]
Turtle 3 :[(-3,-3), (4,49), (3,49), (2,49), (1,49), (1,48), (0,48)]
Turtle 4 :[(-4,-4), (0,36), (0,35), (0,34), (0,33), (0,32), (0,31)]
Turtle 5 :[(-5,-5), (17,9), (16,9), (15,9), (14,9), (13,9), (12,9)]

Shrinking Run 93
#Info# Executed steps before collision: 8, Found collision: false
Turtle 1 :[(-1,-1), (0,48), (1,48), (0,48), (1,48), (1,49), (-1,-1), (-1,-1), (-1,-1)]
Turtle 2 :[(-2,-2), (35,43), (34,43), (33,43), (32,43), (31,43), (30,43), (-2,-2), (-2,-2)]
Turtle 3 :[(-3,-3), (4,49), (3,49), (2,49), (1,49), (2,49), (2,48), (1,48), (0,48)]
Turtle 4 :[(-4,-4), (0,36), (0,35), (0,34), (0,33), (0,32), (0,31), (-4,-4), (-4,-4)]
Turtle 5 :[(-5,-5), (17,9), (16,9), (15,9), (14,9), (13,9), (12,9), (-5,-5), (-5,-5)]

Shrinking Run 94
#Info# Executed steps before collision: 6, Found collision: false
Turtle 1 :[(-1,-1), (0,48), (1,48), (1,47), (1,48), (1,49), (-1,-1)]
Turtle 2 :[(-2,-2), (35,43), (34,43), (33,43), (32,43), (31,43), (30,43)]
Turtle 3 :[(-3,-3), (4,49), (3,49), (2,49), (1,49), (1,48), (0,48)]
Turtle 4 :[(-4,-4), (0,36), (0,35), (0,34), (0,33), (0,32), (0,31)]
Turtle 5 :[(-5,-5), (17,9), (16,9), (15,9), (14,9), (13,9), (12,9)]

Shrinking Run 95
#Info# Executed steps before collision: 6, Found collision: false
Turtle 1 :[(-1,-1), (0,48), (0,49), (1,49), (1,48), (1,48), (1,49)]
Turtle 2 :[(-2,-2), (35,43), (34,43), (33,43), (32,43), (31,43), (30,43)]
Turtle 3 :[(-3,-3), (4,49), (3,49), (2,49), (1,49), (0,49), (0,48)]
Turtle 4 :[(-4,-4), (0,36), (0,35), (0,34), (0,33), (0,32), (0,31)]
Turtle 5 :[(-5,-5), (17,9), (16,9), (15,9), (14,9), (13,9), (12,9)]

Shrinking Run 96
#Info# Executed steps before collision: 6, Found collision: false
Turtle 1 :[(-1,-1), (0,48), (0,49), (0,48), (1,48), (1,49), (-1,-1)]
Turtle 2 :[(-2,-2), (35,43), (34,43), (33,43), (32,43), (31,43), (30,43)]
Turtle 3 :[(-3,-3), (4,49), (3,49), (2,49), (2,48), (2,47), (1,47)]
Turtle 4 :[(-4,-4), (0,36), (0,35), (0,34), (0,33), (0,32), (0,31)]
Turtle 5 :[(-5,-5), (17,9), (16,9), (15,9), (14,9), (13,9), (12,9)]

Shrinking Run 97
#Info# Executed steps before collision: 8, Found collision: false
Turtle 1 :[(-1,-1), (0,48), (0,49), (0,48), (1,48), (1,49), (-1,-1), (-1,-1), (-1,-1)]
Turtle 2 :[(-2,-2), (35,43), (34,43), (33,43), (32,43), (31,43), (30,43), (-2,-2), (-2,-2)]
Turtle 3 :[(-3,-3), (4,49), (3,49), (2,49), (2,48), (3,48), (2,48), (1,48), (0,48)]
Turtle 4 :[(-4,-4), (0,36), (0,35), (0,34), (0,33), (0,32), (0,31), (-4,-4), (-4,-4)]
Turtle 5 :[(-5,-5), (17,9), (16,9), (15,9), (14,9), (13,9), (12,9), (-5,-5), (-5,-5)]

Shrinking Run 98
#Info# Executed steps before collision: 8, Found collision: false
Turtle 1 :[(-1,-1), (0,48), (0,49), (0,48), (1,48), (1,49), (-1,-1), (-1,-1), (-1,-1)]
Turtle 2 :[(-2,-2), (35,43), (34,43), (33,43), (32,43), (31,43), (30,43), (-2,-2), (-2,-2)]
Turtle 3 :[(-3,-3), (4,49), (3,49), (3,48), (2,48), (2,47), (2,48), (1,48), (0,48)]
Turtle 4 :[(-4,-4), (0,36), (0,35), (0,34), (0,33), (0,32), (0,31), (-4,-4), (-4,-4)]
Turtle 5 :[(-5,-5), (17,9), (16,9), (15,9), (14,9), (13,9), (12,9), (-5,-5), (-5,-5)]

Shrink Run 99
#Info# Executed steps before collision: 8, Found collision: false
Turtle 1 :[(-1,-1), (0,48), (0,49), (0,48), (1,48), (1,49), (-1,-1), (-1,-1), (-1,-1)]
Turtle 2 :[(-2,-2), (35,43), (34,43), (33,43), (32,43), (31,43), (30,43), (-2,-2), (-2,-2)]
Turtle 3 :[(-3,-3), (4,49), (4,48), (3,48), (2,48), (2,49), (1,49), (0,49), (0,48)]
Turtle 4 :[(-4,-4), (0,36), (0,35), (0,34), (0,33), (0,32), (0,31), (-4,-4), (-4,-4)]
Turtle 5 :[(-5,-5), (17,9), (16,9), (15,9), (14,9), (13,9), (12,9), (-5,-5), (-5,-5)]

