Detection Run 1
#Info# Executed steps before collision: 6, Found collision: false
Turtle 1 :[(-1,-1), (34,42), (34,43), (34,44), (33,44), (32,44), (-1,-1)]
Turtle 2 :[(-2,-2), (10,26), (10,27), (11,27), (11,26), (12,26), (-2,-2)]
Turtle 3 :[(-3,-3), (37,14), (37,13), (37,12), (37,11), (38,11), (38,10)]
Turtle 4 :[(-4,-4), (30,45), (29,45), (28,45), (27,45), (26,45), (25,45)]
Turtle 5 :[(-5,-5), (24,47), (25,47), (26,47), (27,47), (28,47), (29,47)]

Detection Run 2
#Info# Executed steps before collision: 6, Found collision: false
Turtle 1 :[(-1,-1), (23,23), (22,23), (21,23), (20,23), (20,24), (19,24)]
Turtle 2 :[(-2,-2), (21,24), (21,25), (22,25), (23,25), (24,25), (25,25)]
Turtle 3 :[(-3,-3), (44,48), (44,47), (45,47), (45,46), (46,46), (47,46)]
Turtle 4 :[(-4,-4), (4,4), (4,3), (4,2), (5,2), (-4,-4), (-4,-4)]
Turtle 5 :[(-5,-5), (14,44), (13,44), (13,45), (13,46), (12,46), (11,46)]

Detection Run 3
#Info# Executed steps before collision: 6, Found collision: false
Turtle 1 :[(-1,-1), (39,31), (39,32), (39,33), (40,33), (40,34), (40,35)]
Turtle 2 :[(-2,-2), (17,20), (18,20), (19,20), (-2,-2), (-2,-2), (-2,-2)]
Turtle 3 :[(-3,-3), (37,31), (37,32), (37,33), (37,34), (38,34), (39,34)]
Turtle 4 :[(-4,-4), (43,44), (44,44), (44,43), (44,42), (44,41), (45,41)]
Turtle 5 :[(-5,-5), (16,9), (16,8), (17,8), (17,7), (18,7), (19,7)]

Detection Run 4
#Info# Executed steps before collision: 8, Found collision: false
Turtle 1 :[(-1,-1), (35,7), (35,6), (34,6), (34,5), (34,5), (33,5), (32,5), (-1,-1)]
Turtle 2 :[(-2,-2), (27,23), (27,23), (27,22), (26,22), (25,22), (24,22), (24,21), (-2,-2)]
Turtle 3 :[(-3,-3), (27,25), (27,24), (26,24), (26,23), (26,22), (27,22), (27,21), (27,20)]
Turtle 4 :[(-4,-4), (1,15), (0,15), (0,14), (0,13), (0,12), (-4,-4), (-4,-4), (-4,-4)]
Turtle 5 :[(-5,-5), (27,30), (27,30), (26,30), (26,30), (26,29), (-5,-5), (-5,-5), (-5,-5)]

Detection Run 5
#Info# Executed steps before collision: 8, Found collision: false
Turtle 1 :[(-1,-1), (8,6), (7,6), (6,6), (6,7), (5,7), (5,8), (-1,-1), (-1,-1)]
Turtle 2 :[(-2,-2), (8,29), (9,29), (9,30), (9,31), (10,31), (-2,-2), (-2,-2), (-2,-2)]
Turtle 3 :[(-3,-3), (4,17), (5,17), (5,18), (4,18), (4,18), (5,18), (-3,-3), (-3,-3)]
Turtle 4 :[(-4,-4), (7,29), (7,29), (8,29), (8,29), (8,30), (9,30), (10,30), (11,30)]
Turtle 5 :[(-5,-5), (41,3), (40,3), (39,3), (39,2), (39,2), (39,2), (39,1), (-5,-5)]

Detection Run 6
#Info# Executed steps before collision: 9, Found collision: false
Turtle 1 :[(-1,-1), (22,13), (22,14), (21,14), (21,15), (21,16), (20,16), (-1,-1), (-1,-1), (-1,-1)]
Turtle 2 :[(-2,-2), (13,35), (14,35), (13,35), (14,35), (13,35), (13,35), (13,35), (13,36), (-2,-2)]
Turtle 3 :[(-3,-3), (29,45), (30,45), (31,45), (32,45), (33,45), (-3,-3), (-3,-3), (-3,-3), (-3,-3)]
Turtle 4 :[(-4,-4), (30,20), (30,19), (30,18), (30,17), (30,16), (29,16), (-4,-4), (-4,-4), (-4,-4)]
Turtle 5 :[(-5,-5), (32,12), (32,13), (32,13), (31,13), (30,13), (30,14), (30,14), (30,14), (30,15)]

Detection Run 7
#Info# Executed steps before collision: 7, Found collision: false
Turtle 1 :[(-1,-1), (16,24), (15,24), (14,24), (13,24), (12,24), (11,24), (-1,-1)]
Turtle 2 :[(-2,-2), (18,24), (18,25), (17,25), (16,25), (16,25), (16,26), (15,26)]
Turtle 3 :[(-3,-3), (27,29), (27,30), (28,30), (28,31), (29,31), (29,32), (-3,-3)]
Turtle 4 :[(-4,-4), (0,2), (1,2), (1,1), (2,1), (2,0), (-4,-4), (-4,-4)]
Turtle 5 :[(-5,-5), (1,44), (2,44), (2,45), (2,46), (3,46), (3,47), (-5,-5)]

Detection Run 8
#Info# Executed steps before collision: 8, Found collision: false
Turtle 1 :[(-1,-1), (17,7), (16,7), (16,6), (16,5), (17,5), (17,4), (18,4), (18,3)]
Turtle 2 :[(-2,-2), (41,31), (41,31), (41,31), (41,30), (42,30), (42,29), (43,29), (-2,-2)]
Turtle 3 :[(-3,-3), (30,9), (31,9), (32,9), (33,9), (33,10), (-3,-3), (-3,-3), (-3,-3)]
Turtle 4 :[(-4,-4), (16,42), (16,41), (16,40), (-4,-4), (-4,-4), (-4,-4), (-4,-4), (-4,-4)]
Turtle 5 :[(-5,-5), (17,6), (17,5), (18,5), (19,5), (19,4), (20,4), (-5,-5), (-5,-5)]

Detection Run 9
#Info# Executed steps before collision: 7, Found collision: false
Turtle 1 :[(-1,-1), (12,2), (12,3), (12,3), (12,4), (-1,-1), (-1,-1), (-1,-1)]
Turtle 2 :[(-2,-2), (0,18), (0,18), (0,17), (1,17), (2,17), (3,17), (-2,-2)]
Turtle 3 :[(-3,-3), (12,32), (12,33), (12,34), (12,33), (13,33), (-3,-3), (-3,-3)]
Turtle 4 :[(-4,-4), (14,3), (14,3), (14,2), (14,2), (14,1), (14,0), (-4,-4)]
Turtle 5 :[(-5,-5), (23,20), (22,20), (22,21), (21,21), (21,21), (20,21), (19,21)]

Detection Run 10
#Info# Executed steps before collision: 11, Found collision: false
Turtle 1 :[(-1,-1), (11,17), (11,17), (11,17), (11,17), (11,16), (11,16), (11,15), (11,15), (12,15), (13,15), (13,14)]
Turtle 2 :[(-2,-2), (35,5), (35,5), (35,6), (35,7), (35,8), (35,9), (36,9), (-2,-2), (-2,-2), (-2,-2), (-2,-2)]
Turtle 3 :[(-3,-3), (6,6), (6,6), (6,5), (6,4), (6,3), (6,2), (-3,-3), (-3,-3), (-3,-3), (-3,-3), (-3,-3)]
Turtle 4 :[(-4,-4), (38,35), (38,35), (38,34), (38,34), (38,33), (39,33), (39,32), (39,32), (39,32), (39,31), (-4,-4)]
Turtle 5 :[(-5,-5), (3,2), (4,2), (5,2), (5,3), (5,3), (5,4), (6,4), (7,4), (7,3), (-5,-5), (-5,-5)]

Detection Run 11
#Info# Executed steps before collision: 10, Found collision: false
Turtle 1 :[(-1,-1), (1,8), (1,9), (0,9), (0,10), (0,10), (0,10), (0,10), (0,10), (0,10), (0,11)]
Turtle 2 :[(-2,-2), (14,6), (15,6), (15,5), (15,4), (15,4), (15,3), (15,2), (-2,-2), (-2,-2), (-2,-2)]
Turtle 3 :[(-3,-3), (31,25), (31,24), (32,24), (32,23), (33,23), (33,22), (-3,-3), (-3,-3), (-3,-3), (-3,-3)]
Turtle 4 :[(-4,-4), (40,9), (41,9), (42,9), (42,8), (42,7), (42,6), (-4,-4), (-4,-4), (-4,-4), (-4,-4)]
Turtle 5 :[(-5,-5), (32,21), (33,21), (34,21), (33,21), (33,20), (-5,-5), (-5,-5), (-5,-5), (-5,-5), (-5,-5)]

Detection Run 12
#Info# Executed steps before collision: 8, Found collision: false
Turtle 1 :[(-1,-1), (20,1), (20,1), (19,1), (18,1), (18,2), (18,3), (18,4), (-1,-1)]
Turtle 2 :[(-2,-2), (18,4), (18,3), (18,2), (17,2), (17,1), (18,1), (19,1), (19,0)]
Turtle 3 :[(-3,-3), (10,11), (11,11), (11,11), (10,11), (9,11), (-3,-3), (-3,-3), (-3,-3)]
Turtle 4 :[(-4,-4), (22,22), (22,23), (22,23), (22,22), (22,22), (22,21), (22,21), (22,20)]
Turtle 5 :[(-5,-5), (30,7), (30,7), (30,6), (30,5), (29,5), (28,5), (28,4), (-5,-5)]

Detection Run 13
#Info# Executed steps before collision: 11, Found collision: false
Turtle 1 :[(-1,-1), (5,10), (5,9), (5,8), (5,7), (5,7), (5,7), (5,6), (5,6), (5,6), (5,6), (4,6)]
Turtle 2 :[(-2,-2), (32,25), (32,26), (32,26), (32,26), (32,27), (32,26), (32,26), (32,26), (32,27), (-2,-2), (-2,-2)]
Turtle 3 :[(-3,-3), (1,9), (1,8), (1,7), (1,6), (2,6), (3,6), (-3,-3), (-3,-3), (-3,-3), (-3,-3), (-3,-3)]
Turtle 4 :[(-4,-4), (38,6), (38,6), (38,6), (37,6), (37,5), (37,5), (36,5), (35,5), (35,4), (-4,-4), (-4,-4)]
Turtle 5 :[(-5,-5), (1,7), (2,7), (3,7), (3,6), (3,5), (-5,-5), (-5,-5), (-5,-5), (-5,-5), (-5,-5), (-5,-5)]

Detection Run 14
#Info# Executed steps before collision: 8, Found collision: false
Turtle 1 :[(-1,-1), (37,23), (36,23), (36,23), (35,23), (35,23), (35,22), (34,22), (-1,-1)]
Turtle 2 :[(-2,-2), (33,39), (33,38), (33,37), (33,37), (34,37), (35,37), (35,37), (36,37)]
Turtle 3 :[(-3,-3), (12,5), (12,4), (12,3), (12,2), (12,1), (12,0), (-3,-3), (-3,-3)]
Turtle 4 :[(-4,-4), (13,0), (13,0), (13,0), (13,0), (13,0), (14,0), (15,0), (-4,-4)]
Turtle 5 :[(-5,-5), (3,44), (3,43), (3,42), (4,42), (5,42), (6,42), (-5,-5), (-5,-5)]

Detection Run 15
#Info# Executed steps before collision: 11, Found collision: false
Turtle 1 :[(-1,-1), (3,25), (3,25), (2,25), (2,25), (2,24), (-1,-1), (-1,-1), (-1,-1), (-1,-1), (-1,-1), (-1,-1)]
Turtle 2 :[(-2,-2), (7,44), (7,43), (8,43), (8,42), (8,41), (8,40), (-2,-2), (-2,-2), (-2,-2), (-2,-2), (-2,-2)]
Turtle 3 :[(-3,-3), (9,6), (8,6), (8,5), (8,4), (8,3), (8,2), (-3,-3), (-3,-3), (-3,-3), (-3,-3), (-3,-3)]
Turtle 4 :[(-4,-4), (38,11), (38,12), (37,12), (36,12), (-4,-4), (-4,-4), (-4,-4), (-4,-4), (-4,-4), (-4,-4), (-4,-4)]
Turtle 5 :[(-5,-5), (2,24), (2,23), (1,23), (0,23), (0,24), (0,24), (0,24), (0,24), (0,24), (0,24), (0,25)]

Detection Run 16
#Info# Executed steps before collision: 11, Found collision: false
Turtle 1 :[(-1,-1), (39,20), (40,20), (41,20), (41,21), (42,21), (42,22), (-1,-1), (-1,-1), (-1,-1), (-1,-1), (-1,-1)]
Turtle 2 :[(-2,-2), (20,17), (20,17), (20,18), (21,18), (21,19), (21,19), (22,19), (22,19), (23,19), (-2,-2), (-2,-2)]
Turtle 3 :[(-3,-3), (39,32), (40,32), (41,32), (41,31), (41,31), (41,30), (41,30), (42,30), (-3,-3), (-3,-3), (-3,-3)]
Turtle 4 :[(-4,-4), (49,7), (49,6), (49,5), (49,5), (49,4), (49,3), (-4,-4), (-4,-4), (-4,-4), (-4,-4), (-4,-4)]
Turtle 5 :[(-5,-5), (45,31), (45,31), (45,31), (45,32), (45,32), (45,32), (45,32), (44,32), (43,32), (42,32), (41,32)]

Detection Run 17
#Info# Executed steps before collision: 10, Found collision: false
Turtle 1 :[(-1,-1), (7,21), (7,21), (7,20), (8,20), (8,20), (9,20), (9,20), (10,20), (10,20), (10,19)]
Turtle 2 :[(-2,-2), (39,42), (39,41), (38,41), (38,40), (37,40), (37,39), (-2,-2), (-2,-2), (-2,-2), (-2,-2)]
Turtle 3 :[(-3,-3), (29,25), (29,25), (30,25), (30,24), (29,24), (28,24), (-3,-3), (-3,-3), (-3,-3), (-3,-3)]
Turtle 4 :[(-4,-4), (11,23), (11,22), (10,22), (10,22), (9,22), (9,21), (8,21), (-4,-4), (-4,-4), (-4,-4)]
Turtle 5 :[(-5,-5), (21,1), (22,1), (21,1), (21,1), (21,1), (21,0), (21,0), (20,0), (-5,-5), (-5,-5)]

Detection Run 18
#Info# Executed steps before collision: 11, Found collision: false
Turtle 1 :[(-1,-1), (13,35), (12,35), (11,35), (11,34), (10,34), (10,33), (-1,-1), (-1,-1), (-1,-1), (-1,-1), (-1,-1)]
Turtle 2 :[(-2,-2), (2,37), (3,37), (4,37), (5,37), (6,37), (-2,-2), (-2,-2), (-2,-2), (-2,-2), (-2,-2), (-2,-2)]
Turtle 3 :[(-3,-3), (27,18), (27,18), (28,18), (29,18), (29,18), (29,19), (30,19), (30,20), (-3,-3), (-3,-3), (-3,-3)]
Turtle 4 :[(-4,-4), (12,17), (12,17), (12,16), (12,16), (12,15), (13,15), (13,15), (13,15), (13,14), (13,14), (13,13)]
Turtle 5 :[(-5,-5), (5,39), (4,39), (4,39), (4,38), (4,38), (4,38), (3,38), (2,38), (2,37), (-5,-5), (-5,-5)]

Detection Run 19
#Info# Executed steps before collision: 10, Found collision: false
Turtle 1 :[(-1,-1), (4,8), (4,7), (4,7), (3,7), (2,7), (2,7), (1,7), (1,7), (0,7), (-1,-1)]
Turtle 2 :[(-2,-2), (29,41), (29,40), (29,40), (29,40), (29,40), (29,40), (29,39), (28,39), (28,38), (28,37)]
Turtle 3 :[(-3,-3), (12,38), (12,39), (12,40), (12,40), (12,41), (12,42), (12,43), (-3,-3), (-3,-3), (-3,-3)]
Turtle 4 :[(-4,-4), (29,29), (29,29), (29,30), (29,30), (29,30), (28,30), (-4,-4), (-4,-4), (-4,-4), (-4,-4)]
Turtle 5 :[(-5,-5), (30,29), (30,28), (29,28), (28,28), (27,28), (26,28), (26,29), (25,29), (-5,-5), (-5,-5)]

Detection Run 20
#Info# Executed steps before collision: 10, Found collision: false
Turtle 1 :[(-1,-1), (35,31), (35,31), (34,31), (34,32), (35,32), (36,32), (-1,-1), (-1,-1), (-1,-1), (-1,-1)]
Turtle 2 :[(-2,-2), (42,18), (42,17), (41,17), (40,17), (39,17), (38,17), (-2,-2), (-2,-2), (-2,-2), (-2,-2)]
Turtle 3 :[(-3,-3), (41,18), (41,19), (41,19), (41,19), (41,19), (41,19), (42,19), (42,19), (42,20), (-3,-3)]
Turtle 4 :[(-4,-4), (2,23), (2,23), (2,24), (2,24), (2,24), (3,24), (3,25), (3,25), (3,26), (4,26)]
Turtle 5 :[(-5,-5), (3,21), (3,20), (3,19), (3,19), (2,19), (2,19), (2,18), (2,18), (1,18), (-5,-5)]

Detection Run 21
#Info# Executed steps before collision: 9, Found collision: false
Turtle 1 :[(-1,-1), (24,34), (24,34), (23,34), (23,34), (22,34), (22,34), (22,33), (21,33), (21,32)]
Turtle 2 :[(-2,-2), (5,18), (6,18), (6,17), (6,16), (6,15), (7,15), (-2,-2), (-2,-2), (-2,-2)]
Turtle 3 :[(-3,-3), (5,12), (5,13), (5,13), (5,14), (5,14), (5,15), (-3,-3), (-3,-3), (-3,-3)]
Turtle 4 :[(-4,-4), (25,22), (25,22), (25,22), (25,22), (26,22), (27,22), (27,22), (27,22), (28,22)]
Turtle 5 :[(-5,-5), (50,11), (50,11), (50,11), (50,11), (50,11), (50,11), (49,11), (-5,-5), (-5,-5)]

Detection Run 22
#Info# Executed steps before collision: 11, Found collision: false
Turtle 1 :[(-1,-1), (4,46), (4,47), (4,48), (4,48), (4,49), (-1,-1), (-1,-1), (-1,-1), (-1,-1), (-1,-1), (-1,-1)]
Turtle 2 :[(-2,-2), (42,49), (42,49), (42,48), (42,49), (42,49), (42,49), (42,49), (-2,-2), (-2,-2), (-2,-2), (-2,-2)]
Turtle 3 :[(-3,-3), (33,28), (33,27), (33,26), (32,26), (32,25), (32,25), (31,25), (-3,-3), (-3,-3), (-3,-3), (-3,-3)]
Turtle 4 :[(-4,-4), (32,12), (31,12), (31,11), (31,10), (30,10), (29,10), (-4,-4), (-4,-4), (-4,-4), (-4,-4), (-4,-4)]
Turtle 5 :[(-5,-5), (45,48), (45,48), (44,48), (44,48), (44,48), (43,48), (43,49), (43,49), (43,49), (42,49), (42,49)]

Detection Run 23
#Info# Executed steps before collision: 11, Found collision: false
Turtle 1 :[(-1,-1), (5,5), (5,5), (5,6), (5,6), (5,7), (5,7), (5,7), (5,7), (6,7), (6,8), (7,8)]
Turtle 2 :[(-2,-2), (17,16), (16,16), (16,15), (16,14), (16,13), (16,12), (-2,-2), (-2,-2), (-2,-2), (-2,-2), (-2,-2)]
Turtle 3 :[(-3,-3), (42,32), (42,32), (42,32), (41,32), (41,31), (40,31), (40,31), (39,31), (38,31), (-3,-3), (-3,-3)]
Turtle 4 :[(-4,-4), (40,37), (40,37), (40,38), (40,39), (40,40), (40,41), (40,41), (40,42), (-4,-4), (-4,-4), (-4,-4)]
Turtle 5 :[(-5,-5), (6,10), (6,10), (7,10), (7,10), (7,9), (7,9), (8,9), (8,8), (8,7), (-5,-5), (-5,-5)]

Detection Run 24
#Info# Executed steps before collision: 11, Found collision: false
Turtle 1 :[(-1,-1), (1,44), (1,45), (1,46), (2,46), (-1,-1), (-1,-1), (-1,-1), (-1,-1), (-1,-1), (-1,-1), (-1,-1)]
Turtle 2 :[(-2,-2), (45,7), (44,7), (44,8), (44,9), (44,10), (44,11), (-2,-2), (-2,-2), (-2,-2), (-2,-2), (-2,-2)]
Turtle 3 :[(-3,-3), (45,5), (45,5), (45,5), (45,5), (46,5), (46,5), (47,5), (47,5), (47,6), (47,7), (48,7)]
Turtle 4 :[(-4,-4), (44,30), (44,31), (44,31), (43,31), (42,31), (42,31), (42,32), (42,32), (42,32), (41,32), (-4,-4)]
Turtle 5 :[(-5,-5), (26,25), (27,25), (28,25), (28,25), (29,25), (29,25), (29,26), (29,26), (30,26), (-5,-5), (-5,-5)]

Detection Run 25
#Info# Executed steps before collision: 11, Found collision: false
Turtle 1 :[(-1,-1), (17,5), (17,5), (16,5), (16,4), (16,3), (16,2), (16,1), (-1,-1), (-1,-1), (-1,-1), (-1,-1)]
Turtle 2 :[(-2,-2), (16,5), (15,5), (15,5), (14,5), (15,5), (15,5), (15,5), (15,5), (15,5), (14,5), (-2,-2)]
Turtle 3 :[(-3,-3), (10,17), (11,17), (11,17), (11,17), (11,17), (11,17), (11,17), (12,17), (13,17), (13,18), (13,19)]
Turtle 4 :[(-4,-4), (42,22), (43,22), (42,22), (42,23), (43,23), (-4,-4), (-4,-4), (-4,-4), (-4,-4), (-4,-4), (-4,-4)]
Turtle 5 :[(-5,-5), (49,18), (49,18), (49,19), (49,19), (49,19), (49,19), (49,19), (-5,-5), (-5,-5), (-5,-5), (-5,-5)]

Detection Run 26
#Info# Executed steps before collision: 11, Found collision: false
Turtle 1 :[(-1,-1), (13,10), (13,10), (13,10), (13,10), (12,10), (12,9), (12,9), (12,8), (11,8), (10,8), (-1,-1)]
Turtle 2 :[(-2,-2), (1,29), (2,29), (3,29), (3,29), (3,29), (3,29), (3,29), (3,29), (4,29), (5,29), (-2,-2)]
Turtle 3 :[(-3,-3), (4,5), (4,5), (3,5), (3,6), (3,6), (3,7), (2,7), (2,7), (1,7), (-3,-3), (-3,-3)]
Turtle 4 :[(-4,-4), (4,29), (4,28), (4,28), (4,27), (4,26), (3,26), (2,26), (-4,-4), (-4,-4), (-4,-4), (-4,-4)]
Turtle 5 :[(-5,-5), (19,33), (19,34), (19,34), (19,34), (19,34), (19,34), (19,34), (18,34), (17,34), (16,34), (16,35)]

Detection Run 27
#Info# Executed steps before collision: 11, Found collision: false
Turtle 1 :[(-1,-1), (10,5), (11,5), (11,5), (12,5), (13,5), (13,4), (13,3), (-1,-1), (-1,-1), (-1,-1), (-1,-1)]
Turtle 2 :[(-2,-2), (35,28), (35,27), (35,28), (35,27), (35,26), (-2,-2), (-2,-2), (-2,-2), (-2,-2), (-2,-2), (-2,-2)]
Turtle 3 :[(-3,-3), (18,28), (18,28), (19,28), (20,28), (20,28), (20,28), (20,29), (20,29), (21,29), (21,29), (22,29)]
Turtle 4 :[(-4,-4), (11,24), (11,24), (11,24), (10,24), (10,25), (10,25), (10,26), (10,26), (10,26), (9,26), (8,26)]
Turtle 5 :[(-5,-5), (9,5), (9,5), (9,4), (10,4), (10,3), (10,2), (10,1), (-5,-5), (-5,-5), (-5,-5), (-5,-5)]

Detection Run 28
#Info# Executed steps before collision: 11, Found collision: false
Turtle 1 :[(-1,-1), (0,11), (0,11), (0,11), (1,11), (2,11), (2,11), (2,11), (2,10), (3,10), (4,10), (-1,-1)]
Turtle 2 :[(-2,-2), (0,40), (0,40), (0,39), (0,39), (1,39), (1,39), (1,39), (1,38), (0,38), (0,38), (0,37)]
Turtle 3 :[(-3,-3), (13,2), (13,3), (12,3), (12,4), (12,5), (12,6), (-3,-3), (-3,-3), (-3,-3), (-3,-3), (-3,-3)]
Turtle 4 :[(-4,-4), (16,49), (16,49), (15,49), (15,49), (15,49), (15,48), (15,47), (14,47), (14,46), (-4,-4), (-4,-4)]
Turtle 5 :[(-5,-5), (6,15), (6,14), (6,13), (6,12), (6,12), (6,12), (6,12), (6,11), (6,10), (-5,-5), (-5,-5)]

Detection Run 29
#Info# Executed steps before collision: 11, Found collision: false
Turtle 1 :[(-1,-1), (37,8), (38,8), (38,8), (38,8), (39,8), (39,8), (40,8), (40,7), (41,7), (-1,-1), (-1,-1)]
Turtle 2 :[(-2,-2), (45,41), (44,41), (44,41), (44,41), (44,41), (44,40), (44,39), (43,39), (-2,-2), (-2,-2), (-2,-2)]
Turtle 3 :[(-3,-3), (17,41), (17,41), (16,41), (16,41), (16,41), (16,41), (15,41), (14,41), (14,41), (13,41), (13,42)]
Turtle 4 :[(-4,-4), (0,9), (0,9), (0,8), (0,7), (0,7), (0,7), (0,6), (0,6), (1,6), (1,6), (1,5)]
Turtle 5 :[(-5,-5), (1,5), (1,5), (1,6), (1,7), (1,8), (0,8), (0,8), (0,8), (0,8), (0,8), (0,9)]

Detection Run 30
#Info# Executed steps before collision: 11, Found collision: false
Turtle 1 :[(-1,-1), (39,9), (39,9), (38,9), (38,9), (38,8), (38,8), (37,8), (37,7), (37,7), (37,7), (36,7)]
Turtle 2 :[(-2,-2), (15,17), (15,17), (15,17), (15,17), (15,16), (16,16), (16,16), (16,16), (16,15), (16,14), (16,13)]
Turtle 3 :[(-3,-3), (15,20), (15,20), (15,20), (16,20), (16,21), (16,20), (16,19), (16,19), (16,19), (16,18), (-3,-3)]
Turtle 4 :[(-4,-4), (46,4), (46,4), (46,4), (46,4), (45,4), (44,4), (43,4), (42,4), (42,3), (-4,-4), (-4,-4)]
Turtle 5 :[(-5,-5), (43,3), (43,3), (43,3), (43,4), (43,4), (43,5), (44,5), (44,5), (44,6), (45,6), (-5,-5)]

Detection Run 31
#Info# Executed steps before collision: 11, Found collision: false
Turtle 1 :[(-1,-1), (48,17), (48,17), (48,18), (48,18), (48,18), (48,19), (48,19), (47,19), (47,19), (46,19), (46,20)]
Turtle 2 :[(-2,-2), (46,4), (46,4), (46,4), (46,4), (45,4), (46,4), (46,4), (45,4), (45,5), (-2,-2), (-2,-2)]
Turtle 3 :[(-3,-3), (37,25), (38,25), (38,25), (38,25), (38,25), (39,25), (40,25), (40,25), (40,24), (40,24), (41,24)]
Turtle 4 :[(-4,-4), (38,27), (38,27), (38,28), (39,28), (39,29), (39,30), (39,30), (39,30), (39,31), (-4,-4), (-4,-4)]
Turtle 5 :[(-5,-5), (44,35), (44,34), (43,34), (42,34), (42,35), (41,35), (-5,-5), (-5,-5), (-5,-5), (-5,-5), (-5,-5)]

Detection Run 32
#Info# Executed steps before collision: 10, Found collision: false
Turtle 1 :[(-1,-1), (2,44), (3,44), (3,44), (3,44), (3,44), (4,44), (4,44), (4,45), (4,46), (-1,-1)]
Turtle 2 :[(-2,-2), (45,13), (44,13), (43,13), (43,14), (44,14), (43,14), (-2,-2), (-2,-2), (-2,-2), (-2,-2)]
Turtle 3 :[(-3,-3), (46,9), (46,9), (45,9), (44,9), (43,9), (42,9), (42,9), (41,9), (-3,-3), (-3,-3)]
Turtle 4 :[(-4,-4), (14,12), (15,12), (15,12), (16,12), (16,13), (17,13), (17,14), (-4,-4), (-4,-4), (-4,-4)]
Turtle 5 :[(-5,-5), (46,11), (45,11), (45,11), (44,11), (44,11), (44,10), (43,10), (43,10), (43,10), (43,9)]

Detection Run 33
#Info# Executed steps before collision: 11, Found collision: false
Turtle 1 :[(-1,-1), (28,47), (28,47), (28,47), (29,47), (29,47), (29,47), (30,47), (30,47), (31,47), (32,47), (-1,-1)]
Turtle 2 :[(-2,-2), (37,11), (37,10), (37,10), (37,9), (37,8), (37,8), (38,8), (38,7), (-2,-2), (-2,-2), (-2,-2)]
Turtle 3 :[(-3,-3), (38,11), (39,11), (40,11), (40,12), (40,13), (-3,-3), (-3,-3), (-3,-3), (-3,-3), (-3,-3), (-3,-3)]
Turtle 4 :[(-4,-4), (49,49), (49,49), (48,49), (48,49), (48,49), (47,49), (47,48), (46,48), (46,48), (46,48), (45,48)]
Turtle 5 :[(-5,-5), (35,19), (34,19), (34,19), (34,19), (34,19), (34,20), (34,19), (33,19), (-5,-5), (-5,-5), (-5,-5)]

Detection Run 34
#Info# Executed steps before collision: 11, Found collision: false
Turtle 1 :[(-1,-1), (6,2), (6,2), (6,3), (6,3), (7,3), (7,4), (8,4), (8,4), (8,4), (8,4), (9,4)]
Turtle 2 :[(-2,-2), (48,21), (48,20), (48,20), (48,19), (48,18), (48,18), (48,17), (48,17), (47,17), (-2,-2), (-2,-2)]
Turtle 3 :[(-3,-3), (6,7), (6,7), (6,7), (6,7), (6,7), (6,6), (6,5), (6,4), (6,4), (6,3), (7,3)]
Turtle 4 :[(-4,-4), (27,5), (27,5), (28,5), (28,4), (28,4), (29,4), (30,4), (31,4), (-4,-4), (-4,-4), (-4,-4)]
Turtle 5 :[(-5,-5), (44,16), (44,16), (44,16), (44,15), (45,15), (44,15), (45,15), (-5,-5), (-5,-5), (-5,-5), (-5,-5)]

Detection Run 35
#Info# Executed steps before collision: 10, Found collision: false
Turtle 1 :[(-1,-1), (27,39), (27,40), (26,40), (26,41), (26,41), (26,41), (25,41), (25,42), (-1,-1), (-1,-1)]
Turtle 2 :[(-2,-2), (33,7), (33,7), (33,8), (33,8), (33,8), (33,8), (33,9), (33,9), (33,10), (33,11)]
Turtle 3 :[(-3,-3), (33,6), (33,6), (33,6), (33,6), (34,6), (34,7), (-3,-3), (-3,-3), (-3,-3), (-3,-3)]
Turtle 4 :[(-4,-4), (6,2), (6,1), (5,1), (5,1), (4,1), (4,1), (4,1), (3,1), (2,1), (-4,-4)]
Turtle 5 :[(-5,-5), (33,38), (34,38), (35,38), (35,38), (35,39), (35,40), (35,40), (36,40), (-5,-5), (-5,-5)]

Detection Run 36
#Info# Executed steps before collision: 8, Found collision: false
Turtle 1 :[(-1,-1), (5,42), (5,41), (5,40), (6,40), (7,40), (7,39), (-1,-1), (-1,-1)]
Turtle 2 :[(-2,-2), (20,18), (20,19), (20,18), (21,18), (21,19), (21,20), (21,21), (21,22)]
Turtle 3 :[(-3,-3), (17,45), (17,44), (16,44), (16,43), (15,43), (14,43), (-3,-3), (-3,-3)]
Turtle 4 :[(-4,-4), (39,39), (39,39), (39,39), (39,39), (39,39), (38,39), (-4,-4), (-4,-4)]
Turtle 5 :[(-5,-5), (21,19), (21,19), (21,19), (22,19), (22,19), (23,19), (23,19), (24,19)]

Detection Run 37
#Info# Executed steps before collision: 11, Found collision: false
Turtle 1 :[(-1,-1), (27,44), (27,44), (27,44), (27,43), (27,43), (27,42), (27,41), (27,40), (28,40), (-1,-1), (-1,-1)]
Turtle 2 :[(-2,-2), (39,38), (39,38), (38,38), (38,39), (38,40), (38,40), (38,41), (38,42), (-2,-2), (-2,-2), (-2,-2)]
Turtle 3 :[(-3,-3), (42,47), (42,47), (43,47), (43,47), (43,46), (43,46), (42,46), (42,46), (42,46), (41,46), (40,46)]
Turtle 4 :[(-4,-4), (9,37), (9,38), (9,39), (9,40), (10,40), (11,40), (-4,-4), (-4,-4), (-4,-4), (-4,-4), (-4,-4)]
Turtle 5 :[(-5,-5), (29,46), (28,46), (27,46), (26,46), (26,47), (25,47), (-5,-5), (-5,-5), (-5,-5), (-5,-5), (-5,-5)]

Detection Run 38
#Info# Executed steps before collision: 8, Found collision: false
Turtle 1 :[(-1,-1), (38,16), (39,16), (40,16), (40,16), (41,16), (41,17), (-1,-1), (-1,-1)]
Turtle 2 :[(-2,-2), (7,18), (7,19), (7,20), (7,20), (7,21), (7,21), (6,21), (5,21)]
Turtle 3 :[(-3,-3), (3,11), (3,10), (3,9), (3,8), (4,8), (5,8), (-3,-3), (-3,-3)]
Turtle 4 :[(-4,-4), (39,18), (39,18), (40,18), (41,18), (41,18), (42,18), (43,18), (43,19)]
Turtle 5 :[(-5,-5), (33,38), (32,38), (32,38), (31,38), (31,38), (30,38), (30,39), (-5,-5)]

Detection Run 39
#Info# Executed steps before collision: 11, Found collision: false
Turtle 1 :[(-1,-1), (24,24), (24,25), (24,25), (24,25), (23,25), (23,25), (22,25), (22,25), (21,25), (21,25), (20,25)]
Turtle 2 :[(-2,-2), (25,24), (25,25), (26,25), (27,25), (28,25), (29,25), (-2,-2), (-2,-2), (-2,-2), (-2,-2), (-2,-2)]
Turtle 3 :[(-3,-3), (38,45), (38,45), (38,46), (38,47), (38,48), (38,48), (38,49), (37,49), (-3,-3), (-3,-3), (-3,-3)]
Turtle 4 :[(-4,-4), (0,43), (1,43), (0,43), (0,44), (0,45), (0,46), (-4,-4), (-4,-4), (-4,-4), (-4,-4), (-4,-4)]
Turtle 5 :[(-5,-5), (33,6), (32,6), (31,6), (31,5), (31,4), (30,4), (-5,-5), (-5,-5), (-5,-5), (-5,-5), (-5,-5)]

Detection Run 40
#Info# Executed steps before collision: 11, Found collision: false
Turtle 1 :[(-1,-1), (0,11), (0,12), (0,12), (1,12), (2,12), (3,12), (4,12), (-1,-1), (-1,-1), (-1,-1), (-1,-1)]
Turtle 2 :[(-2,-2), (8,17), (9,17), (9,18), (9,18), (9,18), (9,18), (9,18), (9,19), (9,19), (10,19), (11,19)]
Turtle 3 :[(-3,-3), (2,14), (2,14), (2,14), (2,14), (2,13), (2,13), (3,13), (4,13), (-3,-3), (-3,-3), (-3,-3)]
Turtle 4 :[(-4,-4), (9,46), (9,45), (9,45), (9,45), (9,45), (9,44), (8,44), (-4,-4), (-4,-4), (-4,-4), (-4,-4)]
Turtle 5 :[(-5,-5), (43,35), (43,35), (43,35), (42,35), (42,35), (41,35), (40,35), (39,35), (39,35), (39,36), (-5,-5)]

Detection Run 41
#Info# Executed steps before collision: 11, Found collision: false
Turtle 1 :[(-1,-1), (36,15), (36,15), (36,16), (36,16), (36,17), (36,17), (36,18), (36,19), (36,19), (36,19), (37,19)]
Turtle 2 :[(-2,-2), (38,2), (38,3), (38,3), (38,3), (38,3), (38,3), (38,3), (38,4), (38,5), (38,6), (-2,-2)]
Turtle 3 :[(-3,-3), (7,42), (8,42), (9,42), (10,42), (10,41), (10,41), (10,40), (-3,-3), (-3,-3), (-3,-3), (-3,-3)]
Turtle 4 :[(-4,-4), (30,23), (30,23), (30,23), (29,23), (29,23), (29,23), (29,23), (28,23), (-4,-4), (-4,-4), (-4,-4)]
Turtle 5 :[(-5,-5), (13,39), (12,39), (11,39), (11,40), (10,40), (9,40), (-5,-5), (-5,-5), (-5,-5), (-5,-5), (-5,-5)]

Detection Run 42
#Info# Executed steps before collision: 11, Found collision: false
Turtle 1 :[(-1,-1), (40,43), (40,43), (40,43), (40,43), (40,43), (40,44), (39,44), (39,45), (39,45), (38,45), (37,45)]
Turtle 2 :[(-2,-2), (0,18), (0,17), (0,18), (0,18), (0,18), (0,18), (0,17), (0,16), (0,16), (0,16), (0,15)]
Turtle 3 :[(-3,-3), (29,0), (30,0), (30,0), (30,0), (31,0), (30,0), (29,0), (28,0), (-3,-3), (-3,-3), (-3,-3)]
Turtle 4 :[(-4,-4), (32,46), (33,46), (33,46), (33,46), (34,46), (34,46), (34,46), (34,46), (35,46), (35,45), (-4,-4)]
Turtle 5 :[(-5,-5), (18,31), (18,30), (18,30), (18,29), (18,29), (18,28), (18,28), (18,29), (18,29), (18,29), (18,28)]

Detection Run 43
#Info# Executed steps before collision: 10, Found collision: false
Turtle 1 :[(-1,-1), (2,21), (2,20), (2,19), (2,19), (2,19), (2,18), (2,18), (2,17), (1,17), (-1,-1)]
Turtle 2 :[(-2,-2), (38,0), (37,0), (36,0), (35,0), (34,0), (33,0), (-2,-2), (-2,-2), (-2,-2), (-2,-2)]
Turtle 3 :[(-3,-3), (43,47), (43,46), (44,46), (44,46), (44,46), (44,46), (44,45), (45,45), (45,45), (46,45)]
Turtle 4 :[(-4,-4), (47,13), (48,13), (48,13), (49,13), (49,13), (49,14), (49,15), (-4,-4), (-4,-4), (-4,-4)]
Turtle 5 :[(-5,-5), (3,20), (3,21), (3,21), (3,21), (3,22), (3,23), (3,23), (3,23), (3,24), (2,24)]

Fault Detection Run 44
#Info# Executed steps before collision: 4, Found collision: true
Turtle 1 :[(-1,-1), (27,26), (27,26), (27,25), (27,25), (27,24), (27,23), (27,23), (27,22), (-1,-1), (-1,-1)]
Turtle 2 :[(-2,-2), (31,39), (31,40), (30,40), (30,41), (29,41), (29,42), (-2,-2), (-2,-2), (-2,-2), (-2,-2)]
Turtle 3 :[(-3,-3), (11,35), (11,35), (11,34), (11,33), (11,33), (11,32), (11,32), (11,32), (11,31), (11,30)]
Turtle 4 :[(-4,-4), (31,41), (31,41), (31,41), (30,41), (31,41), (30,41), (29,41), (29,42), (29,43), (29,44)]
Turtle 5 :[(-5,-5), (36,22), (37,22), (38,22), (39,22), (39,22), (39,21), (39,20), (-5,-5), (-5,-5), (-5,-5)]

