Shrinking Run 1
#Info# Executed steps before collision: 2, Found collision: true
Turtle 1 :[(-1,-1), (10,11), (9,11), (9,10), (8,10), (8,9), (8,8)]
Turtle 2 :[(-2,-2), (2,11), (3,11), (2,11), (2,12), (2,13), (-2,-2)]
Turtle 3 :[(-3,-3), (3,12), (3,11), (4,11), (4,10), (4,9), (4,8)]
Turtle 4 :[(-4,-4), (16,11), (17,11), (18,11), (18,10), (18,9), (19,9)]
Turtle 5 :[(-5,-5), (5,7), (5,6), (6,6), (7,6), (-5,-5), (-5,-5)]

Shrinking Run 2
#Info# Executed steps before collision: 3, Found collision: true
Turtle 1 :[(-1,-1), (10,11), (9,11), (8,11), (7,11), (6,11), (6,10), (-1,-1), (-1,-1)]
Turtle 2 :[(-2,-2), (2,11), (3,11), (2,11), (2,12), (2,13), (-2,-2), (-2,-2), (-2,-2)]
Turtle 3 :[(-3,-3), (3,12), (2,12), (2,11), (3,11), (3,10), (3,9), (3,8), (4,8)]
Turtle 4 :[(-4,-4), (16,11), (17,11), (18,11), (18,10), (18,9), (19,9), (-4,-4), (-4,-4)]
Turtle 5 :[(-5,-5), (5,7), (5,6), (6,6), (7,6), (-5,-5), (-5,-5), (-5,-5), (-5,-5)]

Shrinking Run 3
#Info# Executed steps before collision: 3, Found collision: true
Turtle 1 :[(-1,-1), (10,11), (9,11), (8,11), (7,11), (6,11), (5,11), (-1,-1), (-1,-1)]
Turtle 2 :[(-2,-2), (2,11), (3,11), (2,11), (2,12), (2,13), (-2,-2), (-2,-2), (-2,-2)]
Turtle 3 :[(-3,-3), (3,12), (2,12), (2,11), (2,10), (3,10), (3,9), (4,9), (4,8)]
Turtle 4 :[(-4,-4), (16,11), (17,11), (18,11), (18,10), (18,9), (19,9), (-4,-4), (-4,-4)]
Turtle 5 :[(-5,-5), (5,7), (5,6), (6,6), (7,6), (-5,-5), (-5,-5), (-5,-5), (-5,-5)]

Shrinking Run 4
#Info# Executed steps before collision: 6, Found collision: false
Turtle 1 :[(-1,-1), (10,11), (9,11), (8,11), (7,11), (6,11), (5,11)]
Turtle 2 :[(-2,-2), (2,11), (1,11), (1,12), (0,12), (0,13), (-2,-2)]
Turtle 3 :[(-3,-3), (3,12), (3,11), (3,10), (4,10), (4,9), (4,8)]
Turtle 4 :[(-4,-4), (16,11), (17,11), (18,11), (18,10), (18,9), (19,9)]
Turtle 5 :[(-5,-5), (5,7), (5,6), (6,6), (7,6), (-5,-5), (-5,-5)]

Shrinking Run 5
#Info# Executed steps before collision: 6, Found collision: false
Turtle 1 :[(-1,-1), (10,11), (9,11), (8,11), (7,11), (6,11), (5,11)]
Turtle 2 :[(-2,-2), (2,11), (3,11), (2,11), (1,11), (1,12), (1,13)]
Turtle 3 :[(-3,-3), (3,12), (4,12), (4,11), (4,10), (4,9), (4,8)]
Turtle 4 :[(-4,-4), (16,11), (17,11), (18,11), (18,10), (18,9), (19,9)]
Turtle 5 :[(-5,-5), (5,7), (5,6), (6,6), (7,6), (-5,-5), (-5,-5)]

Shrinking Run 6
#Info# Executed steps before collision: 6, Found collision: false
Turtle 1 :[(-1,-1), (10,11), (9,11), (8,11), (7,11), (6,11), (5,11)]
Turtle 2 :[(-2,-2), (2,11), (2,10), (2,9), (2,8), (2,7), (2,6)]
Turtle 3 :[(-3,-3), (3,12), (3,11), (3,10), (4,10), (4,9), (4,8)]
Turtle 4 :[(-4,-4), (16,11), (17,11), (18,11), (18,10), (18,9), (19,9)]
Turtle 5 :[(-5,-5), (5,7), (5,6), (6,6), (7,6), (-5,-5), (-5,-5)]

Shrinking Run 7
#Info# Executed steps before collision: 7, Found collision: false
Turtle 1 :[(-1,-1), (10,11), (9,11), (8,11), (7,11), (6,11), (5,11), (-1,-1)]
Turtle 2 :[(-2,-2), (2,11), (3,11), (2,11), (2,10), (2,9), (2,8), (-2,-2)]
Turtle 3 :[(-3,-3), (3,12), (4,12), (4,12), (4,11), (4,10), (4,9), (4,8)]
Turtle 4 :[(-4,-4), (16,11), (17,11), (18,11), (18,10), (18,9), (19,9), (-4,-4)]
Turtle 5 :[(-5,-5), (5,7), (5,6), (6,6), (7,6), (-5,-5), (-5,-5), (-5,-5)]

Shrinking Run 8
#Info# Executed steps before collision: 6, Found collision: false
Turtle 1 :[(-1,-1), (10,11), (9,11), (8,11), (7,11), (6,11), (5,11)]
Turtle 2 :[(-2,-2), (2,11), (1,11), (2,11), (2,12), (-2,-2), (-2,-2)]
Turtle 3 :[(-3,-3), (3,12), (3,11), (3,10), (4,10), (4,9), (4,8)]
Turtle 4 :[(-4,-4), (16,11), (17,11), (18,11), (18,10), (18,9), (19,9)]
Turtle 5 :[(-5,-5), (5,7), (5,6), (6,6), (7,6), (-5,-5), (-5,-5)]

Shrinking Run 9
#Info# Executed steps before collision: 6, Found collision: false
Turtle 1 :[(-1,-1), (10,11), (9,11), (8,11), (7,11), (6,11), (5,11)]
Turtle 2 :[(-2,-2), (2,11), (2,12), (2,13), (-2,-2), (-2,-2), (-2,-2)]
Turtle 3 :[(-3,-3), (3,12), (3,11), (3,10), (4,10), (4,9), (4,8)]
Turtle 4 :[(-4,-4), (16,11), (17,11), (18,11), (18,10), (18,9), (19,9)]
Turtle 5 :[(-5,-5), (5,7), (5,6), (6,6), (7,6), (-5,-5), (-5,-5)]

Shrinking Run 10
#Info# Executed steps before collision: 6, Found collision: false
Turtle 1 :[(-1,-1), (10,11), (9,11), (8,11), (7,11), (6,11), (5,11)]
Turtle 2 :[(-2,-2), (2,11), (2,12), (1,12), (2,12), (2,13), (-2,-2)]
Turtle 3 :[(-3,-3), (3,12), (3,11), (3,10), (4,10), (4,9), (4,8)]
Turtle 4 :[(-4,-4), (16,11), (17,11), (18,11), (18,10), (18,9), (19,9)]
Turtle 5 :[(-5,-5), (5,7), (5,6), (6,6), (7,6), (-5,-5), (-5,-5)]

Shrinking Run 11
#Info# Executed steps before collision: 8, Found collision: false
Turtle 1 :[(-1,-1), (10,11), (9,11), (8,11), (7,11), (6,11), (5,11), (-1,-1), (-1,-1)]
Turtle 2 :[(-2,-2), (2,11), (3,11), (3,12), (2,12), (2,13), (-2,-2), (-2,-2), (-2,-2)]
Turtle 3 :[(-3,-3), (3,12), (3,13), (4,13), (4,12), (4,11), (4,10), (4,9), (4,8)]
Turtle 4 :[(-4,-4), (16,11), (17,11), (18,11), (18,10), (18,9), (19,9), (-4,-4), (-4,-4)]
Turtle 5 :[(-5,-5), (5,7), (5,6), (6,6), (7,6), (-5,-5), (-5,-5), (-5,-5), (-5,-5)]

Shrinking Run 12
#Info# Executed steps before collision: 8, Found collision: false
Turtle 1 :[(-1,-1), (10,11), (9,11), (8,11), (7,11), (6,11), (5,11), (-1,-1), (-1,-1)]
Turtle 2 :[(-2,-2), (2,11), (3,11), (2,11), (2,12), (2,13), (-2,-2), (-2,-2), (-2,-2)]
Turtle 3 :[(-3,-3), (3,12), (4,12), (3,12), (3,11), (2,11), (2,10), (2,9), (2,8)]
Turtle 4 :[(-4,-4), (16,11), (17,11), (18,11), (18,10), (18,9), (19,9), (-4,-4), (-4,-4)]
Turtle 5 :[(-5,-5), (5,7), (5,6), (6,6), (7,6), (-5,-5), (-5,-5), (-5,-5), (-5,-5)]

Shrinking Run 13
#Info# Executed steps before collision: 6, Found collision: false
Turtle 1 :[(-1,-1), (10,11), (9,11), (8,11), (7,11), (6,11), (5,11)]
Turtle 2 :[(-2,-2), (2,11), (3,11), (2,11), (2,12), (2,13), (-2,-2)]
Turtle 3 :[(-3,-3), (3,12), (3,12), (3,11), (3,10), (3,9), (3,8)]
Turtle 4 :[(-4,-4), (16,11), (17,11), (18,11), (18,10), (18,9), (19,9)]
Turtle 5 :[(-5,-5), (5,7), (5,6), (6,6), (7,6), (-5,-5), (-5,-5)]

Shrinking Run 14
#Info# Executed steps before collision: 2, Found collision: true
Turtle 1 :[(-1,-1), (10,11), (9,11), (8,11), (7,11), (6,11), (5,11)]
Turtle 2 :[(-2,-2), (2,11), (3,11), (2,11), (2,12), (2,13), (-2,-2)]
Turtle 3 :[(-3,-3), (3,12), (3,11), (3,10), (3,9), (3,8), (3,7)]
Turtle 4 :[(-4,-4), (16,11), (17,11), (18,11), (18,10), (18,9), (19,9)]
Turtle 5 :[(-5,-5), (5,7), (5,6), (6,6), (7,6), (-5,-5), (-5,-5)]

Shrinking Run 15
#Info# Executed steps before collision: 2, Found collision: true
Turtle 1 :[(-1,-1), (10,11), (9,11), (8,11), (7,11), (6,11), (5,11), (-1,-1), (-1,-1)]
Turtle 2 :[(-2,-2), (2,11), (3,11), (2,11), (2,12), (2,13), (-2,-2), (-2,-2), (-2,-2)]
Turtle 3 :[(-3,-3), (3,12), (3,11), (4,11), (4,10), (4,9), (3,9), (3,8), (3,7)]
Turtle 4 :[(-4,-4), (16,11), (15,11), (14,11), (14,10), (14,9), (13,9), (-4,-4), (-4,-4)]
Turtle 5 :[(-5,-5), (5,7), (5,6), (6,6), (7,6), (-5,-5), (-5,-5), (-5,-5), (-5,-5)]

Shrinking Run 16
#Info# Executed steps before collision: 2, Found collision: true
Turtle 1 :[(-1,-1), (10,11), (9,11), (8,11), (7,11), (6,11), (5,11)]
Turtle 2 :[(-2,-2), (2,11), (3,11), (2,11), (2,12), (2,13), (-2,-2)]
Turtle 3 :[(-3,-3), (3,12), (3,11), (3,10), (3,9), (3,8), (3,7)]
Turtle 4 :[(-4,-4), (16,11), (15,11), (15,10), (15,9), (15,8), (15,7)]
Turtle 5 :[(-5,-5), (5,7), (5,6), (6,6), (7,6), (-5,-5), (-5,-5)]

Shrinking Run 17
#Info# Executed steps before collision: 2, Found collision: true
Turtle 1 :[(-1,-1), (10,11), (9,11), (8,11), (7,11), (6,11), (5,11)]
Turtle 2 :[(-2,-2), (2,11), (3,11), (2,11), (2,12), (2,13), (-2,-2)]
Turtle 3 :[(-3,-3), (3,12), (3,11), (3,10), (3,9), (3,8), (3,7)]
Turtle 4 :[(-4,-4), (16,11), (15,11), (15,10), (15,9), (14,9), (14,8)]
Turtle 5 :[(-5,-5), (5,7), (5,6), (6,6), (7,6), (-5,-5), (-5,-5)]

Shrinking Run 18
#Info# Executed steps before collision: 3, Found collision: true
Turtle 1 :[(-1,-1), (10,11), (9,11), (8,11), (7,11), (6,11), (5,11), (-1,-1), (-1,-1)]
Turtle 2 :[(-2,-2), (2,11), (3,11), (2,11), (2,12), (2,13), (-2,-2), (-2,-2), (-2,-2)]
Turtle 3 :[(-3,-3), (3,12), (2,12), (2,11), (2,10), (3,10), (3,9), (3,8), (3,7)]
Turtle 4 :[(-4,-4), (16,11), (15,11), (14,11), (14,10), (13,10), (13,9), (-4,-4), (-4,-4)]
Turtle 5 :[(-5,-5), (5,7), (5,6), (6,6), (7,6), (-5,-5), (-5,-5), (-5,-5), (-5,-5)]

Shrinking Run 19
#Info# Executed steps before collision: 3, Found collision: true
Turtle 1 :[(-1,-1), (10,11), (9,11), (8,11), (7,11), (6,11), (5,11), (-1,-1), (-1,-1)]
Turtle 2 :[(-2,-2), (2,11), (3,11), (2,11), (2,12), (2,13), (-2,-2), (-2,-2), (-2,-2)]
Turtle 3 :[(-3,-3), (3,12), (2,12), (2,11), (2,10), (3,10), (3,9), (3,8), (3,7)]
Turtle 4 :[(-4,-4), (16,11), (15,11), (14,11), (13,11), (12,11), (12,10), (-4,-4), (-4,-4)]
Turtle 5 :[(-5,-5), (5,7), (5,6), (6,6), (7,6), (-5,-5), (-5,-5), (-5,-5), (-5,-5)]

Shrinking Run 20
#Info# Executed steps before collision: 3, Found collision: true
Turtle 1 :[(-1,-1), (10,11), (9,11), (8,11), (7,11), (6,11), (5,11), (-1,-1), (-1,-1)]
Turtle 2 :[(-2,-2), (2,11), (3,11), (2,11), (2,12), (2,13), (-2,-2), (-2,-2), (-2,-2)]
Turtle 3 :[(-3,-3), (3,12), (2,12), (2,11), (2,10), (3,10), (3,9), (3,8), (3,7)]
Turtle 4 :[(-4,-4), (16,11), (15,11), (14,11), (13,11), (12,11), (11,11), (-4,-4), (-4,-4)]
Turtle 5 :[(-5,-5), (5,7), (5,6), (6,6), (7,6), (-5,-5), (-5,-5), (-5,-5), (-5,-5)]

Shrinking Run 21
#Info# Executed steps before collision: 3, Found collision: true
Turtle 1 :[(-1,-1), (10,11), (9,11), (8,11), (7,11), (6,11), (5,11), (-1,-1), (-1,-1)]
Turtle 2 :[(-2,-2), (2,11), (3,11), (2,11), (2,12), (2,13), (-2,-2), (-2,-2), (-2,-2)]
Turtle 3 :[(-3,-3), (3,12), (2,12), (2,11), (3,11), (3,10), (3,9), (3,8), (3,7)]
Turtle 4 :[(-4,-4), (16,11), (15,11), (14,11), (13,11), (12,11), (11,11), (-4,-4), (-4,-4)]
Turtle 5 :[(-5,-5), (5,7), (5,6), (4,6), (3,6), (2,6), (1,6), (-5,-5), (-5,-5)]

Shrinking Run 22
#Info# Executed steps before collision: 8, Found collision: false
Turtle 1 :[(-1,-1), (10,11), (9,11), (8,11), (7,11), (6,11), (5,11), (-1,-1), (-1,-1)]
Turtle 2 :[(-2,-2), (2,11), (3,11), (2,11), (2,12), (2,13), (-2,-2), (-2,-2), (-2,-2)]
Turtle 3 :[(-3,-3), (3,12), (2,12), (3,12), (3,11), (3,10), (3,9), (3,8), (3,7)]
Turtle 4 :[(-4,-4), (16,11), (15,11), (14,11), (13,11), (12,11), (11,11), (-4,-4), (-4,-4)]
Turtle 5 :[(-5,-5), (5,7), (5,6), (4,6), (4,5), (3,5), (3,4), (-5,-5), (-5,-5)]

Shrinking Run 23
#Info# Executed steps before collision: 7, Found collision: false
Turtle 1 :[(-1,-1), (10,11), (9,11), (8,11), (7,11), (6,11), (5,11), (-1,-1)]
Turtle 2 :[(-2,-2), (2,11), (3,11), (2,11), (2,12), (2,13), (-2,-2), (-2,-2)]
Turtle 3 :[(-3,-3), (3,12), (3,12), (3,11), (3,10), (3,9), (3,8), (3,7)]
Turtle 4 :[(-4,-4), (16,11), (15,11), (14,11), (13,11), (12,11), (11,11), (-4,-4)]
Turtle 5 :[(-5,-5), (5,7), (5,6), (4,6), (3,6), (2,6), (2,5), (-5,-5)]

Shrinking Run 24
#Info# Executed steps before collision: 9, Found collision: false
Turtle 1 :[(-1,-1), (10,11), (9,11), (8,11), (7,11), (6,11), (5,11), (-1,-1), (-1,-1), (-1,-1)]
Turtle 2 :[(-2,-2), (2,11), (3,11), (2,11), (2,12), (2,13), (-2,-2), (-2,-2), (-2,-2), (-2,-2)]
Turtle 3 :[(-3,-3), (3,12), (3,13), (3,13), (3,12), (3,11), (3,10), (3,9), (3,8), (3,7)]
Turtle 4 :[(-4,-4), (16,11), (15,11), (14,11), (13,11), (12,11), (11,11), (-4,-4), (-4,-4), (-4,-4)]
Turtle 5 :[(-5,-5), (5,7), (4,7), (3,7), (2,7), (1,7), (1,6), (-5,-5), (-5,-5), (-5,-5)]

Shrinking Run 25
#Info# Executed steps before collision: 7, Found collision: false
Turtle 1 :[(-1,-1), (10,11), (9,11), (8,11), (7,11), (6,11), (5,11), (-1,-1)]
Turtle 2 :[(-2,-2), (2,11), (3,11), (2,11), (2,12), (2,13), (-2,-2), (-2,-2)]
Turtle 3 :[(-3,-3), (3,12), (3,12), (3,11), (3,10), (3,9), (3,8), (3,7)]
Turtle 4 :[(-4,-4), (16,11), (15,11), (14,11), (13,11), (12,11), (11,11), (-4,-4)]
Turtle 5 :[(-5,-5), (5,7), (4,7), (3,7), (2,7), (2,6), (1,6), (-5,-5)]

Shrinking Run 26
#Info# Executed steps before collision: 6, Found collision: false
Turtle 1 :[(-1,-1), (10,11), (9,11), (8,11), (7,11), (6,11), (5,11)]
Turtle 2 :[(-2,-2), (2,11), (1,11), (1,12), (0,12), (0,13), (-2,-2)]
Turtle 3 :[(-3,-3), (3,12), (3,11), (3,10), (3,9), (3,8), (3,7)]
Turtle 4 :[(-4,-4), (16,11), (15,11), (14,11), (13,11), (12,11), (11,11)]
Turtle 5 :[(-5,-5), (5,7), (5,6), (4,6), (3,6), (2,6), (1,6)]

Shrinking Run 27
#Info# Executed steps before collision: 7, Found collision: false
Turtle 1 :[(-1,-1), (10,11), (9,11), (8,11), (7,11), (6,11), (5,11), (-1,-1)]
Turtle 2 :[(-2,-2), (2,11), (3,11), (2,11), (1,11), (1,12), (1,13), (-2,-2)]
Turtle 3 :[(-3,-3), (3,12), (3,12), (3,11), (3,10), (3,9), (3,8), (3,7)]
Turtle 4 :[(-4,-4), (16,11), (15,11), (14,11), (13,11), (12,11), (11,11), (-4,-4)]
Turtle 5 :[(-5,-5), (5,7), (5,6), (4,6), (3,6), (2,6), (1,6), (-5,-5)]

Shrinking Run 28
#Info# Executed steps before collision: 7, Found collision: false
Turtle 1 :[(-1,-1), (10,11), (9,11), (8,11), (7,11), (6,11), (5,11), (-1,-1)]
Turtle 2 :[(-2,-2), (2,11), (2,10), (2,9), (2,8), (2,7), (2,7), (2,6)]
Turtle 3 :[(-3,-3), (3,12), (3,11), (3,10), (3,9), (3,8), (3,7), (-3,-3)]
Turtle 4 :[(-4,-4), (16,11), (15,11), (14,11), (13,11), (12,11), (11,11), (-4,-4)]
Turtle 5 :[(-5,-5), (5,7), (5,6), (4,6), (3,6), (2,6), (1,6), (-5,-5)]

Shrinking Run 29
#Info# Executed steps before collision: 8, Found collision: false
Turtle 1 :[(-1,-1), (10,11), (9,11), (8,11), (7,11), (6,11), (5,11), (-1,-1), (-1,-1)]
Turtle 2 :[(-2,-2), (2,11), (3,11), (2,11), (2,10), (2,9), (2,8), (-2,-2), (-2,-2)]
Turtle 3 :[(-3,-3), (3,12), (4,12), (3,12), (3,11), (3,10), (3,9), (3,8), (3,7)]
Turtle 4 :[(-4,-4), (16,11), (15,11), (14,11), (13,11), (12,11), (11,11), (-4,-4), (-4,-4)]
Turtle 5 :[(-5,-5), (5,7), (5,6), (4,6), (3,6), (2,6), (1,6), (-5,-5), (-5,-5)]

Shrinking Run 30
#Info# Executed steps before collision: 6, Found collision: false
Turtle 1 :[(-1,-1), (10,11), (9,11), (8,11), (7,11), (6,11), (5,11)]
Turtle 2 :[(-2,-2), (2,11), (1,11), (2,11), (2,12), (-2,-2), (-2,-2)]
Turtle 3 :[(-3,-3), (3,12), (3,11), (3,10), (3,9), (3,8), (3,7)]
Turtle 4 :[(-4,-4), (16,11), (15,11), (14,11), (13,11), (12,11), (11,11)]
Turtle 5 :[(-5,-5), (5,7), (5,6), (4,6), (3,6), (2,6), (1,6)]

Shrinking Run 31
#Info# Executed steps before collision: 6, Found collision: false
Turtle 1 :[(-1,-1), (10,11), (9,11), (8,11), (7,11), (6,11), (5,11)]
Turtle 2 :[(-2,-2), (2,11), (2,12), (2,13), (-2,-2), (-2,-2), (-2,-2)]
Turtle 3 :[(-3,-3), (3,12), (3,11), (3,10), (3,9), (3,8), (3,7)]
Turtle 4 :[(-4,-4), (16,11), (15,11), (14,11), (13,11), (12,11), (11,11)]
Turtle 5 :[(-5,-5), (5,7), (5,6), (4,6), (3,6), (2,6), (1,6)]

Shrinking Run 32
#Info# Executed steps before collision: 6, Found collision: false
Turtle 1 :[(-1,-1), (10,11), (9,11), (8,11), (7,11), (6,11), (5,11)]
Turtle 2 :[(-2,-2), (2,11), (2,12), (1,12), (2,12), (2,13), (-2,-2)]
Turtle 3 :[(-3,-3), (3,12), (3,11), (3,10), (3,9), (3,8), (3,7)]
Turtle 4 :[(-4,-4), (16,11), (15,11), (14,11), (13,11), (12,11), (11,11)]
Turtle 5 :[(-5,-5), (5,7), (5,6), (4,6), (3,6), (2,6), (1,6)]

Shrinking Run 33
#Info# Executed steps before collision: 8, Found collision: false
Turtle 1 :[(-1,-1), (10,11), (9,11), (8,11), (7,11), (6,11), (5,11), (-1,-1), (-1,-1)]
Turtle 2 :[(-2,-2), (2,11), (3,11), (3,12), (2,12), (2,13), (-2,-2), (-2,-2), (-2,-2)]
Turtle 3 :[(-3,-3), (3,12), (2,12), (2,11), (2,10), (2,9), (2,8), (3,8), (3,7)]
Turtle 4 :[(-4,-4), (16,11), (15,11), (14,11), (13,11), (12,11), (11,11), (-4,-4), (-4,-4)]
Turtle 5 :[(-5,-5), (5,7), (5,6), (4,6), (3,6), (2,6), (1,6), (-5,-5), (-5,-5)]

Shrinking Run 34
#Info# Executed steps before collision: 8, Found collision: false
Turtle 1 :[(-1,-1), (10,11), (9,11), (8,11), (7,11), (6,11), (5,11), (-1,-1), (-1,-1)]
Turtle 2 :[(-2,-2), (2,11), (3,11), (2,11), (2,12), (2,13), (-2,-2), (-2,-2), (-2,-2)]
Turtle 3 :[(-3,-3), (3,12), (2,12), (1,12), (1,11), (1,10), (1,9), (2,9), (2,8)]
Turtle 4 :[(-4,-4), (16,11), (15,11), (14,11), (13,11), (12,11), (11,11), (-4,-4), (-4,-4)]
Turtle 5 :[(-5,-5), (5,7), (5,6), (4,6), (3,6), (2,6), (1,6), (-5,-5), (-5,-5)]

Shrink Run 35
#Info# Executed steps before collision: 6, Found collision: false
Turtle 1 :[(-1,-1), (10,11), (9,11), (8,11), (7,11), (6,11), (5,11)]
Turtle 2 :[(-2,-2), (2,11), (3,11), (2,11), (2,12), (2,13), (-2,-2)]
Turtle 3 :[(-3,-3), (3,12), (3,12), (3,11), (3,10), (3,9), (3,8)]
Turtle 4 :[(-4,-4), (16,11), (15,11), (14,11), (13,11), (12,11), (11,11)]
Turtle 5 :[(-5,-5), (5,7), (5,6), (4,6), (3,6), (2,6), (1,6)]

