Detection Run 1
#Info# Executed steps before collision: 6, Found collision: false
Turtle 1 :[(-1,-1), (14,4), (14,5), (13,5), (13,6), (12,6), (12,7)]
Turtle 2 :[(-2,-2), (9,13), (9,12), (8,12), (7,12), (7,11), (7,10)]
Turtle 3 :[(-3,-3), (6,6), (7,6), (8,6), (8,5), (8,4), (8,3)]
Turtle 4 :[(-4,-4), (-4,-4), (-4,-4), (9,13), (9,12), (9,11), (9,10)]
Turtle 5 :[(-5,-5), (7,16), (7,17), (7,18), (7,19), (7,19), (6,19)]

Fault Detection Run 2
#Info# Executed steps before collision: 6, Found collision: true
Turtle 1 :[(-1,-1), (14,12), (13,12), (13,13), (12,13), (12,13), (11,13), (-1,-1), (-1,-1), (-1,-1)]
Turtle 2 :[(-2,-2), (13,6), (13,5), (13,4), (13,3), (12,3), (-2,-2), (-2,-2), (-2,-2), (-2,-2)]
Turtle 3 :[(-3,-3), (8,9), (7,9), (6,9), (6,8), (6,7), (5,7), (-3,-3), (-3,-3), (-3,-3)]
Turtle 4 :[(-4,-4), (11,11), (11,12), (11,13), (11,13), (10,13), (11,13), (11,14), (12,14), (13,14)]
Turtle 5 :[(-5,-5), (6,13), (5,13), (4,13), (4,14), (3,14), (2,14), (-5,-5), (-5,-5), (-5,-5)]

