Detection Run 1
#Info# Executed steps before collision: 8, Found collision: false
Turtle 1 :[(-1,-1), (1,26), (2,26), (2,25), (2,24), (2,23), (-1,-1), (-1,-1), (-1,-1)]
Turtle 2 :[(-2,-2), (47,9), (47,10), (48,10), (48,11), (49,11), (49,11), (-2,-2), (-2,-2)]
Turtle 3 :[(-3,-3), (5,25), (5,24), (4,24), (3,24), (3,23), (4,23), (3,23), (2,23)]
Turtle 4 :[(-4,-4), (15,13), (16,13), (17,13), (17,14), (17,15), (17,16), (-4,-4), (-4,-4)]
Turtle 5 :[(-5,-5), (14,10), (15,10), (16,10), (16,11), (17,11), (-5,-5), (-5,-5), (-5,-5)]

Detection Run 2
#Info# Executed steps before collision: 8, Found collision: false
Turtle 1 :[(-1,-1), (49,0), (48,0), (47,0), (46,0), (45,0), (44,0), (-1,-1), (-1,-1)]
Turtle 2 :[(-2,-2), (0,27), (0,28), (0,29), (0,30), (0,31), (-2,-2), (-2,-2), (-2,-2)]
Turtle 3 :[(-3,-3), (28,43), (28,43), (27,43), (28,43), (28,43), (29,43), (29,42), (30,42)]
Turtle 4 :[(-4,-4), (29,43), (29,42), (28,42), (27,42), (26,42), (25,42), (-4,-4), (-4,-4)]
Turtle 5 :[(-5,-5), (38,31), (37,31), (36,31), (35,31), (35,30), (35,29), (-5,-5), (-5,-5)]

Fault Detection Run 3
#Info# Executed steps before collision: 5, Found collision: true
Turtle 1 :[(-1,-1), (30,38), (29,38), (30,38), (30,37), (-1,-1), (-1,-1), (-1,-1), (-1,-1)]
Turtle 2 :[(-2,-2), (27,31), (27,31), (26,31), (26,32), (26,33), (25,33), (25,33), (24,33)]
Turtle 3 :[(-3,-3), (15,48), (15,49), (16,49), (17,49), (18,49), (19,49), (-3,-3), (-3,-3)]
Turtle 4 :[(-4,-4), (37,33), (38,33), (39,33), (40,33), (41,33), (42,33), (-4,-4), (-4,-4)]
Turtle 5 :[(-5,-5), (27,34), (26,34), (26,33), (26,33), (26,33), (26,32), (25,32), (24,32)]

