Detection Run 1
#Info# Executed steps before collision: 6, Found collision: false
Turtle 1 :[(-1,-1), (5,1), (4,1), (3,1), (3,2), (2,2), (2,3)]
Turtle 2 :[(-2,-2), (15,5), (15,4), (16,4), (17,4), (18,4), (18,3)]
Turtle 3 :[(-3,-3), (14,14), (14,15), (14,16), (15,16), (16,16), (-3,-3)]
Turtle 4 :[(-4,-4), (1,2), (1,3), (1,4), (0,4), (-4,-4), (-4,-4)]
Turtle 5 :[(-5,-5), (14,11), (13,11), (13,12), (13,13), (12,13), (12,14)]

Detection Run 2
#Info# Executed steps before collision: 6, Found collision: false
Turtle 1 :[(-1,-1), (18,14), (18,13), (19,13), (19,14), (19,15), (19,15)]
Turtle 2 :[(-2,-2), (4,2), (3,2), (3,3), (2,3), (1,3), (0,3)]
Turtle 3 :[(-3,-3), (15,1), (14,1), (13,1), (14,1), (15,1), (14,1)]
Turtle 4 :[(-4,-4), (13,9), (12,9), (11,9), (11,10), (11,11), (11,12)]
Turtle 5 :[(-5,-5), (6,10), (5,10), (5,9), (4,9), (3,9), (2,9)]

Detection Run 3
#Info# Executed steps before collision: 6, Found collision: false
Turtle 1 :[(-1,-1), (17,15), (17,16), (17,17), (17,18), (17,19), (16,19)]
Turtle 2 :[(-2,-2), (13,10), (13,11), (12,11), (11,11), (11,12), (10,12)]
Turtle 3 :[(-3,-3), (9,15), (9,16), (9,15), (9,14), (9,13), (8,13)]
Turtle 4 :[(-4,-4), (6,5), (6,6), (5,6), (5,7), (5,8), (4,8)]
Turtle 5 :[(-5,-5), (10,4), (10,3), (10,2), (10,1), (9,1), (-5,-5)]

Detection Run 4
#Info# Executed steps before collision: 6, Found collision: false
Turtle 1 :[(-1,-1), (19,9), (19,10), (19,11), (19,12), (19,12), (19,13)]
Turtle 2 :[(-2,-2), (17,15), (16,15), (16,14), (15,14), (15,13), (-2,-2)]
Turtle 3 :[(-3,-3), (15,15), (14,15), (14,14), (13,14), (13,13), (12,13)]
Turtle 4 :[(-4,-4), (10,0), (10,1), (10,2), (10,1), (9,1), (-4,-4)]
Turtle 5 :[(-5,-5), (14,8), (14,9), (13,9), (13,10), (12,10), (12,11)]

Detection Run 5
#Info# Executed steps before collision: 6, Found collision: false
Turtle 1 :[(-1,-1), (16,16), (15,16), (14,16), (14,15), (14,14), (13,14)]
Turtle 2 :[(-2,-2), (10,11), (10,12), (-2,-2), (-2,-2), (-2,-2), (-2,-2)]
Turtle 3 :[(-3,-3), (0,2), (0,1), (0,0), (0,1), (0,0), (-3,-3)]
Turtle 4 :[(-4,-4), (9,7), (9,6), (10,6), (10,5), (10,4), (11,4)]
Turtle 5 :[(-5,-5), (5,19), (5,18), (5,17), (6,17), (6,16), (7,16)]

Detection Run 6
#Info# Executed steps before collision: 8, Found collision: false
Turtle 1 :[(-1,-1), (13,0), (14,0), (15,0), (16,0), (17,0), (-1,-1), (-1,-1), (-1,-1)]
Turtle 2 :[(-2,-2), (17,0), (16,0), (17,0), (17,1), (16,1), (15,1), (14,1), (13,1)]
Turtle 3 :[(-3,-3), (15,15), (16,15), (15,15), (14,15), (14,16), (-3,-3), (-3,-3), (-3,-3)]
Turtle 4 :[(-4,-4), (19,11), (18,11), (18,12), (17,12), (16,12), (15,12), (-4,-4), (-4,-4)]
Turtle 5 :[(-5,-5), (13,16), (12,16), (11,16), (11,15), (10,15), (10,14), (-5,-5), (-5,-5)]

Detection Run 7
#Info# Executed steps before collision: 6, Found collision: false
Turtle 1 :[(-1,-1), (14,6), (14,5), (15,5), (16,5), (16,4), (17,4)]
Turtle 2 :[(-2,-2), (11,3), (11,4), (12,4), (13,4), (14,4), (14,5)]
Turtle 3 :[(-3,-3), (18,16), (17,16), (16,16), (15,16), (14,16), (13,16)]
Turtle 4 :[(-4,-4), (0,11), (0,12), (0,13), (1,13), (2,13), (2,14)]
Turtle 5 :[(-5,-5), (4,3), (5,3), (5,2), (5,1), (5,0), (-5,-5)]

Detection Run 8
#Info# Executed steps before collision: 6, Found collision: false
Turtle 1 :[(-1,-1), (3,17), (2,17), (1,17), (0,17), (-1,-1), (-1,-1)]
Turtle 2 :[(-2,-2), (17,9), (17,10), (18,10), (18,11), (18,12), (18,13)]
Turtle 3 :[(-3,-3), (13,18), (13,17), (14,17), (14,16), (14,15), (14,14)]
Turtle 4 :[(-4,-4), (6,12), (5,12), (5,11), (4,11), (3,11), (2,11)]
Turtle 5 :[(-5,-5), (6,13), (6,14), (5,14), (5,15), (5,16), (5,17)]

Detection Run 9
#Info# Executed steps before collision: 6, Found collision: false
Turtle 1 :[(-1,-1), (13,19), (14,19), (15,19), (15,19), (15,18), (15,19)]
Turtle 2 :[(-2,-2), (6,11), (6,10), (6,9), (6,8), (6,7), (7,7)]
Turtle 3 :[(-3,-3), (13,2), (13,1), (13,0), (12,0), (11,0), (10,0)]
Turtle 4 :[(-4,-4), (13,4), (13,3), (13,2), (13,1), (13,0), (12,0)]
Turtle 5 :[(-5,-5), (15,8), (14,8), (13,8), (13,9), (12,9), (11,9)]

Detection Run 10
#Info# Executed steps before collision: 6, Found collision: false
Turtle 1 :[(-1,-1), (14,4), (15,4), (15,5), (16,5), (17,5), (18,5)]
Turtle 2 :[(-2,-2), (16,2), (15,2), (15,1), (14,1), (14,0), (13,0)]
Turtle 3 :[(-3,-3), (7,10), (7,9), (7,8), (8,8), (8,7), (9,7)]
Turtle 4 :[(-4,-4), (18,19), (19,19), (19,18), (19,17), (19,16), (19,15)]
Turtle 5 :[(-5,-5), (4,0), (3,0), (3,1), (2,1), (1,1), (0,1)]

Detection Run 11
#Info# Executed steps before collision: 8, Found collision: false
Turtle 1 :[(-1,-1), (18,16), (19,16), (19,17), (19,17), (19,18), (19,19), (-1,-1), (-1,-1)]
Turtle 2 :[(-2,-2), (11,2), (12,2), (12,3), (13,3), (14,3), (-2,-2), (-2,-2), (-2,-2)]
Turtle 3 :[(-3,-3), (4,17), (4,18), (3,18), (2,18), (2,19), (1,19), (-3,-3), (-3,-3)]
Turtle 4 :[(-4,-4), (0,18), (0,17), (0,16), (0,15), (0,15), (0,14), (-4,-4), (-4,-4)]
Turtle 5 :[(-5,-5), (11,15), (10,15), (10,16), (10,17), (9,17), (9,17), (9,17), (8,17)]

Detection Run 12
#Info# Executed steps before collision: 8, Found collision: false
Turtle 1 :[(-1,-1), (14,12), (14,12), (15,12), (16,12), (17,12), (18,12), (-1,-1), (-1,-1)]
Turtle 2 :[(-2,-2), (8,10), (9,10), (9,11), (10,11), (10,12), (11,12), (-2,-2), (-2,-2)]
Turtle 3 :[(-3,-3), (16,16), (16,16), (16,15), (16,14), (16,13), (16,12), (-3,-3), (-3,-3)]
Turtle 4 :[(-4,-4), (8,18), (9,18), (9,17), (9,17), (10,17), (11,17), (11,17), (12,17)]
Turtle 5 :[(-5,-5), (7,15), (6,15), (6,14), (5,14), (5,14), (4,14), (4,13), (-5,-5)]

Detection Run 13
#Info# Executed steps before collision: 9, Found collision: false
Turtle 1 :[(-1,-1), (10,5), (10,6), (10,7), (10,8), (9,8), (8,8), (-1,-1), (-1,-1), (-1,-1)]
Turtle 2 :[(-2,-2), (5,11), (4,11), (3,11), (2,11), (1,11), (1,10), (-2,-2), (-2,-2), (-2,-2)]
Turtle 3 :[(-3,-3), (14,4), (13,4), (13,4), (12,4), (11,4), (11,4), (11,4), (11,5), (11,6)]
Turtle 4 :[(-4,-4), (16,11), (15,11), (15,12), (14,12), (13,12), (13,13), (-4,-4), (-4,-4), (-4,-4)]
Turtle 5 :[(-5,-5), (4,3), (3,3), (3,2), (2,2), (1,2), (-5,-5), (-5,-5), (-5,-5), (-5,-5)]

Detection Run 14
#Info# Executed steps before collision: 7, Found collision: false
Turtle 1 :[(-1,-1), (0,6), (1,6), (2,6), (2,6), (3,6), (4,6), (4,5)]
Turtle 2 :[(-2,-2), (0,15), (1,15), (2,15), (2,14), (2,13), (2,12), (-2,-2)]
Turtle 3 :[(-3,-3), (1,12), (2,12), (2,11), (3,11), (3,11), (3,11), (4,11)]
Turtle 4 :[(-4,-4), (19,11), (18,11), (18,11), (17,11), (16,11), (15,11), (14,11)]
Turtle 5 :[(-5,-5), (13,12), (12,12), (12,13), (12,14), (11,14), (11,15), (-5,-5)]

Detection Run 15
#Info# Executed steps before collision: 6, Found collision: false
Turtle 1 :[(-1,-1), (16,2), (15,2), (14,2), (14,1), (14,0), (-1,-1)]
Turtle 2 :[(-2,-2), (1,11), (1,10), (1,9), (1,8), (0,8), (-2,-2)]
Turtle 3 :[(-3,-3), (6,15), (6,14), (6,13), (6,12), (6,11), (6,10)]
Turtle 4 :[(-4,-4), (6,10), (6,9), (5,9), (5,8), (4,8), (4,7)]
Turtle 5 :[(-5,-5), (6,17), (6,18), (6,19), (7,19), (7,19), (8,19)]

Detection Run 16
#Info# Executed steps before collision: 9, Found collision: false
Turtle 1 :[(-1,-1), (8,13), (7,13), (6,13), (6,14), (5,14), (5,15), (-1,-1), (-1,-1), (-1,-1)]
Turtle 2 :[(-2,-2), (18,17), (17,17), (16,17), (16,18), (15,18), (14,18), (-2,-2), (-2,-2), (-2,-2)]
Turtle 3 :[(-3,-3), (5,9), (5,8), (4,8), (3,8), (3,8), (3,7), (3,7), (3,7), (2,7)]
Turtle 4 :[(-4,-4), (17,13), (18,13), (19,13), (19,13), (19,13), (-4,-4), (-4,-4), (-4,-4), (-4,-4)]
Turtle 5 :[(-5,-5), (10,14), (10,13), (10,12), (10,11), (10,10), (10,10), (10,9), (-5,-5), (-5,-5)]

Detection Run 17
#Info# Executed steps before collision: 7, Found collision: false
Turtle 1 :[(-1,-1), (6,18), (6,17), (6,16), (6,15), (6,14), (5,14), (-1,-1)]
Turtle 2 :[(-2,-2), (3,9), (3,9), (3,8), (2,8), (2,7), (2,6), (2,5)]
Turtle 3 :[(-3,-3), (17,13), (16,13), (16,12), (15,12), (15,11), (15,11), (15,10)]
Turtle 4 :[(-4,-4), (1,7), (1,8), (1,9), (1,9), (1,10), (0,10), (0,11)]
Turtle 5 :[(-5,-5), (1,0), (1,0), (2,0), (2,1), (3,1), (3,0), (4,0)]

Detection Run 18
#Info# Executed steps before collision: 7, Found collision: false
Turtle 1 :[(-1,-1), (0,16), (1,16), (1,15), (1,14), (1,13), (1,12), (-1,-1)]
Turtle 2 :[(-2,-2), (0,9), (0,10), (1,10), (1,11), (-2,-2), (-2,-2), (-2,-2)]
Turtle 3 :[(-3,-3), (4,16), (4,16), (4,16), (4,15), (4,14), (-3,-3), (-3,-3)]
Turtle 4 :[(-4,-4), (2,11), (2,11), (1,11), (2,11), (2,11), (3,11), (3,10)]
Turtle 5 :[(-5,-5), (16,5), (17,5), (17,4), (17,3), (-5,-5), (-5,-5), (-5,-5)]

Fault Detection Run 19
#Info# Executed steps before collision: 4, Found collision: true
Turtle 1 :[(-1,-1), (18,2), (18,2), (18,1), (17,1), (17,0), (-1,-1), (-1,-1), (-1,-1)]
Turtle 2 :[(-2,-2), (16,15), (16,16), (16,17), (15,17), (-2,-2), (-2,-2), (-2,-2), (-2,-2)]
Turtle 3 :[(-3,-3), (3,19), (4,19), (5,19), (6,19), (7,19), (7,19), (8,19), (-3,-3)]
Turtle 4 :[(-4,-4), (7,17), (6,17), (6,18), (6,19), (6,19), (6,19), (6,19), (5,19)]
Turtle 5 :[(-5,-5), (6,4), (6,5), (7,5), (7,6), (7,6), (7,7), (8,7), (-5,-5)]

