Detection Run 1
#Info# Executed steps before collision: 6, Found collision: false
Turtle 1 :[(-1,-1), (24,40), (23,40), (23,39), (22,39), (21,39), (21,38)]
Turtle 2 :[(-2,-2), (33,47), (32,47), (33,47), (34,47), (-2,-2), (-2,-2)]
Turtle 3 :[(-3,-3), (21,33), (22,33), (21,33), (20,33), (-3,-3), (-3,-3)]
Turtle 4 :[(-4,-4), (36,12), (36,11), (35,11), (34,11), (-4,-4), (-4,-4)]
Turtle 5 :[(-5,-5), (23,1), (24,1), (25,1), (26,1), (26,0), (27,0)]

Detection Run 2
#Info# Executed steps before collision: 6, Found collision: false
Turtle 1 :[(-1,-1), (13,9), (13,10), (13,11), (12,11), (12,12), (11,12)]
Turtle 2 :[(-2,-2), (21,49), (21,48), (20,48), (19,48), (19,47), (19,46)]
Turtle 3 :[(-3,-3), (47,33), (46,33), (45,33), (45,34), (45,35), (44,35)]
Turtle 4 :[(-4,-4), (46,40), (47,40), (48,40), (48,41), (48,42), (49,42)]
Turtle 5 :[(-5,-5), (35,35), (36,35), (36,34), (37,34), (38,34), (39,34)]

Detection Run 3
#Info# Executed steps before collision: 6, Found collision: false
Turtle 1 :[(-1,-1), (27,25), (27,26), (27,27), (27,28), (27,29), (27,30)]
Turtle 2 :[(-2,-2), (13,16), (13,15), (13,14), (13,13), (13,12), (14,12)]
Turtle 3 :[(-3,-3), (22,11), (22,12), (22,13), (-3,-3), (-3,-3), (-3,-3)]
Turtle 4 :[(-4,-4), (21,15), (20,15), (19,15), (18,15), (17,15), (17,16)]
Turtle 5 :[(-5,-5), (32,32), (33,32), (33,31), (32,31), (32,30), (-5,-5)]

Detection Run 4
#Info# Executed steps before collision: 6, Found collision: false
Turtle 1 :[(-1,-1), (36,33), (35,33), (34,33), (33,33), (-1,-1), (-1,-1)]
Turtle 2 :[(-2,-2), (24,36), (23,36), (22,36), (22,35), (21,35), (21,34)]
Turtle 3 :[(-3,-3), (32,46), (31,46), (30,46), (30,47), (29,47), (28,47)]
Turtle 4 :[(-4,-4), (36,28), (37,28), (37,27), (37,26), (38,26), (39,26)]
Turtle 5 :[(-5,-5), (29,22), (30,22), (31,22), (32,22), (32,23), (-5,-5)]

Detection Run 5
#Info# Executed steps before collision: 6, Found collision: false
Turtle 1 :[(-1,-1), (34,44), (34,43), (33,43), (32,43), (31,43), (-1,-1)]
Turtle 2 :[(-2,-2), (33,27), (33,28), (33,27), (33,26), (34,26), (-2,-2)]
Turtle 3 :[(-3,-3), (14,28), (13,28), (13,29), (13,30), (12,30), (12,31)]
Turtle 4 :[(-4,-4), (40,33), (39,33), (39,32), (38,32), (37,32), (37,31)]
Turtle 5 :[(-5,-5), (24,38), (24,37), (24,36), (23,36), (23,35), (23,34)]

Detection Run 6
#Info# Executed steps before collision: 6, Found collision: false
Turtle 1 :[(-1,-1), (29,46), (29,47), (29,48), (29,49), (30,49), (30,49)]
Turtle 2 :[(-2,-2), (2,5), (2,4), (2,3), (1,3), (0,3), (0,2)]
Turtle 3 :[(-3,-3), (25,48), (25,49), (25,49), (-3,-3), (-3,-3), (-3,-3)]
Turtle 4 :[(-4,-4), (41,37), (41,36), (41,35), (40,35), (40,34), (40,33)]
Turtle 5 :[(-5,-5), (16,40), (15,40), (14,40), (13,40), (13,41), (13,42)]

Detection Run 7
#Info# Executed steps before collision: 6, Found collision: false
Turtle 1 :[(-1,-1), (13,20), (12,20), (12,21), (11,21), (10,21), (10,22)]
Turtle 2 :[(-2,-2), (23,22), (24,22), (24,21), (24,20), (25,20), (25,19)]
Turtle 3 :[(-3,-3), (12,15), (13,15), (14,15), (14,14), (15,14), (-3,-3)]
Turtle 4 :[(-4,-4), (29,24), (28,24), (27,24), (27,25), (27,26), (26,26)]
Turtle 5 :[(-5,-5), (21,25), (21,24), (21,23), (21,22), (21,21), (-5,-5)]

Detection Run 8
#Info# Executed steps before collision: 6, Found collision: false
Turtle 1 :[(-1,-1), (21,21), (20,21), (20,20), (19,20), (18,20), (17,20)]
Turtle 2 :[(-2,-2), (24,28), (24,27), (23,27), (23,26), (-2,-2), (-2,-2)]
Turtle 3 :[(-3,-3), (20,22), (19,22), (19,23), (18,23), (17,23), (17,24)]
Turtle 4 :[(-4,-4), (22,49), (22,49), (21,49), (20,49), (19,49), (18,49)]
Turtle 5 :[(-5,-5), (30,6), (31,6), (31,5), (31,4), (31,3), (32,3)]

Detection Run 9
#Info# Executed steps before collision: 6, Found collision: false
Turtle 1 :[(-1,-1), (41,24), (41,25), (40,25), (39,25), (38,25), (-1,-1)]
Turtle 2 :[(-2,-2), (46,15), (47,15), (47,14), (48,14), (49,14), (49,13)]
Turtle 3 :[(-3,-3), (36,18), (37,18), (38,18), (38,19), (38,20), (39,20)]
Turtle 4 :[(-4,-4), (34,1), (34,2), (34,3), (34,4), (34,5), (34,6)]
Turtle 5 :[(-5,-5), (1,5), (0,5), (0,4), (0,3), (0,2), (-5,-5)]

Detection Run 10
#Info# Executed steps before collision: 8, Found collision: false
Turtle 1 :[(-1,-1), (23,11), (24,11), (24,10), (24,11), (25,11), (-1,-1), (-1,-1), (-1,-1)]
Turtle 2 :[(-2,-2), (13,34), (13,34), (14,34), (13,34), (13,35), (13,35), (13,35), (13,36)]
Turtle 3 :[(-3,-3), (44,27), (44,26), (43,26), (-3,-3), (-3,-3), (-3,-3), (-3,-3), (-3,-3)]
Turtle 4 :[(-4,-4), (19,16), (20,16), (20,16), (20,15), (20,16), (21,16), (-4,-4), (-4,-4)]
Turtle 5 :[(-5,-5), (40,26), (41,26), (42,26), (42,26), (43,26), (44,26), (44,25), (-5,-5)]

Detection Run 11
#Info# Executed steps before collision: 7, Found collision: false
Turtle 1 :[(-1,-1), (33,29), (33,28), (33,27), (33,26), (33,25), (-1,-1), (-1,-1)]
Turtle 2 :[(-2,-2), (14,40), (14,39), (13,39), (13,39), (12,39), (11,39), (11,38)]
Turtle 3 :[(-3,-3), (47,49), (46,49), (45,49), (44,49), (44,49), (43,49), (-3,-3)]
Turtle 4 :[(-4,-4), (9,38), (9,39), (9,38), (9,39), (-4,-4), (-4,-4), (-4,-4)]
Turtle 5 :[(-5,-5), (15,10), (16,10), (17,10), (18,10), (19,10), (19,11), (-5,-5)]

Detection Run 12
#Info# Executed steps before collision: 8, Found collision: false
Turtle 1 :[(-1,-1), (36,47), (36,46), (36,45), (36,45), (36,44), (35,44), (35,44), (35,43)]
Turtle 2 :[(-2,-2), (30,9), (31,9), (31,8), (32,8), (33,8), (34,8), (-2,-2), (-2,-2)]
Turtle 3 :[(-3,-3), (29,33), (28,33), (28,34), (28,34), (27,34), (-3,-3), (-3,-3), (-3,-3)]
Turtle 4 :[(-4,-4), (33,22), (33,21), (33,20), (33,19), (33,18), (32,18), (-4,-4), (-4,-4)]
Turtle 5 :[(-5,-5), (32,22), (31,22), (32,22), (33,22), (34,22), (35,22), (36,22), (37,22)]

Detection Run 13
#Info# Executed steps before collision: 8, Found collision: false
Turtle 1 :[(-1,-1), (12,24), (12,25), (12,26), (12,27), (12,27), (11,27), (10,27), (-1,-1)]
Turtle 2 :[(-2,-2), (27,45), (28,45), (29,45), (29,46), (-2,-2), (-2,-2), (-2,-2), (-2,-2)]
Turtle 3 :[(-3,-3), (31,9), (30,9), (29,9), (28,9), (27,9), (27,9), (27,9), (27,10)]
Turtle 4 :[(-4,-4), (31,41), (30,41), (29,41), (29,40), (29,39), (29,38), (-4,-4), (-4,-4)]
Turtle 5 :[(-5,-5), (27,49), (28,49), (29,49), (28,49), (28,49), (28,48), (-5,-5), (-5,-5)]

Detection Run 14
#Info# Executed steps before collision: 9, Found collision: false
Turtle 1 :[(-1,-1), (24,46), (24,45), (24,44), (23,44), (22,44), (22,44), (22,44), (22,43), (-1,-1)]
Turtle 2 :[(-2,-2), (29,32), (30,32), (31,32), (32,32), (32,33), (32,33), (32,33), (32,33), (33,33)]
Turtle 3 :[(-3,-3), (29,6), (29,5), (29,4), (30,4), (30,3), (31,3), (-3,-3), (-3,-3), (-3,-3)]
Turtle 4 :[(-4,-4), (39,6), (40,6), (40,7), (41,7), (42,7), (42,8), (-4,-4), (-4,-4), (-4,-4)]
Turtle 5 :[(-5,-5), (19,48), (19,49), (18,49), (18,49), (17,49), (-5,-5), (-5,-5), (-5,-5), (-5,-5)]

Detection Run 15
#Info# Executed steps before collision: 7, Found collision: false
Turtle 1 :[(-1,-1), (39,21), (40,21), (41,21), (41,22), (41,23), (-1,-1), (-1,-1)]
Turtle 2 :[(-2,-2), (38,45), (39,45), (39,44), (39,43), (-2,-2), (-2,-2), (-2,-2)]
Turtle 3 :[(-3,-3), (41,46), (42,46), (43,46), (43,45), (43,44), (44,44), (-3,-3)]
Turtle 4 :[(-4,-4), (35,13), (35,14), (35,14), (35,15), (36,15), (37,15), (37,16)]
Turtle 5 :[(-5,-5), (42,5), (42,6), (42,7), (42,8), (43,8), (44,8), (-5,-5)]

Detection Run 16
#Info# Executed steps before collision: 10, Found collision: false
Turtle 1 :[(-1,-1), (17,27), (17,26), (16,26), (16,26), (16,27), (16,27), (16,26), (16,25), (-1,-1), (-1,-1)]
Turtle 2 :[(-2,-2), (14,39), (14,39), (13,39), (13,39), (12,39), (12,39), (11,39), (11,38), (10,38), (-2,-2)]
Turtle 3 :[(-3,-3), (30,44), (30,45), (30,46), (29,46), (29,46), (29,46), (28,46), (28,47), (-3,-3), (-3,-3)]
Turtle 4 :[(-4,-4), (1,35), (1,36), (2,36), (3,36), (4,36), (4,37), (-4,-4), (-4,-4), (-4,-4), (-4,-4)]
Turtle 5 :[(-5,-5), (18,27), (18,27), (17,27), (17,26), (17,25), (17,24), (17,24), (17,25), (16,25), (16,24)]

Detection Run 17
#Info# Executed steps before collision: 9, Found collision: false
Turtle 1 :[(-1,-1), (1,10), (1,9), (2,9), (3,9), (-1,-1), (-1,-1), (-1,-1), (-1,-1), (-1,-1)]
Turtle 2 :[(-2,-2), (30,24), (30,24), (30,24), (30,23), (30,23), (29,23), (28,23), (28,22), (28,21)]
Turtle 3 :[(-3,-3), (39,33), (39,32), (39,31), (39,30), (39,30), (38,30), (38,29), (-3,-3), (-3,-3)]
Turtle 4 :[(-4,-4), (6,18), (6,17), (7,17), (7,16), (7,16), (7,15), (7,15), (8,15), (-4,-4)]
Turtle 5 :[(-5,-5), (30,21), (29,21), (29,21), (28,21), (28,21), (27,21), (27,20), (-5,-5), (-5,-5)]

Detection Run 18
#Info# Executed steps before collision: 8, Found collision: false
Turtle 1 :[(-1,-1), (20,22), (19,22), (19,21), (18,21), (-1,-1), (-1,-1), (-1,-1), (-1,-1)]
Turtle 2 :[(-2,-2), (21,20), (21,21), (21,20), (21,19), (20,19), (-2,-2), (-2,-2), (-2,-2)]
Turtle 3 :[(-3,-3), (41,38), (41,37), (41,36), (40,36), (39,36), (39,35), (-3,-3), (-3,-3)]
Turtle 4 :[(-4,-4), (33,42), (33,43), (33,43), (32,43), (32,43), (32,44), (31,44), (31,45)]
Turtle 5 :[(-5,-5), (37,38), (37,38), (37,38), (38,38), (39,38), (39,38), (39,37), (-5,-5)]

Detection Run 19
#Info# Executed steps before collision: 10, Found collision: false
Turtle 1 :[(-1,-1), (30,49), (30,49), (31,49), (31,49), (31,48), (31,47), (31,47), (31,46), (31,46), (32,46)]
Turtle 2 :[(-2,-2), (0,46), (0,47), (1,47), (1,48), (2,48), (2,49), (-2,-2), (-2,-2), (-2,-2), (-2,-2)]
Turtle 3 :[(-3,-3), (48,39), (48,40), (49,40), (49,39), (49,39), (-3,-3), (-3,-3), (-3,-3), (-3,-3), (-3,-3)]
Turtle 4 :[(-4,-4), (40,27), (40,28), (40,29), (40,29), (40,30), (40,31), (40,32), (-4,-4), (-4,-4), (-4,-4)]
Turtle 5 :[(-5,-5), (1,41), (1,40), (1,39), (1,38), (0,38), (0,37), (-5,-5), (-5,-5), (-5,-5), (-5,-5)]

Detection Run 20
#Info# Executed steps before collision: 9, Found collision: false
Turtle 1 :[(-1,-1), (38,39), (37,39), (37,39), (36,39), (35,39), (35,40), (34,40), (-1,-1), (-1,-1)]
Turtle 2 :[(-2,-2), (29,7), (29,8), (29,9), (29,10), (29,11), (29,12), (-2,-2), (-2,-2), (-2,-2)]
Turtle 3 :[(-3,-3), (3,24), (3,23), (3,24), (2,24), (-3,-3), (-3,-3), (-3,-3), (-3,-3), (-3,-3)]
Turtle 4 :[(-4,-4), (28,9), (27,9), (27,9), (27,8), (27,8), (26,8), (26,7), (26,7), (26,6)]
Turtle 5 :[(-5,-5), (32,31), (32,32), (32,33), (33,33), (33,34), (33,35), (-5,-5), (-5,-5), (-5,-5)]

Detection Run 21
#Info# Executed steps before collision: 9, Found collision: false
Turtle 1 :[(-1,-1), (49,37), (49,38), (49,39), (49,40), (49,41), (-1,-1), (-1,-1), (-1,-1), (-1,-1)]
Turtle 2 :[(-2,-2), (37,48), (37,47), (37,46), (37,46), (37,45), (37,44), (-2,-2), (-2,-2), (-2,-2)]
Turtle 3 :[(-3,-3), (3,36), (3,36), (2,36), (1,36), (0,36), (0,36), (0,36), (0,37), (0,38)]
Turtle 4 :[(-4,-4), (1,33), (1,34), (2,34), (2,34), (3,34), (3,34), (4,34), (4,35), (-4,-4)]
Turtle 5 :[(-5,-5), (33,14), (33,13), (33,12), (32,12), (32,11), (32,10), (-5,-5), (-5,-5), (-5,-5)]

Detection Run 22
#Info# Executed steps before collision: 11, Found collision: false
Turtle 1 :[(-1,-1), (34,40), (34,41), (34,40), (34,39), (-1,-1), (-1,-1), (-1,-1), (-1,-1), (-1,-1), (-1,-1), (-1,-1)]
Turtle 2 :[(-2,-2), (9,13), (9,13), (9,13), (9,13), (8,13), (8,14), (8,14), (8,14), (8,15), (-2,-2), (-2,-2)]
Turtle 3 :[(-3,-3), (49,1), (48,1), (47,1), (47,2), (46,2), (-3,-3), (-3,-3), (-3,-3), (-3,-3), (-3,-3), (-3,-3)]
Turtle 4 :[(-4,-4), (9,40), (9,41), (9,41), (9,41), (9,40), (9,39), (9,39), (9,39), (9,38), (-4,-4), (-4,-4)]
Turtle 5 :[(-5,-5), (31,45), (31,44), (31,44), (31,43), (30,43), (30,42), (30,42), (30,42), (30,42), (30,42), (30,41)]

Detection Run 23
#Info# Executed steps before collision: 9, Found collision: false
Turtle 1 :[(-1,-1), (9,17), (9,16), (9,15), (9,14), (10,14), (10,13), (-1,-1), (-1,-1), (-1,-1)]
Turtle 2 :[(-2,-2), (12,39), (11,39), (11,38), (10,38), (10,38), (10,37), (10,37), (10,37), (9,37)]
Turtle 3 :[(-3,-3), (40,31), (39,31), (39,32), (38,32), (37,32), (36,32), (-3,-3), (-3,-3), (-3,-3)]
Turtle 4 :[(-4,-4), (21,10), (22,10), (22,10), (23,10), (24,10), (25,10), (-4,-4), (-4,-4), (-4,-4)]
Turtle 5 :[(-5,-5), (38,31), (38,30), (37,30), (37,29), (36,29), (36,29), (35,29), (-5,-5), (-5,-5)]

Detection Run 24
#Info# Executed steps before collision: 10, Found collision: false
Turtle 1 :[(-1,-1), (49,22), (48,22), (48,22), (48,22), (48,22), (47,22), (47,23), (47,24), (47,25), (-1,-1)]
Turtle 2 :[(-2,-2), (38,16), (37,16), (37,16), (36,16), (35,16), (34,16), (34,16), (34,16), (34,16), (33,16)]
Turtle 3 :[(-3,-3), (41,31), (40,31), (39,31), (39,30), (38,30), (38,29), (-3,-3), (-3,-3), (-3,-3), (-3,-3)]
Turtle 4 :[(-4,-4), (0,7), (0,8), (0,8), (0,9), (0,8), (0,9), (0,10), (-4,-4), (-4,-4), (-4,-4)]
Turtle 5 :[(-5,-5), (35,28), (34,28), (34,28), (34,29), (34,29), (34,29), (33,29), (33,30), (33,31), (-5,-5)]

Detection Run 25
#Info# Executed steps before collision: 10, Found collision: false
Turtle 1 :[(-1,-1), (23,40), (23,40), (23,39), (22,39), (22,39), (22,39), (22,39), (22,38), (22,37), (22,36)]
Turtle 2 :[(-2,-2), (24,31), (25,31), (25,32), (26,32), (26,33), (27,33), (-2,-2), (-2,-2), (-2,-2), (-2,-2)]
Turtle 3 :[(-3,-3), (12,42), (12,43), (11,43), (11,44), (11,45), (-3,-3), (-3,-3), (-3,-3), (-3,-3), (-3,-3)]
Turtle 4 :[(-4,-4), (16,22), (15,22), (15,21), (15,20), (15,20), (15,20), (14,20), (14,20), (13,20), (-4,-4)]
Turtle 5 :[(-5,-5), (44,48), (44,48), (44,48), (44,47), (44,46), (44,45), (44,45), (44,45), (45,45), (46,45)]

Detection Run 26
#Info# Executed steps before collision: 8, Found collision: false
Turtle 1 :[(-1,-1), (28,40), (28,40), (28,39), (28,38), (28,38), (28,37), (29,37), (29,36)]
Turtle 2 :[(-2,-2), (47,36), (47,36), (46,36), (46,35), (46,34), (45,34), (45,33), (-2,-2)]
Turtle 3 :[(-3,-3), (10,0), (11,0), (11,1), (11,0), (12,0), (-3,-3), (-3,-3), (-3,-3)]
Turtle 4 :[(-4,-4), (25,35), (25,36), (25,36), (25,37), (25,38), (25,38), (25,39), (25,40)]
Turtle 5 :[(-5,-5), (38,32), (38,33), (39,33), (38,33), (37,33), (36,33), (-5,-5), (-5,-5)]

Detection Run 27
#Info# Executed steps before collision: 9, Found collision: false
Turtle 1 :[(-1,-1), (36,19), (37,19), (-1,-1), (-1,-1), (-1,-1), (-1,-1), (-1,-1), (-1,-1), (-1,-1)]
Turtle 2 :[(-2,-2), (6,13), (6,14), (6,14), (7,14), (8,14), (8,14), (8,14), (8,15), (8,16)]
Turtle 3 :[(-3,-3), (8,16), (9,16), (10,16), (10,15), (10,14), (11,14), (-3,-3), (-3,-3), (-3,-3)]
Turtle 4 :[(-4,-4), (23,5), (24,5), (24,4), (24,4), (25,4), (25,3), (25,2), (-4,-4), (-4,-4)]
Turtle 5 :[(-5,-5), (14,22), (14,21), (14,21), (14,21), (15,21), (15,20), (16,20), (16,20), (16,19)]

Detection Run 28
#Info# Executed steps before collision: 9, Found collision: false
Turtle 1 :[(-1,-1), (44,13), (45,13), (46,13), (46,14), (46,15), (46,16), (-1,-1), (-1,-1), (-1,-1)]
Turtle 2 :[(-2,-2), (31,44), (31,44), (31,44), (31,45), (31,45), (32,45), (32,46), (32,47), (32,48)]
Turtle 3 :[(-3,-3), (28,25), (28,24), (28,23), (28,23), (28,22), (29,22), (29,21), (-3,-3), (-3,-3)]
Turtle 4 :[(-4,-4), (0,14), (0,15), (0,15), (0,16), (0,17), (0,18), (0,18), (1,18), (-4,-4)]
Turtle 5 :[(-5,-5), (32,24), (32,24), (33,24), (34,24), (34,23), (35,23), (35,22), (-5,-5), (-5,-5)]

Detection Run 29
#Info# Executed steps before collision: 9, Found collision: false
Turtle 1 :[(-1,-1), (29,9), (29,10), (29,9), (28,9), (27,9), (-1,-1), (-1,-1), (-1,-1), (-1,-1)]
Turtle 2 :[(-2,-2), (23,24), (23,25), (22,25), (22,26), (22,27), (21,27), (-2,-2), (-2,-2), (-2,-2)]
Turtle 3 :[(-3,-3), (9,25), (8,25), (8,26), (7,26), (7,27), (7,28), (-3,-3), (-3,-3), (-3,-3)]
Turtle 4 :[(-4,-4), (37,24), (37,24), (37,24), (38,24), (39,24), (39,23), (-4,-4), (-4,-4), (-4,-4)]
Turtle 5 :[(-5,-5), (33,13), (33,13), (33,13), (33,14), (34,14), (34,15), (34,15), (34,16), (35,16)]

Detection Run 30
#Info# Executed steps before collision: 9, Found collision: false
Turtle 1 :[(-1,-1), (4,11), (3,11), (2,11), (2,10), (2,9), (2,9), (1,9), (-1,-1), (-1,-1)]
Turtle 2 :[(-2,-2), (41,24), (41,25), (41,25), (42,25), (41,25), (41,26), (41,26), (41,26), (41,27)]
Turtle 3 :[(-3,-3), (42,7), (41,7), (40,7), (39,7), (38,7), (38,6), (-3,-3), (-3,-3), (-3,-3)]
Turtle 4 :[(-4,-4), (1,14), (1,14), (0,14), (-4,-4), (-4,-4), (-4,-4), (-4,-4), (-4,-4), (-4,-4)]
Turtle 5 :[(-5,-5), (10,7), (9,7), (9,7), (9,6), (9,6), (9,5), (9,4), (9,3), (-5,-5)]

Detection Run 31
#Info# Executed steps before collision: 8, Found collision: false
Turtle 1 :[(-1,-1), (19,35), (18,35), (18,36), (17,36), (17,37), (16,37), (-1,-1), (-1,-1)]
Turtle 2 :[(-2,-2), (22,48), (22,49), (22,48), (22,49), (22,49), (22,49), (22,49), (23,49)]
Turtle 3 :[(-3,-3), (22,45), (22,44), (22,43), (22,43), (21,43), (20,43), (20,43), (20,42)]
Turtle 4 :[(-4,-4), (35,29), (35,30), (36,30), (36,31), (37,31), (38,31), (-4,-4), (-4,-4)]
Turtle 5 :[(-5,-5), (22,23), (23,23), (23,22), (23,21), (23,20), (23,20), (24,20), (-5,-5)]

Detection Run 32
#Info# Executed steps before collision: 10, Found collision: false
Turtle 1 :[(-1,-1), (2,6), (1,6), (1,7), (1,8), (1,8), (0,8), (-1,-1), (-1,-1), (-1,-1), (-1,-1)]
Turtle 2 :[(-2,-2), (2,38), (2,37), (2,37), (2,37), (2,36), (1,36), (1,35), (1,35), (1,34), (-2,-2)]
Turtle 3 :[(-3,-3), (8,6), (8,7), (7,7), (7,8), (6,8), (6,9), (-3,-3), (-3,-3), (-3,-3), (-3,-3)]
Turtle 4 :[(-4,-4), (25,11), (25,10), (25,10), (25,9), (25,8), (25,7), (25,6), (-4,-4), (-4,-4), (-4,-4)]
Turtle 5 :[(-5,-5), (40,13), (40,13), (40,13), (40,14), (41,14), (41,14), (41,14), (41,15), (42,15), (42,16)]

Detection Run 33
#Info# Executed steps before collision: 10, Found collision: false
Turtle 1 :[(-1,-1), (24,20), (25,20), (25,21), (25,22), (25,23), (26,23), (-1,-1), (-1,-1), (-1,-1), (-1,-1)]
Turtle 2 :[(-2,-2), (13,31), (12,31), (12,31), (12,31), (12,30), (12,30), (12,30), (12,29), (11,29), (-2,-2)]
Turtle 3 :[(-3,-3), (2,26), (1,26), (2,26), (1,26), (0,26), (-3,-3), (-3,-3), (-3,-3), (-3,-3), (-3,-3)]
Turtle 4 :[(-4,-4), (12,5), (12,5), (12,5), (12,4), (12,3), (12,3), (11,3), (11,2), (-4,-4), (-4,-4)]
Turtle 5 :[(-5,-5), (4,27), (4,27), (4,27), (4,26), (4,26), (3,26), (3,26), (4,26), (4,27), (5,27)]

Detection Run 34
#Info# Executed steps before collision: 10, Found collision: false
Turtle 1 :[(-1,-1), (6,38), (6,38), (7,38), (7,38), (7,38), (7,37), (8,37), (9,37), (9,36), (-1,-1)]
Turtle 2 :[(-2,-2), (30,20), (30,20), (31,20), (31,20), (31,20), (31,19), (31,18), (31,18), (31,18), (31,17)]
Turtle 3 :[(-3,-3), (5,24), (5,23), (5,22), (5,21), (5,20), (5,19), (-3,-3), (-3,-3), (-3,-3), (-3,-3)]
Turtle 4 :[(-4,-4), (8,46), (8,47), (8,47), (8,47), (8,47), (8,47), (9,47), (9,48), (10,48), (10,49)]
Turtle 5 :[(-5,-5), (37,26), (36,26), (35,26), (35,25), (34,25), (-5,-5), (-5,-5), (-5,-5), (-5,-5), (-5,-5)]

Detection Run 35
#Info# Executed steps before collision: 10, Found collision: false
Turtle 1 :[(-1,-1), (31,22), (30,22), (30,21), (30,20), (30,20), (30,19), (30,18), (-1,-1), (-1,-1), (-1,-1)]
Turtle 2 :[(-2,-2), (31,35), (31,35), (31,35), (30,35), (29,35), (29,36), (29,36), (28,36), (28,36), (27,36)]
Turtle 3 :[(-3,-3), (45,6), (45,7), (45,7), (46,7), (47,7), (47,7), (47,7), (47,8), (47,9), (-3,-3)]
Turtle 4 :[(-4,-4), (43,37), (43,37), (43,37), (42,37), (43,37), (42,37), (42,37), (41,37), (40,37), (-4,-4)]
Turtle 5 :[(-5,-5), (47,39), (47,39), (47,39), (48,39), (48,40), (49,40), (49,40), (49,41), (-5,-5), (-5,-5)]

Detection Run 36
#Info# Executed steps before collision: 7, Found collision: false
Turtle 1 :[(-1,-1), (5,25), (6,25), (7,25), (8,25), (-1,-1), (-1,-1), (-1,-1)]
Turtle 2 :[(-2,-2), (35,17), (36,17), (37,17), (37,17), (37,18), (38,18), (39,18)]
Turtle 3 :[(-3,-3), (38,6), (37,6), (37,6), (38,6), (39,6), (-3,-3), (-3,-3)]
Turtle 4 :[(-4,-4), (46,15), (46,14), (46,13), (46,12), (46,11), (46,10), (-4,-4)]
Turtle 5 :[(-5,-5), (34,3), (33,3), (33,4), (33,5), (32,5), (31,5), (-5,-5)]

Detection Run 37
#Info# Executed steps before collision: 10, Found collision: false
Turtle 1 :[(-1,-1), (16,11), (15,11), (15,11), (15,12), (15,12), (15,12), (15,12), (15,13), (15,14), (14,14)]
Turtle 2 :[(-2,-2), (4,11), (4,11), (4,11), (5,11), (5,11), (5,10), (5,10), (5,9), (6,9), (7,9)]
Turtle 3 :[(-3,-3), (1,5), (1,5), (1,6), (1,7), (2,7), (3,7), (3,7), (3,8), (-3,-3), (-3,-3)]
Turtle 4 :[(-4,-4), (13,21), (13,22), (13,23), (13,24), (13,25), (13,26), (-4,-4), (-4,-4), (-4,-4), (-4,-4)]
Turtle 5 :[(-5,-5), (35,0), (35,0), (35,0), (35,0), (35,0), (35,0), (34,0), (-5,-5), (-5,-5), (-5,-5)]

Detection Run 38
#Info# Executed steps before collision: 9, Found collision: false
Turtle 1 :[(-1,-1), (44,47), (44,46), (44,45), (45,45), (45,44), (46,44), (-1,-1), (-1,-1), (-1,-1)]
Turtle 2 :[(-2,-2), (2,31), (2,30), (2,29), (3,29), (4,29), (4,29), (4,29), (5,29), (-2,-2)]
Turtle 3 :[(-3,-3), (19,28), (19,27), (18,27), (17,27), (16,27), (16,26), (-3,-3), (-3,-3), (-3,-3)]
Turtle 4 :[(-4,-4), (30,47), (30,47), (30,46), (30,46), (30,45), (30,45), (29,45), (29,44), (28,44)]
Turtle 5 :[(-5,-5), (15,29), (14,29), (14,30), (13,30), (12,30), (12,31), (-5,-5), (-5,-5), (-5,-5)]

Detection Run 39
#Info# Executed steps before collision: 11, Found collision: false
Turtle 1 :[(-1,-1), (16,30), (16,30), (16,29), (16,28), (17,28), (17,28), (17,28), (17,28), (17,27), (17,27), (17,26)]
Turtle 2 :[(-2,-2), (49,38), (49,39), (49,39), (49,39), (49,40), (49,40), (49,41), (49,42), (-2,-2), (-2,-2), (-2,-2)]
Turtle 3 :[(-3,-3), (11,27), (11,27), (11,27), (11,26), (11,25), (12,25), (12,24), (13,24), (-3,-3), (-3,-3), (-3,-3)]
Turtle 4 :[(-4,-4), (48,10), (48,11), (49,11), (49,11), (49,11), (49,12), (49,12), (49,12), (49,13), (-4,-4), (-4,-4)]
Turtle 5 :[(-5,-5), (9,33), (9,33), (8,33), (7,33), (7,33), (6,33), (6,33), (5,33), (-5,-5), (-5,-5), (-5,-5)]

Detection Run 40
#Info# Executed steps before collision: 11, Found collision: false
Turtle 1 :[(-1,-1), (3,36), (4,36), (5,36), (6,36), (6,35), (-1,-1), (-1,-1), (-1,-1), (-1,-1), (-1,-1), (-1,-1)]
Turtle 2 :[(-2,-2), (36,43), (36,44), (36,45), (-2,-2), (-2,-2), (-2,-2), (-2,-2), (-2,-2), (-2,-2), (-2,-2), (-2,-2)]
Turtle 3 :[(-3,-3), (39,41), (39,41), (39,41), (38,41), (37,41), (37,40), (36,40), (35,40), (-3,-3), (-3,-3), (-3,-3)]
Turtle 4 :[(-4,-4), (48,17), (48,17), (48,16), (48,16), (48,15), (49,15), (49,15), (49,15), (49,14), (49,14), (49,14)]
Turtle 5 :[(-5,-5), (39,35), (39,35), (39,35), (39,35), (39,35), (39,35), (40,35), (-5,-5), (-5,-5), (-5,-5), (-5,-5)]

Detection Run 41
#Info# Executed steps before collision: 10, Found collision: false
Turtle 1 :[(-1,-1), (15,49), (15,48), (15,47), (15,47), (16,47), (17,47), (-1,-1), (-1,-1), (-1,-1), (-1,-1)]
Turtle 2 :[(-2,-2), (35,1), (35,2), (35,2), (36,2), (37,2), (38,2), (38,3), (-2,-2), (-2,-2), (-2,-2)]
Turtle 3 :[(-3,-3), (34,4), (34,4), (34,4), (35,4), (35,4), (35,4), (36,4), (36,3), (37,3), (38,3)]
Turtle 4 :[(-4,-4), (21,28), (21,27), (21,26), (21,26), (21,25), (21,24), (21,24), (21,23), (-4,-4), (-4,-4)]
Turtle 5 :[(-5,-5), (38,5), (39,5), (39,6), (40,6), (40,6), (40,7), (41,7), (-5,-5), (-5,-5), (-5,-5)]

Detection Run 42
#Info# Executed steps before collision: 11, Found collision: false
Turtle 1 :[(-1,-1), (31,10), (32,10), (33,10), (33,11), (33,11), (33,11), (33,11), (33,11), (33,11), (33,12), (33,13)]
Turtle 2 :[(-2,-2), (38,40), (38,39), (38,39), (39,39), (39,39), (39,39), (39,39), (40,39), (40,38), (40,38), (40,37)]
Turtle 3 :[(-3,-3), (7,41), (8,41), (8,40), (8,40), (8,39), (9,39), (9,38), (-3,-3), (-3,-3), (-3,-3), (-3,-3)]
Turtle 4 :[(-4,-4), (1,21), (0,21), (0,20), (0,20), (0,20), (0,19), (-4,-4), (-4,-4), (-4,-4), (-4,-4), (-4,-4)]
Turtle 5 :[(-5,-5), (26,14), (27,14), (28,14), (28,15), (29,15), (29,16), (-5,-5), (-5,-5), (-5,-5), (-5,-5), (-5,-5)]

Detection Run 43
#Info# Executed steps before collision: 9, Found collision: false
Turtle 1 :[(-1,-1), (18,18), (18,18), (18,18), (18,18), (18,19), (17,19), (17,20), (16,20), (15,20)]
Turtle 2 :[(-2,-2), (9,43), (9,42), (9,41), (10,41), (11,41), (-2,-2), (-2,-2), (-2,-2), (-2,-2)]
Turtle 3 :[(-3,-3), (24,20), (23,20), (23,21), (23,22), (23,23), (22,23), (-3,-3), (-3,-3), (-3,-3)]
Turtle 4 :[(-4,-4), (1,39), (2,39), (3,39), (3,39), (4,39), (4,38), (5,38), (-4,-4), (-4,-4)]
Turtle 5 :[(-5,-5), (49,28), (49,27), (49,26), (49,26), (49,26), (49,25), (49,24), (-5,-5), (-5,-5)]

Fault Detection Run 44
#Info# Executed steps before collision: 8, Found collision: true
Turtle 1 :[(-1,-1), (14,15), (14,15), (13,15), (13,14), (12,14), (12,14), (11,14), (10,14), (-1,-1), (-1,-1), (-1,-1)]
Turtle 2 :[(-2,-2), (32,9), (32,9), (32,9), (32,9), (32,10), (32,9), (32,10), (32,9), (32,8), (32,7), (33,7)]
Turtle 3 :[(-3,-3), (34,7), (33,7), (32,7), (32,8), (32,7), (32,8), (32,8), (32,9), (-3,-3), (-3,-3), (-3,-3)]
Turtle 4 :[(-4,-4), (15,11), (14,11), (13,11), (13,12), (13,12), (12,12), (11,12), (-4,-4), (-4,-4), (-4,-4), (-4,-4)]
Turtle 5 :[(-5,-5), (34,37), (35,37), (36,37), (36,36), (37,36), (-5,-5), (-5,-5), (-5,-5), (-5,-5), (-5,-5), (-5,-5)]

