Shrinking Run 1
#Info# Executed steps before collision: 5, Found collision: true
Turtle 1 :[(-1,-1), (10,13), (9,13), (9,12), (8,12), (7,12), (6,12)]
Turtle 2 :[(-2,-2), (10,11), (11,11), (11,12), (12,12), (12,11), (13,11)]
Turtle 3 :[(-3,-3), (2,0), (2,1), (2,0), (1,0), (0,0), (-3,-3)]
Turtle 4 :[(-4,-4), (14,9), (14,10), (13,10), (12,10), (12,11), (11,11)]
Turtle 5 :[(-5,-5), (4,5), (4,6), (4,7), (3,7), (2,7), (2,8)]

Shrinking Run 2
#Info# Executed steps before collision: 5, Found collision: true
Turtle 1 :[(-1,-1), (10,13), (9,13), (8,13), (7,13), (6,13), (6,12), (-1,-1), (-1,-1)]
Turtle 2 :[(-2,-2), (10,11), (11,11), (11,12), (12,12), (12,11), (11,11), (12,11), (13,11)]
Turtle 3 :[(-3,-3), (2,0), (2,1), (2,0), (1,0), (0,0), (-3,-3), (-3,-3), (-3,-3)]
Turtle 4 :[(-4,-4), (14,9), (14,10), (13,10), (12,10), (12,11), (11,11), (-4,-4), (-4,-4)]
Turtle 5 :[(-5,-5), (4,5), (4,6), (4,7), (3,7), (2,7), (2,8), (-5,-5), (-5,-5)]

Shrinking Run 3
#Info# Executed steps before collision: 5, Found collision: true
Turtle 1 :[(-1,-1), (10,13), (9,13), (8,13), (7,13), (6,13), (5,13)]
Turtle 2 :[(-2,-2), (10,11), (11,11), (11,12), (12,12), (12,11), (13,11)]
Turtle 3 :[(-3,-3), (2,0), (2,1), (2,0), (1,0), (0,0), (-3,-3)]
Turtle 4 :[(-4,-4), (14,9), (14,10), (13,10), (12,10), (12,11), (11,11)]
Turtle 5 :[(-5,-5), (4,5), (4,6), (4,7), (3,7), (2,7), (2,8)]

Shrinking Run 4
#Info# Executed steps before collision: 6, Found collision: true
Turtle 1 :[(-1,-1), (10,13), (9,13), (8,13), (7,13), (6,13), (5,13)]
Turtle 2 :[(-2,-2), (10,11), (10,12), (10,13), (10,12), (10,11), (11,11)]
Turtle 3 :[(-3,-3), (2,0), (2,1), (2,0), (1,0), (0,0), (-3,-3)]
Turtle 4 :[(-4,-4), (14,9), (14,10), (13,10), (12,10), (12,11), (11,11)]
Turtle 5 :[(-5,-5), (4,5), (4,6), (4,7), (3,7), (2,7), (2,8)]

Shrinking Run 5
#Info# Executed steps before collision: 6, Found collision: false
Turtle 1 :[(-1,-1), (10,13), (9,13), (8,13), (7,13), (6,13), (5,13)]
Turtle 2 :[(-2,-2), (10,11), (10,12), (10,13), (10,12), (10,11), (9,11)]
Turtle 3 :[(-3,-3), (2,0), (2,1), (2,0), (1,0), (0,0), (-3,-3)]
Turtle 4 :[(-4,-4), (14,9), (14,10), (13,10), (12,10), (12,11), (11,11)]
Turtle 5 :[(-5,-5), (4,5), (4,6), (4,7), (3,7), (2,7), (2,8)]

Shrinking Run 6
#Info# Executed steps before collision: 6, Found collision: false
Turtle 1 :[(-1,-1), (10,13), (9,13), (8,13), (7,13), (6,13), (5,13)]
Turtle 2 :[(-2,-2), (10,11), (11,11), (11,10), (11,11), (11,10), (-2,-2)]
Turtle 3 :[(-3,-3), (2,0), (2,1), (2,0), (1,0), (0,0), (-3,-3)]
Turtle 4 :[(-4,-4), (14,9), (14,10), (13,10), (12,10), (12,11), (11,11)]
Turtle 5 :[(-5,-5), (4,5), (4,6), (4,7), (3,7), (2,7), (2,8)]

Shrinking Run 7
#Info# Executed steps before collision: 6, Found collision: false
Turtle 1 :[(-1,-1), (10,13), (9,13), (8,13), (7,13), (6,13), (5,13)]
Turtle 2 :[(-2,-2), (10,11), (11,11), (-2,-2), (-2,-2), (-2,-2), (-2,-2)]
Turtle 3 :[(-3,-3), (2,0), (2,1), (2,0), (1,0), (0,0), (-3,-3)]
Turtle 4 :[(-4,-4), (14,9), (14,10), (13,10), (12,10), (12,11), (11,11)]
Turtle 5 :[(-5,-5), (4,5), (4,6), (4,7), (3,7), (2,7), (2,8)]

Shrinking Run 8
#Info# Executed steps before collision: 6, Found collision: false
Turtle 1 :[(-1,-1), (10,13), (9,13), (8,13), (7,13), (6,13), (5,13)]
Turtle 2 :[(-2,-2), (10,11), (10,12), (10,11), (11,11), (-2,-2), (-2,-2)]
Turtle 3 :[(-3,-3), (2,0), (2,1), (2,0), (1,0), (0,0), (-3,-3)]
Turtle 4 :[(-4,-4), (14,9), (14,10), (13,10), (12,10), (12,11), (11,11)]
Turtle 5 :[(-5,-5), (4,5), (4,6), (4,7), (3,7), (2,7), (2,8)]

Shrinking Run 9
#Info# Executed steps before collision: 6, Found collision: true
Turtle 1 :[(-1,-1), (10,13), (9,13), (8,13), (7,13), (6,13), (5,13)]
Turtle 2 :[(-2,-2), (10,11), (11,11), (11,12), (10,12), (10,11), (11,11)]
Turtle 3 :[(-3,-3), (2,0), (2,1), (2,0), (1,0), (0,0), (-3,-3)]
Turtle 4 :[(-4,-4), (14,9), (14,10), (13,10), (12,10), (12,11), (11,11)]
Turtle 5 :[(-5,-5), (4,5), (4,6), (4,7), (3,7), (2,7), (2,8)]

Shrinking Run 10
#Info# Executed steps before collision: 6, Found collision: true
Turtle 1 :[(-1,-1), (10,13), (9,13), (8,13), (7,13), (6,13), (5,13)]
Turtle 2 :[(-2,-2), (10,11), (11,11), (12,11), (11,11), (10,11), (11,11)]
Turtle 3 :[(-3,-3), (2,0), (2,1), (2,0), (1,0), (0,0), (-3,-3)]
Turtle 4 :[(-4,-4), (14,9), (14,10), (13,10), (12,10), (12,11), (11,11)]
Turtle 5 :[(-5,-5), (4,5), (4,6), (4,7), (3,7), (2,7), (2,8)]

Shrinking Run 11
#Info# Executed steps before collision: 9, Found collision: false
Turtle 1 :[(-1,-1), (10,13), (9,13), (8,13), (7,13), (6,13), (5,13), (-1,-1), (-1,-1), (-1,-1)]
Turtle 2 :[(-2,-2), (10,11), (11,11), (10,11), (11,11), (10,11), (10,11), (11,11), (-2,-2), (-2,-2)]
Turtle 3 :[(-3,-3), (2,0), (2,1), (2,0), (1,0), (0,0), (-3,-3), (-3,-3), (-3,-3), (-3,-3)]
Turtle 4 :[(-4,-4), (14,9), (14,10), (13,10), (12,10), (12,11), (12,11), (12,10), (11,10), (11,11)]
Turtle 5 :[(-5,-5), (4,5), (4,6), (4,7), (3,7), (2,7), (2,8), (-5,-5), (-5,-5), (-5,-5)]

Shrinking Run 12
#Info# Executed steps before collision: 6, Found collision: true
Turtle 1 :[(-1,-1), (10,13), (9,13), (8,13), (7,13), (6,13), (5,13)]
Turtle 2 :[(-2,-2), (10,11), (11,11), (12,11), (11,11), (10,11), (11,11)]
Turtle 3 :[(-3,-3), (2,0), (1,0), (0,0), (-3,-3), (-3,-3), (-3,-3)]
Turtle 4 :[(-4,-4), (14,9), (14,10), (13,10), (12,10), (12,11), (11,11)]
Turtle 5 :[(-5,-5), (4,5), (4,6), (4,7), (3,7), (2,7), (2,8)]

Shrinking Run 13
#Info# Executed steps before collision: 6, Found collision: true
Turtle 1 :[(-1,-1), (10,13), (9,13), (8,13), (7,13), (6,13), (5,13)]
Turtle 2 :[(-2,-2), (10,11), (11,11), (12,11), (11,11), (10,11), (11,11)]
Turtle 3 :[(-3,-3), (2,0), (1,0), (0,0), (-3,-3), (-3,-3), (-3,-3)]
Turtle 4 :[(-4,-4), (14,9), (14,10), (13,10), (13,11), (12,11), (11,11)]
Turtle 5 :[(-5,-5), (4,5), (4,6), (4,7), (3,7), (2,7), (2,8)]

Shrinking Run 14
#Info# Executed steps before collision: 8, Found collision: false
Turtle 1 :[(-1,-1), (10,13), (9,13), (8,13), (7,13), (6,13), (5,13), (-1,-1), (-1,-1)]
Turtle 2 :[(-2,-2), (10,11), (11,11), (12,11), (11,11), (10,11), (10,10), (10,11), (11,11)]
Turtle 3 :[(-3,-3), (2,0), (1,0), (0,0), (-3,-3), (-3,-3), (-3,-3), (-3,-3), (-3,-3)]
Turtle 4 :[(-4,-4), (14,9), (14,10), (13,10), (13,11), (12,11), (11,11), (-4,-4), (-4,-4)]
Turtle 5 :[(-5,-5), (4,5), (4,4), (4,3), (3,3), (2,3), (2,2), (-5,-5), (-5,-5)]

Shrinking Run 15
#Info# Executed steps before collision: 9, Found collision: false
Turtle 1 :[(-1,-1), (10,13), (9,13), (8,13), (7,13), (6,13), (5,13), (-1,-1), (-1,-1), (-1,-1)]
Turtle 2 :[(-2,-2), (10,11), (11,11), (12,11), (11,11), (10,11), (11,11), (-2,-2), (-2,-2), (-2,-2)]
Turtle 3 :[(-3,-3), (2,0), (1,0), (0,0), (-3,-3), (-3,-3), (-3,-3), (-3,-3), (-3,-3), (-3,-3)]
Turtle 4 :[(-4,-4), (14,9), (14,10), (13,10), (13,11), (13,11), (12,11), (12,10), (11,10), (11,11)]
Turtle 5 :[(-5,-5), (4,5), (3,5), (3,4), (2,4), (1,4), (1,3), (-5,-5), (-5,-5), (-5,-5)]

Shrinking Run 16
#Info# Executed steps before collision: 8, Found collision: false
Turtle 1 :[(-1,-1), (10,13), (9,13), (8,13), (7,13), (6,13), (5,13), (-1,-1), (-1,-1)]
Turtle 2 :[(-2,-2), (10,11), (11,11), (12,11), (11,11), (10,11), (10,10), (11,10), (11,11)]
Turtle 3 :[(-3,-3), (2,0), (1,0), (0,0), (-3,-3), (-3,-3), (-3,-3), (-3,-3), (-3,-3)]
Turtle 4 :[(-4,-4), (14,9), (14,10), (13,10), (13,11), (12,11), (11,11), (-4,-4), (-4,-4)]
Turtle 5 :[(-5,-5), (4,5), (3,5), (3,6), (2,6), (1,6), (0,6), (-5,-5), (-5,-5)]

Shrinking Run 17
#Info# Executed steps before collision: 6, Found collision: true
Turtle 1 :[(-1,-1), (10,13), (9,13), (8,13), (7,13), (6,13), (5,13)]
Turtle 2 :[(-2,-2), (10,11), (11,11), (12,11), (11,11), (10,11), (11,11)]
Turtle 3 :[(-3,-3), (2,0), (1,0), (0,0), (-3,-3), (-3,-3), (-3,-3)]
Turtle 4 :[(-4,-4), (14,9), (14,10), (13,10), (13,11), (12,11), (11,11)]
Turtle 5 :[(-5,-5), (4,5), (3,5), (3,6), (2,6), (1,6), (1,7)]

Shrinking Run 18
#Info# Executed steps before collision: 8, Found collision: false
Turtle 1 :[(-1,-1), (10,13), (9,13), (8,13), (7,13), (6,13), (5,13), (-1,-1), (-1,-1)]
Turtle 2 :[(-2,-2), (10,11), (11,11), (12,11), (11,11), (10,11), (10,11), (10,11), (11,11)]
Turtle 3 :[(-3,-3), (2,0), (1,0), (0,0), (-3,-3), (-3,-3), (-3,-3), (-3,-3), (-3,-3)]
Turtle 4 :[(-4,-4), (14,9), (14,10), (13,10), (13,11), (12,11), (11,11), (-4,-4), (-4,-4)]
Turtle 5 :[(-5,-5), (4,5), (3,5), (2,5), (1,5), (0,5), (0,6), (-5,-5), (-5,-5)]

Shrinking Run 19
#Info# Executed steps before collision: 6, Found collision: false
Turtle 1 :[(-1,-1), (10,13), (9,13), (8,13), (7,13), (6,13), (5,13)]
Turtle 2 :[(-2,-2), (10,11), (10,12), (10,13), (10,12), (10,11), (9,11)]
Turtle 3 :[(-3,-3), (2,0), (1,0), (0,0), (-3,-3), (-3,-3), (-3,-3)]
Turtle 4 :[(-4,-4), (14,9), (14,10), (13,10), (13,11), (12,11), (11,11)]
Turtle 5 :[(-5,-5), (4,5), (3,5), (3,6), (2,6), (1,6), (1,7)]

Shrinking Run 20
#Info# Executed steps before collision: 8, Found collision: false
Turtle 1 :[(-1,-1), (10,13), (9,13), (8,13), (7,13), (6,13), (5,13), (-1,-1), (-1,-1)]
Turtle 2 :[(-2,-2), (10,11), (11,11), (11,10), (11,11), (11,10), (-2,-2), (-2,-2), (-2,-2)]
Turtle 3 :[(-3,-3), (2,0), (1,0), (0,0), (-3,-3), (-3,-3), (-3,-3), (-3,-3), (-3,-3)]
Turtle 4 :[(-4,-4), (14,9), (14,10), (13,10), (13,11), (12,11), (12,12), (12,11), (11,11)]
Turtle 5 :[(-5,-5), (4,5), (3,5), (3,6), (2,6), (1,6), (1,7), (-5,-5), (-5,-5)]

Shrinking Run 21
#Info# Executed steps before collision: 6, Found collision: false
Turtle 1 :[(-1,-1), (10,13), (9,13), (8,13), (7,13), (6,13), (5,13)]
Turtle 2 :[(-2,-2), (10,11), (11,11), (-2,-2), (-2,-2), (-2,-2), (-2,-2)]
Turtle 3 :[(-3,-3), (2,0), (1,0), (0,0), (-3,-3), (-3,-3), (-3,-3)]
Turtle 4 :[(-4,-4), (14,9), (14,10), (13,10), (13,11), (12,11), (11,11)]
Turtle 5 :[(-5,-5), (4,5), (3,5), (3,6), (2,6), (1,6), (1,7)]

Shrinking Run 22
#Info# Executed steps before collision: 6, Found collision: false
Turtle 1 :[(-1,-1), (10,13), (9,13), (8,13), (7,13), (6,13), (5,13)]
Turtle 2 :[(-2,-2), (10,11), (10,12), (10,11), (11,11), (-2,-2), (-2,-2)]
Turtle 3 :[(-3,-3), (2,0), (1,0), (0,0), (-3,-3), (-3,-3), (-3,-3)]
Turtle 4 :[(-4,-4), (14,9), (14,10), (13,10), (13,11), (12,11), (11,11)]
Turtle 5 :[(-5,-5), (4,5), (3,5), (3,6), (2,6), (1,6), (1,7)]

Shrinking Run 23
#Info# Executed steps before collision: 6, Found collision: true
Turtle 1 :[(-1,-1), (10,13), (9,13), (8,13), (7,13), (6,13), (5,13)]
Turtle 2 :[(-2,-2), (10,11), (11,11), (10,11), (11,11), (10,11), (11,11)]
Turtle 3 :[(-3,-3), (2,0), (1,0), (0,0), (-3,-3), (-3,-3), (-3,-3)]
Turtle 4 :[(-4,-4), (14,9), (14,10), (13,10), (13,11), (12,11), (11,11)]
Turtle 5 :[(-5,-5), (4,5), (3,5), (3,6), (2,6), (1,6), (1,7)]

Shrinking Run 24
#Info# Executed steps before collision: 6, Found collision: true
Turtle 1 :[(-1,-1), (10,13), (9,13), (8,13), (7,13), (6,13), (5,13)]
Turtle 2 :[(-2,-2), (10,11), (11,11), (10,11), (11,11), (10,11), (11,11)]
Turtle 3 :[(-3,-3), (2,0), (1,0), (0,0), (-3,-3), (-3,-3), (-3,-3)]
Turtle 4 :[(-4,-4), (14,9), (14,10), (13,10), (13,11), (12,11), (11,11)]
Turtle 5 :[(-5,-5), (4,5), (4,4), (4,3), (3,3), (2,3), (2,2)]

Shrinking Run 25
#Info# Executed steps before collision: 6, Found collision: true
Turtle 1 :[(-1,-1), (10,13), (9,13), (8,13), (7,13), (6,13), (5,13)]
Turtle 2 :[(-2,-2), (10,11), (11,11), (10,11), (11,11), (10,11), (11,11)]
Turtle 3 :[(-3,-3), (2,0), (1,0), (0,0), (-3,-3), (-3,-3), (-3,-3)]
Turtle 4 :[(-4,-4), (14,9), (14,10), (13,10), (13,11), (12,11), (11,11)]
Turtle 5 :[(-5,-5), (4,5), (3,5), (3,4), (2,4), (1,4), (1,3)]

Shrinking Run 26
#Info# Executed steps before collision: 6, Found collision: true
Turtle 1 :[(-1,-1), (10,13), (9,13), (8,13), (7,13), (6,13), (5,13)]
Turtle 2 :[(-2,-2), (10,11), (11,11), (10,11), (11,11), (10,11), (11,11)]
Turtle 3 :[(-3,-3), (2,0), (1,0), (0,0), (-3,-3), (-3,-3), (-3,-3)]
Turtle 4 :[(-4,-4), (14,9), (14,10), (13,10), (13,11), (12,11), (11,11)]
Turtle 5 :[(-5,-5), (4,5), (3,5), (2,5), (1,5), (1,4), (1,3)]

Shrinking Run 27
#Info# Executed steps before collision: 6, Found collision: true
Turtle 1 :[(-1,-1), (10,13), (9,13), (8,13), (7,13), (6,13), (5,13)]
Turtle 2 :[(-2,-2), (10,11), (11,11), (10,11), (11,11), (10,11), (11,11)]
Turtle 3 :[(-3,-3), (2,0), (1,0), (0,0), (-3,-3), (-3,-3), (-3,-3)]
Turtle 4 :[(-4,-4), (14,9), (14,10), (13,10), (13,11), (12,11), (11,11)]
Turtle 5 :[(-5,-5), (4,5), (3,5), (2,5), (1,5), (0,5), (0,4)]

Shrinking Run 28
#Info# Executed steps before collision: 6, Found collision: false
Turtle 1 :[(-1,-1), (10,13), (9,13), (8,13), (7,13), (6,13), (5,13)]
Turtle 2 :[(-2,-2), (10,11), (10,12), (10,13), (10,12), (10,11), (9,11)]
Turtle 3 :[(-3,-3), (2,0), (1,0), (0,0), (-3,-3), (-3,-3), (-3,-3)]
Turtle 4 :[(-4,-4), (14,9), (14,10), (13,10), (13,11), (12,11), (11,11)]
Turtle 5 :[(-5,-5), (4,5), (3,5), (2,5), (1,5), (0,5), (0,4)]

Shrinking Run 29
#Info# Executed steps before collision: 6, Found collision: false
Turtle 1 :[(-1,-1), (10,13), (9,13), (8,13), (7,13), (6,13), (5,13)]
Turtle 2 :[(-2,-2), (10,11), (11,11), (11,10), (11,11), (11,10), (-2,-2)]
Turtle 3 :[(-3,-3), (2,0), (1,0), (0,0), (-3,-3), (-3,-3), (-3,-3)]
Turtle 4 :[(-4,-4), (14,9), (14,10), (13,10), (13,11), (12,11), (11,11)]
Turtle 5 :[(-5,-5), (4,5), (3,5), (2,5), (1,5), (0,5), (0,4)]

Shrinking Run 30
#Info# Executed steps before collision: 6, Found collision: false
Turtle 1 :[(-1,-1), (10,13), (9,13), (8,13), (7,13), (6,13), (5,13)]
Turtle 2 :[(-2,-2), (10,11), (11,11), (-2,-2), (-2,-2), (-2,-2), (-2,-2)]
Turtle 3 :[(-3,-3), (2,0), (1,0), (0,0), (-3,-3), (-3,-3), (-3,-3)]
Turtle 4 :[(-4,-4), (14,9), (14,10), (13,10), (13,11), (12,11), (11,11)]
Turtle 5 :[(-5,-5), (4,5), (3,5), (2,5), (1,5), (0,5), (0,4)]

Shrink Run 31
#Info# Executed steps before collision: 6, Found collision: false
Turtle 1 :[(-1,-1), (10,13), (9,13), (8,13), (7,13), (6,13), (5,13)]
Turtle 2 :[(-2,-2), (10,11), (10,12), (10,11), (11,11), (-2,-2), (-2,-2)]
Turtle 3 :[(-3,-3), (2,0), (1,0), (0,0), (-3,-3), (-3,-3), (-3,-3)]
Turtle 4 :[(-4,-4), (14,9), (14,10), (13,10), (13,11), (12,11), (11,11)]
Turtle 5 :[(-5,-5), (4,5), (3,5), (2,5), (1,5), (0,5), (0,4)]

