Detection Run 1
#Info# Executed steps before collision: 6, Found collision: false
Turtle 1 :[(-1,-1), (39,43), (39,42), (40,42), (41,42), (42,42), (42,41)]
Turtle 2 :[(-2,-2), (36,29), (37,29), (37,28), (37,27), (-2,-2), (-2,-2)]
Turtle 3 :[(-3,-3), (33,25), (33,24), (34,24), (34,24), (35,24), (36,24)]
Turtle 4 :[(-4,-4), (34,25), (34,24), (35,24), (36,24), (37,24), (38,24)]
Turtle 5 :[(-5,-5), (30,42), (30,41), (31,41), (32,41), (-5,-5), (-5,-5)]

Detection Run 2
#Info# Executed steps before collision: 8, Found collision: false
Turtle 1 :[(-1,-1), (48,11), (47,11), (46,11), (45,11), (44,11), (44,12), (-1,-1), (-1,-1)]
Turtle 2 :[(-2,-2), (21,18), (21,19), (20,19), (20,20), (19,20), (19,21), (-2,-2), (-2,-2)]
Turtle 3 :[(-3,-3), (48,10), (47,10), (46,10), (46,9), (47,9), (47,10), (47,11), (47,12)]
Turtle 4 :[(-4,-4), (20,23), (20,22), (20,21), (19,21), (19,22), (18,22), (18,21), (18,20)]
Turtle 5 :[(-5,-5), (2,28), (2,27), (1,27), (0,27), (0,26), (0,25), (-5,-5), (-5,-5)]

Detection Run 3
#Info# Executed steps before collision: 7, Found collision: false
Turtle 1 :[(-1,-1), (45,18), (44,18), (43,18), (42,18), (41,18), (-1,-1), (-1,-1)]
Turtle 2 :[(-2,-2), (25,49), (26,49), (26,49), (27,49), (28,49), (29,49), (-2,-2)]
Turtle 3 :[(-3,-3), (16,6), (15,6), (14,6), (14,7), (13,7), (13,7), (12,7)]
Turtle 4 :[(-4,-4), (11,18), (11,18), (12,18), (13,18), (13,17), (14,17), (14,16)]
Turtle 5 :[(-5,-5), (41,18), (41,17), (42,17), (-5,-5), (-5,-5), (-5,-5), (-5,-5)]

Detection Run 4
#Info# Executed steps before collision: 10, Found collision: false
Turtle 1 :[(-1,-1), (44,24), (44,23), (44,22), (44,21), (44,21), (44,20), (44,19), (-1,-1), (-1,-1), (-1,-1)]
Turtle 2 :[(-2,-2), (2,13), (2,14), (2,14), (2,15), (1,15), (1,16), (1,17), (-2,-2), (-2,-2), (-2,-2)]
Turtle 3 :[(-3,-3), (19,36), (18,36), (17,36), (16,36), (16,35), (16,35), (15,35), (-3,-3), (-3,-3), (-3,-3)]
Turtle 4 :[(-4,-4), (32,33), (32,33), (32,34), (32,35), (32,36), (31,36), (31,37), (32,37), (33,37), (-4,-4)]
Turtle 5 :[(-5,-5), (35,36), (34,36), (33,36), (33,36), (33,36), (33,36), (32,36), (32,36), (32,35), (31,35)]

Detection Run 5
#Info# Executed steps before collision: 7, Found collision: false
Turtle 1 :[(-1,-1), (47,3), (48,3), (48,3), (49,3), (49,4), (49,4), (49,5)]
Turtle 2 :[(-2,-2), (48,4), (47,4), (47,3), (47,2), (47,1), (48,1), (49,1)]
Turtle 3 :[(-3,-3), (24,3), (25,3), (25,4), (25,5), (25,6), (26,6), (-3,-3)]
Turtle 4 :[(-4,-4), (1,45), (2,45), (2,44), (3,44), (3,43), (4,43), (-4,-4)]
Turtle 5 :[(-5,-5), (14,6), (13,6), (13,7), (12,7), (-5,-5), (-5,-5), (-5,-5)]

Detection Run 6
#Info# Executed steps before collision: 11, Found collision: false
Turtle 1 :[(-1,-1), (44,44), (45,44), (45,45), (45,46), (45,47), (-1,-1), (-1,-1), (-1,-1), (-1,-1), (-1,-1), (-1,-1)]
Turtle 2 :[(-2,-2), (29,2), (29,2), (29,2), (28,2), (28,2), (28,1), (27,1), (27,1), (27,1), (26,1), (-2,-2)]
Turtle 3 :[(-3,-3), (26,6), (26,6), (26,6), (26,5), (26,4), (26,4), (26,4), (26,4), (26,3), (26,2), (27,2)]
Turtle 4 :[(-4,-4), (45,46), (45,47), (45,47), (45,48), (45,48), (45,48), (45,48), (45,48), (44,48), (43,48), (42,48)]
Turtle 5 :[(-5,-5), (31,15), (30,15), (30,16), (30,16), (30,17), (-5,-5), (-5,-5), (-5,-5), (-5,-5), (-5,-5), (-5,-5)]

Detection Run 7
#Info# Executed steps before collision: 11, Found collision: false
Turtle 1 :[(-1,-1), (45,9), (45,8), (46,8), (46,8), (47,8), (47,8), (47,7), (47,7), (47,7), (47,7), (47,6)]
Turtle 2 :[(-2,-2), (36,15), (36,15), (36,15), (36,15), (36,16), (36,17), (36,18), (36,18), (36,19), (36,19), (36,20)]
Turtle 3 :[(-3,-3), (20,17), (20,17), (20,18), (20,18), (20,18), (19,18), (18,18), (18,17), (18,17), (18,17), (18,18)]
Turtle 4 :[(-4,-4), (46,6), (46,6), (46,6), (46,6), (46,6), (46,6), (47,6), (48,6), (49,6), (-4,-4), (-4,-4)]
Turtle 5 :[(-5,-5), (10,14), (11,14), (11,13), (11,12), (11,11), (11,10), (-5,-5), (-5,-5), (-5,-5), (-5,-5), (-5,-5)]

Fault Detection Run 8
#Info# Executed steps before collision: 4, Found collision: true
Turtle 1 :[(-1,-1), (47,15), (46,15), (46,15), (45,15), (44,15), (-1,-1), (-1,-1), (-1,-1), (-1,-1), (-1,-1)]
Turtle 2 :[(-2,-2), (8,36), (7,36), (7,36), (6,36), (5,36), (5,37), (4,37), (-2,-2), (-2,-2), (-2,-2)]
Turtle 3 :[(-3,-3), (45,16), (45,16), (45,15), (45,15), (46,15), (45,15), (45,14), (44,14), (43,14), (42,14)]
Turtle 4 :[(-4,-4), (26,41), (26,41), (26,40), (26,40), (26,39), (26,39), (26,39), (27,39), (26,39), (27,39)]
Turtle 5 :[(-5,-5), (49,38), (48,38), (48,38), (47,38), (46,38), (45,38), (45,38), (45,39), (-5,-5), (-5,-5)]

