Shrinking Run 1
#Info# Executed steps before collision: 2, Found collision: true
Turtle 1 :[(-1,-1), (15,0), (15,0), (14,0), (14,0), (13,0), (13,0), (12,0), (11,0), (10,0), (-1,-1)]
Turtle 2 :[(-2,-2), (8,7), (7,7), (7,7), (7,6), (7,5), (7,4), (7,4), (7,3), (-2,-2), (-2,-2)]
Turtle 3 :[(-3,-3), (16,0), (15,0), (15,1), (15,0), (16,0), (15,0), (14,0), (13,0), (-3,-3), (-3,-3)]
Turtle 4 :[(-4,-4), (13,13), (13,13), (13,12), (14,12), (14,11), (14,10), (14,10), (14,10), (14,10), (14,9)]
Turtle 5 :[(-5,-5), (13,10), (13,9), (12,9), (11,9), (11,8), (10,8), (-5,-5), (-5,-5), (-5,-5), (-5,-5)]

Shrinking Run 2
#Info# Executed steps before collision: 10, Found collision: false
Turtle 1 :[(-1,-1), (15,0), (14,0), (13,0), (12,0), (11,0), (10,0), (-1,-1), (-1,-1), (-1,-1), (-1,-1)]
Turtle 2 :[(-2,-2), (8,7), (7,7), (7,7), (7,6), (7,5), (7,4), (7,4), (7,3), (-2,-2), (-2,-2)]
Turtle 3 :[(-3,-3), (16,0), (17,0), (16,0), (15,0), (14,0), (13,0), (-3,-3), (-3,-3), (-3,-3), (-3,-3)]
Turtle 4 :[(-4,-4), (13,13), (13,13), (13,12), (14,12), (14,11), (14,10), (14,10), (14,10), (14,10), (14,9)]
Turtle 5 :[(-5,-5), (13,10), (13,9), (12,9), (11,9), (11,8), (10,8), (-5,-5), (-5,-5), (-5,-5), (-5,-5)]

Shrinking Run 3
#Info# Executed steps before collision: 10, Found collision: false
Turtle 1 :[(-1,-1), (15,0), (14,0), (13,0), (13,0), (12,0), (11,0), (10,0), (-1,-1), (-1,-1), (-1,-1)]
Turtle 2 :[(-2,-2), (8,7), (7,7), (7,7), (7,6), (7,5), (7,4), (7,4), (7,3), (-2,-2), (-2,-2)]
Turtle 3 :[(-3,-3), (16,0), (15,0), (15,0), (14,0), (15,0), (14,0), (13,0), (-3,-3), (-3,-3), (-3,-3)]
Turtle 4 :[(-4,-4), (13,13), (13,13), (13,12), (14,12), (14,11), (14,10), (14,10), (14,10), (14,10), (14,9)]
Turtle 5 :[(-5,-5), (13,10), (13,9), (12,9), (11,9), (11,8), (10,8), (-5,-5), (-5,-5), (-5,-5), (-5,-5)]

Shrinking Run 4
#Info# Executed steps before collision: 2, Found collision: true
Turtle 1 :[(-1,-1), (15,0), (15,0), (14,0), (13,0), (12,0), (12,0), (11,0), (10,0), (-1,-1), (-1,-1)]
Turtle 2 :[(-2,-2), (8,7), (7,7), (7,7), (7,6), (7,5), (7,4), (7,4), (7,3), (-2,-2), (-2,-2)]
Turtle 3 :[(-3,-3), (16,0), (15,0), (15,1), (15,0), (14,0), (13,0), (-3,-3), (-3,-3), (-3,-3), (-3,-3)]
Turtle 4 :[(-4,-4), (13,13), (13,13), (13,12), (14,12), (14,11), (14,10), (14,10), (14,10), (14,10), (14,9)]
Turtle 5 :[(-5,-5), (13,10), (13,9), (12,9), (11,9), (11,8), (10,8), (-5,-5), (-5,-5), (-5,-5), (-5,-5)]

Shrinking Run 5
#Info# Executed steps before collision: 10, Found collision: false
Turtle 1 :[(-1,-1), (15,0), (14,0), (13,0), (13,0), (12,0), (12,0), (11,0), (10,0), (-1,-1), (-1,-1)]
Turtle 2 :[(-2,-2), (8,7), (7,7), (7,7), (7,6), (7,5), (7,4), (7,4), (7,3), (-2,-2), (-2,-2)]
Turtle 3 :[(-3,-3), (16,0), (15,0), (15,0), (14,0), (14,0), (13,0), (-3,-3), (-3,-3), (-3,-3), (-3,-3)]
Turtle 4 :[(-4,-4), (13,13), (13,13), (13,12), (14,12), (14,11), (14,10), (14,10), (14,10), (14,10), (14,9)]
Turtle 5 :[(-5,-5), (13,10), (13,9), (12,9), (11,9), (11,8), (10,8), (-5,-5), (-5,-5), (-5,-5), (-5,-5)]

Shrinking Run 6
#Info# Executed steps before collision: 10, Found collision: false
Turtle 1 :[(-1,-1), (15,0), (16,0), (17,0), (16,0), (15,0), (14,0), (13,0), (12,0), (11,0), (10,0)]
Turtle 2 :[(-2,-2), (8,7), (7,7), (7,7), (7,6), (7,5), (7,4), (7,4), (7,3), (-2,-2), (-2,-2)]
Turtle 3 :[(-3,-3), (16,0), (15,0), (14,0), (13,0), (-3,-3), (-3,-3), (-3,-3), (-3,-3), (-3,-3), (-3,-3)]
Turtle 4 :[(-4,-4), (13,13), (13,13), (13,12), (14,12), (14,11), (14,10), (14,10), (14,10), (14,10), (14,9)]
Turtle 5 :[(-5,-5), (13,10), (13,9), (12,9), (11,9), (11,8), (10,8), (-5,-5), (-5,-5), (-5,-5), (-5,-5)]

Shrinking Run 7
#Info# Executed steps before collision: 2, Found collision: true
Turtle 1 :[(-1,-1), (15,0), (15,0), (14,0), (13,0), (12,0), (12,0), (11,0), (10,0), (-1,-1), (-1,-1)]
Turtle 2 :[(-2,-2), (8,7), (7,7), (7,7), (6,7), (5,7), (5,6), (5,6), (4,6), (-2,-2), (-2,-2)]
Turtle 3 :[(-3,-3), (16,0), (15,0), (15,0), (14,0), (14,1), (14,0), (13,0), (-3,-3), (-3,-3), (-3,-3)]
Turtle 4 :[(-4,-4), (13,13), (13,13), (13,12), (14,12), (14,11), (14,10), (14,10), (14,10), (14,10), (14,9)]
Turtle 5 :[(-5,-5), (13,10), (13,9), (12,9), (11,9), (11,8), (10,8), (-5,-5), (-5,-5), (-5,-5), (-5,-5)]

Shrinking Run 8
#Info# Executed steps before collision: 2, Found collision: true
Turtle 1 :[(-1,-1), (15,0), (15,0), (14,0), (13,0), (12,0), (12,0), (11,0), (10,0), (-1,-1), (-1,-1)]
Turtle 2 :[(-2,-2), (8,7), (7,7), (7,7), (6,7), (5,7), (4,7), (4,7), (4,6), (-2,-2), (-2,-2)]
Turtle 3 :[(-3,-3), (16,0), (15,0), (16,0), (15,0), (14,0), (13,0), (-3,-3), (-3,-3), (-3,-3), (-3,-3)]
Turtle 4 :[(-4,-4), (13,13), (13,13), (13,12), (14,12), (14,11), (14,10), (14,10), (14,10), (14,10), (14,9)]
Turtle 5 :[(-5,-5), (13,10), (13,9), (12,9), (11,9), (11,8), (10,8), (-5,-5), (-5,-5), (-5,-5), (-5,-5)]

Shrinking Run 9
#Info# Executed steps before collision: 10, Found collision: false
Turtle 1 :[(-1,-1), (15,0), (16,0), (16,0), (15,0), (14,0), (13,0), (12,0), (11,0), (10,0), (-1,-1)]
Turtle 2 :[(-2,-2), (8,7), (7,7), (7,7), (6,7), (5,7), (4,7), (4,7), (3,7), (-2,-2), (-2,-2)]
Turtle 3 :[(-3,-3), (16,0), (15,0), (14,0), (13,0), (-3,-3), (-3,-3), (-3,-3), (-3,-3), (-3,-3), (-3,-3)]
Turtle 4 :[(-4,-4), (13,13), (13,13), (13,12), (14,12), (14,11), (14,10), (14,10), (14,10), (14,10), (14,9)]
Turtle 5 :[(-5,-5), (13,10), (13,9), (12,9), (11,9), (11,8), (10,8), (-5,-5), (-5,-5), (-5,-5), (-5,-5)]

Shrinking Run 10
#Info# Executed steps before collision: 2, Found collision: true
Turtle 1 :[(-1,-1), (15,0), (15,0), (14,0), (13,0), (12,0), (12,0), (11,0), (10,0), (-1,-1), (-1,-1)]
Turtle 2 :[(-2,-2), (8,7), (7,7), (6,7), (5,7), (4,7), (4,6), (-2,-2), (-2,-2), (-2,-2), (-2,-2)]
Turtle 3 :[(-3,-3), (16,0), (15,0), (15,1), (14,1), (14,0), (13,0), (-3,-3), (-3,-3), (-3,-3), (-3,-3)]
Turtle 4 :[(-4,-4), (13,13), (13,13), (13,12), (14,12), (14,11), (14,10), (14,10), (14,10), (14,10), (14,9)]
Turtle 5 :[(-5,-5), (13,10), (13,9), (12,9), (11,9), (11,8), (10,8), (-5,-5), (-5,-5), (-5,-5), (-5,-5)]

Shrinking Run 11
#Info# Executed steps before collision: 10, Found collision: false
Turtle 1 :[(-1,-1), (15,0), (15,1), (14,1), (13,1), (12,1), (11,1), (11,0), (10,0), (-1,-1), (-1,-1)]
Turtle 2 :[(-2,-2), (8,7), (7,7), (6,7), (5,7), (4,7), (4,6), (-2,-2), (-2,-2), (-2,-2), (-2,-2)]
Turtle 3 :[(-3,-3), (16,0), (16,1), (16,0), (15,0), (14,0), (13,0), (12,0), (12,1), (11,1), (11,0)]
Turtle 4 :[(-4,-4), (13,13), (13,13), (13,12), (14,12), (14,11), (14,10), (14,10), (14,10), (14,10), (14,9)]
Turtle 5 :[(-5,-5), (13,10), (13,9), (12,9), (11,9), (11,8), (10,8), (-5,-5), (-5,-5), (-5,-5), (-5,-5)]

Shrinking Run 12
#Info# Executed steps before collision: 10, Found collision: false
Turtle 1 :[(-1,-1), (15,0), (15,1), (15,1), (15,0), (14,0), (13,0), (12,0), (11,0), (10,0), (-1,-1)]
Turtle 2 :[(-2,-2), (8,7), (7,7), (6,7), (5,7), (4,7), (4,6), (-2,-2), (-2,-2), (-2,-2), (-2,-2)]
Turtle 3 :[(-3,-3), (16,0), (15,0), (14,0), (13,0), (12,0), (-3,-3), (-3,-3), (-3,-3), (-3,-3), (-3,-3)]
Turtle 4 :[(-4,-4), (13,13), (13,13), (13,12), (14,12), (14,11), (14,10), (14,10), (14,10), (14,10), (14,9)]
Turtle 5 :[(-5,-5), (13,10), (13,9), (12,9), (11,9), (11,8), (10,8), (-5,-5), (-5,-5), (-5,-5), (-5,-5)]

Shrinking Run 13
#Info# Executed steps before collision: 2, Found collision: true
Turtle 1 :[(-1,-1), (15,0), (15,0), (14,0), (13,0), (12,0), (12,0), (11,0), (10,0), (-1,-1), (-1,-1)]
Turtle 2 :[(-2,-2), (8,7), (7,7), (6,7), (5,7), (4,7), (4,6), (-2,-2), (-2,-2), (-2,-2), (-2,-2)]
Turtle 3 :[(-3,-3), (16,0), (15,0), (16,0), (16,1), (16,0), (15,0), (14,0), (13,0), (-3,-3), (-3,-3)]
Turtle 4 :[(-4,-4), (13,13), (13,13), (13,12), (12,12), (12,11), (12,10), (12,10), (12,10), (12,10), (12,9)]
Turtle 5 :[(-5,-5), (13,10), (13,9), (12,9), (11,9), (11,8), (10,8), (-5,-5), (-5,-5), (-5,-5), (-5,-5)]

Shrinking Run 14
#Info# Executed steps before collision: 2, Found collision: true
Turtle 1 :[(-1,-1), (15,0), (15,0), (14,0), (13,0), (12,0), (12,0), (11,0), (10,0), (-1,-1), (-1,-1)]
Turtle 2 :[(-2,-2), (8,7), (7,7), (6,7), (5,7), (4,7), (4,6), (-2,-2), (-2,-2), (-2,-2), (-2,-2)]
Turtle 3 :[(-3,-3), (16,0), (15,0), (15,0), (15,0), (14,0), (13,0), (-3,-3), (-3,-3), (-3,-3), (-3,-3)]
Turtle 4 :[(-4,-4), (13,13), (13,13), (13,12), (12,12), (12,11), (11,11), (11,11), (11,11), (11,11), (11,10)]
Turtle 5 :[(-5,-5), (13,10), (13,9), (12,9), (11,9), (11,8), (10,8), (-5,-5), (-5,-5), (-5,-5), (-5,-5)]

Shrinking Run 15
#Info# Executed steps before collision: 10, Found collision: false
Turtle 1 :[(-1,-1), (15,0), (14,0), (13,0), (12,0), (11,0), (10,0), (-1,-1), (-1,-1), (-1,-1), (-1,-1)]
Turtle 2 :[(-2,-2), (8,7), (7,7), (6,7), (5,7), (4,7), (4,6), (-2,-2), (-2,-2), (-2,-2), (-2,-2)]
Turtle 3 :[(-3,-3), (16,0), (15,0), (15,0), (14,0), (13,0), (-3,-3), (-3,-3), (-3,-3), (-3,-3), (-3,-3)]
Turtle 4 :[(-4,-4), (13,13), (13,13), (13,12), (12,12), (11,12), (10,12), (10,12), (10,12), (10,12), (10,11)]
Turtle 5 :[(-5,-5), (13,10), (13,9), (12,9), (11,9), (11,8), (10,8), (-5,-5), (-5,-5), (-5,-5), (-5,-5)]

Shrinking Run 16
#Info# Executed steps before collision: 2, Found collision: true
Turtle 1 :[(-1,-1), (15,0), (15,0), (14,0), (13,0), (12,0), (12,0), (11,0), (10,0), (-1,-1), (-1,-1)]
Turtle 2 :[(-2,-2), (8,7), (7,7), (6,7), (5,7), (4,7), (4,6), (-2,-2), (-2,-2), (-2,-2), (-2,-2)]
Turtle 3 :[(-3,-3), (16,0), (15,0), (15,1), (14,1), (13,1), (13,0), (-3,-3), (-3,-3), (-3,-3), (-3,-3)]
Turtle 4 :[(-4,-4), (13,13), (13,13), (12,13), (11,13), (11,12), (10,12), (10,12), (10,12), (10,12), (10,11)]
Turtle 5 :[(-5,-5), (13,10), (13,9), (12,9), (11,9), (11,8), (10,8), (-5,-5), (-5,-5), (-5,-5), (-5,-5)]

Shrinking Run 17
#Info# Executed steps before collision: 2, Found collision: true
Turtle 1 :[(-1,-1), (15,0), (15,0), (14,0), (13,0), (12,0), (12,0), (11,0), (10,0), (-1,-1), (-1,-1)]
Turtle 2 :[(-2,-2), (8,7), (7,7), (6,7), (5,7), (4,7), (4,6), (-2,-2), (-2,-2), (-2,-2), (-2,-2)]
Turtle 3 :[(-3,-3), (16,0), (15,0), (16,0), (17,0), (16,0), (15,0), (14,0), (13,0), (-3,-3), (-3,-3)]
Turtle 4 :[(-4,-4), (13,13), (13,13), (12,13), (11,13), (11,12), (10,12), (10,12), (10,12), (10,12), (9,12)]
Turtle 5 :[(-5,-5), (13,10), (13,9), (12,9), (11,9), (11,8), (10,8), (-5,-5), (-5,-5), (-5,-5), (-5,-5)]

Shrinking Run 18
#Info# Executed steps before collision: 2, Found collision: true
Turtle 1 :[(-1,-1), (15,0), (15,0), (14,0), (13,0), (12,0), (12,0), (11,0), (10,0)]
Turtle 2 :[(-2,-2), (8,7), (7,7), (6,7), (5,7), (4,7), (4,6), (-2,-2), (-2,-2)]
Turtle 3 :[(-3,-3), (16,0), (15,0), (16,0), (15,0), (14,0), (13,0), (-3,-3), (-3,-3)]
Turtle 4 :[(-4,-4), (13,13), (13,12), (12,12), (11,12), (10,12), (9,12), (-4,-4), (-4,-4)]
Turtle 5 :[(-5,-5), (13,10), (13,9), (12,9), (11,9), (11,8), (10,8), (-5,-5), (-5,-5)]

Shrinking Run 19
#Info# Executed steps before collision: 2, Found collision: true
Turtle 1 :[(-1,-1), (15,0), (15,0), (14,0), (13,0), (12,0), (12,0), (11,0), (10,0)]
Turtle 2 :[(-2,-2), (8,7), (7,7), (6,7), (5,7), (4,7), (4,6), (-2,-2), (-2,-2)]
Turtle 3 :[(-3,-3), (16,0), (15,0), (15,0), (16,0), (15,0), (14,0), (14,0), (13,0)]
Turtle 4 :[(-4,-4), (13,13), (12,13), (12,12), (11,12), (10,12), (9,12), (-4,-4), (-4,-4)]
Turtle 5 :[(-5,-5), (13,10), (13,9), (12,9), (11,9), (11,8), (10,8), (-5,-5), (-5,-5)]

Shrinking Run 20
#Info# Executed steps before collision: 2, Found collision: true
Turtle 1 :[(-1,-1), (15,0), (15,0), (14,0), (13,0), (12,0), (12,0), (11,0), (10,0)]
Turtle 2 :[(-2,-2), (8,7), (7,7), (6,7), (5,7), (4,7), (4,6), (-2,-2), (-2,-2)]
Turtle 3 :[(-3,-3), (16,0), (15,0), (16,0), (15,0), (14,0), (13,0), (-3,-3), (-3,-3)]
Turtle 4 :[(-4,-4), (13,13), (12,13), (11,13), (11,12), (10,12), (9,12), (-4,-4), (-4,-4)]
Turtle 5 :[(-5,-5), (13,10), (13,9), (12,9), (11,9), (11,8), (10,8), (-5,-5), (-5,-5)]

Shrinking Run 21
#Info# Executed steps before collision: 2, Found collision: true
Turtle 1 :[(-1,-1), (15,0), (15,0), (14,0), (13,0), (12,0), (12,0), (11,0), (10,0)]
Turtle 2 :[(-2,-2), (8,7), (7,7), (6,7), (5,7), (4,7), (4,6), (-2,-2), (-2,-2)]
Turtle 3 :[(-3,-3), (16,0), (15,0), (16,0), (15,0), (14,0), (13,0), (-3,-3), (-3,-3)]
Turtle 4 :[(-4,-4), (13,13), (12,13), (11,13), (11,12), (10,12), (9,12), (-4,-4), (-4,-4)]
Turtle 5 :[(-5,-5), (13,10), (13,9), (12,9), (11,9), (10,9), (9,9), (-5,-5), (-5,-5)]

Shrinking Run 22
#Info# Executed steps before collision: 2, Found collision: true
Turtle 1 :[(-1,-1), (15,0), (15,0), (14,0), (13,0), (12,0), (12,0), (11,0), (10,0)]
Turtle 2 :[(-2,-2), (8,7), (7,7), (6,7), (5,7), (4,7), (4,6), (-2,-2), (-2,-2)]
Turtle 3 :[(-3,-3), (16,0), (15,0), (16,0), (15,0), (14,0), (13,0), (-3,-3), (-3,-3)]
Turtle 4 :[(-4,-4), (13,13), (12,13), (11,13), (11,12), (10,12), (9,12), (-4,-4), (-4,-4)]
Turtle 5 :[(-5,-5), (13,10), (13,9), (12,9), (12,8), (11,8), (10,8), (-5,-5), (-5,-5)]

Shrinking Run 23
#Info# Executed steps before collision: 6, Found collision: false
Turtle 1 :[(-1,-1), (15,0), (14,0), (13,0), (12,0), (11,0), (10,0)]
Turtle 2 :[(-2,-2), (8,7), (7,7), (6,7), (5,7), (4,7), (4,6)]
Turtle 3 :[(-3,-3), (16,0), (15,0), (15,1), (15,0), (14,0), (13,0)]
Turtle 4 :[(-4,-4), (13,13), (12,13), (11,13), (11,12), (10,12), (9,12)]
Turtle 5 :[(-5,-5), (13,10), (12,10), (11,10), (11,9), (10,9), (10,8)]

Shrinking Run 24
#Info# Executed steps before collision: 2, Found collision: true
Turtle 1 :[(-1,-1), (15,0), (15,0), (14,0), (13,0), (12,0), (12,0), (11,0), (10,0)]
Turtle 2 :[(-2,-2), (8,7), (7,7), (6,7), (5,7), (4,7), (4,6), (-2,-2), (-2,-2)]
Turtle 3 :[(-3,-3), (16,0), (15,0), (15,0), (14,0), (13,0), (-3,-3), (-3,-3), (-3,-3)]
Turtle 4 :[(-4,-4), (13,13), (12,13), (11,13), (11,12), (10,12), (9,12), (-4,-4), (-4,-4)]
Turtle 5 :[(-5,-5), (13,10), (13,9), (12,9), (11,9), (10,9), (10,8), (-5,-5), (-5,-5)]

Shrinking Run 25
#Info# Executed steps before collision: 2, Found collision: true
Turtle 1 :[(-1,-1), (15,0), (15,0), (16,0), (15,0), (14,0), (13,0), (12,0), (11,0), (10,0)]
Turtle 2 :[(-2,-2), (8,7), (7,7), (6,7), (5,7), (4,7), (4,6), (-2,-2), (-2,-2), (-2,-2)]
Turtle 3 :[(-3,-3), (16,0), (15,0), (14,0), (13,0), (-3,-3), (-3,-3), (-3,-3), (-3,-3), (-3,-3)]
Turtle 4 :[(-4,-4), (13,13), (12,13), (11,13), (11,12), (10,12), (9,12), (-4,-4), (-4,-4), (-4,-4)]
Turtle 5 :[(-5,-5), (13,10), (12,10), (12,9), (11,9), (10,9), (9,9), (-5,-5), (-5,-5), (-5,-5)]

Shrinking Run 26
#Info# Executed steps before collision: 2, Found collision: true
Turtle 1 :[(-1,-1), (15,0), (15,0), (14,0), (13,0), (12,0), (12,0), (11,0), (10,0)]
Turtle 2 :[(-2,-2), (8,7), (7,7), (6,7), (5,7), (4,7), (4,6), (-2,-2), (-2,-2)]
Turtle 3 :[(-3,-3), (16,0), (15,0), (16,0), (17,0), (16,0), (15,0), (14,0), (13,0)]
Turtle 4 :[(-4,-4), (13,13), (12,13), (11,13), (11,12), (10,12), (9,12), (-4,-4), (-4,-4)]
Turtle 5 :[(-5,-5), (13,10), (12,10), (11,10), (10,10), (10,9), (9,9), (-5,-5), (-5,-5)]

Shrinking Run 27
#Info# Executed steps before collision: 2, Found collision: true
Turtle 1 :[(-1,-1), (15,0), (15,0), (14,0), (13,0), (12,0), (12,0), (11,0), (10,0)]
Turtle 2 :[(-2,-2), (8,7), (7,7), (6,7), (5,7), (4,7), (4,6), (-2,-2), (-2,-2)]
Turtle 3 :[(-3,-3), (16,0), (15,0), (15,1), (15,2), (14,2), (14,1), (14,0), (13,0)]
Turtle 4 :[(-4,-4), (13,13), (12,13), (11,13), (11,12), (10,12), (9,12), (-4,-4), (-4,-4)]
Turtle 5 :[(-5,-5), (13,10), (12,10), (11,10), (11,9), (10,9), (9,9), (-5,-5), (-5,-5)]

Shrinking Run 28
#Info# Executed steps before collision: 6, Found collision: false
Turtle 1 :[(-1,-1), (15,0), (14,0), (13,0), (12,0), (11,0), (10,0)]
Turtle 2 :[(-2,-2), (8,7), (7,7), (6,7), (5,7), (4,7), (4,6)]
Turtle 3 :[(-3,-3), (16,0), (15,0), (14,0), (15,0), (14,0), (13,0)]
Turtle 4 :[(-4,-4), (13,13), (12,13), (11,13), (11,12), (10,12), (9,12)]
Turtle 5 :[(-5,-5), (13,10), (12,10), (11,10), (11,9), (10,9), (9,9)]

Shrinking Run 29
#Info# Executed steps before collision: 4, Found collision: true
Turtle 1 :[(-1,-1), (15,0), (14,0), (13,0), (13,0), (12,0), (11,0), (10,0)]
Turtle 2 :[(-2,-2), (8,7), (7,7), (6,7), (5,7), (4,7), (4,6), (-2,-2)]
Turtle 3 :[(-3,-3), (16,0), (15,0), (14,0), (13,0), (-3,-3), (-3,-3), (-3,-3)]
Turtle 4 :[(-4,-4), (13,13), (12,13), (11,13), (11,12), (10,12), (9,12), (-4,-4)]
Turtle 5 :[(-5,-5), (13,10), (12,10), (11,10), (11,9), (10,9), (9,9), (-5,-5)]

Shrinking Run 30
#Info# Executed steps before collision: 7, Found collision: false
Turtle 1 :[(-1,-1), (15,0), (14,0), (13,0), (12,0), (11,0), (11,0), (10,0)]
Turtle 2 :[(-2,-2), (8,7), (7,7), (6,7), (5,7), (4,7), (4,6), (-2,-2)]
Turtle 3 :[(-3,-3), (16,0), (15,0), (15,1), (15,0), (14,0), (13,0), (-3,-3)]
Turtle 4 :[(-4,-4), (13,13), (12,13), (11,13), (11,12), (10,12), (9,12), (-4,-4)]
Turtle 5 :[(-5,-5), (13,10), (12,10), (11,10), (11,9), (10,9), (9,9), (-5,-5)]

Shrinking Run 31
#Info# Executed steps before collision: 8, Found collision: false
Turtle 1 :[(-1,-1), (15,0), (14,0), (13,0), (13,0), (12,0), (11,0), (10,0), (-1,-1)]
Turtle 2 :[(-2,-2), (8,7), (7,7), (7,7), (6,7), (5,7), (4,7), (4,7), (3,7)]
Turtle 3 :[(-3,-3), (16,0), (16,1), (15,1), (15,0), (14,0), (13,0), (-3,-3), (-3,-3)]
Turtle 4 :[(-4,-4), (13,13), (12,13), (11,13), (11,12), (10,12), (9,12), (-4,-4), (-4,-4)]
Turtle 5 :[(-5,-5), (13,10), (12,10), (11,10), (11,9), (10,9), (9,9), (-5,-5), (-5,-5)]

Shrinking Run 32
#Info# Executed steps before collision: 8, Found collision: false
Turtle 1 :[(-1,-1), (15,0), (14,0), (13,0), (13,0), (12,0), (11,0), (10,0), (-1,-1)]
Turtle 2 :[(-2,-2), (8,7), (7,7), (6,7), (5,7), (4,7), (4,6), (-2,-2), (-2,-2)]
Turtle 3 :[(-3,-3), (16,0), (15,0), (15,1), (14,1), (13,1), (12,1), (12,0), (11,0)]
Turtle 4 :[(-4,-4), (13,13), (12,13), (11,13), (11,12), (10,12), (9,12), (-4,-4), (-4,-4)]
Turtle 5 :[(-5,-5), (13,10), (12,10), (11,10), (11,9), (10,9), (9,9), (-5,-5), (-5,-5)]

Shrinking Run 33
#Info# Executed steps before collision: 7, Found collision: false
Turtle 1 :[(-1,-1), (15,0), (14,0), (13,0), (13,0), (12,0), (11,0), (10,0)]
Turtle 2 :[(-2,-2), (8,7), (7,7), (6,7), (5,7), (4,7), (4,6), (-2,-2)]
Turtle 3 :[(-3,-3), (16,0), (16,1), (15,1), (14,1), (13,1), (12,1), (12,0)]
Turtle 4 :[(-4,-4), (13,13), (12,13), (11,13), (11,12), (10,12), (9,12), (-4,-4)]
Turtle 5 :[(-5,-5), (13,10), (12,10), (11,10), (11,9), (10,9), (9,9), (-5,-5)]

Shrinking Run 34
#Info# Executed steps before collision: 10, Found collision: false
Turtle 1 :[(-1,-1), (15,0), (14,0), (13,0), (13,0), (12,0), (11,0), (10,0), (-1,-1), (-1,-1), (-1,-1)]
Turtle 2 :[(-2,-2), (8,7), (7,7), (6,7), (5,7), (4,7), (4,6), (-2,-2), (-2,-2), (-2,-2), (-2,-2)]
Turtle 3 :[(-3,-3), (16,0), (15,0), (15,1), (15,0), (14,0), (13,0), (-3,-3), (-3,-3), (-3,-3), (-3,-3)]
Turtle 4 :[(-4,-4), (13,13), (13,13), (13,12), (12,12), (11,12), (10,12), (10,12), (10,12), (10,12), (10,11)]
Turtle 5 :[(-5,-5), (13,10), (12,10), (11,10), (11,9), (10,9), (9,9), (-5,-5), (-5,-5), (-5,-5), (-5,-5)]

Shrink Run 35
#Info# Executed steps before collision: 7, Found collision: false
Turtle 1 :[(-1,-1), (15,0), (14,0), (13,0), (13,0), (12,0), (11,0), (10,0)]
Turtle 2 :[(-2,-2), (8,7), (7,7), (6,7), (5,7), (4,7), (4,6), (-2,-2)]
Turtle 3 :[(-3,-3), (16,0), (17,0), (16,0), (15,0), (14,0), (13,0), (-3,-3)]
Turtle 4 :[(-4,-4), (13,13), (12,13), (11,13), (11,12), (10,12), (9,12), (-4,-4)]
Turtle 5 :[(-5,-5), (13,10), (12,10), (11,10), (11,9), (10,9), (10,8), (-5,-5)]

