Detection Run 1
#Info# Executed steps before collision: 8, Found collision: false
Turtle 1 :[(-1,-1), (16,2), (17,2), (18,2), (18,1), (19,1), (19,1), (-1,-1), (-1,-1)]
Turtle 2 :[(-2,-2), (3,10), (3,11), (2,11), (2,12), (2,13), (2,14), (-2,-2), (-2,-2)]
Turtle 3 :[(-3,-3), (12,0), (13,0), (14,0), (15,0), (16,0), (17,0), (-3,-3), (-3,-3)]
Turtle 4 :[(-4,-4), (18,13), (18,12), (18,11), (18,10), (17,10), (16,10), (-4,-4), (-4,-4)]
Turtle 5 :[(-5,-5), (17,6), (17,7), (17,8), (17,9), (17,9), (17,8), (17,9), (17,10)]

Detection Run 2
#Info# Executed steps before collision: 6, Found collision: false
Turtle 1 :[(-1,-1), (3,18), (2,18), (1,18), (1,17), (1,16), (1,15)]
Turtle 2 :[(-2,-2), (12,8), (11,8), (12,8), (11,8), (11,9), (-2,-2)]
Turtle 3 :[(-3,-3), (3,3), (4,3), (4,2), (5,2), (6,2), (7,2)]
Turtle 4 :[(-4,-4), (6,4), (6,3), (5,3), (4,3), (4,2), (4,1)]
Turtle 5 :[(-5,-5), (14,16), (14,17), (14,18), (13,18), (13,19), (13,19)]

Detection Run 3
#Info# Executed steps before collision: 6, Found collision: false
Turtle 1 :[(-1,-1), (8,16), (7,16), (7,17), (7,18), (7,19), (-1,-1)]
Turtle 2 :[(-2,-2), (11,4), (11,5), (11,6), (10,6), (9,6), (8,6)]
Turtle 3 :[(-3,-3), (9,16), (9,15), (9,14), (9,15), (8,15), (7,15)]
Turtle 4 :[(-4,-4), (13,17), (13,16), (14,16), (15,16), (16,16), (16,15)]
Turtle 5 :[(-5,-5), (13,9), (13,8), (14,8), (-5,-5), (-5,-5), (-5,-5)]

Detection Run 4
#Info# Executed steps before collision: 8, Found collision: false
Turtle 1 :[(-1,-1), (17,11), (18,11), (19,11), (19,12), (19,13), (19,14), (-1,-1), (-1,-1)]
Turtle 2 :[(-2,-2), (11,16), (12,16), (13,16), (14,16), (15,16), (15,17), (-2,-2), (-2,-2)]
Turtle 3 :[(-3,-3), (6,0), (5,0), (4,0), (3,0), (2,0), (1,0), (-3,-3), (-3,-3)]
Turtle 4 :[(-4,-4), (-4,-4), (-4,-4), (11,16), (12,16), (13,16), (14,16), (14,15), (14,14)]
Turtle 5 :[(-5,-5), (18,19), (18,19), (17,19), (16,19), (15,19), (14,19), (-5,-5), (-5,-5)]

Detection Run 5
#Info# Executed steps before collision: 7, Found collision: false
Turtle 1 :[(-1,-1), (9,14), (10,14), (11,14), (12,14), (12,13), (-1,-1), (-1,-1)]
Turtle 2 :[(-2,-2), (2,2), (1,2), (2,2), (3,2), (4,2), (4,3), (-2,-2)]
Turtle 3 :[(-3,-3), (10,7), (10,8), (10,9), (10,9), (10,10), (11,10), (11,11)]
Turtle 4 :[(-4,-4), (5,14), (5,15), (5,16), (4,16), (-4,-4), (-4,-4), (-4,-4)]
Turtle 5 :[(-5,-5), (13,10), (12,10), (11,10), (11,11), (11,12), (10,12), (-5,-5)]

Detection Run 6
#Info# Executed steps before collision: 6, Found collision: false
Turtle 1 :[(-1,-1), (12,0), (11,0), (10,0), (11,0), (10,0), (-1,-1)]
Turtle 2 :[(-2,-2), (18,17), (18,16), (19,16), (19,15), (19,14), (19,13)]
Turtle 3 :[(-3,-3), (4,17), (4,16), (4,15), (5,15), (6,15), (7,15)]
Turtle 4 :[(-4,-4), (19,17), (19,17), (18,17), (18,16), (-4,-4), (-4,-4)]
Turtle 5 :[(-5,-5), (9,7), (9,6), (9,5), (9,4), (8,4), (7,4)]

Fault Detection Run 7
#Info# Executed steps before collision: 6, Found collision: true
Turtle 1 :[(-1,-1), (2,19), (2,19), (3,19), (4,19), (5,19), (-1,-1), (-1,-1), (-1,-1), (-1,-1), (-1,-1), (-1,-1), (-1,-1)]
Turtle 2 :[(-2,-2), (1,19), (0,19), (0,19), (0,18), (0,19), (-2,-2), (-2,-2), (-2,-2), (-2,-2), (-2,-2), (-2,-2), (-2,-2)]
Turtle 3 :[(-3,-3), (11,11), (10,11), (11,11), (11,12), (12,12), (13,12), (13,11), (14,11), (14,12), (14,13), (-3,-3), (-3,-3)]
Turtle 4 :[(-4,-4), (17,8), (17,7), (17,6), (17,5), (18,5), (19,5), (-4,-4), (-4,-4), (-4,-4), (-4,-4), (-4,-4), (-4,-4)]
Turtle 5 :[(-5,-5), (12,12), (11,12), (12,12), (13,12), (14,12), (13,12), (12,12), (11,12), (10,12), (10,11), (9,11), (8,11)]

