Detection Run 1
#Info# Executed steps before collision: 7, Found collision: false
Turtle 1 :[(-1,-1), (12,13), (12,14), (12,13), (12,14), (13,14), (-1,-1), (-1,-1)]
Turtle 2 :[(-2,-2), (14,0), (14,1), (14,0), (13,0), (-2,-2), (-2,-2), (-2,-2)]
Turtle 3 :[(-3,-3), (9,9), (10,9), (10,10), (10,11), (10,12), (11,12), (-3,-3)]
Turtle 4 :[(-4,-4), (3,0), (3,1), (2,1), (2,2), (2,3), (1,3), (-4,-4)]
Turtle 5 :[(-5,-5), (7,10), (8,10), (9,10), (9,11), (9,11), (10,11), (10,10)]

Detection Run 2
#Info# Executed steps before collision: 6, Found collision: false
Turtle 1 :[(-1,-1), (1,2), (2,2), (2,3), (3,3), (4,3), (4,4)]
Turtle 2 :[(-2,-2), (5,1), (4,1), (3,1), (2,1), (2,2), (1,2)]
Turtle 3 :[(-3,-3), (4,17), (4,16), (3,16), (2,16), (1,16), (0,16)]
Turtle 4 :[(-4,-4), (1,3), (1,4), (2,4), (-4,-4), (-4,-4), (-4,-4)]
Turtle 5 :[(-5,-5), (7,10), (7,9), (8,9), (9,9), (9,8), (-5,-5)]

Detection Run 3
#Info# Executed steps before collision: 6, Found collision: false
Turtle 1 :[(-1,-1), (9,15), (8,15), (7,15), (7,14), (6,14), (-1,-1)]
Turtle 2 :[(-2,-2), (5,14), (5,15), (6,15), (6,16), (7,16), (-2,-2)]
Turtle 3 :[(-3,-3), (18,13), (18,14), (18,15), (18,16), (18,17), (17,17)]
Turtle 4 :[(-4,-4), (6,6), (5,6), (6,6), (5,6), (-4,-4), (-4,-4)]
Turtle 5 :[(-5,-5), (12,14), (13,14), (13,13), (13,12), (13,11), (14,11)]

Detection Run 4
#Info# Executed steps before collision: 8, Found collision: false
Turtle 1 :[(-1,-1), (7,16), (8,16), (7,16), (7,15), (-1,-1), (-1,-1), (-1,-1), (-1,-1)]
Turtle 2 :[(-2,-2), (3,1), (3,2), (4,2), (5,2), (5,3), (6,3), (-2,-2), (-2,-2)]
Turtle 3 :[(-3,-3), (7,17), (8,17), (7,17), (6,17), (5,17), (5,16), (-3,-3), (-3,-3)]
Turtle 4 :[(-4,-4), (6,6), (5,6), (4,6), (4,7), (3,7), (2,7), (-4,-4), (-4,-4)]
Turtle 5 :[(-5,-5), (3,2), (3,3), (3,2), (3,1), (2,1), (1,1), (0,1), (0,0)]

Detection Run 5
#Info# Executed steps before collision: 6, Found collision: false
Turtle 1 :[(-1,-1), (2,14), (3,14), (3,15), (3,16), (3,17), (-1,-1)]
Turtle 2 :[(-2,-2), (13,13), (13,14), (12,14), (12,15), (11,15), (10,15)]
Turtle 3 :[(-3,-3), (8,10), (7,10), (8,10), (7,10), (6,10), (6,11)]
Turtle 4 :[(-4,-4), (3,10), (3,9), (2,9), (2,8), (1,8), (1,7)]
Turtle 5 :[(-5,-5), (12,10), (11,10), (10,10), (10,9), (9,9), (9,8)]

Detection Run 6
#Info# Executed steps before collision: 6, Found collision: false
Turtle 1 :[(-1,-1), (11,11), (10,11), (10,10), (9,10), (9,9), (8,9)]
Turtle 2 :[(-2,-2), (0,6), (0,7), (0,8), (0,9), (0,10), (0,11)]
Turtle 3 :[(-3,-3), (0,16), (0,15), (0,14), (0,13), (0,12), (-3,-3)]
Turtle 4 :[(-4,-4), (14,18), (13,18), (13,19), (13,19), (-4,-4), (-4,-4)]
Turtle 5 :[(-5,-5), (8,0), (7,0), (6,0), (5,0), (4,0), (4,1)]

Detection Run 7
#Info# Executed steps before collision: 6, Found collision: false
Turtle 1 :[(-1,-1), (15,8), (14,8), (-1,-1), (-1,-1), (-1,-1), (-1,-1)]
Turtle 2 :[(-2,-2), (17,5), (17,4), (17,3), (17,2), (17,1), (17,0)]
Turtle 3 :[(-3,-3), (17,0), (17,1), (18,1), (19,1), (19,1), (-3,-3)]
Turtle 4 :[(-4,-4), (4,16), (5,16), (6,16), (6,15), (7,15), (8,15)]
Turtle 5 :[(-5,-5), (6,15), (5,15), (4,15), (3,15), (2,15), (2,16)]

Detection Run 8
#Info# Executed steps before collision: 6, Found collision: false
Turtle 1 :[(-1,-1), (6,14), (6,15), (6,16), (7,16), (7,17), (7,18)]
Turtle 2 :[(-2,-2), (9,0), (10,0), (11,0), (12,0), (13,0), (-2,-2)]
Turtle 3 :[(-3,-3), (18,18), (18,19), (19,19), (19,19), (19,19), (-3,-3)]
Turtle 4 :[(-4,-4), (12,16), (11,16), (10,16), (9,16), (9,15), (8,15)]
Turtle 5 :[(-5,-5), (9,12), (10,12), (10,13), (11,13), (11,14), (11,15)]

Detection Run 9
#Info# Executed steps before collision: 5, Found collision: false
Turtle 1 :[(-1,-1), (8,19), (9,19), (9,18), (10,18), (10,17)]
Turtle 2 :[(-2,-2), (2,18), (3,18), (4,18), (5,18), (6,18)]
Turtle 3 :[(-3,-3), (14,14), (14,13), (14,14), (14,15), (15,15)]
Turtle 4 :[(-4,-4), (11,1), (12,1), (11,1), (10,1), (10,0)]
Turtle 5 :[(-5,-5), (4,18), (4,17), (3,17), (-5,-5), (-5,-5)]

Detection Run 10
#Info# Executed steps before collision: 7, Found collision: false
Turtle 1 :[(-1,-1), (2,16), (2,16), (2,15), (2,14), (1,14), (0,14), (0,13)]
Turtle 2 :[(-2,-2), (3,10), (2,10), (1,10), (0,10), (-2,-2), (-2,-2), (-2,-2)]
Turtle 3 :[(-3,-3), (11,19), (11,19), (11,19), (11,19), (-3,-3), (-3,-3), (-3,-3)]
Turtle 4 :[(-4,-4), (14,1), (13,1), (12,1), (11,1), (11,0), (-4,-4), (-4,-4)]
Turtle 5 :[(-5,-5), (11,17), (11,18), (10,18), (9,18), (-5,-5), (-5,-5), (-5,-5)]

Detection Run 11
#Info# Executed steps before collision: 10, Found collision: false
Turtle 1 :[(-1,-1), (3,16), (4,16), (4,15), (5,15), (6,15), (6,14), (-1,-1), (-1,-1), (-1,-1), (-1,-1)]
Turtle 2 :[(-2,-2), (1,7), (1,8), (-2,-2), (-2,-2), (-2,-2), (-2,-2), (-2,-2), (-2,-2), (-2,-2), (-2,-2)]
Turtle 3 :[(-3,-3), (9,4), (10,4), (11,4), (12,4), (-3,-3), (-3,-3), (-3,-3), (-3,-3), (-3,-3), (-3,-3)]
Turtle 4 :[(-4,-4), (5,15), (5,16), (4,16), (4,16), (5,16), (4,16), (4,15), (4,14), (-4,-4), (-4,-4)]
Turtle 5 :[(-5,-5), (6,17), (5,17), (6,17), (5,17), (4,17), (4,17), (3,17), (4,17), (4,16), (4,15)]

Detection Run 12
#Info# Executed steps before collision: 8, Found collision: false
Turtle 1 :[(-1,-1), (7,9), (8,9), (7,9), (7,8), (7,7), (-1,-1), (-1,-1), (-1,-1)]
Turtle 2 :[(-2,-2), (19,4), (18,4), (18,5), (18,6), (18,7), (18,8), (-2,-2), (-2,-2)]
Turtle 3 :[(-3,-3), (6,17), (7,17), (8,17), (9,17), (10,17), (10,17), (10,17), (11,17)]
Turtle 4 :[(-4,-4), (14,16), (14,17), (13,17), (13,17), (12,17), (12,17), (12,18), (11,18)]
Turtle 5 :[(-5,-5), (12,5), (13,5), (14,5), (14,4), (-5,-5), (-5,-5), (-5,-5), (-5,-5)]

Detection Run 13
#Info# Executed steps before collision: 6, Found collision: false
Turtle 1 :[(-1,-1), (1,2), (2,2), (2,1), (3,1), (3,0), (-1,-1)]
Turtle 2 :[(-2,-2), (4,0), (4,0), (3,0), (2,0), (-2,-2), (-2,-2)]
Turtle 3 :[(-3,-3), (0,5), (0,4), (0,4), (0,3), (0,2), (0,1)]
Turtle 4 :[(-4,-4), (18,12), (19,12), (19,11), (19,11), (-4,-4), (-4,-4)]
Turtle 5 :[(-5,-5), (20,15), (19,15), (19,14), (18,14), (17,14), (17,13)]

Detection Run 14
#Info# Executed steps before collision: 7, Found collision: false
Turtle 1 :[(-1,-1), (6,4), (7,4), (7,5), (8,5), (-1,-1), (-1,-1), (-1,-1)]
Turtle 2 :[(-2,-2), (8,8), (8,9), (8,10), (8,10), (9,10), (9,11), (9,12)]
Turtle 3 :[(-3,-3), (7,17), (8,17), (8,18), (8,19), (8,19), (9,19), (9,19)]
Turtle 4 :[(-4,-4), (5,15), (6,15), (7,15), (8,15), (8,14), (8,14), (8,13)]
Turtle 5 :[(-5,-5), (7,10), (7,10), (7,11), (7,12), (8,12), (8,13), (9,13)]

Detection Run 15
#Info# Executed steps before collision: 8, Found collision: false
Turtle 1 :[(-1,-1), (7,5), (7,4), (7,4), (6,4), (6,3), (6,2), (-1,-1), (-1,-1)]
Turtle 2 :[(-2,-2), (8,6), (9,6), (9,6), (10,6), (11,6), (12,6), (13,6), (-2,-2)]
Turtle 3 :[(-3,-3), (7,11), (7,10), (7,9), (7,8), (7,8), (7,8), (8,8), (8,7)]
Turtle 4 :[(-4,-4), (13,9), (13,10), (13,11), (13,11), (13,11), (13,10), (13,11), (-4,-4)]
Turtle 5 :[(-5,-5), (0,9), (1,9), (2,9), (2,8), (2,7), (3,7), (-5,-5), (-5,-5)]

Fault Detection Run 16
#Info# Executed steps before collision: 2, Found collision: true
Turtle 1 :[(-1,-1), (7,15), (7,16), (6,16), (5,16), (4,16), (3,16), (-1,-1), (-1,-1)]
Turtle 2 :[(-2,-2), (18,4), (17,4), (17,3), (16,3), (16,2), (15,2), (-2,-2), (-2,-2)]
Turtle 3 :[(-3,-3), (7,13), (7,12), (7,11), (7,10), (7,9), (8,9), (-3,-3), (-3,-3)]
Turtle 4 :[(-4,-4), (12,15), (11,15), (11,14), (10,14), (10,13), (-4,-4), (-4,-4), (-4,-4)]
Turtle 5 :[(-5,-5), (11,14), (11,15), (12,15), (13,15), (13,14), (13,13), (13,12), (13,11)]

