Shrinking Run 1
#Info# Executed steps before collision: 6, Found collision: true
Turtle 1 :[(-1,-1), (12,4), (11,4), (10,4), (9,4), (9,5), (8,5), (-1,-1), (-1,-1), (-1,-1)]
Turtle 2 :[(-2,-2), (13,9), (13,9), (13,9), (13,9), (13,9), (12,9), (12,9), (11,9), (10,9)]
Turtle 3 :[(-3,-3), (12,14), (11,14), (10,14), (10,14), (10,14), (10,13), (9,13), (9,13), (8,13)]
Turtle 4 :[(-4,-4), (13,4), (13,5), (13,6), (13,6), (13,6), (14,6), (14,6), (14,7), (-4,-4)]
Turtle 5 :[(-5,-5), (14,5), (14,5), (14,5), (14,5), (14,5), (14,6), (14,7), (13,7), (-5,-5)]

Shrinking Run 2
#Info# Executed steps before collision: 11, Found collision: false
Turtle 1 :[(-1,-1), (12,4), (11,4), (11,3), (10,3), (10,2), (9,2), (-1,-1), (-1,-1), (-1,-1), (-1,-1), (-1,-1)]
Turtle 2 :[(-2,-2), (13,9), (13,9), (13,9), (13,9), (13,9), (12,9), (12,9), (11,9), (10,9), (-2,-2), (-2,-2)]
Turtle 3 :[(-3,-3), (12,14), (11,14), (10,14), (10,14), (10,14), (10,13), (9,13), (9,13), (8,13), (-3,-3), (-3,-3)]
Turtle 4 :[(-4,-4), (13,4), (13,5), (13,6), (13,6), (13,6), (14,6), (13,6), (13,7), (14,7), (-4,-4), (-4,-4)]
Turtle 5 :[(-5,-5), (14,5), (14,5), (14,5), (14,5), (14,5), (14,5), (14,4), (14,5), (14,6), (13,6), (13,7)]

Shrinking Run 3
#Info# Executed steps before collision: 6, Found collision: true
Turtle 1 :[(-1,-1), (12,4), (11,4), (10,4), (9,4), (9,3), (8,3), (-1,-1), (-1,-1), (-1,-1)]
Turtle 2 :[(-2,-2), (13,9), (13,9), (13,9), (13,9), (13,9), (12,9), (12,9), (11,9), (10,9)]
Turtle 3 :[(-3,-3), (12,14), (11,14), (10,14), (10,14), (10,14), (10,13), (9,13), (9,13), (8,13)]
Turtle 4 :[(-4,-4), (13,4), (13,5), (13,6), (13,6), (13,6), (14,6), (14,6), (14,7), (-4,-4)]
Turtle 5 :[(-5,-5), (14,5), (14,5), (14,5), (14,5), (14,5), (14,6), (13,6), (13,7), (-5,-5)]

Shrinking Run 4
#Info# Executed steps before collision: 6, Found collision: true
Turtle 1 :[(-1,-1), (12,4), (11,4), (11,3), (10,3), (9,3), (8,3), (-1,-1), (-1,-1), (-1,-1), (-1,-1), (-1,-1), (-1,-1)]
Turtle 2 :[(-2,-2), (13,9), (13,9), (13,9), (13,9), (13,9), (12,9), (12,9), (11,9), (10,9), (-2,-2), (-2,-2), (-2,-2)]
Turtle 3 :[(-3,-3), (12,14), (11,14), (10,14), (10,14), (10,14), (10,13), (9,13), (9,13), (8,13), (-3,-3), (-3,-3), (-3,-3)]
Turtle 4 :[(-4,-4), (13,4), (13,5), (13,6), (13,6), (13,6), (14,6), (14,6), (14,6), (14,6), (13,6), (14,6), (14,7)]
Turtle 5 :[(-5,-5), (14,5), (14,5), (14,5), (14,5), (14,5), (14,6), (14,7), (14,7), (14,7), (13,7), (-5,-5), (-5,-5)]

Shrinking Run 5
#Info# Executed steps before collision: 9, Found collision: false
Turtle 1 :[(-1,-1), (12,4), (11,4), (10,4), (9,4), (8,4), (7,4), (-1,-1), (-1,-1), (-1,-1)]
Turtle 2 :[(-2,-2), (13,9), (13,9), (13,9), (13,9), (13,9), (12,9), (12,9), (11,9), (10,9)]
Turtle 3 :[(-3,-3), (12,14), (11,14), (10,14), (10,14), (10,14), (10,13), (9,13), (9,13), (8,13)]
Turtle 4 :[(-4,-4), (13,4), (13,5), (13,6), (13,6), (13,6), (14,6), (14,6), (14,7), (-4,-4)]
Turtle 5 :[(-5,-5), (14,5), (14,5), (14,5), (14,5), (14,5), (14,5), (13,5), (13,6), (13,7)]

Shrinking Run 6
#Info# Executed steps before collision: 6, Found collision: true
Turtle 1 :[(-1,-1), (12,4), (11,4), (10,4), (10,3), (9,3), (8,3), (-1,-1), (-1,-1), (-1,-1), (-1,-1), (-1,-1)]
Turtle 2 :[(-2,-2), (13,9), (13,9), (13,9), (13,9), (13,9), (12,9), (12,9), (11,9), (10,9), (-2,-2), (-2,-2)]
Turtle 3 :[(-3,-3), (12,14), (11,14), (10,14), (10,14), (10,14), (10,13), (9,13), (9,13), (8,13), (-3,-3), (-3,-3)]
Turtle 4 :[(-4,-4), (13,4), (13,5), (13,6), (13,6), (13,6), (14,6), (14,6), (13,6), (14,6), (14,6), (14,7)]
Turtle 5 :[(-5,-5), (14,5), (14,5), (14,5), (14,5), (14,5), (14,6), (14,7), (14,8), (14,7), (13,7), (-5,-5)]

Shrinking Run 7
#Info# Executed steps before collision: 6, Found collision: true
Turtle 1 :[(-1,-1), (12,4), (11,4), (10,4), (10,3), (9,3), (8,3), (-1,-1), (-1,-1), (-1,-1), (-1,-1), (-1,-1)]
Turtle 2 :[(-2,-2), (13,9), (13,9), (13,9), (13,9), (13,9), (12,9), (11,9), (10,9), (10,9), (9,9), (8,9)]
Turtle 3 :[(-3,-3), (12,14), (11,14), (10,14), (10,14), (10,14), (10,13), (9,13), (9,13), (8,13), (-3,-3), (-3,-3)]
Turtle 4 :[(-4,-4), (13,4), (13,5), (13,6), (13,6), (13,6), (14,6), (14,6), (14,5), (14,6), (14,7), (-4,-4)]
Turtle 5 :[(-5,-5), (14,5), (14,5), (14,5), (14,5), (14,5), (14,6), (14,7), (13,7), (-5,-5), (-5,-5), (-5,-5)]

Shrinking Run 8
#Info# Executed steps before collision: 6, Found collision: true
Turtle 1 :[(-1,-1), (12,4), (11,4), (10,4), (10,3), (9,3), (8,3), (-1,-1), (-1,-1), (-1,-1), (-1,-1), (-1,-1)]
Turtle 2 :[(-2,-2), (13,9), (13,9), (13,9), (13,9), (13,9), (13,8), (12,8), (11,8), (11,8), (10,8), (10,7)]
Turtle 3 :[(-3,-3), (12,14), (11,14), (10,14), (10,14), (10,14), (10,13), (9,13), (9,13), (8,13), (-3,-3), (-3,-3)]
Turtle 4 :[(-4,-4), (13,4), (13,5), (13,6), (13,6), (13,6), (14,6), (14,6), (14,6), (14,6), (14,6), (14,7)]
Turtle 5 :[(-5,-5), (14,5), (14,5), (14,5), (14,5), (14,5), (14,6), (14,7), (14,7), (14,7), (13,7), (-5,-5)]

Shrinking Run 9
#Info# Executed steps before collision: 6, Found collision: true
Turtle 1 :[(-1,-1), (12,4), (11,4), (10,4), (10,3), (9,3), (8,3), (-1,-1), (-1,-1), (-1,-1), (-1,-1), (-1,-1)]
Turtle 2 :[(-2,-2), (13,9), (13,9), (13,9), (13,9), (13,9), (12,9), (11,9), (10,9), (10,9), (9,9), (9,8)]
Turtle 3 :[(-3,-3), (12,14), (11,14), (10,14), (10,14), (10,14), (10,13), (9,13), (9,13), (8,13), (-3,-3), (-3,-3)]
Turtle 4 :[(-4,-4), (13,4), (13,5), (13,6), (13,6), (13,6), (14,6), (14,6), (14,5), (14,6), (14,7), (-4,-4)]
Turtle 5 :[(-5,-5), (14,5), (14,5), (14,5), (14,5), (14,5), (14,6), (14,7), (14,7), (13,7), (-5,-5), (-5,-5)]

Shrinking Run 10
#Info# Executed steps before collision: 6, Found collision: true
Turtle 1 :[(-1,-1), (12,4), (11,4), (10,4), (10,3), (9,3), (8,3), (-1,-1), (-1,-1), (-1,-1), (-1,-1)]
Turtle 2 :[(-2,-2), (13,9), (12,9), (11,9), (10,9), (9,9), (8,9), (-2,-2), (-2,-2), (-2,-2), (-2,-2)]
Turtle 3 :[(-3,-3), (12,14), (11,14), (10,14), (10,14), (10,14), (10,13), (9,13), (9,13), (8,13), (-3,-3)]
Turtle 4 :[(-4,-4), (13,4), (13,5), (13,6), (13,6), (13,6), (14,6), (14,6), (13,6), (14,6), (14,7)]
Turtle 5 :[(-5,-5), (14,5), (14,5), (14,5), (14,5), (14,5), (14,6), (14,7), (14,7), (13,7), (-5,-5)]

Shrinking Run 11
#Info# Executed steps before collision: 6, Found collision: true
Turtle 1 :[(-1,-1), (12,4), (11,4), (10,4), (10,3), (9,3), (8,3), (-1,-1), (-1,-1), (-1,-1)]
Turtle 2 :[(-2,-2), (13,9), (12,9), (11,9), (10,9), (9,9), (8,9), (-2,-2), (-2,-2), (-2,-2)]
Turtle 3 :[(-3,-3), (12,14), (11,14), (11,13), (11,13), (11,13), (11,12), (10,12), (10,12), (10,11)]
Turtle 4 :[(-4,-4), (13,4), (13,5), (13,6), (13,6), (13,6), (14,6), (14,6), (14,7), (-4,-4)]
Turtle 5 :[(-5,-5), (14,5), (14,5), (14,5), (14,5), (14,5), (14,6), (14,7), (14,7), (13,7)]

Shrinking Run 12
#Info# Executed steps before collision: 6, Found collision: true
Turtle 1 :[(-1,-1), (12,4), (11,4), (10,4), (10,3), (9,3), (8,3), (-1,-1), (-1,-1), (-1,-1), (-1,-1)]
Turtle 2 :[(-2,-2), (13,9), (12,9), (11,9), (10,9), (9,9), (8,9), (-2,-2), (-2,-2), (-2,-2), (-2,-2)]
Turtle 3 :[(-3,-3), (12,14), (12,13), (12,12), (12,12), (12,12), (11,12), (10,12), (10,12), (10,11), (-3,-3)]
Turtle 4 :[(-4,-4), (13,4), (13,5), (13,6), (13,6), (13,6), (14,6), (14,6), (13,6), (14,6), (14,7)]
Turtle 5 :[(-5,-5), (14,5), (14,5), (14,5), (14,5), (14,5), (14,6), (14,7), (14,7), (13,7), (-5,-5)]

Shrinking Run 13
#Info# Executed steps before collision: 6, Found collision: true
Turtle 1 :[(-1,-1), (12,4), (11,4), (10,4), (10,3), (9,3), (8,3), (-1,-1), (-1,-1), (-1,-1)]
Turtle 2 :[(-2,-2), (13,9), (12,9), (11,9), (10,9), (9,9), (8,9), (-2,-2), (-2,-2), (-2,-2)]
Turtle 3 :[(-3,-3), (12,14), (12,13), (11,13), (11,13), (11,13), (10,13), (9,13), (9,13), (9,12)]
Turtle 4 :[(-4,-4), (13,4), (13,5), (13,6), (13,6), (13,6), (14,6), (14,6), (14,7), (-4,-4)]
Turtle 5 :[(-5,-5), (14,5), (14,5), (14,5), (14,5), (14,5), (14,6), (14,7), (14,7), (13,7)]

Shrinking Run 14
#Info# Executed steps before collision: 6, Found collision: true
Turtle 1 :[(-1,-1), (12,4), (11,4), (10,4), (10,3), (9,3), (8,3), (-1,-1), (-1,-1), (-1,-1), (-1,-1)]
Turtle 2 :[(-2,-2), (13,9), (12,9), (11,9), (10,9), (9,9), (8,9), (-2,-2), (-2,-2), (-2,-2), (-2,-2)]
Turtle 3 :[(-3,-3), (12,14), (11,14), (10,14), (10,14), (10,14), (9,14), (8,14), (8,14), (8,13), (-3,-3)]
Turtle 4 :[(-4,-4), (13,4), (13,5), (13,6), (13,6), (13,6), (14,6), (14,6), (14,5), (14,6), (14,7)]
Turtle 5 :[(-5,-5), (14,5), (14,5), (14,5), (14,5), (14,5), (14,6), (14,7), (14,7), (13,7), (-5,-5)]

Shrinking Run 15
#Info# Executed steps before collision: 10, Found collision: false
Turtle 1 :[(-1,-1), (12,4), (11,4), (10,4), (10,3), (9,3), (8,3), (-1,-1), (-1,-1), (-1,-1), (-1,-1)]
Turtle 2 :[(-2,-2), (13,9), (12,9), (11,9), (10,9), (9,9), (8,9), (-2,-2), (-2,-2), (-2,-2), (-2,-2)]
Turtle 3 :[(-3,-3), (12,14), (11,14), (10,14), (10,14), (10,14), (9,14), (8,14), (8,14), (7,14), (-3,-3)]
Turtle 4 :[(-4,-4), (13,4), (13,5), (13,6), (13,6), (13,6), (14,6), (14,6), (14,7), (-4,-4), (-4,-4)]
Turtle 5 :[(-5,-5), (14,5), (14,5), (14,5), (14,5), (14,5), (14,4), (14,5), (13,5), (13,6), (13,7)]

Shrinking Run 16
#Info# Executed steps before collision: 6, Found collision: true
Turtle 1 :[(-1,-1), (12,4), (11,4), (10,4), (10,3), (9,3), (8,3), (-1,-1), (-1,-1), (-1,-1), (-1,-1)]
Turtle 2 :[(-2,-2), (13,9), (12,9), (11,9), (10,9), (9,9), (8,9), (-2,-2), (-2,-2), (-2,-2), (-2,-2)]
Turtle 3 :[(-3,-3), (12,14), (11,14), (10,14), (9,14), (8,14), (8,13), (-3,-3), (-3,-3), (-3,-3), (-3,-3)]
Turtle 4 :[(-4,-4), (13,4), (13,5), (13,6), (13,6), (13,6), (14,6), (14,6), (14,5), (14,6), (14,7)]
Turtle 5 :[(-5,-5), (14,5), (14,5), (14,5), (14,5), (14,5), (14,6), (14,7), (14,7), (13,7), (-5,-5)]

Shrinking Run 17
#Info# Executed steps before collision: 9, Found collision: false
Turtle 1 :[(-1,-1), (12,4), (11,4), (10,4), (10,3), (9,3), (8,3), (-1,-1), (-1,-1), (-1,-1)]
Turtle 2 :[(-2,-2), (13,9), (12,9), (11,9), (10,9), (9,9), (8,9), (-2,-2), (-2,-2), (-2,-2)]
Turtle 3 :[(-3,-3), (12,14), (11,14), (10,14), (9,14), (8,14), (8,13), (-3,-3), (-3,-3), (-3,-3)]
Turtle 4 :[(-4,-4), (13,4), (13,4), (12,4), (12,5), (11,5), (10,5), (9,5), (-4,-4), (-4,-4)]
Turtle 5 :[(-5,-5), (14,5), (14,5), (14,5), (14,5), (14,5), (14,6), (14,7), (14,7), (13,7)]

Shrinking Run 18
#Info# Executed steps before collision: 9, Found collision: false
Turtle 1 :[(-1,-1), (12,4), (11,4), (10,4), (10,3), (9,3), (8,3), (-1,-1), (-1,-1), (-1,-1)]
Turtle 2 :[(-2,-2), (13,9), (12,9), (11,9), (10,9), (9,9), (8,9), (-2,-2), (-2,-2), (-2,-2)]
Turtle 3 :[(-3,-3), (12,14), (11,14), (10,14), (9,14), (8,14), (8,13), (-3,-3), (-3,-3), (-3,-3)]
Turtle 4 :[(-4,-4), (13,4), (13,3), (13,4), (12,4), (11,4), (11,5), (10,5), (10,6), (-4,-4)]
Turtle 5 :[(-5,-5), (14,5), (14,5), (14,5), (14,5), (14,5), (14,6), (14,7), (14,7), (13,7)]

Shrinking Run 19
#Info# Executed steps before collision: 9, Found collision: false
Turtle 1 :[(-1,-1), (12,4), (11,4), (10,4), (10,3), (9,3), (8,3), (-1,-1), (-1,-1), (-1,-1)]
Turtle 2 :[(-2,-2), (13,9), (12,9), (11,9), (10,9), (9,9), (8,9), (-2,-2), (-2,-2), (-2,-2)]
Turtle 3 :[(-3,-3), (12,14), (11,14), (10,14), (9,14), (8,14), (8,13), (-3,-3), (-3,-3), (-3,-3)]
Turtle 4 :[(-4,-4), (13,4), (13,5), (13,6), (13,6), (13,6), (12,6), (12,6), (12,7), (-4,-4)]
Turtle 5 :[(-5,-5), (14,5), (14,5), (14,5), (14,5), (14,5), (14,6), (14,7), (14,7), (13,7)]

Shrinking Run 20
#Info# Executed steps before collision: 11, Found collision: false
Turtle 1 :[(-1,-1), (12,4), (11,4), (10,4), (10,3), (9,3), (8,3), (-1,-1), (-1,-1), (-1,-1), (-1,-1), (-1,-1)]
Turtle 2 :[(-2,-2), (13,9), (12,9), (11,9), (10,9), (9,9), (8,9), (-2,-2), (-2,-2), (-2,-2), (-2,-2), (-2,-2)]
Turtle 3 :[(-3,-3), (12,14), (11,14), (10,14), (9,14), (8,14), (8,13), (-3,-3), (-3,-3), (-3,-3), (-3,-3), (-3,-3)]
Turtle 4 :[(-4,-4), (13,4), (13,4), (13,5), (13,5), (13,5), (13,6), (13,7), (-4,-4), (-4,-4), (-4,-4), (-4,-4)]
Turtle 5 :[(-5,-5), (14,5), (14,5), (14,5), (14,5), (14,5), (14,5), (14,6), (14,6), (14,7), (14,7), (13,7)]

Shrinking Run 21
#Info# Executed steps before collision: 9, Found collision: false
Turtle 1 :[(-1,-1), (12,4), (11,4), (10,4), (10,3), (9,3), (8,3), (-1,-1), (-1,-1), (-1,-1)]
Turtle 2 :[(-2,-2), (13,9), (12,9), (11,9), (10,9), (9,9), (8,9), (-2,-2), (-2,-2), (-2,-2)]
Turtle 3 :[(-3,-3), (12,14), (11,14), (10,14), (9,14), (8,14), (8,13), (-3,-3), (-3,-3), (-3,-3)]
Turtle 4 :[(-4,-4), (13,4), (13,3), (14,3), (14,2), (14,1), (14,0), (-4,-4), (-4,-4), (-4,-4)]
Turtle 5 :[(-5,-5), (14,5), (14,5), (14,5), (14,5), (14,5), (14,6), (14,7), (14,7), (13,7)]

Shrinking Run 22
#Info# Executed steps before collision: 9, Found collision: false
Turtle 1 :[(-1,-1), (12,4), (11,4), (10,4), (10,3), (9,3), (8,3), (-1,-1), (-1,-1), (-1,-1)]
Turtle 2 :[(-2,-2), (13,9), (12,9), (11,9), (10,9), (9,9), (8,9), (-2,-2), (-2,-2), (-2,-2)]
Turtle 3 :[(-3,-3), (12,14), (11,14), (10,14), (9,14), (8,14), (8,13), (-3,-3), (-3,-3), (-3,-3)]
Turtle 4 :[(-4,-4), (13,4), (13,3), (13,2), (13,2), (13,2), (14,2), (14,2), (14,1), (-4,-4)]
Turtle 5 :[(-5,-5), (14,5), (14,5), (14,5), (14,5), (14,5), (14,6), (14,7), (14,7), (13,7)]

Shrinking Run 23
#Info# Executed steps before collision: 9, Found collision: false
Turtle 1 :[(-1,-1), (12,4), (11,4), (10,4), (10,3), (9,3), (8,3), (-1,-1), (-1,-1), (-1,-1)]
Turtle 2 :[(-2,-2), (13,9), (12,9), (11,9), (10,9), (9,9), (8,9), (-2,-2), (-2,-2), (-2,-2)]
Turtle 3 :[(-3,-3), (12,14), (11,14), (10,14), (9,14), (8,14), (8,13), (-3,-3), (-3,-3), (-3,-3)]
Turtle 4 :[(-4,-4), (13,4), (13,4), (13,4), (13,4), (12,4), (13,4), (14,4), (14,5), (-4,-4)]
Turtle 5 :[(-5,-5), (14,5), (14,5), (14,5), (14,5), (14,5), (14,6), (14,7), (14,7), (13,7)]

Shrinking Run 24
#Info# Executed steps before collision: 9, Found collision: false
Turtle 1 :[(-1,-1), (12,4), (11,4), (10,4), (10,3), (9,3), (8,3), (-1,-1), (-1,-1), (-1,-1)]
Turtle 2 :[(-2,-2), (13,9), (12,9), (11,9), (10,9), (9,9), (8,9), (-2,-2), (-2,-2), (-2,-2)]
Turtle 3 :[(-3,-3), (12,14), (11,14), (10,14), (9,14), (8,14), (8,13), (-3,-3), (-3,-3), (-3,-3)]
Turtle 4 :[(-4,-4), (13,4), (13,4), (13,5), (13,5), (12,5), (12,6), (13,6), (14,6), (-4,-4)]
Turtle 5 :[(-5,-5), (14,5), (14,5), (14,5), (14,5), (14,5), (14,6), (14,7), (14,7), (13,7)]

Shrinking Run 25
#Info# Executed steps before collision: 6, Found collision: false
Turtle 1 :[(-1,-1), (12,4), (11,4), (10,4), (10,3), (9,3), (8,3)]
Turtle 2 :[(-2,-2), (13,9), (12,9), (11,9), (10,9), (9,9), (8,9)]
Turtle 3 :[(-3,-3), (12,14), (11,14), (10,14), (9,14), (8,14), (8,13)]
Turtle 4 :[(-4,-4), (13,4), (13,5), (14,5), (14,6), (14,7), (-4,-4)]
Turtle 5 :[(-5,-5), (14,5), (14,5), (13,5), (13,6), (13,7), (-5,-5)]

Shrinking Run 26
#Info# Executed steps before collision: 8, Found collision: false
Turtle 1 :[(-1,-1), (12,4), (11,4), (10,4), (10,3), (9,3), (8,3), (-1,-1), (-1,-1)]
Turtle 2 :[(-2,-2), (13,9), (12,9), (11,9), (10,9), (9,9), (8,9), (-2,-2), (-2,-2)]
Turtle 3 :[(-3,-3), (12,14), (11,14), (10,14), (9,14), (8,14), (8,13), (-3,-3), (-3,-3)]
Turtle 4 :[(-4,-4), (13,4), (13,5), (14,5), (14,6), (14,6), (14,7), (-4,-4), (-4,-4)]
Turtle 5 :[(-5,-5), (14,5), (14,5), (14,4), (14,4), (14,5), (13,5), (13,6), (13,7)]

Shrinking Run 27
#Info# Executed steps before collision: 6, Found collision: true
Turtle 1 :[(-1,-1), (12,4), (11,4), (10,4), (10,3), (9,3), (8,3), (-1,-1), (-1,-1), (-1,-1), (-1,-1)]
Turtle 2 :[(-2,-2), (13,9), (12,9), (11,9), (10,9), (9,9), (8,9), (-2,-2), (-2,-2), (-2,-2), (-2,-2)]
Turtle 3 :[(-3,-3), (12,14), (11,14), (10,14), (9,14), (8,14), (8,13), (-3,-3), (-3,-3), (-3,-3), (-3,-3)]
Turtle 4 :[(-4,-4), (13,4), (13,5), (13,6), (13,6), (13,6), (14,6), (14,7), (-4,-4), (-4,-4), (-4,-4)]
Turtle 5 :[(-5,-5), (14,5), (14,5), (14,5), (14,5), (14,5), (14,6), (14,6), (14,7), (14,7), (13,7)]

Shrinking Run 28
#Info# Executed steps before collision: 11, Found collision: false
Turtle 1 :[(-1,-1), (12,4), (11,4), (10,4), (10,3), (9,3), (8,3), (-1,-1), (-1,-1), (-1,-1), (-1,-1), (-1,-1)]
Turtle 2 :[(-2,-2), (13,9), (12,9), (11,9), (10,9), (9,9), (8,9), (-2,-2), (-2,-2), (-2,-2), (-2,-2), (-2,-2)]
Turtle 3 :[(-3,-3), (12,14), (11,14), (10,14), (9,14), (8,14), (8,13), (-3,-3), (-3,-3), (-3,-3), (-3,-3), (-3,-3)]
Turtle 4 :[(-4,-4), (13,4), (14,4), (14,5), (14,5), (14,5), (14,6), (14,7), (-4,-4), (-4,-4), (-4,-4), (-4,-4)]
Turtle 5 :[(-5,-5), (14,5), (14,5), (14,4), (14,3), (14,2), (13,2), (13,3), (13,4), (13,5), (13,6), (13,7)]

Shrinking Run 29
#Info# Executed steps before collision: 7, Found collision: false
Turtle 1 :[(-1,-1), (12,4), (11,4), (10,4), (10,3), (9,3), (8,3), (-1,-1)]
Turtle 2 :[(-2,-2), (13,9), (12,9), (11,9), (10,9), (9,9), (8,9), (-2,-2)]
Turtle 3 :[(-3,-3), (12,14), (11,14), (10,14), (9,14), (8,14), (8,13), (-3,-3)]
Turtle 4 :[(-4,-4), (13,4), (13,5), (14,5), (14,5), (14,5), (14,6), (14,7)]
Turtle 5 :[(-5,-5), (14,5), (14,5), (14,4), (13,4), (13,5), (13,6), (13,7)]

Shrinking Run 30
#Info# Executed steps before collision: 6, Found collision: true
Turtle 1 :[(-1,-1), (12,4), (11,4), (10,4), (10,3), (9,3), (8,3), (-1,-1), (-1,-1), (-1,-1), (-1,-1)]
Turtle 2 :[(-2,-2), (13,9), (12,9), (11,9), (10,9), (9,9), (8,9), (-2,-2), (-2,-2), (-2,-2), (-2,-2)]
Turtle 3 :[(-3,-3), (12,14), (11,14), (10,14), (9,14), (8,14), (8,13), (-3,-3), (-3,-3), (-3,-3), (-3,-3)]
Turtle 4 :[(-4,-4), (13,4), (13,5), (13,6), (14,6), (14,6), (14,6), (14,6), (14,6), (14,7), (-4,-4)]
Turtle 5 :[(-5,-5), (14,5), (14,5), (14,5), (14,5), (14,5), (14,6), (14,7), (14,6), (13,6), (13,7)]

Shrinking Run 31
#Info# Executed steps before collision: 6, Found collision: true
Turtle 1 :[(-1,-1), (12,4), (11,4), (10,4), (10,3), (9,3), (8,3), (-1,-1), (-1,-1), (-1,-1), (-1,-1), (-1,-1)]
Turtle 2 :[(-2,-2), (13,9), (12,9), (11,9), (10,9), (9,9), (8,9), (-2,-2), (-2,-2), (-2,-2), (-2,-2), (-2,-2)]
Turtle 3 :[(-3,-3), (12,14), (11,14), (10,14), (9,14), (8,14), (8,13), (-3,-3), (-3,-3), (-3,-3), (-3,-3), (-3,-3)]
Turtle 4 :[(-4,-4), (13,4), (13,5), (13,6), (14,6), (14,6), (14,6), (14,6), (14,7), (-4,-4), (-4,-4), (-4,-4)]
Turtle 5 :[(-5,-5), (14,5), (14,5), (14,5), (14,5), (14,5), (14,6), (13,6), (13,6), (12,6), (11,6), (10,6)]

Shrinking Run 32
#Info# Executed steps before collision: 11, Found collision: false
Turtle 1 :[(-1,-1), (12,4), (11,4), (10,4), (10,3), (9,3), (8,3), (-1,-1), (-1,-1), (-1,-1), (-1,-1), (-1,-1)]
Turtle 2 :[(-2,-2), (13,9), (12,9), (11,9), (10,9), (9,9), (8,9), (-2,-2), (-2,-2), (-2,-2), (-2,-2), (-2,-2)]
Turtle 3 :[(-3,-3), (12,14), (11,14), (10,14), (9,14), (8,14), (8,13), (-3,-3), (-3,-3), (-3,-3), (-3,-3), (-3,-3)]
Turtle 4 :[(-4,-4), (13,4), (13,5), (13,6), (14,6), (14,6), (14,6), (14,7), (-4,-4), (-4,-4), (-4,-4), (-4,-4)]
Turtle 5 :[(-5,-5), (14,5), (14,5), (14,5), (14,5), (14,5), (14,4), (14,3), (14,3), (13,3), (12,3), (11,3)]

Shrinking Run 33
#Info# Executed steps before collision: 11, Found collision: false
Turtle 1 :[(-1,-1), (12,4), (11,4), (10,4), (10,3), (9,3), (8,3), (-1,-1), (-1,-1), (-1,-1), (-1,-1), (-1,-1)]
Turtle 2 :[(-2,-2), (13,9), (12,9), (11,9), (10,9), (9,9), (8,9), (-2,-2), (-2,-2), (-2,-2), (-2,-2), (-2,-2)]
Turtle 3 :[(-3,-3), (12,14), (11,14), (10,14), (9,14), (8,14), (8,13), (-3,-3), (-3,-3), (-3,-3), (-3,-3), (-3,-3)]
Turtle 4 :[(-4,-4), (13,4), (13,5), (13,6), (14,6), (14,6), (14,6), (14,7), (-4,-4), (-4,-4), (-4,-4), (-4,-4)]
Turtle 5 :[(-5,-5), (14,5), (14,5), (14,5), (14,5), (14,5), (14,4), (13,4), (13,4), (12,4), (11,4), (10,4)]

Shrinking Run 34
#Info# Executed steps before collision: 11, Found collision: false
Turtle 1 :[(-1,-1), (12,4), (11,4), (10,4), (10,3), (9,3), (8,3), (-1,-1), (-1,-1), (-1,-1), (-1,-1), (-1,-1)]
Turtle 2 :[(-2,-2), (13,9), (12,9), (11,9), (10,9), (9,9), (8,9), (-2,-2), (-2,-2), (-2,-2), (-2,-2), (-2,-2)]
Turtle 3 :[(-3,-3), (12,14), (11,14), (10,14), (9,14), (8,14), (8,13), (-3,-3), (-3,-3), (-3,-3), (-3,-3), (-3,-3)]
Turtle 4 :[(-4,-4), (13,4), (13,5), (13,6), (14,6), (14,6), (14,6), (14,7), (-4,-4), (-4,-4), (-4,-4), (-4,-4)]
Turtle 5 :[(-5,-5), (14,5), (14,5), (14,5), (14,5), (14,5), (13,5), (12,5), (12,5), (11,5), (10,5), (9,5)]

Shrinking Run 35
#Info# Executed steps before collision: 5, Found collision: true
Turtle 1 :[(-1,-1), (12,4), (11,4), (10,4), (10,3), (9,3), (8,3), (-1,-1), (-1,-1), (-1,-1)]
Turtle 2 :[(-2,-2), (13,9), (12,9), (11,9), (10,9), (9,9), (8,9), (-2,-2), (-2,-2), (-2,-2)]
Turtle 3 :[(-3,-3), (12,14), (11,14), (10,14), (9,14), (8,14), (8,13), (-3,-3), (-3,-3), (-3,-3)]
Turtle 4 :[(-4,-4), (13,4), (13,5), (13,6), (13,5), (13,6), (14,6), (14,7), (-4,-4), (-4,-4)]
Turtle 5 :[(-5,-5), (14,5), (14,5), (14,6), (14,6), (13,6), (13,6), (12,6), (11,6), (10,6)]

Shrinking Run 36
#Info# Executed steps before collision: 8, Found collision: false
Turtle 1 :[(-1,-1), (12,4), (11,4), (10,4), (10,3), (9,3), (8,3), (-1,-1), (-1,-1)]
Turtle 2 :[(-2,-2), (13,9), (12,9), (11,9), (10,9), (9,9), (8,9), (-2,-2), (-2,-2)]
Turtle 3 :[(-3,-3), (12,14), (11,14), (10,14), (9,14), (8,14), (8,13), (-3,-3), (-3,-3)]
Turtle 4 :[(-4,-4), (13,4), (13,5), (13,6), (14,6), (14,6), (14,6), (14,7), (-4,-4)]
Turtle 5 :[(-5,-5), (14,5), (14,4), (13,4), (13,5), (12,5), (11,5), (11,6), (10,6)]

Shrinking Run 37
#Info# Executed steps before collision: 8, Found collision: false
Turtle 1 :[(-1,-1), (12,4), (11,4), (10,4), (10,3), (9,3), (8,3), (-1,-1), (-1,-1)]
Turtle 2 :[(-2,-2), (13,9), (12,9), (11,9), (10,9), (9,9), (8,9), (-2,-2), (-2,-2)]
Turtle 3 :[(-3,-3), (12,14), (11,14), (10,14), (9,14), (8,14), (8,13), (-3,-3), (-3,-3)]
Turtle 4 :[(-4,-4), (13,4), (13,5), (13,6), (14,6), (14,6), (14,6), (14,7), (-4,-4)]
Turtle 5 :[(-5,-5), (14,5), (14,6), (14,5), (13,5), (12,5), (11,5), (11,6), (10,6)]

Shrinking Run 38
#Info# Executed steps before collision: 8, Found collision: false
Turtle 1 :[(-1,-1), (12,4), (11,4), (10,4), (10,3), (9,3), (8,3), (-1,-1), (-1,-1)]
Turtle 2 :[(-2,-2), (13,9), (12,9), (11,9), (10,9), (9,9), (8,9), (-2,-2), (-2,-2)]
Turtle 3 :[(-3,-3), (12,14), (11,14), (10,14), (9,14), (8,14), (8,13), (-3,-3), (-3,-3)]
Turtle 4 :[(-4,-4), (13,4), (13,5), (13,6), (14,6), (14,6), (14,6), (14,7), (-4,-4)]
Turtle 5 :[(-5,-5), (14,5), (14,4), (13,4), (12,4), (11,4), (10,4), (10,5), (10,6)]

Shrinking Run 39
#Info# Executed steps before collision: 8, Found collision: false
Turtle 1 :[(-1,-1), (12,4), (11,4), (11,3), (10,3), (10,2), (9,2), (-1,-1), (-1,-1)]
Turtle 2 :[(-2,-2), (13,9), (12,9), (11,9), (10,9), (9,9), (8,9), (-2,-2), (-2,-2)]
Turtle 3 :[(-3,-3), (12,14), (11,14), (10,14), (9,14), (8,14), (8,13), (-3,-3), (-3,-3)]
Turtle 4 :[(-4,-4), (13,4), (13,5), (13,6), (14,6), (14,6), (14,6), (14,7), (-4,-4)]
Turtle 5 :[(-5,-5), (14,5), (14,4), (13,4), (12,4), (11,4), (11,5), (11,6), (10,6)]

Shrinking Run 40
#Info# Executed steps before collision: 8, Found collision: false
Turtle 1 :[(-1,-1), (12,4), (11,4), (10,4), (9,4), (8,4), (7,4), (-1,-1), (-1,-1)]
Turtle 2 :[(-2,-2), (13,9), (12,9), (11,9), (10,9), (9,9), (8,9), (-2,-2), (-2,-2)]
Turtle 3 :[(-3,-3), (12,14), (11,14), (10,14), (9,14), (8,14), (8,13), (-3,-3), (-3,-3)]
Turtle 4 :[(-4,-4), (13,4), (13,5), (13,6), (14,6), (14,6), (14,6), (14,7), (-4,-4)]
Turtle 5 :[(-5,-5), (14,5), (14,4), (13,4), (12,4), (12,5), (11,5), (10,5), (10,6)]

Shrinking Run 41
#Info# Executed steps before collision: 9, Found collision: false
Turtle 1 :[(-1,-1), (12,4), (11,4), (10,4), (10,3), (9,3), (8,3), (-1,-1), (-1,-1), (-1,-1)]
Turtle 2 :[(-2,-2), (13,9), (12,9), (11,9), (10,9), (9,9), (8,9), (-2,-2), (-2,-2), (-2,-2)]
Turtle 3 :[(-3,-3), (12,14), (11,14), (10,14), (10,14), (10,14), (9,14), (8,14), (8,14), (7,14)]
Turtle 4 :[(-4,-4), (13,4), (13,5), (13,6), (14,6), (14,6), (14,6), (14,7), (-4,-4), (-4,-4)]
Turtle 5 :[(-5,-5), (14,5), (14,4), (13,4), (13,5), (13,6), (12,6), (11,6), (10,6), (-5,-5)]

Shrinking Run 42
#Info# Executed steps before collision: 8, Found collision: false
Turtle 1 :[(-1,-1), (12,4), (11,4), (10,4), (10,3), (9,3), (8,3), (-1,-1), (-1,-1)]
Turtle 2 :[(-2,-2), (13,9), (12,9), (11,9), (10,9), (9,9), (8,9), (-2,-2), (-2,-2)]
Turtle 3 :[(-3,-3), (12,14), (11,14), (10,14), (9,14), (8,14), (8,13), (-3,-3), (-3,-3)]
Turtle 4 :[(-4,-4), (13,4), (13,5), (12,5), (11,5), (10,5), (9,5), (-4,-4), (-4,-4)]
Turtle 5 :[(-5,-5), (14,5), (14,4), (14,5), (13,5), (12,5), (12,6), (11,6), (10,6)]

Shrinking Run 43
#Info# Executed steps before collision: 8, Found collision: false
Turtle 1 :[(-1,-1), (12,4), (11,4), (10,4), (10,3), (9,3), (8,3), (-1,-1), (-1,-1)]
Turtle 2 :[(-2,-2), (13,9), (12,9), (11,9), (10,9), (9,9), (8,9), (-2,-2), (-2,-2)]
Turtle 3 :[(-3,-3), (12,14), (11,14), (10,14), (9,14), (8,14), (8,13), (-3,-3), (-3,-3)]
Turtle 4 :[(-4,-4), (13,4), (14,4), (14,5), (14,6), (13,6), (12,6), (11,6), (10,6)]
Turtle 5 :[(-5,-5), (14,5), (13,5), (12,5), (12,6), (11,6), (10,6), (-5,-5), (-5,-5)]

Shrinking Run 44
#Info# Executed steps before collision: 5, Found collision: true
Turtle 1 :[(-1,-1), (12,4), (11,4), (10,4), (10,3), (9,3), (8,3), (-1,-1), (-1,-1)]
Turtle 2 :[(-2,-2), (13,9), (12,9), (11,9), (10,9), (9,9), (8,9), (-2,-2), (-2,-2)]
Turtle 3 :[(-3,-3), (12,14), (11,14), (10,14), (9,14), (8,14), (8,13), (-3,-3), (-3,-3)]
Turtle 4 :[(-4,-4), (13,4), (13,5), (13,6), (13,6), (13,6), (12,6), (12,6), (12,7)]
Turtle 5 :[(-5,-5), (14,5), (14,5), (14,6), (14,6), (13,6), (12,6), (11,6), (10,6)]

Shrinking Run 45
#Info# Executed steps before collision: 5, Found collision: true
Turtle 1 :[(-1,-1), (12,4), (11,4), (10,4), (10,3), (9,3), (8,3)]
Turtle 2 :[(-2,-2), (13,9), (12,9), (11,9), (10,9), (9,9), (8,9)]
Turtle 3 :[(-3,-3), (12,14), (11,14), (10,14), (9,14), (8,14), (8,13)]
Turtle 4 :[(-4,-4), (13,4), (13,5), (12,5), (11,5), (11,6), (11,7)]
Turtle 5 :[(-5,-5), (14,5), (14,6), (13,6), (12,6), (11,6), (10,6)]

Shrinking Run 46
#Info# Executed steps before collision: 6, Found collision: false
Turtle 1 :[(-1,-1), (12,4), (11,4), (10,4), (10,3), (9,3), (8,3)]
Turtle 2 :[(-2,-2), (13,9), (12,9), (11,9), (10,9), (9,9), (8,9)]
Turtle 3 :[(-3,-3), (12,14), (11,14), (10,14), (9,14), (8,14), (8,13)]
Turtle 4 :[(-4,-4), (13,4), (13,3), (12,3), (11,3), (11,2), (11,1)]
Turtle 5 :[(-5,-5), (14,5), (13,5), (12,5), (12,6), (11,6), (10,6)]

Shrinking Run 47
#Info# Executed steps before collision: 7, Found collision: false
Turtle 1 :[(-1,-1), (12,4), (11,4), (10,4), (10,3), (9,3), (8,3), (-1,-1)]
Turtle 2 :[(-2,-2), (13,9), (12,9), (11,9), (10,9), (9,9), (8,9), (-2,-2)]
Turtle 3 :[(-3,-3), (12,14), (11,14), (10,14), (9,14), (8,14), (8,13), (-3,-3)]
Turtle 4 :[(-4,-4), (13,4), (13,4), (12,4), (12,3), (12,4), (11,4), (11,5)]
Turtle 5 :[(-5,-5), (14,5), (13,5), (12,5), (12,6), (11,6), (10,6), (-5,-5)]

Shrinking Run 48
#Info# Executed steps before collision: 10, Found collision: false
Turtle 1 :[(-1,-1), (12,4), (11,4), (10,4), (10,3), (9,3), (8,3), (-1,-1), (-1,-1), (-1,-1), (-1,-1)]
Turtle 2 :[(-2,-2), (13,9), (12,9), (11,9), (10,9), (9,9), (8,9), (-2,-2), (-2,-2), (-2,-2), (-2,-2)]
Turtle 3 :[(-3,-3), (12,14), (11,14), (10,14), (9,14), (8,14), (8,13), (-3,-3), (-3,-3), (-3,-3), (-3,-3)]
Turtle 4 :[(-4,-4), (13,4), (13,4), (12,4), (12,4), (12,5), (12,5), (12,5), (11,5), (11,5), (11,6)]
Turtle 5 :[(-5,-5), (14,5), (13,5), (12,5), (12,6), (11,6), (10,6), (-5,-5), (-5,-5), (-5,-5), (-5,-5)]

Shrinking Run 49
#Info# Executed steps before collision: 9, Found collision: false
Turtle 1 :[(-1,-1), (12,4), (11,4), (10,4), (10,3), (9,3), (8,3), (-1,-1), (-1,-1), (-1,-1)]
Turtle 2 :[(-2,-2), (13,9), (12,9), (11,9), (10,9), (9,9), (8,9), (-2,-2), (-2,-2), (-2,-2)]
Turtle 3 :[(-3,-3), (12,14), (11,14), (10,14), (9,14), (8,14), (8,13), (-3,-3), (-3,-3), (-3,-3)]
Turtle 4 :[(-4,-4), (13,4), (13,5), (12,5), (12,6), (11,6), (11,7), (-4,-4), (-4,-4), (-4,-4)]
Turtle 5 :[(-5,-5), (14,5), (14,5), (13,5), (13,4), (12,4), (11,4), (11,5), (11,6), (10,6)]

Shrinking Run 50
#Info# Executed steps before collision: 8, Found collision: false
Turtle 1 :[(-1,-1), (12,4), (11,4), (10,4), (10,3), (9,3), (8,3), (-1,-1), (-1,-1)]
Turtle 2 :[(-2,-2), (13,9), (12,9), (11,9), (10,9), (9,9), (8,9), (-2,-2), (-2,-2)]
Turtle 3 :[(-3,-3), (12,14), (11,14), (10,14), (9,14), (8,14), (8,13), (-3,-3), (-3,-3)]
Turtle 4 :[(-4,-4), (13,4), (14,4), (14,5), (13,5), (12,5), (11,5), (11,6), (11,7)]
Turtle 5 :[(-5,-5), (14,5), (13,5), (12,5), (12,6), (11,6), (10,6), (-5,-5), (-5,-5)]

Shrinking Run 51
#Info# Executed steps before collision: 11, Found collision: false
Turtle 1 :[(-1,-1), (12,4), (11,4), (10,4), (10,3), (9,3), (8,3), (-1,-1), (-1,-1), (-1,-1), (-1,-1), (-1,-1)]
Turtle 2 :[(-2,-2), (13,9), (12,9), (11,9), (10,9), (9,9), (8,9), (-2,-2), (-2,-2), (-2,-2), (-2,-2), (-2,-2)]
Turtle 3 :[(-3,-3), (12,14), (11,14), (10,14), (9,14), (8,14), (8,13), (-3,-3), (-3,-3), (-3,-3), (-3,-3), (-3,-3)]
Turtle 4 :[(-4,-4), (13,4), (13,5), (12,5), (11,5), (11,6), (11,7), (-4,-4), (-4,-4), (-4,-4), (-4,-4), (-4,-4)]
Turtle 5 :[(-5,-5), (14,5), (14,5), (14,5), (14,5), (14,5), (14,4), (14,3), (14,3), (13,3), (12,3), (11,3)]

Shrinking Run 52
#Info# Executed steps before collision: 11, Found collision: false
Turtle 1 :[(-1,-1), (12,4), (11,4), (10,4), (10,3), (9,3), (8,3), (-1,-1), (-1,-1), (-1,-1), (-1,-1), (-1,-1)]
Turtle 2 :[(-2,-2), (13,9), (12,9), (11,9), (10,9), (9,9), (8,9), (-2,-2), (-2,-2), (-2,-2), (-2,-2), (-2,-2)]
Turtle 3 :[(-3,-3), (12,14), (11,14), (10,14), (9,14), (8,14), (8,13), (-3,-3), (-3,-3), (-3,-3), (-3,-3), (-3,-3)]
Turtle 4 :[(-4,-4), (13,4), (13,5), (12,5), (11,5), (11,6), (11,7), (-4,-4), (-4,-4), (-4,-4), (-4,-4), (-4,-4)]
Turtle 5 :[(-5,-5), (14,5), (14,5), (14,5), (14,5), (14,5), (14,4), (13,4), (13,4), (12,4), (11,4), (10,4)]

Shrinking Run 53
#Info# Executed steps before collision: 11, Found collision: false
Turtle 1 :[(-1,-1), (12,4), (11,4), (10,4), (10,3), (9,3), (8,3), (-1,-1), (-1,-1), (-1,-1), (-1,-1), (-1,-1)]
Turtle 2 :[(-2,-2), (13,9), (12,9), (11,9), (10,9), (9,9), (8,9), (-2,-2), (-2,-2), (-2,-2), (-2,-2), (-2,-2)]
Turtle 3 :[(-3,-3), (12,14), (11,14), (10,14), (9,14), (8,14), (8,13), (-3,-3), (-3,-3), (-3,-3), (-3,-3), (-3,-3)]
Turtle 4 :[(-4,-4), (13,4), (13,5), (12,5), (11,5), (11,6), (11,7), (-4,-4), (-4,-4), (-4,-4), (-4,-4), (-4,-4)]
Turtle 5 :[(-5,-5), (14,5), (14,5), (14,5), (14,5), (14,5), (13,5), (12,5), (12,5), (11,5), (10,5), (9,5)]

Shrinking Run 54
#Info# Executed steps before collision: 5, Found collision: true
Turtle 1 :[(-1,-1), (12,4), (11,4), (10,4), (10,3), (9,3), (8,3), (-1,-1), (-1,-1)]
Turtle 2 :[(-2,-2), (13,9), (12,9), (11,9), (10,9), (9,9), (8,9), (-2,-2), (-2,-2)]
Turtle 3 :[(-3,-3), (12,14), (11,14), (10,14), (9,14), (8,14), (8,13), (-3,-3), (-3,-3)]
Turtle 4 :[(-4,-4), (13,4), (13,5), (12,5), (11,5), (11,6), (11,7), (-4,-4), (-4,-4)]
Turtle 5 :[(-5,-5), (14,5), (14,6), (13,6), (12,6), (11,6), (11,5), (11,6), (10,6)]

Shrinking Run 55
#Info# Executed steps before collision: 8, Found collision: false
Turtle 1 :[(-1,-1), (12,4), (11,4), (10,4), (10,3), (9,3), (8,3), (-1,-1), (-1,-1)]
Turtle 2 :[(-2,-2), (13,9), (12,9), (11,9), (10,9), (9,9), (8,9), (-2,-2), (-2,-2)]
Turtle 3 :[(-3,-3), (12,14), (11,14), (10,14), (9,14), (8,14), (8,13), (-3,-3), (-3,-3)]
Turtle 4 :[(-4,-4), (13,4), (13,5), (12,5), (11,5), (11,6), (11,7), (-4,-4), (-4,-4)]
Turtle 5 :[(-5,-5), (14,5), (14,4), (13,4), (13,5), (12,5), (12,6), (11,6), (10,6)]

Shrinking Run 56
#Info# Executed steps before collision: 8, Found collision: false
Turtle 1 :[(-1,-1), (12,4), (11,4), (11,3), (10,3), (10,2), (9,2), (-1,-1), (-1,-1)]
Turtle 2 :[(-2,-2), (13,9), (12,9), (11,9), (10,9), (9,9), (8,9), (-2,-2), (-2,-2)]
Turtle 3 :[(-3,-3), (12,14), (11,14), (10,14), (9,14), (8,14), (8,13), (-3,-3), (-3,-3)]
Turtle 4 :[(-4,-4), (13,4), (13,5), (12,5), (11,5), (11,6), (11,7), (-4,-4), (-4,-4)]
Turtle 5 :[(-5,-5), (14,5), (14,4), (13,4), (12,4), (11,4), (10,4), (10,5), (10,6)]

Shrinking Run 57
#Info# Executed steps before collision: 8, Found collision: false
Turtle 1 :[(-1,-1), (12,4), (11,4), (10,4), (9,4), (8,4), (7,4), (-1,-1), (-1,-1)]
Turtle 2 :[(-2,-2), (13,9), (12,9), (11,9), (10,9), (9,9), (8,9), (-2,-2), (-2,-2)]
Turtle 3 :[(-3,-3), (12,14), (11,14), (10,14), (9,14), (8,14), (8,13), (-3,-3), (-3,-3)]
Turtle 4 :[(-4,-4), (13,4), (13,5), (12,5), (11,5), (11,6), (11,7), (-4,-4), (-4,-4)]
Turtle 5 :[(-5,-5), (14,5), (14,4), (13,4), (13,5), (12,5), (11,5), (10,5), (10,6)]

Shrinking Run 58
#Info# Executed steps before collision: 5, Found collision: true
Turtle 1 :[(-1,-1), (12,4), (11,4), (10,4), (10,3), (9,3), (8,3), (-1,-1), (-1,-1), (-1,-1)]
Turtle 2 :[(-2,-2), (13,9), (12,9), (11,9), (10,9), (9,9), (8,9), (-2,-2), (-2,-2), (-2,-2)]
Turtle 3 :[(-3,-3), (12,14), (11,14), (10,14), (10,14), (10,14), (9,14), (8,14), (8,14), (7,14)]
Turtle 4 :[(-4,-4), (13,4), (13,5), (12,5), (11,5), (11,6), (11,7), (-4,-4), (-4,-4), (-4,-4)]
Turtle 5 :[(-5,-5), (14,5), (14,6), (13,6), (12,6), (11,6), (10,6), (-5,-5), (-5,-5), (-5,-5)]

Shrinking Run 59
#Info# Executed steps before collision: 5, Found collision: true
Turtle 1 :[(-1,-1), (12,4), (11,4), (10,4), (10,3), (9,3), (8,3)]
Turtle 2 :[(-2,-2), (13,9), (12,9), (11,9), (10,9), (9,9), (8,9)]
Turtle 3 :[(-3,-3), (12,14), (11,14), (10,14), (9,14), (8,14), (7,14)]
Turtle 4 :[(-4,-4), (13,4), (13,5), (12,5), (11,5), (11,6), (11,7)]
Turtle 5 :[(-5,-5), (14,5), (14,6), (13,6), (12,6), (11,6), (10,6)]

Shrinking Run 60
#Info# Executed steps before collision: 8, Found collision: false
Turtle 1 :[(-1,-1), (12,4), (11,4), (10,4), (10,3), (9,3), (8,3), (-1,-1), (-1,-1)]
Turtle 2 :[(-2,-2), (13,9), (12,9), (11,9), (10,9), (9,9), (8,9), (-2,-2), (-2,-2)]
Turtle 3 :[(-3,-3), (12,14), (11,14), (10,14), (9,14), (8,14), (7,14), (-3,-3), (-3,-3)]
Turtle 4 :[(-4,-4), (13,4), (13,3), (13,4), (12,4), (12,5), (11,5), (10,5), (9,5)]
Turtle 5 :[(-5,-5), (14,5), (13,5), (12,5), (12,6), (11,6), (10,6), (-5,-5), (-5,-5)]

Shrinking Run 61
#Info# Executed steps before collision: 6, Found collision: true
Turtle 1 :[(-1,-1), (12,4), (11,4), (10,4), (10,3), (9,3), (8,3)]
Turtle 2 :[(-2,-2), (13,9), (12,9), (11,9), (10,9), (9,9), (8,9)]
Turtle 3 :[(-3,-3), (12,14), (11,14), (10,14), (9,14), (8,14), (7,14)]
Turtle 4 :[(-4,-4), (13,4), (13,5), (12,5), (11,5), (10,5), (10,6)]
Turtle 5 :[(-5,-5), (14,5), (14,6), (13,6), (12,6), (11,6), (10,6)]

Shrinking Run 62
#Info# Executed steps before collision: 6, Found collision: false
Turtle 1 :[(-1,-1), (12,4), (11,4), (10,4), (10,3), (9,3), (8,3)]
Turtle 2 :[(-2,-2), (13,9), (12,9), (11,9), (10,9), (9,9), (8,9)]
Turtle 3 :[(-3,-3), (12,14), (11,14), (10,14), (9,14), (8,14), (7,14)]
Turtle 4 :[(-4,-4), (13,4), (13,3), (12,3), (11,3), (11,2), (10,2)]
Turtle 5 :[(-5,-5), (14,5), (13,5), (12,5), (12,6), (11,6), (10,6)]

Shrinking Run 63
#Info# Executed steps before collision: 8, Found collision: false
Turtle 1 :[(-1,-1), (12,4), (11,4), (10,4), (10,3), (9,3), (8,3), (-1,-1), (-1,-1)]
Turtle 2 :[(-2,-2), (13,9), (12,9), (11,9), (10,9), (9,9), (8,9), (-2,-2), (-2,-2)]
Turtle 3 :[(-3,-3), (12,14), (11,14), (10,14), (9,14), (8,14), (7,14), (-3,-3), (-3,-3)]
Turtle 4 :[(-4,-4), (13,4), (13,5), (12,5), (12,4), (12,3), (11,3), (11,2), (10,2)]
Turtle 5 :[(-5,-5), (14,5), (14,5), (14,6), (13,6), (12,6), (11,6), (10,6), (-5,-5)]

Shrinking Run 64
#Info# Executed steps before collision: 6, Found collision: false
Turtle 1 :[(-1,-1), (12,4), (11,4), (10,4), (10,3), (9,3), (8,3)]
Turtle 2 :[(-2,-2), (13,9), (12,9), (11,9), (10,9), (9,9), (8,9)]
Turtle 3 :[(-3,-3), (12,14), (11,14), (10,14), (9,14), (8,14), (7,14)]
Turtle 4 :[(-4,-4), (13,4), (13,5), (12,5), (11,5), (10,5), (-4,-4)]
Turtle 5 :[(-5,-5), (14,5), (14,6), (13,6), (12,6), (11,6), (10,6)]

Shrinking Run 65
#Info# Executed steps before collision: 11, Found collision: false
Turtle 1 :[(-1,-1), (12,4), (11,4), (10,4), (10,3), (9,3), (8,3), (-1,-1), (-1,-1), (-1,-1), (-1,-1), (-1,-1)]
Turtle 2 :[(-2,-2), (13,9), (12,9), (11,9), (10,9), (9,9), (8,9), (-2,-2), (-2,-2), (-2,-2), (-2,-2), (-2,-2)]
Turtle 3 :[(-3,-3), (12,14), (11,14), (10,14), (9,14), (8,14), (7,14), (-3,-3), (-3,-3), (-3,-3), (-3,-3), (-3,-3)]
Turtle 4 :[(-4,-4), (13,4), (13,3), (12,3), (11,3), (11,4), (10,4), (10,5), (10,6), (-4,-4), (-4,-4), (-4,-4)]
Turtle 5 :[(-5,-5), (14,5), (14,5), (14,5), (14,5), (14,5), (14,4), (14,3), (14,3), (13,3), (12,3), (11,3)]

Shrinking Run 66
#Info# Executed steps before collision: 11, Found collision: false
Turtle 1 :[(-1,-1), (12,4), (11,4), (10,4), (10,3), (9,3), (8,3), (-1,-1), (-1,-1), (-1,-1), (-1,-1), (-1,-1)]
Turtle 2 :[(-2,-2), (13,9), (12,9), (11,9), (10,9), (9,9), (8,9), (-2,-2), (-2,-2), (-2,-2), (-2,-2), (-2,-2)]
Turtle 3 :[(-3,-3), (12,14), (11,14), (10,14), (9,14), (8,14), (7,14), (-3,-3), (-3,-3), (-3,-3), (-3,-3), (-3,-3)]
Turtle 4 :[(-4,-4), (13,4), (14,4), (14,5), (14,5), (13,5), (12,5), (12,4), (12,5), (11,5), (10,5), (10,6)]
Turtle 5 :[(-5,-5), (14,5), (14,5), (13,5), (12,5), (11,5), (10,5), (10,4), (-5,-5), (-5,-5), (-5,-5), (-5,-5)]

Shrinking Run 67
#Info# Executed steps before collision: 11, Found collision: false
Turtle 1 :[(-1,-1), (12,4), (11,4), (10,4), (10,3), (9,3), (8,3), (-1,-1), (-1,-1), (-1,-1), (-1,-1), (-1,-1)]
Turtle 2 :[(-2,-2), (13,9), (12,9), (11,9), (10,9), (9,9), (8,9), (-2,-2), (-2,-2), (-2,-2), (-2,-2), (-2,-2)]
Turtle 3 :[(-3,-3), (12,14), (11,14), (10,14), (9,14), (8,14), (7,14), (-3,-3), (-3,-3), (-3,-3), (-3,-3), (-3,-3)]
Turtle 4 :[(-4,-4), (13,4), (13,3), (12,3), (12,4), (11,4), (11,5), (10,5), (10,6), (-4,-4), (-4,-4), (-4,-4)]
Turtle 5 :[(-5,-5), (14,5), (14,5), (14,5), (14,5), (14,5), (13,5), (12,5), (12,5), (11,5), (10,5), (9,5)]

Shrinking Run 68
#Info# Executed steps before collision: 8, Found collision: false
Turtle 1 :[(-1,-1), (12,4), (11,4), (10,4), (10,3), (9,3), (8,3), (-1,-1), (-1,-1)]
Turtle 2 :[(-2,-2), (13,9), (12,9), (11,9), (10,9), (9,9), (8,9), (-2,-2), (-2,-2)]
Turtle 3 :[(-3,-3), (12,14), (11,14), (10,14), (9,14), (8,14), (7,14), (-3,-3), (-3,-3)]
Turtle 4 :[(-4,-4), (13,4), (13,5), (12,5), (12,6), (11,6), (10,6), (-4,-4), (-4,-4)]
Turtle 5 :[(-5,-5), (14,5), (14,4), (13,4), (12,4), (11,4), (11,5), (10,5), (10,6)]

Shrinking Run 69
#Info# Executed steps before collision: 8, Found collision: false
Turtle 1 :[(-1,-1), (12,4), (11,4), (11,3), (10,3), (10,2), (9,2), (-1,-1), (-1,-1)]
Turtle 2 :[(-2,-2), (13,9), (12,9), (11,9), (10,9), (9,9), (8,9), (-2,-2), (-2,-2)]
Turtle 3 :[(-3,-3), (12,14), (11,14), (10,14), (9,14), (8,14), (7,14), (-3,-3), (-3,-3)]
Turtle 4 :[(-4,-4), (13,4), (13,3), (13,4), (12,4), (12,5), (11,5), (11,6), (10,6)]
Turtle 5 :[(-5,-5), (14,5), (13,5), (12,5), (12,6), (11,6), (10,6), (-5,-5), (-5,-5)]

Shrink Run 70
#Info# Executed steps before collision: 7, Found collision: false
Turtle 1 :[(-1,-1), (12,4), (11,4), (10,4), (9,4), (8,4), (7,4), (-1,-1)]
Turtle 2 :[(-2,-2), (13,9), (12,9), (11,9), (10,9), (9,9), (8,9), (-2,-2)]
Turtle 3 :[(-3,-3), (12,14), (11,14), (10,14), (9,14), (8,14), (7,14), (-3,-3)]
Turtle 4 :[(-4,-4), (13,4), (13,4), (12,4), (11,4), (10,4), (10,5), (10,6)]
Turtle 5 :[(-5,-5), (14,5), (13,5), (12,5), (12,6), (11,6), (10,6), (-5,-5)]

