Detection Run 1
#Info# Executed steps before collision: 6, Found collision: false
Turtle 1 :[(-1,-1), (12,6), (13,6), (13,5), (14,5), (14,4), (15,4)]
Turtle 2 :[(-2,-2), (15,4), (15,5), (16,5), (16,6), (16,7), (16,8)]
Turtle 3 :[(-3,-3), (0,5), (0,6), (0,7), (0,8), (-3,-3), (-3,-3)]
Turtle 4 :[(-4,-4), (12,19), (12,19), (11,19), (10,19), (9,19), (8,19)]
Turtle 5 :[(-5,-5), (2,5), (2,4), (3,4), (3,3), (4,3), (-5,-5)]

Detection Run 2
#Info# Executed steps before collision: 6, Found collision: false
Turtle 1 :[(-1,-1), (3,10), (2,10), (1,10), (0,10), (-1,-1), (-1,-1)]
Turtle 2 :[(-2,-2), (3,7), (3,8), (3,9), (3,10), (2,10), (1,10)]
Turtle 3 :[(-3,-3), (1,18), (1,17), (1,16), (-3,-3), (-3,-3), (-3,-3)]
Turtle 4 :[(-4,-4), (17,11), (18,11), (18,10), (19,10), (19,9), (19,8)]
Turtle 5 :[(-5,-5), (12,8), (12,7), (12,8), (12,7), (-5,-5), (-5,-5)]

Detection Run 3
#Info# Executed steps before collision: 6, Found collision: false
Turtle 1 :[(-1,-1), (15,18), (16,18), (16,17), (-1,-1), (-1,-1), (-1,-1)]
Turtle 2 :[(-2,-2), (4,3), (5,3), (6,3), (6,4), (7,4), (8,4)]
Turtle 3 :[(-3,-3), (8,2), (9,2), (10,2), (10,1), (10,0), (11,0)]
Turtle 4 :[(-4,-4), (8,3), (8,4), (8,5), (8,6), (8,7), (8,8)]
Turtle 5 :[(-5,-5), (18,14), (17,14), (16,14), (16,13), (15,13), (14,13)]

Detection Run 4
#Info# Executed steps before collision: 8, Found collision: false
Turtle 1 :[(-1,-1), (12,13), (13,13), (14,13), (14,12), (15,12), (15,11), (16,11), (16,12)]
Turtle 2 :[(-2,-2), (6,5), (6,4), (6,3), (6,4), (5,4), (4,4), (-2,-2), (-2,-2)]
Turtle 3 :[(-3,-3), (19,11), (18,11), (17,11), (16,11), (16,12), (15,12), (-3,-3), (-3,-3)]
Turtle 4 :[(-4,-4), (0,15), (0,16), (-4,-4), (-4,-4), (-4,-4), (-4,-4), (-4,-4), (-4,-4)]
Turtle 5 :[(-5,-5), (0,8), (0,7), (1,7), (2,7), (3,7), (4,7), (-5,-5), (-5,-5)]

Detection Run 5
#Info# Executed steps before collision: 8, Found collision: false
Turtle 1 :[(-1,-1), (9,5), (9,4), (9,5), (8,5), (8,4), (8,3), (8,2), (7,2)]
Turtle 2 :[(-2,-2), (16,19), (16,18), (17,18), (18,18), (19,18), (19,18), (-2,-2), (-2,-2)]
Turtle 3 :[(-3,-3), (10,3), (9,3), (9,4), (9,5), (8,5), (7,5), (-3,-3), (-3,-3)]
Turtle 4 :[(-4,-4), (13,17), (12,17), (12,18), (12,19), (12,19), (11,19), (-4,-4), (-4,-4)]
Turtle 5 :[(-5,-5), (17,1), (16,1), (15,1), (14,1), (13,1), (12,1), (-5,-5), (-5,-5)]

Detection Run 6
#Info# Executed steps before collision: 6, Found collision: false
Turtle 1 :[(-1,-1), (11,11), (11,10), (10,10), (10,9), (-1,-1), (-1,-1)]
Turtle 2 :[(-2,-2), (9,6), (9,5), (8,5), (7,5), (7,4), (6,4)]
Turtle 3 :[(-3,-3), (16,4), (16,3), (16,2), (15,2), (-3,-3), (-3,-3)]
Turtle 4 :[(-4,-4), (2,17), (2,16), (2,15), (2,14), (3,14), (3,13)]
Turtle 5 :[(-5,-5), (8,6), (9,6), (10,6), (11,6), (11,7), (12,7)]

Detection Run 7
#Info# Executed steps before collision: 6, Found collision: false
Turtle 1 :[(-1,-1), (7,9), (7,10), (8,10), (8,11), (8,12), (8,13)]
Turtle 2 :[(-2,-2), (6,9), (6,8), (7,8), (7,7), (8,7), (9,7)]
Turtle 3 :[(-3,-3), (1,18), (1,17), (0,17), (0,16), (0,15), (-3,-3)]
Turtle 4 :[(-4,-4), (14,10), (14,9), (14,10), (14,9), (-4,-4), (-4,-4)]
Turtle 5 :[(-5,-5), (0,5), (1,5), (0,5), (0,6), (-5,-5), (-5,-5)]

Detection Run 8
#Info# Executed steps before collision: 9, Found collision: false
Turtle 1 :[(-1,-1), (10,15), (9,15), (10,15), (9,15), (8,15), (-1,-1), (-1,-1), (-1,-1), (-1,-1)]
Turtle 2 :[(-2,-2), (3,13), (3,14), (3,15), (3,16), (2,16), (-2,-2), (-2,-2), (-2,-2), (-2,-2)]
Turtle 3 :[(-3,-3), (2,7), (2,8), (3,8), (4,8), (5,8), (6,8), (-3,-3), (-3,-3), (-3,-3)]
Turtle 4 :[(-4,-4), (8,16), (8,17), (8,16), (8,17), (8,16), (7,16), (8,16), (8,15), (8,14)]
Turtle 5 :[(-5,-5), (14,10), (15,10), (15,11), (15,12), (16,12), (16,13), (-5,-5), (-5,-5), (-5,-5)]

Detection Run 9
#Info# Executed steps before collision: 9, Found collision: false
Turtle 1 :[(-1,-1), (19,15), (19,15), (19,14), (19,13), (-1,-1), (-1,-1), (-1,-1), (-1,-1), (-1,-1)]
Turtle 2 :[(-2,-2), (13,6), (13,5), (13,4), (13,3), (-2,-2), (-2,-2), (-2,-2), (-2,-2), (-2,-2)]
Turtle 3 :[(-3,-3), (0,9), (1,9), (1,10), (2,10), (3,10), (-3,-3), (-3,-3), (-3,-3), (-3,-3)]
Turtle 4 :[(-4,-4), (-4,-4), (-4,-4), (-4,-4), (19,15), (19,16), (19,17), (19,18), (19,19), (19,19)]
Turtle 5 :[(-5,-5), (11,14), (11,13), (12,13), (12,12), (12,11), (13,11), (-5,-5), (-5,-5), (-5,-5)]

Detection Run 10
#Info# Executed steps before collision: 6, Found collision: false
Turtle 1 :[(-1,-1), (7,19), (7,18), (8,18), (8,17), (9,17), (10,17)]
Turtle 2 :[(-2,-2), (9,0), (10,0), (11,0), (12,0), (13,0), (14,0)]
Turtle 3 :[(-3,-3), (0,11), (0,12), (0,13), (0,14), (0,15), (0,16)]
Turtle 4 :[(-4,-4), (8,2), (9,2), (9,1), (10,1), (11,1), (11,0)]
Turtle 5 :[(-5,-5), (3,18), (4,18), (5,18), (5,19), (-5,-5), (-5,-5)]

Detection Run 11
#Info# Executed steps before collision: 7, Found collision: false
Turtle 1 :[(-1,-1), (6,2), (6,3), (6,2), (6,2), (6,2), (7,2), (-1,-1)]
Turtle 2 :[(-2,-2), (13,11), (13,12), (13,13), (14,13), (-2,-2), (-2,-2), (-2,-2)]
Turtle 3 :[(-3,-3), (7,2), (8,2), (8,1), (8,0), (9,0), (-3,-3), (-3,-3)]
Turtle 4 :[(-4,-4), (0,18), (0,19), (1,19), (-4,-4), (-4,-4), (-4,-4), (-4,-4)]
Turtle 5 :[(-5,-5), (11,7), (12,7), (13,7), (13,7), (13,8), (13,9), (13,10)]

Detection Run 12
#Info# Executed steps before collision: 6, Found collision: false
Turtle 1 :[(-1,-1), (17,4), (17,5), (18,5), (-1,-1), (-1,-1), (-1,-1)]
Turtle 2 :[(-2,-2), (12,7), (11,7), (11,6), (11,5), (10,5), (9,5)]
Turtle 3 :[(-3,-3), (11,6), (10,6), (10,5), (9,5), (8,5), (7,5)]
Turtle 4 :[(-4,-4), (16,1), (17,1), (18,1), (19,1), (19,1), (-4,-4)]
Turtle 5 :[(-5,-5), (13,12), (14,12), (14,11), (14,10), (15,10), (15,9)]

Fault Detection Run 13
#Info# Executed steps before collision: 3, Found collision: true
Turtle 1 :[(-1,-1), (5,19), (5,19), (5,19), (6,19), (7,19), (7,19), (8,19), (-1,-1)]
Turtle 2 :[(-2,-2), (3,17), (4,17), (4,16), (4,15), (4,14), (4,13), (-2,-2), (-2,-2)]
Turtle 3 :[(-3,-3), (19,3), (19,2), (19,1), (19,1), (19,0), (-3,-3), (-3,-3), (-3,-3)]
Turtle 4 :[(-4,-4), (12,11), (12,10), (12,9), (12,8), (13,8), (14,8), (-4,-4), (-4,-4)]
Turtle 5 :[(-5,-5), (3,15), (3,16), (4,16), (4,15), (5,15), (6,15), (6,16), (6,17)]

