Shrinking Run 1
#Info# Executed steps before collision: 4, Found collision: true
Turtle 1 :[(-1,-1), (15,28), (15,28), (14,28), (14,28), (14,28), (13,28), (13,27), (12,27), (12,27), (11,27)]
Turtle 2 :[(-2,-2), (41,33), (41,34), (42,34), (43,34), (43,35), (43,35), (43,36), (-2,-2), (-2,-2), (-2,-2)]
Turtle 3 :[(-3,-3), (44,16), (44,17), (43,17), (42,17), (43,17), (42,17), (41,17), (41,18), (-3,-3), (-3,-3)]
Turtle 4 :[(-4,-4), (41,17), (41,17), (41,17), (42,17), (42,17), (42,17), (43,17), (43,16), (43,15), (43,14)]
Turtle 5 :[(-5,-5), (6,8), (5,8), (5,9), (5,10), (4,10), (4,11), (-5,-5), (-5,-5), (-5,-5), (-5,-5)]

Shrinking Run 2
#Info# Executed steps before collision: 4, Found collision: true
Turtle 1 :[(-1,-1), (15,28), (15,28), (14,28), (14,28), (14,28), (13,28), (13,27), (12,27), (12,27), (12,26)]
Turtle 2 :[(-2,-2), (41,33), (41,34), (42,34), (43,34), (43,35), (43,35), (43,36), (-2,-2), (-2,-2), (-2,-2)]
Turtle 3 :[(-3,-3), (44,16), (44,17), (43,17), (42,17), (43,17), (42,17), (42,18), (41,18), (-3,-3), (-3,-3)]
Turtle 4 :[(-4,-4), (41,17), (41,17), (41,17), (42,17), (42,16), (42,15), (42,14), (43,14), (-4,-4), (-4,-4)]
Turtle 5 :[(-5,-5), (6,8), (5,8), (5,9), (5,10), (4,10), (4,11), (-5,-5), (-5,-5), (-5,-5), (-5,-5)]

Shrinking Run 3
#Info# Executed steps before collision: 10, Found collision: false
Turtle 1 :[(-1,-1), (15,28), (15,28), (14,28), (14,28), (14,28), (13,28), (12,28), (11,28), (11,28), (11,27)]
Turtle 2 :[(-2,-2), (41,33), (41,34), (42,34), (43,34), (43,35), (43,35), (43,36), (-2,-2), (-2,-2), (-2,-2)]
Turtle 3 :[(-3,-3), (44,16), (44,17), (43,17), (42,17), (42,17), (42,17), (42,18), (42,18), (41,18), (-3,-3)]
Turtle 4 :[(-4,-4), (41,17), (41,17), (41,17), (41,18), (41,17), (41,16), (42,16), (42,15), (43,15), (43,14)]
Turtle 5 :[(-5,-5), (6,8), (5,8), (5,9), (5,10), (4,10), (4,11), (-5,-5), (-5,-5), (-5,-5), (-5,-5)]

Shrinking Run 4
#Info# Executed steps before collision: 4, Found collision: true
Turtle 1 :[(-1,-1), (15,28), (14,28), (13,28), (13,27), (12,27), (11,27), (-1,-1), (-1,-1), (-1,-1), (-1,-1)]
Turtle 2 :[(-2,-2), (41,33), (41,34), (42,34), (43,34), (43,35), (43,35), (43,36), (-2,-2), (-2,-2), (-2,-2)]
Turtle 3 :[(-3,-3), (44,16), (44,17), (43,17), (42,17), (42,16), (42,17), (41,17), (41,18), (-3,-3), (-3,-3)]
Turtle 4 :[(-4,-4), (41,17), (41,17), (41,17), (42,17), (42,17), (42,17), (43,17), (43,16), (43,15), (43,14)]
Turtle 5 :[(-5,-5), (6,8), (5,8), (5,9), (5,10), (4,10), (4,11), (-5,-5), (-5,-5), (-5,-5), (-5,-5)]

Shrinking Run 5
#Info# Executed steps before collision: 4, Found collision: true
Turtle 1 :[(-1,-1), (15,28), (14,28), (13,28), (12,28), (12,27), (11,27), (-1,-1), (-1,-1), (-1,-1), (-1,-1)]
Turtle 2 :[(-2,-2), (41,33), (41,34), (42,34), (43,34), (43,35), (43,35), (43,36), (-2,-2), (-2,-2), (-2,-2)]
Turtle 3 :[(-3,-3), (44,16), (44,17), (43,17), (42,17), (43,17), (42,17), (42,18), (41,18), (-3,-3), (-3,-3)]
Turtle 4 :[(-4,-4), (41,17), (41,17), (41,17), (42,17), (42,17), (42,17), (43,17), (43,16), (43,15), (43,14)]
Turtle 5 :[(-5,-5), (6,8), (5,8), (5,9), (5,10), (4,10), (4,11), (-5,-5), (-5,-5), (-5,-5), (-5,-5)]

Shrinking Run 6
#Info# Executed steps before collision: 4, Found collision: true
Turtle 1 :[(-1,-1), (15,28), (14,28), (13,28), (13,27), (12,27), (11,27), (-1,-1), (-1,-1), (-1,-1), (-1,-1)]
Turtle 2 :[(-2,-2), (41,33), (41,34), (40,34), (39,34), (39,35), (39,35), (39,36), (-2,-2), (-2,-2), (-2,-2)]
Turtle 3 :[(-3,-3), (44,16), (44,17), (43,17), (42,17), (42,17), (42,17), (42,17), (42,18), (42,18), (41,18)]
Turtle 4 :[(-4,-4), (41,17), (41,17), (41,17), (42,17), (42,17), (42,17), (43,17), (43,16), (43,15), (43,14)]
Turtle 5 :[(-5,-5), (6,8), (5,8), (5,9), (5,10), (4,10), (4,11), (-5,-5), (-5,-5), (-5,-5), (-5,-5)]

Shrinking Run 7
#Info# Executed steps before collision: 4, Found collision: true
Turtle 1 :[(-1,-1), (15,28), (14,28), (13,28), (13,27), (12,27), (11,27), (-1,-1), (-1,-1), (-1,-1), (-1,-1)]
Turtle 2 :[(-2,-2), (41,33), (41,32), (40,32), (39,32), (39,31), (39,31), (39,30), (-2,-2), (-2,-2), (-2,-2)]
Turtle 3 :[(-3,-3), (44,16), (44,17), (43,17), (42,17), (42,17), (42,17), (42,17), (42,18), (42,18), (41,18)]
Turtle 4 :[(-4,-4), (41,17), (41,17), (41,17), (42,17), (42,17), (42,17), (43,17), (43,16), (43,15), (43,14)]
Turtle 5 :[(-5,-5), (6,8), (5,8), (5,9), (5,10), (4,10), (4,11), (-5,-5), (-5,-5), (-5,-5), (-5,-5)]

Shrinking Run 8
#Info# Executed steps before collision: 10, Found collision: false
Turtle 1 :[(-1,-1), (15,28), (14,28), (13,28), (13,27), (12,27), (11,27), (-1,-1), (-1,-1), (-1,-1), (-1,-1)]
Turtle 2 :[(-2,-2), (41,33), (40,33), (39,33), (38,33), (38,32), (38,32), (38,31), (-2,-2), (-2,-2), (-2,-2)]
Turtle 3 :[(-3,-3), (44,16), (44,17), (43,17), (42,17), (42,17), (42,17), (42,18), (42,18), (41,18), (-3,-3)]
Turtle 4 :[(-4,-4), (41,17), (41,17), (41,17), (41,18), (41,17), (41,16), (42,16), (42,15), (43,15), (43,14)]
Turtle 5 :[(-5,-5), (6,8), (5,8), (5,9), (5,10), (4,10), (4,11), (-5,-5), (-5,-5), (-5,-5), (-5,-5)]

Shrinking Run 9
#Info# Executed steps before collision: 4, Found collision: true
Turtle 1 :[(-1,-1), (15,28), (14,28), (13,28), (13,27), (12,27), (11,27), (-1,-1), (-1,-1), (-1,-1), (-1,-1)]
Turtle 2 :[(-2,-2), (41,33), (41,32), (40,32), (39,32), (38,32), (38,32), (38,31), (-2,-2), (-2,-2), (-2,-2)]
Turtle 3 :[(-3,-3), (44,16), (44,17), (43,17), (42,17), (42,17), (42,17), (42,17), (42,18), (42,18), (41,18)]
Turtle 4 :[(-4,-4), (41,17), (41,17), (41,17), (42,17), (42,17), (42,17), (43,17), (43,16), (43,15), (43,14)]
Turtle 5 :[(-5,-5), (6,8), (5,8), (5,9), (5,10), (4,10), (4,11), (-5,-5), (-5,-5), (-5,-5), (-5,-5)]

Shrinking Run 10
#Info# Executed steps before collision: 5, Found collision: true
Turtle 1 :[(-1,-1), (15,28), (14,28), (13,28), (13,27), (12,27), (11,27), (-1,-1), (-1,-1), (-1,-1), (-1,-1)]
Turtle 2 :[(-2,-2), (41,33), (41,32), (40,32), (39,32), (38,32), (38,32), (37,32), (-2,-2), (-2,-2), (-2,-2)]
Turtle 3 :[(-3,-3), (44,16), (44,17), (43,17), (42,17), (42,17), (42,17), (42,18), (42,18), (41,18), (-3,-3)]
Turtle 4 :[(-4,-4), (41,17), (41,17), (41,17), (41,17), (42,17), (42,17), (43,17), (43,16), (43,15), (43,14)]
Turtle 5 :[(-5,-5), (6,8), (5,8), (5,9), (5,10), (4,10), (4,11), (-5,-5), (-5,-5), (-5,-5), (-5,-5)]

Shrinking Run 11
#Info# Executed steps before collision: 9, Found collision: false
Turtle 1 :[(-1,-1), (15,28), (14,28), (13,28), (13,27), (12,27), (11,27), (-1,-1), (-1,-1), (-1,-1)]
Turtle 2 :[(-2,-2), (41,33), (41,32), (40,32), (39,32), (38,32), (37,32), (-2,-2), (-2,-2), (-2,-2)]
Turtle 3 :[(-3,-3), (44,16), (44,17), (43,17), (42,17), (42,17), (42,17), (42,18), (42,18), (41,18)]
Turtle 4 :[(-4,-4), (41,17), (41,17), (41,17), (41,16), (42,16), (42,15), (43,15), (43,14), (-4,-4)]
Turtle 5 :[(-5,-5), (6,8), (5,8), (5,9), (5,10), (4,10), (4,11), (-5,-5), (-5,-5), (-5,-5)]

Shrinking Run 12
#Info# Executed steps before collision: 13, Found collision: false
Turtle 1 :[(-1,-1), (15,28), (14,28), (13,28), (13,27), (12,27), (11,27), (-1,-1), (-1,-1), (-1,-1), (-1,-1), (-1,-1), (-1,-1), (-1,-1)]
Turtle 2 :[(-2,-2), (41,33), (41,32), (40,32), (39,32), (38,32), (38,32), (37,32), (-2,-2), (-2,-2), (-2,-2), (-2,-2), (-2,-2), (-2,-2)]
Turtle 3 :[(-3,-3), (44,16), (43,16), (42,16), (41,16), (41,16), (41,16), (41,17), (41,17), (40,17), (-3,-3), (-3,-3), (-3,-3), (-3,-3)]
Turtle 4 :[(-4,-4), (41,17), (41,17), (41,17), (42,17), (42,17), (41,17), (41,18), (42,18), (43,18), (43,17), (43,16), (43,15), (43,14)]
Turtle 5 :[(-5,-5), (6,8), (5,8), (5,9), (5,10), (4,10), (4,11), (-5,-5), (-5,-5), (-5,-5), (-5,-5), (-5,-5), (-5,-5), (-5,-5)]

Shrinking Run 13
#Info# Executed steps before collision: 10, Found collision: false
Turtle 1 :[(-1,-1), (15,28), (14,28), (13,28), (13,27), (12,27), (11,27), (-1,-1), (-1,-1), (-1,-1), (-1,-1)]
Turtle 2 :[(-2,-2), (41,33), (41,32), (40,32), (39,32), (38,32), (38,32), (37,32), (-2,-2), (-2,-2), (-2,-2)]
Turtle 3 :[(-3,-3), (44,16), (44,15), (43,15), (42,15), (42,15), (42,15), (42,14), (42,14), (41,14), (-3,-3)]
Turtle 4 :[(-4,-4), (41,17), (41,17), (41,17), (42,17), (42,17), (42,17), (43,17), (43,16), (43,15), (43,14)]
Turtle 5 :[(-5,-5), (6,8), (5,8), (5,9), (5,10), (4,10), (4,11), (-5,-5), (-5,-5), (-5,-5), (-5,-5)]

Shrinking Run 14
#Info# Executed steps before collision: 10, Found collision: false
Turtle 1 :[(-1,-1), (15,28), (14,28), (13,28), (13,27), (12,27), (11,27), (-1,-1), (-1,-1), (-1,-1), (-1,-1)]
Turtle 2 :[(-2,-2), (41,33), (41,32), (40,32), (39,32), (38,32), (38,32), (37,32), (-2,-2), (-2,-2), (-2,-2)]
Turtle 3 :[(-3,-3), (44,16), (43,16), (42,16), (41,16), (41,16), (41,16), (40,16), (40,16), (40,17), (-3,-3)]
Turtle 4 :[(-4,-4), (41,17), (41,17), (41,17), (42,17), (42,17), (42,17), (43,17), (43,16), (43,15), (43,14)]
Turtle 5 :[(-5,-5), (6,8), (5,8), (5,9), (5,10), (4,10), (4,11), (-5,-5), (-5,-5), (-5,-5), (-5,-5)]

Shrinking Run 15
#Info# Executed steps before collision: 4, Found collision: true
Turtle 1 :[(-1,-1), (15,28), (14,28), (13,28), (13,27), (12,27), (11,27), (-1,-1), (-1,-1), (-1,-1), (-1,-1)]
Turtle 2 :[(-2,-2), (41,33), (41,32), (40,32), (39,32), (38,32), (38,32), (37,32), (-2,-2), (-2,-2), (-2,-2)]
Turtle 3 :[(-3,-3), (44,16), (44,17), (43,17), (42,17), (42,16), (42,17), (41,17), (40,17), (-3,-3), (-3,-3)]
Turtle 4 :[(-4,-4), (41,17), (41,17), (41,17), (42,17), (42,17), (42,17), (43,17), (43,16), (43,15), (43,14)]
Turtle 5 :[(-5,-5), (6,8), (5,8), (5,9), (5,10), (4,10), (4,11), (-5,-5), (-5,-5), (-5,-5), (-5,-5)]

Shrinking Run 16
#Info# Executed steps before collision: 4, Found collision: true
Turtle 1 :[(-1,-1), (15,28), (14,28), (13,28), (13,27), (12,27), (11,27), (-1,-1), (-1,-1), (-1,-1), (-1,-1)]
Turtle 2 :[(-2,-2), (41,33), (41,32), (40,32), (39,32), (38,32), (38,32), (37,32), (-2,-2), (-2,-2), (-2,-2)]
Turtle 3 :[(-3,-3), (44,16), (43,16), (43,17), (42,17), (41,17), (40,17), (-3,-3), (-3,-3), (-3,-3), (-3,-3)]
Turtle 4 :[(-4,-4), (41,17), (41,17), (41,17), (42,17), (42,17), (42,17), (43,17), (43,16), (43,15), (43,14)]
Turtle 5 :[(-5,-5), (6,8), (5,8), (5,9), (5,10), (4,10), (4,11), (-5,-5), (-5,-5), (-5,-5), (-5,-5)]

Shrinking Run 17
#Info# Executed steps before collision: 11, Found collision: false
Turtle 1 :[(-1,-1), (15,28), (14,28), (13,28), (13,27), (12,27), (11,27), (-1,-1), (-1,-1), (-1,-1), (-1,-1), (-1,-1)]
Turtle 2 :[(-2,-2), (41,33), (41,32), (40,32), (39,32), (38,32), (38,32), (37,32), (-2,-2), (-2,-2), (-2,-2), (-2,-2)]
Turtle 3 :[(-3,-3), (44,16), (43,16), (42,16), (41,16), (41,17), (40,17), (-3,-3), (-3,-3), (-3,-3), (-3,-3), (-3,-3)]
Turtle 4 :[(-4,-4), (41,17), (41,17), (41,17), (42,17), (42,17), (42,17), (42,17), (43,17), (43,16), (43,15), (43,14)]
Turtle 5 :[(-5,-5), (6,8), (5,8), (5,9), (5,10), (4,10), (4,11), (-5,-5), (-5,-5), (-5,-5), (-5,-5), (-5,-5)]

Shrinking Run 18
#Info# Executed steps before collision: 10, Found collision: false
Turtle 1 :[(-1,-1), (15,28), (14,28), (13,28), (13,27), (12,27), (11,27), (-1,-1), (-1,-1), (-1,-1), (-1,-1)]
Turtle 2 :[(-2,-2), (41,33), (41,32), (40,32), (39,32), (38,32), (38,32), (37,32), (-2,-2), (-2,-2), (-2,-2)]
Turtle 3 :[(-3,-3), (44,16), (43,16), (42,16), (41,16), (41,16), (41,17), (40,17), (-3,-3), (-3,-3), (-3,-3)]
Turtle 4 :[(-4,-4), (41,17), (41,17), (41,17), (42,17), (42,17), (42,17), (43,17), (43,16), (43,15), (43,14)]
Turtle 5 :[(-5,-5), (6,8), (5,8), (5,9), (5,10), (4,10), (4,11), (-5,-5), (-5,-5), (-5,-5), (-5,-5)]

Shrinking Run 19
#Info# Executed steps before collision: 4, Found collision: true
Turtle 1 :[(-1,-1), (15,28), (14,28), (13,28), (13,27), (12,27), (11,27), (-1,-1), (-1,-1), (-1,-1), (-1,-1), (-1,-1)]
Turtle 2 :[(-2,-2), (41,33), (41,32), (40,32), (39,32), (38,32), (38,32), (37,32), (-2,-2), (-2,-2), (-2,-2), (-2,-2)]
Turtle 3 :[(-3,-3), (44,16), (43,16), (43,17), (42,17), (42,16), (41,16), (40,16), (40,17), (-3,-3), (-3,-3), (-3,-3)]
Turtle 4 :[(-4,-4), (41,17), (41,17), (41,17), (42,17), (42,17), (42,18), (43,18), (43,17), (43,16), (43,15), (43,14)]
Turtle 5 :[(-5,-5), (6,8), (5,8), (5,9), (5,10), (4,10), (4,11), (-5,-5), (-5,-5), (-5,-5), (-5,-5), (-5,-5)]

Shrinking Run 20
#Info# Executed steps before collision: 10, Found collision: false
Turtle 1 :[(-1,-1), (15,28), (14,28), (13,28), (13,27), (12,27), (11,27), (-1,-1), (-1,-1), (-1,-1), (-1,-1)]
Turtle 2 :[(-2,-2), (41,33), (41,32), (40,32), (39,32), (38,32), (38,32), (37,32), (-2,-2), (-2,-2), (-2,-2)]
Turtle 3 :[(-3,-3), (44,16), (43,16), (42,16), (41,16), (41,16), (41,16), (41,17), (40,17), (-3,-3), (-3,-3)]
Turtle 4 :[(-4,-4), (41,17), (41,17), (41,17), (42,17), (42,17), (42,17), (43,17), (43,16), (43,15), (43,14)]
Turtle 5 :[(-5,-5), (6,8), (5,8), (5,9), (5,10), (4,10), (4,11), (-5,-5), (-5,-5), (-5,-5), (-5,-5)]

Shrinking Run 21
#Info# Executed steps before collision: 4, Found collision: true
Turtle 1 :[(-1,-1), (15,28), (14,28), (13,28), (13,27), (12,27), (11,27), (-1,-1), (-1,-1), (-1,-1), (-1,-1)]
Turtle 2 :[(-2,-2), (41,33), (41,32), (40,32), (39,32), (38,32), (38,32), (37,32), (-2,-2), (-2,-2), (-2,-2)]
Turtle 3 :[(-3,-3), (44,16), (43,16), (43,17), (42,17), (41,17), (42,17), (41,17), (40,17), (-3,-3), (-3,-3)]
Turtle 4 :[(-4,-4), (41,17), (41,17), (41,17), (42,17), (42,17), (42,17), (43,17), (43,16), (43,15), (43,14)]
Turtle 5 :[(-5,-5), (6,8), (5,8), (5,9), (5,10), (4,10), (4,11), (-5,-5), (-5,-5), (-5,-5), (-5,-5)]

Shrinking Run 22
#Info# Executed steps before collision: 10, Found collision: false
Turtle 1 :[(-1,-1), (15,28), (14,28), (13,28), (13,27), (12,27), (11,27), (-1,-1), (-1,-1), (-1,-1), (-1,-1)]
Turtle 2 :[(-2,-2), (41,33), (41,32), (40,32), (39,32), (38,32), (38,32), (37,32), (-2,-2), (-2,-2), (-2,-2)]
Turtle 3 :[(-3,-3), (44,16), (43,16), (43,17), (42,17), (41,17), (41,17), (41,17), (40,17), (-3,-3), (-3,-3)]
Turtle 4 :[(-4,-4), (41,17), (41,17), (41,17), (40,17), (40,17), (40,17), (39,17), (39,16), (38,16), (38,15)]
Turtle 5 :[(-5,-5), (6,8), (5,8), (5,9), (5,10), (4,10), (4,11), (-5,-5), (-5,-5), (-5,-5), (-5,-5)]

Shrinking Run 23
#Info# Executed steps before collision: 6, Found collision: true
Turtle 1 :[(-1,-1), (15,28), (14,28), (13,28), (13,27), (12,27), (11,27), (-1,-1), (-1,-1), (-1,-1), (-1,-1), (-1,-1)]
Turtle 2 :[(-2,-2), (41,33), (41,32), (40,32), (39,32), (38,32), (38,32), (37,32), (-2,-2), (-2,-2), (-2,-2), (-2,-2)]
Turtle 3 :[(-3,-3), (44,16), (43,16), (43,17), (42,17), (41,17), (41,17), (41,17), (40,17), (-3,-3), (-3,-3), (-3,-3)]
Turtle 4 :[(-4,-4), (41,17), (41,17), (41,17), (40,17), (40,17), (41,17), (41,16), (41,15), (41,14), (40,14), (39,14)]
Turtle 5 :[(-5,-5), (6,8), (5,8), (5,9), (5,10), (4,10), (4,11), (-5,-5), (-5,-5), (-5,-5), (-5,-5), (-5,-5)]

Shrinking Run 24
#Info# Executed steps before collision: 10, Found collision: false
Turtle 1 :[(-1,-1), (15,28), (14,28), (13,28), (13,27), (12,27), (11,27), (-1,-1), (-1,-1), (-1,-1), (-1,-1)]
Turtle 2 :[(-2,-2), (41,33), (41,32), (40,32), (39,32), (38,32), (38,32), (37,32), (-2,-2), (-2,-2), (-2,-2)]
Turtle 3 :[(-3,-3), (44,16), (43,16), (43,17), (42,17), (41,17), (41,17), (41,17), (40,17), (-3,-3), (-3,-3)]
Turtle 4 :[(-4,-4), (41,17), (41,17), (41,17), (40,17), (40,17), (40,17), (39,17), (38,17), (38,16), (38,15)]
Turtle 5 :[(-5,-5), (6,8), (5,8), (5,9), (5,10), (4,10), (4,11), (-5,-5), (-5,-5), (-5,-5), (-5,-5)]

Shrinking Run 25
#Info# Executed steps before collision: 6, Found collision: true
Turtle 1 :[(-1,-1), (15,28), (14,28), (13,28), (13,27), (12,27), (11,27), (-1,-1), (-1,-1), (-1,-1), (-1,-1), (-1,-1)]
Turtle 2 :[(-2,-2), (41,33), (41,32), (40,32), (39,32), (38,32), (38,32), (37,32), (-2,-2), (-2,-2), (-2,-2), (-2,-2)]
Turtle 3 :[(-3,-3), (44,16), (43,16), (43,17), (42,17), (41,17), (41,17), (41,17), (41,17), (40,17), (-3,-3), (-3,-3)]
Turtle 4 :[(-4,-4), (41,17), (41,17), (41,17), (40,17), (40,17), (41,17), (41,16), (40,16), (40,15), (39,15), (38,15)]
Turtle 5 :[(-5,-5), (6,8), (5,8), (5,9), (5,10), (4,10), (4,11), (-5,-5), (-5,-5), (-5,-5), (-5,-5), (-5,-5)]

Shrinking Run 26
#Info# Executed steps before collision: 8, Found collision: false
Turtle 1 :[(-1,-1), (15,28), (14,28), (13,28), (13,27), (12,27), (11,27), (-1,-1), (-1,-1)]
Turtle 2 :[(-2,-2), (41,33), (41,32), (40,32), (39,32), (38,32), (38,32), (37,32), (-2,-2)]
Turtle 3 :[(-3,-3), (44,16), (43,16), (43,17), (42,17), (41,17), (41,17), (41,17), (40,17)]
Turtle 4 :[(-4,-4), (41,17), (41,16), (41,15), (40,15), (39,15), (38,15), (-4,-4), (-4,-4)]
Turtle 5 :[(-5,-5), (6,8), (5,8), (5,9), (5,10), (4,10), (4,11), (-5,-5), (-5,-5)]

Shrinking Run 27
#Info# Executed steps before collision: 8, Found collision: false
Turtle 1 :[(-1,-1), (15,28), (14,28), (13,28), (13,27), (12,27), (11,27), (-1,-1), (-1,-1)]
Turtle 2 :[(-2,-2), (41,33), (41,32), (40,32), (39,32), (38,32), (38,32), (37,32), (-2,-2)]
Turtle 3 :[(-3,-3), (44,16), (43,16), (43,17), (42,17), (41,17), (41,17), (41,17), (40,17)]
Turtle 4 :[(-4,-4), (41,17), (41,16), (40,16), (40,15), (40,15), (39,15), (38,15), (-4,-4)]
Turtle 5 :[(-5,-5), (6,8), (5,8), (5,9), (5,10), (4,10), (4,11), (-5,-5), (-5,-5)]

Shrinking Run 28
#Info# Executed steps before collision: 8, Found collision: false
Turtle 1 :[(-1,-1), (15,28), (14,28), (13,28), (13,27), (12,27), (11,27), (-1,-1), (-1,-1)]
Turtle 2 :[(-2,-2), (41,33), (41,32), (40,32), (39,32), (38,32), (38,32), (37,32), (-2,-2)]
Turtle 3 :[(-3,-3), (44,16), (43,16), (43,17), (42,17), (41,17), (41,17), (41,17), (40,17)]
Turtle 4 :[(-4,-4), (41,17), (40,17), (40,17), (40,16), (40,16), (40,15), (39,15), (38,15)]
Turtle 5 :[(-5,-5), (6,8), (5,8), (5,9), (5,10), (4,10), (4,11), (-5,-5), (-5,-5)]

Shrinking Run 29
#Info# Executed steps before collision: 9, Found collision: false
Turtle 1 :[(-1,-1), (15,28), (14,28), (13,28), (13,27), (12,27), (11,27), (-1,-1), (-1,-1), (-1,-1)]
Turtle 2 :[(-2,-2), (41,33), (41,32), (40,32), (39,32), (38,32), (38,32), (37,32), (-2,-2), (-2,-2)]
Turtle 3 :[(-3,-3), (44,16), (43,16), (43,17), (42,17), (41,17), (41,17), (41,17), (40,17), (-3,-3)]
Turtle 4 :[(-4,-4), (41,17), (40,17), (40,17), (40,16), (40,16), (40,16), (39,16), (39,15), (38,15)]
Turtle 5 :[(-5,-5), (6,8), (5,8), (5,9), (5,10), (4,10), (4,11), (-5,-5), (-5,-5), (-5,-5)]

Shrinking Run 30
#Info# Executed steps before collision: 10, Found collision: false
Turtle 1 :[(-1,-1), (15,28), (14,28), (13,28), (13,27), (12,27), (11,27), (-1,-1), (-1,-1), (-1,-1), (-1,-1)]
Turtle 2 :[(-2,-2), (41,33), (41,32), (40,32), (39,32), (38,32), (38,32), (37,32), (-2,-2), (-2,-2), (-2,-2)]
Turtle 3 :[(-3,-3), (44,16), (43,16), (43,17), (42,17), (41,17), (41,17), (41,17), (40,17), (-3,-3), (-3,-3)]
Turtle 4 :[(-4,-4), (41,17), (40,17), (40,17), (40,17), (40,17), (40,17), (40,16), (40,15), (39,15), (38,15)]
Turtle 5 :[(-5,-5), (6,8), (5,8), (5,9), (5,10), (4,10), (4,11), (-5,-5), (-5,-5), (-5,-5), (-5,-5)]

Shrinking Run 31
#Info# Executed steps before collision: 13, Found collision: false
Turtle 1 :[(-1,-1), (15,28), (14,28), (13,28), (13,27), (12,27), (11,27), (-1,-1), (-1,-1), (-1,-1), (-1,-1), (-1,-1), (-1,-1), (-1,-1)]
Turtle 2 :[(-2,-2), (41,33), (41,32), (40,32), (39,32), (38,32), (38,32), (37,32), (-2,-2), (-2,-2), (-2,-2), (-2,-2), (-2,-2), (-2,-2)]
Turtle 3 :[(-3,-3), (44,16), (43,16), (43,17), (42,17), (41,17), (41,17), (41,17), (40,17), (-3,-3), (-3,-3), (-3,-3), (-3,-3), (-3,-3)]
Turtle 4 :[(-4,-4), (41,17), (41,16), (41,16), (41,16), (41,16), (42,16), (41,16), (42,16), (41,16), (40,16), (39,16), (39,15), (38,15)]
Turtle 5 :[(-5,-5), (6,8), (5,8), (5,9), (5,10), (4,10), (4,11), (-5,-5), (-5,-5), (-5,-5), (-5,-5), (-5,-5), (-5,-5), (-5,-5)]

Shrinking Run 32
#Info# Executed steps before collision: 10, Found collision: false
Turtle 1 :[(-1,-1), (15,28), (14,28), (13,28), (13,27), (12,27), (11,27), (-1,-1), (-1,-1), (-1,-1), (-1,-1)]
Turtle 2 :[(-2,-2), (41,33), (41,32), (40,32), (39,32), (38,32), (38,32), (37,32), (-2,-2), (-2,-2), (-2,-2)]
Turtle 3 :[(-3,-3), (44,16), (43,16), (43,17), (42,17), (41,17), (41,17), (40,17), (-3,-3), (-3,-3), (-3,-3)]
Turtle 4 :[(-4,-4), (41,17), (40,17), (40,17), (40,17), (40,17), (40,17), (39,17), (39,16), (39,15), (38,15)]
Turtle 5 :[(-5,-5), (6,8), (5,8), (5,9), (5,10), (4,10), (4,11), (-5,-5), (-5,-5), (-5,-5), (-5,-5)]

Shrinking Run 33
#Info# Executed steps before collision: 10, Found collision: false
Turtle 1 :[(-1,-1), (15,28), (14,28), (13,28), (13,27), (12,27), (11,27), (-1,-1), (-1,-1), (-1,-1), (-1,-1)]
Turtle 2 :[(-2,-2), (41,33), (41,32), (40,32), (39,32), (38,32), (38,32), (37,32), (-2,-2), (-2,-2), (-2,-2)]
Turtle 3 :[(-3,-3), (44,16), (43,16), (43,17), (42,17), (41,17), (41,17), (40,17), (-3,-3), (-3,-3), (-3,-3)]
Turtle 4 :[(-4,-4), (41,17), (41,17), (40,17), (40,17), (40,17), (40,17), (40,16), (40,15), (39,15), (38,15)]
Turtle 5 :[(-5,-5), (6,8), (5,8), (5,9), (5,10), (4,10), (4,11), (-5,-5), (-5,-5), (-5,-5), (-5,-5)]

Shrinking Run 34
#Info# Executed steps before collision: 10, Found collision: false
Turtle 1 :[(-1,-1), (15,28), (14,28), (13,28), (13,27), (12,27), (11,27), (-1,-1), (-1,-1), (-1,-1), (-1,-1)]
Turtle 2 :[(-2,-2), (41,33), (41,32), (40,32), (39,32), (38,32), (38,32), (37,32), (-2,-2), (-2,-2), (-2,-2)]
Turtle 3 :[(-3,-3), (44,16), (43,16), (43,17), (42,17), (41,17), (41,17), (41,17), (41,17), (40,17), (-3,-3)]
Turtle 4 :[(-4,-4), (41,17), (41,17), (41,16), (41,16), (41,16), (41,16), (40,16), (40,15), (39,15), (38,15)]
Turtle 5 :[(-5,-5), (6,8), (5,8), (5,9), (5,10), (4,10), (4,11), (-5,-5), (-5,-5), (-5,-5), (-5,-5)]

Shrinking Run 35
#Info# Executed steps before collision: 10, Found collision: false
Turtle 1 :[(-1,-1), (15,28), (14,28), (13,28), (13,27), (12,27), (11,27), (-1,-1), (-1,-1), (-1,-1), (-1,-1)]
Turtle 2 :[(-2,-2), (41,33), (41,32), (40,32), (39,32), (38,32), (38,32), (37,32), (-2,-2), (-2,-2), (-2,-2)]
Turtle 3 :[(-3,-3), (44,16), (43,16), (43,17), (42,17), (41,17), (41,17), (42,17), (41,17), (40,17), (-3,-3)]
Turtle 4 :[(-4,-4), (41,17), (41,17), (40,17), (40,17), (40,17), (40,17), (39,17), (39,16), (39,15), (38,15)]
Turtle 5 :[(-5,-5), (6,8), (5,8), (5,9), (5,10), (4,10), (4,11), (-5,-5), (-5,-5), (-5,-5), (-5,-5)]

Shrinking Run 36
#Info# Executed steps before collision: 5, Found collision: true
Turtle 1 :[(-1,-1), (15,28), (14,28), (13,28), (13,27), (12,27), (11,27), (-1,-1), (-1,-1), (-1,-1), (-1,-1)]
Turtle 2 :[(-2,-2), (41,33), (41,32), (40,32), (39,32), (38,32), (38,32), (37,32), (-2,-2), (-2,-2), (-2,-2)]
Turtle 3 :[(-3,-3), (44,16), (43,16), (43,17), (42,17), (41,17), (41,17), (41,17), (40,17), (-3,-3), (-3,-3)]
Turtle 4 :[(-4,-4), (41,17), (41,17), (41,17), (40,17), (41,17), (40,17), (40,16), (40,15), (39,15), (38,15)]
Turtle 5 :[(-5,-5), (6,8), (5,8), (5,9), (5,10), (4,10), (4,11), (-5,-5), (-5,-5), (-5,-5), (-5,-5)]

Shrinking Run 37
#Info# Executed steps before collision: 10, Found collision: false
Turtle 1 :[(-1,-1), (15,28), (14,28), (13,28), (13,27), (12,27), (11,27), (-1,-1), (-1,-1), (-1,-1), (-1,-1)]
Turtle 2 :[(-2,-2), (41,33), (41,32), (40,32), (39,32), (38,32), (38,32), (37,32), (-2,-2), (-2,-2), (-2,-2)]
Turtle 3 :[(-3,-3), (44,16), (43,16), (43,17), (42,17), (41,17), (41,17), (41,17), (40,17), (-3,-3), (-3,-3)]
Turtle 4 :[(-4,-4), (41,17), (41,17), (41,17), (40,17), (40,16), (40,16), (40,15), (39,15), (39,15), (38,15)]
Turtle 5 :[(-5,-5), (6,8), (5,8), (5,9), (5,10), (4,10), (4,11), (-5,-5), (-5,-5), (-5,-5), (-5,-5)]

Shrinking Run 38
#Info# Executed steps before collision: 10, Found collision: false
Turtle 1 :[(-1,-1), (15,28), (14,28), (13,28), (13,27), (12,27), (11,27), (-1,-1), (-1,-1), (-1,-1), (-1,-1)]
Turtle 2 :[(-2,-2), (41,33), (41,32), (40,32), (39,32), (38,32), (38,32), (37,32), (-2,-2), (-2,-2), (-2,-2)]
Turtle 3 :[(-3,-3), (44,16), (43,16), (43,17), (42,17), (41,17), (41,17), (41,17), (40,17), (-3,-3), (-3,-3)]
Turtle 4 :[(-4,-4), (41,17), (41,17), (41,17), (40,17), (39,17), (39,17), (39,16), (39,15), (39,15), (38,15)]
Turtle 5 :[(-5,-5), (6,8), (5,8), (5,9), (5,10), (4,10), (4,11), (-5,-5), (-5,-5), (-5,-5), (-5,-5)]

Shrinking Run 39
#Info# Executed steps before collision: 10, Found collision: false
Turtle 1 :[(-1,-1), (15,28), (14,28), (13,28), (13,27), (12,27), (11,27), (-1,-1), (-1,-1), (-1,-1), (-1,-1)]
Turtle 2 :[(-2,-2), (41,33), (41,32), (40,32), (39,32), (38,32), (38,32), (37,32), (-2,-2), (-2,-2), (-2,-2)]
Turtle 3 :[(-3,-3), (44,16), (43,16), (43,17), (42,17), (41,17), (41,18), (41,17), (40,17), (-3,-3), (-3,-3)]
Turtle 4 :[(-4,-4), (41,17), (41,17), (41,17), (40,17), (40,17), (40,16), (40,15), (39,15), (39,15), (38,15)]
Turtle 5 :[(-5,-5), (6,8), (5,8), (5,9), (5,10), (4,10), (4,11), (-5,-5), (-5,-5), (-5,-5), (-5,-5)]

Shrinking Run 40
#Info# Executed steps before collision: 11, Found collision: false
Turtle 1 :[(-1,-1), (15,28), (14,28), (13,28), (13,27), (12,27), (11,27), (-1,-1), (-1,-1), (-1,-1), (-1,-1), (-1,-1)]
Turtle 2 :[(-2,-2), (41,33), (41,32), (40,32), (39,32), (38,32), (38,32), (37,32), (-2,-2), (-2,-2), (-2,-2), (-2,-2)]
Turtle 3 :[(-3,-3), (44,16), (43,16), (43,17), (42,17), (41,17), (41,17), (41,17), (40,17), (-3,-3), (-3,-3), (-3,-3)]
Turtle 4 :[(-4,-4), (41,17), (41,17), (41,17), (40,17), (40,17), (40,17), (39,17), (39,16), (39,15), (39,15), (38,15)]
Turtle 5 :[(-5,-5), (6,8), (5,8), (5,9), (5,10), (4,10), (4,11), (-5,-5), (-5,-5), (-5,-5), (-5,-5), (-5,-5)]

Shrinking Run 41
#Info# Executed steps before collision: 9, Found collision: false
Turtle 1 :[(-1,-1), (15,28), (14,28), (13,28), (13,27), (12,27), (11,27), (-1,-1), (-1,-1), (-1,-1)]
Turtle 2 :[(-2,-2), (41,33), (41,32), (40,32), (39,32), (38,32), (38,32), (37,32), (-2,-2), (-2,-2)]
Turtle 3 :[(-3,-3), (44,16), (43,16), (43,17), (42,17), (41,17), (41,17), (41,17), (40,17), (-3,-3)]
Turtle 4 :[(-4,-4), (41,17), (41,17), (41,17), (40,17), (40,17), (40,16), (40,15), (39,15), (38,15)]
Turtle 5 :[(-5,-5), (6,8), (5,8), (4,8), (4,9), (3,9), (3,10), (-5,-5), (-5,-5), (-5,-5)]

Shrinking Run 42
#Info# Executed steps before collision: 11, Found collision: false
Turtle 1 :[(-1,-1), (15,28), (14,28), (13,28), (13,27), (12,27), (11,27), (-1,-1), (-1,-1), (-1,-1), (-1,-1), (-1,-1)]
Turtle 2 :[(-2,-2), (41,33), (41,32), (40,32), (39,32), (38,32), (38,32), (37,32), (-2,-2), (-2,-2), (-2,-2), (-2,-2)]
Turtle 3 :[(-3,-3), (44,16), (43,16), (43,17), (42,17), (41,17), (42,17), (41,17), (41,16), (40,16), (40,17), (-3,-3)]
Turtle 4 :[(-4,-4), (41,17), (41,17), (41,17), (40,17), (40,17), (41,17), (40,17), (39,17), (38,17), (38,16), (38,15)]
Turtle 5 :[(-5,-5), (6,8), (5,8), (5,7), (5,6), (5,5), (5,4), (-5,-5), (-5,-5), (-5,-5), (-5,-5), (-5,-5)]

Shrinking Run 43
#Info# Executed steps before collision: 13, Found collision: false
Turtle 1 :[(-1,-1), (15,28), (14,28), (13,28), (13,27), (12,27), (11,27), (-1,-1), (-1,-1), (-1,-1), (-1,-1), (-1,-1), (-1,-1), (-1,-1)]
Turtle 2 :[(-2,-2), (41,33), (41,32), (40,32), (39,32), (38,32), (38,32), (37,32), (-2,-2), (-2,-2), (-2,-2), (-2,-2), (-2,-2), (-2,-2)]
Turtle 3 :[(-3,-3), (44,16), (43,16), (43,17), (42,17), (41,17), (41,17), (41,17), (40,17), (-3,-3), (-3,-3), (-3,-3), (-3,-3), (-3,-3)]
Turtle 4 :[(-4,-4), (41,17), (41,17), (41,17), (40,17), (40,17), (40,17), (40,17), (41,17), (41,16), (40,16), (40,15), (39,15), (38,15)]
Turtle 5 :[(-5,-5), (6,8), (5,8), (5,7), (5,6), (4,6), (4,5), (-5,-5), (-5,-5), (-5,-5), (-5,-5), (-5,-5), (-5,-5), (-5,-5)]

Shrinking Run 44
#Info# Executed steps before collision: 10, Found collision: false
Turtle 1 :[(-1,-1), (15,28), (14,28), (13,28), (13,27), (12,27), (11,27), (-1,-1), (-1,-1), (-1,-1), (-1,-1)]
Turtle 2 :[(-2,-2), (41,33), (41,32), (40,32), (39,32), (38,32), (38,32), (37,32), (-2,-2), (-2,-2), (-2,-2)]
Turtle 3 :[(-3,-3), (44,16), (43,16), (43,17), (42,17), (41,17), (41,17), (41,17), (40,17), (-3,-3), (-3,-3)]
Turtle 4 :[(-4,-4), (41,17), (41,17), (41,17), (40,17), (40,17), (40,17), (40,16), (40,15), (39,15), (38,15)]
Turtle 5 :[(-5,-5), (6,8), (6,8), (5,8), (5,8), (5,8), (4,8), (4,8), (4,9), (-5,-5), (-5,-5)]

Shrinking Run 45
#Info# Executed steps before collision: 10, Found collision: false
Turtle 1 :[(-1,-1), (15,28), (14,28), (13,28), (13,27), (12,27), (11,27), (-1,-1), (-1,-1), (-1,-1), (-1,-1)]
Turtle 2 :[(-2,-2), (41,33), (41,32), (40,32), (39,32), (38,32), (38,32), (37,32), (-2,-2), (-2,-2), (-2,-2)]
Turtle 3 :[(-3,-3), (44,16), (43,16), (43,17), (42,17), (41,17), (41,17), (41,17), (41,17), (40,17), (-3,-3)]
Turtle 4 :[(-4,-4), (41,17), (41,17), (41,17), (40,17), (40,17), (40,17), (40,16), (40,15), (39,15), (38,15)]
Turtle 5 :[(-5,-5), (6,8), (5,8), (4,8), (4,9), (4,10), (-5,-5), (-5,-5), (-5,-5), (-5,-5), (-5,-5)]

Shrinking Run 46
#Info# Executed steps before collision: 11, Found collision: false
Turtle 1 :[(-1,-1), (15,28), (14,28), (13,28), (13,27), (12,27), (11,27), (-1,-1), (-1,-1), (-1,-1), (-1,-1), (-1,-1)]
Turtle 2 :[(-2,-2), (41,33), (41,32), (40,32), (39,32), (38,32), (38,32), (37,32), (-2,-2), (-2,-2), (-2,-2), (-2,-2)]
Turtle 3 :[(-3,-3), (44,16), (43,16), (43,17), (42,17), (41,17), (41,17), (41,17), (42,17), (41,17), (40,17), (-3,-3)]
Turtle 4 :[(-4,-4), (41,17), (41,17), (41,17), (40,17), (40,17), (40,18), (40,17), (40,16), (39,16), (39,15), (38,15)]
Turtle 5 :[(-5,-5), (6,8), (6,9), (5,9), (5,10), (4,10), (4,11), (-5,-5), (-5,-5), (-5,-5), (-5,-5), (-5,-5)]

Shrinking Run 47
#Info# Executed steps before collision: 10, Found collision: false
Turtle 1 :[(-1,-1), (15,28), (14,28), (13,28), (13,27), (12,27), (11,27), (-1,-1), (-1,-1), (-1,-1), (-1,-1)]
Turtle 2 :[(-2,-2), (41,33), (41,32), (40,32), (39,32), (38,32), (38,32), (37,32), (-2,-2), (-2,-2), (-2,-2)]
Turtle 3 :[(-3,-3), (44,16), (43,16), (43,17), (42,17), (41,17), (41,17), (41,17), (40,17), (-3,-3), (-3,-3)]
Turtle 4 :[(-4,-4), (41,17), (41,17), (41,17), (40,17), (40,17), (40,17), (40,16), (40,15), (39,15), (38,15)]
Turtle 5 :[(-5,-5), (6,8), (5,8), (5,9), (4,9), (4,10), (4,11), (-5,-5), (-5,-5), (-5,-5), (-5,-5)]

Shrinking Run 48
#Info# Executed steps before collision: 10, Found collision: false
Turtle 1 :[(-1,-1), (15,28), (15,28), (14,28), (14,28), (14,28), (13,28), (12,28), (11,28), (11,28), (11,27)]
Turtle 2 :[(-2,-2), (41,33), (41,32), (40,32), (39,32), (38,32), (38,32), (37,32), (-2,-2), (-2,-2), (-2,-2)]
Turtle 3 :[(-3,-3), (44,16), (43,16), (43,17), (42,17), (41,17), (42,17), (41,17), (40,17), (-3,-3), (-3,-3)]
Turtle 4 :[(-4,-4), (41,17), (41,17), (41,17), (40,17), (40,17), (40,17), (40,16), (40,15), (39,15), (38,15)]
Turtle 5 :[(-5,-5), (6,8), (5,8), (5,9), (5,10), (4,10), (4,11), (-5,-5), (-5,-5), (-5,-5), (-5,-5)]

Shrinking Run 49
#Info# Executed steps before collision: 10, Found collision: false
Turtle 1 :[(-1,-1), (15,28), (14,28), (13,28), (13,27), (12,27), (11,27), (-1,-1), (-1,-1), (-1,-1), (-1,-1)]
Turtle 2 :[(-2,-2), (41,33), (40,33), (39,33), (38,33), (38,32), (38,32), (38,31), (-2,-2), (-2,-2), (-2,-2)]
Turtle 3 :[(-3,-3), (44,16), (43,16), (43,17), (42,17), (41,17), (41,17), (41,17), (40,17), (-3,-3), (-3,-3)]
Turtle 4 :[(-4,-4), (41,17), (41,17), (41,17), (40,17), (40,17), (40,17), (40,16), (40,15), (39,15), (38,15)]
Turtle 5 :[(-5,-5), (6,8), (5,8), (5,9), (5,10), (4,10), (4,11), (-5,-5), (-5,-5), (-5,-5), (-5,-5)]

Shrinking Run 50
#Info# Executed steps before collision: 10, Found collision: false
Turtle 1 :[(-1,-1), (15,28), (14,28), (13,28), (13,27), (12,27), (11,27), (-1,-1), (-1,-1), (-1,-1), (-1,-1)]
Turtle 2 :[(-2,-2), (41,33), (41,32), (40,32), (39,32), (38,32), (37,32), (-2,-2), (-2,-2), (-2,-2), (-2,-2)]
Turtle 3 :[(-3,-3), (44,16), (43,16), (43,17), (42,17), (41,17), (41,17), (41,17), (40,17), (-3,-3), (-3,-3)]
Turtle 4 :[(-4,-4), (41,17), (41,17), (41,17), (40,17), (40,18), (40,17), (40,16), (39,16), (39,15), (38,15)]
Turtle 5 :[(-5,-5), (6,8), (5,8), (5,9), (5,10), (4,10), (4,11), (-5,-5), (-5,-5), (-5,-5), (-5,-5)]

Shrinking Run 51
#Info# Executed steps before collision: 10, Found collision: false
Turtle 1 :[(-1,-1), (15,28), (14,28), (13,28), (13,27), (12,27), (11,27), (-1,-1), (-1,-1), (-1,-1), (-1,-1)]
Turtle 2 :[(-2,-2), (41,33), (41,32), (40,32), (39,32), (38,32), (38,32), (37,32), (-2,-2), (-2,-2), (-2,-2)]
Turtle 3 :[(-3,-3), (44,16), (43,16), (42,16), (41,16), (41,16), (41,16), (41,16), (41,17), (41,17), (40,17)]
Turtle 4 :[(-4,-4), (41,17), (41,17), (41,17), (40,17), (40,17), (40,17), (40,16), (40,15), (39,15), (38,15)]
Turtle 5 :[(-5,-5), (6,8), (5,8), (5,9), (5,10), (4,10), (4,11), (-5,-5), (-5,-5), (-5,-5), (-5,-5)]

Shrinking Run 52
#Info# Executed steps before collision: 12, Found collision: false
Turtle 1 :[(-1,-1), (15,28), (14,28), (13,28), (13,27), (12,27), (11,27), (-1,-1), (-1,-1), (-1,-1), (-1,-1), (-1,-1), (-1,-1)]
Turtle 2 :[(-2,-2), (41,33), (41,32), (40,32), (39,32), (38,32), (38,32), (37,32), (-2,-2), (-2,-2), (-2,-2), (-2,-2), (-2,-2)]
Turtle 3 :[(-3,-3), (44,16), (43,16), (42,16), (41,16), (41,16), (41,16), (40,16), (40,16), (39,16), (40,16), (40,17), (-3,-3)]
Turtle 4 :[(-4,-4), (41,17), (41,17), (41,17), (40,17), (40,17), (40,17), (40,18), (40,17), (40,16), (40,15), (39,15), (38,15)]
Turtle 5 :[(-5,-5), (6,8), (5,8), (5,9), (5,10), (4,10), (4,11), (-5,-5), (-5,-5), (-5,-5), (-5,-5), (-5,-5), (-5,-5)]

Shrinking Run 53
#Info# Executed steps before collision: 8, Found collision: false
Turtle 1 :[(-1,-1), (15,28), (14,28), (13,28), (13,27), (12,27), (11,27), (-1,-1), (-1,-1)]
Turtle 2 :[(-2,-2), (41,33), (41,32), (40,32), (39,32), (38,32), (38,32), (37,32), (-2,-2)]
Turtle 3 :[(-3,-3), (44,16), (43,16), (42,16), (41,16), (41,17), (40,17), (-3,-3), (-3,-3)]
Turtle 4 :[(-4,-4), (41,17), (41,17), (41,17), (40,17), (40,16), (40,15), (39,15), (38,15)]
Turtle 5 :[(-5,-5), (6,8), (5,8), (5,9), (5,10), (4,10), (4,11), (-5,-5), (-5,-5)]

Shrinking Run 54
#Info# Executed steps before collision: 10, Found collision: false
Turtle 1 :[(-1,-1), (15,28), (14,28), (13,28), (13,27), (12,27), (11,27), (-1,-1), (-1,-1), (-1,-1), (-1,-1)]
Turtle 2 :[(-2,-2), (41,33), (41,32), (40,32), (39,32), (38,32), (38,32), (37,32), (-2,-2), (-2,-2), (-2,-2)]
Turtle 3 :[(-3,-3), (44,16), (43,16), (42,16), (41,16), (41,16), (41,16), (41,17), (40,17), (-3,-3), (-3,-3)]
Turtle 4 :[(-4,-4), (41,17), (41,17), (41,17), (40,17), (40,17), (40,17), (40,16), (40,15), (39,15), (38,15)]
Turtle 5 :[(-5,-5), (6,8), (5,8), (5,9), (5,10), (4,10), (4,11), (-5,-5), (-5,-5), (-5,-5), (-5,-5)]

Shrink Run 55
#Info# Executed steps before collision: 10, Found collision: false
Turtle 1 :[(-1,-1), (15,28), (14,28), (13,28), (13,27), (12,27), (11,27), (-1,-1), (-1,-1), (-1,-1), (-1,-1)]
Turtle 2 :[(-2,-2), (41,33), (41,32), (40,32), (39,32), (38,32), (38,32), (37,32), (-2,-2), (-2,-2), (-2,-2)]
Turtle 3 :[(-3,-3), (44,16), (43,16), (42,16), (41,16), (41,16), (41,16), (41,17), (40,17), (-3,-3), (-3,-3)]
Turtle 4 :[(-4,-4), (41,17), (41,17), (41,17), (40,17), (40,17), (40,17), (40,16), (40,15), (39,15), (38,15)]
Turtle 5 :[(-5,-5), (6,8), (5,8), (5,9), (5,10), (4,10), (4,11), (-5,-5), (-5,-5), (-5,-5), (-5,-5)]

