Shrinking Run 1
#Info# Executed steps before collision: 4, Found collision: true
Turtle 1 :[(-1,-1), (1,4), (1,4), (1,3), (1,3), (1,2), (0,2), (0,1), (0,0)]
Turtle 2 :[(-2,-2), (10,6), (10,5), (9,5), (9,4), (8,4), (8,3), (-2,-2), (-2,-2)]
Turtle 3 :[(-3,-3), (10,4), (9,4), (9,3), (9,4), (9,3), (8,3), (-3,-3), (-3,-3)]
Turtle 4 :[(-4,-4), (9,5), (8,5), (8,4), (8,3), (7,3), (6,3), (-4,-4), (-4,-4)]
Turtle 5 :[(-5,-5), (1,5), (1,6), (1,7), (1,8), (1,9), (1,10), (-5,-5), (-5,-5)]

Shrinking Run 2
#Info# Executed steps before collision: 8, Found collision: false
Turtle 1 :[(-1,-1), (1,4), (1,3), (1,2), (1,1), (0,1), (0,0), (-1,-1), (-1,-1)]
Turtle 2 :[(-2,-2), (10,6), (10,5), (9,5), (9,4), (10,4), (9,4), (8,4), (8,3)]
Turtle 3 :[(-3,-3), (10,4), (9,4), (9,3), (8,3), (-3,-3), (-3,-3), (-3,-3), (-3,-3)]
Turtle 4 :[(-4,-4), (9,5), (8,5), (8,4), (8,4), (7,4), (6,4), (6,3), (-4,-4)]
Turtle 5 :[(-5,-5), (1,5), (1,6), (1,7), (1,8), (1,9), (1,10), (-5,-5), (-5,-5)]

Shrinking Run 3
#Info# Executed steps before collision: 8, Found collision: false
Turtle 1 :[(-1,-1), (1,4), (1,4), (1,3), (1,2), (0,2), (0,1), (0,0), (-1,-1)]
Turtle 2 :[(-2,-2), (10,6), (10,5), (9,5), (9,4), (10,4), (10,3), (9,3), (8,3)]
Turtle 3 :[(-3,-3), (10,4), (9,4), (9,3), (8,3), (-3,-3), (-3,-3), (-3,-3), (-3,-3)]
Turtle 4 :[(-4,-4), (9,5), (8,5), (8,5), (8,4), (8,3), (7,3), (6,3), (-4,-4)]
Turtle 5 :[(-5,-5), (1,5), (1,6), (1,7), (1,8), (1,9), (1,10), (-5,-5), (-5,-5)]

Shrinking Run 4
#Info# Executed steps before collision: 3, Found collision: true
Turtle 1 :[(-1,-1), (1,4), (0,4), (0,4), (0,4), (0,3), (0,2), (0,1), (0,0), (-1,-1), (-1,-1)]
Turtle 2 :[(-2,-2), (10,6), (10,5), (9,5), (9,4), (8,4), (8,3), (-2,-2), (-2,-2), (-2,-2), (-2,-2)]
Turtle 3 :[(-3,-3), (10,4), (9,4), (9,3), (8,3), (-3,-3), (-3,-3), (-3,-3), (-3,-3), (-3,-3), (-3,-3)]
Turtle 4 :[(-4,-4), (9,5), (8,5), (9,5), (8,5), (9,5), (9,4), (9,3), (8,3), (7,3), (6,3)]
Turtle 5 :[(-5,-5), (1,5), (1,6), (1,7), (1,8), (1,9), (1,10), (-5,-5), (-5,-5), (-5,-5), (-5,-5)]

Shrinking Run 5
#Info# Executed steps before collision: 10, Found collision: false
Turtle 1 :[(-1,-1), (1,4), (0,4), (0,3), (0,3), (0,2), (0,1), (0,1), (0,0), (-1,-1), (-1,-1)]
Turtle 2 :[(-2,-2), (10,6), (10,5), (9,5), (9,4), (8,4), (8,3), (-2,-2), (-2,-2), (-2,-2), (-2,-2)]
Turtle 3 :[(-3,-3), (10,4), (9,4), (9,3), (8,3), (-3,-3), (-3,-3), (-3,-3), (-3,-3), (-3,-3), (-3,-3)]
Turtle 4 :[(-4,-4), (9,5), (8,5), (8,4), (8,5), (8,5), (8,5), (8,4), (8,3), (7,3), (6,3)]
Turtle 5 :[(-5,-5), (1,5), (1,6), (1,7), (1,8), (1,9), (1,10), (-5,-5), (-5,-5), (-5,-5), (-5,-5)]

Shrinking Run 6
#Info# Executed steps before collision: 4, Found collision: true
Turtle 1 :[(-1,-1), (1,4), (0,4), (0,4), (0,3), (0,2), (0,1), (0,1), (0,0)]
Turtle 2 :[(-2,-2), (10,6), (10,5), (9,5), (9,4), (8,4), (8,3), (-2,-2), (-2,-2)]
Turtle 3 :[(-3,-3), (10,4), (9,4), (9,3), (9,4), (9,3), (9,3), (8,3), (-3,-3)]
Turtle 4 :[(-4,-4), (9,5), (8,5), (8,4), (8,3), (7,3), (6,3), (-4,-4), (-4,-4)]
Turtle 5 :[(-5,-5), (1,5), (1,6), (1,7), (1,8), (1,9), (1,10), (-5,-5), (-5,-5)]

Shrinking Run 7
#Info# Executed steps before collision: 10, Found collision: false
Turtle 1 :[(-1,-1), (1,4), (0,4), (0,4), (0,3), (0,2), (0,1), (0,1), (0,0), (-1,-1), (-1,-1)]
Turtle 2 :[(-2,-2), (10,6), (10,5), (9,5), (9,4), (9,3), (8,3), (9,3), (9,4), (8,4), (7,4)]
Turtle 3 :[(-3,-3), (10,4), (9,4), (9,3), (8,3), (-3,-3), (-3,-3), (-3,-3), (-3,-3), (-3,-3), (-3,-3)]
Turtle 4 :[(-4,-4), (9,5), (8,5), (8,5), (8,4), (9,4), (8,4), (7,4), (6,4), (6,3), (-4,-4)]
Turtle 5 :[(-5,-5), (1,5), (1,6), (1,7), (1,8), (1,9), (1,10), (-5,-5), (-5,-5), (-5,-5), (-5,-5)]

Shrinking Run 8
#Info# Executed steps before collision: 10, Found collision: false
Turtle 1 :[(-1,-1), (1,4), (0,4), (0,4), (0,3), (0,2), (0,1), (0,1), (0,0), (-1,-1), (-1,-1)]
Turtle 2 :[(-2,-2), (10,6), (10,5), (9,5), (9,4), (9,3), (9,2), (-2,-2), (-2,-2), (-2,-2), (-2,-2)]
Turtle 3 :[(-3,-3), (10,4), (9,4), (9,3), (10,3), (10,2), (10,1), (10,2), (9,2), (9,3), (8,3)]
Turtle 4 :[(-4,-4), (9,5), (8,5), (8,4), (8,3), (7,3), (6,3), (-4,-4), (-4,-4), (-4,-4), (-4,-4)]
Turtle 5 :[(-5,-5), (1,5), (1,6), (1,7), (1,8), (1,9), (1,10), (-5,-5), (-5,-5), (-5,-5), (-5,-5)]

Shrinking Run 9
#Info# Executed steps before collision: 8, Found collision: false
Turtle 1 :[(-1,-1), (1,4), (0,4), (0,4), (0,3), (0,2), (0,1), (0,1), (0,0)]
Turtle 2 :[(-2,-2), (10,6), (10,5), (9,5), (9,4), (9,3), (8,3), (-2,-2), (-2,-2)]
Turtle 3 :[(-3,-3), (10,4), (9,4), (9,3), (8,3), (-3,-3), (-3,-3), (-3,-3), (-3,-3)]
Turtle 4 :[(-4,-4), (9,5), (8,5), (8,4), (8,5), (7,5), (7,4), (7,3), (6,3)]
Turtle 5 :[(-5,-5), (1,5), (1,6), (1,7), (1,8), (1,9), (1,10), (-5,-5), (-5,-5)]

Shrinking Run 10
#Info# Executed steps before collision: 8, Found collision: false
Turtle 1 :[(-1,-1), (1,4), (0,4), (0,4), (0,3), (0,2), (0,1), (0,1), (0,0)]
Turtle 2 :[(-2,-2), (10,6), (10,5), (9,5), (8,5), (8,5), (8,4), (8,3), (-2,-2)]
Turtle 3 :[(-3,-3), (10,4), (9,4), (9,3), (8,3), (-3,-3), (-3,-3), (-3,-3), (-3,-3)]
Turtle 4 :[(-4,-4), (9,5), (8,5), (8,4), (8,4), (7,4), (6,4), (6,3), (-4,-4)]
Turtle 5 :[(-5,-5), (1,5), (1,6), (1,7), (1,8), (1,9), (1,10), (-5,-5), (-5,-5)]

Shrinking Run 11
#Info# Executed steps before collision: 8, Found collision: false
Turtle 1 :[(-1,-1), (1,4), (0,4), (0,4), (0,3), (0,2), (0,1), (0,1), (0,0)]
Turtle 2 :[(-2,-2), (10,6), (9,6), (8,6), (8,5), (8,4), (8,3), (-2,-2), (-2,-2)]
Turtle 3 :[(-3,-3), (10,4), (9,4), (9,3), (8,3), (-3,-3), (-3,-3), (-3,-3), (-3,-3)]
Turtle 4 :[(-4,-4), (9,5), (8,5), (8,4), (7,4), (7,3), (6,3), (-4,-4), (-4,-4)]
Turtle 5 :[(-5,-5), (1,5), (1,6), (1,7), (1,8), (1,9), (1,10), (-5,-5), (-5,-5)]

Shrinking Run 12
#Info# Executed steps before collision: 8, Found collision: false
Turtle 1 :[(-1,-1), (1,4), (0,4), (0,4), (0,3), (0,2), (0,1), (0,1), (0,0)]
Turtle 2 :[(-2,-2), (10,6), (10,5), (10,4), (9,4), (8,4), (8,3), (-2,-2), (-2,-2)]
Turtle 3 :[(-3,-3), (10,4), (9,4), (9,3), (8,3), (-3,-3), (-3,-3), (-3,-3), (-3,-3)]
Turtle 4 :[(-4,-4), (9,5), (8,5), (9,5), (8,5), (7,5), (7,4), (6,4), (6,3)]
Turtle 5 :[(-5,-5), (1,5), (1,6), (1,7), (1,8), (1,9), (1,10), (-5,-5), (-5,-5)]

Shrinking Run 13
#Info# Executed steps before collision: 3, Found collision: true
Turtle 1 :[(-1,-1), (1,4), (0,4), (0,4), (0,3), (0,2), (0,1), (0,1), (0,0)]
Turtle 2 :[(-2,-2), (10,6), (10,5), (9,5), (9,4), (8,4), (8,3), (-2,-2), (-2,-2)]
Turtle 3 :[(-3,-3), (10,4), (9,4), (8,4), (7,4), (6,4), (6,3), (-3,-3), (-3,-3)]
Turtle 4 :[(-4,-4), (9,5), (8,5), (8,4), (8,3), (7,3), (8,3), (7,3), (6,3)]
Turtle 5 :[(-5,-5), (1,5), (1,6), (1,7), (1,8), (1,9), (1,10), (-5,-5), (-5,-5)]

Shrinking Run 14
#Info# Executed steps before collision: 8, Found collision: false
Turtle 1 :[(-1,-1), (1,4), (0,4), (0,4), (0,3), (0,2), (0,1), (0,1), (0,0)]
Turtle 2 :[(-2,-2), (10,6), (10,5), (9,5), (9,4), (10,4), (10,3), (9,3), (8,3)]
Turtle 3 :[(-3,-3), (10,4), (10,3), (9,3), (8,3), (7,3), (7,2), (-3,-3), (-3,-3)]
Turtle 4 :[(-4,-4), (9,5), (8,5), (8,4), (8,4), (8,4), (8,3), (7,3), (6,3)]
Turtle 5 :[(-5,-5), (1,5), (1,6), (1,7), (1,8), (1,9), (1,10), (-5,-5), (-5,-5)]

Shrinking Run 15
#Info# Executed steps before collision: 3, Found collision: true
Turtle 1 :[(-1,-1), (1,4), (0,4), (0,4), (0,3), (0,2), (0,1), (0,1), (0,0), (-1,-1), (-1,-1), (-1,-1), (-1,-1)]
Turtle 2 :[(-2,-2), (10,6), (10,5), (9,5), (9,4), (8,4), (8,3), (-2,-2), (-2,-2), (-2,-2), (-2,-2), (-2,-2), (-2,-2)]
Turtle 3 :[(-3,-3), (10,4), (9,4), (8,4), (9,4), (9,3), (10,3), (9,3), (8,3), (7,3), (6,3), (6,4), (5,4)]
Turtle 4 :[(-4,-4), (9,5), (8,5), (8,4), (8,3), (7,3), (6,3), (-4,-4), (-4,-4), (-4,-4), (-4,-4), (-4,-4), (-4,-4)]
Turtle 5 :[(-5,-5), (1,5), (1,6), (1,7), (1,8), (1,9), (1,10), (-5,-5), (-5,-5), (-5,-5), (-5,-5), (-5,-5), (-5,-5)]

Shrinking Run 16
#Info# Executed steps before collision: 4, Found collision: true
Turtle 1 :[(-1,-1), (1,4), (0,4), (0,4), (0,3), (0,2), (0,1), (0,1), (0,0), (-1,-1), (-1,-1)]
Turtle 2 :[(-2,-2), (10,6), (10,5), (9,5), (9,4), (8,4), (8,3), (-2,-2), (-2,-2), (-2,-2), (-2,-2)]
Turtle 3 :[(-3,-3), (10,4), (9,4), (8,4), (9,4), (9,5), (8,5), (7,5), (6,5), (5,5), (5,4)]
Turtle 4 :[(-4,-4), (9,5), (8,5), (7,5), (7,4), (6,4), (5,4), (-4,-4), (-4,-4), (-4,-4), (-4,-4)]
Turtle 5 :[(-5,-5), (1,5), (1,6), (1,7), (1,8), (1,9), (1,10), (-5,-5), (-5,-5), (-5,-5), (-5,-5)]

Shrinking Run 17
#Info# Executed steps before collision: 3, Found collision: true
Turtle 1 :[(-1,-1), (1,4), (0,4), (0,4), (0,3), (0,2), (0,1), (0,1), (0,0)]
Turtle 2 :[(-2,-2), (10,6), (10,5), (9,5), (9,4), (8,4), (8,3), (-2,-2), (-2,-2)]
Turtle 3 :[(-3,-3), (10,4), (9,4), (8,4), (7,4), (6,4), (5,4), (-3,-3), (-3,-3)]
Turtle 4 :[(-4,-4), (9,5), (8,5), (8,4), (8,3), (7,3), (6,3), (6,4), (5,4)]
Turtle 5 :[(-5,-5), (1,5), (1,6), (1,7), (1,8), (1,9), (1,10), (-5,-5), (-5,-5)]

Shrinking Run 18
#Info# Executed steps before collision: 4, Found collision: true
Turtle 1 :[(-1,-1), (1,4), (0,4), (0,4), (0,3), (0,2), (0,1), (0,1), (0,0), (-1,-1), (-1,-1)]
Turtle 2 :[(-2,-2), (10,6), (10,5), (9,5), (9,4), (8,4), (8,3), (-2,-2), (-2,-2), (-2,-2), (-2,-2)]
Turtle 3 :[(-3,-3), (10,4), (9,4), (8,4), (9,4), (9,3), (8,3), (8,4), (7,4), (6,4), (5,4)]
Turtle 4 :[(-4,-4), (9,5), (8,5), (7,5), (6,5), (5,5), (5,4), (-4,-4), (-4,-4), (-4,-4), (-4,-4)]
Turtle 5 :[(-5,-5), (1,5), (1,6), (1,7), (1,8), (1,9), (1,10), (-5,-5), (-5,-5), (-5,-5), (-5,-5)]

Shrinking Run 19
#Info# Executed steps before collision: 8, Found collision: false
Turtle 1 :[(-1,-1), (1,4), (0,4), (0,4), (0,3), (0,2), (0,1), (0,1), (0,0)]
Turtle 2 :[(-2,-2), (10,6), (10,5), (9,5), (9,4), (10,4), (10,3), (9,3), (8,3)]
Turtle 3 :[(-3,-3), (10,4), (9,4), (8,4), (8,4), (7,4), (6,4), (5,4), (-3,-3)]
Turtle 4 :[(-4,-4), (9,5), (8,5), (7,5), (6,5), (5,5), (4,5), (-4,-4), (-4,-4)]
Turtle 5 :[(-5,-5), (1,5), (1,6), (1,7), (1,8), (1,9), (1,10), (-5,-5), (-5,-5)]

Shrinking Run 20
#Info# Executed steps before collision: 9, Found collision: false
Turtle 1 :[(-1,-1), (1,4), (0,4), (0,4), (0,3), (0,2), (0,1), (0,1), (0,0), (-1,-1)]
Turtle 2 :[(-2,-2), (10,6), (10,5), (9,5), (9,4), (8,4), (8,3), (-2,-2), (-2,-2), (-2,-2)]
Turtle 3 :[(-3,-3), (10,4), (9,4), (8,4), (7,4), (6,4), (5,4), (-3,-3), (-3,-3), (-3,-3)]
Turtle 4 :[(-4,-4), (9,5), (8,5), (7,5), (6,5), (5,5), (4,5), (5,5), (5,4), (-4,-4)]
Turtle 5 :[(-5,-5), (1,5), (1,5), (2,5), (2,4), (2,3), (2,2), (2,1), (1,1), (1,0)]

Shrinking Run 21
#Info# Executed steps before collision: 3, Found collision: true
Turtle 1 :[(-1,-1), (1,4), (0,4), (0,4), (0,3), (0,2), (0,1), (0,1), (0,0)]
Turtle 2 :[(-2,-2), (10,6), (10,5), (9,5), (9,4), (8,4), (8,3), (-2,-2), (-2,-2)]
Turtle 3 :[(-3,-3), (10,4), (9,4), (8,4), (7,4), (6,4), (5,4), (-3,-3), (-3,-3)]
Turtle 4 :[(-4,-4), (9,5), (8,5), (7,5), (6,5), (5,5), (5,4), (-4,-4), (-4,-4)]
Turtle 5 :[(-5,-5), (1,5), (0,5), (0,4), (0,3), (0,3), (1,3), (1,2), (0,2)]

Shrinking Run 22
#Info# Executed steps before collision: 10, Found collision: false
Turtle 1 :[(-1,-1), (1,4), (0,4), (0,4), (0,3), (0,2), (0,1), (0,1), (0,0), (-1,-1), (-1,-1)]
Turtle 2 :[(-2,-2), (10,6), (10,5), (9,5), (9,4), (8,4), (8,3), (-2,-2), (-2,-2), (-2,-2), (-2,-2)]
Turtle 3 :[(-3,-3), (10,4), (9,4), (8,4), (7,4), (6,4), (5,4), (-3,-3), (-3,-3), (-3,-3), (-3,-3)]
Turtle 4 :[(-4,-4), (9,5), (8,5), (7,5), (6,5), (5,5), (6,5), (6,4), (5,4), (-4,-4), (-4,-4)]
Turtle 5 :[(-5,-5), (1,5), (1,6), (1,5), (1,4), (1,3), (0,3), (0,2), (0,3), (0,2), (0,1)]

Shrinking Run 23
#Info# Executed steps before collision: 3, Found collision: true
Turtle 1 :[(-1,-1), (1,4), (0,4), (0,4), (0,3), (0,2), (0,1), (0,1), (0,0)]
Turtle 2 :[(-2,-2), (10,6), (10,5), (9,5), (9,4), (8,4), (8,3), (-2,-2), (-2,-2)]
Turtle 3 :[(-3,-3), (10,4), (9,4), (8,4), (7,4), (6,4), (5,4), (-3,-3), (-3,-3)]
Turtle 4 :[(-4,-4), (9,5), (8,5), (7,5), (6,5), (5,5), (6,5), (5,5), (5,4)]
Turtle 5 :[(-5,-5), (1,5), (0,5), (0,4), (0,3), (1,3), (0,3), (0,2), (-5,-5)]

Shrinking Run 24
#Info# Executed steps before collision: 6, Found collision: true
Turtle 1 :[(-1,-1), (1,4), (1,3), (1,2), (1,1), (0,1), (0,0)]
Turtle 2 :[(-2,-2), (10,6), (10,5), (9,5), (9,4), (8,4), (8,3)]
Turtle 3 :[(-3,-3), (10,4), (9,4), (8,4), (7,4), (6,4), (5,4)]
Turtle 4 :[(-4,-4), (9,5), (8,5), (7,5), (6,5), (5,5), (5,4)]
Turtle 5 :[(-5,-5), (1,5), (0,5), (0,4), (0,3), (0,2), (-5,-5)]

Shrinking Run 25
#Info# Executed steps before collision: 6, Found collision: true
Turtle 1 :[(-1,-1), (1,4), (0,4), (0,3), (0,2), (0,1), (0,0)]
Turtle 2 :[(-2,-2), (10,6), (10,5), (9,5), (9,4), (8,4), (8,3)]
Turtle 3 :[(-3,-3), (10,4), (9,4), (8,4), (7,4), (6,4), (5,4)]
Turtle 4 :[(-4,-4), (9,5), (8,5), (7,5), (6,5), (5,5), (5,4)]
Turtle 5 :[(-5,-5), (1,5), (0,5), (0,4), (0,3), (0,2), (-5,-5)]

Shrinking Run 26
#Info# Executed steps before collision: 9, Found collision: false
Turtle 1 :[(-1,-1), (1,4), (0,4), (0,3), (0,2), (0,1), (0,0), (-1,-1), (-1,-1), (-1,-1)]
Turtle 2 :[(-2,-2), (10,6), (10,5), (9,5), (9,4), (8,4), (7,4), (-2,-2), (-2,-2), (-2,-2)]
Turtle 3 :[(-3,-3), (10,4), (9,4), (8,4), (8,5), (8,5), (7,5), (6,5), (5,5), (5,4)]
Turtle 4 :[(-4,-4), (9,5), (8,5), (7,5), (6,5), (5,5), (5,4), (-4,-4), (-4,-4), (-4,-4)]
Turtle 5 :[(-5,-5), (1,5), (0,5), (1,5), (1,4), (1,3), (1,2), (0,2), (-5,-5), (-5,-5)]

Shrinking Run 27
#Info# Executed steps before collision: 8, Found collision: false
Turtle 1 :[(-1,-1), (1,4), (0,4), (0,3), (0,2), (0,1), (0,0), (-1,-1), (-1,-1)]
Turtle 2 :[(-2,-2), (10,6), (10,5), (9,5), (9,4), (9,3), (9,2), (-2,-2), (-2,-2)]
Turtle 3 :[(-3,-3), (10,4), (9,4), (8,4), (8,5), (7,5), (6,5), (6,4), (5,4)]
Turtle 4 :[(-4,-4), (9,5), (8,5), (7,5), (6,5), (5,5), (5,4), (-4,-4), (-4,-4)]
Turtle 5 :[(-5,-5), (1,5), (0,5), (0,4), (0,3), (0,2), (-5,-5), (-5,-5), (-5,-5)]

Shrinking Run 28
#Info# Executed steps before collision: 9, Found collision: false
Turtle 1 :[(-1,-1), (1,4), (0,4), (0,3), (0,2), (0,1), (0,0), (-1,-1), (-1,-1), (-1,-1)]
Turtle 2 :[(-2,-2), (10,6), (10,5), (9,5), (9,4), (9,3), (8,3), (-2,-2), (-2,-2), (-2,-2)]
Turtle 3 :[(-3,-3), (10,4), (9,4), (8,4), (7,4), (6,4), (5,4), (-3,-3), (-3,-3), (-3,-3)]
Turtle 4 :[(-4,-4), (9,5), (8,5), (7,5), (6,5), (5,5), (5,5), (5,6), (5,5), (5,4)]
Turtle 5 :[(-5,-5), (1,5), (0,5), (0,5), (0,4), (0,3), (0,2), (-5,-5), (-5,-5), (-5,-5)]

Shrinking Run 29
#Info# Executed steps before collision: 8, Found collision: false
Turtle 1 :[(-1,-1), (1,4), (0,4), (0,3), (0,2), (0,1), (0,0), (-1,-1), (-1,-1)]
Turtle 2 :[(-2,-2), (10,6), (10,5), (9,5), (8,5), (8,4), (8,3), (-2,-2), (-2,-2)]
Turtle 3 :[(-3,-3), (10,4), (9,4), (8,4), (7,4), (6,4), (5,4), (-3,-3), (-3,-3)]
Turtle 4 :[(-4,-4), (9,5), (8,5), (7,5), (6,5), (5,5), (5,6), (5,5), (5,4)]
Turtle 5 :[(-5,-5), (1,5), (0,5), (0,4), (0,3), (0,4), (0,3), (0,2), (-5,-5)]

Shrinking Run 30
#Info# Executed steps before collision: 8, Found collision: false
Turtle 1 :[(-1,-1), (1,4), (0,4), (0,3), (0,2), (0,1), (0,0), (-1,-1), (-1,-1)]
Turtle 2 :[(-2,-2), (10,6), (9,6), (8,6), (8,5), (8,4), (8,3), (-2,-2), (-2,-2)]
Turtle 3 :[(-3,-3), (10,4), (9,4), (8,4), (8,3), (7,3), (7,4), (6,4), (5,4)]
Turtle 4 :[(-4,-4), (9,5), (8,5), (7,5), (6,5), (5,5), (5,4), (-4,-4), (-4,-4)]
Turtle 5 :[(-5,-5), (1,5), (0,5), (0,5), (0,4), (0,3), (0,2), (-5,-5), (-5,-5)]

Shrinking Run 31
#Info# Executed steps before collision: 8, Found collision: false
Turtle 1 :[(-1,-1), (1,4), (0,4), (0,3), (0,2), (0,1), (0,0), (-1,-1), (-1,-1)]
Turtle 2 :[(-2,-2), (10,6), (10,5), (10,4), (9,4), (8,4), (8,3), (-2,-2), (-2,-2)]
Turtle 3 :[(-3,-3), (10,4), (9,4), (8,4), (8,3), (7,3), (7,4), (6,4), (5,4)]
Turtle 4 :[(-4,-4), (9,5), (8,5), (7,5), (6,5), (5,5), (5,4), (-4,-4), (-4,-4)]
Turtle 5 :[(-5,-5), (1,5), (0,5), (0,4), (0,3), (1,3), (0,3), (0,2), (-5,-5)]

Shrinking Run 32
#Info# Executed steps before collision: 7, Found collision: false
Turtle 1 :[(-1,-1), (1,4), (0,4), (0,3), (0,2), (0,1), (0,0), (-1,-1)]
Turtle 2 :[(-2,-2), (10,6), (10,5), (9,5), (9,4), (8,4), (8,3), (-2,-2)]
Turtle 3 :[(-3,-3), (10,4), (10,3), (9,3), (8,3), (7,3), (7,2), (-3,-3)]
Turtle 4 :[(-4,-4), (9,5), (8,5), (7,5), (6,5), (5,5), (5,4), (-4,-4)]
Turtle 5 :[(-5,-5), (1,5), (0,5), (0,4), (0,5), (0,4), (0,3), (0,2)]

Shrinking Run 33
#Info# Executed steps before collision: 4, Found collision: true
Turtle 1 :[(-1,-1), (1,4), (0,4), (0,3), (0,2), (0,1), (0,0), (-1,-1), (-1,-1), (-1,-1), (-1,-1)]
Turtle 2 :[(-2,-2), (10,6), (10,5), (9,5), (9,4), (8,4), (8,3), (-2,-2), (-2,-2), (-2,-2), (-2,-2)]
Turtle 3 :[(-3,-3), (10,4), (9,4), (8,4), (9,4), (10,4), (9,4), (8,4), (7,4), (6,4), (5,4)]
Turtle 4 :[(-4,-4), (9,5), (8,5), (7,5), (6,5), (5,5), (4,5), (-4,-4), (-4,-4), (-4,-4), (-4,-4)]
Turtle 5 :[(-5,-5), (1,5), (0,5), (0,4), (0,3), (0,3), (0,2), (-5,-5), (-5,-5), (-5,-5), (-5,-5)]

Shrinking Run 34
#Info# Executed steps before collision: 6, Found collision: false
Turtle 1 :[(-1,-1), (1,4), (0,4), (0,3), (0,2), (0,1), (0,0)]
Turtle 2 :[(-2,-2), (10,6), (10,5), (9,5), (9,4), (8,4), (8,3)]
Turtle 3 :[(-3,-3), (10,4), (9,4), (8,4), (7,4), (6,4), (5,4)]
Turtle 4 :[(-4,-4), (9,5), (8,5), (7,5), (6,5), (5,5), (4,5)]
Turtle 5 :[(-5,-5), (1,5), (1,4), (1,3), (1,2), (1,1), (1,0)]

Shrinking Run 35
#Info# Executed steps before collision: 8, Found collision: false
Turtle 1 :[(-1,-1), (1,4), (0,4), (0,3), (0,2), (0,1), (0,0), (-1,-1), (-1,-1)]
Turtle 2 :[(-2,-2), (10,6), (10,5), (9,5), (9,4), (8,4), (8,3), (-2,-2), (-2,-2)]
Turtle 3 :[(-3,-3), (10,4), (9,4), (8,4), (8,4), (7,4), (6,4), (5,4), (-3,-3)]
Turtle 4 :[(-4,-4), (9,5), (8,5), (7,5), (6,5), (5,5), (4,5), (-4,-4), (-4,-4)]
Turtle 5 :[(-5,-5), (1,5), (1,4), (2,4), (2,3), (2,2), (1,2), (1,1), (0,1)]

Shrinking Run 36
#Info# Executed steps before collision: 8, Found collision: false
Turtle 1 :[(-1,-1), (1,4), (0,4), (0,3), (0,2), (0,1), (0,0), (-1,-1), (-1,-1)]
Turtle 2 :[(-2,-2), (10,6), (10,5), (9,5), (9,4), (8,4), (7,4), (-2,-2), (-2,-2)]
Turtle 3 :[(-3,-3), (10,4), (9,4), (8,4), (8,5), (7,5), (6,5), (5,5), (5,4)]
Turtle 4 :[(-4,-4), (9,5), (8,5), (7,5), (6,5), (5,5), (4,5), (-4,-4), (-4,-4)]
Turtle 5 :[(-5,-5), (1,5), (0,5), (0,4), (1,4), (1,3), (1,2), (0,2), (-5,-5)]

Shrinking Run 37
#Info# Executed steps before collision: 7, Found collision: false
Turtle 1 :[(-1,-1), (1,4), (0,4), (0,3), (0,2), (0,1), (0,0), (-1,-1)]
Turtle 2 :[(-2,-2), (10,6), (10,5), (9,5), (9,4), (9,3), (9,2), (-2,-2)]
Turtle 3 :[(-3,-3), (10,4), (9,4), (8,4), (7,4), (6,4), (5,4), (-3,-3)]
Turtle 4 :[(-4,-4), (9,5), (8,5), (7,5), (6,5), (5,5), (4,5), (-4,-4)]
Turtle 5 :[(-5,-5), (1,5), (0,5), (0,6), (0,5), (0,4), (0,3), (0,2)]

Shrinking Run 38
#Info# Executed steps before collision: 7, Found collision: false
Turtle 1 :[(-1,-1), (1,4), (0,4), (0,3), (0,2), (0,1), (0,0), (-1,-1)]
Turtle 2 :[(-2,-2), (10,6), (10,5), (9,5), (9,4), (9,3), (8,3), (-2,-2)]
Turtle 3 :[(-3,-3), (10,4), (9,4), (8,4), (8,4), (7,4), (6,4), (5,4)]
Turtle 4 :[(-4,-4), (9,5), (8,5), (7,5), (6,5), (5,5), (4,5), (-4,-4)]
Turtle 5 :[(-5,-5), (1,5), (0,5), (0,4), (0,3), (0,2), (-5,-5), (-5,-5)]

Shrinking Run 39
#Info# Executed steps before collision: 7, Found collision: false
Turtle 1 :[(-1,-1), (1,4), (0,4), (0,3), (0,2), (0,1), (0,0), (-1,-1)]
Turtle 2 :[(-2,-2), (10,6), (10,5), (9,5), (8,5), (8,4), (8,3), (-2,-2)]
Turtle 3 :[(-3,-3), (10,4), (9,4), (8,4), (7,4), (6,4), (5,4), (-3,-3)]
Turtle 4 :[(-4,-4), (9,5), (8,5), (7,5), (6,5), (5,5), (4,5), (-4,-4)]
Turtle 5 :[(-5,-5), (1,5), (0,5), (0,4), (0,5), (0,4), (0,3), (0,2)]

Shrinking Run 40
#Info# Executed steps before collision: 7, Found collision: false
Turtle 1 :[(-1,-1), (1,4), (0,4), (0,3), (0,2), (0,1), (0,0), (-1,-1)]
Turtle 2 :[(-2,-2), (10,6), (9,6), (8,6), (8,5), (8,4), (8,3), (-2,-2)]
Turtle 3 :[(-3,-3), (10,4), (9,4), (8,4), (7,4), (6,4), (5,4), (-3,-3)]
Turtle 4 :[(-4,-4), (9,5), (8,5), (7,5), (6,5), (5,5), (4,5), (-4,-4)]
Turtle 5 :[(-5,-5), (1,5), (0,5), (0,6), (0,5), (0,4), (0,3), (0,2)]

Shrinking Run 41
#Info# Executed steps before collision: 7, Found collision: false
Turtle 1 :[(-1,-1), (1,4), (0,4), (0,3), (0,2), (0,1), (0,0), (-1,-1)]
Turtle 2 :[(-2,-2), (10,6), (10,5), (10,4), (9,4), (8,4), (8,3), (-2,-2)]
Turtle 3 :[(-3,-3), (10,4), (9,4), (8,4), (7,4), (6,4), (5,4), (-3,-3)]
Turtle 4 :[(-4,-4), (9,5), (8,5), (7,5), (6,5), (5,5), (4,5), (-4,-4)]
Turtle 5 :[(-5,-5), (1,5), (0,5), (0,6), (0,5), (0,4), (0,3), (0,2)]

Shrink Run 42
#Info# Executed steps before collision: 6, Found collision: false
Turtle 1 :[(-1,-1), (1,4), (0,4), (0,3), (0,2), (0,1), (0,0)]
Turtle 2 :[(-2,-2), (10,6), (10,5), (9,5), (9,4), (8,4), (8,3)]
Turtle 3 :[(-3,-3), (10,4), (10,3), (9,3), (8,3), (7,3), (7,2)]
Turtle 4 :[(-4,-4), (9,5), (8,5), (7,5), (6,5), (5,5), (4,5)]
Turtle 5 :[(-5,-5), (1,5), (0,5), (0,4), (0,3), (0,2), (-5,-5)]

