Shrinking Run 1
#Info# Executed steps before collision: 5, Found collision: true
Turtle 1 :[(-1,-1), (25,13), (24,13), (23,13), (22,13), (21,13), (20,13), (-1,-1)]
Turtle 2 :[(-2,-2), (10,11), (11,11), (11,11), (11,10), (11,9), (-2,-2), (-2,-2)]
Turtle 3 :[(-3,-3), (5,27), (5,28), (4,28), (4,29), (4,30), (4,31), (-3,-3)]
Turtle 4 :[(-4,-4), (14,48), (13,48), (13,47), (13,46), (13,46), (13,45), (13,44)]
Turtle 5 :[(-5,-5), (2,32), (3,32), (3,31), (3,30), (4,30), (5,30), (-5,-5)]

Shrinking Run 2
#Info# Executed steps before collision: 5, Found collision: true
Turtle 1 :[(-1,-1), (25,13), (25,12), (24,12), (23,12), (23,11), (22,11), (-1,-1)]
Turtle 2 :[(-2,-2), (10,11), (11,11), (11,11), (11,10), (11,9), (-2,-2), (-2,-2)]
Turtle 3 :[(-3,-3), (5,27), (5,28), (4,28), (4,29), (4,30), (4,31), (-3,-3)]
Turtle 4 :[(-4,-4), (14,48), (13,48), (13,47), (13,46), (13,46), (13,45), (13,44)]
Turtle 5 :[(-5,-5), (2,32), (3,32), (3,31), (3,30), (4,30), (5,30), (-5,-5)]

Shrinking Run 3
#Info# Executed steps before collision: 5, Found collision: true
Turtle 1 :[(-1,-1), (25,13), (25,12), (24,12), (23,12), (22,12), (21,12), (-1,-1)]
Turtle 2 :[(-2,-2), (10,11), (11,11), (11,11), (11,10), (11,9), (-2,-2), (-2,-2)]
Turtle 3 :[(-3,-3), (5,27), (5,28), (4,28), (4,29), (4,30), (4,31), (-3,-3)]
Turtle 4 :[(-4,-4), (14,48), (13,48), (13,47), (13,46), (13,46), (13,45), (13,44)]
Turtle 5 :[(-5,-5), (2,32), (3,32), (3,31), (3,30), (4,30), (5,30), (-5,-5)]

Shrinking Run 4
#Info# Executed steps before collision: 8, Found collision: false
Turtle 1 :[(-1,-1), (25,13), (24,13), (23,13), (22,13), (21,13), (21,12), (-1,-1), (-1,-1)]
Turtle 2 :[(-2,-2), (10,11), (11,11), (11,11), (11,10), (11,9), (-2,-2), (-2,-2), (-2,-2)]
Turtle 3 :[(-3,-3), (5,27), (5,28), (4,28), (4,29), (4,30), (4,31), (-3,-3), (-3,-3)]
Turtle 4 :[(-4,-4), (14,48), (13,48), (13,47), (13,46), (13,46), (13,45), (13,44), (-4,-4)]
Turtle 5 :[(-5,-5), (2,32), (3,32), (3,31), (3,30), (2,30), (3,30), (4,30), (5,30)]

Shrinking Run 5
#Info# Executed steps before collision: 5, Found collision: true
Turtle 1 :[(-1,-1), (25,13), (24,13), (24,12), (23,12), (22,12), (21,12), (-1,-1)]
Turtle 2 :[(-2,-2), (10,11), (11,11), (11,11), (11,10), (11,9), (-2,-2), (-2,-2)]
Turtle 3 :[(-3,-3), (5,27), (5,28), (4,28), (4,29), (4,30), (4,31), (-3,-3)]
Turtle 4 :[(-4,-4), (14,48), (13,48), (13,47), (13,46), (13,46), (13,45), (13,44)]
Turtle 5 :[(-5,-5), (2,32), (3,32), (3,31), (3,30), (4,30), (5,30), (-5,-5)]

Shrinking Run 6
#Info# Executed steps before collision: 5, Found collision: true
Turtle 1 :[(-1,-1), (25,13), (24,13), (23,13), (22,13), (22,12), (21,12), (-1,-1)]
Turtle 2 :[(-2,-2), (10,11), (11,11), (11,11), (11,10), (11,9), (-2,-2), (-2,-2)]
Turtle 3 :[(-3,-3), (5,27), (5,28), (4,28), (4,29), (4,30), (4,31), (-3,-3)]
Turtle 4 :[(-4,-4), (14,48), (13,48), (13,47), (13,46), (13,46), (13,45), (13,44)]
Turtle 5 :[(-5,-5), (2,32), (3,32), (3,31), (3,30), (4,30), (5,30), (-5,-5)]

Shrinking Run 7
#Info# Executed steps before collision: 5, Found collision: true
Turtle 1 :[(-1,-1), (25,13), (24,13), (23,13), (23,12), (22,12), (21,12), (-1,-1)]
Turtle 2 :[(-2,-2), (10,11), (11,11), (11,11), (11,10), (11,9), (-2,-2), (-2,-2)]
Turtle 3 :[(-3,-3), (5,27), (5,28), (4,28), (4,29), (4,30), (4,31), (-3,-3)]
Turtle 4 :[(-4,-4), (14,48), (13,48), (13,47), (13,46), (13,46), (13,45), (13,44)]
Turtle 5 :[(-5,-5), (2,32), (3,32), (3,31), (3,30), (4,30), (5,30), (-5,-5)]

Shrinking Run 8
#Info# Executed steps before collision: 5, Found collision: true
Turtle 1 :[(-1,-1), (25,13), (24,13), (23,13), (23,12), (22,12), (21,12), (-1,-1), (-1,-1)]
Turtle 2 :[(-2,-2), (10,11), (9,11), (9,11), (8,11), (8,10), (7,10), (7,10), (6,10)]
Turtle 3 :[(-3,-3), (5,27), (5,28), (4,28), (4,29), (4,30), (4,31), (-3,-3), (-3,-3)]
Turtle 4 :[(-4,-4), (14,48), (13,48), (13,47), (13,46), (13,46), (13,45), (13,44), (-4,-4)]
Turtle 5 :[(-5,-5), (2,32), (3,32), (3,31), (3,30), (4,30), (5,30), (-5,-5), (-5,-5)]

Shrinking Run 9
#Info# Executed steps before collision: 10, Found collision: false
Turtle 1 :[(-1,-1), (25,13), (24,13), (23,13), (23,12), (22,12), (21,12), (-1,-1), (-1,-1), (-1,-1), (-1,-1)]
Turtle 2 :[(-2,-2), (10,11), (9,11), (9,11), (9,10), (9,9), (9,8), (9,8), (8,8), (-2,-2), (-2,-2)]
Turtle 3 :[(-3,-3), (5,27), (5,28), (4,28), (4,29), (4,30), (4,31), (-3,-3), (-3,-3), (-3,-3), (-3,-3)]
Turtle 4 :[(-4,-4), (14,48), (13,48), (13,47), (13,46), (13,46), (13,45), (13,44), (-4,-4), (-4,-4), (-4,-4)]
Turtle 5 :[(-5,-5), (2,32), (3,32), (3,31), (3,30), (3,31), (3,32), (3,31), (3,30), (4,30), (5,30)]

Shrinking Run 10
#Info# Executed steps before collision: 5, Found collision: true
Turtle 1 :[(-1,-1), (25,13), (24,13), (23,13), (23,12), (22,12), (21,12), (-1,-1), (-1,-1)]
Turtle 2 :[(-2,-2), (10,11), (9,11), (9,11), (8,11), (8,10), (8,9), (8,9), (7,9)]
Turtle 3 :[(-3,-3), (5,27), (5,28), (4,28), (4,29), (4,30), (4,31), (-3,-3), (-3,-3)]
Turtle 4 :[(-4,-4), (14,48), (13,48), (13,47), (13,46), (13,46), (13,45), (13,44), (-4,-4)]
Turtle 5 :[(-5,-5), (2,32), (3,32), (3,31), (3,30), (4,30), (5,30), (-5,-5), (-5,-5)]

Shrinking Run 11
#Info# Executed steps before collision: 5, Found collision: true
Turtle 1 :[(-1,-1), (25,13), (24,13), (23,13), (23,12), (22,12), (21,12), (-1,-1), (-1,-1)]
Turtle 2 :[(-2,-2), (10,11), (9,11), (9,11), (9,10), (8,10), (8,9), (8,9), (7,9)]
Turtle 3 :[(-3,-3), (5,27), (5,28), (4,28), (4,29), (4,30), (4,31), (-3,-3), (-3,-3)]
Turtle 4 :[(-4,-4), (14,48), (13,48), (13,47), (13,46), (13,46), (13,45), (13,44), (-4,-4)]
Turtle 5 :[(-5,-5), (2,32), (3,32), (3,31), (3,30), (4,30), (5,30), (-5,-5), (-5,-5)]

Shrinking Run 12
#Info# Executed steps before collision: 10, Found collision: false
Turtle 1 :[(-1,-1), (25,13), (24,13), (23,13), (23,12), (22,12), (21,12), (-1,-1), (-1,-1), (-1,-1), (-1,-1)]
Turtle 2 :[(-2,-2), (10,11), (9,11), (9,11), (9,10), (8,10), (7,10), (7,10), (6,10), (-2,-2), (-2,-2)]
Turtle 3 :[(-3,-3), (5,27), (5,28), (4,28), (4,29), (4,30), (4,31), (-3,-3), (-3,-3), (-3,-3), (-3,-3)]
Turtle 4 :[(-4,-4), (14,48), (13,48), (13,47), (13,46), (13,46), (13,45), (13,44), (-4,-4), (-4,-4), (-4,-4)]
Turtle 5 :[(-5,-5), (2,32), (3,32), (3,31), (3,30), (2,30), (3,30), (3,29), (3,30), (4,30), (5,30)]

Shrinking Run 13
#Info# Executed steps before collision: 5, Found collision: true
Turtle 1 :[(-1,-1), (25,13), (24,13), (23,13), (23,12), (22,12), (21,12), (-1,-1), (-1,-1)]
Turtle 2 :[(-2,-2), (10,11), (9,11), (9,11), (8,11), (7,11), (7,10), (7,10), (6,10)]
Turtle 3 :[(-3,-3), (5,27), (5,28), (4,28), (4,29), (4,30), (4,31), (-3,-3), (-3,-3)]
Turtle 4 :[(-4,-4), (14,48), (13,48), (13,47), (13,46), (13,46), (13,45), (13,44), (-4,-4)]
Turtle 5 :[(-5,-5), (2,32), (3,32), (3,31), (3,30), (4,30), (5,30), (-5,-5), (-5,-5)]

Shrinking Run 14
#Info# Executed steps before collision: 8, Found collision: false
Turtle 1 :[(-1,-1), (25,13), (24,13), (23,13), (23,12), (22,12), (21,12), (-1,-1), (-1,-1)]
Turtle 2 :[(-2,-2), (10,11), (9,11), (8,11), (8,10), (7,10), (6,10), (-2,-2), (-2,-2)]
Turtle 3 :[(-3,-3), (5,27), (5,28), (4,28), (4,29), (4,30), (4,31), (-3,-3), (-3,-3)]
Turtle 4 :[(-4,-4), (14,48), (13,48), (13,47), (13,46), (13,46), (13,45), (13,44), (-4,-4)]
Turtle 5 :[(-5,-5), (2,32), (3,32), (3,31), (3,30), (2,30), (3,30), (4,30), (5,30)]

Shrinking Run 15
#Info# Executed steps before collision: 5, Found collision: true
Turtle 1 :[(-1,-1), (25,13), (24,13), (23,13), (23,12), (22,12), (21,12), (-1,-1)]
Turtle 2 :[(-2,-2), (10,11), (9,11), (9,11), (9,10), (8,10), (7,10), (6,10)]
Turtle 3 :[(-3,-3), (5,27), (5,28), (4,28), (4,29), (4,30), (4,31), (-3,-3)]
Turtle 4 :[(-4,-4), (14,48), (13,48), (13,47), (13,46), (13,46), (13,45), (13,44)]
Turtle 5 :[(-5,-5), (2,32), (3,32), (3,31), (3,30), (4,30), (5,30), (-5,-5)]

Shrinking Run 16
#Info# Executed steps before collision: 5, Found collision: true
Turtle 1 :[(-1,-1), (25,13), (24,13), (23,13), (23,12), (22,12), (21,12), (-1,-1)]
Turtle 2 :[(-2,-2), (10,11), (9,11), (8,11), (7,11), (7,10), (7,10), (6,10)]
Turtle 3 :[(-3,-3), (5,27), (5,28), (4,28), (4,29), (4,30), (4,31), (-3,-3)]
Turtle 4 :[(-4,-4), (14,48), (13,48), (13,47), (13,46), (13,46), (13,45), (13,44)]
Turtle 5 :[(-5,-5), (2,32), (3,32), (3,31), (3,30), (4,30), (5,30), (-5,-5)]

Shrinking Run 17
#Info# Executed steps before collision: 5, Found collision: true
Turtle 1 :[(-1,-1), (25,13), (24,13), (23,13), (23,12), (22,12), (21,12), (-1,-1)]
Turtle 2 :[(-2,-2), (10,11), (9,11), (8,11), (8,10), (7,10), (7,10), (6,10)]
Turtle 3 :[(-3,-3), (5,27), (5,28), (4,28), (4,29), (4,30), (4,31), (-3,-3)]
Turtle 4 :[(-4,-4), (14,48), (13,48), (13,47), (13,46), (13,46), (13,45), (13,44)]
Turtle 5 :[(-5,-5), (2,32), (3,32), (3,31), (3,30), (4,30), (5,30), (-5,-5)]

Shrinking Run 18
#Info# Executed steps before collision: 7, Found collision: false
Turtle 1 :[(-1,-1), (25,13), (24,13), (23,13), (23,12), (22,12), (21,12), (-1,-1)]
Turtle 2 :[(-2,-2), (10,11), (9,11), (8,11), (8,10), (7,10), (7,10), (6,10)]
Turtle 3 :[(-3,-3), (5,27), (5,26), (4,26), (4,25), (4,24), (4,23), (-3,-3)]
Turtle 4 :[(-4,-4), (14,48), (13,48), (13,47), (13,46), (13,46), (13,45), (13,44)]
Turtle 5 :[(-5,-5), (2,32), (3,32), (3,31), (3,30), (4,30), (5,30), (-5,-5)]

Shrinking Run 19
#Info# Executed steps before collision: 7, Found collision: false
Turtle 1 :[(-1,-1), (25,13), (24,13), (23,13), (23,12), (22,12), (21,12), (-1,-1)]
Turtle 2 :[(-2,-2), (10,11), (9,11), (8,11), (8,10), (7,10), (7,10), (6,10)]
Turtle 3 :[(-3,-3), (5,27), (5,26), (4,26), (4,25), (4,24), (3,24), (-3,-3)]
Turtle 4 :[(-4,-4), (14,48), (13,48), (13,47), (13,46), (13,46), (13,45), (13,44)]
Turtle 5 :[(-5,-5), (2,32), (3,32), (3,31), (3,30), (4,30), (5,30), (-5,-5)]

Shrinking Run 20
#Info# Executed steps before collision: 7, Found collision: false
Turtle 1 :[(-1,-1), (25,13), (24,13), (23,13), (23,12), (22,12), (21,12), (-1,-1)]
Turtle 2 :[(-2,-2), (10,11), (9,11), (8,11), (8,10), (7,10), (7,10), (6,10)]
Turtle 3 :[(-3,-3), (5,27), (4,27), (3,27), (2,27), (2,28), (1,28), (-3,-3)]
Turtle 4 :[(-4,-4), (14,48), (13,48), (13,47), (13,46), (13,46), (13,45), (13,44)]
Turtle 5 :[(-5,-5), (2,32), (3,32), (3,31), (3,30), (4,30), (5,30), (-5,-5)]

Shrinking Run 21
#Info# Executed steps before collision: 5, Found collision: true
Turtle 1 :[(-1,-1), (25,13), (24,13), (23,13), (23,12), (22,12), (21,12), (-1,-1)]
Turtle 2 :[(-2,-2), (10,11), (9,11), (8,11), (8,10), (7,10), (7,10), (6,10)]
Turtle 3 :[(-3,-3), (5,27), (5,28), (4,28), (4,29), (4,30), (3,30), (-3,-3)]
Turtle 4 :[(-4,-4), (14,48), (13,48), (13,47), (13,46), (13,46), (13,45), (13,44)]
Turtle 5 :[(-5,-5), (2,32), (3,32), (3,31), (3,30), (4,30), (5,30), (-5,-5)]

Shrinking Run 22
#Info# Executed steps before collision: 7, Found collision: false
Turtle 1 :[(-1,-1), (25,13), (24,13), (23,13), (23,12), (22,12), (21,12), (-1,-1)]
Turtle 2 :[(-2,-2), (10,11), (9,11), (8,11), (8,10), (7,10), (7,10), (6,10)]
Turtle 3 :[(-3,-3), (5,27), (5,28), (4,28), (3,28), (3,29), (2,29), (-3,-3)]
Turtle 4 :[(-4,-4), (14,48), (13,48), (13,47), (13,46), (13,46), (13,45), (13,44)]
Turtle 5 :[(-5,-5), (2,32), (3,32), (3,31), (3,30), (4,30), (5,30), (-5,-5)]

Shrinking Run 23
#Info# Executed steps before collision: 7, Found collision: false
Turtle 1 :[(-1,-1), (25,13), (24,13), (23,13), (23,12), (22,12), (21,12), (-1,-1)]
Turtle 2 :[(-2,-2), (10,11), (9,11), (8,11), (8,10), (7,10), (7,10), (6,10)]
Turtle 3 :[(-3,-3), (5,27), (4,27), (3,27), (3,28), (3,29), (3,30), (-3,-3)]
Turtle 4 :[(-4,-4), (14,48), (13,48), (13,47), (13,46), (13,46), (13,45), (13,44)]
Turtle 5 :[(-5,-5), (2,32), (3,32), (3,31), (3,30), (4,30), (5,30), (-5,-5)]

Shrinking Run 24
#Info# Executed steps before collision: 7, Found collision: false
Turtle 1 :[(-1,-1), (25,13), (24,13), (23,13), (23,12), (22,12), (21,12), (-1,-1)]
Turtle 2 :[(-2,-2), (10,11), (9,11), (8,11), (8,10), (7,10), (7,10), (6,10)]
Turtle 3 :[(-3,-3), (5,27), (5,28), (4,28), (4,29), (3,29), (3,30), (-3,-3)]
Turtle 4 :[(-4,-4), (14,48), (13,48), (13,47), (13,46), (13,46), (13,45), (13,44)]
Turtle 5 :[(-5,-5), (2,32), (3,32), (3,31), (3,30), (3,30), (4,30), (5,30)]

Shrinking Run 25
#Info# Executed steps before collision: 7, Found collision: false
Turtle 1 :[(-1,-1), (25,13), (24,13), (23,13), (23,12), (22,12), (21,12), (-1,-1)]
Turtle 2 :[(-2,-2), (10,11), (9,11), (8,11), (8,10), (7,10), (7,10), (6,10)]
Turtle 3 :[(-3,-3), (5,27), (5,28), (4,28), (3,28), (3,29), (3,30), (-3,-3)]
Turtle 4 :[(-4,-4), (14,48), (13,48), (13,47), (13,46), (13,46), (13,45), (13,44)]
Turtle 5 :[(-5,-5), (2,32), (3,32), (3,31), (3,30), (4,30), (5,30), (-5,-5)]

Shrinking Run 26
#Info# Executed steps before collision: 5, Found collision: true
Turtle 1 :[(-1,-1), (25,13), (24,13), (23,13), (23,12), (22,12), (21,12), (-1,-1)]
Turtle 2 :[(-2,-2), (10,11), (9,11), (8,11), (8,10), (7,10), (7,10), (6,10)]
Turtle 3 :[(-3,-3), (5,27), (4,27), (4,28), (4,29), (4,30), (3,30), (-3,-3)]
Turtle 4 :[(-4,-4), (14,48), (13,48), (13,47), (13,46), (13,46), (13,45), (13,44)]
Turtle 5 :[(-5,-5), (2,32), (3,32), (3,31), (3,30), (4,30), (5,30), (-5,-5)]

Shrinking Run 27
#Info# Executed steps before collision: 5, Found collision: true
Turtle 1 :[(-1,-1), (25,13), (24,13), (23,13), (23,12), (22,12), (21,12), (-1,-1)]
Turtle 2 :[(-2,-2), (10,11), (9,11), (8,11), (8,10), (7,10), (7,10), (6,10)]
Turtle 3 :[(-3,-3), (5,27), (4,27), (4,28), (4,29), (4,30), (3,30), (-3,-3)]
Turtle 4 :[(-4,-4), (14,48), (13,48), (12,48), (11,48), (11,48), (11,47), (10,47)]
Turtle 5 :[(-5,-5), (2,32), (3,32), (3,31), (3,30), (4,30), (5,30), (-5,-5)]

Shrinking Run 28
#Info# Executed steps before collision: 8, Found collision: false
Turtle 1 :[(-1,-1), (25,13), (24,13), (23,13), (23,12), (22,12), (21,12), (-1,-1), (-1,-1)]
Turtle 2 :[(-2,-2), (10,11), (9,11), (8,11), (8,10), (7,10), (7,10), (6,10), (-2,-2)]
Turtle 3 :[(-3,-3), (5,27), (4,27), (4,28), (4,29), (4,30), (5,30), (4,30), (3,30)]
Turtle 4 :[(-4,-4), (14,48), (13,48), (12,48), (11,48), (11,48), (10,48), (10,47), (-4,-4)]
Turtle 5 :[(-5,-5), (2,32), (3,32), (3,31), (3,30), (3,30), (4,30), (5,30), (-5,-5)]

Shrinking Run 29
#Info# Executed steps before collision: 5, Found collision: true
Turtle 1 :[(-1,-1), (25,13), (24,13), (23,13), (23,12), (22,12), (21,12), (-1,-1)]
Turtle 2 :[(-2,-2), (10,11), (9,11), (8,11), (8,10), (7,10), (7,10), (6,10)]
Turtle 3 :[(-3,-3), (5,27), (4,27), (4,28), (4,29), (4,30), (3,30), (-3,-3)]
Turtle 4 :[(-4,-4), (14,48), (14,47), (13,47), (12,47), (11,47), (10,47), (-4,-4)]
Turtle 5 :[(-5,-5), (2,32), (3,32), (3,31), (3,30), (4,30), (5,30), (-5,-5)]

Shrinking Run 30
#Info# Executed steps before collision: 5, Found collision: true
Turtle 1 :[(-1,-1), (25,13), (24,13), (23,13), (23,12), (22,12), (21,12), (-1,-1)]
Turtle 2 :[(-2,-2), (10,11), (9,11), (8,11), (8,10), (7,10), (7,10), (6,10)]
Turtle 3 :[(-3,-3), (5,27), (4,27), (4,28), (4,29), (4,30), (3,30), (-3,-3)]
Turtle 4 :[(-4,-4), (14,48), (13,48), (12,48), (12,47), (11,47), (10,47), (-4,-4)]
Turtle 5 :[(-5,-5), (2,32), (3,32), (3,31), (3,30), (4,30), (5,30), (-5,-5)]

Shrinking Run 31
#Info# Executed steps before collision: 5, Found collision: true
Turtle 1 :[(-1,-1), (25,13), (24,13), (23,13), (23,12), (22,12), (21,12), (-1,-1)]
Turtle 2 :[(-2,-2), (10,11), (9,11), (8,11), (8,10), (7,10), (7,10), (6,10)]
Turtle 3 :[(-3,-3), (5,27), (4,27), (4,28), (4,29), (4,30), (3,30), (-3,-3)]
Turtle 4 :[(-4,-4), (14,48), (13,48), (13,47), (12,47), (11,47), (10,47), (-4,-4)]
Turtle 5 :[(-5,-5), (2,32), (3,32), (3,31), (3,30), (4,30), (5,30), (-5,-5)]

Shrinking Run 32
#Info# Executed steps before collision: 7, Found collision: false
Turtle 1 :[(-1,-1), (25,13), (24,13), (23,13), (23,12), (22,12), (21,12), (-1,-1)]
Turtle 2 :[(-2,-2), (10,11), (9,11), (8,11), (8,10), (7,10), (7,10), (6,10)]
Turtle 3 :[(-3,-3), (5,27), (4,27), (4,28), (4,29), (4,30), (3,30), (-3,-3)]
Turtle 4 :[(-4,-4), (14,48), (13,48), (13,47), (12,47), (11,47), (10,47), (-4,-4)]
Turtle 5 :[(-5,-5), (2,32), (1,32), (1,31), (1,31), (0,31), (0,30), (-5,-5)]

Shrinking Run 33
#Info# Executed steps before collision: 8, Found collision: false
Turtle 1 :[(-1,-1), (25,13), (24,13), (23,13), (23,12), (22,12), (21,12), (-1,-1), (-1,-1)]
Turtle 2 :[(-2,-2), (10,11), (9,11), (8,11), (8,10), (7,10), (7,10), (6,10), (-2,-2)]
Turtle 3 :[(-3,-3), (5,27), (4,27), (4,28), (4,29), (4,30), (4,29), (4,30), (3,30)]
Turtle 4 :[(-4,-4), (14,48), (13,48), (13,47), (12,47), (11,47), (10,47), (-4,-4), (-4,-4)]
Turtle 5 :[(-5,-5), (2,32), (2,31), (3,31), (3,31), (3,30), (-5,-5), (-5,-5), (-5,-5)]

Shrinking Run 34
#Info# Executed steps before collision: 8, Found collision: false
Turtle 1 :[(-1,-1), (25,13), (24,13), (23,13), (23,12), (22,12), (21,12), (-1,-1), (-1,-1)]
Turtle 2 :[(-2,-2), (10,11), (9,11), (8,11), (8,10), (7,10), (7,10), (6,10), (-2,-2)]
Turtle 3 :[(-3,-3), (5,27), (4,27), (4,28), (4,29), (4,30), (3,30), (-3,-3), (-3,-3)]
Turtle 4 :[(-4,-4), (14,48), (13,48), (13,47), (12,47), (11,47), (10,47), (-4,-4), (-4,-4)]
Turtle 5 :[(-5,-5), (2,32), (3,32), (3,31), (3,31), (4,31), (5,31), (4,31), (4,30)]

Shrinking Run 35
#Info# Executed steps before collision: 8, Found collision: false
Turtle 1 :[(-1,-1), (25,13), (24,13), (23,13), (23,12), (22,12), (21,12), (-1,-1), (-1,-1)]
Turtle 2 :[(-2,-2), (10,11), (9,11), (8,11), (8,10), (7,10), (7,10), (6,10), (-2,-2)]
Turtle 3 :[(-3,-3), (5,27), (4,27), (4,28), (4,29), (4,30), (3,30), (-3,-3), (-3,-3)]
Turtle 4 :[(-4,-4), (14,48), (13,48), (13,47), (12,47), (11,47), (10,47), (-4,-4), (-4,-4)]
Turtle 5 :[(-5,-5), (2,32), (2,31), (2,30), (2,29), (1,29), (1,28), (2,28), (3,28)]

Shrinking Run 36
#Info# Executed steps before collision: 5, Found collision: true
Turtle 1 :[(-1,-1), (25,13), (24,13), (23,13), (23,12), (22,12), (21,12), (-1,-1)]
Turtle 2 :[(-2,-2), (10,11), (9,11), (8,11), (8,10), (7,10), (7,10), (6,10)]
Turtle 3 :[(-3,-3), (5,27), (4,27), (4,28), (4,29), (4,30), (3,30), (-3,-3)]
Turtle 4 :[(-4,-4), (14,48), (13,48), (13,47), (12,47), (11,47), (10,47), (-4,-4)]
Turtle 5 :[(-5,-5), (2,32), (3,32), (3,31), (3,30), (4,30), (4,29), (-5,-5)]

Shrinking Run 37
#Info# Executed steps before collision: 7, Found collision: false
Turtle 1 :[(-1,-1), (25,13), (24,13), (23,13), (23,12), (22,12), (21,12), (-1,-1)]
Turtle 2 :[(-2,-2), (10,11), (9,11), (8,11), (8,10), (7,10), (7,10), (6,10)]
Turtle 3 :[(-3,-3), (5,27), (4,27), (4,28), (4,29), (4,30), (3,30), (-3,-3)]
Turtle 4 :[(-4,-4), (14,48), (13,48), (13,47), (12,47), (11,47), (10,47), (-4,-4)]
Turtle 5 :[(-5,-5), (2,32), (2,31), (2,30), (2,29), (1,29), (1,28), (-5,-5)]

Shrinking Run 38
#Info# Executed steps before collision: 5, Found collision: true
Turtle 1 :[(-1,-1), (25,13), (24,13), (23,13), (23,12), (22,12), (21,12), (-1,-1)]
Turtle 2 :[(-2,-2), (10,11), (9,11), (8,11), (8,10), (7,10), (7,10), (6,10)]
Turtle 3 :[(-3,-3), (5,27), (4,27), (4,28), (4,29), (4,30), (3,30), (-3,-3)]
Turtle 4 :[(-4,-4), (14,48), (13,48), (13,47), (12,47), (11,47), (10,47), (-4,-4)]
Turtle 5 :[(-5,-5), (2,32), (2,31), (3,31), (3,30), (4,30), (4,29), (-5,-5)]

Shrinking Run 39
#Info# Executed steps before collision: 7, Found collision: false
Turtle 1 :[(-1,-1), (25,13), (24,13), (23,13), (23,12), (22,12), (21,12), (-1,-1)]
Turtle 2 :[(-2,-2), (10,11), (9,11), (8,11), (8,10), (7,10), (7,10), (6,10)]
Turtle 3 :[(-3,-3), (5,27), (4,27), (4,28), (4,29), (4,30), (3,30), (-3,-3)]
Turtle 4 :[(-4,-4), (14,48), (13,48), (13,47), (12,47), (11,47), (10,47), (-4,-4)]
Turtle 5 :[(-5,-5), (2,32), (3,32), (4,32), (4,31), (5,31), (5,30), (-5,-5)]

Shrinking Run 40
#Info# Executed steps before collision: 7, Found collision: false
Turtle 1 :[(-1,-1), (25,13), (24,13), (23,13), (23,12), (22,12), (21,12), (-1,-1)]
Turtle 2 :[(-2,-2), (10,11), (9,11), (8,11), (8,10), (7,10), (7,10), (6,10)]
Turtle 3 :[(-3,-3), (5,27), (4,27), (4,28), (4,29), (4,30), (3,30), (-3,-3)]
Turtle 4 :[(-4,-4), (14,48), (13,48), (13,47), (12,47), (11,47), (10,47), (-4,-4)]
Turtle 5 :[(-5,-5), (2,32), (2,31), (3,31), (4,31), (5,31), (5,30), (-5,-5)]

Shrinking Run 41
#Info# Executed steps before collision: 5, Found collision: true
Turtle 1 :[(-1,-1), (25,13), (24,13), (23,13), (23,12), (22,12), (21,12), (-1,-1)]
Turtle 2 :[(-2,-2), (10,11), (9,11), (8,11), (8,10), (7,10), (7,10), (6,10)]
Turtle 3 :[(-3,-3), (5,27), (4,27), (4,28), (4,29), (4,30), (3,30), (-3,-3)]
Turtle 4 :[(-4,-4), (14,48), (13,48), (13,47), (12,47), (11,47), (10,47), (-4,-4)]
Turtle 5 :[(-5,-5), (2,32), (2,31), (3,31), (3,30), (4,30), (5,30), (-5,-5)]

Shrinking Run 42
#Info# Executed steps before collision: 5, Found collision: true
Turtle 1 :[(-1,-1), (25,13), (24,13), (23,13), (23,12), (22,12), (21,12), (-1,-1)]
Turtle 2 :[(-2,-2), (10,11), (9,11), (8,11), (8,10), (7,10), (7,10), (6,10)]
Turtle 3 :[(-3,-3), (5,27), (4,27), (4,28), (4,29), (4,30), (3,30), (-3,-3)]
Turtle 4 :[(-4,-4), (14,48), (13,48), (13,47), (12,47), (11,47), (10,47), (-4,-4)]
Turtle 5 :[(-5,-5), (2,32), (3,32), (3,31), (4,31), (4,30), (5,30), (-5,-5)]

Shrinking Run 43
#Info# Executed steps before collision: 5, Found collision: true
Turtle 1 :[(-1,-1), (25,13), (24,13), (23,13), (22,13), (21,13), (21,12), (-1,-1)]
Turtle 2 :[(-2,-2), (10,11), (9,11), (8,11), (8,10), (7,10), (7,10), (6,10)]
Turtle 3 :[(-3,-3), (5,27), (4,27), (4,28), (4,29), (4,30), (3,30), (-3,-3)]
Turtle 4 :[(-4,-4), (14,48), (13,48), (13,47), (12,47), (11,47), (10,47), (-4,-4)]
Turtle 5 :[(-5,-5), (2,32), (3,32), (3,31), (4,31), (4,30), (5,30), (-5,-5)]

Shrinking Run 44
#Info# Executed steps before collision: 5, Found collision: true
Turtle 1 :[(-1,-1), (25,13), (24,13), (23,13), (22,13), (21,13), (20,13), (-1,-1)]
Turtle 2 :[(-2,-2), (10,11), (9,11), (8,11), (8,10), (7,10), (7,10), (6,10)]
Turtle 3 :[(-3,-3), (5,27), (4,27), (4,28), (4,29), (4,30), (3,30), (-3,-3)]
Turtle 4 :[(-4,-4), (14,48), (13,48), (13,47), (12,47), (11,47), (10,47), (-4,-4)]
Turtle 5 :[(-5,-5), (2,32), (3,32), (3,31), (4,31), (4,30), (5,30), (-5,-5)]

Shrinking Run 45
#Info# Executed steps before collision: 5, Found collision: true
Turtle 1 :[(-1,-1), (25,13), (24,13), (23,13), (22,13), (21,13), (20,13), (-1,-1), (-1,-1)]
Turtle 2 :[(-2,-2), (10,11), (9,11), (9,11), (9,10), (9,9), (9,8), (9,8), (8,8)]
Turtle 3 :[(-3,-3), (5,27), (4,27), (4,28), (4,29), (4,30), (3,30), (-3,-3), (-3,-3)]
Turtle 4 :[(-4,-4), (14,48), (13,48), (13,47), (12,47), (11,47), (10,47), (-4,-4), (-4,-4)]
Turtle 5 :[(-5,-5), (2,32), (3,32), (3,31), (4,31), (4,30), (5,30), (-5,-5), (-5,-5)]

Shrinking Run 46
#Info# Executed steps before collision: 5, Found collision: true
Turtle 1 :[(-1,-1), (25,13), (24,13), (23,13), (22,13), (21,13), (20,13), (-1,-1), (-1,-1)]
Turtle 2 :[(-2,-2), (10,11), (9,11), (9,11), (9,10), (8,10), (8,9), (8,9), (7,9)]
Turtle 3 :[(-3,-3), (5,27), (4,27), (4,28), (4,29), (4,30), (3,30), (-3,-3), (-3,-3)]
Turtle 4 :[(-4,-4), (14,48), (13,48), (13,47), (12,47), (11,47), (10,47), (-4,-4), (-4,-4)]
Turtle 5 :[(-5,-5), (2,32), (3,32), (3,31), (4,31), (4,30), (5,30), (-5,-5), (-5,-5)]

Shrinking Run 47
#Info# Executed steps before collision: 8, Found collision: false
Turtle 1 :[(-1,-1), (25,13), (24,13), (23,13), (22,13), (21,13), (20,13), (-1,-1), (-1,-1)]
Turtle 2 :[(-2,-2), (10,11), (9,11), (9,11), (9,10), (8,10), (7,10), (7,10), (6,10)]
Turtle 3 :[(-3,-3), (5,27), (4,27), (4,28), (4,29), (4,30), (3,30), (-3,-3), (-3,-3)]
Turtle 4 :[(-4,-4), (14,48), (13,48), (13,47), (12,47), (11,47), (10,47), (-4,-4), (-4,-4)]
Turtle 5 :[(-5,-5), (2,32), (3,32), (3,31), (4,31), (4,32), (4,31), (5,31), (5,30)]

Shrinking Run 48
#Info# Executed steps before collision: 5, Found collision: true
Turtle 1 :[(-1,-1), (25,13), (24,13), (23,13), (22,13), (21,13), (20,13), (-1,-1), (-1,-1)]
Turtle 2 :[(-2,-2), (10,11), (9,11), (9,11), (8,11), (7,11), (7,10), (7,10), (6,10)]
Turtle 3 :[(-3,-3), (5,27), (4,27), (4,28), (4,29), (4,30), (3,30), (-3,-3), (-3,-3)]
Turtle 4 :[(-4,-4), (14,48), (13,48), (13,47), (12,47), (11,47), (10,47), (-4,-4), (-4,-4)]
Turtle 5 :[(-5,-5), (2,32), (3,32), (3,31), (4,31), (4,30), (5,30), (-5,-5), (-5,-5)]

Shrinking Run 49
#Info# Executed steps before collision: 5, Found collision: true
Turtle 1 :[(-1,-1), (25,13), (24,13), (23,13), (22,13), (21,13), (20,13)]
Turtle 2 :[(-2,-2), (10,11), (9,11), (8,11), (8,10), (7,10), (6,10)]
Turtle 3 :[(-3,-3), (5,27), (4,27), (4,28), (4,29), (4,30), (3,30)]
Turtle 4 :[(-4,-4), (14,48), (13,48), (13,47), (12,47), (11,47), (10,47)]
Turtle 5 :[(-5,-5), (2,32), (3,32), (3,31), (4,31), (4,30), (5,30)]

Shrinking Run 50
#Info# Executed steps before collision: 5, Found collision: true
Turtle 1 :[(-1,-1), (25,13), (24,13), (23,13), (22,13), (21,13), (20,13)]
Turtle 2 :[(-2,-2), (10,11), (9,11), (8,11), (7,11), (7,10), (6,10)]
Turtle 3 :[(-3,-3), (5,27), (4,27), (4,28), (4,29), (4,30), (3,30)]
Turtle 4 :[(-4,-4), (14,48), (13,48), (13,47), (12,47), (11,47), (10,47)]
Turtle 5 :[(-5,-5), (2,32), (3,32), (3,31), (4,31), (4,30), (5,30)]

Shrinking Run 51
#Info# Executed steps before collision: 6, Found collision: false
Turtle 1 :[(-1,-1), (25,13), (24,13), (23,13), (22,13), (21,13), (20,13)]
Turtle 2 :[(-2,-2), (10,11), (9,11), (8,11), (8,10), (7,10), (6,10)]
Turtle 3 :[(-3,-3), (5,27), (5,26), (4,26), (4,25), (4,24), (4,23)]
Turtle 4 :[(-4,-4), (14,48), (13,48), (13,47), (12,47), (11,47), (10,47)]
Turtle 5 :[(-5,-5), (2,32), (3,32), (3,31), (4,31), (4,30), (5,30)]

Shrinking Run 52
#Info# Executed steps before collision: 6, Found collision: false
Turtle 1 :[(-1,-1), (25,13), (24,13), (23,13), (22,13), (21,13), (20,13)]
Turtle 2 :[(-2,-2), (10,11), (9,11), (8,11), (8,10), (7,10), (6,10)]
Turtle 3 :[(-3,-3), (5,27), (5,26), (4,26), (4,25), (4,24), (3,24)]
Turtle 4 :[(-4,-4), (14,48), (13,48), (13,47), (12,47), (11,47), (10,47)]
Turtle 5 :[(-5,-5), (2,32), (3,32), (3,31), (4,31), (4,30), (5,30)]

Shrinking Run 53
#Info# Executed steps before collision: 6, Found collision: false
Turtle 1 :[(-1,-1), (25,13), (24,13), (23,13), (22,13), (21,13), (20,13)]
Turtle 2 :[(-2,-2), (10,11), (9,11), (8,11), (8,10), (7,10), (6,10)]
Turtle 3 :[(-3,-3), (5,27), (4,27), (3,27), (2,27), (2,28), (1,28)]
Turtle 4 :[(-4,-4), (14,48), (13,48), (13,47), (12,47), (11,47), (10,47)]
Turtle 5 :[(-5,-5), (2,32), (3,32), (3,31), (4,31), (4,30), (5,30)]

Shrinking Run 54
#Info# Executed steps before collision: 6, Found collision: false
Turtle 1 :[(-1,-1), (25,13), (24,13), (23,13), (22,13), (21,13), (20,13)]
Turtle 2 :[(-2,-2), (10,11), (9,11), (8,11), (8,10), (7,10), (6,10)]
Turtle 3 :[(-3,-3), (5,27), (5,28), (4,28), (3,28), (3,29), (2,29)]
Turtle 4 :[(-4,-4), (14,48), (13,48), (13,47), (12,47), (11,47), (10,47)]
Turtle 5 :[(-5,-5), (2,32), (3,32), (3,31), (4,31), (4,30), (5,30)]

Shrinking Run 55
#Info# Executed steps before collision: 6, Found collision: false
Turtle 1 :[(-1,-1), (25,13), (24,13), (23,13), (22,13), (21,13), (20,13)]
Turtle 2 :[(-2,-2), (10,11), (9,11), (8,11), (8,10), (7,10), (6,10)]
Turtle 3 :[(-3,-3), (5,27), (4,27), (3,27), (3,28), (3,29), (3,30)]
Turtle 4 :[(-4,-4), (14,48), (13,48), (13,47), (12,47), (11,47), (10,47)]
Turtle 5 :[(-5,-5), (2,32), (3,32), (3,31), (4,31), (4,30), (5,30)]

Shrinking Run 56
#Info# Executed steps before collision: 6, Found collision: false
Turtle 1 :[(-1,-1), (25,13), (24,13), (23,13), (22,13), (21,13), (20,13)]
Turtle 2 :[(-2,-2), (10,11), (9,11), (8,11), (8,10), (7,10), (6,10)]
Turtle 3 :[(-3,-3), (5,27), (5,28), (4,28), (4,29), (3,29), (3,30)]
Turtle 4 :[(-4,-4), (14,48), (13,48), (13,47), (12,47), (11,47), (10,47)]
Turtle 5 :[(-5,-5), (2,32), (3,32), (3,31), (4,31), (4,30), (5,30)]

Shrinking Run 57
#Info# Executed steps before collision: 6, Found collision: false
Turtle 1 :[(-1,-1), (25,13), (24,13), (23,13), (22,13), (21,13), (20,13)]
Turtle 2 :[(-2,-2), (10,11), (9,11), (8,11), (8,10), (7,10), (6,10)]
Turtle 3 :[(-3,-3), (5,27), (5,28), (4,28), (3,28), (3,29), (3,30)]
Turtle 4 :[(-4,-4), (14,48), (13,48), (13,47), (12,47), (11,47), (10,47)]
Turtle 5 :[(-5,-5), (2,32), (3,32), (3,31), (4,31), (4,30), (5,30)]

Shrinking Run 58
#Info# Executed steps before collision: 5, Found collision: true
Turtle 1 :[(-1,-1), (25,13), (24,13), (23,13), (22,13), (21,13), (20,13), (-1,-1)]
Turtle 2 :[(-2,-2), (10,11), (9,11), (8,11), (8,10), (7,10), (6,10), (-2,-2)]
Turtle 3 :[(-3,-3), (5,27), (4,27), (4,28), (4,29), (4,30), (3,30), (-3,-3)]
Turtle 4 :[(-4,-4), (14,48), (13,48), (12,48), (11,48), (11,48), (10,48), (10,47)]
Turtle 5 :[(-5,-5), (2,32), (3,32), (3,31), (4,31), (4,30), (5,30), (-5,-5)]

Shrinking Run 59
#Info# Executed steps before collision: 5, Found collision: true
Turtle 1 :[(-1,-1), (25,13), (24,13), (23,13), (22,13), (21,13), (20,13), (-1,-1)]
Turtle 2 :[(-2,-2), (10,11), (9,11), (8,11), (8,10), (7,10), (6,10), (-2,-2)]
Turtle 3 :[(-3,-3), (5,27), (4,27), (4,28), (4,29), (4,30), (3,30), (-3,-3)]
Turtle 4 :[(-4,-4), (14,48), (13,48), (12,48), (11,48), (11,48), (10,48), (9,48)]
Turtle 5 :[(-5,-5), (2,32), (3,32), (3,31), (4,31), (4,30), (5,30), (-5,-5)]

Shrinking Run 60
#Info# Executed steps before collision: 5, Found collision: true
Turtle 1 :[(-1,-1), (25,13), (24,13), (23,13), (22,13), (21,13), (20,13)]
Turtle 2 :[(-2,-2), (10,11), (9,11), (8,11), (8,10), (7,10), (6,10)]
Turtle 3 :[(-3,-3), (5,27), (4,27), (4,28), (4,29), (4,30), (3,30)]
Turtle 4 :[(-4,-4), (14,48), (13,48), (12,48), (11,48), (10,48), (9,48)]
Turtle 5 :[(-5,-5), (2,32), (3,32), (3,31), (4,31), (4,30), (5,30)]

Shrinking Run 61
#Info# Executed steps before collision: 6, Found collision: false
Turtle 1 :[(-1,-1), (25,13), (24,13), (23,13), (22,13), (21,13), (20,13)]
Turtle 2 :[(-2,-2), (10,11), (9,11), (8,11), (8,10), (7,10), (6,10)]
Turtle 3 :[(-3,-3), (5,27), (4,27), (4,28), (4,29), (4,30), (3,30)]
Turtle 4 :[(-4,-4), (14,48), (13,48), (12,48), (11,48), (10,48), (9,48)]
Turtle 5 :[(-5,-5), (2,32), (1,32), (1,31), (1,31), (0,31), (0,30)]

Shrinking Run 62
#Info# Executed steps before collision: 8, Found collision: false
Turtle 1 :[(-1,-1), (25,13), (24,13), (23,13), (22,13), (21,13), (20,13), (-1,-1), (-1,-1)]
Turtle 2 :[(-2,-2), (10,11), (9,11), (8,11), (8,10), (7,10), (6,10), (-2,-2), (-2,-2)]
Turtle 3 :[(-3,-3), (5,27), (4,27), (4,28), (4,29), (4,30), (4,29), (4,30), (3,30)]
Turtle 4 :[(-4,-4), (14,48), (13,48), (12,48), (11,48), (10,48), (9,48), (-4,-4), (-4,-4)]
Turtle 5 :[(-5,-5), (2,32), (2,31), (3,31), (3,31), (3,30), (-5,-5), (-5,-5), (-5,-5)]

Shrinking Run 63
#Info# Executed steps before collision: 6, Found collision: false
Turtle 1 :[(-1,-1), (25,13), (24,13), (23,13), (22,13), (21,13), (20,13)]
Turtle 2 :[(-2,-2), (10,11), (9,11), (8,11), (8,10), (7,10), (6,10)]
Turtle 3 :[(-3,-3), (5,27), (4,27), (4,28), (4,29), (4,30), (3,30)]
Turtle 4 :[(-4,-4), (14,48), (13,48), (12,48), (11,48), (10,48), (9,48)]
Turtle 5 :[(-5,-5), (2,32), (3,32), (3,31), (3,31), (4,31), (4,30)]

Shrinking Run 64
#Info# Executed steps before collision: 6, Found collision: false
Turtle 1 :[(-1,-1), (25,13), (24,13), (23,13), (22,13), (21,13), (20,13)]
Turtle 2 :[(-2,-2), (10,11), (9,11), (8,11), (8,10), (7,10), (6,10)]
Turtle 3 :[(-3,-3), (5,27), (4,27), (4,28), (4,29), (4,30), (3,30)]
Turtle 4 :[(-4,-4), (14,48), (13,48), (12,48), (11,48), (10,48), (9,48)]
Turtle 5 :[(-5,-5), (2,32), (2,31), (2,30), (2,29), (2,28), (3,28)]

Shrinking Run 65
#Info# Executed steps before collision: 6, Found collision: false
Turtle 1 :[(-1,-1), (25,13), (24,13), (23,13), (22,13), (21,13), (20,13)]
Turtle 2 :[(-2,-2), (10,11), (9,11), (8,11), (8,10), (7,10), (6,10)]
Turtle 3 :[(-3,-3), (5,27), (4,27), (4,28), (4,29), (4,30), (3,30)]
Turtle 4 :[(-4,-4), (14,48), (13,48), (12,48), (11,48), (10,48), (9,48)]
Turtle 5 :[(-5,-5), (2,32), (2,31), (2,30), (2,29), (1,29), (1,28)]

Shrinking Run 66
#Info# Executed steps before collision: 6, Found collision: false
Turtle 1 :[(-1,-1), (25,13), (24,13), (23,13), (22,13), (21,13), (20,13)]
Turtle 2 :[(-2,-2), (10,11), (9,11), (8,11), (8,10), (7,10), (6,10)]
Turtle 3 :[(-3,-3), (5,27), (4,27), (4,28), (4,29), (4,30), (3,30)]
Turtle 4 :[(-4,-4), (14,48), (13,48), (12,48), (11,48), (10,48), (9,48)]
Turtle 5 :[(-5,-5), (2,32), (3,32), (4,32), (4,31), (5,31), (5,30)]

Shrinking Run 67
#Info# Executed steps before collision: 6, Found collision: false
Turtle 1 :[(-1,-1), (25,13), (24,13), (23,13), (22,13), (21,13), (20,13)]
Turtle 2 :[(-2,-2), (10,11), (9,11), (8,11), (8,10), (7,10), (6,10)]
Turtle 3 :[(-3,-3), (5,27), (4,27), (4,28), (4,29), (4,30), (3,30)]
Turtle 4 :[(-4,-4), (14,48), (13,48), (12,48), (11,48), (10,48), (9,48)]
Turtle 5 :[(-5,-5), (2,32), (2,31), (3,31), (4,31), (5,31), (5,30)]

Shrinking Run 68
#Info# Executed steps before collision: 5, Found collision: true
Turtle 1 :[(-1,-1), (25,13), (24,13), (23,13), (22,13), (21,13), (20,13), (-1,-1), (-1,-1)]
Turtle 2 :[(-2,-2), (10,11), (9,11), (9,11), (9,10), (8,10), (7,10), (7,10), (6,10)]
Turtle 3 :[(-3,-3), (5,27), (4,27), (4,28), (4,29), (4,30), (3,30), (-3,-3), (-3,-3)]
Turtle 4 :[(-4,-4), (14,48), (13,48), (12,48), (11,48), (10,48), (9,48), (-4,-4), (-4,-4)]
Turtle 5 :[(-5,-5), (2,32), (3,32), (3,31), (4,31), (4,30), (5,30), (-5,-5), (-5,-5)]

Shrinking Run 69
#Info# Executed steps before collision: 5, Found collision: true
Turtle 1 :[(-1,-1), (25,13), (24,13), (23,13), (22,13), (21,13), (20,13), (-1,-1), (-1,-1)]
Turtle 2 :[(-2,-2), (10,11), (9,11), (9,11), (8,11), (7,11), (6,11), (6,11), (6,10)]
Turtle 3 :[(-3,-3), (5,27), (4,27), (4,28), (4,29), (4,30), (3,30), (-3,-3), (-3,-3)]
Turtle 4 :[(-4,-4), (14,48), (13,48), (12,48), (11,48), (10,48), (9,48), (-4,-4), (-4,-4)]
Turtle 5 :[(-5,-5), (2,32), (3,32), (3,31), (4,31), (4,30), (5,30), (-5,-5), (-5,-5)]

Shrinking Run 70
#Info# Executed steps before collision: 8, Found collision: false
Turtle 1 :[(-1,-1), (25,13), (24,13), (23,13), (22,13), (21,13), (20,13), (-1,-1), (-1,-1)]
Turtle 2 :[(-2,-2), (10,11), (9,11), (9,11), (8,11), (7,11), (6,11), (6,11), (5,11)]
Turtle 3 :[(-3,-3), (5,27), (4,27), (4,28), (4,29), (4,30), (3,30), (-3,-3), (-3,-3)]
Turtle 4 :[(-4,-4), (14,48), (13,48), (12,48), (11,48), (10,48), (9,48), (-4,-4), (-4,-4)]
Turtle 5 :[(-5,-5), (2,32), (3,32), (3,31), (4,31), (4,32), (5,32), (5,31), (5,30)]

Shrinking Run 71
#Info# Executed steps before collision: 7, Found collision: false
Turtle 1 :[(-1,-1), (25,13), (24,13), (23,13), (22,13), (21,13), (20,13), (-1,-1)]
Turtle 2 :[(-2,-2), (10,11), (9,11), (8,11), (7,11), (6,11), (6,10), (-2,-2)]
Turtle 3 :[(-3,-3), (5,27), (4,27), (4,28), (4,29), (4,30), (3,30), (-3,-3)]
Turtle 4 :[(-4,-4), (14,48), (13,48), (12,48), (11,48), (10,48), (9,48), (-4,-4)]
Turtle 5 :[(-5,-5), (2,32), (3,32), (3,31), (4,31), (4,31), (5,31), (5,30)]

Shrinking Run 72
#Info# Executed steps before collision: 10, Found collision: false
Turtle 1 :[(-1,-1), (25,13), (24,13), (23,13), (22,13), (21,13), (20,13), (-1,-1), (-1,-1), (-1,-1), (-1,-1)]
Turtle 2 :[(-2,-2), (10,11), (9,11), (9,11), (8,11), (7,11), (6,11), (6,10), (-2,-2), (-2,-2), (-2,-2)]
Turtle 3 :[(-3,-3), (5,27), (4,27), (4,28), (4,29), (4,30), (3,30), (-3,-3), (-3,-3), (-3,-3), (-3,-3)]
Turtle 4 :[(-4,-4), (14,48), (13,48), (12,48), (11,48), (10,48), (9,48), (-4,-4), (-4,-4), (-4,-4), (-4,-4)]
Turtle 5 :[(-5,-5), (2,32), (3,32), (3,31), (4,31), (3,31), (4,31), (4,32), (5,32), (5,31), (5,30)]

Shrinking Run 73
#Info# Executed steps before collision: 8, Found collision: false
Turtle 1 :[(-1,-1), (25,13), (24,13), (23,13), (22,13), (21,13), (20,13), (-1,-1), (-1,-1)]
Turtle 2 :[(-2,-2), (10,11), (9,11), (8,11), (8,11), (7,11), (6,11), (6,11), (6,10)]
Turtle 3 :[(-3,-3), (5,27), (4,27), (4,28), (4,29), (4,30), (3,30), (-3,-3), (-3,-3)]
Turtle 4 :[(-4,-4), (14,48), (13,48), (12,48), (11,48), (10,48), (9,48), (-4,-4), (-4,-4)]
Turtle 5 :[(-5,-5), (2,32), (3,32), (3,31), (4,31), (5,31), (5,30), (-5,-5), (-5,-5)]

Shrinking Run 74
#Info# Executed steps before collision: 8, Found collision: false
Turtle 1 :[(-1,-1), (25,13), (24,13), (23,13), (22,13), (21,13), (20,13), (-1,-1), (-1,-1)]
Turtle 2 :[(-2,-2), (10,11), (9,11), (9,11), (8,11), (7,11), (6,11), (6,11), (6,10)]
Turtle 3 :[(-3,-3), (5,27), (5,26), (4,26), (4,25), (4,24), (4,23), (-3,-3), (-3,-3)]
Turtle 4 :[(-4,-4), (14,48), (13,48), (12,48), (11,48), (10,48), (9,48), (-4,-4), (-4,-4)]
Turtle 5 :[(-5,-5), (2,32), (3,32), (3,31), (4,31), (4,30), (5,30), (-5,-5), (-5,-5)]

Shrinking Run 75
#Info# Executed steps before collision: 8, Found collision: false
Turtle 1 :[(-1,-1), (25,13), (24,13), (23,13), (22,13), (21,13), (20,13), (-1,-1), (-1,-1)]
Turtle 2 :[(-2,-2), (10,11), (9,11), (9,11), (8,11), (7,11), (6,11), (6,11), (6,10)]
Turtle 3 :[(-3,-3), (5,27), (5,26), (4,26), (4,25), (4,24), (3,24), (-3,-3), (-3,-3)]
Turtle 4 :[(-4,-4), (14,48), (13,48), (12,48), (11,48), (10,48), (9,48), (-4,-4), (-4,-4)]
Turtle 5 :[(-5,-5), (2,32), (3,32), (3,31), (4,31), (4,30), (5,30), (-5,-5), (-5,-5)]

Shrinking Run 76
#Info# Executed steps before collision: 8, Found collision: false
Turtle 1 :[(-1,-1), (25,13), (24,13), (23,13), (22,13), (21,13), (20,13), (-1,-1), (-1,-1)]
Turtle 2 :[(-2,-2), (10,11), (9,11), (9,11), (8,11), (7,11), (6,11), (6,11), (6,10)]
Turtle 3 :[(-3,-3), (5,27), (4,27), (3,27), (2,27), (2,28), (1,28), (-3,-3), (-3,-3)]
Turtle 4 :[(-4,-4), (14,48), (13,48), (12,48), (11,48), (10,48), (9,48), (-4,-4), (-4,-4)]
Turtle 5 :[(-5,-5), (2,32), (3,32), (3,31), (4,31), (4,30), (5,30), (-5,-5), (-5,-5)]

Shrinking Run 77
#Info# Executed steps before collision: 8, Found collision: false
Turtle 1 :[(-1,-1), (25,13), (24,13), (23,13), (22,13), (21,13), (20,13), (-1,-1), (-1,-1)]
Turtle 2 :[(-2,-2), (10,11), (9,11), (9,11), (8,11), (7,11), (6,11), (6,11), (6,10)]
Turtle 3 :[(-3,-3), (5,27), (5,28), (4,28), (3,28), (3,29), (2,29), (-3,-3), (-3,-3)]
Turtle 4 :[(-4,-4), (14,48), (13,48), (12,48), (11,48), (10,48), (9,48), (-4,-4), (-4,-4)]
Turtle 5 :[(-5,-5), (2,32), (3,32), (3,31), (4,31), (4,30), (5,30), (-5,-5), (-5,-5)]

Shrinking Run 78
#Info# Executed steps before collision: 8, Found collision: false
Turtle 1 :[(-1,-1), (25,13), (24,13), (23,13), (22,13), (21,13), (20,13), (-1,-1), (-1,-1)]
Turtle 2 :[(-2,-2), (10,11), (9,11), (9,11), (8,11), (7,11), (6,11), (6,11), (6,10)]
Turtle 3 :[(-3,-3), (5,27), (4,27), (3,27), (3,28), (3,29), (3,30), (-3,-3), (-3,-3)]
Turtle 4 :[(-4,-4), (14,48), (13,48), (12,48), (11,48), (10,48), (9,48), (-4,-4), (-4,-4)]
Turtle 5 :[(-5,-5), (2,32), (3,32), (3,31), (4,31), (4,30), (5,30), (-5,-5), (-5,-5)]

Shrinking Run 79
#Info# Executed steps before collision: 8, Found collision: false
Turtle 1 :[(-1,-1), (25,13), (24,13), (23,13), (22,13), (21,13), (20,13), (-1,-1), (-1,-1)]
Turtle 2 :[(-2,-2), (10,11), (9,11), (9,11), (8,11), (7,11), (6,11), (6,11), (6,10)]
Turtle 3 :[(-3,-3), (5,27), (5,28), (4,28), (4,29), (3,29), (3,30), (-3,-3), (-3,-3)]
Turtle 4 :[(-4,-4), (14,48), (13,48), (12,48), (11,48), (10,48), (9,48), (-4,-4), (-4,-4)]
Turtle 5 :[(-5,-5), (2,32), (3,32), (3,31), (4,31), (4,30), (5,30), (-5,-5), (-5,-5)]

Shrinking Run 80
#Info# Executed steps before collision: 8, Found collision: false
Turtle 1 :[(-1,-1), (25,13), (24,13), (23,13), (22,13), (21,13), (20,13), (-1,-1), (-1,-1)]
Turtle 2 :[(-2,-2), (10,11), (9,11), (9,11), (8,11), (7,11), (6,11), (6,11), (6,10)]
Turtle 3 :[(-3,-3), (5,27), (5,28), (4,28), (3,28), (3,29), (3,30), (-3,-3), (-3,-3)]
Turtle 4 :[(-4,-4), (14,48), (13,48), (12,48), (11,48), (10,48), (9,48), (-4,-4), (-4,-4)]
Turtle 5 :[(-5,-5), (2,32), (3,32), (3,31), (4,31), (4,30), (5,30), (-5,-5), (-5,-5)]

Shrinking Run 81
#Info# Executed steps before collision: 8, Found collision: false
Turtle 1 :[(-1,-1), (25,13), (24,13), (23,13), (22,13), (21,13), (20,13), (-1,-1), (-1,-1)]
Turtle 2 :[(-2,-2), (10,11), (9,11), (9,11), (8,11), (7,11), (6,11), (6,11), (6,10)]
Turtle 3 :[(-3,-3), (5,27), (4,27), (4,28), (4,29), (4,30), (3,30), (-3,-3), (-3,-3)]
Turtle 4 :[(-4,-4), (14,48), (13,48), (12,48), (11,48), (10,48), (9,48), (-4,-4), (-4,-4)]
Turtle 5 :[(-5,-5), (2,32), (1,32), (1,31), (1,31), (0,31), (0,30), (-5,-5), (-5,-5)]

Shrinking Run 82
#Info# Executed steps before collision: 8, Found collision: false
Turtle 1 :[(-1,-1), (25,13), (24,13), (23,13), (22,13), (21,13), (20,13), (-1,-1), (-1,-1)]
Turtle 2 :[(-2,-2), (10,11), (9,11), (9,11), (8,11), (7,11), (6,11), (6,11), (6,10)]
Turtle 3 :[(-3,-3), (5,27), (4,27), (4,28), (4,29), (4,30), (3,30), (-3,-3), (-3,-3)]
Turtle 4 :[(-4,-4), (14,48), (13,48), (12,48), (11,48), (10,48), (9,48), (-4,-4), (-4,-4)]
Turtle 5 :[(-5,-5), (2,32), (2,31), (3,31), (3,31), (3,32), (3,31), (3,30), (-5,-5)]

Shrinking Run 83
#Info# Executed steps before collision: 8, Found collision: false
Turtle 1 :[(-1,-1), (25,13), (24,13), (23,13), (22,13), (21,13), (20,13), (-1,-1), (-1,-1)]
Turtle 2 :[(-2,-2), (10,11), (9,11), (9,11), (8,11), (7,11), (6,11), (6,11), (6,10)]
Turtle 3 :[(-3,-3), (5,27), (4,27), (4,28), (4,29), (4,30), (3,30), (-3,-3), (-3,-3)]
Turtle 4 :[(-4,-4), (14,48), (13,48), (12,48), (11,48), (10,48), (9,48), (-4,-4), (-4,-4)]
Turtle 5 :[(-5,-5), (2,32), (3,32), (3,31), (3,31), (4,31), (4,31), (4,30), (-5,-5)]

Shrinking Run 84
#Info# Executed steps before collision: 8, Found collision: false
Turtle 1 :[(-1,-1), (25,13), (24,13), (23,13), (22,13), (21,13), (20,13), (-1,-1), (-1,-1)]
Turtle 2 :[(-2,-2), (10,11), (9,11), (9,11), (8,11), (7,11), (6,11), (6,11), (6,10)]
Turtle 3 :[(-3,-3), (5,27), (4,27), (4,28), (4,29), (4,30), (3,30), (-3,-3), (-3,-3)]
Turtle 4 :[(-4,-4), (14,48), (13,48), (12,48), (11,48), (10,48), (9,48), (-4,-4), (-4,-4)]
Turtle 5 :[(-5,-5), (2,32), (2,31), (2,30), (2,29), (3,29), (3,28), (-5,-5), (-5,-5)]

Shrinking Run 85
#Info# Executed steps before collision: 8, Found collision: false
Turtle 1 :[(-1,-1), (25,13), (24,13), (23,13), (22,13), (21,13), (20,13), (-1,-1), (-1,-1)]
Turtle 2 :[(-2,-2), (10,11), (9,11), (9,11), (8,11), (7,11), (6,11), (6,11), (6,10)]
Turtle 3 :[(-3,-3), (5,27), (4,27), (4,28), (4,29), (4,30), (3,30), (-3,-3), (-3,-3)]
Turtle 4 :[(-4,-4), (14,48), (13,48), (12,48), (11,48), (10,48), (9,48), (-4,-4), (-4,-4)]
Turtle 5 :[(-5,-5), (2,32), (2,31), (2,30), (2,29), (1,29), (1,28), (-5,-5), (-5,-5)]

Shrinking Run 86
#Info# Executed steps before collision: 8, Found collision: false
Turtle 1 :[(-1,-1), (25,13), (24,13), (23,13), (22,13), (21,13), (20,13), (-1,-1), (-1,-1)]
Turtle 2 :[(-2,-2), (10,11), (9,11), (9,11), (8,11), (7,11), (6,11), (6,11), (6,10)]
Turtle 3 :[(-3,-3), (5,27), (4,27), (4,28), (4,29), (4,30), (3,30), (-3,-3), (-3,-3)]
Turtle 4 :[(-4,-4), (14,48), (13,48), (12,48), (11,48), (10,48), (9,48), (-4,-4), (-4,-4)]
Turtle 5 :[(-5,-5), (2,32), (3,32), (4,32), (4,31), (5,31), (5,30), (-5,-5), (-5,-5)]

Shrink Run 87
#Info# Executed steps before collision: 8, Found collision: false
Turtle 1 :[(-1,-1), (25,13), (24,13), (23,13), (22,13), (21,13), (20,13), (-1,-1), (-1,-1)]
Turtle 2 :[(-2,-2), (10,11), (9,11), (9,11), (8,11), (7,11), (6,11), (6,11), (6,10)]
Turtle 3 :[(-3,-3), (5,27), (4,27), (4,28), (4,29), (4,30), (3,30), (-3,-3), (-3,-3)]
Turtle 4 :[(-4,-4), (14,48), (13,48), (12,48), (11,48), (10,48), (9,48), (-4,-4), (-4,-4)]
Turtle 5 :[(-5,-5), (2,32), (2,31), (3,31), (4,31), (5,31), (5,30), (-5,-5), (-5,-5)]

