Shrinking Run 1
#Info# Executed steps before collision: 4, Found collision: true
Turtle 1 :[(-1,-1), (18,18), (17,18), (16,18), (15,18), (15,19), (14,19)]
Turtle 2 :[(-2,-2), (2,12), (2,11), (2,10), (2,9), (-2,-2), (-2,-2)]
Turtle 3 :[(-3,-3), (1,9), (2,9), (1,9), (2,9), (3,9), (3,8)]
Turtle 4 :[(-4,-4), (19,2), (18,2), (19,2), (19,2), (19,3), (-4,-4)]
Turtle 5 :[(-5,-5), (7,11), (7,12), (8,12), (8,13), (8,14), (8,15)]

Shrinking Run 2
#Info# Executed steps before collision: 6, Found collision: false
Turtle 1 :[(-1,-1), (18,18), (18,17), (18,16), (17,16), (17,15), (16,15)]
Turtle 2 :[(-2,-2), (2,12), (2,11), (1,11), (1,10), (1,9), (2,9)]
Turtle 3 :[(-3,-3), (1,9), (2,9), (1,9), (2,9), (2,8), (3,8)]
Turtle 4 :[(-4,-4), (19,2), (18,2), (19,2), (19,2), (19,3), (-4,-4)]
Turtle 5 :[(-5,-5), (7,11), (7,12), (8,12), (8,13), (8,14), (8,15)]

Shrinking Run 3
#Info# Executed steps before collision: 4, Found collision: true
Turtle 1 :[(-1,-1), (18,18), (18,17), (17,17), (16,17), (16,16), (15,16)]
Turtle 2 :[(-2,-2), (2,12), (2,11), (2,10), (2,9), (-2,-2), (-2,-2)]
Turtle 3 :[(-3,-3), (1,9), (2,9), (1,9), (2,9), (2,8), (3,8)]
Turtle 4 :[(-4,-4), (19,2), (18,2), (19,2), (19,2), (19,3), (-4,-4)]
Turtle 5 :[(-5,-5), (7,11), (7,12), (8,12), (8,13), (8,14), (8,15)]

Shrinking Run 4
#Info# Executed steps before collision: 4, Found collision: true
Turtle 1 :[(-1,-1), (18,18), (18,17), (18,16), (17,16), (16,16), (15,16)]
Turtle 2 :[(-2,-2), (2,12), (2,11), (2,10), (2,9), (-2,-2), (-2,-2)]
Turtle 3 :[(-3,-3), (1,9), (2,9), (1,9), (2,9), (2,8), (3,8)]
Turtle 4 :[(-4,-4), (19,2), (18,2), (19,2), (19,2), (19,3), (-4,-4)]
Turtle 5 :[(-5,-5), (7,11), (7,12), (8,12), (8,13), (8,14), (8,15)]

Shrinking Run 5
#Info# Executed steps before collision: 8, Found collision: false
Turtle 1 :[(-1,-1), (18,18), (18,17), (17,17), (16,17), (15,17), (15,16), (-1,-1), (-1,-1)]
Turtle 2 :[(-2,-2), (2,12), (2,11), (2,10), (2,9), (-2,-2), (-2,-2), (-2,-2), (-2,-2)]
Turtle 3 :[(-3,-3), (1,9), (2,9), (1,9), (1,10), (1,9), (2,9), (3,9), (3,8)]
Turtle 4 :[(-4,-4), (19,2), (18,2), (19,2), (19,2), (19,3), (-4,-4), (-4,-4), (-4,-4)]
Turtle 5 :[(-5,-5), (7,11), (7,12), (8,12), (8,13), (8,14), (8,15), (-5,-5), (-5,-5)]

Shrinking Run 6
#Info# Executed steps before collision: 4, Found collision: true
Turtle 1 :[(-1,-1), (18,18), (17,18), (17,17), (16,17), (15,17), (15,16)]
Turtle 2 :[(-2,-2), (2,12), (2,11), (2,10), (2,9), (-2,-2), (-2,-2)]
Turtle 3 :[(-3,-3), (1,9), (2,9), (1,9), (2,9), (2,8), (3,8)]
Turtle 4 :[(-4,-4), (19,2), (18,2), (19,2), (19,2), (19,3), (-4,-4)]
Turtle 5 :[(-5,-5), (7,11), (7,12), (8,12), (8,13), (8,14), (8,15)]

Shrinking Run 7
#Info# Executed steps before collision: 4, Found collision: true
Turtle 1 :[(-1,-1), (18,18), (17,18), (17,17), (16,17), (15,17), (14,17)]
Turtle 2 :[(-2,-2), (2,12), (2,11), (2,10), (2,9), (-2,-2), (-2,-2)]
Turtle 3 :[(-3,-3), (1,9), (2,9), (1,9), (2,9), (2,8), (3,8)]
Turtle 4 :[(-4,-4), (19,2), (18,2), (19,2), (19,2), (19,3), (-4,-4)]
Turtle 5 :[(-5,-5), (7,11), (7,12), (8,12), (8,13), (8,14), (8,15)]

Shrinking Run 8
#Info# Executed steps before collision: 4, Found collision: true
Turtle 1 :[(-1,-1), (18,18), (17,18), (16,18), (16,17), (15,17), (14,17)]
Turtle 2 :[(-2,-2), (2,12), (2,11), (2,10), (2,9), (-2,-2), (-2,-2)]
Turtle 3 :[(-3,-3), (1,9), (2,9), (1,9), (2,9), (2,8), (3,8)]
Turtle 4 :[(-4,-4), (19,2), (18,2), (19,2), (19,2), (19,3), (-4,-4)]
Turtle 5 :[(-5,-5), (7,11), (7,12), (8,12), (8,13), (8,14), (8,15)]

Shrinking Run 9
#Info# Executed steps before collision: 6, Found collision: false
Turtle 1 :[(-1,-1), (18,18), (17,18), (16,18), (15,18), (15,17), (14,17)]
Turtle 2 :[(-2,-2), (2,12), (2,11), (2,10), (2,9), (-2,-2), (-2,-2)]
Turtle 3 :[(-3,-3), (1,9), (2,9), (1,9), (1,8), (2,8), (3,8)]
Turtle 4 :[(-4,-4), (19,2), (18,2), (19,2), (19,2), (19,3), (-4,-4)]
Turtle 5 :[(-5,-5), (7,11), (7,12), (8,12), (8,13), (8,14), (8,15)]

Shrinking Run 10
#Info# Executed steps before collision: 6, Found collision: false
Turtle 1 :[(-1,-1), (18,18), (17,18), (17,17), (16,17), (15,17), (14,17)]
Turtle 2 :[(-2,-2), (2,12), (2,11), (2,10), (2,9), (1,9), (0,9)]
Turtle 3 :[(-3,-3), (1,9), (2,9), (1,9), (1,8), (2,8), (3,8)]
Turtle 4 :[(-4,-4), (19,2), (18,2), (19,2), (19,2), (19,3), (-4,-4)]
Turtle 5 :[(-5,-5), (7,11), (7,12), (8,12), (8,13), (8,14), (8,15)]

Shrinking Run 11
#Info# Executed steps before collision: 6, Found collision: false
Turtle 1 :[(-1,-1), (18,18), (17,18), (17,17), (16,17), (15,17), (14,17)]
Turtle 2 :[(-2,-2), (2,12), (2,11), (1,11), (1,10), (1,9), (-2,-2)]
Turtle 3 :[(-3,-3), (1,9), (2,9), (1,9), (2,9), (2,8), (3,8)]
Turtle 4 :[(-4,-4), (19,2), (18,2), (19,2), (19,2), (19,3), (-4,-4)]
Turtle 5 :[(-5,-5), (7,11), (7,12), (8,12), (8,13), (8,14), (8,15)]

Shrinking Run 12
#Info# Executed steps before collision: 4, Found collision: true
Turtle 1 :[(-1,-1), (18,18), (17,18), (17,17), (16,17), (15,17), (14,17), (-1,-1), (-1,-1)]
Turtle 2 :[(-2,-2), (2,12), (2,11), (2,10), (2,9), (2,8), (2,7), (-2,-2), (-2,-2)]
Turtle 3 :[(-3,-3), (1,9), (2,9), (1,9), (2,9), (2,10), (2,9), (3,9), (3,8)]
Turtle 4 :[(-4,-4), (19,2), (18,2), (19,2), (19,2), (19,3), (-4,-4), (-4,-4), (-4,-4)]
Turtle 5 :[(-5,-5), (7,11), (7,12), (8,12), (8,13), (8,14), (8,15), (-5,-5), (-5,-5)]

Shrinking Run 13
#Info# Executed steps before collision: 4, Found collision: true
Turtle 1 :[(-1,-1), (18,18), (17,18), (17,17), (16,17), (15,17), (14,17), (-1,-1)]
Turtle 2 :[(-2,-2), (2,12), (2,11), (2,10), (2,9), (2,8), (1,8), (-2,-2)]
Turtle 3 :[(-3,-3), (1,9), (2,9), (1,9), (2,9), (2,9), (2,8), (3,8)]
Turtle 4 :[(-4,-4), (19,2), (18,2), (19,2), (19,2), (19,3), (-4,-4), (-4,-4)]
Turtle 5 :[(-5,-5), (7,11), (7,12), (8,12), (8,13), (8,14), (8,15), (-5,-5)]

Shrinking Run 14
#Info# Executed steps before collision: 7, Found collision: false
Turtle 1 :[(-1,-1), (18,18), (17,18), (17,17), (16,17), (15,17), (14,17), (-1,-1)]
Turtle 2 :[(-2,-2), (2,12), (2,11), (2,11), (2,10), (2,9), (1,9), (1,8)]
Turtle 3 :[(-3,-3), (1,9), (2,9), (1,9), (1,8), (2,8), (3,8), (-3,-3)]
Turtle 4 :[(-4,-4), (19,2), (18,2), (19,2), (19,2), (19,3), (-4,-4), (-4,-4)]
Turtle 5 :[(-5,-5), (7,11), (7,12), (8,12), (8,13), (8,14), (8,15), (-5,-5)]

Shrinking Run 15
#Info# Executed steps before collision: 6, Found collision: false
Turtle 1 :[(-1,-1), (18,18), (17,18), (17,17), (16,17), (15,17), (14,17)]
Turtle 2 :[(-2,-2), (2,12), (1,12), (1,11), (1,10), (1,9), (1,8)]
Turtle 3 :[(-3,-3), (1,9), (2,9), (1,9), (2,9), (2,8), (3,8)]
Turtle 4 :[(-4,-4), (19,2), (18,2), (19,2), (19,2), (19,3), (-4,-4)]
Turtle 5 :[(-5,-5), (7,11), (7,12), (8,12), (8,13), (8,14), (8,15)]

Shrinking Run 16
#Info# Executed steps before collision: 6, Found collision: false
Turtle 1 :[(-1,-1), (18,18), (17,18), (17,17), (16,17), (15,17), (14,17)]
Turtle 2 :[(-2,-2), (2,12), (2,11), (1,11), (1,10), (1,9), (1,8)]
Turtle 3 :[(-3,-3), (1,9), (2,9), (1,9), (2,9), (2,8), (3,8)]
Turtle 4 :[(-4,-4), (19,2), (18,2), (19,2), (19,2), (19,3), (-4,-4)]
Turtle 5 :[(-5,-5), (7,11), (7,12), (8,12), (8,13), (8,14), (8,15)]

Shrinking Run 17
#Info# Executed steps before collision: 6, Found collision: false
Turtle 1 :[(-1,-1), (18,18), (17,18), (17,17), (16,17), (15,17), (14,17)]
Turtle 2 :[(-2,-2), (2,12), (2,11), (2,10), (1,10), (1,9), (1,8)]
Turtle 3 :[(-3,-3), (1,9), (2,9), (1,9), (2,9), (2,8), (3,8)]
Turtle 4 :[(-4,-4), (19,2), (18,2), (19,2), (19,2), (19,3), (-4,-4)]
Turtle 5 :[(-5,-5), (7,11), (7,12), (8,12), (8,13), (8,14), (8,15)]

Shrinking Run 18
#Info# Executed steps before collision: 6, Found collision: false
Turtle 1 :[(-1,-1), (18,18), (17,18), (17,17), (16,17), (15,17), (14,17)]
Turtle 2 :[(-2,-2), (2,12), (2,11), (2,10), (2,9), (2,8), (1,8)]
Turtle 3 :[(-3,-3), (1,9), (0,9), (0,9), (1,9), (1,8), (-3,-3)]
Turtle 4 :[(-4,-4), (19,2), (18,2), (19,2), (19,2), (19,3), (-4,-4)]
Turtle 5 :[(-5,-5), (7,11), (7,12), (8,12), (8,13), (8,14), (8,15)]

Shrinking Run 19
#Info# Executed steps before collision: 4, Found collision: true
Turtle 1 :[(-1,-1), (18,18), (17,18), (17,17), (16,17), (15,17), (14,17)]
Turtle 2 :[(-2,-2), (2,12), (2,11), (2,10), (2,9), (2,8), (1,8)]
Turtle 3 :[(-3,-3), (1,9), (2,9), (1,9), (2,9), (2,9), (2,8)]
Turtle 4 :[(-4,-4), (19,2), (18,2), (19,2), (19,2), (19,3), (-4,-4)]
Turtle 5 :[(-5,-5), (7,11), (7,12), (8,12), (8,13), (8,14), (8,15)]

Shrinking Run 20
#Info# Executed steps before collision: 6, Found collision: false
Turtle 1 :[(-1,-1), (18,18), (17,18), (17,17), (16,17), (15,17), (14,17)]
Turtle 2 :[(-2,-2), (2,12), (2,11), (2,10), (2,9), (2,8), (1,8)]
Turtle 3 :[(-3,-3), (1,9), (2,9), (1,9), (1,8), (-3,-3), (-3,-3)]
Turtle 4 :[(-4,-4), (19,2), (18,2), (19,2), (19,2), (19,3), (-4,-4)]
Turtle 5 :[(-5,-5), (7,11), (7,12), (8,12), (8,13), (8,14), (8,15)]

Shrinking Run 21
#Info# Executed steps before collision: 6, Found collision: false
Turtle 1 :[(-1,-1), (18,18), (17,18), (17,17), (16,17), (15,17), (14,17)]
Turtle 2 :[(-2,-2), (2,12), (2,11), (2,10), (2,9), (2,8), (1,8)]
Turtle 3 :[(-3,-3), (1,9), (1,8), (2,8), (2,7), (2,6), (2,5)]
Turtle 4 :[(-4,-4), (19,2), (18,2), (19,2), (19,2), (19,3), (-4,-4)]
Turtle 5 :[(-5,-5), (7,11), (7,12), (8,12), (8,13), (8,14), (8,15)]

Shrinking Run 22
#Info# Executed steps before collision: 6, Found collision: false
Turtle 1 :[(-1,-1), (18,18), (17,18), (17,17), (16,17), (15,17), (14,17)]
Turtle 2 :[(-2,-2), (2,12), (2,11), (2,10), (2,9), (2,8), (1,8)]
Turtle 3 :[(-3,-3), (1,9), (1,8), (2,8), (2,7), (2,6), (-3,-3)]
Turtle 4 :[(-4,-4), (19,2), (18,2), (19,2), (19,2), (19,3), (-4,-4)]
Turtle 5 :[(-5,-5), (7,11), (7,12), (8,12), (8,13), (8,14), (8,15)]

Shrinking Run 23
#Info# Executed steps before collision: 4, Found collision: true
Turtle 1 :[(-1,-1), (18,18), (17,18), (17,17), (16,17), (15,17), (14,17), (-1,-1), (-1,-1), (-1,-1), (-1,-1)]
Turtle 2 :[(-2,-2), (2,12), (2,11), (2,10), (2,9), (2,8), (1,8), (-2,-2), (-2,-2), (-2,-2), (-2,-2)]
Turtle 3 :[(-3,-3), (1,9), (2,9), (1,9), (2,9), (2,10), (3,10), (3,9), (3,8), (3,7), (2,7)]
Turtle 4 :[(-4,-4), (19,2), (18,2), (19,2), (19,2), (19,3), (-4,-4), (-4,-4), (-4,-4), (-4,-4), (-4,-4)]
Turtle 5 :[(-5,-5), (7,11), (7,12), (8,12), (8,13), (8,14), (8,15), (-5,-5), (-5,-5), (-5,-5), (-5,-5)]

Shrinking Run 24
#Info# Executed steps before collision: 6, Found collision: false
Turtle 1 :[(-1,-1), (18,18), (17,18), (17,17), (16,17), (15,17), (14,17)]
Turtle 2 :[(-2,-2), (2,12), (2,11), (2,10), (2,9), (2,8), (1,8)]
Turtle 3 :[(-3,-3), (1,9), (0,9), (0,9), (1,9), (1,8), (1,7)]
Turtle 4 :[(-4,-4), (19,2), (18,2), (19,2), (19,2), (19,3), (-4,-4)]
Turtle 5 :[(-5,-5), (7,11), (7,12), (8,12), (8,13), (8,14), (8,15)]

Shrinking Run 25
#Info# Executed steps before collision: 6, Found collision: false
Turtle 1 :[(-1,-1), (18,18), (17,18), (17,17), (16,17), (15,17), (14,17)]
Turtle 2 :[(-2,-2), (2,12), (2,11), (2,10), (2,9), (2,8), (1,8)]
Turtle 3 :[(-3,-3), (1,9), (1,8), (0,8), (1,8), (1,7), (-3,-3)]
Turtle 4 :[(-4,-4), (19,2), (18,2), (19,2), (19,2), (19,3), (-4,-4)]
Turtle 5 :[(-5,-5), (7,11), (7,12), (8,12), (8,13), (8,14), (8,15)]

Shrinking Run 26
#Info# Executed steps before collision: 6, Found collision: false
Turtle 1 :[(-1,-1), (18,18), (17,18), (17,17), (16,17), (15,17), (14,17)]
Turtle 2 :[(-2,-2), (2,12), (2,11), (2,10), (2,9), (2,8), (1,8)]
Turtle 3 :[(-3,-3), (1,9), (2,9), (2,8), (2,7), (-3,-3), (-3,-3)]
Turtle 4 :[(-4,-4), (19,2), (18,2), (19,2), (19,2), (19,3), (-4,-4)]
Turtle 5 :[(-5,-5), (7,11), (7,12), (8,12), (8,13), (8,14), (8,15)]

Shrinking Run 27
#Info# Executed steps before collision: 10, Found collision: false
Turtle 1 :[(-1,-1), (18,18), (17,18), (17,17), (16,17), (15,17), (14,17), (-1,-1), (-1,-1), (-1,-1), (-1,-1)]
Turtle 2 :[(-2,-2), (2,12), (2,11), (2,10), (2,9), (2,8), (1,8), (-2,-2), (-2,-2), (-2,-2), (-2,-2)]
Turtle 3 :[(-3,-3), (1,9), (2,9), (2,8), (1,8), (1,9), (1,10), (2,10), (2,9), (2,8), (2,7)]
Turtle 4 :[(-4,-4), (19,2), (18,2), (19,2), (19,2), (19,3), (-4,-4), (-4,-4), (-4,-4), (-4,-4), (-4,-4)]
Turtle 5 :[(-5,-5), (7,11), (7,12), (8,12), (8,13), (8,14), (8,15), (-5,-5), (-5,-5), (-5,-5), (-5,-5)]

Shrinking Run 28
#Info# Executed steps before collision: 4, Found collision: true
Turtle 1 :[(-1,-1), (18,18), (17,18), (17,17), (16,17), (15,17), (14,17), (-1,-1), (-1,-1)]
Turtle 2 :[(-2,-2), (2,12), (2,11), (2,10), (2,9), (2,8), (1,8), (-2,-2), (-2,-2)]
Turtle 3 :[(-3,-3), (1,9), (2,9), (3,9), (2,9), (2,10), (2,9), (2,8), (2,7)]
Turtle 4 :[(-4,-4), (19,2), (18,2), (19,2), (19,2), (19,3), (-4,-4), (-4,-4), (-4,-4)]
Turtle 5 :[(-5,-5), (7,11), (7,12), (8,12), (8,13), (8,14), (8,15), (-5,-5), (-5,-5)]

Shrinking Run 29
#Info# Executed steps before collision: 7, Found collision: false
Turtle 1 :[(-1,-1), (18,18), (17,18), (17,17), (16,17), (15,17), (14,17), (-1,-1)]
Turtle 2 :[(-2,-2), (2,12), (2,11), (2,10), (2,9), (2,8), (1,8), (-2,-2)]
Turtle 3 :[(-3,-3), (1,9), (2,9), (3,9), (3,8), (3,8), (2,8), (2,7)]
Turtle 4 :[(-4,-4), (19,2), (18,2), (19,2), (19,2), (19,3), (-4,-4), (-4,-4)]
Turtle 5 :[(-5,-5), (7,11), (7,12), (8,12), (8,13), (8,14), (8,15), (-5,-5)]

Shrinking Run 30
#Info# Executed steps before collision: 8, Found collision: false
Turtle 1 :[(-1,-1), (18,18), (17,18), (17,17), (16,17), (15,17), (14,17), (-1,-1), (-1,-1)]
Turtle 2 :[(-2,-2), (2,12), (2,11), (3,11), (2,11), (1,11), (1,10), (1,9), (1,8)]
Turtle 3 :[(-3,-3), (1,9), (2,9), (3,9), (2,9), (2,8), (2,7), (-3,-3), (-3,-3)]
Turtle 4 :[(-4,-4), (19,2), (18,2), (17,2), (16,2), (15,2), (14,2), (-4,-4), (-4,-4)]
Turtle 5 :[(-5,-5), (7,11), (7,12), (8,12), (8,13), (8,14), (8,15), (-5,-5), (-5,-5)]

Shrinking Run 31
#Info# Executed steps before collision: 4, Found collision: true
Turtle 1 :[(-1,-1), (18,18), (17,18), (17,17), (16,17), (15,17), (14,17), (-1,-1), (-1,-1)]
Turtle 2 :[(-2,-2), (2,12), (2,11), (2,10), (2,9), (2,8), (1,8), (-2,-2), (-2,-2)]
Turtle 3 :[(-3,-3), (1,9), (2,9), (3,9), (2,9), (3,9), (2,9), (2,8), (2,7)]
Turtle 4 :[(-4,-4), (19,2), (18,2), (17,2), (16,2), (16,3), (-4,-4), (-4,-4), (-4,-4)]
Turtle 5 :[(-5,-5), (7,11), (7,12), (8,12), (8,13), (8,14), (8,15), (-5,-5), (-5,-5)]

Shrinking Run 32
#Info# Executed steps before collision: 6, Found collision: false
Turtle 1 :[(-1,-1), (18,18), (17,18), (17,17), (16,17), (15,17), (14,17)]
Turtle 2 :[(-2,-2), (2,12), (2,11), (2,10), (1,10), (1,9), (1,8)]
Turtle 3 :[(-3,-3), (1,9), (2,9), (3,9), (2,9), (2,8), (2,7)]
Turtle 4 :[(-4,-4), (19,2), (18,2), (17,2), (16,2), (15,2), (15,3)]
Turtle 5 :[(-5,-5), (7,11), (7,12), (8,12), (8,13), (8,14), (8,15)]

Shrinking Run 33
#Info# Executed steps before collision: 8, Found collision: false
Turtle 1 :[(-1,-1), (18,18), (17,18), (17,17), (16,17), (15,17), (14,17), (-1,-1), (-1,-1)]
Turtle 2 :[(-2,-2), (2,12), (2,11), (2,11), (2,10), (2,10), (2,9), (2,8), (1,8)]
Turtle 3 :[(-3,-3), (1,9), (2,9), (3,9), (2,9), (2,8), (2,7), (-3,-3), (-3,-3)]
Turtle 4 :[(-4,-4), (19,2), (19,1), (18,1), (17,1), (16,1), (16,0), (-4,-4), (-4,-4)]
Turtle 5 :[(-5,-5), (7,11), (7,12), (8,12), (8,13), (8,14), (8,15), (-5,-5), (-5,-5)]

Shrinking Run 34
#Info# Executed steps before collision: 4, Found collision: true
Turtle 1 :[(-1,-1), (18,18), (17,18), (17,17), (16,17), (15,17), (14,17), (-1,-1), (-1,-1)]
Turtle 2 :[(-2,-2), (2,12), (2,11), (2,10), (2,9), (2,8), (1,8), (-2,-2), (-2,-2)]
Turtle 3 :[(-3,-3), (1,9), (2,9), (3,9), (2,9), (2,10), (2,9), (2,8), (2,7)]
Turtle 4 :[(-4,-4), (19,2), (18,2), (17,2), (16,2), (16,1), (-4,-4), (-4,-4), (-4,-4)]
Turtle 5 :[(-5,-5), (7,11), (7,12), (8,12), (8,13), (8,14), (8,15), (-5,-5), (-5,-5)]

Shrinking Run 35
#Info# Executed steps before collision: 8, Found collision: false
Turtle 1 :[(-1,-1), (18,18), (17,18), (17,17), (16,17), (15,17), (14,17), (-1,-1), (-1,-1)]
Turtle 2 :[(-2,-2), (2,12), (2,11), (3,11), (2,11), (2,10), (1,10), (1,9), (1,8)]
Turtle 3 :[(-3,-3), (1,9), (2,9), (3,9), (2,9), (2,8), (2,7), (-3,-3), (-3,-3)]
Turtle 4 :[(-4,-4), (19,2), (18,2), (17,2), (16,2), (15,2), (15,1), (-4,-4), (-4,-4)]
Turtle 5 :[(-5,-5), (7,11), (7,12), (8,12), (8,13), (8,14), (8,15), (-5,-5), (-5,-5)]

Shrinking Run 36
#Info# Executed steps before collision: 4, Found collision: true
Turtle 1 :[(-1,-1), (18,18), (17,18), (17,17), (16,17), (15,17), (14,17), (-1,-1)]
Turtle 2 :[(-2,-2), (2,12), (2,11), (2,10), (2,9), (2,8), (1,8), (-2,-2)]
Turtle 3 :[(-3,-3), (1,9), (2,9), (3,9), (2,9), (2,9), (2,8), (2,7)]
Turtle 4 :[(-4,-4), (19,2), (18,2), (17,2), (16,2), (16,1), (-4,-4), (-4,-4)]
Turtle 5 :[(-5,-5), (7,11), (7,12), (6,12), (6,13), (5,13), (5,14), (-5,-5)]

Shrinking Run 37
#Info# Executed steps before collision: 4, Found collision: true
Turtle 1 :[(-1,-1), (18,18), (17,18), (17,17), (16,17), (15,17), (14,17), (-1,-1), (-1,-1), (-1,-1), (-1,-1)]
Turtle 2 :[(-2,-2), (2,12), (2,11), (2,10), (2,9), (2,8), (1,8), (-2,-2), (-2,-2), (-2,-2), (-2,-2)]
Turtle 3 :[(-3,-3), (1,9), (2,9), (3,9), (2,9), (3,9), (4,9), (4,8), (3,8), (2,8), (2,7)]
Turtle 4 :[(-4,-4), (19,2), (18,2), (17,2), (16,2), (16,1), (-4,-4), (-4,-4), (-4,-4), (-4,-4), (-4,-4)]
Turtle 5 :[(-5,-5), (7,11), (7,10), (6,10), (5,10), (5,9), (5,8), (-5,-5), (-5,-5), (-5,-5), (-5,-5)]

Shrinking Run 38
#Info# Executed steps before collision: 7, Found collision: false
Turtle 1 :[(-1,-1), (18,18), (17,18), (17,17), (16,17), (15,17), (14,17), (-1,-1)]
Turtle 2 :[(-2,-2), (2,12), (2,11), (2,11), (2,10), (2,9), (1,9), (1,8)]
Turtle 3 :[(-3,-3), (1,9), (2,9), (3,9), (2,9), (2,8), (2,7), (-3,-3)]
Turtle 4 :[(-4,-4), (19,2), (18,2), (17,2), (16,2), (16,1), (-4,-4), (-4,-4)]
Turtle 5 :[(-5,-5), (7,11), (7,10), (6,10), (6,9), (5,9), (5,8), (-5,-5)]

Shrinking Run 39
#Info# Executed steps before collision: 7, Found collision: false
Turtle 1 :[(-1,-1), (18,18), (17,18), (17,17), (16,17), (15,17), (14,17), (-1,-1)]
Turtle 2 :[(-2,-2), (2,12), (2,11), (2,11), (2,10), (2,9), (2,8), (1,8)]
Turtle 3 :[(-3,-3), (1,9), (2,9), (3,9), (2,9), (2,8), (2,7), (-3,-3)]
Turtle 4 :[(-4,-4), (19,2), (18,2), (17,2), (16,2), (16,1), (-4,-4), (-4,-4)]
Turtle 5 :[(-5,-5), (7,11), (6,11), (5,11), (4,11), (4,10), (4,9), (-5,-5)]

Shrinking Run 40
#Info# Executed steps before collision: 4, Found collision: true
Turtle 1 :[(-1,-1), (18,18), (17,18), (17,17), (16,17), (15,17), (14,17), (-1,-1), (-1,-1)]
Turtle 2 :[(-2,-2), (2,12), (2,11), (2,10), (2,9), (2,8), (1,8), (-2,-2), (-2,-2)]
Turtle 3 :[(-3,-3), (1,9), (2,9), (3,9), (2,9), (2,10), (2,9), (2,8), (2,7)]
Turtle 4 :[(-4,-4), (19,2), (18,2), (17,2), (16,2), (16,1), (-4,-4), (-4,-4), (-4,-4)]
Turtle 5 :[(-5,-5), (7,11), (7,10), (6,10), (5,10), (5,9), (4,9), (-5,-5), (-5,-5)]

Shrinking Run 41
#Info# Executed steps before collision: 4, Found collision: true
Turtle 1 :[(-1,-1), (18,18), (17,18), (17,17), (16,17), (15,17), (14,17)]
Turtle 2 :[(-2,-2), (2,12), (2,11), (2,10), (2,9), (1,9), (1,8)]
Turtle 3 :[(-3,-3), (1,9), (2,9), (3,9), (2,9), (2,8), (2,7)]
Turtle 4 :[(-4,-4), (19,2), (18,2), (17,2), (16,2), (16,1), (-4,-4)]
Turtle 5 :[(-5,-5), (7,11), (7,10), (6,10), (6,9), (5,9), (4,9)]

Shrinking Run 42
#Info# Executed steps before collision: 4, Found collision: true
Turtle 1 :[(-1,-1), (18,18), (18,17), (18,16), (17,16), (17,15), (16,15), (-1,-1), (-1,-1)]
Turtle 2 :[(-2,-2), (2,12), (2,11), (2,10), (2,9), (2,8), (1,8), (-2,-2), (-2,-2)]
Turtle 3 :[(-3,-3), (1,9), (2,9), (3,9), (2,9), (1,9), (2,9), (2,8), (2,7)]
Turtle 4 :[(-4,-4), (19,2), (18,2), (17,2), (16,2), (16,1), (-4,-4), (-4,-4), (-4,-4)]
Turtle 5 :[(-5,-5), (7,11), (7,10), (6,10), (6,9), (5,9), (4,9), (-5,-5), (-5,-5)]

Shrinking Run 43
#Info# Executed steps before collision: 8, Found collision: false
Turtle 1 :[(-1,-1), (18,18), (18,17), (18,16), (17,16), (16,16), (15,16), (-1,-1), (-1,-1)]
Turtle 2 :[(-2,-2), (2,12), (2,11), (3,11), (3,10), (3,9), (3,8), (2,8), (1,8)]
Turtle 3 :[(-3,-3), (1,9), (2,9), (3,9), (2,9), (2,8), (2,7), (-3,-3), (-3,-3)]
Turtle 4 :[(-4,-4), (19,2), (18,2), (17,2), (16,2), (16,1), (-4,-4), (-4,-4), (-4,-4)]
Turtle 5 :[(-5,-5), (7,11), (7,10), (6,10), (6,9), (5,9), (4,9), (-5,-5), (-5,-5)]

Shrinking Run 44
#Info# Executed steps before collision: 4, Found collision: true
Turtle 1 :[(-1,-1), (18,18), (18,17), (17,17), (16,17), (16,16), (15,16), (-1,-1), (-1,-1)]
Turtle 2 :[(-2,-2), (2,12), (2,11), (2,10), (2,9), (2,8), (1,8), (-2,-2), (-2,-2)]
Turtle 3 :[(-3,-3), (1,9), (2,9), (3,9), (2,9), (1,9), (1,8), (2,8), (2,7)]
Turtle 4 :[(-4,-4), (19,2), (18,2), (17,2), (16,2), (16,1), (-4,-4), (-4,-4), (-4,-4)]
Turtle 5 :[(-5,-5), (7,11), (7,10), (6,10), (6,9), (5,9), (4,9), (-5,-5), (-5,-5)]

Shrinking Run 45
#Info# Executed steps before collision: 4, Found collision: true
Turtle 1 :[(-1,-1), (18,18), (17,18), (16,18), (15,18), (15,17), (15,16), (-1,-1), (-1,-1), (-1,-1), (-1,-1)]
Turtle 2 :[(-2,-2), (2,12), (2,11), (2,10), (2,9), (2,8), (1,8), (-2,-2), (-2,-2), (-2,-2), (-2,-2)]
Turtle 3 :[(-3,-3), (1,9), (2,9), (3,9), (2,9), (2,10), (1,10), (1,9), (2,9), (2,8), (2,7)]
Turtle 4 :[(-4,-4), (19,2), (18,2), (17,2), (16,2), (16,1), (-4,-4), (-4,-4), (-4,-4), (-4,-4), (-4,-4)]
Turtle 5 :[(-5,-5), (7,11), (7,10), (6,10), (6,9), (5,9), (4,9), (-5,-5), (-5,-5), (-5,-5), (-5,-5)]

Shrinking Run 46
#Info# Executed steps before collision: 4, Found collision: true
Turtle 1 :[(-1,-1), (18,18), (17,18), (16,18), (15,18), (15,17), (14,17), (-1,-1), (-1,-1)]
Turtle 2 :[(-2,-2), (2,12), (2,11), (2,10), (2,9), (2,8), (1,8), (-2,-2), (-2,-2)]
Turtle 3 :[(-3,-3), (1,9), (2,9), (3,9), (2,9), (1,9), (1,8), (2,8), (2,7)]
Turtle 4 :[(-4,-4), (19,2), (18,2), (17,2), (16,2), (16,1), (-4,-4), (-4,-4), (-4,-4)]
Turtle 5 :[(-5,-5), (7,11), (7,10), (6,10), (6,9), (5,9), (4,9), (-5,-5), (-5,-5)]

Shrinking Run 47
#Info# Executed steps before collision: 7, Found collision: false
Turtle 1 :[(-1,-1), (18,18), (18,17), (17,17), (16,17), (15,17), (14,17), (-1,-1)]
Turtle 2 :[(-2,-2), (2,12), (2,11), (2,10), (2,9), (2,8), (1,8), (-2,-2)]
Turtle 3 :[(-3,-3), (1,9), (2,9), (3,9), (3,8), (3,8), (2,8), (2,7)]
Turtle 4 :[(-4,-4), (19,2), (18,2), (17,2), (16,2), (16,1), (-4,-4), (-4,-4)]
Turtle 5 :[(-5,-5), (7,11), (7,10), (6,10), (6,9), (5,9), (4,9), (-5,-5)]

Shrinking Run 48
#Info# Executed steps before collision: 4, Found collision: true
Turtle 1 :[(-1,-1), (18,18), (17,18), (17,17), (16,17), (15,17), (14,17)]
Turtle 2 :[(-2,-2), (2,12), (2,11), (2,10), (2,9), (1,9), (0,9)]
Turtle 3 :[(-3,-3), (1,9), (2,9), (3,9), (2,9), (2,8), (2,7)]
Turtle 4 :[(-4,-4), (19,2), (18,2), (17,2), (16,2), (16,1), (-4,-4)]
Turtle 5 :[(-5,-5), (7,11), (7,10), (6,10), (6,9), (5,9), (4,9)]

Shrinking Run 49
#Info# Executed steps before collision: 6, Found collision: false
Turtle 1 :[(-1,-1), (18,18), (17,18), (17,17), (16,17), (15,17), (14,17)]
Turtle 2 :[(-2,-2), (2,12), (1,12), (1,11), (1,10), (0,10), (0,9)]
Turtle 3 :[(-3,-3), (1,9), (2,9), (3,9), (2,9), (2,8), (2,7)]
Turtle 4 :[(-4,-4), (19,2), (18,2), (17,2), (16,2), (16,1), (-4,-4)]
Turtle 5 :[(-5,-5), (7,11), (7,10), (6,10), (6,9), (5,9), (4,9)]

Shrinking Run 50
#Info# Executed steps before collision: 6, Found collision: false
Turtle 1 :[(-1,-1), (18,18), (17,18), (17,17), (16,17), (15,17), (14,17)]
Turtle 2 :[(-2,-2), (2,12), (2,11), (1,11), (1,10), (0,10), (0,9)]
Turtle 3 :[(-3,-3), (1,9), (2,9), (3,9), (2,9), (2,8), (2,7)]
Turtle 4 :[(-4,-4), (19,2), (18,2), (17,2), (16,2), (16,1), (-4,-4)]
Turtle 5 :[(-5,-5), (7,11), (7,10), (6,10), (6,9), (5,9), (4,9)]

Shrinking Run 51
#Info# Executed steps before collision: 8, Found collision: false
Turtle 1 :[(-1,-1), (18,18), (17,18), (17,17), (16,17), (15,17), (14,17), (-1,-1), (-1,-1)]
Turtle 2 :[(-2,-2), (2,12), (2,11), (2,10), (1,10), (0,10), (0,9), (-2,-2), (-2,-2)]
Turtle 3 :[(-3,-3), (1,9), (2,9), (3,9), (3,10), (3,9), (3,8), (2,8), (2,7)]
Turtle 4 :[(-4,-4), (19,2), (18,2), (17,2), (16,2), (16,1), (-4,-4), (-4,-4), (-4,-4)]
Turtle 5 :[(-5,-5), (7,11), (7,10), (6,10), (6,9), (5,9), (4,9), (-5,-5), (-5,-5)]

Shrinking Run 52
#Info# Executed steps before collision: 6, Found collision: false
Turtle 1 :[(-1,-1), (18,18), (17,18), (17,17), (16,17), (15,17), (14,17)]
Turtle 2 :[(-2,-2), (2,12), (1,12), (1,11), (1,10), (1,9), (0,9)]
Turtle 3 :[(-3,-3), (1,9), (2,9), (3,9), (2,9), (2,8), (2,7)]
Turtle 4 :[(-4,-4), (19,2), (18,2), (17,2), (16,2), (16,1), (-4,-4)]
Turtle 5 :[(-5,-5), (7,11), (7,10), (6,10), (6,9), (5,9), (4,9)]

Shrinking Run 53
#Info# Executed steps before collision: 6, Found collision: false
Turtle 1 :[(-1,-1), (18,18), (17,18), (17,17), (16,17), (15,17), (14,17)]
Turtle 2 :[(-2,-2), (2,12), (2,11), (1,11), (1,10), (1,9), (0,9)]
Turtle 3 :[(-3,-3), (1,9), (2,9), (3,9), (2,9), (2,8), (2,7)]
Turtle 4 :[(-4,-4), (19,2), (18,2), (17,2), (16,2), (16,1), (-4,-4)]
Turtle 5 :[(-5,-5), (7,11), (7,10), (6,10), (6,9), (5,9), (4,9)]

Shrinking Run 54
#Info# Executed steps before collision: 6, Found collision: false
Turtle 1 :[(-1,-1), (18,18), (17,18), (17,17), (16,17), (15,17), (14,17)]
Turtle 2 :[(-2,-2), (2,12), (2,11), (1,11), (1,10), (0,10), (0,9)]
Turtle 3 :[(-3,-3), (1,9), (2,9), (3,9), (2,9), (2,8), (2,7)]
Turtle 4 :[(-4,-4), (19,2), (18,2), (17,2), (16,2), (16,1), (-4,-4)]
Turtle 5 :[(-5,-5), (7,11), (7,10), (6,10), (6,9), (5,9), (4,9)]

Shrinking Run 55
#Info# Executed steps before collision: 7, Found collision: false
Turtle 1 :[(-1,-1), (18,18), (17,18), (17,17), (16,17), (15,17), (14,17), (-1,-1)]
Turtle 2 :[(-2,-2), (2,12), (2,11), (2,10), (2,9), (1,9), (0,9), (-2,-2)]
Turtle 3 :[(-3,-3), (1,9), (0,9), (0,9), (0,9), (0,9), (1,9), (1,8)]
Turtle 4 :[(-4,-4), (19,2), (18,2), (17,2), (16,2), (16,1), (-4,-4), (-4,-4)]
Turtle 5 :[(-5,-5), (7,11), (7,10), (6,10), (6,9), (5,9), (4,9), (-5,-5)]

Shrinking Run 56
#Info# Executed steps before collision: 6, Found collision: false
Turtle 1 :[(-1,-1), (18,18), (17,18), (17,17), (16,17), (15,17), (14,17)]
Turtle 2 :[(-2,-2), (2,12), (2,11), (2,10), (2,9), (1,9), (0,9)]
Turtle 3 :[(-3,-3), (1,9), (2,9), (1,9), (1,8), (-3,-3), (-3,-3)]
Turtle 4 :[(-4,-4), (19,2), (18,2), (17,2), (16,2), (16,1), (-4,-4)]
Turtle 5 :[(-5,-5), (7,11), (7,10), (6,10), (6,9), (5,9), (4,9)]

Shrinking Run 57
#Info# Executed steps before collision: 6, Found collision: false
Turtle 1 :[(-1,-1), (18,18), (17,18), (17,17), (16,17), (15,17), (14,17)]
Turtle 2 :[(-2,-2), (2,12), (2,11), (2,10), (2,9), (1,9), (0,9)]
Turtle 3 :[(-3,-3), (1,9), (1,8), (2,8), (2,7), (2,6), (2,5)]
Turtle 4 :[(-4,-4), (19,2), (18,2), (17,2), (16,2), (16,1), (-4,-4)]
Turtle 5 :[(-5,-5), (7,11), (7,10), (6,10), (6,9), (5,9), (4,9)]

Shrinking Run 58
#Info# Executed steps before collision: 6, Found collision: false
Turtle 1 :[(-1,-1), (18,18), (17,18), (17,17), (16,17), (15,17), (14,17)]
Turtle 2 :[(-2,-2), (2,12), (2,11), (2,10), (2,9), (1,9), (0,9)]
Turtle 3 :[(-3,-3), (1,9), (1,8), (2,8), (2,7), (2,6), (-3,-3)]
Turtle 4 :[(-4,-4), (19,2), (18,2), (17,2), (16,2), (16,1), (-4,-4)]
Turtle 5 :[(-5,-5), (7,11), (7,10), (6,10), (6,9), (5,9), (4,9)]

Shrinking Run 59
#Info# Executed steps before collision: 8, Found collision: false
Turtle 1 :[(-1,-1), (18,18), (17,18), (17,17), (16,17), (15,17), (14,17), (-1,-1), (-1,-1)]
Turtle 2 :[(-2,-2), (2,12), (2,11), (2,10), (2,9), (3,9), (2,9), (1,9), (0,9)]
Turtle 3 :[(-3,-3), (1,9), (0,9), (0,9), (1,9), (1,8), (1,7), (-3,-3), (-3,-3)]
Turtle 4 :[(-4,-4), (19,2), (18,2), (17,2), (16,2), (16,1), (-4,-4), (-4,-4), (-4,-4)]
Turtle 5 :[(-5,-5), (7,11), (7,10), (6,10), (6,9), (5,9), (4,9), (-5,-5), (-5,-5)]

Shrinking Run 60
#Info# Executed steps before collision: 6, Found collision: false
Turtle 1 :[(-1,-1), (18,18), (17,18), (17,17), (16,17), (15,17), (14,17)]
Turtle 2 :[(-2,-2), (2,12), (2,11), (2,10), (2,9), (1,9), (0,9)]
Turtle 3 :[(-3,-3), (1,9), (1,8), (0,8), (1,8), (1,7), (-3,-3)]
Turtle 4 :[(-4,-4), (19,2), (18,2), (17,2), (16,2), (16,1), (-4,-4)]
Turtle 5 :[(-5,-5), (7,11), (7,10), (6,10), (6,9), (5,9), (4,9)]

Shrinking Run 61
#Info# Executed steps before collision: 6, Found collision: false
Turtle 1 :[(-1,-1), (18,18), (17,18), (17,17), (16,17), (15,17), (14,17)]
Turtle 2 :[(-2,-2), (2,12), (2,11), (2,10), (2,9), (1,9), (0,9)]
Turtle 3 :[(-3,-3), (1,9), (2,9), (2,8), (2,7), (-3,-3), (-3,-3)]
Turtle 4 :[(-4,-4), (19,2), (18,2), (17,2), (16,2), (16,1), (-4,-4)]
Turtle 5 :[(-5,-5), (7,11), (7,10), (6,10), (6,9), (5,9), (4,9)]

Shrinking Run 62
#Info# Executed steps before collision: 6, Found collision: false
Turtle 1 :[(-1,-1), (18,18), (17,18), (17,17), (16,17), (15,17), (14,17)]
Turtle 2 :[(-2,-2), (2,12), (2,11), (2,10), (2,9), (1,9), (0,9)]
Turtle 3 :[(-3,-3), (1,9), (2,9), (2,8), (1,8), (2,8), (2,7)]
Turtle 4 :[(-4,-4), (19,2), (18,2), (17,2), (16,2), (16,1), (-4,-4)]
Turtle 5 :[(-5,-5), (7,11), (7,10), (6,10), (6,9), (5,9), (4,9)]

Shrinking Run 63
#Info# Executed steps before collision: 6, Found collision: false
Turtle 1 :[(-1,-1), (18,18), (17,18), (17,17), (16,17), (15,17), (14,17)]
Turtle 2 :[(-2,-2), (2,12), (2,11), (2,10), (2,9), (1,9), (0,9)]
Turtle 3 :[(-3,-3), (1,9), (2,9), (3,9), (3,8), (2,8), (2,7)]
Turtle 4 :[(-4,-4), (19,2), (18,2), (17,2), (16,2), (16,1), (-4,-4)]
Turtle 5 :[(-5,-5), (7,11), (7,10), (6,10), (6,9), (5,9), (4,9)]

Shrinking Run 64
#Info# Executed steps before collision: 8, Found collision: false
Turtle 1 :[(-1,-1), (18,18), (17,18), (17,17), (16,17), (15,17), (14,17), (-1,-1), (-1,-1)]
Turtle 2 :[(-2,-2), (2,12), (2,11), (2,10), (2,9), (1,9), (0,9), (-2,-2), (-2,-2)]
Turtle 3 :[(-3,-3), (1,9), (2,9), (3,9), (4,9), (4,8), (3,8), (3,7), (2,7)]
Turtle 4 :[(-4,-4), (19,2), (18,2), (17,2), (16,2), (15,2), (14,2), (-4,-4), (-4,-4)]
Turtle 5 :[(-5,-5), (7,11), (7,10), (6,10), (6,9), (5,9), (4,9), (-5,-5), (-5,-5)]

Shrinking Run 65
#Info# Executed steps before collision: 8, Found collision: false
Turtle 1 :[(-1,-1), (18,18), (17,18), (17,17), (16,17), (15,17), (14,17), (-1,-1), (-1,-1)]
Turtle 2 :[(-2,-2), (2,12), (2,11), (3,11), (3,10), (3,9), (2,9), (1,9), (0,9)]
Turtle 3 :[(-3,-3), (1,9), (2,9), (3,9), (2,9), (2,8), (2,7), (-3,-3), (-3,-3)]
Turtle 4 :[(-4,-4), (19,2), (18,2), (17,2), (16,2), (15,2), (15,3), (-4,-4), (-4,-4)]
Turtle 5 :[(-5,-5), (7,11), (7,10), (6,10), (6,9), (5,9), (4,9), (-5,-5), (-5,-5)]

Shrinking Run 66
#Info# Executed steps before collision: 4, Found collision: true
Turtle 1 :[(-1,-1), (18,18), (17,18), (17,17), (16,17), (15,17), (14,17)]
Turtle 2 :[(-2,-2), (2,12), (2,11), (2,10), (2,9), (1,9), (0,9)]
Turtle 3 :[(-3,-3), (1,9), (2,9), (3,9), (2,9), (2,8), (2,7)]
Turtle 4 :[(-4,-4), (19,2), (19,1), (18,1), (17,1), (16,1), (16,0)]
Turtle 5 :[(-5,-5), (7,11), (7,10), (6,10), (6,9), (5,9), (4,9)]

Shrinking Run 67
#Info# Executed steps before collision: 4, Found collision: true
Turtle 1 :[(-1,-1), (18,18), (17,18), (17,17), (16,17), (15,17), (14,17)]
Turtle 2 :[(-2,-2), (2,12), (2,11), (2,10), (2,9), (1,9), (0,9)]
Turtle 3 :[(-3,-3), (1,9), (2,9), (3,9), (2,9), (2,8), (2,7)]
Turtle 4 :[(-4,-4), (19,2), (18,2), (17,2), (16,2), (15,2), (15,1)]
Turtle 5 :[(-5,-5), (7,11), (7,10), (6,10), (6,9), (5,9), (4,9)]

Shrinking Run 68
#Info# Executed steps before collision: 4, Found collision: true
Turtle 1 :[(-1,-1), (18,18), (17,18), (17,17), (16,17), (15,17), (14,17)]
Turtle 2 :[(-2,-2), (2,12), (2,11), (2,10), (2,9), (1,9), (0,9)]
Turtle 3 :[(-3,-3), (1,9), (2,9), (3,9), (2,9), (2,8), (2,7)]
Turtle 4 :[(-4,-4), (19,2), (18,2), (17,2), (16,2), (15,2), (15,1)]
Turtle 5 :[(-5,-5), (7,11), (7,10), (6,10), (6,9), (5,9), (5,8)]

Shrinking Run 69
#Info# Executed steps before collision: 4, Found collision: true
Turtle 1 :[(-1,-1), (18,18), (17,18), (17,17), (16,17), (15,17), (14,17)]
Turtle 2 :[(-2,-2), (2,12), (2,11), (2,10), (2,9), (1,9), (0,9)]
Turtle 3 :[(-3,-3), (1,9), (2,9), (3,9), (2,9), (2,8), (2,7)]
Turtle 4 :[(-4,-4), (19,2), (18,2), (17,2), (16,2), (15,2), (15,1)]
Turtle 5 :[(-5,-5), (7,11), (7,10), (6,10), (5,10), (4,10), (4,9)]

Shrinking Run 70
#Info# Executed steps before collision: 4, Found collision: true
Turtle 1 :[(-1,-1), (18,18), (17,18), (17,17), (16,17), (15,17), (14,17)]
Turtle 2 :[(-2,-2), (2,12), (2,11), (2,10), (2,9), (1,9), (0,9)]
Turtle 3 :[(-3,-3), (1,9), (2,9), (3,9), (2,9), (2,8), (2,7)]
Turtle 4 :[(-4,-4), (19,2), (18,2), (17,2), (16,2), (15,2), (15,1)]
Turtle 5 :[(-5,-5), (7,11), (6,11), (5,11), (4,11), (3,11), (3,10)]

Shrinking Run 71
#Info# Executed steps before collision: 9, Found collision: false
Turtle 1 :[(-1,-1), (18,18), (17,18), (17,17), (16,17), (15,17), (14,17), (-1,-1), (-1,-1), (-1,-1)]
Turtle 2 :[(-2,-2), (2,12), (2,11), (2,10), (2,9), (1,9), (0,9), (-2,-2), (-2,-2), (-2,-2)]
Turtle 3 :[(-3,-3), (1,9), (2,9), (3,9), (3,9), (3,10), (3,9), (2,9), (2,8), (2,7)]
Turtle 4 :[(-4,-4), (19,2), (18,2), (17,2), (16,2), (15,2), (15,1), (-4,-4), (-4,-4), (-4,-4)]
Turtle 5 :[(-5,-5), (7,11), (6,11), (5,11), (4,11), (3,11), (2,11), (-5,-5), (-5,-5), (-5,-5)]

Shrinking Run 72
#Info# Executed steps before collision: 9, Found collision: false
Turtle 1 :[(-1,-1), (18,18), (18,17), (18,16), (17,16), (16,16), (15,16), (-1,-1), (-1,-1), (-1,-1)]
Turtle 2 :[(-2,-2), (2,12), (2,11), (2,11), (2,10), (2,11), (1,11), (1,10), (0,10), (0,9)]
Turtle 3 :[(-3,-3), (1,9), (2,9), (3,9), (2,9), (2,8), (2,7), (-3,-3), (-3,-3), (-3,-3)]
Turtle 4 :[(-4,-4), (19,2), (18,2), (17,2), (16,2), (15,2), (15,1), (-4,-4), (-4,-4), (-4,-4)]
Turtle 5 :[(-5,-5), (7,11), (6,11), (5,11), (4,11), (3,11), (3,10), (-5,-5), (-5,-5), (-5,-5)]

Shrinking Run 73
#Info# Executed steps before collision: 4, Found collision: true
Turtle 1 :[(-1,-1), (18,18), (18,17), (17,17), (16,17), (15,17), (14,17)]
Turtle 2 :[(-2,-2), (2,12), (2,11), (2,10), (2,9), (1,9), (0,9)]
Turtle 3 :[(-3,-3), (1,9), (2,9), (3,9), (2,9), (2,8), (2,7)]
Turtle 4 :[(-4,-4), (19,2), (18,2), (17,2), (16,2), (15,2), (15,1)]
Turtle 5 :[(-5,-5), (7,11), (6,11), (5,11), (4,11), (3,11), (3,10)]

Shrinking Run 74
#Info# Executed steps before collision: 6, Found collision: false
Turtle 1 :[(-1,-1), (18,18), (18,17), (17,17), (16,17), (15,17), (14,17)]
Turtle 2 :[(-2,-2), (2,12), (1,12), (1,11), (1,10), (0,10), (0,9)]
Turtle 3 :[(-3,-3), (1,9), (2,9), (3,9), (2,9), (2,8), (2,7)]
Turtle 4 :[(-4,-4), (19,2), (18,2), (17,2), (16,2), (15,2), (15,1)]
Turtle 5 :[(-5,-5), (7,11), (6,11), (5,11), (4,11), (3,11), (3,10)]

Shrinking Run 75
#Info# Executed steps before collision: 6, Found collision: false
Turtle 1 :[(-1,-1), (18,18), (18,17), (17,17), (16,17), (15,17), (14,17)]
Turtle 2 :[(-2,-2), (2,12), (2,11), (1,11), (1,10), (0,10), (0,9)]
Turtle 3 :[(-3,-3), (1,9), (2,9), (3,9), (2,9), (2,8), (2,7)]
Turtle 4 :[(-4,-4), (19,2), (18,2), (17,2), (16,2), (15,2), (15,1)]
Turtle 5 :[(-5,-5), (7,11), (6,11), (5,11), (4,11), (3,11), (3,10)]

Shrinking Run 76
#Info# Executed steps before collision: 6, Found collision: false
Turtle 1 :[(-1,-1), (18,18), (18,17), (17,17), (16,17), (15,17), (14,17)]
Turtle 2 :[(-2,-2), (2,12), (2,11), (2,10), (1,10), (0,10), (0,9)]
Turtle 3 :[(-3,-3), (1,9), (2,9), (3,9), (2,9), (2,8), (2,7)]
Turtle 4 :[(-4,-4), (19,2), (18,2), (17,2), (16,2), (15,2), (15,1)]
Turtle 5 :[(-5,-5), (7,11), (6,11), (5,11), (4,11), (3,11), (3,10)]

Shrinking Run 77
#Info# Executed steps before collision: 6, Found collision: false
Turtle 1 :[(-1,-1), (18,18), (18,17), (17,17), (16,17), (15,17), (14,17)]
Turtle 2 :[(-2,-2), (2,12), (1,12), (1,11), (1,10), (1,9), (0,9)]
Turtle 3 :[(-3,-3), (1,9), (2,9), (3,9), (2,9), (2,8), (2,7)]
Turtle 4 :[(-4,-4), (19,2), (18,2), (17,2), (16,2), (15,2), (15,1)]
Turtle 5 :[(-5,-5), (7,11), (6,11), (5,11), (4,11), (3,11), (3,10)]

Shrinking Run 78
#Info# Executed steps before collision: 6, Found collision: false
Turtle 1 :[(-1,-1), (18,18), (18,17), (17,17), (16,17), (15,17), (14,17)]
Turtle 2 :[(-2,-2), (2,12), (2,11), (1,11), (1,10), (1,9), (0,9)]
Turtle 3 :[(-3,-3), (1,9), (2,9), (3,9), (2,9), (2,8), (2,7)]
Turtle 4 :[(-4,-4), (19,2), (18,2), (17,2), (16,2), (15,2), (15,1)]
Turtle 5 :[(-5,-5), (7,11), (6,11), (5,11), (4,11), (3,11), (3,10)]

Shrinking Run 79
#Info# Executed steps before collision: 6, Found collision: false
Turtle 1 :[(-1,-1), (18,18), (18,17), (17,17), (16,17), (15,17), (14,17)]
Turtle 2 :[(-2,-2), (2,12), (2,11), (2,10), (1,10), (1,9), (0,9)]
Turtle 3 :[(-3,-3), (1,9), (2,9), (3,9), (2,9), (2,8), (2,7)]
Turtle 4 :[(-4,-4), (19,2), (18,2), (17,2), (16,2), (15,2), (15,1)]
Turtle 5 :[(-5,-5), (7,11), (6,11), (5,11), (4,11), (3,11), (3,10)]

Shrinking Run 80
#Info# Executed steps before collision: 8, Found collision: false
Turtle 1 :[(-1,-1), (18,18), (18,17), (17,17), (16,17), (15,17), (14,17), (-1,-1), (-1,-1)]
Turtle 2 :[(-2,-2), (2,12), (2,11), (2,10), (2,9), (2,8), (1,8), (0,8), (0,9)]
Turtle 3 :[(-3,-3), (1,9), (0,9), (0,9), (1,9), (1,8), (-3,-3), (-3,-3), (-3,-3)]
Turtle 4 :[(-4,-4), (19,2), (18,2), (17,2), (16,2), (15,2), (15,1), (-4,-4), (-4,-4)]
Turtle 5 :[(-5,-5), (7,11), (6,11), (5,11), (4,11), (3,11), (3,10), (-5,-5), (-5,-5)]

Shrinking Run 81
#Info# Executed steps before collision: 6, Found collision: false
Turtle 1 :[(-1,-1), (18,18), (18,17), (17,17), (16,17), (15,17), (14,17)]
Turtle 2 :[(-2,-2), (2,12), (2,11), (2,10), (2,9), (1,9), (0,9)]
Turtle 3 :[(-3,-3), (1,9), (2,9), (1,9), (1,8), (-3,-3), (-3,-3)]
Turtle 4 :[(-4,-4), (19,2), (18,2), (17,2), (16,2), (15,2), (15,1)]
Turtle 5 :[(-5,-5), (7,11), (6,11), (5,11), (4,11), (3,11), (3,10)]

Shrinking Run 82
#Info# Executed steps before collision: 6, Found collision: false
Turtle 1 :[(-1,-1), (18,18), (18,17), (17,17), (16,17), (15,17), (14,17)]
Turtle 2 :[(-2,-2), (2,12), (2,11), (2,10), (2,9), (1,9), (0,9)]
Turtle 3 :[(-3,-3), (1,9), (1,8), (2,8), (2,7), (2,6), (2,5)]
Turtle 4 :[(-4,-4), (19,2), (18,2), (17,2), (16,2), (15,2), (15,1)]
Turtle 5 :[(-5,-5), (7,11), (6,11), (5,11), (4,11), (3,11), (3,10)]

Shrinking Run 83
#Info# Executed steps before collision: 6, Found collision: false
Turtle 1 :[(-1,-1), (18,18), (18,17), (17,17), (16,17), (15,17), (14,17)]
Turtle 2 :[(-2,-2), (2,12), (2,11), (2,10), (2,9), (1,9), (0,9)]
Turtle 3 :[(-3,-3), (1,9), (1,8), (2,8), (2,7), (2,6), (-3,-3)]
Turtle 4 :[(-4,-4), (19,2), (18,2), (17,2), (16,2), (15,2), (15,1)]
Turtle 5 :[(-5,-5), (7,11), (6,11), (5,11), (4,11), (3,11), (3,10)]

Shrinking Run 84
#Info# Executed steps before collision: 7, Found collision: false
Turtle 1 :[(-1,-1), (18,18), (18,17), (17,17), (16,17), (15,17), (14,17), (-1,-1)]
Turtle 2 :[(-2,-2), (2,12), (2,11), (2,10), (2,9), (2,9), (1,9), (0,9)]
Turtle 3 :[(-3,-3), (1,9), (0,9), (0,9), (1,9), (1,8), (1,7), (-3,-3)]
Turtle 4 :[(-4,-4), (19,2), (18,2), (17,2), (16,2), (15,2), (15,1), (-4,-4)]
Turtle 5 :[(-5,-5), (7,11), (6,11), (5,11), (4,11), (3,11), (3,10), (-5,-5)]

Shrinking Run 85
#Info# Executed steps before collision: 6, Found collision: false
Turtle 1 :[(-1,-1), (18,18), (18,17), (17,17), (16,17), (15,17), (14,17)]
Turtle 2 :[(-2,-2), (2,12), (2,11), (2,10), (2,9), (1,9), (0,9)]
Turtle 3 :[(-3,-3), (1,9), (1,8), (0,8), (1,8), (1,7), (-3,-3)]
Turtle 4 :[(-4,-4), (19,2), (18,2), (17,2), (16,2), (15,2), (15,1)]
Turtle 5 :[(-5,-5), (7,11), (6,11), (5,11), (4,11), (3,11), (3,10)]

Shrinking Run 86
#Info# Executed steps before collision: 6, Found collision: false
Turtle 1 :[(-1,-1), (18,18), (18,17), (17,17), (16,17), (15,17), (14,17)]
Turtle 2 :[(-2,-2), (2,12), (2,11), (2,10), (2,9), (1,9), (0,9)]
Turtle 3 :[(-3,-3), (1,9), (2,9), (2,8), (2,7), (-3,-3), (-3,-3)]
Turtle 4 :[(-4,-4), (19,2), (18,2), (17,2), (16,2), (15,2), (15,1)]
Turtle 5 :[(-5,-5), (7,11), (6,11), (5,11), (4,11), (3,11), (3,10)]

Shrinking Run 87
#Info# Executed steps before collision: 6, Found collision: false
Turtle 1 :[(-1,-1), (18,18), (18,17), (17,17), (16,17), (15,17), (14,17)]
Turtle 2 :[(-2,-2), (2,12), (2,11), (2,10), (2,9), (1,9), (0,9)]
Turtle 3 :[(-3,-3), (1,9), (2,9), (2,8), (1,8), (2,8), (2,7)]
Turtle 4 :[(-4,-4), (19,2), (18,2), (17,2), (16,2), (15,2), (15,1)]
Turtle 5 :[(-5,-5), (7,11), (6,11), (5,11), (4,11), (3,11), (3,10)]

Shrinking Run 88
#Info# Executed steps before collision: 6, Found collision: false
Turtle 1 :[(-1,-1), (18,18), (18,17), (17,17), (16,17), (15,17), (14,17)]
Turtle 2 :[(-2,-2), (2,12), (2,11), (2,10), (2,9), (1,9), (0,9)]
Turtle 3 :[(-3,-3), (1,9), (2,9), (3,9), (3,8), (2,8), (2,7)]
Turtle 4 :[(-4,-4), (19,2), (18,2), (17,2), (16,2), (15,2), (15,1)]
Turtle 5 :[(-5,-5), (7,11), (6,11), (5,11), (4,11), (3,11), (3,10)]

Shrinking Run 89
#Info# Executed steps before collision: 8, Found collision: false
Turtle 1 :[(-1,-1), (18,18), (18,17), (17,17), (16,17), (15,17), (14,17), (-1,-1), (-1,-1)]
Turtle 2 :[(-2,-2), (2,12), (2,11), (2,10), (2,9), (1,9), (0,9), (-2,-2), (-2,-2)]
Turtle 3 :[(-3,-3), (1,9), (2,9), (3,9), (3,10), (2,10), (2,9), (2,8), (2,7)]
Turtle 4 :[(-4,-4), (19,2), (18,2), (17,2), (16,2), (15,2), (14,2), (-4,-4), (-4,-4)]
Turtle 5 :[(-5,-5), (7,11), (6,11), (5,11), (4,11), (3,11), (3,10), (-5,-5), (-5,-5)]

Shrinking Run 90
#Info# Executed steps before collision: 4, Found collision: true
Turtle 1 :[(-1,-1), (18,18), (18,17), (17,17), (16,17), (15,17), (14,17)]
Turtle 2 :[(-2,-2), (2,12), (2,11), (2,10), (2,9), (1,9), (0,9)]
Turtle 3 :[(-3,-3), (1,9), (2,9), (3,9), (2,9), (2,8), (2,7)]
Turtle 4 :[(-4,-4), (19,2), (18,2), (17,2), (16,2), (15,2), (15,3)]
Turtle 5 :[(-5,-5), (7,11), (6,11), (5,11), (4,11), (3,11), (3,10)]

Shrinking Run 91
#Info# Executed steps before collision: 4, Found collision: true
Turtle 1 :[(-1,-1), (18,18), (18,17), (17,17), (16,17), (15,17), (14,17)]
Turtle 2 :[(-2,-2), (2,12), (2,11), (2,10), (2,9), (1,9), (0,9)]
Turtle 3 :[(-3,-3), (1,9), (2,9), (3,9), (2,9), (2,8), (2,7)]
Turtle 4 :[(-4,-4), (19,2), (18,2), (17,2), (16,2), (15,2), (15,1)]
Turtle 5 :[(-5,-5), (7,11), (6,11), (5,11), (4,11), (3,11), (2,11)]

Shrinking Run 92
#Info# Executed steps before collision: 4, Found collision: true
Turtle 1 :[(-1,-1), (18,18), (18,17), (18,16), (17,16), (16,16), (15,16)]
Turtle 2 :[(-2,-2), (2,12), (2,11), (2,10), (2,9), (1,9), (0,9)]
Turtle 3 :[(-3,-3), (1,9), (2,9), (3,9), (2,9), (2,8), (2,7)]
Turtle 4 :[(-4,-4), (19,2), (18,2), (17,2), (16,2), (15,2), (15,1)]
Turtle 5 :[(-5,-5), (7,11), (6,11), (5,11), (4,11), (3,11), (2,11)]

Shrinking Run 93
#Info# Executed steps before collision: 4, Found collision: true
Turtle 1 :[(-1,-1), (18,18), (18,17), (17,17), (16,17), (15,17), (15,16)]
Turtle 2 :[(-2,-2), (2,12), (2,11), (2,10), (2,9), (1,9), (0,9)]
Turtle 3 :[(-3,-3), (1,9), (2,9), (3,9), (2,9), (2,8), (2,7)]
Turtle 4 :[(-4,-4), (19,2), (18,2), (17,2), (16,2), (15,2), (15,1)]
Turtle 5 :[(-5,-5), (7,11), (6,11), (5,11), (4,11), (3,11), (2,11)]

Shrinking Run 94
#Info# Executed steps before collision: 4, Found collision: true
Turtle 1 :[(-1,-1), (18,18), (17,18), (16,18), (15,18), (14,18), (14,17)]
Turtle 2 :[(-2,-2), (2,12), (2,11), (2,10), (2,9), (1,9), (0,9)]
Turtle 3 :[(-3,-3), (1,9), (2,9), (3,9), (2,9), (2,8), (2,7)]
Turtle 4 :[(-4,-4), (19,2), (18,2), (17,2), (16,2), (15,2), (15,1)]
Turtle 5 :[(-5,-5), (7,11), (6,11), (5,11), (4,11), (3,11), (2,11)]

Shrinking Run 95
#Info# Executed steps before collision: 4, Found collision: true
Turtle 1 :[(-1,-1), (18,18), (17,18), (16,18), (15,18), (14,18), (13,18)]
Turtle 2 :[(-2,-2), (2,12), (2,11), (2,10), (2,9), (1,9), (0,9)]
Turtle 3 :[(-3,-3), (1,9), (2,9), (3,9), (2,9), (2,8), (2,7)]
Turtle 4 :[(-4,-4), (19,2), (18,2), (17,2), (16,2), (15,2), (15,1)]
Turtle 5 :[(-5,-5), (7,11), (6,11), (5,11), (4,11), (3,11), (2,11)]

Shrinking Run 96
#Info# Executed steps before collision: 6, Found collision: false
Turtle 1 :[(-1,-1), (18,18), (17,18), (16,18), (15,18), (14,18), (13,18)]
Turtle 2 :[(-2,-2), (2,12), (1,12), (1,11), (1,10), (0,10), (0,9)]
Turtle 3 :[(-3,-3), (1,9), (2,9), (3,9), (2,9), (2,8), (2,7)]
Turtle 4 :[(-4,-4), (19,2), (18,2), (17,2), (16,2), (15,2), (15,1)]
Turtle 5 :[(-5,-5), (7,11), (6,11), (5,11), (4,11), (3,11), (2,11)]

Shrinking Run 97
#Info# Executed steps before collision: 6, Found collision: false
Turtle 1 :[(-1,-1), (18,18), (17,18), (16,18), (15,18), (14,18), (13,18)]
Turtle 2 :[(-2,-2), (2,12), (2,11), (1,11), (1,10), (0,10), (0,9)]
Turtle 3 :[(-3,-3), (1,9), (2,9), (3,9), (2,9), (2,8), (2,7)]
Turtle 4 :[(-4,-4), (19,2), (18,2), (17,2), (16,2), (15,2), (15,1)]
Turtle 5 :[(-5,-5), (7,11), (6,11), (5,11), (4,11), (3,11), (2,11)]

Shrinking Run 98
#Info# Executed steps before collision: 6, Found collision: false
Turtle 1 :[(-1,-1), (18,18), (17,18), (16,18), (15,18), (14,18), (13,18)]
Turtle 2 :[(-2,-2), (2,12), (2,11), (2,10), (1,10), (0,10), (0,9)]
Turtle 3 :[(-3,-3), (1,9), (2,9), (3,9), (2,9), (2,8), (2,7)]
Turtle 4 :[(-4,-4), (19,2), (18,2), (17,2), (16,2), (15,2), (15,1)]
Turtle 5 :[(-5,-5), (7,11), (6,11), (5,11), (4,11), (3,11), (2,11)]

Shrinking Run 99
#Info# Executed steps before collision: 6, Found collision: false
Turtle 1 :[(-1,-1), (18,18), (17,18), (16,18), (15,18), (14,18), (13,18)]
Turtle 2 :[(-2,-2), (2,12), (1,12), (1,11), (1,10), (1,9), (0,9)]
Turtle 3 :[(-3,-3), (1,9), (2,9), (3,9), (2,9), (2,8), (2,7)]
Turtle 4 :[(-4,-4), (19,2), (18,2), (17,2), (16,2), (15,2), (15,1)]
Turtle 5 :[(-5,-5), (7,11), (6,11), (5,11), (4,11), (3,11), (2,11)]

Shrinking Run 100
#Info# Executed steps before collision: 6, Found collision: false
Turtle 1 :[(-1,-1), (18,18), (17,18), (16,18), (15,18), (14,18), (13,18)]
Turtle 2 :[(-2,-2), (2,12), (2,11), (1,11), (1,10), (1,9), (0,9)]
Turtle 3 :[(-3,-3), (1,9), (2,9), (3,9), (2,9), (2,8), (2,7)]
Turtle 4 :[(-4,-4), (19,2), (18,2), (17,2), (16,2), (15,2), (15,1)]
Turtle 5 :[(-5,-5), (7,11), (6,11), (5,11), (4,11), (3,11), (2,11)]

Shrinking Run 101
#Info# Executed steps before collision: 7, Found collision: false
Turtle 1 :[(-1,-1), (18,18), (17,18), (16,18), (15,18), (14,18), (13,18), (-1,-1)]
Turtle 2 :[(-2,-2), (2,12), (2,11), (2,11), (2,10), (1,10), (1,9), (0,9)]
Turtle 3 :[(-3,-3), (1,9), (2,9), (3,9), (2,9), (2,8), (2,7), (-3,-3)]
Turtle 4 :[(-4,-4), (19,2), (18,2), (17,2), (16,2), (15,2), (15,1), (-4,-4)]
Turtle 5 :[(-5,-5), (7,11), (6,11), (5,11), (4,11), (3,11), (2,11), (-5,-5)]

Shrinking Run 102
#Info# Executed steps before collision: 8, Found collision: false
Turtle 1 :[(-1,-1), (18,18), (17,18), (16,18), (15,18), (14,18), (13,18), (-1,-1), (-1,-1)]
Turtle 2 :[(-2,-2), (2,12), (2,11), (2,10), (2,9), (2,8), (2,9), (1,9), (0,9)]
Turtle 3 :[(-3,-3), (1,9), (0,9), (0,9), (1,9), (1,8), (-3,-3), (-3,-3), (-3,-3)]
Turtle 4 :[(-4,-4), (19,2), (18,2), (17,2), (16,2), (15,2), (15,1), (-4,-4), (-4,-4)]
Turtle 5 :[(-5,-5), (7,11), (6,11), (5,11), (4,11), (3,11), (2,11), (-5,-5), (-5,-5)]

Shrinking Run 103
#Info# Executed steps before collision: 6, Found collision: false
Turtle 1 :[(-1,-1), (18,18), (17,18), (16,18), (15,18), (14,18), (13,18)]
Turtle 2 :[(-2,-2), (2,12), (2,11), (2,10), (2,9), (1,9), (0,9)]
Turtle 3 :[(-3,-3), (1,9), (2,9), (1,9), (1,8), (-3,-3), (-3,-3)]
Turtle 4 :[(-4,-4), (19,2), (18,2), (17,2), (16,2), (15,2), (15,1)]
Turtle 5 :[(-5,-5), (7,11), (6,11), (5,11), (4,11), (3,11), (2,11)]

Shrinking Run 104
#Info# Executed steps before collision: 6, Found collision: false
Turtle 1 :[(-1,-1), (18,18), (17,18), (16,18), (15,18), (14,18), (13,18)]
Turtle 2 :[(-2,-2), (2,12), (2,11), (2,10), (2,9), (1,9), (0,9)]
Turtle 3 :[(-3,-3), (1,9), (1,8), (2,8), (2,7), (2,6), (2,5)]
Turtle 4 :[(-4,-4), (19,2), (18,2), (17,2), (16,2), (15,2), (15,1)]
Turtle 5 :[(-5,-5), (7,11), (6,11), (5,11), (4,11), (3,11), (2,11)]

Shrinking Run 105
#Info# Executed steps before collision: 6, Found collision: false
Turtle 1 :[(-1,-1), (18,18), (17,18), (16,18), (15,18), (14,18), (13,18)]
Turtle 2 :[(-2,-2), (2,12), (2,11), (2,10), (2,9), (1,9), (0,9)]
Turtle 3 :[(-3,-3), (1,9), (1,8), (2,8), (2,7), (2,6), (-3,-3)]
Turtle 4 :[(-4,-4), (19,2), (18,2), (17,2), (16,2), (15,2), (15,1)]
Turtle 5 :[(-5,-5), (7,11), (6,11), (5,11), (4,11), (3,11), (2,11)]

Shrinking Run 106
#Info# Executed steps before collision: 8, Found collision: false
Turtle 1 :[(-1,-1), (18,18), (17,18), (16,18), (15,18), (14,18), (13,18), (-1,-1), (-1,-1)]
Turtle 2 :[(-2,-2), (2,12), (2,11), (2,10), (2,9), (2,10), (1,10), (1,9), (0,9)]
Turtle 3 :[(-3,-3), (1,9), (0,9), (0,9), (1,9), (1,8), (1,7), (-3,-3), (-3,-3)]
Turtle 4 :[(-4,-4), (19,2), (18,2), (17,2), (16,2), (15,2), (15,1), (-4,-4), (-4,-4)]
Turtle 5 :[(-5,-5), (7,11), (6,11), (5,11), (4,11), (3,11), (2,11), (-5,-5), (-5,-5)]

Shrinking Run 107
#Info# Executed steps before collision: 6, Found collision: false
Turtle 1 :[(-1,-1), (18,18), (17,18), (16,18), (15,18), (14,18), (13,18)]
Turtle 2 :[(-2,-2), (2,12), (2,11), (2,10), (2,9), (1,9), (0,9)]
Turtle 3 :[(-3,-3), (1,9), (1,8), (0,8), (1,8), (1,7), (-3,-3)]
Turtle 4 :[(-4,-4), (19,2), (18,2), (17,2), (16,2), (15,2), (15,1)]
Turtle 5 :[(-5,-5), (7,11), (6,11), (5,11), (4,11), (3,11), (2,11)]

Shrinking Run 108
#Info# Executed steps before collision: 6, Found collision: false
Turtle 1 :[(-1,-1), (18,18), (17,18), (16,18), (15,18), (14,18), (13,18)]
Turtle 2 :[(-2,-2), (2,12), (2,11), (2,10), (2,9), (1,9), (0,9)]
Turtle 3 :[(-3,-3), (1,9), (2,9), (2,8), (2,7), (-3,-3), (-3,-3)]
Turtle 4 :[(-4,-4), (19,2), (18,2), (17,2), (16,2), (15,2), (15,1)]
Turtle 5 :[(-5,-5), (7,11), (6,11), (5,11), (4,11), (3,11), (2,11)]

Shrinking Run 109
#Info# Executed steps before collision: 6, Found collision: false
Turtle 1 :[(-1,-1), (18,18), (17,18), (16,18), (15,18), (14,18), (13,18)]
Turtle 2 :[(-2,-2), (2,12), (2,11), (2,10), (1,10), (1,9), (0,9)]
Turtle 3 :[(-3,-3), (1,9), (2,9), (2,8), (1,8), (2,8), (2,7)]
Turtle 4 :[(-4,-4), (19,2), (18,2), (17,2), (16,2), (15,2), (15,1)]
Turtle 5 :[(-5,-5), (7,11), (6,11), (5,11), (4,11), (3,11), (2,11)]

Shrinking Run 110
#Info# Executed steps before collision: 6, Found collision: false
Turtle 1 :[(-1,-1), (18,18), (17,18), (16,18), (15,18), (14,18), (13,18)]
Turtle 2 :[(-2,-2), (2,12), (2,11), (2,10), (2,9), (1,9), (0,9)]
Turtle 3 :[(-3,-3), (1,9), (2,9), (3,9), (3,8), (2,8), (2,7)]
Turtle 4 :[(-4,-4), (19,2), (18,2), (17,2), (16,2), (15,2), (15,1)]
Turtle 5 :[(-5,-5), (7,11), (6,11), (5,11), (4,11), (3,11), (2,11)]

Shrinking Run 111
#Info# Executed steps before collision: 4, Found collision: true
Turtle 1 :[(-1,-1), (18,18), (17,18), (16,18), (15,18), (14,18), (13,18)]
Turtle 2 :[(-2,-2), (2,12), (2,11), (2,10), (2,9), (1,9), (0,9)]
Turtle 3 :[(-3,-3), (1,9), (2,9), (3,9), (2,9), (2,8), (2,7)]
Turtle 4 :[(-4,-4), (19,2), (18,2), (17,2), (16,2), (15,2), (14,2)]
Turtle 5 :[(-5,-5), (7,11), (6,11), (5,11), (4,11), (3,11), (2,11)]

Shrinking Run 112
#Info# Executed steps before collision: 6, Found collision: false
Turtle 1 :[(-1,-1), (18,18), (17,18), (16,18), (15,18), (14,18), (13,18)]
Turtle 2 :[(-2,-2), (2,12), (1,12), (1,11), (1,10), (0,10), (0,9)]
Turtle 3 :[(-3,-3), (1,9), (2,9), (3,9), (2,9), (2,8), (2,7)]
Turtle 4 :[(-4,-4), (19,2), (18,2), (17,2), (16,2), (15,2), (14,2)]
Turtle 5 :[(-5,-5), (7,11), (6,11), (5,11), (4,11), (3,11), (2,11)]

Shrinking Run 113
#Info# Executed steps before collision: 6, Found collision: false
Turtle 1 :[(-1,-1), (18,18), (17,18), (16,18), (15,18), (14,18), (13,18)]
Turtle 2 :[(-2,-2), (2,12), (2,11), (1,11), (1,10), (0,10), (0,9)]
Turtle 3 :[(-3,-3), (1,9), (2,9), (3,9), (2,9), (2,8), (2,7)]
Turtle 4 :[(-4,-4), (19,2), (18,2), (17,2), (16,2), (15,2), (14,2)]
Turtle 5 :[(-5,-5), (7,11), (6,11), (5,11), (4,11), (3,11), (2,11)]

Shrinking Run 114
#Info# Executed steps before collision: 6, Found collision: false
Turtle 1 :[(-1,-1), (18,18), (17,18), (16,18), (15,18), (14,18), (13,18)]
Turtle 2 :[(-2,-2), (2,12), (2,11), (2,10), (1,10), (0,10), (0,9)]
Turtle 3 :[(-3,-3), (1,9), (2,9), (3,9), (2,9), (2,8), (2,7)]
Turtle 4 :[(-4,-4), (19,2), (18,2), (17,2), (16,2), (15,2), (14,2)]
Turtle 5 :[(-5,-5), (7,11), (6,11), (5,11), (4,11), (3,11), (2,11)]

Shrinking Run 115
#Info# Executed steps before collision: 6, Found collision: false
Turtle 1 :[(-1,-1), (18,18), (17,18), (16,18), (15,18), (14,18), (13,18)]
Turtle 2 :[(-2,-2), (2,12), (1,12), (1,11), (1,10), (1,9), (0,9)]
Turtle 3 :[(-3,-3), (1,9), (2,9), (3,9), (2,9), (2,8), (2,7)]
Turtle 4 :[(-4,-4), (19,2), (18,2), (17,2), (16,2), (15,2), (14,2)]
Turtle 5 :[(-5,-5), (7,11), (6,11), (5,11), (4,11), (3,11), (2,11)]

Shrinking Run 116
#Info# Executed steps before collision: 6, Found collision: false
Turtle 1 :[(-1,-1), (18,18), (17,18), (16,18), (15,18), (14,18), (13,18)]
Turtle 2 :[(-2,-2), (2,12), (2,11), (1,11), (1,10), (1,9), (0,9)]
Turtle 3 :[(-3,-3), (1,9), (2,9), (3,9), (2,9), (2,8), (2,7)]
Turtle 4 :[(-4,-4), (19,2), (18,2), (17,2), (16,2), (15,2), (14,2)]
Turtle 5 :[(-5,-5), (7,11), (6,11), (5,11), (4,11), (3,11), (2,11)]

Shrinking Run 117
#Info# Executed steps before collision: 8, Found collision: false
Turtle 1 :[(-1,-1), (18,18), (17,18), (16,18), (15,18), (14,18), (13,18), (-1,-1), (-1,-1)]
Turtle 2 :[(-2,-2), (2,12), (2,11), (2,10), (1,10), (1,9), (0,9), (-2,-2), (-2,-2)]
Turtle 3 :[(-3,-3), (1,9), (2,9), (3,9), (4,9), (4,8), (3,8), (2,8), (2,7)]
Turtle 4 :[(-4,-4), (19,2), (18,2), (17,2), (16,2), (15,2), (14,2), (-4,-4), (-4,-4)]
Turtle 5 :[(-5,-5), (7,11), (6,11), (5,11), (4,11), (3,11), (2,11), (-5,-5), (-5,-5)]

Shrinking Run 118
#Info# Executed steps before collision: 6, Found collision: false
Turtle 1 :[(-1,-1), (18,18), (17,18), (16,18), (15,18), (14,18), (13,18)]
Turtle 2 :[(-2,-2), (2,12), (2,11), (2,10), (2,9), (1,9), (0,9)]
Turtle 3 :[(-3,-3), (1,9), (0,9), (0,9), (1,9), (1,8), (-3,-3)]
Turtle 4 :[(-4,-4), (19,2), (18,2), (17,2), (16,2), (15,2), (14,2)]
Turtle 5 :[(-5,-5), (7,11), (6,11), (5,11), (4,11), (3,11), (2,11)]

Shrinking Run 119
#Info# Executed steps before collision: 6, Found collision: false
Turtle 1 :[(-1,-1), (18,18), (17,18), (16,18), (15,18), (14,18), (13,18)]
Turtle 2 :[(-2,-2), (2,12), (2,11), (2,10), (2,9), (1,9), (0,9)]
Turtle 3 :[(-3,-3), (1,9), (2,9), (1,9), (1,8), (-3,-3), (-3,-3)]
Turtle 4 :[(-4,-4), (19,2), (18,2), (17,2), (16,2), (15,2), (14,2)]
Turtle 5 :[(-5,-5), (7,11), (6,11), (5,11), (4,11), (3,11), (2,11)]

Shrinking Run 120
#Info# Executed steps before collision: 6, Found collision: false
Turtle 1 :[(-1,-1), (18,18), (17,18), (16,18), (15,18), (14,18), (13,18)]
Turtle 2 :[(-2,-2), (2,12), (2,11), (2,10), (2,9), (1,9), (0,9)]
Turtle 3 :[(-3,-3), (1,9), (1,8), (2,8), (2,7), (2,6), (2,5)]
Turtle 4 :[(-4,-4), (19,2), (18,2), (17,2), (16,2), (15,2), (14,2)]
Turtle 5 :[(-5,-5), (7,11), (6,11), (5,11), (4,11), (3,11), (2,11)]

Shrinking Run 121
#Info# Executed steps before collision: 6, Found collision: false
Turtle 1 :[(-1,-1), (18,18), (17,18), (16,18), (15,18), (14,18), (13,18)]
Turtle 2 :[(-2,-2), (2,12), (2,11), (2,10), (2,9), (1,9), (0,9)]
Turtle 3 :[(-3,-3), (1,9), (1,8), (2,8), (2,7), (2,6), (-3,-3)]
Turtle 4 :[(-4,-4), (19,2), (18,2), (17,2), (16,2), (15,2), (14,2)]
Turtle 5 :[(-5,-5), (7,11), (6,11), (5,11), (4,11), (3,11), (2,11)]

Shrinking Run 122
#Info# Executed steps before collision: 8, Found collision: false
Turtle 1 :[(-1,-1), (18,18), (17,18), (16,18), (15,18), (14,18), (13,18), (-1,-1), (-1,-1)]
Turtle 2 :[(-2,-2), (2,12), (2,11), (2,10), (2,9), (2,8), (2,9), (1,9), (0,9)]
Turtle 3 :[(-3,-3), (1,9), (0,9), (0,9), (1,9), (1,8), (1,7), (-3,-3), (-3,-3)]
Turtle 4 :[(-4,-4), (19,2), (18,2), (17,2), (16,2), (15,2), (14,2), (-4,-4), (-4,-4)]
Turtle 5 :[(-5,-5), (7,11), (6,11), (5,11), (4,11), (3,11), (2,11), (-5,-5), (-5,-5)]

Shrinking Run 123
#Info# Executed steps before collision: 6, Found collision: false
Turtle 1 :[(-1,-1), (18,18), (17,18), (16,18), (15,18), (14,18), (13,18)]
Turtle 2 :[(-2,-2), (2,12), (2,11), (2,10), (2,9), (1,9), (0,9)]
Turtle 3 :[(-3,-3), (1,9), (1,8), (0,8), (1,8), (1,7), (-3,-3)]
Turtle 4 :[(-4,-4), (19,2), (18,2), (17,2), (16,2), (15,2), (14,2)]
Turtle 5 :[(-5,-5), (7,11), (6,11), (5,11), (4,11), (3,11), (2,11)]

Shrinking Run 124
#Info# Executed steps before collision: 6, Found collision: false
Turtle 1 :[(-1,-1), (18,18), (17,18), (16,18), (15,18), (14,18), (13,18)]
Turtle 2 :[(-2,-2), (2,12), (2,11), (2,10), (2,9), (1,9), (0,9)]
Turtle 3 :[(-3,-3), (1,9), (2,9), (2,8), (2,7), (-3,-3), (-3,-3)]
Turtle 4 :[(-4,-4), (19,2), (18,2), (17,2), (16,2), (15,2), (14,2)]
Turtle 5 :[(-5,-5), (7,11), (6,11), (5,11), (4,11), (3,11), (2,11)]

Shrinking Run 125
#Info# Executed steps before collision: 6, Found collision: false
Turtle 1 :[(-1,-1), (18,18), (17,18), (16,18), (15,18), (14,18), (13,18)]
Turtle 2 :[(-2,-2), (2,12), (2,11), (2,10), (2,9), (1,9), (0,9)]
Turtle 3 :[(-3,-3), (1,9), (2,9), (2,8), (1,8), (2,8), (2,7)]
Turtle 4 :[(-4,-4), (19,2), (18,2), (17,2), (16,2), (15,2), (14,2)]
Turtle 5 :[(-5,-5), (7,11), (6,11), (5,11), (4,11), (3,11), (2,11)]

Shrink Run 126
#Info# Executed steps before collision: 8, Found collision: false
Turtle 1 :[(-1,-1), (18,18), (17,18), (16,18), (15,18), (14,18), (13,18), (-1,-1), (-1,-1)]
Turtle 2 :[(-2,-2), (2,12), (2,11), (3,11), (3,10), (2,10), (2,9), (1,9), (0,9)]
Turtle 3 :[(-3,-3), (1,9), (2,9), (3,9), (3,8), (2,8), (2,7), (-3,-3), (-3,-3)]
Turtle 4 :[(-4,-4), (19,2), (18,2), (17,2), (16,2), (15,2), (14,2), (-4,-4), (-4,-4)]
Turtle 5 :[(-5,-5), (7,11), (6,11), (5,11), (4,11), (3,11), (2,11), (-5,-5), (-5,-5)]

