Shrinking Run 1
#Info# Executed steps before collision: 7, Found collision: false
Turtle 1 :[(-1,-1), (13,0), (13,0), (13,1), (12,1), (12,2), (11,2), (10,2)]
Turtle 2 :[(-2,-2), (9,4), (9,3), (8,3), (8,2), (7,2), (6,2), (-2,-2)]
Turtle 3 :[(-3,-3), (13,3), (12,3), (13,3), (13,2), (14,2), (14,2), (14,2)]
Turtle 4 :[(-4,-4), (10,12), (10,11), (10,10), (9,10), (10,10), (11,10), (12,10)]
Turtle 5 :[(-5,-5), (11,9), (11,10), (12,10), (12,11), (12,11), (12,11), (13,11)]

Shrinking Run 2
#Info# Executed steps before collision: 4, Found collision: true
Turtle 1 :[(-1,-1), (13,0), (13,0), (13,1), (13,2), (13,3), (13,2), (13,3), (14,3), (14,4)]
Turtle 2 :[(-2,-2), (9,4), (9,3), (8,3), (8,2), (7,2), (6,2), (-2,-2), (-2,-2), (-2,-2)]
Turtle 3 :[(-3,-3), (13,3), (12,3), (13,3), (13,2), (14,2), (-3,-3), (-3,-3), (-3,-3), (-3,-3)]
Turtle 4 :[(-4,-4), (10,12), (10,11), (10,10), (11,10), (12,10), (-4,-4), (-4,-4), (-4,-4), (-4,-4)]
Turtle 5 :[(-5,-5), (11,9), (11,10), (12,10), (12,11), (12,11), (12,11), (13,11), (-5,-5), (-5,-5)]

Shrinking Run 3
#Info# Executed steps before collision: 5, Found collision: true
Turtle 1 :[(-1,-1), (13,0), (13,0), (13,1), (13,2), (13,3), (12,3), (12,4)]
Turtle 2 :[(-2,-2), (9,4), (9,3), (8,3), (8,2), (7,2), (6,2), (-2,-2)]
Turtle 3 :[(-3,-3), (13,3), (12,3), (13,3), (13,4), (13,3), (13,2), (14,2)]
Turtle 4 :[(-4,-4), (10,12), (10,11), (10,10), (11,10), (12,10), (-4,-4), (-4,-4)]
Turtle 5 :[(-5,-5), (11,9), (11,10), (12,10), (12,11), (12,11), (12,11), (13,11)]

Shrinking Run 4
#Info# Executed steps before collision: 7, Found collision: false
Turtle 1 :[(-1,-1), (13,0), (13,0), (13,1), (12,1), (12,2), (11,2), (11,3)]
Turtle 2 :[(-2,-2), (9,4), (9,3), (8,3), (8,2), (7,2), (6,2), (-2,-2)]
Turtle 3 :[(-3,-3), (13,3), (12,3), (13,3), (13,2), (14,2), (14,2), (14,2)]
Turtle 4 :[(-4,-4), (10,12), (10,11), (10,10), (10,10), (11,10), (12,10), (-4,-4)]
Turtle 5 :[(-5,-5), (11,9), (11,10), (12,10), (12,11), (12,11), (12,11), (13,11)]

Shrinking Run 5
#Info# Executed steps before collision: 8, Found collision: false
Turtle 1 :[(-1,-1), (13,0), (13,0), (13,0), (13,1), (13,1), (12,1), (-1,-1), (-1,-1)]
Turtle 2 :[(-2,-2), (9,4), (9,3), (8,3), (8,2), (7,2), (6,2), (-2,-2), (-2,-2)]
Turtle 3 :[(-3,-3), (13,3), (12,3), (13,3), (13,2), (14,2), (14,2), (14,2), (-3,-3)]
Turtle 4 :[(-4,-4), (10,12), (10,11), (10,10), (10,11), (11,11), (11,11), (12,11), (12,10)]
Turtle 5 :[(-5,-5), (11,9), (11,10), (12,10), (12,11), (12,11), (12,11), (13,11), (-5,-5)]

Shrinking Run 6
#Info# Executed steps before collision: 7, Found collision: false
Turtle 1 :[(-1,-1), (13,0), (13,0), (13,0), (13,1), (13,1), (12,1), (12,2)]
Turtle 2 :[(-2,-2), (9,4), (9,3), (8,3), (8,2), (7,2), (6,2), (-2,-2)]
Turtle 3 :[(-3,-3), (13,3), (12,3), (13,3), (13,2), (14,2), (14,2), (14,2)]
Turtle 4 :[(-4,-4), (10,12), (10,11), (10,10), (11,10), (12,10), (-4,-4), (-4,-4)]
Turtle 5 :[(-5,-5), (11,9), (11,10), (12,10), (12,11), (12,11), (12,11), (13,11)]

Shrinking Run 7
#Info# Executed steps before collision: 9, Found collision: false
Turtle 1 :[(-1,-1), (13,0), (13,0), (13,1), (13,1), (14,1), (13,1), (13,2), (13,3), (12,3)]
Turtle 2 :[(-2,-2), (9,4), (9,3), (8,3), (8,2), (7,2), (6,2), (-2,-2), (-2,-2), (-2,-2)]
Turtle 3 :[(-3,-3), (13,3), (12,3), (13,3), (13,2), (13,3), (14,3), (14,2), (-3,-3), (-3,-3)]
Turtle 4 :[(-4,-4), (10,12), (10,11), (10,10), (10,9), (11,9), (12,9), (12,10), (-4,-4), (-4,-4)]
Turtle 5 :[(-5,-5), (11,9), (11,10), (12,10), (12,11), (12,11), (12,11), (13,11), (-5,-5), (-5,-5)]

Shrinking Run 8
#Info# Executed steps before collision: 8, Found collision: false
Turtle 1 :[(-1,-1), (13,0), (13,1), (13,2), (14,2), (14,3), (14,4), (13,4), (12,4)]
Turtle 2 :[(-2,-2), (9,4), (9,3), (8,3), (8,2), (7,2), (6,2), (-2,-2), (-2,-2)]
Turtle 3 :[(-3,-3), (13,3), (12,3), (13,3), (13,2), (12,2), (13,2), (14,2), (-3,-3)]
Turtle 4 :[(-4,-4), (10,12), (10,11), (10,10), (11,10), (12,10), (-4,-4), (-4,-4), (-4,-4)]
Turtle 5 :[(-5,-5), (11,9), (11,10), (12,10), (12,11), (12,11), (12,11), (13,11), (-5,-5)]

Shrinking Run 9
#Info# Executed steps before collision: 7, Found collision: false
Turtle 1 :[(-1,-1), (13,0), (12,0), (12,1), (12,1), (12,2), (12,3), (12,4)]
Turtle 2 :[(-2,-2), (9,4), (9,3), (8,3), (8,2), (7,2), (6,2), (-2,-2)]
Turtle 3 :[(-3,-3), (13,3), (12,3), (13,3), (13,2), (14,2), (14,2), (14,2)]
Turtle 4 :[(-4,-4), (10,12), (10,11), (10,10), (11,10), (12,10), (-4,-4), (-4,-4)]
Turtle 5 :[(-5,-5), (11,9), (11,10), (12,10), (12,11), (12,11), (12,11), (13,11)]

Shrinking Run 10
#Info# Executed steps before collision: 7, Found collision: false
Turtle 1 :[(-1,-1), (13,0), (13,1), (13,2), (13,2), (13,3), (12,3), (12,4)]
Turtle 2 :[(-2,-2), (9,4), (9,3), (8,3), (8,2), (7,2), (6,2), (-2,-2)]
Turtle 3 :[(-3,-3), (13,3), (12,3), (13,3), (14,3), (14,4), (14,3), (14,2)]
Turtle 4 :[(-4,-4), (10,12), (10,11), (10,10), (11,10), (12,10), (-4,-4), (-4,-4)]
Turtle 5 :[(-5,-5), (11,9), (11,10), (12,10), (12,11), (12,11), (12,11), (13,11)]

Shrinking Run 11
#Info# Executed steps before collision: 7, Found collision: false
Turtle 1 :[(-1,-1), (13,0), (13,0), (12,0), (12,1), (12,2), (12,3), (12,4)]
Turtle 2 :[(-2,-2), (9,4), (9,3), (8,3), (8,2), (7,2), (6,2), (-2,-2)]
Turtle 3 :[(-3,-3), (13,3), (12,3), (13,3), (13,2), (14,2), (14,2), (14,2)]
Turtle 4 :[(-4,-4), (10,12), (10,11), (10,10), (11,10), (12,10), (-4,-4), (-4,-4)]
Turtle 5 :[(-5,-5), (11,9), (11,10), (12,10), (12,11), (12,11), (12,11), (13,11)]

Shrinking Run 12
#Info# Executed steps before collision: 7, Found collision: false
Turtle 1 :[(-1,-1), (13,0), (13,0), (13,1), (12,1), (12,2), (12,3), (12,4)]
Turtle 2 :[(-2,-2), (9,4), (9,3), (8,3), (8,2), (7,2), (6,2), (-2,-2)]
Turtle 3 :[(-3,-3), (13,3), (12,3), (13,3), (13,2), (14,2), (14,2), (14,2)]
Turtle 4 :[(-4,-4), (10,12), (10,11), (10,10), (10,10), (11,10), (12,10), (-4,-4)]
Turtle 5 :[(-5,-5), (11,9), (11,10), (12,10), (12,11), (12,11), (12,11), (13,11)]

Shrinking Run 13
#Info# Executed steps before collision: 4, Found collision: true
Turtle 1 :[(-1,-1), (13,0), (13,0), (13,1), (13,2), (12,2), (12,3), (12,4)]
Turtle 2 :[(-2,-2), (9,4), (9,3), (8,3), (8,2), (7,2), (6,2), (-2,-2)]
Turtle 3 :[(-3,-3), (13,3), (12,3), (13,3), (13,2), (14,2), (-3,-3), (-3,-3)]
Turtle 4 :[(-4,-4), (10,12), (10,11), (10,10), (11,10), (12,10), (-4,-4), (-4,-4)]
Turtle 5 :[(-5,-5), (11,9), (11,10), (12,10), (12,11), (12,11), (12,11), (13,11)]

Shrinking Run 14
#Info# Executed steps before collision: 4, Found collision: true
Turtle 1 :[(-1,-1), (13,0), (13,0), (13,1), (13,2), (12,2), (12,3), (12,4)]
Turtle 2 :[(-2,-2), (9,4), (8,4), (7,4), (7,3), (6,3), (5,3), (-2,-2)]
Turtle 3 :[(-3,-3), (13,3), (12,3), (13,3), (13,2), (14,2), (-3,-3), (-3,-3)]
Turtle 4 :[(-4,-4), (10,12), (10,11), (10,10), (11,10), (12,10), (-4,-4), (-4,-4)]
Turtle 5 :[(-5,-5), (11,9), (11,10), (12,10), (12,11), (12,11), (12,11), (13,11)]

Shrinking Run 15
#Info# Executed steps before collision: 8, Found collision: false
Turtle 1 :[(-1,-1), (13,0), (13,0), (13,1), (13,2), (12,2), (12,3), (12,4), (-1,-1)]
Turtle 2 :[(-2,-2), (9,4), (8,4), (7,4), (6,4), (6,3), (5,3), (-2,-2), (-2,-2)]
Turtle 3 :[(-3,-3), (13,3), (12,3), (13,3), (12,3), (12,3), (13,3), (13,2), (14,2)]
Turtle 4 :[(-4,-4), (10,12), (10,11), (10,10), (11,10), (12,10), (-4,-4), (-4,-4), (-4,-4)]
Turtle 5 :[(-5,-5), (11,9), (11,10), (12,10), (12,11), (12,11), (12,11), (13,11), (-5,-5)]

Shrinking Run 16
#Info# Executed steps before collision: 7, Found collision: false
Turtle 1 :[(-1,-1), (13,0), (13,0), (13,1), (13,2), (12,2), (12,3), (12,4)]
Turtle 2 :[(-2,-2), (9,4), (8,4), (7,4), (7,3), (6,3), (5,3), (-2,-2)]
Turtle 3 :[(-3,-3), (13,3), (12,3), (11,3), (11,2), (10,2), (9,2), (-3,-3)]
Turtle 4 :[(-4,-4), (10,12), (10,11), (10,10), (9,10), (10,10), (11,10), (12,10)]
Turtle 5 :[(-5,-5), (11,9), (11,10), (12,10), (12,11), (12,11), (12,11), (13,11)]

Shrinking Run 17
#Info# Executed steps before collision: 9, Found collision: false
Turtle 1 :[(-1,-1), (13,0), (13,0), (13,1), (13,2), (13,1), (13,2), (12,2), (12,3), (12,4)]
Turtle 2 :[(-2,-2), (9,4), (8,4), (7,4), (7,3), (6,3), (5,3), (-2,-2), (-2,-2), (-2,-2)]
Turtle 3 :[(-3,-3), (13,3), (13,3), (12,3), (12,2), (11,2), (10,2), (-3,-3), (-3,-3), (-3,-3)]
Turtle 4 :[(-4,-4), (10,12), (10,11), (10,10), (11,10), (12,10), (-4,-4), (-4,-4), (-4,-4), (-4,-4)]
Turtle 5 :[(-5,-5), (11,9), (11,10), (12,10), (12,11), (12,11), (12,11), (13,11), (-5,-5), (-5,-5)]

Shrinking Run 18
#Info# Executed steps before collision: 7, Found collision: false
Turtle 1 :[(-1,-1), (13,0), (13,0), (13,1), (13,2), (12,2), (12,3), (12,4)]
Turtle 2 :[(-2,-2), (9,4), (8,4), (7,4), (7,3), (6,3), (5,3), (-2,-2)]
Turtle 3 :[(-3,-3), (13,3), (12,3), (13,3), (13,3), (14,3), (14,2), (-3,-3)]
Turtle 4 :[(-4,-4), (10,12), (10,11), (10,10), (11,10), (12,10), (-4,-4), (-4,-4)]
Turtle 5 :[(-5,-5), (11,9), (11,10), (12,10), (12,11), (12,11), (12,11), (13,11)]

Shrinking Run 19
#Info# Executed steps before collision: 7, Found collision: false
Turtle 1 :[(-1,-1), (13,0), (13,0), (13,1), (13,2), (12,2), (12,3), (12,4)]
Turtle 2 :[(-2,-2), (9,4), (8,4), (7,4), (7,3), (6,3), (5,3), (-2,-2)]
Turtle 3 :[(-3,-3), (13,3), (14,3), (14,2), (14,1), (14,0), (14,0), (-3,-3)]
Turtle 4 :[(-4,-4), (10,12), (10,11), (10,10), (11,10), (12,10), (-4,-4), (-4,-4)]
Turtle 5 :[(-5,-5), (11,9), (11,10), (12,10), (12,11), (12,11), (12,11), (13,11)]

Shrinking Run 20
#Info# Executed steps before collision: 7, Found collision: false
Turtle 1 :[(-1,-1), (13,0), (13,0), (13,1), (13,2), (12,2), (12,3), (12,4)]
Turtle 2 :[(-2,-2), (9,4), (8,4), (7,4), (7,3), (6,3), (5,3), (-2,-2)]
Turtle 3 :[(-3,-3), (13,3), (13,3), (14,3), (14,2), (14,1), (14,1), (-3,-3)]
Turtle 4 :[(-4,-4), (10,12), (10,11), (10,10), (11,10), (12,10), (-4,-4), (-4,-4)]
Turtle 5 :[(-5,-5), (11,9), (11,10), (12,10), (12,11), (12,11), (12,11), (13,11)]

Shrinking Run 21
#Info# Executed steps before collision: 7, Found collision: false
Turtle 1 :[(-1,-1), (13,0), (13,0), (13,1), (13,2), (12,2), (12,3), (12,4)]
Turtle 2 :[(-2,-2), (9,4), (8,4), (7,4), (7,3), (6,3), (5,3), (-2,-2)]
Turtle 3 :[(-3,-3), (13,3), (12,3), (13,3), (14,3), (14,3), (14,3), (14,2)]
Turtle 4 :[(-4,-4), (10,12), (10,11), (10,10), (11,10), (12,10), (-4,-4), (-4,-4)]
Turtle 5 :[(-5,-5), (11,9), (11,10), (12,10), (12,11), (12,11), (12,11), (13,11)]

Shrinking Run 22
#Info# Executed steps before collision: 7, Found collision: false
Turtle 1 :[(-1,-1), (13,0), (13,0), (13,1), (13,2), (12,2), (12,3), (12,4)]
Turtle 2 :[(-2,-2), (9,4), (8,4), (7,4), (7,3), (6,3), (5,3), (-2,-2)]
Turtle 3 :[(-3,-3), (13,3), (13,3), (14,3), (14,2), (14,2), (-3,-3), (-3,-3)]
Turtle 4 :[(-4,-4), (10,12), (10,11), (10,10), (11,10), (12,10), (-4,-4), (-4,-4)]
Turtle 5 :[(-5,-5), (11,9), (11,10), (12,10), (12,11), (12,11), (12,11), (13,11)]

Shrinking Run 23
#Info# Executed steps before collision: 4, Found collision: true
Turtle 1 :[(-1,-1), (13,0), (13,0), (13,1), (13,2), (12,2), (12,3), (12,4)]
Turtle 2 :[(-2,-2), (9,4), (8,4), (7,4), (7,3), (6,3), (5,3), (-2,-2)]
Turtle 3 :[(-3,-3), (13,3), (12,3), (13,3), (13,2), (14,2), (-3,-3), (-3,-3)]
Turtle 4 :[(-4,-4), (10,12), (10,11), (10,10), (11,10), (12,10), (-4,-4), (-4,-4)]
Turtle 5 :[(-5,-5), (11,9), (11,10), (12,10), (12,11), (12,11), (12,11), (13,11)]

Shrinking Run 24
#Info# Executed steps before collision: 7, Found collision: false
Turtle 1 :[(-1,-1), (13,0), (13,0), (13,1), (13,2), (12,2), (12,3), (12,4)]
Turtle 2 :[(-2,-2), (9,4), (8,4), (7,4), (7,3), (6,3), (5,3), (-2,-2)]
Turtle 3 :[(-3,-3), (13,3), (13,2), (14,2), (14,2), (-3,-3), (-3,-3), (-3,-3)]
Turtle 4 :[(-4,-4), (10,12), (10,11), (10,10), (10,10), (11,10), (12,10), (-4,-4)]
Turtle 5 :[(-5,-5), (11,9), (11,10), (12,10), (12,11), (12,11), (12,11), (13,11)]

Shrinking Run 25
#Info# Executed steps before collision: 7, Found collision: false
Turtle 1 :[(-1,-1), (13,0), (13,0), (13,1), (13,2), (12,2), (12,3), (12,4)]
Turtle 2 :[(-2,-2), (9,4), (8,4), (7,4), (7,3), (6,3), (5,3), (-2,-2)]
Turtle 3 :[(-3,-3), (13,3), (14,3), (14,2), (14,2), (14,1), (14,2), (-3,-3)]
Turtle 4 :[(-4,-4), (10,12), (10,11), (10,10), (9,10), (10,10), (11,10), (12,10)]
Turtle 5 :[(-5,-5), (11,9), (11,10), (12,10), (12,11), (12,11), (12,11), (13,11)]

Shrinking Run 26
#Info# Executed steps before collision: 7, Found collision: false
Turtle 1 :[(-1,-1), (13,0), (13,0), (13,1), (13,2), (12,2), (12,3), (12,4)]
Turtle 2 :[(-2,-2), (9,4), (8,4), (7,4), (7,3), (6,3), (5,3), (-2,-2)]
Turtle 3 :[(-3,-3), (13,3), (14,3), (14,3), (14,2), (13,2), (14,2), (-3,-3)]
Turtle 4 :[(-4,-4), (10,12), (10,11), (10,10), (11,10), (12,10), (-4,-4), (-4,-4)]
Turtle 5 :[(-5,-5), (11,9), (11,10), (12,10), (12,11), (12,11), (12,11), (13,11)]

Shrinking Run 27
#Info# Executed steps before collision: 4, Found collision: true
Turtle 1 :[(-1,-1), (13,0), (13,0), (13,1), (13,2), (12,2), (12,3), (12,4)]
Turtle 2 :[(-2,-2), (9,4), (8,4), (7,4), (7,3), (6,3), (5,3), (-2,-2)]
Turtle 3 :[(-3,-3), (13,3), (12,3), (13,3), (13,2), (14,2), (-3,-3), (-3,-3)]
Turtle 4 :[(-4,-4), (10,12), (10,11), (9,11), (9,10), (8,10), (7,10), (-4,-4)]
Turtle 5 :[(-5,-5), (11,9), (11,10), (12,10), (12,11), (12,11), (12,11), (13,11)]

Shrinking Run 28
#Info# Executed steps before collision: 4, Found collision: true
Turtle 1 :[(-1,-1), (13,0), (13,0), (13,1), (13,2), (12,2), (12,3), (12,4)]
Turtle 2 :[(-2,-2), (9,4), (8,4), (7,4), (7,3), (6,3), (5,3), (-2,-2)]
Turtle 3 :[(-3,-3), (13,3), (12,3), (13,3), (13,2), (14,2), (-3,-3), (-3,-3)]
Turtle 4 :[(-4,-4), (10,12), (10,11), (9,11), (9,10), (9,9), (8,9), (-4,-4)]
Turtle 5 :[(-5,-5), (11,9), (11,10), (12,10), (12,11), (12,11), (12,11), (13,11)]

Shrinking Run 29
#Info# Executed steps before collision: 8, Found collision: false
Turtle 1 :[(-1,-1), (13,0), (13,0), (13,1), (13,2), (12,2), (12,3), (12,4), (-1,-1)]
Turtle 2 :[(-2,-2), (9,4), (8,4), (7,4), (7,3), (6,3), (5,3), (-2,-2), (-2,-2)]
Turtle 3 :[(-3,-3), (13,3), (12,3), (13,3), (13,3), (12,3), (13,3), (14,3), (14,2)]
Turtle 4 :[(-4,-4), (10,12), (10,11), (9,11), (8,11), (7,11), (6,11), (-4,-4), (-4,-4)]
Turtle 5 :[(-5,-5), (11,9), (11,10), (12,10), (12,11), (12,11), (12,11), (13,11), (-5,-5)]

Shrinking Run 30
#Info# Executed steps before collision: 5, Found collision: true
Turtle 1 :[(-1,-1), (13,0), (13,0), (13,1), (13,2), (12,2), (12,3), (12,4)]
Turtle 2 :[(-2,-2), (9,4), (8,4), (7,4), (7,3), (6,3), (5,3), (-2,-2)]
Turtle 3 :[(-3,-3), (13,3), (12,3), (13,3), (12,3), (12,2), (13,2), (14,2)]
Turtle 4 :[(-4,-4), (10,12), (9,12), (8,12), (8,11), (7,11), (6,11), (-4,-4)]
Turtle 5 :[(-5,-5), (11,9), (11,10), (12,10), (12,11), (12,11), (12,11), (13,11)]

Shrinking Run 31
#Info# Executed steps before collision: 10, Found collision: false
Turtle 1 :[(-1,-1), (13,0), (13,0), (13,1), (13,2), (12,2), (12,3), (12,4), (-1,-1), (-1,-1), (-1,-1)]
Turtle 2 :[(-2,-2), (9,4), (8,4), (7,4), (7,3), (6,3), (5,3), (-2,-2), (-2,-2), (-2,-2), (-2,-2)]
Turtle 3 :[(-3,-3), (13,3), (12,3), (13,3), (13,3), (12,3), (12,4), (13,4), (14,4), (14,3), (14,2)]
Turtle 4 :[(-4,-4), (10,12), (9,12), (9,11), (8,11), (7,11), (6,11), (-4,-4), (-4,-4), (-4,-4), (-4,-4)]
Turtle 5 :[(-5,-5), (11,9), (11,10), (12,10), (12,11), (12,11), (12,11), (13,11), (-5,-5), (-5,-5), (-5,-5)]

Shrinking Run 32
#Info# Executed steps before collision: 13, Found collision: false
Turtle 1 :[(-1,-1), (13,0), (13,0), (13,1), (13,2), (12,2), (12,3), (12,4), (-1,-1), (-1,-1), (-1,-1), (-1,-1), (-1,-1), (-1,-1)]
Turtle 2 :[(-2,-2), (9,4), (8,4), (7,4), (7,3), (6,3), (5,3), (-2,-2), (-2,-2), (-2,-2), (-2,-2), (-2,-2), (-2,-2), (-2,-2)]
Turtle 3 :[(-3,-3), (13,3), (12,3), (13,3), (12,3), (11,3), (11,4), (11,3), (10,3), (10,2), (11,2), (12,2), (13,2), (14,2)]
Turtle 4 :[(-4,-4), (10,12), (9,12), (8,12), (7,12), (7,11), (6,11), (-4,-4), (-4,-4), (-4,-4), (-4,-4), (-4,-4), (-4,-4), (-4,-4)]
Turtle 5 :[(-5,-5), (11,9), (11,10), (12,10), (12,11), (12,11), (12,11), (13,11), (-5,-5), (-5,-5), (-5,-5), (-5,-5), (-5,-5), (-5,-5)]

Shrinking Run 33
#Info# Executed steps before collision: 11, Found collision: false
Turtle 1 :[(-1,-1), (13,0), (13,0), (13,1), (13,2), (12,2), (12,3), (12,4), (-1,-1), (-1,-1), (-1,-1), (-1,-1)]
Turtle 2 :[(-2,-2), (9,4), (8,4), (7,4), (7,3), (6,3), (5,3), (-2,-2), (-2,-2), (-2,-2), (-2,-2), (-2,-2)]
Turtle 3 :[(-3,-3), (13,3), (12,3), (13,3), (12,3), (12,4), (11,4), (11,3), (11,2), (12,2), (13,2), (14,2)]
Turtle 4 :[(-4,-4), (10,12), (9,12), (8,12), (8,11), (7,11), (6,11), (-4,-4), (-4,-4), (-4,-4), (-4,-4), (-4,-4)]
Turtle 5 :[(-5,-5), (11,9), (11,10), (10,10), (9,10), (9,10), (9,10), (8,10), (7,10), (-5,-5), (-5,-5), (-5,-5)]

Shrinking Run 34
#Info# Executed steps before collision: 8, Found collision: false
Turtle 1 :[(-1,-1), (13,0), (13,0), (13,1), (13,2), (12,2), (12,2), (12,3), (12,4)]
Turtle 2 :[(-2,-2), (9,4), (8,4), (7,4), (7,3), (6,3), (5,3), (-2,-2), (-2,-2)]
Turtle 3 :[(-3,-3), (13,3), (12,3), (13,3), (12,3), (13,3), (14,3), (14,2), (-3,-3)]
Turtle 4 :[(-4,-4), (10,12), (9,12), (8,12), (8,11), (7,11), (6,11), (-4,-4), (-4,-4)]
Turtle 5 :[(-5,-5), (11,9), (11,10), (10,10), (9,10), (9,10), (9,10), (8,10), (8,11)]

Shrinking Run 35
#Info# Executed steps before collision: 4, Found collision: true
Turtle 1 :[(-1,-1), (13,0), (13,0), (13,1), (13,2), (12,2), (12,3), (12,4)]
Turtle 2 :[(-2,-2), (9,4), (8,4), (7,4), (7,3), (6,3), (5,3), (-2,-2)]
Turtle 3 :[(-3,-3), (13,3), (12,3), (13,3), (13,2), (14,2), (-3,-3), (-3,-3)]
Turtle 4 :[(-4,-4), (10,12), (9,12), (8,12), (8,11), (7,11), (6,11), (-4,-4)]
Turtle 5 :[(-5,-5), (11,9), (12,9), (12,9), (12,10), (12,10), (12,11), (-5,-5)]

Shrinking Run 36
#Info# Executed steps before collision: 4, Found collision: true
Turtle 1 :[(-1,-1), (13,0), (13,0), (13,1), (13,2), (12,2), (12,3), (12,4)]
Turtle 2 :[(-2,-2), (9,4), (8,4), (7,4), (7,3), (6,3), (5,3), (-2,-2)]
Turtle 3 :[(-3,-3), (13,3), (12,3), (13,3), (13,2), (14,2), (-3,-3), (-3,-3)]
Turtle 4 :[(-4,-4), (10,12), (9,12), (8,12), (8,11), (7,11), (6,11), (-4,-4)]
Turtle 5 :[(-5,-5), (11,9), (10,9), (10,9), (10,10), (10,10), (10,11), (-5,-5)]

Shrinking Run 37
#Info# Executed steps before collision: 7, Found collision: false
Turtle 1 :[(-1,-1), (13,0), (13,0), (13,1), (13,2), (12,2), (12,3), (12,4)]
Turtle 2 :[(-2,-2), (9,4), (8,4), (7,4), (7,3), (6,3), (5,3), (-2,-2)]
Turtle 3 :[(-3,-3), (13,3), (12,3), (13,3), (13,4), (13,3), (14,3), (14,2)]
Turtle 4 :[(-4,-4), (10,12), (9,12), (8,12), (8,11), (7,11), (6,11), (-4,-4)]
Turtle 5 :[(-5,-5), (11,9), (11,10), (10,10), (10,11), (10,11), (10,11), (9,11)]

Shrinking Run 38
#Info# Executed steps before collision: 8, Found collision: false
Turtle 1 :[(-1,-1), (13,0), (13,0), (13,1), (13,2), (12,2), (12,3), (12,4), (-1,-1)]
Turtle 2 :[(-2,-2), (9,4), (8,4), (7,4), (7,3), (6,3), (5,3), (-2,-2), (-2,-2)]
Turtle 3 :[(-3,-3), (13,3), (12,3), (13,3), (14,3), (14,4), (14,3), (14,2), (-3,-3)]
Turtle 4 :[(-4,-4), (10,12), (9,12), (8,12), (8,11), (7,11), (6,11), (-4,-4), (-4,-4)]
Turtle 5 :[(-5,-5), (11,9), (11,8), (10,8), (10,7), (10,7), (10,7), (10,6), (10,5)]

Shrinking Run 39
#Info# Executed steps before collision: 7, Found collision: false
Turtle 1 :[(-1,-1), (13,0), (13,0), (13,1), (13,2), (12,2), (12,3), (12,4)]
Turtle 2 :[(-2,-2), (9,4), (8,4), (7,4), (7,3), (6,3), (5,3), (-2,-2)]
Turtle 3 :[(-3,-3), (13,3), (12,3), (13,3), (13,3), (13,2), (14,2), (14,2)]
Turtle 4 :[(-4,-4), (10,12), (9,12), (8,12), (8,11), (7,11), (6,11), (-4,-4)]
Turtle 5 :[(-5,-5), (11,9), (11,8), (10,8), (10,7), (10,7), (10,7), (10,6)]

Shrinking Run 40
#Info# Executed steps before collision: 7, Found collision: false
Turtle 1 :[(-1,-1), (13,0), (13,0), (13,1), (13,2), (12,2), (12,3), (12,4)]
Turtle 2 :[(-2,-2), (9,4), (8,4), (7,4), (7,3), (6,3), (5,3), (-2,-2)]
Turtle 3 :[(-3,-3), (13,3), (12,3), (13,3), (14,3), (14,2), (-3,-3), (-3,-3)]
Turtle 4 :[(-4,-4), (10,12), (9,12), (8,12), (8,11), (7,11), (6,11), (-4,-4)]
Turtle 5 :[(-5,-5), (11,9), (11,9), (11,10), (11,10), (10,10), (-5,-5), (-5,-5)]

Shrinking Run 41
#Info# Executed steps before collision: 4, Found collision: true
Turtle 1 :[(-1,-1), (13,0), (13,0), (13,1), (13,2), (12,2), (12,3), (12,4)]
Turtle 2 :[(-2,-2), (9,4), (8,4), (7,4), (7,3), (6,3), (5,3), (-2,-2)]
Turtle 3 :[(-3,-3), (13,3), (12,3), (13,3), (13,2), (14,2), (-3,-3), (-3,-3)]
Turtle 4 :[(-4,-4), (10,12), (9,12), (8,12), (8,11), (7,11), (6,11), (-4,-4)]
Turtle 5 :[(-5,-5), (11,9), (11,10), (11,10), (10,10), (10,10), (10,11), (-5,-5)]

Shrinking Run 42
#Info# Executed steps before collision: 7, Found collision: false
Turtle 1 :[(-1,-1), (13,0), (13,0), (13,1), (13,2), (12,2), (12,3), (12,4)]
Turtle 2 :[(-2,-2), (9,4), (8,4), (7,4), (7,3), (6,3), (5,3), (-2,-2)]
Turtle 3 :[(-3,-3), (13,3), (12,3), (13,3), (12,3), (13,3), (13,2), (14,2)]
Turtle 4 :[(-4,-4), (10,12), (9,12), (8,12), (8,11), (7,11), (6,11), (-4,-4)]
Turtle 5 :[(-5,-5), (11,9), (10,9), (10,10), (10,11), (-5,-5), (-5,-5), (-5,-5)]

Shrinking Run 43
#Info# Executed steps before collision: 5, Found collision: true
Turtle 1 :[(-1,-1), (13,0), (13,0), (13,1), (13,2), (12,2), (12,3), (12,4)]
Turtle 2 :[(-2,-2), (9,4), (8,4), (7,4), (7,3), (6,3), (5,3), (-2,-2)]
Turtle 3 :[(-3,-3), (13,3), (12,3), (13,3), (12,3), (12,2), (13,2), (14,2)]
Turtle 4 :[(-4,-4), (10,12), (9,12), (8,12), (8,11), (7,11), (6,11), (-4,-4)]
Turtle 5 :[(-5,-5), (11,9), (11,10), (10,10), (10,10), (10,11), (-5,-5), (-5,-5)]

Shrinking Run 44
#Info# Executed steps before collision: 4, Found collision: true
Turtle 1 :[(-1,-1), (13,0), (13,0), (13,1), (13,2), (12,2), (12,1), (12,2), (12,3), (12,4)]
Turtle 2 :[(-2,-2), (9,4), (8,4), (7,4), (7,3), (6,3), (5,3), (-2,-2), (-2,-2), (-2,-2)]
Turtle 3 :[(-3,-3), (13,3), (12,3), (13,3), (13,2), (13,3), (14,3), (14,2), (-3,-3), (-3,-3)]
Turtle 4 :[(-4,-4), (10,12), (9,12), (8,12), (8,11), (7,11), (6,11), (-4,-4), (-4,-4), (-4,-4)]
Turtle 5 :[(-5,-5), (11,9), (10,9), (10,10), (10,10), (10,11), (-5,-5), (-5,-5), (-5,-5), (-5,-5)]

Shrinking Run 45
#Info# Executed steps before collision: 7, Found collision: false
Turtle 1 :[(-1,-1), (13,0), (13,0), (13,1), (12,1), (12,2), (11,2), (10,2)]
Turtle 2 :[(-2,-2), (9,4), (8,4), (7,4), (7,3), (6,3), (5,3), (-2,-2)]
Turtle 3 :[(-3,-3), (13,3), (12,3), (13,3), (13,2), (14,2), (14,2), (-3,-3)]
Turtle 4 :[(-4,-4), (10,12), (9,12), (8,12), (8,11), (7,11), (6,11), (-4,-4)]
Turtle 5 :[(-5,-5), (11,9), (10,9), (10,10), (10,10), (10,11), (-5,-5), (-5,-5)]

Shrinking Run 46
#Info# Executed steps before collision: 7, Found collision: false
Turtle 1 :[(-1,-1), (13,0), (13,0), (13,1), (12,1), (12,2), (11,2), (11,3)]
Turtle 2 :[(-2,-2), (9,4), (8,4), (7,4), (7,3), (6,3), (5,3), (-2,-2)]
Turtle 3 :[(-3,-3), (13,3), (12,3), (13,3), (13,2), (14,2), (14,2), (-3,-3)]
Turtle 4 :[(-4,-4), (10,12), (9,12), (8,12), (8,11), (7,11), (6,11), (-4,-4)]
Turtle 5 :[(-5,-5), (11,9), (10,9), (10,10), (10,10), (10,11), (-5,-5), (-5,-5)]

Shrinking Run 47
#Info# Executed steps before collision: 6, Found collision: false
Turtle 1 :[(-1,-1), (13,0), (13,0), (13,0), (13,1), (13,1), (12,1)]
Turtle 2 :[(-2,-2), (9,4), (8,4), (7,4), (7,3), (6,3), (5,3)]
Turtle 3 :[(-3,-3), (13,3), (12,3), (13,3), (13,2), (14,2), (14,2)]
Turtle 4 :[(-4,-4), (10,12), (9,12), (8,12), (8,11), (7,11), (6,11)]
Turtle 5 :[(-5,-5), (11,9), (10,9), (10,10), (10,10), (10,11), (-5,-5)]

Shrinking Run 48
#Info# Executed steps before collision: 7, Found collision: false
Turtle 1 :[(-1,-1), (13,0), (13,0), (13,0), (13,1), (13,1), (12,1), (12,2)]
Turtle 2 :[(-2,-2), (9,4), (8,4), (7,4), (7,3), (6,3), (5,3), (-2,-2)]
Turtle 3 :[(-3,-3), (13,3), (12,3), (13,3), (13,2), (14,2), (14,2), (-3,-3)]
Turtle 4 :[(-4,-4), (10,12), (9,12), (8,12), (8,11), (7,11), (6,11), (-4,-4)]
Turtle 5 :[(-5,-5), (11,9), (10,9), (10,10), (10,10), (10,11), (-5,-5), (-5,-5)]

Shrinking Run 49
#Info# Executed steps before collision: 9, Found collision: false
Turtle 1 :[(-1,-1), (13,0), (13,0), (13,1), (13,1), (13,0), (13,1), (13,2), (12,2), (12,3)]
Turtle 2 :[(-2,-2), (9,4), (8,4), (7,4), (7,3), (6,3), (5,3), (-2,-2), (-2,-2), (-2,-2)]
Turtle 3 :[(-3,-3), (13,3), (12,3), (13,3), (13,2), (14,2), (14,2), (-3,-3), (-3,-3), (-3,-3)]
Turtle 4 :[(-4,-4), (10,12), (9,12), (8,12), (8,11), (7,11), (6,11), (-4,-4), (-4,-4), (-4,-4)]
Turtle 5 :[(-5,-5), (11,9), (10,9), (10,10), (10,10), (10,11), (-5,-5), (-5,-5), (-5,-5), (-5,-5)]

Shrinking Run 50
#Info# Executed steps before collision: 7, Found collision: false
Turtle 1 :[(-1,-1), (13,0), (13,1), (13,2), (12,2), (12,3), (12,4), (-1,-1)]
Turtle 2 :[(-2,-2), (9,4), (8,4), (7,4), (7,3), (6,3), (5,3), (-2,-2)]
Turtle 3 :[(-3,-3), (13,3), (12,3), (13,3), (13,4), (14,4), (14,3), (14,2)]
Turtle 4 :[(-4,-4), (10,12), (9,12), (8,12), (8,11), (7,11), (6,11), (-4,-4)]
Turtle 5 :[(-5,-5), (11,9), (10,9), (10,10), (10,10), (10,11), (-5,-5), (-5,-5)]

Shrinking Run 51
#Info# Executed steps before collision: 7, Found collision: false
Turtle 1 :[(-1,-1), (13,0), (12,0), (12,1), (12,1), (12,2), (12,3), (12,4)]
Turtle 2 :[(-2,-2), (9,4), (8,4), (7,4), (7,3), (6,3), (5,3), (-2,-2)]
Turtle 3 :[(-3,-3), (13,3), (12,3), (13,3), (13,2), (14,2), (14,2), (-3,-3)]
Turtle 4 :[(-4,-4), (10,12), (9,12), (8,12), (8,11), (7,11), (6,11), (-4,-4)]
Turtle 5 :[(-5,-5), (11,9), (10,9), (10,10), (10,10), (10,11), (-5,-5), (-5,-5)]

Shrinking Run 52
#Info# Executed steps before collision: 9, Found collision: false
Turtle 1 :[(-1,-1), (13,0), (13,1), (13,2), (13,2), (14,2), (14,3), (13,3), (12,3), (12,4)]
Turtle 2 :[(-2,-2), (9,4), (8,4), (7,4), (7,3), (6,3), (5,3), (-2,-2), (-2,-2), (-2,-2)]
Turtle 3 :[(-3,-3), (13,3), (12,3), (13,3), (13,3), (13,2), (14,2), (-3,-3), (-3,-3), (-3,-3)]
Turtle 4 :[(-4,-4), (10,12), (9,12), (8,12), (8,11), (7,11), (6,11), (-4,-4), (-4,-4), (-4,-4)]
Turtle 5 :[(-5,-5), (11,9), (10,9), (10,10), (10,10), (10,11), (-5,-5), (-5,-5), (-5,-5), (-5,-5)]

Shrinking Run 53
#Info# Executed steps before collision: 7, Found collision: false
Turtle 1 :[(-1,-1), (13,0), (13,0), (12,0), (12,1), (12,2), (12,3), (12,4)]
Turtle 2 :[(-2,-2), (9,4), (8,4), (7,4), (7,3), (6,3), (5,3), (-2,-2)]
Turtle 3 :[(-3,-3), (13,3), (12,3), (13,3), (13,2), (14,2), (14,2), (-3,-3)]
Turtle 4 :[(-4,-4), (10,12), (9,12), (8,12), (8,11), (7,11), (6,11), (-4,-4)]
Turtle 5 :[(-5,-5), (11,9), (10,9), (10,10), (10,10), (10,11), (-5,-5), (-5,-5)]

Shrinking Run 54
#Info# Executed steps before collision: 7, Found collision: false
Turtle 1 :[(-1,-1), (13,0), (13,0), (13,1), (12,1), (12,2), (12,3), (12,4)]
Turtle 2 :[(-2,-2), (9,4), (8,4), (7,4), (7,3), (6,3), (5,3), (-2,-2)]
Turtle 3 :[(-3,-3), (13,3), (12,3), (13,3), (13,2), (14,2), (14,2), (-3,-3)]
Turtle 4 :[(-4,-4), (10,12), (9,12), (8,12), (8,11), (7,11), (6,11), (-4,-4)]
Turtle 5 :[(-5,-5), (11,9), (10,9), (10,10), (10,10), (10,11), (-5,-5), (-5,-5)]

Shrinking Run 55
#Info# Executed steps before collision: 7, Found collision: false
Turtle 1 :[(-1,-1), (13,0), (13,0), (13,1), (13,2), (12,2), (12,3), (12,4)]
Turtle 2 :[(-2,-2), (9,4), (8,4), (7,4), (6,4), (6,3), (5,3), (-2,-2)]
Turtle 3 :[(-3,-3), (13,3), (12,3), (13,3), (12,3), (13,3), (13,2), (14,2)]
Turtle 4 :[(-4,-4), (10,12), (9,12), (8,12), (8,11), (7,11), (6,11), (-4,-4)]
Turtle 5 :[(-5,-5), (11,9), (10,9), (10,10), (10,10), (10,11), (-5,-5), (-5,-5)]

Shrinking Run 56
#Info# Executed steps before collision: 7, Found collision: false
Turtle 1 :[(-1,-1), (13,0), (13,0), (13,1), (13,2), (12,2), (12,3), (12,4)]
Turtle 2 :[(-2,-2), (9,4), (8,4), (7,4), (7,3), (6,3), (5,3), (-2,-2)]
Turtle 3 :[(-3,-3), (13,3), (12,3), (11,3), (11,2), (10,2), (9,2), (-3,-3)]
Turtle 4 :[(-4,-4), (10,12), (9,12), (8,12), (8,11), (7,11), (6,11), (-4,-4)]
Turtle 5 :[(-5,-5), (11,9), (10,9), (10,10), (10,10), (10,11), (-5,-5), (-5,-5)]

Shrinking Run 57
#Info# Executed steps before collision: 8, Found collision: false
Turtle 1 :[(-1,-1), (13,0), (13,0), (13,1), (13,2), (13,2), (12,2), (12,3), (12,4)]
Turtle 2 :[(-2,-2), (9,4), (8,4), (7,4), (7,3), (6,3), (5,3), (-2,-2), (-2,-2)]
Turtle 3 :[(-3,-3), (13,3), (13,3), (12,3), (12,2), (11,2), (10,2), (-3,-3), (-3,-3)]
Turtle 4 :[(-4,-4), (10,12), (9,12), (8,12), (8,11), (7,11), (6,11), (-4,-4), (-4,-4)]
Turtle 5 :[(-5,-5), (11,9), (10,9), (10,10), (10,10), (10,11), (-5,-5), (-5,-5), (-5,-5)]

Shrinking Run 58
#Info# Executed steps before collision: 7, Found collision: false
Turtle 1 :[(-1,-1), (13,0), (13,0), (13,1), (13,2), (12,2), (12,3), (12,4)]
Turtle 2 :[(-2,-2), (9,4), (8,4), (7,4), (7,3), (6,3), (5,3), (-2,-2)]
Turtle 3 :[(-3,-3), (13,3), (12,3), (13,3), (13,3), (14,3), (14,2), (-3,-3)]
Turtle 4 :[(-4,-4), (10,12), (9,12), (8,12), (8,11), (7,11), (6,11), (-4,-4)]
Turtle 5 :[(-5,-5), (11,9), (10,9), (10,10), (10,10), (10,11), (-5,-5), (-5,-5)]

Shrinking Run 59
#Info# Executed steps before collision: 7, Found collision: false
Turtle 1 :[(-1,-1), (13,0), (13,0), (13,1), (13,2), (12,2), (12,3), (12,4)]
Turtle 2 :[(-2,-2), (9,4), (8,4), (7,4), (7,3), (6,3), (5,3), (-2,-2)]
Turtle 3 :[(-3,-3), (13,3), (14,3), (14,2), (14,1), (14,0), (14,0), (-3,-3)]
Turtle 4 :[(-4,-4), (10,12), (9,12), (8,12), (8,11), (7,11), (6,11), (-4,-4)]
Turtle 5 :[(-5,-5), (11,9), (10,9), (10,10), (10,10), (10,11), (-5,-5), (-5,-5)]

Shrinking Run 60
#Info# Executed steps before collision: 7, Found collision: false
Turtle 1 :[(-1,-1), (13,0), (13,0), (13,1), (13,2), (12,2), (12,3), (12,4)]
Turtle 2 :[(-2,-2), (9,4), (8,4), (7,4), (7,3), (6,3), (5,3), (-2,-2)]
Turtle 3 :[(-3,-3), (13,3), (13,3), (14,3), (14,2), (14,1), (14,1), (-3,-3)]
Turtle 4 :[(-4,-4), (10,12), (9,12), (8,12), (8,11), (7,11), (6,11), (-4,-4)]
Turtle 5 :[(-5,-5), (11,9), (10,9), (10,10), (10,10), (10,11), (-5,-5), (-5,-5)]

Shrinking Run 61
#Info# Executed steps before collision: 7, Found collision: false
Turtle 1 :[(-1,-1), (13,0), (13,0), (13,1), (13,2), (12,2), (12,3), (12,4)]
Turtle 2 :[(-2,-2), (9,4), (8,4), (7,4), (7,3), (6,3), (5,3), (-2,-2)]
Turtle 3 :[(-3,-3), (13,3), (12,3), (13,3), (14,3), (14,3), (14,3), (14,2)]
Turtle 4 :[(-4,-4), (10,12), (9,12), (8,12), (8,11), (7,11), (6,11), (-4,-4)]
Turtle 5 :[(-5,-5), (11,9), (10,9), (10,10), (10,10), (10,11), (-5,-5), (-5,-5)]

Shrinking Run 62
#Info# Executed steps before collision: 7, Found collision: false
Turtle 1 :[(-1,-1), (13,0), (13,0), (13,1), (13,2), (12,2), (12,3), (12,4)]
Turtle 2 :[(-2,-2), (9,4), (8,4), (7,4), (7,3), (6,3), (5,3), (-2,-2)]
Turtle 3 :[(-3,-3), (13,3), (13,3), (14,3), (14,2), (14,2), (-3,-3), (-3,-3)]
Turtle 4 :[(-4,-4), (10,12), (9,12), (8,12), (8,11), (7,11), (6,11), (-4,-4)]
Turtle 5 :[(-5,-5), (11,9), (10,9), (10,10), (10,10), (10,11), (-5,-5), (-5,-5)]

Shrinking Run 63
#Info# Executed steps before collision: 7, Found collision: false
Turtle 1 :[(-1,-1), (13,0), (13,0), (13,1), (13,2), (12,2), (12,3), (12,4)]
Turtle 2 :[(-2,-2), (9,4), (8,4), (7,4), (7,3), (6,3), (5,3), (-2,-2)]
Turtle 3 :[(-3,-3), (13,3), (13,2), (14,2), (14,2), (-3,-3), (-3,-3), (-3,-3)]
Turtle 4 :[(-4,-4), (10,12), (9,12), (8,12), (8,11), (7,11), (6,11), (-4,-4)]
Turtle 5 :[(-5,-5), (11,9), (10,9), (10,10), (10,10), (10,11), (-5,-5), (-5,-5)]

Shrinking Run 64
#Info# Executed steps before collision: 7, Found collision: false
Turtle 1 :[(-1,-1), (13,0), (13,0), (13,1), (13,2), (12,2), (12,3), (12,4)]
Turtle 2 :[(-2,-2), (9,4), (8,4), (7,4), (7,3), (6,3), (5,3), (-2,-2)]
Turtle 3 :[(-3,-3), (13,3), (14,3), (14,2), (14,2), (13,2), (14,2), (-3,-3)]
Turtle 4 :[(-4,-4), (10,12), (9,12), (8,12), (8,11), (7,11), (6,11), (-4,-4)]
Turtle 5 :[(-5,-5), (11,9), (10,9), (10,10), (10,10), (10,11), (-5,-5), (-5,-5)]

Shrinking Run 65
#Info# Executed steps before collision: 7, Found collision: false
Turtle 1 :[(-1,-1), (13,0), (13,0), (13,1), (13,2), (12,2), (12,3), (12,4)]
Turtle 2 :[(-2,-2), (9,4), (8,4), (7,4), (7,3), (6,3), (5,3), (-2,-2)]
Turtle 3 :[(-3,-3), (13,3), (14,3), (14,3), (14,2), (14,2), (13,2), (14,2)]
Turtle 4 :[(-4,-4), (10,12), (9,12), (8,12), (8,11), (7,11), (6,11), (-4,-4)]
Turtle 5 :[(-5,-5), (11,9), (10,9), (10,10), (10,10), (10,11), (-5,-5), (-5,-5)]

Shrinking Run 66
#Info# Executed steps before collision: 7, Found collision: false
Turtle 1 :[(-1,-1), (13,0), (13,0), (13,1), (13,2), (12,2), (12,3), (12,4)]
Turtle 2 :[(-2,-2), (9,4), (8,4), (7,4), (7,3), (6,3), (5,3), (-2,-2)]
Turtle 3 :[(-3,-3), (13,3), (12,3), (13,3), (14,3), (14,2), (-3,-3), (-3,-3)]
Turtle 4 :[(-4,-4), (10,12), (10,11), (9,11), (8,11), (7,11), (6,11), (-4,-4)]
Turtle 5 :[(-5,-5), (11,9), (10,9), (10,10), (10,10), (10,11), (-5,-5), (-5,-5)]

Shrinking Run 67
#Info# Executed steps before collision: 7, Found collision: false
Turtle 1 :[(-1,-1), (13,0), (13,0), (13,1), (13,2), (12,2), (12,3), (12,4)]
Turtle 2 :[(-2,-2), (9,4), (8,4), (7,4), (7,3), (6,3), (5,3), (-2,-2)]
Turtle 3 :[(-3,-3), (13,3), (12,3), (13,3), (14,3), (14,4), (14,3), (14,2)]
Turtle 4 :[(-4,-4), (10,12), (9,12), (9,11), (8,11), (7,11), (6,11), (-4,-4)]
Turtle 5 :[(-5,-5), (11,9), (10,9), (10,10), (10,10), (10,11), (-5,-5), (-5,-5)]

Shrink Run 68
#Info# Executed steps before collision: 7, Found collision: false
Turtle 1 :[(-1,-1), (13,0), (13,0), (13,1), (13,2), (12,2), (12,3), (12,4)]
Turtle 2 :[(-2,-2), (9,4), (8,4), (7,4), (7,3), (6,3), (5,3), (-2,-2)]
Turtle 3 :[(-3,-3), (13,3), (12,3), (13,3), (13,4), (14,4), (14,3), (14,2)]
Turtle 4 :[(-4,-4), (10,12), (9,12), (8,12), (7,12), (7,11), (6,11), (-4,-4)]
Turtle 5 :[(-5,-5), (11,9), (10,9), (10,10), (10,10), (10,11), (-5,-5), (-5,-5)]

