Detection Run 1
#Info# Executed steps before collision: 6, Found collision: false
Turtle 1 :[(-1,-1), (30,25), (30,24), (30,23), (30,22), (29,22), (29,21)]
Turtle 2 :[(-2,-2), (6,4), (6,5), (6,6), (7,6), (7,7), (8,7)]
Turtle 3 :[(-3,-3), (22,48), (23,48), (23,47), (23,46), (23,45), (24,45)]
Turtle 4 :[(-4,-4), (9,40), (9,41), (8,41), (7,41), (6,41), (6,42)]
Turtle 5 :[(-5,-5), (21,48), (22,48), (22,49), (23,49), (24,49), (25,49)]

Detection Run 2
#Info# Executed steps before collision: 7, Found collision: false
Turtle 1 :[(-1,-1), (12,19), (13,19), (13,19), (13,20), (14,20), (15,20), (-1,-1)]
Turtle 2 :[(-2,-2), (42,47), (42,46), (41,46), (41,46), (41,45), (41,44), (41,43)]
Turtle 3 :[(-3,-3), (0,21), (0,20), (0,19), (0,19), (0,20), (1,20), (-3,-3)]
Turtle 4 :[(-4,-4), (1,17), (1,18), (1,19), (2,19), (1,19), (0,19), (-4,-4)]
Turtle 5 :[(-5,-5), (30,1), (30,1), (30,2), (31,2), (32,2), (32,3), (33,3)]

Detection Run 3
#Info# Executed steps before collision: 11, Found collision: false
Turtle 1 :[(-1,-1), (49,4), (48,4), (47,4), (46,4), (45,4), (45,3), (-1,-1), (-1,-1), (-1,-1), (-1,-1), (-1,-1)]
Turtle 2 :[(-2,-2), (2,23), (2,24), (2,25), (2,25), (2,25), (2,25), (1,25), (1,25), (1,25), (1,26), (0,26)]
Turtle 3 :[(-3,-3), (0,28), (1,28), (1,27), (2,27), (3,27), (4,27), (-3,-3), (-3,-3), (-3,-3), (-3,-3), (-3,-3)]
Turtle 4 :[(-4,-4), (49,6), (49,5), (49,4), (49,3), (49,2), (49,1), (-4,-4), (-4,-4), (-4,-4), (-4,-4), (-4,-4)]
Turtle 5 :[(-5,-5), (27,33), (27,33), (27,33), (27,32), (28,32), (28,32), (28,31), (28,30), (28,29), (-5,-5), (-5,-5)]

Detection Run 4
#Info# Executed steps before collision: 9, Found collision: false
Turtle 1 :[(-1,-1), (49,34), (48,34), (48,35), (47,35), (46,35), (45,35), (-1,-1), (-1,-1), (-1,-1)]
Turtle 2 :[(-2,-2), (28,4), (28,3), (28,2), (28,1), (28,0), (27,0), (-2,-2), (-2,-2), (-2,-2)]
Turtle 3 :[(-3,-3), (36,29), (36,28), (36,29), (36,28), (36,27), (-3,-3), (-3,-3), (-3,-3), (-3,-3)]
Turtle 4 :[(-4,-4), (22,21), (23,21), (24,21), (25,21), (25,20), (25,19), (-4,-4), (-4,-4), (-4,-4)]
Turtle 5 :[(-5,-5), (25,21), (25,21), (25,20), (25,20), (26,20), (27,20), (27,19), (27,19), (27,18)]

Detection Run 5
#Info# Executed steps before collision: 9, Found collision: false
Turtle 1 :[(-1,-1), (20,39), (19,39), (19,38), (18,38), (17,38), (16,38), (-1,-1), (-1,-1), (-1,-1)]
Turtle 2 :[(-2,-2), (14,9), (13,9), (13,9), (13,8), (12,8), (11,8), (10,8), (-2,-2), (-2,-2)]
Turtle 3 :[(-3,-3), (12,8), (12,9), (12,10), (12,11), (12,12), (12,12), (12,12), (12,12), (12,13)]
Turtle 4 :[(-4,-4), (33,6), (34,6), (35,6), (35,6), (35,6), (36,6), (36,5), (37,5), (-4,-4)]
Turtle 5 :[(-5,-5), (40,24), (40,24), (40,23), (41,23), (42,23), (43,23), (44,23), (-5,-5), (-5,-5)]

Detection Run 6
#Info# Executed steps before collision: 11, Found collision: false
Turtle 1 :[(-1,-1), (32,33), (31,33), (30,33), (29,33), (29,34), (28,34), (-1,-1), (-1,-1), (-1,-1), (-1,-1), (-1,-1)]
Turtle 2 :[(-2,-2), (25,36), (26,36), (27,36), (28,36), (28,37), (29,37), (-2,-2), (-2,-2), (-2,-2), (-2,-2), (-2,-2)]
Turtle 3 :[(-3,-3), (23,35), (24,35), (24,36), (24,36), (24,36), (24,36), (24,36), (25,36), (26,36), (26,36), (26,37)]
Turtle 4 :[(-4,-4), (21,32), (20,32), (20,32), (20,31), (20,31), (20,31), (20,31), (20,30), (19,30), (19,29), (-4,-4)]
Turtle 5 :[(-5,-5), (13,25), (13,26), (13,26), (14,26), (14,27), (14,28), (14,28), (14,28), (14,29), (-5,-5), (-5,-5)]

Detection Run 7
#Info# Executed steps before collision: 11, Found collision: false
Turtle 1 :[(-1,-1), (0,45), (0,44), (0,43), (0,43), (0,43), (0,42), (-1,-1), (-1,-1), (-1,-1), (-1,-1), (-1,-1)]
Turtle 2 :[(-2,-2), (29,34), (30,34), (31,34), (31,33), (32,33), (32,32), (-2,-2), (-2,-2), (-2,-2), (-2,-2), (-2,-2)]
Turtle 3 :[(-3,-3), (46,0), (47,0), (48,0), (-3,-3), (-3,-3), (-3,-3), (-3,-3), (-3,-3), (-3,-3), (-3,-3), (-3,-3)]
Turtle 4 :[(-4,-4), (1,41), (1,42), (1,43), (1,44), (1,45), (0,45), (-4,-4), (-4,-4), (-4,-4), (-4,-4), (-4,-4)]
Turtle 5 :[(-5,-5), (7,12), (8,12), (8,12), (8,12), (8,12), (9,12), (9,12), (9,11), (9,11), (10,11), (11,11)]

Detection Run 8
#Info# Executed steps before collision: 9, Found collision: false
Turtle 1 :[(-1,-1), (8,21), (7,21), (7,21), (6,21), (6,21), (6,22), (6,23), (5,23), (-1,-1)]
Turtle 2 :[(-2,-2), (14,42), (14,42), (14,43), (14,43), (13,43), (13,43), (13,43), (12,43), (11,43)]
Turtle 3 :[(-3,-3), (8,15), (8,14), (8,13), (8,12), (8,12), (8,12), (8,11), (7,11), (-3,-3)]
Turtle 4 :[(-4,-4), (10,15), (10,14), (10,13), (10,13), (10,13), (10,12), (9,12), (-4,-4), (-4,-4)]
Turtle 5 :[(-5,-5), (5,9), (5,10), (6,10), (7,10), (7,11), (7,12), (-5,-5), (-5,-5), (-5,-5)]

Detection Run 9
#Info# Executed steps before collision: 10, Found collision: false
Turtle 1 :[(-1,-1), (1,5), (1,6), (1,7), (1,7), (0,7), (0,8), (-1,-1), (-1,-1), (-1,-1), (-1,-1)]
Turtle 2 :[(-2,-2), (45,47), (45,47), (45,48), (46,48), (47,48), (47,48), (47,49), (47,49), (47,49), (-2,-2)]
Turtle 3 :[(-3,-3), (27,5), (28,5), (28,5), (28,5), (27,5), (27,6), (27,6), (27,6), (28,6), (29,6)]
Turtle 4 :[(-4,-4), (27,18), (28,18), (29,18), (29,19), (30,19), (30,18), (31,18), (31,17), (-4,-4), (-4,-4)]
Turtle 5 :[(-5,-5), (30,16), (30,17), (30,18), (31,18), (31,19), (32,19), (-5,-5), (-5,-5), (-5,-5), (-5,-5)]

Detection Run 10
#Info# Executed steps before collision: 11, Found collision: false
Turtle 1 :[(-1,-1), (37,9), (37,9), (38,9), (37,9), (38,9), (38,8), (-1,-1), (-1,-1), (-1,-1), (-1,-1), (-1,-1)]
Turtle 2 :[(-2,-2), (15,30), (14,30), (14,31), (13,31), (12,31), (12,32), (-2,-2), (-2,-2), (-2,-2), (-2,-2), (-2,-2)]
Turtle 3 :[(-3,-3), (48,21), (48,20), (48,20), (47,20), (47,20), (47,19), (46,19), (45,19), (-3,-3), (-3,-3), (-3,-3)]
Turtle 4 :[(-4,-4), (0,21), (1,21), (2,21), (2,21), (2,21), (2,21), (3,21), (2,21), (2,21), (2,21), (2,20)]
Turtle 5 :[(-5,-5), (37,7), (37,8), (37,9), (37,10), (36,10), (-5,-5), (-5,-5), (-5,-5), (-5,-5), (-5,-5), (-5,-5)]

Detection Run 11
#Info# Executed steps before collision: 11, Found collision: false
Turtle 1 :[(-1,-1), (30,21), (30,21), (30,20), (30,20), (30,20), (30,20), (31,20), (31,21), (31,20), (31,19), (31,18)]
Turtle 2 :[(-2,-2), (47,40), (46,40), (46,40), (46,40), (46,41), (46,41), (46,42), (46,42), (46,42), (46,43), (46,44)]
Turtle 3 :[(-3,-3), (24,17), (24,17), (24,17), (24,18), (24,18), (24,19), (24,19), (24,19), (25,19), (26,19), (26,20)]
Turtle 4 :[(-4,-4), (29,19), (29,19), (29,19), (30,19), (31,19), (32,19), (32,20), (32,21), (-4,-4), (-4,-4), (-4,-4)]
Turtle 5 :[(-5,-5), (3,20), (3,21), (3,22), (3,23), (3,24), (-5,-5), (-5,-5), (-5,-5), (-5,-5), (-5,-5), (-5,-5)]

Detection Run 12
#Info# Executed steps before collision: 10, Found collision: false
Turtle 1 :[(-1,-1), (38,45), (39,45), (39,45), (39,45), (39,46), (40,46), (40,46), (40,47), (40,47), (41,47)]
Turtle 2 :[(-2,-2), (8,49), (8,49), (8,48), (9,48), (9,49), (10,49), (-2,-2), (-2,-2), (-2,-2), (-2,-2)]
Turtle 3 :[(-3,-3), (14,13), (14,14), (14,15), (15,15), (16,15), (16,16), (-3,-3), (-3,-3), (-3,-3), (-3,-3)]
Turtle 4 :[(-4,-4), (40,13), (40,13), (41,13), (41,12), (42,12), (42,11), (42,11), (42,11), (42,11), (43,11)]
Turtle 5 :[(-5,-5), (14,19), (14,19), (14,18), (14,17), (15,17), (15,16), (15,16), (16,16), (-5,-5), (-5,-5)]

Detection Run 13
#Info# Executed steps before collision: 10, Found collision: false
Turtle 1 :[(-1,-1), (13,10), (13,9), (13,9), (12,9), (12,9), (12,10), (11,10), (11,10), (11,10), (10,10)]
Turtle 2 :[(-2,-2), (20,4), (20,4), (21,4), (21,4), (22,4), (22,3), (22,2), (22,2), (22,1), (-2,-2)]
Turtle 3 :[(-3,-3), (15,28), (15,27), (15,27), (15,26), (15,26), (15,26), (15,25), (16,25), (16,25), (17,25)]
Turtle 4 :[(-4,-4), (36,16), (36,15), (36,14), (-4,-4), (-4,-4), (-4,-4), (-4,-4), (-4,-4), (-4,-4), (-4,-4)]
Turtle 5 :[(-5,-5), (10,10), (9,10), (8,10), (7,10), (6,10), (5,10), (-5,-5), (-5,-5), (-5,-5), (-5,-5)]

Detection Run 14
#Info# Executed steps before collision: 11, Found collision: false
Turtle 1 :[(-1,-1), (48,31), (47,31), (47,31), (47,31), (46,31), (45,31), (45,30), (45,30), (45,30), (45,29), (-1,-1)]
Turtle 2 :[(-2,-2), (13,37), (13,38), (13,39), (14,39), (15,39), (15,40), (-2,-2), (-2,-2), (-2,-2), (-2,-2), (-2,-2)]
Turtle 3 :[(-3,-3), (36,7), (36,7), (35,7), (35,6), (35,5), (35,5), (35,5), (35,4), (34,4), (-3,-3), (-3,-3)]
Turtle 4 :[(-4,-4), (10,37), (11,37), (11,37), (11,37), (11,37), (12,37), (13,37), (13,37), (13,37), (14,37), (-4,-4)]
Turtle 5 :[(-5,-5), (1,36), (1,36), (2,36), (2,36), (3,36), (3,36), (3,37), (3,37), (3,37), (3,38), (4,38)]

Fault Detection Run 15
#Info# Executed steps before collision: 2, Found collision: true
Turtle 1 :[(-1,-1), (44,13), (44,14), (45,14), (45,14), (45,15), (45,16), (45,17), (-1,-1), (-1,-1), (-1,-1)]
Turtle 2 :[(-2,-2), (41,18), (41,18), (41,19), (41,20), (41,21), (-2,-2), (-2,-2), (-2,-2), (-2,-2), (-2,-2)]
Turtle 3 :[(-3,-3), (33,44), (33,44), (32,44), (31,44), (31,44), (31,43), (31,43), (31,43), (30,43), (30,42)]
Turtle 4 :[(-4,-4), (45,6), (45,5), (44,5), (44,4), (43,4), (43,4), (42,4), (-4,-4), (-4,-4), (-4,-4)]
Turtle 5 :[(-5,-5), (41,17), (41,18), (41,17), (41,18), (40,18), (40,19), (40,20), (39,20), (-5,-5), (-5,-5)]

