Shrinking Run 1
#Info# Executed steps before collision: 5, Found collision: true
Turtle 1 :[(-1,-1), (21,44), (20,44), (20,44), (20,43), (19,43), (18,43), (17,43), (-1,-1), (-1,-1), (-1,-1)]
Turtle 2 :[(-2,-2), (45,1), (44,1), (43,1), (42,1), (41,1), (41,2), (-2,-2), (-2,-2), (-2,-2), (-2,-2)]
Turtle 3 :[(-3,-3), (3,29), (3,29), (2,29), (3,29), (3,29), (3,29), (4,29), (4,29), (4,29), (4,28)]
Turtle 4 :[(-4,-4), (31,45), (31,45), (31,45), (31,44), (32,44), (32,44), (32,44), (32,44), (32,43), (-4,-4)]
Turtle 5 :[(-5,-5), (32,41), (32,42), (32,42), (32,43), (32,44), (-5,-5), (-5,-5), (-5,-5), (-5,-5), (-5,-5)]

Shrinking Run 2
#Info# Executed steps before collision: 11, Found collision: false
Turtle 1 :[(-1,-1), (21,44), (21,43), (21,43), (20,43), (19,43), (18,43), (17,43), (-1,-1), (-1,-1), (-1,-1), (-1,-1)]
Turtle 2 :[(-2,-2), (45,1), (44,1), (43,1), (42,1), (41,1), (41,2), (-2,-2), (-2,-2), (-2,-2), (-2,-2), (-2,-2)]
Turtle 3 :[(-3,-3), (3,29), (3,29), (2,29), (3,29), (3,29), (3,29), (4,29), (4,29), (4,29), (4,28), (-3,-3)]
Turtle 4 :[(-4,-4), (31,45), (31,45), (31,45), (31,44), (32,44), (32,44), (32,44), (32,44), (33,44), (32,44), (32,43)]
Turtle 5 :[(-5,-5), (32,41), (32,42), (32,42), (32,43), (32,42), (32,43), (32,42), (32,43), (32,42), (32,43), (32,44)]

Shrinking Run 3
#Info# Executed steps before collision: 8, Found collision: true
Turtle 1 :[(-1,-1), (21,44), (21,43), (20,43), (19,43), (18,43), (17,43), (-1,-1), (-1,-1), (-1,-1), (-1,-1)]
Turtle 2 :[(-2,-2), (45,1), (44,1), (43,1), (42,1), (41,1), (41,2), (-2,-2), (-2,-2), (-2,-2), (-2,-2)]
Turtle 3 :[(-3,-3), (3,29), (3,29), (2,29), (3,29), (3,29), (3,29), (4,29), (4,29), (4,29), (4,28)]
Turtle 4 :[(-4,-4), (31,45), (31,45), (31,45), (31,44), (32,44), (32,44), (32,44), (32,44), (32,43), (-4,-4)]
Turtle 5 :[(-5,-5), (32,41), (32,42), (32,42), (32,43), (32,42), (32,43), (32,43), (32,44), (-5,-5), (-5,-5)]

Shrinking Run 4
#Info# Executed steps before collision: 5, Found collision: true
Turtle 1 :[(-1,-1), (21,44), (20,44), (19,44), (19,43), (18,43), (17,43), (-1,-1), (-1,-1), (-1,-1), (-1,-1)]
Turtle 2 :[(-2,-2), (45,1), (44,1), (43,1), (42,1), (41,1), (41,2), (-2,-2), (-2,-2), (-2,-2), (-2,-2)]
Turtle 3 :[(-3,-3), (3,29), (3,29), (2,29), (3,29), (3,29), (3,29), (4,29), (4,29), (4,29), (4,28)]
Turtle 4 :[(-4,-4), (31,45), (31,45), (31,45), (31,44), (32,44), (32,44), (32,44), (32,44), (32,43), (-4,-4)]
Turtle 5 :[(-5,-5), (32,41), (32,42), (32,42), (32,43), (32,44), (-5,-5), (-5,-5), (-5,-5), (-5,-5), (-5,-5)]

Shrinking Run 5
#Info# Executed steps before collision: 5, Found collision: true
Turtle 1 :[(-1,-1), (21,44), (20,44), (19,44), (18,44), (18,43), (17,43), (-1,-1), (-1,-1), (-1,-1), (-1,-1)]
Turtle 2 :[(-2,-2), (45,1), (44,1), (43,1), (42,1), (41,1), (41,2), (-2,-2), (-2,-2), (-2,-2), (-2,-2)]
Turtle 3 :[(-3,-3), (3,29), (3,29), (2,29), (3,29), (3,29), (3,29), (4,29), (4,29), (4,29), (4,28)]
Turtle 4 :[(-4,-4), (31,45), (31,45), (31,45), (31,44), (32,44), (32,44), (32,44), (32,44), (32,43), (-4,-4)]
Turtle 5 :[(-5,-5), (32,41), (32,42), (32,42), (32,43), (32,44), (-5,-5), (-5,-5), (-5,-5), (-5,-5), (-5,-5)]

Shrinking Run 6
#Info# Executed steps before collision: 5, Found collision: true
Turtle 1 :[(-1,-1), (21,44), (20,44), (19,44), (19,43), (18,43), (17,43), (-1,-1), (-1,-1), (-1,-1), (-1,-1)]
Turtle 2 :[(-2,-2), (45,1), (44,1), (43,1), (42,1), (41,1), (41,0), (-2,-2), (-2,-2), (-2,-2), (-2,-2)]
Turtle 3 :[(-3,-3), (3,29), (3,29), (2,29), (3,29), (3,29), (3,29), (4,29), (4,29), (4,29), (4,28)]
Turtle 4 :[(-4,-4), (31,45), (31,45), (31,45), (31,44), (32,44), (32,44), (32,44), (32,44), (32,43), (-4,-4)]
Turtle 5 :[(-5,-5), (32,41), (32,42), (32,42), (32,43), (32,44), (-5,-5), (-5,-5), (-5,-5), (-5,-5), (-5,-5)]

Shrinking Run 7
#Info# Executed steps before collision: 5, Found collision: true
Turtle 1 :[(-1,-1), (21,44), (20,44), (19,44), (19,43), (18,43), (17,43), (-1,-1), (-1,-1), (-1,-1), (-1,-1)]
Turtle 2 :[(-2,-2), (45,1), (44,1), (43,1), (42,1), (41,1), (40,1), (-2,-2), (-2,-2), (-2,-2), (-2,-2)]
Turtle 3 :[(-3,-3), (3,29), (3,29), (2,29), (3,29), (3,29), (3,29), (4,29), (4,29), (4,29), (4,28)]
Turtle 4 :[(-4,-4), (31,45), (31,45), (31,45), (31,44), (32,44), (32,44), (32,44), (32,44), (32,43), (-4,-4)]
Turtle 5 :[(-5,-5), (32,41), (32,42), (32,42), (32,43), (32,44), (-5,-5), (-5,-5), (-5,-5), (-5,-5), (-5,-5)]

Shrinking Run 8
#Info# Executed steps before collision: 5, Found collision: true
Turtle 1 :[(-1,-1), (21,44), (20,44), (19,44), (19,43), (18,43), (17,43), (-1,-1), (-1,-1), (-1,-1), (-1,-1)]
Turtle 2 :[(-2,-2), (45,1), (44,1), (43,1), (42,1), (41,1), (40,1), (-2,-2), (-2,-2), (-2,-2), (-2,-2)]
Turtle 3 :[(-3,-3), (3,29), (3,29), (3,29), (2,29), (2,29), (2,29), (2,29), (2,28), (1,28), (0,28)]
Turtle 4 :[(-4,-4), (31,45), (31,45), (31,45), (31,44), (32,44), (32,44), (32,44), (32,44), (32,43), (-4,-4)]
Turtle 5 :[(-5,-5), (32,41), (32,42), (32,42), (32,43), (32,44), (-5,-5), (-5,-5), (-5,-5), (-5,-5), (-5,-5)]

Shrinking Run 9
#Info# Executed steps before collision: 5, Found collision: true
Turtle 1 :[(-1,-1), (21,44), (20,44), (19,44), (19,43), (18,43), (17,43), (-1,-1), (-1,-1), (-1,-1)]
Turtle 2 :[(-2,-2), (45,1), (44,1), (43,1), (42,1), (41,1), (40,1), (-2,-2), (-2,-2), (-2,-2)]
Turtle 3 :[(-3,-3), (3,29), (3,28), (2,28), (1,28), (1,27), (1,26), (-3,-3), (-3,-3), (-3,-3)]
Turtle 4 :[(-4,-4), (31,45), (31,45), (31,45), (31,44), (32,44), (32,44), (32,44), (32,44), (32,43)]
Turtle 5 :[(-5,-5), (32,41), (32,42), (32,42), (32,43), (32,44), (-5,-5), (-5,-5), (-5,-5), (-5,-5)]

Shrinking Run 10
#Info# Executed steps before collision: 5, Found collision: true
Turtle 1 :[(-1,-1), (21,44), (20,44), (19,44), (19,43), (18,43), (17,43), (-1,-1), (-1,-1), (-1,-1)]
Turtle 2 :[(-2,-2), (45,1), (44,1), (43,1), (42,1), (41,1), (40,1), (-2,-2), (-2,-2), (-2,-2)]
Turtle 3 :[(-3,-3), (3,29), (2,29), (2,28), (1,28), (1,27), (1,26), (-3,-3), (-3,-3), (-3,-3)]
Turtle 4 :[(-4,-4), (31,45), (31,45), (31,45), (31,44), (32,44), (32,44), (32,44), (32,44), (32,43)]
Turtle 5 :[(-5,-5), (32,41), (32,42), (32,42), (32,43), (32,44), (-5,-5), (-5,-5), (-5,-5), (-5,-5)]

Shrinking Run 11
#Info# Executed steps before collision: 5, Found collision: true
Turtle 1 :[(-1,-1), (21,44), (20,44), (19,44), (19,43), (18,43), (17,43), (-1,-1), (-1,-1), (-1,-1)]
Turtle 2 :[(-2,-2), (45,1), (44,1), (43,1), (42,1), (41,1), (40,1), (-2,-2), (-2,-2), (-2,-2)]
Turtle 3 :[(-3,-3), (3,29), (2,29), (2,28), (1,28), (0,28), (0,27), (-3,-3), (-3,-3), (-3,-3)]
Turtle 4 :[(-4,-4), (31,45), (31,45), (31,45), (31,44), (32,44), (32,44), (32,44), (32,44), (32,43)]
Turtle 5 :[(-5,-5), (32,41), (32,42), (32,42), (32,43), (32,44), (-5,-5), (-5,-5), (-5,-5), (-5,-5)]

Shrinking Run 12
#Info# Executed steps before collision: 5, Found collision: true
Turtle 1 :[(-1,-1), (21,44), (20,44), (19,44), (19,43), (18,43), (17,43), (-1,-1), (-1,-1), (-1,-1)]
Turtle 2 :[(-2,-2), (45,1), (44,1), (43,1), (42,1), (41,1), (40,1), (-2,-2), (-2,-2), (-2,-2)]
Turtle 3 :[(-3,-3), (3,29), (2,29), (1,29), (0,29), (0,28), (0,27), (-3,-3), (-3,-3), (-3,-3)]
Turtle 4 :[(-4,-4), (31,45), (31,45), (31,45), (31,44), (32,44), (32,44), (32,44), (32,44), (32,43)]
Turtle 5 :[(-5,-5), (32,41), (32,42), (32,42), (32,43), (32,44), (-5,-5), (-5,-5), (-5,-5), (-5,-5)]

Shrinking Run 13
#Info# Executed steps before collision: 5, Found collision: true
Turtle 1 :[(-1,-1), (21,44), (20,44), (19,44), (19,43), (18,43), (17,43), (-1,-1), (-1,-1), (-1,-1), (-1,-1), (-1,-1)]
Turtle 2 :[(-2,-2), (45,1), (44,1), (43,1), (42,1), (41,1), (40,1), (-2,-2), (-2,-2), (-2,-2), (-2,-2), (-2,-2)]
Turtle 3 :[(-3,-3), (3,29), (2,29), (1,29), (0,29), (0,28), (0,27), (-3,-3), (-3,-3), (-3,-3), (-3,-3), (-3,-3)]
Turtle 4 :[(-4,-4), (31,45), (31,45), (31,45), (31,44), (32,44), (32,43), (32,43), (32,43), (32,43), (32,42), (32,41)]
Turtle 5 :[(-5,-5), (32,41), (32,42), (32,42), (32,43), (32,44), (-5,-5), (-5,-5), (-5,-5), (-5,-5), (-5,-5), (-5,-5)]

Shrinking Run 14
#Info# Executed steps before collision: 5, Found collision: true
Turtle 1 :[(-1,-1), (21,44), (20,44), (19,44), (19,43), (18,43), (17,43), (-1,-1), (-1,-1), (-1,-1), (-1,-1), (-1,-1)]
Turtle 2 :[(-2,-2), (45,1), (44,1), (43,1), (42,1), (41,1), (40,1), (-2,-2), (-2,-2), (-2,-2), (-2,-2), (-2,-2)]
Turtle 3 :[(-3,-3), (3,29), (2,29), (1,29), (0,29), (0,28), (0,27), (-3,-3), (-3,-3), (-3,-3), (-3,-3), (-3,-3)]
Turtle 4 :[(-4,-4), (31,45), (31,45), (31,45), (32,45), (32,44), (32,43), (32,43), (32,43), (32,43), (32,42), (32,41)]
Turtle 5 :[(-5,-5), (32,41), (32,42), (32,42), (32,43), (32,44), (-5,-5), (-5,-5), (-5,-5), (-5,-5), (-5,-5), (-5,-5)]

Shrinking Run 15
#Info# Executed steps before collision: 4, Found collision: true
Turtle 1 :[(-1,-1), (21,44), (20,44), (19,44), (19,43), (18,43), (17,43)]
Turtle 2 :[(-2,-2), (45,1), (44,1), (43,1), (42,1), (41,1), (40,1)]
Turtle 3 :[(-3,-3), (3,29), (2,29), (1,29), (0,29), (0,28), (0,27)]
Turtle 4 :[(-4,-4), (31,45), (31,44), (31,43), (32,43), (32,42), (32,41)]
Turtle 5 :[(-5,-5), (32,41), (32,42), (32,42), (32,43), (32,44), (-5,-5)]

Shrinking Run 16
#Info# Executed steps before collision: 8, Found collision: false
Turtle 1 :[(-1,-1), (21,44), (20,44), (19,44), (19,43), (18,43), (17,43), (-1,-1), (-1,-1)]
Turtle 2 :[(-2,-2), (45,1), (44,1), (43,1), (42,1), (41,1), (40,1), (-2,-2), (-2,-2)]
Turtle 3 :[(-3,-3), (3,29), (2,29), (1,29), (0,29), (0,28), (0,27), (-3,-3), (-3,-3)]
Turtle 4 :[(-4,-4), (31,45), (32,45), (32,44), (32,43), (33,43), (33,42), (32,42), (32,41)]
Turtle 5 :[(-5,-5), (32,41), (32,42), (32,42), (32,42), (32,43), (32,44), (-5,-5), (-5,-5)]

Shrinking Run 17
#Info# Executed steps before collision: 5, Found collision: true
Turtle 1 :[(-1,-1), (21,44), (20,44), (19,44), (19,43), (18,43), (17,43), (-1,-1)]
Turtle 2 :[(-2,-2), (45,1), (44,1), (43,1), (42,1), (41,1), (40,1), (-2,-2)]
Turtle 3 :[(-3,-3), (3,29), (2,29), (1,29), (0,29), (0,28), (0,27), (-3,-3)]
Turtle 4 :[(-4,-4), (31,45), (31,44), (32,44), (32,43), (32,43), (32,42), (32,41)]
Turtle 5 :[(-5,-5), (32,41), (32,42), (32,42), (32,42), (32,43), (32,44), (-5,-5)]

Shrinking Run 18
#Info# Executed steps before collision: 7, Found collision: false
Turtle 1 :[(-1,-1), (21,44), (20,44), (19,44), (19,43), (18,43), (17,43), (-1,-1)]
Turtle 2 :[(-2,-2), (45,1), (44,1), (43,1), (42,1), (41,1), (40,1), (-2,-2)]
Turtle 3 :[(-3,-3), (3,29), (2,29), (1,29), (0,29), (0,28), (0,27), (-3,-3)]
Turtle 4 :[(-4,-4), (31,45), (31,44), (32,44), (32,43), (32,42), (32,41), (-4,-4)]
Turtle 5 :[(-5,-5), (32,41), (31,41), (31,41), (30,41), (30,42), (29,42), (28,42)]

Shrinking Run 19
#Info# Executed steps before collision: 7, Found collision: false
Turtle 1 :[(-1,-1), (21,44), (20,44), (19,44), (19,43), (18,43), (17,43), (-1,-1)]
Turtle 2 :[(-2,-2), (45,1), (44,1), (43,1), (42,1), (41,1), (40,1), (-2,-2)]
Turtle 3 :[(-3,-3), (3,29), (2,29), (1,29), (0,29), (0,28), (0,27), (-3,-3)]
Turtle 4 :[(-4,-4), (31,45), (31,44), (32,44), (32,43), (32,42), (32,41), (-4,-4)]
Turtle 5 :[(-5,-5), (32,41), (31,41), (31,41), (31,42), (31,43), (30,43), (29,43)]

Shrinking Run 20
#Info# Executed steps before collision: 6, Found collision: false
Turtle 1 :[(-1,-1), (21,44), (20,44), (19,44), (19,43), (18,43), (17,43)]
Turtle 2 :[(-2,-2), (45,1), (44,1), (43,1), (42,1), (41,1), (40,1)]
Turtle 3 :[(-3,-3), (3,29), (2,29), (1,29), (0,29), (0,28), (0,27)]
Turtle 4 :[(-4,-4), (31,45), (31,44), (32,44), (32,43), (32,42), (32,41)]
Turtle 5 :[(-5,-5), (32,41), (31,41), (31,41), (31,42), (31,43), (31,44)]

Shrinking Run 21
#Info# Executed steps before collision: 7, Found collision: false
Turtle 1 :[(-1,-1), (21,44), (20,44), (19,44), (19,43), (18,43), (17,43), (-1,-1)]
Turtle 2 :[(-2,-2), (45,1), (44,1), (43,1), (42,1), (41,1), (40,1), (-2,-2)]
Turtle 3 :[(-3,-3), (3,29), (2,29), (1,29), (0,29), (0,28), (0,27), (-3,-3)]
Turtle 4 :[(-4,-4), (31,45), (31,44), (32,44), (32,43), (32,42), (32,41), (-4,-4)]
Turtle 5 :[(-5,-5), (32,41), (32,40), (32,40), (32,39), (32,38), (32,37), (32,36)]

Shrinking Run 22
#Info# Executed steps before collision: 6, Found collision: false
Turtle 1 :[(-1,-1), (21,44), (20,44), (19,44), (19,43), (18,43), (17,43)]
Turtle 2 :[(-2,-2), (45,1), (44,1), (43,1), (42,1), (41,1), (40,1)]
Turtle 3 :[(-3,-3), (3,29), (2,29), (1,29), (0,29), (0,28), (0,27)]
Turtle 4 :[(-4,-4), (31,45), (31,44), (32,44), (32,43), (32,42), (32,41)]
Turtle 5 :[(-5,-5), (32,41), (32,40), (32,40), (32,39), (32,38), (-5,-5)]

Shrinking Run 23
#Info# Executed steps before collision: 6, Found collision: false
Turtle 1 :[(-1,-1), (21,44), (20,44), (19,44), (19,43), (18,43), (17,43)]
Turtle 2 :[(-2,-2), (45,1), (44,1), (43,1), (42,1), (41,1), (40,1)]
Turtle 3 :[(-3,-3), (3,29), (2,29), (1,29), (0,29), (0,28), (0,27)]
Turtle 4 :[(-4,-4), (31,45), (31,44), (32,44), (32,43), (32,42), (32,41)]
Turtle 5 :[(-5,-5), (32,41), (32,41), (32,42), (-5,-5), (-5,-5), (-5,-5)]

Shrinking Run 24
#Info# Executed steps before collision: 8, Found collision: false
Turtle 1 :[(-1,-1), (21,44), (20,44), (19,44), (19,43), (18,43), (17,43), (-1,-1), (-1,-1)]
Turtle 2 :[(-2,-2), (45,1), (44,1), (43,1), (42,1), (41,1), (40,1), (-2,-2), (-2,-2)]
Turtle 3 :[(-3,-3), (3,29), (2,29), (1,29), (0,29), (0,28), (0,27), (-3,-3), (-3,-3)]
Turtle 4 :[(-4,-4), (31,45), (31,44), (32,44), (32,43), (32,42), (32,42), (32,41), (-4,-4)]
Turtle 5 :[(-5,-5), (32,41), (32,42), (32,42), (32,41), (33,41), (33,42), (33,43), (32,43)]

Shrinking Run 25
#Info# Executed steps before collision: 12, Found collision: false
Turtle 1 :[(-1,-1), (21,44), (20,44), (19,44), (19,43), (18,43), (17,43), (-1,-1), (-1,-1), (-1,-1), (-1,-1), (-1,-1), (-1,-1)]
Turtle 2 :[(-2,-2), (45,1), (44,1), (43,1), (42,1), (41,1), (40,1), (-2,-2), (-2,-2), (-2,-2), (-2,-2), (-2,-2), (-2,-2)]
Turtle 3 :[(-3,-3), (3,29), (2,29), (1,29), (0,29), (0,28), (0,27), (-3,-3), (-3,-3), (-3,-3), (-3,-3), (-3,-3), (-3,-3)]
Turtle 4 :[(-4,-4), (31,45), (31,44), (32,44), (33,44), (33,45), (33,44), (33,43), (32,43), (32,42), (32,41), (-4,-4), (-4,-4)]
Turtle 5 :[(-5,-5), (32,41), (32,42), (32,43), (33,43), (34,43), (33,43), (34,43), (33,43), (33,42), (33,43), (32,43), (32,44)]

Shrinking Run 26
#Info# Executed steps before collision: 7, Found collision: false
Turtle 1 :[(-1,-1), (21,44), (20,44), (19,44), (19,43), (18,43), (17,43), (-1,-1)]
Turtle 2 :[(-2,-2), (45,1), (44,1), (43,1), (42,1), (41,1), (40,1), (-2,-2)]
Turtle 3 :[(-3,-3), (3,29), (2,29), (1,29), (0,29), (0,28), (0,27), (-3,-3)]
Turtle 4 :[(-4,-4), (31,45), (31,44), (32,44), (32,44), (32,43), (32,42), (32,41)]
Turtle 5 :[(-5,-5), (32,41), (32,42), (32,43), (32,43), (32,44), (-5,-5), (-5,-5)]

Shrinking Run 27
#Info# Executed steps before collision: 4, Found collision: true
Turtle 1 :[(-1,-1), (21,44), (21,43), (21,43), (20,43), (19,43), (18,43), (17,43)]
Turtle 2 :[(-2,-2), (45,1), (44,1), (43,1), (42,1), (41,1), (40,1), (-2,-2)]
Turtle 3 :[(-3,-3), (3,29), (2,29), (1,29), (0,29), (0,28), (0,27), (-3,-3)]
Turtle 4 :[(-4,-4), (31,45), (31,44), (32,44), (32,43), (32,42), (32,41), (-4,-4)]
Turtle 5 :[(-5,-5), (32,41), (32,42), (32,42), (32,43), (32,44), (-5,-5), (-5,-5)]

Shrinking Run 28
#Info# Executed steps before collision: 7, Found collision: false
Turtle 1 :[(-1,-1), (21,44), (20,44), (20,44), (19,44), (18,44), (17,44), (17,43)]
Turtle 2 :[(-2,-2), (45,1), (44,1), (43,1), (42,1), (41,1), (40,1), (-2,-2)]
Turtle 3 :[(-3,-3), (3,29), (2,29), (1,29), (0,29), (0,28), (0,27), (-3,-3)]
Turtle 4 :[(-4,-4), (31,45), (31,44), (32,44), (32,43), (32,42), (32,41), (-4,-4)]
Turtle 5 :[(-5,-5), (32,41), (32,42), (32,42), (32,42), (32,43), (32,44), (-5,-5)]

Shrinking Run 29
#Info# Executed steps before collision: 5, Found collision: true
Turtle 1 :[(-1,-1), (21,44), (20,44), (20,43), (19,43), (18,43), (17,43), (-1,-1)]
Turtle 2 :[(-2,-2), (45,1), (44,1), (43,1), (42,1), (41,1), (40,1), (-2,-2)]
Turtle 3 :[(-3,-3), (3,29), (2,29), (1,29), (0,29), (0,28), (0,27), (-3,-3)]
Turtle 4 :[(-4,-4), (31,45), (31,44), (32,44), (32,43), (32,43), (32,42), (32,41)]
Turtle 5 :[(-5,-5), (32,41), (32,42), (32,42), (32,42), (32,43), (32,44), (-5,-5)]

Shrinking Run 30
#Info# Executed steps before collision: 8, Found collision: false
Turtle 1 :[(-1,-1), (21,44), (20,44), (19,44), (18,44), (18,43), (17,43), (-1,-1), (-1,-1)]
Turtle 2 :[(-2,-2), (45,1), (44,1), (43,1), (42,1), (41,1), (40,1), (-2,-2), (-2,-2)]
Turtle 3 :[(-3,-3), (3,29), (2,29), (1,29), (0,29), (0,28), (0,27), (-3,-3), (-3,-3)]
Turtle 4 :[(-4,-4), (31,45), (31,44), (32,44), (32,43), (31,43), (31,42), (32,42), (32,41)]
Turtle 5 :[(-5,-5), (32,41), (32,42), (32,42), (32,42), (32,43), (32,44), (-5,-5), (-5,-5)]

Shrink Run 31
#Info# Executed steps before collision: 7, Found collision: false
Turtle 1 :[(-1,-1), (21,44), (20,44), (19,44), (19,43), (18,43), (17,43), (-1,-1)]
Turtle 2 :[(-2,-2), (45,1), (44,1), (43,1), (42,1), (41,1), (40,1), (-2,-2)]
Turtle 3 :[(-3,-3), (3,29), (2,29), (1,29), (0,29), (0,28), (0,27), (-3,-3)]
Turtle 4 :[(-4,-4), (31,45), (31,44), (32,44), (32,43), (32,42), (32,41), (-4,-4)]
Turtle 5 :[(-5,-5), (32,41), (32,42), (32,42), (33,42), (33,43), (32,43), (32,44)]

