Detection Run 1
#Info# Executed steps before collision: 6, Found collision: false
Turtle 1 :[(-1,-1), (9,46), (8,46), (8,45), (8,44), (8,43), (8,42)]
Turtle 2 :[(-2,-2), (48,44), (49,44), (49,44), (49,45), (49,46), (-2,-2)]
Turtle 3 :[(-3,-3), (49,47), (48,47), (47,47), (46,47), (45,47), (45,48)]
Turtle 4 :[(-4,-4), (26,27), (27,27), (28,27), (28,26), (29,26), (-4,-4)]
Turtle 5 :[(-5,-5), (49,45), (49,45), (49,46), (-5,-5), (-5,-5), (-5,-5)]

Detection Run 2
#Info# Executed steps before collision: 9, Found collision: false
Turtle 1 :[(-1,-1), (7,2), (8,2), (8,3), (9,3), (10,3), (11,3), (-1,-1), (-1,-1), (-1,-1)]
Turtle 2 :[(-2,-2), (8,45), (8,46), (8,47), (7,47), (8,47), (8,47), (9,47), (10,47), (10,48)]
Turtle 3 :[(-3,-3), (6,48), (7,48), (8,48), (9,48), (9,47), (10,47), (-3,-3), (-3,-3), (-3,-3)]
Turtle 4 :[(-4,-4), (7,29), (6,29), (5,29), (5,30), (4,30), (3,30), (-4,-4), (-4,-4), (-4,-4)]
Turtle 5 :[(-5,-5), (49,43), (49,44), (49,45), (49,45), (49,46), (49,47), (-5,-5), (-5,-5), (-5,-5)]

Detection Run 3
#Info# Executed steps before collision: 6, Found collision: false
Turtle 1 :[(-1,-1), (48,7), (47,7), (46,7), (45,7), (45,6), (45,5)]
Turtle 2 :[(-2,-2), (7,37), (8,37), (9,37), (10,37), (11,37), (12,37)]
Turtle 3 :[(-3,-3), (13,38), (12,38), (12,37), (11,37), (11,36), (10,36)]
Turtle 4 :[(-4,-4), (10,2), (9,2), (9,3), (8,3), (7,3), (6,3)]
Turtle 5 :[(-5,-5), (35,2), (35,1), (34,1), (34,0), (-5,-5), (-5,-5)]

Detection Run 4
#Info# Executed steps before collision: 10, Found collision: false
Turtle 1 :[(-1,-1), (35,4), (35,5), (36,5), (35,5), (34,5), (33,5), (33,6), (32,6), (-1,-1), (-1,-1)]
Turtle 2 :[(-2,-2), (42,15), (41,15), (41,16), (40,16), (40,17), (40,18), (-2,-2), (-2,-2), (-2,-2), (-2,-2)]
Turtle 3 :[(-3,-3), (26,24), (26,24), (25,24), (24,24), (23,24), (23,24), (22,24), (21,24), (-3,-3), (-3,-3)]
Turtle 4 :[(-4,-4), (34,6), (34,5), (34,4), (33,4), (33,3), (32,3), (-4,-4), (-4,-4), (-4,-4), (-4,-4)]
Turtle 5 :[(-5,-5), (35,3), (35,4), (35,4), (35,4), (35,3), (36,3), (36,4), (37,4), (37,5), (37,6)]

Detection Run 5
#Info# Executed steps before collision: 6, Found collision: false
Turtle 1 :[(-1,-1), (48,4), (49,4), (49,5), (49,5), (49,6), (49,7)]
Turtle 2 :[(-2,-2), (45,41), (45,40), (45,39), (46,39), (47,39), (48,39)]
Turtle 3 :[(-3,-3), (17,28), (17,27), (17,26), (17,27), (18,27), (-3,-3)]
Turtle 4 :[(-4,-4), (18,9), (17,9), (16,9), (-4,-4), (-4,-4), (-4,-4)]
Turtle 5 :[(-5,-5), (20,24), (19,24), (19,25), (19,26), (19,27), (19,28)]

Detection Run 6
#Info# Executed steps before collision: 6, Found collision: false
Turtle 1 :[(-1,-1), (11,11), (11,10), (12,10), (13,10), (14,10), (-1,-1)]
Turtle 2 :[(-2,-2), (-2,-2), (-2,-2), (11,11), (12,11), (13,11), (14,11)]
Turtle 3 :[(-3,-3), (9,44), (9,43), (9,42), (9,41), (10,41), (10,40)]
Turtle 4 :[(-4,-4), (0,13), (0,14), (0,15), (0,16), (0,17), (0,18)]
Turtle 5 :[(-5,-5), (41,13), (40,13), (40,14), (40,15), (40,16), (40,17)]

Detection Run 7
#Info# Executed steps before collision: 7, Found collision: false
Turtle 1 :[(-1,-1), (33,35), (33,36), (33,37), (34,37), (35,37), (35,38), (-1,-1)]
Turtle 2 :[(-2,-2), (6,2), (7,2), (8,2), (9,2), (10,2), (11,2), (-2,-2)]
Turtle 3 :[(-3,-3), (44,9), (44,10), (44,11), (44,12), (44,12), (44,12), (44,13)]
Turtle 4 :[(-4,-4), (40,10), (41,10), (42,10), (43,10), (43,10), (44,10), (45,10)]
Turtle 5 :[(-5,-5), (36,8), (36,7), (36,7), (36,7), (37,7), (-5,-5), (-5,-5)]

Detection Run 8
#Info# Executed steps before collision: 8, Found collision: false
Turtle 1 :[(-1,-1), (14,0), (14,0), (14,0), (14,1), (14,2), (15,2), (15,3), (15,4)]
Turtle 2 :[(-2,-2), (47,10), (47,10), (48,10), (-2,-2), (-2,-2), (-2,-2), (-2,-2), (-2,-2)]
Turtle 3 :[(-3,-3), (15,26), (15,26), (15,27), (15,28), (15,29), (15,30), (-3,-3), (-3,-3)]
Turtle 4 :[(-4,-4), (15,3), (14,3), (13,3), (12,3), (13,3), (13,2), (-4,-4), (-4,-4)]
Turtle 5 :[(-5,-5), (8,10), (8,9), (9,9), (9,10), (9,9), (9,8), (-5,-5), (-5,-5)]

Detection Run 9
#Info# Executed steps before collision: 9, Found collision: false
Turtle 1 :[(-1,-1), (42,44), (43,44), (44,44), (45,44), (46,44), (-1,-1), (-1,-1), (-1,-1), (-1,-1)]
Turtle 2 :[(-2,-2), (36,9), (36,9), (36,8), (36,8), (35,8), (35,7), (35,6), (35,6), (35,5)]
Turtle 3 :[(-3,-3), (34,8), (34,9), (35,9), (36,9), (37,9), (38,9), (-3,-3), (-3,-3), (-3,-3)]
Turtle 4 :[(-4,-4), (24,8), (23,8), (22,8), (22,9), (21,9), (21,10), (-4,-4), (-4,-4), (-4,-4)]
Turtle 5 :[(-5,-5), (21,32), (22,32), (22,32), (22,32), (23,32), (24,32), (25,32), (-5,-5), (-5,-5)]

Detection Run 10
#Info# Executed steps before collision: 7, Found collision: false
Turtle 1 :[(-1,-1), (12,26), (13,26), (13,26), (13,27), (13,28), (14,28), (14,29)]
Turtle 2 :[(-2,-2), (31,35), (32,35), (32,35), (32,35), (33,35), (34,35), (34,34)]
Turtle 3 :[(-3,-3), (33,37), (33,36), (33,36), (33,35), (-3,-3), (-3,-3), (-3,-3)]
Turtle 4 :[(-4,-4), (26,37), (25,37), (25,36), (25,35), (25,34), (25,33), (-4,-4)]
Turtle 5 :[(-5,-5), (32,7), (32,6), (31,6), (30,6), (30,5), (30,4), (-5,-5)]

Detection Run 11
#Info# Executed steps before collision: 7, Found collision: false
Turtle 1 :[(-1,-1), (30,9), (29,9), (28,9), (27,9), (26,9), (-1,-1), (-1,-1)]
Turtle 2 :[(-2,-2), (2,21), (3,21), (3,20), (4,20), (4,19), (4,19), (5,19)]
Turtle 3 :[(-3,-3), (39,3), (40,3), (40,4), (40,5), (41,5), (42,5), (-3,-3)]
Turtle 4 :[(-4,-4), (47,42), (47,41), (47,40), (47,39), (47,38), (47,37), (-4,-4)]
Turtle 5 :[(-5,-5), (24,6), (24,7), (24,8), (24,9), (24,10), (25,10), (-5,-5)]

Detection Run 12
#Info# Executed steps before collision: 9, Found collision: false
Turtle 1 :[(-1,-1), (37,14), (37,14), (38,14), (39,14), (39,15), (39,16), (40,16), (-1,-1), (-1,-1)]
Turtle 2 :[(-2,-2), (47,29), (48,29), (48,30), (48,31), (48,31), (49,31), (49,32), (-2,-2), (-2,-2)]
Turtle 3 :[(-3,-3), (43,31), (43,32), (43,33), (43,34), (44,34), (45,34), (-3,-3), (-3,-3), (-3,-3)]
Turtle 4 :[(-4,-4), (45,39), (45,39), (45,39), (45,40), (45,41), (45,41), (44,41), (44,42), (-4,-4)]
Turtle 5 :[(-5,-5), (35,15), (36,15), (36,16), (37,16), (38,16), (38,16), (38,17), (38,16), (39,16)]

Detection Run 13
#Info# Executed steps before collision: 9, Found collision: false
Turtle 1 :[(-1,-1), (49,21), (49,21), (49,21), (49,20), (49,19), (49,19), (-1,-1), (-1,-1), (-1,-1)]
Turtle 2 :[(-2,-2), (20,14), (21,14), (21,15), (22,15), (22,16), (23,16), (-2,-2), (-2,-2), (-2,-2)]
Turtle 3 :[(-3,-3), (36,35), (36,34), (36,34), (37,34), (38,34), (39,34), (39,33), (-3,-3), (-3,-3)]
Turtle 4 :[(-4,-4), (21,12), (21,12), (21,12), (21,12), (21,13), (22,13), (23,13), (23,14), (23,15)]
Turtle 5 :[(-5,-5), (32,49), (32,49), (32,49), (31,49), (32,49), (31,49), (31,49), (-5,-5), (-5,-5)]

Detection Run 14
#Info# Executed steps before collision: 8, Found collision: false
Turtle 1 :[(-1,-1), (35,34), (36,34), (36,34), (36,33), (37,33), (37,33), (37,32), (38,32)]
Turtle 2 :[(-2,-2), (21,46), (21,47), (21,48), (20,48), (20,49), (20,49), (-2,-2), (-2,-2)]
Turtle 3 :[(-3,-3), (31,38), (31,39), (32,39), (32,40), (33,40), (33,41), (-3,-3), (-3,-3)]
Turtle 4 :[(-4,-4), (38,32), (38,33), (38,34), (38,35), (38,35), (38,35), (38,35), (38,36)]
Turtle 5 :[(-5,-5), (3,5), (3,4), (3,4), (4,4), (4,3), (4,2), (4,1), (-5,-5)]

Detection Run 15
#Info# Executed steps before collision: 8, Found collision: false
Turtle 1 :[(-1,-1), (15,4), (15,5), (15,6), (15,6), (16,6), (17,6), (18,6), (-1,-1)]
Turtle 2 :[(-2,-2), (23,3), (23,4), (24,4), (25,4), (26,4), (-2,-2), (-2,-2), (-2,-2)]
Turtle 3 :[(-3,-3), (14,4), (14,4), (14,3), (14,3), (13,3), (13,2), (12,2), (11,2)]
Turtle 4 :[(-4,-4), (24,42), (24,42), (24,41), (24,41), (24,41), (23,41), (-4,-4), (-4,-4)]
Turtle 5 :[(-5,-5), (3,21), (3,22), (2,22), (2,23), (2,24), (2,25), (-5,-5), (-5,-5)]

Detection Run 16
#Info# Executed steps before collision: 10, Found collision: false
Turtle 1 :[(-1,-1), (17,32), (16,32), (15,32), (15,31), (14,31), (13,31), (-1,-1), (-1,-1), (-1,-1), (-1,-1)]
Turtle 2 :[(-2,-2), (5,40), (6,40), (7,40), (7,39), (8,39), (9,39), (-2,-2), (-2,-2), (-2,-2), (-2,-2)]
Turtle 3 :[(-3,-3), (20,23), (20,22), (20,22), (20,22), (20,22), (20,22), (21,22), (21,21), (22,21), (22,20)]
Turtle 4 :[(-4,-4), (38,31), (38,30), (38,29), (37,29), (37,28), (37,27), (-4,-4), (-4,-4), (-4,-4), (-4,-4)]
Turtle 5 :[(-5,-5), (14,34), (14,33), (14,32), (14,32), (13,32), (12,32), (12,31), (-5,-5), (-5,-5), (-5,-5)]

Detection Run 17
#Info# Executed steps before collision: 11, Found collision: false
Turtle 1 :[(-1,-1), (30,44), (30,45), (30,46), (30,47), (31,47), (32,47), (-1,-1), (-1,-1), (-1,-1), (-1,-1), (-1,-1)]
Turtle 2 :[(-2,-2), (5,49), (6,49), (6,49), (7,49), (7,49), (7,49), (7,49), (-2,-2), (-2,-2), (-2,-2), (-2,-2)]
Turtle 3 :[(-3,-3), (38,2), (37,2), (36,2), (36,2), (36,1), (36,1), (36,1), (35,1), (35,1), (35,1), (34,1)]
Turtle 4 :[(-4,-4), (33,46), (33,47), (32,47), (32,48), (31,48), (30,48), (-4,-4), (-4,-4), (-4,-4), (-4,-4), (-4,-4)]
Turtle 5 :[(-5,-5), (26,35), (25,35), (25,35), (25,36), (24,36), (24,36), (24,36), (24,36), (24,36), (24,37), (24,38)]

Detection Run 18
#Info# Executed steps before collision: 10, Found collision: false
Turtle 1 :[(-1,-1), (26,8), (26,9), (26,8), (26,9), (26,10), (-1,-1), (-1,-1), (-1,-1), (-1,-1), (-1,-1)]
Turtle 2 :[(-2,-2), (47,44), (46,44), (46,43), (45,43), (45,42), (45,41), (-2,-2), (-2,-2), (-2,-2), (-2,-2)]
Turtle 3 :[(-3,-3), (33,29), (33,29), (33,29), (32,29), (32,29), (32,30), (32,30), (31,30), (30,30), (29,30)]
Turtle 4 :[(-4,-4), (33,43), (33,44), (33,45), (33,46), (-4,-4), (-4,-4), (-4,-4), (-4,-4), (-4,-4), (-4,-4)]
Turtle 5 :[(-5,-5), (31,9), (30,9), (29,9), (28,9), (27,9), (27,8), (-5,-5), (-5,-5), (-5,-5), (-5,-5)]

Detection Run 19
#Info# Executed steps before collision: 11, Found collision: false
Turtle 1 :[(-1,-1), (18,33), (18,34), (18,35), (19,35), (19,35), (19,36), (19,37), (-1,-1), (-1,-1), (-1,-1), (-1,-1)]
Turtle 2 :[(-2,-2), (2,28), (2,28), (2,28), (2,27), (3,27), (3,26), (3,25), (3,25), (3,24), (-2,-2), (-2,-2)]
Turtle 3 :[(-3,-3), (30,1), (29,1), (29,0), (28,0), (27,0), (26,0), (-3,-3), (-3,-3), (-3,-3), (-3,-3), (-3,-3)]
Turtle 4 :[(-4,-4), (17,37), (18,37), (18,37), (19,37), (19,37), (19,37), (20,37), (19,37), (19,36), (19,35), (19,34)]
Turtle 5 :[(-5,-5), (46,34), (46,34), (46,34), (46,34), (46,34), (46,34), (47,34), (47,35), (48,35), (-5,-5), (-5,-5)]

Detection Run 20
#Info# Executed steps before collision: 10, Found collision: false
Turtle 1 :[(-1,-1), (27,26), (27,27), (27,28), (26,28), (26,29), (26,29), (26,29), (26,30), (-1,-1), (-1,-1)]
Turtle 2 :[(-2,-2), (20,1), (20,1), (20,1), (21,1), (22,1), (22,1), (23,1), (23,2), (23,3), (-2,-2)]
Turtle 3 :[(-3,-3), (34,3), (33,3), (33,3), (33,4), (33,4), (33,5), (32,5), (31,5), (-3,-3), (-3,-3)]
Turtle 4 :[(-4,-4), (43,9), (43,8), (43,8), (43,8), (43,7), (43,7), (42,7), (42,6), (42,6), (42,5)]
Turtle 5 :[(-5,-5), (44,7), (44,7), (43,7), (42,7), (41,7), (41,8), (-5,-5), (-5,-5), (-5,-5), (-5,-5)]

Detection Run 21
#Info# Executed steps before collision: 10, Found collision: false
Turtle 1 :[(-1,-1), (34,40), (33,40), (32,40), (32,41), (31,41), (31,42), (-1,-1), (-1,-1), (-1,-1), (-1,-1)]
Turtle 2 :[(-2,-2), (15,5), (16,5), (16,4), (16,3), (16,2), (16,2), (17,2), (-2,-2), (-2,-2), (-2,-2)]
Turtle 3 :[(-3,-3), (39,39), (39,40), (39,40), (40,40), (40,41), (40,42), (41,42), (-3,-3), (-3,-3), (-3,-3)]
Turtle 4 :[(-4,-4), (45,44), (45,45), (45,45), (45,45), (45,45), (45,46), (46,46), (46,47), (46,47), (46,48)]
Turtle 5 :[(-5,-5), (31,40), (31,41), (30,41), (30,42), (30,42), (30,42), (30,42), (29,42), (29,43), (-5,-5)]

Detection Run 22
#Info# Executed steps before collision: 11, Found collision: false
Turtle 1 :[(-1,-1), (25,10), (24,10), (24,10), (24,10), (24,11), (24,11), (24,12), (24,13), (-1,-1), (-1,-1), (-1,-1)]
Turtle 2 :[(-2,-2), (39,42), (39,42), (39,42), (39,42), (39,43), (39,44), (39,45), (39,45), (39,46), (39,46), (38,46)]
Turtle 3 :[(-3,-3), (3,46), (3,46), (3,46), (3,46), (3,46), (3,47), (2,47), (2,48), (1,48), (-3,-3), (-3,-3)]
Turtle 4 :[(-4,-4), (3,47), (4,47), (4,47), (4,46), (5,46), (5,45), (5,45), (5,45), (6,45), (-4,-4), (-4,-4)]
Turtle 5 :[(-5,-5), (7,29), (6,29), (6,30), (6,30), (6,30), (6,31), (5,31), (5,32), (-5,-5), (-5,-5), (-5,-5)]

Detection Run 23
#Info# Executed steps before collision: 10, Found collision: false
Turtle 1 :[(-1,-1), (29,47), (29,47), (29,47), (28,47), (27,47), (27,47), (28,47), (27,47), (26,47), (-1,-1)]
Turtle 2 :[(-2,-2), (8,12), (8,12), (8,12), (8,11), (9,11), (9,10), (-2,-2), (-2,-2), (-2,-2), (-2,-2)]
Turtle 3 :[(-3,-3), (29,44), (29,45), (29,44), (30,44), (30,44), (30,44), (30,44), (30,44), (30,44), (30,45)]
Turtle 4 :[(-4,-4), (12,30), (12,30), (11,30), (10,30), (10,30), (10,29), (10,28), (10,27), (-4,-4), (-4,-4)]
Turtle 5 :[(-5,-5), (18,49), (19,49), (19,49), (19,48), (19,48), (20,48), (21,48), (-5,-5), (-5,-5), (-5,-5)]

Detection Run 24
#Info# Executed steps before collision: 12, Found collision: false
Turtle 1 :[(-1,-1), (33,36), (32,36), (32,36), (32,36), (31,36), (30,36), (30,36), (30,36), (30,36), (29,36), (29,36), (29,35)]
Turtle 2 :[(-2,-2), (8,27), (8,28), (8,28), (8,29), (7,29), (7,30), (7,30), (7,30), (7,30), (7,30), (6,30), (-2,-2)]
Turtle 3 :[(-3,-3), (14,39), (14,40), (14,41), (14,42), (14,43), (14,44), (-3,-3), (-3,-3), (-3,-3), (-3,-3), (-3,-3), (-3,-3)]
Turtle 4 :[(-4,-4), (42,11), (42,11), (42,11), (43,11), (43,12), (-4,-4), (-4,-4), (-4,-4), (-4,-4), (-4,-4), (-4,-4), (-4,-4)]
Turtle 5 :[(-5,-5), (31,36), (31,36), (30,36), (29,36), (29,36), (29,37), (29,37), (29,37), (29,38), (29,39), (-5,-5), (-5,-5)]

Detection Run 25
#Info# Executed steps before collision: 11, Found collision: false
Turtle 1 :[(-1,-1), (5,25), (5,26), (5,26), (5,26), (5,26), (5,26), (5,25), (5,26), (5,27), (5,28), (4,28)]
Turtle 2 :[(-2,-2), (2,27), (3,27), (3,26), (3,26), (3,26), (3,26), (3,25), (3,24), (3,24), (3,24), (3,23)]
Turtle 3 :[(-3,-3), (42,40), (42,40), (43,40), (43,40), (44,40), (45,40), (45,41), (45,41), (45,41), (45,41), (45,42)]
Turtle 4 :[(-4,-4), (7,44), (8,44), (9,44), (10,44), (11,44), (11,44), (11,44), (11,45), (-4,-4), (-4,-4), (-4,-4)]
Turtle 5 :[(-5,-5), (22,38), (22,38), (22,37), (23,37), (23,37), (23,37), (23,37), (23,37), (24,37), (-5,-5), (-5,-5)]

Detection Run 26
#Info# Executed steps before collision: 10, Found collision: false
Turtle 1 :[(-1,-1), (19,6), (19,7), (19,8), (19,9), (18,9), (18,10), (-1,-1), (-1,-1), (-1,-1), (-1,-1)]
Turtle 2 :[(-2,-2), (27,0), (27,0), (27,0), (27,0), (26,0), (26,0), (26,0), (25,0), (-2,-2), (-2,-2)]
Turtle 3 :[(-3,-3), (47,29), (46,29), (45,29), (44,29), (43,29), (-3,-3), (-3,-3), (-3,-3), (-3,-3), (-3,-3)]
Turtle 4 :[(-4,-4), (15,43), (15,43), (16,43), (16,43), (17,43), (17,43), (18,43), (18,43), (18,42), (18,41)]
Turtle 5 :[(-5,-5), (18,42), (18,43), (18,44), (18,45), (18,45), (18,45), (18,45), (19,45), (19,45), (20,45)]

Detection Run 27
#Info# Executed steps before collision: 11, Found collision: false
Turtle 1 :[(-1,-1), (46,33), (46,33), (46,34), (45,34), (45,34), (45,34), (44,34), (43,34), (43,34), (42,34), (-1,-1)]
Turtle 2 :[(-2,-2), (35,8), (36,8), (36,8), (37,8), (37,9), (37,9), (37,10), (37,11), (-2,-2), (-2,-2), (-2,-2)]
Turtle 3 :[(-3,-3), (47,34), (47,35), (47,36), (47,36), (46,36), (45,36), (45,36), (44,36), (-3,-3), (-3,-3), (-3,-3)]
Turtle 4 :[(-4,-4), (35,17), (35,16), (36,16), (36,16), (36,16), (37,16), (37,16), (37,16), (38,16), (-4,-4), (-4,-4)]
Turtle 5 :[(-5,-5), (4,27), (4,27), (4,27), (4,26), (4,25), (4,25), (4,25), (4,24), (3,24), (3,24), (3,23)]

Detection Run 28
#Info# Executed steps before collision: 9, Found collision: false
Turtle 1 :[(-1,-1), (34,31), (33,31), (32,31), (32,31), (32,31), (32,30), (32,30), (31,30), (31,29)]
Turtle 2 :[(-2,-2), (30,22), (31,22), (31,22), (32,22), (32,22), (33,22), (33,22), (33,23), (34,23)]
Turtle 3 :[(-3,-3), (34,17), (34,17), (34,17), (34,18), (34,19), (33,19), (33,20), (33,21), (-3,-3)]
Turtle 4 :[(-4,-4), (6,9), (6,8), (6,8), (6,8), (5,8), (5,8), (4,8), (4,7), (4,6)]
Turtle 5 :[(-5,-5), (39,32), (40,32), (40,33), (40,34), (40,35), (-5,-5), (-5,-5), (-5,-5), (-5,-5)]

Detection Run 29
#Info# Executed steps before collision: 11, Found collision: false
Turtle 1 :[(-1,-1), (23,40), (23,40), (22,40), (22,40), (21,40), (21,40), (21,40), (21,39), (20,39), (20,39), (19,39)]
Turtle 2 :[(-2,-2), (21,41), (21,40), (20,40), (19,40), (18,40), (18,39), (-2,-2), (-2,-2), (-2,-2), (-2,-2), (-2,-2)]
Turtle 3 :[(-3,-3), (42,39), (42,39), (42,39), (43,39), (43,38), (43,38), (43,37), (44,37), (44,37), (44,37), (45,37)]
Turtle 4 :[(-4,-4), (49,45), (49,44), (49,44), (49,43), (49,43), (49,42), (-4,-4), (-4,-4), (-4,-4), (-4,-4), (-4,-4)]
Turtle 5 :[(-5,-5), (42,24), (43,24), (43,23), (44,23), (44,22), (44,21), (-5,-5), (-5,-5), (-5,-5), (-5,-5), (-5,-5)]

Detection Run 30
#Info# Executed steps before collision: 11, Found collision: false
Turtle 1 :[(-1,-1), (47,37), (47,37), (47,38), (47,39), (47,40), (47,40), (46,40), (45,40), (-1,-1), (-1,-1), (-1,-1)]
Turtle 2 :[(-2,-2), (44,44), (43,44), (43,45), (43,46), (43,47), (43,48), (-2,-2), (-2,-2), (-2,-2), (-2,-2), (-2,-2)]
Turtle 3 :[(-3,-3), (45,38), (45,37), (45,36), (46,36), (46,36), (46,36), (46,36), (47,36), (47,36), (48,36), (-3,-3)]
Turtle 4 :[(-4,-4), (36,37), (37,37), (-4,-4), (-4,-4), (-4,-4), (-4,-4), (-4,-4), (-4,-4), (-4,-4), (-4,-4), (-4,-4)]
Turtle 5 :[(-5,-5), (4,21), (4,21), (4,21), (4,22), (4,22), (4,23), (5,23), (5,23), (5,23), (5,24), (5,25)]

Detection Run 31
#Info# Executed steps before collision: 10, Found collision: false
Turtle 1 :[(-1,-1), (39,18), (39,18), (40,18), (40,19), (41,19), (41,20), (41,20), (41,21), (-1,-1), (-1,-1)]
Turtle 2 :[(-2,-2), (7,43), (7,42), (7,41), (7,41), (7,41), (7,40), (7,40), (7,40), (7,39), (7,38)]
Turtle 3 :[(-3,-3), (14,6), (14,7), (14,7), (14,7), (14,8), (14,9), (14,9), (14,10), (14,10), (14,11)]
Turtle 4 :[(-4,-4), (3,36), (3,36), (3,35), (2,35), (2,34), (1,34), (1,33), (-4,-4), (-4,-4), (-4,-4)]
Turtle 5 :[(-5,-5), (40,17), (39,17), (39,16), (39,17), (39,18), (39,19), (39,20), (38,20), (-5,-5), (-5,-5)]

Detection Run 32
#Info# Executed steps before collision: 10, Found collision: false
Turtle 1 :[(-1,-1), (36,1), (35,1), (35,1), (36,1), (35,1), (36,1), (36,0), (-1,-1), (-1,-1), (-1,-1)]
Turtle 2 :[(-2,-2), (33,42), (33,42), (33,42), (34,42), (34,42), (34,43), (34,44), (34,45), (34,45), (34,46)]
Turtle 3 :[(-3,-3), (5,38), (5,39), (6,39), (6,39), (6,39), (6,39), (6,40), (-3,-3), (-3,-3), (-3,-3)]
Turtle 4 :[(-4,-4), (35,42), (35,41), (35,41), (35,40), (35,40), (35,40), (35,40), (35,39), (36,39), (37,39)]
Turtle 5 :[(-5,-5), (17,11), (18,11), (19,11), (19,12), (20,12), (20,13), (-5,-5), (-5,-5), (-5,-5), (-5,-5)]

Detection Run 33
#Info# Executed steps before collision: 11, Found collision: false
Turtle 1 :[(-1,-1), (16,14), (16,14), (16,14), (17,14), (17,14), (17,13), (17,13), (17,13), (17,12), (-1,-1), (-1,-1)]
Turtle 2 :[(-2,-2), (40,49), (41,49), (41,49), (41,49), (41,49), (42,49), (43,49), (44,49), (44,48), (-2,-2), (-2,-2)]
Turtle 3 :[(-3,-3), (47,7), (47,7), (48,7), (48,7), (49,7), (49,7), (49,6), (49,5), (-3,-3), (-3,-3), (-3,-3)]
Turtle 4 :[(-4,-4), (14,13), (14,13), (14,13), (15,13), (15,13), (16,13), (16,13), (16,13), (15,13), (16,13), (17,13)]
Turtle 5 :[(-5,-5), (46,37), (47,37), (47,37), (48,37), (48,37), (48,38), (48,38), (49,38), (49,38), (49,38), (49,38)]

Fault Detection Run 34
#Info# Executed steps before collision: 5, Found collision: true
Turtle 1 :[(-1,-1), (2,22), (2,23), (2,23), (2,23), (2,24), (1,24), (1,25), (-1,-1), (-1,-1), (-1,-1), (-1,-1)]
Turtle 2 :[(-2,-2), (2,24), (2,24), (2,25), (2,24), (2,24), (2,23), (2,22), (2,21), (-2,-2), (-2,-2), (-2,-2)]
Turtle 3 :[(-3,-3), (28,35), (28,35), (28,34), (28,34), (28,33), (-3,-3), (-3,-3), (-3,-3), (-3,-3), (-3,-3), (-3,-3)]
Turtle 4 :[(-4,-4), (28,32), (28,32), (27,32), (27,32), (26,32), (26,32), (26,33), (25,33), (25,33), (25,33), (24,33)]
Turtle 5 :[(-5,-5), (1,15), (0,15), (0,15), (0,15), (1,15), (1,15), (1,14), (-5,-5), (-5,-5), (-5,-5), (-5,-5)]

