Detection Run 1
#Info# Executed steps before collision: 6, Found collision: false
Turtle 1 :[(-1,-1), (3,1), (4,1), (5,1), (6,1), (7,1), (8,1)]
Turtle 2 :[(-2,-2), (3,11), (2,11), (1,11), (2,11), (1,11), (0,11)]
Turtle 3 :[(-3,-3), (16,7), (17,7), (17,8), (18,8), (19,8), (19,9)]
Turtle 4 :[(-4,-4), (2,19), (2,18), (2,17), (2,16), (2,15), (1,15)]
Turtle 5 :[(-5,-5), (3,17), (3,18), (2,18), (2,19), (1,19), (0,19)]

Detection Run 2
#Info# Executed steps before collision: 6, Found collision: false
Turtle 1 :[(-1,-1), (5,13), (6,13), (7,13), (8,13), (9,13), (9,14)]
Turtle 2 :[(-2,-2), (5,16), (5,15), (5,14), (5,13), (-2,-2), (-2,-2)]
Turtle 3 :[(-3,-3), (0,19), (0,19), (-3,-3), (-3,-3), (-3,-3), (-3,-3)]
Turtle 4 :[(-4,-4), (9,0), (9,1), (8,1), (8,0), (7,0), (-4,-4)]
Turtle 5 :[(-5,-5), (10,2), (10,3), (9,3), (9,4), (8,4), (8,5)]

Detection Run 3
#Info# Executed steps before collision: 7, Found collision: false
Turtle 1 :[(-1,-1), (16,2), (15,2), (14,2), (13,2), (13,1), (-1,-1), (-1,-1)]
Turtle 2 :[(-2,-2), (14,9), (13,9), (13,8), (13,7), (-2,-2), (-2,-2), (-2,-2)]
Turtle 3 :[(-3,-3), (11,13), (12,13), (12,14), (13,14), (13,15), (13,16), (-3,-3)]
Turtle 4 :[(-4,-4), (10,15), (10,14), (11,14), (11,14), (12,14), (12,13), (13,13)]
Turtle 5 :[(-5,-5), (11,4), (11,3), (11,2), (11,1), (11,0), (10,0), (-5,-5)]

Detection Run 4
#Info# Executed steps before collision: 6, Found collision: false
Turtle 1 :[(-1,-1), (7,10), (6,10), (5,10), (5,9), (5,8), (4,8)]
Turtle 2 :[(-2,-2), (16,9), (16,10), (15,10), (14,10), (14,11), (13,11)]
Turtle 3 :[(-3,-3), (8,15), (8,16), (8,17), (7,17), (7,18), (7,19)]
Turtle 4 :[(-4,-4), (17,7), (17,8), (18,8), (18,9), (18,10), (18,11)]
Turtle 5 :[(-5,-5), (3,11), (4,11), (4,10), (4,9), (5,9), (6,9)]

Detection Run 5
#Info# Executed steps before collision: 6, Found collision: false
Turtle 1 :[(-1,-1), (6,6), (7,6), (8,6), (9,6), (9,7), (-1,-1)]
Turtle 2 :[(-2,-2), (12,18), (12,17), (11,17), (10,17), (9,17), (8,17)]
Turtle 3 :[(-3,-3), (10,17), (9,17), (9,16), (8,16), (8,15), (8,14)]
Turtle 4 :[(-4,-4), (16,18), (17,18), (18,18), (19,18), (-4,-4), (-4,-4)]
Turtle 5 :[(-5,-5), (1,12), (1,11), (1,10), (1,9), (2,9), (2,8)]

Detection Run 6
#Info# Executed steps before collision: 6, Found collision: false
Turtle 1 :[(-1,-1), (10,3), (10,4), (11,4), (12,4), (13,4), (13,5)]
Turtle 2 :[(-2,-2), (3,8), (4,8), (5,8), (5,7), (5,6), (6,6)]
Turtle 3 :[(-3,-3), (10,14), (10,13), (9,13), (8,13), (8,12), (8,11)]
Turtle 4 :[(-4,-4), (18,17), (17,17), (17,18), (16,18), (15,18), (15,19)]
Turtle 5 :[(-5,-5), (4,8), (4,7), (3,7), (3,6), (2,6), (2,5)]

Detection Run 7
#Info# Executed steps before collision: 7, Found collision: false
Turtle 1 :[(-1,-1), (19,9), (19,8), (19,7), (18,7), (18,6), (18,5), (19,5)]
Turtle 2 :[(-2,-2), (19,5), (19,4), (18,4), (18,3), (17,3), (17,2), (-2,-2)]
Turtle 3 :[(-3,-3), (11,17), (11,16), (11,15), (12,15), (12,14), (12,13), (-3,-3)]
Turtle 4 :[(-4,-4), (18,6), (19,6), (19,6), (19,5), (19,4), (19,5), (19,6)]
Turtle 5 :[(-5,-5), (18,16), (19,16), (19,15), (19,14), (19,13), (19,12), (-5,-5)]

Detection Run 8
#Info# Executed steps before collision: 7, Found collision: false
Turtle 1 :[(-1,-1), (12,10), (13,10), (13,9), (14,9), (14,10), (15,10), (-1,-1)]
Turtle 2 :[(-2,-2), (14,8), (14,9), (15,9), (15,10), (15,11), (16,11), (-2,-2)]
Turtle 3 :[(-3,-3), (2,8), (3,8), (4,8), (4,7), (5,7), (5,6), (-3,-3)]
Turtle 4 :[(-4,-4), (18,16), (17,16), (17,16), (16,16), (15,16), (14,16), (14,17)]
Turtle 5 :[(-5,-5), (19,19), (19,19), (19,19), (19,19), (18,19), (18,19), (-5,-5)]

Detection Run 9
#Info# Executed steps before collision: 8, Found collision: false
Turtle 1 :[(-1,-1), (11,19), (11,18), (11,18), (12,18), (13,18), (13,18), (13,17), (14,17)]
Turtle 2 :[(-2,-2), (4,1), (4,2), (3,2), (3,3), (2,3), (1,3), (-2,-2), (-2,-2)]
Turtle 3 :[(-3,-3), (5,2), (5,2), (5,1), (4,1), (4,0), (-3,-3), (-3,-3), (-3,-3)]
Turtle 4 :[(-4,-4), (9,19), (10,19), (11,19), (12,19), (12,19), (13,19), (-4,-4), (-4,-4)]
Turtle 5 :[(-5,-5), (9,9), (9,9), (9,10), (10,10), (11,10), (11,11), (-5,-5), (-5,-5)]

Detection Run 10
#Info# Executed steps before collision: 8, Found collision: false
Turtle 1 :[(-1,-1), (4,15), (5,15), (6,15), (7,15), (8,15), (9,15), (-1,-1), (-1,-1)]
Turtle 2 :[(-2,-2), (4,1), (3,1), (3,2), (2,2), (2,3), (2,4), (-2,-2), (-2,-2)]
Turtle 3 :[(-3,-3), (0,0), (1,0), (2,0), (2,1), (1,1), (2,1), (2,2), (3,2)]
Turtle 4 :[(-4,-4), (0,8), (0,8), (1,8), (1,9), (-4,-4), (-4,-4), (-4,-4), (-4,-4)]
Turtle 5 :[(-5,-5), (6,7), (7,7), (7,6), (8,6), (9,6), (-5,-5), (-5,-5), (-5,-5)]

Fault Detection Run 11
#Info# Executed steps before collision: 4, Found collision: true
Turtle 1 :[(-1,-1), (6,14), (6,13), (7,13), (7,12), (8,12), (9,12), (-1,-1), (-1,-1)]
Turtle 2 :[(-2,-2), (8,7), (8,8), (8,9), (7,9), (6,9), (6,10), (-2,-2), (-2,-2)]
Turtle 3 :[(-3,-3), (6,11), (6,11), (6,12), (7,12), (8,12), (-3,-3), (-3,-3), (-3,-3)]
Turtle 4 :[(-4,-4), (10,13), (11,13), (12,13), (11,13), (10,13), (10,12), (-4,-4), (-4,-4)]
Turtle 5 :[(-5,-5), (12,2), (11,2), (10,2), (10,3), (10,3), (9,3), (9,3), (8,3)]

