Detection Run 1
#Info# Executed steps before collision: 6, Found collision: false
Turtle 1 :[(-1,-1), (1,11), (1,10), (1,9), (1,8), (1,7), (1,6)]
Turtle 2 :[(-2,-2), (4,2), (3,2), (2,2), (1,2), (1,1), (0,1)]
Turtle 3 :[(-3,-3), (13,3), (12,3), (11,3), (12,3), (13,3), (12,3)]
Turtle 4 :[(-4,-4), (8,0), (9,0), (-4,-4), (-4,-4), (-4,-4), (-4,-4)]
Turtle 5 :[(-5,-5), (13,1), (12,1), (11,1), (11,2), (10,2), (10,3)]

Detection Run 2
#Info# Executed steps before collision: 6, Found collision: false
Turtle 1 :[(-1,-1), (8,11), (8,12), (8,13), (9,13), (10,13), (11,13)]
Turtle 2 :[(-2,-2), (5,3), (6,3), (7,3), (7,4), (7,5), (8,5)]
Turtle 3 :[(-3,-3), (12,2), (11,2), (11,1), (10,1), (9,1), (-3,-3)]
Turtle 4 :[(-4,-4), (-4,-4), (-4,-4), (5,3), (5,2), (6,2), (7,2)]
Turtle 5 :[(-5,-5), (7,12), (7,11), (8,11), (9,11), (10,11), (11,11)]

Fault Detection Run 3
#Info# Executed steps before collision: 4, Found collision: true
Turtle 1 :[(-1,-1), (12,14), (12,13), (11,13), (11,12), (11,11), (10,11)]
Turtle 2 :[(-2,-2), (7,6), (7,5), (7,4), (7,3), (-2,-2), (-2,-2)]
Turtle 3 :[(-3,-3), (11,2), (11,1), (11,0), (11,1), (11,0), (-3,-3)]
Turtle 4 :[(-4,-4), (3,5), (3,4), (3,3), (3,2), (2,2), (2,1)]
Turtle 5 :[(-5,-5), (11,9), (11,10), (11,11), (11,12), (11,13), (10,13)]

