Detection Run 1
#Info# Executed steps before collision: 6, Found collision: false
Turtle 1 :[(-1,-1), (2,13), (2,12), (2,11), (2,10), (1,10), (1,9)]
Turtle 2 :[(-2,-2), (3,1), (3,0), (-2,-2), (-2,-2), (-2,-2), (-2,-2)]
Turtle 3 :[(-3,-3), (9,11), (9,12), (9,13), (9,14), (8,14), (-3,-3)]
Turtle 4 :[(-4,-4), (13,12), (13,13), (13,14), (14,14), (15,14), (15,15)]
Turtle 5 :[(-5,-5), (2,9), (1,9), (1,10), (1,11), (0,11), (-5,-5)]

Detection Run 2
#Info# Executed steps before collision: 8, Found collision: false
Turtle 1 :[(-1,-1), (16,5), (17,5), (18,5), (19,5), (19,5), (-1,-1), (-1,-1), (-1,-1)]
Turtle 2 :[(-2,-2), (17,18), (17,17), (17,18), (17,17), (17,16), (17,15), (17,14), (17,13)]
Turtle 3 :[(-3,-3), (2,19), (3,19), (4,19), (5,19), (5,19), (6,19), (-3,-3), (-3,-3)]
Turtle 4 :[(-4,-4), (18,16), (17,16), (16,16), (16,15), (15,15), (-4,-4), (-4,-4), (-4,-4)]
Turtle 5 :[(-5,-5), (5,7), (5,8), (4,8), (3,8), (2,8), (2,9), (-5,-5), (-5,-5)]

Fault Detection Run 3
#Info# Executed steps before collision: 3, Found collision: true
Turtle 1 :[(-1,-1), (7,15), (7,14), (8,14), (-1,-1), (-1,-1), (-1,-1)]
Turtle 2 :[(-2,-2), (17,18), (18,18), (18,17), (19,17), (19,16), (19,15)]
Turtle 3 :[(-3,-3), (6,3), (7,3), (8,3), (8,2), (8,1), (9,1)]
Turtle 4 :[(-4,-4), (5,6), (5,7), (5,8), (5,9), (4,9), (3,9)]
Turtle 5 :[(-5,-5), (18,15), (18,16), (18,17), (17,17), (16,17), (15,17)]

