Detection Run 1
#Info# Executed steps before collision: 6, Found collision: false
Turtle 1 :[(-1,-1), (10,0), (11,0), (10,0), (9,0), (8,0), (-1,-1)]
Turtle 2 :[(-2,-2), (12,0), (13,0), (14,0), (14,0), (-2,-2), (-2,-2)]
Turtle 3 :[(-3,-3), (12,8), (12,9), (13,9), (14,9), (14,10), (14,10)]
Turtle 4 :[(-4,-4), (10,4), (9,4), (8,4), (7,4), (6,4), (6,5)]
Turtle 5 :[(-5,-5), (9,0), (8,0), (7,0), (6,0), (5,0), (4,0)]

Fault Detection Run 2
#Info# Executed steps before collision: 4, Found collision: true
Turtle 1 :[(-1,-1), (7,13), (7,12), (7,11), (7,10), (7,9), (8,9), (-1,-1)]
Turtle 2 :[(-2,-2), (5,1), (6,1), (5,1), (6,1), (5,1), (6,1), (7,1)]
Turtle 3 :[(-3,-3), (7,11), (6,11), (6,12), (5,12), (5,13), (5,14), (-3,-3)]
Turtle 4 :[(-4,-4), (8,1), (7,1), (6,1), (6,1), (5,1), (4,1), (4,0)]
Turtle 5 :[(-5,-5), (9,11), (10,11), (11,11), (11,12), (11,13), (11,14), (-5,-5)]

