Detection Run 1
#Info# Executed steps before collision: 6, Found collision: false
Turtle 1 :[(-1,-1), (1,5), (0,5), (0,5), (0,4), (1,4), (1,3)]
Turtle 2 :[(-2,-2), (1,4), (2,4), (3,4), (4,4), (5,4), (6,4)]
Turtle 3 :[(-3,-3), (8,5), (9,5), (10,5), (11,5), (12,5), (13,5)]
Turtle 4 :[(-4,-4), (8,4), (9,4), (9,3), (9,2), (9,1), (-4,-4)]
Turtle 5 :[(-5,-5), (1,9), (2,9), (2,10), (3,10), (3,11), (4,11)]

Detection Run 2
#Info# Executed steps before collision: 6, Found collision: false
Turtle 1 :[(-1,-1), (14,13), (14,12), (14,11), (14,10), (14,9), (-1,-1)]
Turtle 2 :[(-2,-2), (9,4), (10,4), (10,5), (-2,-2), (-2,-2), (-2,-2)]
Turtle 3 :[(-3,-3), (7,11), (7,12), (6,12), (5,12), (4,12), (3,12)]
Turtle 4 :[(-4,-4), (1,6), (1,7), (1,8), (2,8), (3,8), (3,9)]
Turtle 5 :[(-5,-5), (9,3), (9,4), (9,3), (9,2), (-5,-5), (-5,-5)]

Detection Run 3
#Info# Executed steps before collision: 6, Found collision: false
Turtle 1 :[(-1,-1), (14,6), (14,7), (14,8), (14,9), (-1,-1), (-1,-1)]
Turtle 2 :[(-2,-2), (12,9), (12,10), (13,10), (13,11), (13,12), (14,12)]
Turtle 3 :[(-3,-3), (14,8), (14,9), (14,10), (14,11), (13,11), (12,11)]
Turtle 4 :[(-4,-4), (9,6), (8,6), (-4,-4), (-4,-4), (-4,-4), (-4,-4)]
Turtle 5 :[(-5,-5), (11,13), (11,12), (11,11), (11,10), (10,10), (9,10)]

Detection Run 4
#Info# Executed steps before collision: 10, Found collision: false
Turtle 1 :[(-1,-1), (6,7), (6,8), (6,7), (5,7), (4,7), (-1,-1), (-1,-1), (-1,-1), (-1,-1), (-1,-1)]
Turtle 2 :[(-2,-2), (1,4), (0,4), (0,5), (0,6), (0,7), (0,8), (-2,-2), (-2,-2), (-2,-2), (-2,-2)]
Turtle 3 :[(-3,-3), (5,4), (6,4), (6,5), (6,6), (6,7), (6,8), (-3,-3), (-3,-3), (-3,-3), (-3,-3)]
Turtle 4 :[(-4,-4), (-4,-4), (-4,-4), (-4,-4), (-4,-4), (-4,-4), (-4,-4), (6,7), (6,8), (6,9), (5,9)]
Turtle 5 :[(-5,-5), (4,11), (3,11), (3,12), (2,12), (2,13), (2,14), (-5,-5), (-5,-5), (-5,-5), (-5,-5)]

Detection Run 5
#Info# Executed steps before collision: 7, Found collision: false
Turtle 1 :[(-1,-1), (7,5), (7,4), (6,4), (6,3), (5,3), (4,3), (-1,-1)]
Turtle 2 :[(-2,-2), (12,6), (13,6), (13,5), (13,4), (13,3), (13,2), (-2,-2)]
Turtle 3 :[(-3,-3), (7,7), (7,6), (7,5), (7,4), (7,3), (7,2), (-3,-3)]
Turtle 4 :[(-4,-4), (11,13), (11,14), (10,14), (9,14), (8,14), (7,14), (-4,-4)]
Turtle 5 :[(-5,-5), (10,12), (9,12), (9,13), (9,12), (9,13), (9,14), (8,14)]

Detection Run 6
#Info# Executed steps before collision: 6, Found collision: false
Turtle 1 :[(-1,-1), (2,6), (2,7), (3,7), (4,7), (5,7), (6,7)]
Turtle 2 :[(-2,-2), (12,10), (11,10), (11,11), (10,11), (9,11), (8,11)]
Turtle 3 :[(-3,-3), (10,0), (9,0), (8,0), (7,0), (6,0), (5,0)]
Turtle 4 :[(-4,-4), (2,10), (1,10), (0,10), (0,11), (0,12), (0,13)]
Turtle 5 :[(-5,-5), (3,7), (3,8), (3,9), (2,9), (1,9), (-5,-5)]

Detection Run 7
#Info# Executed steps before collision: 9, Found collision: false
Turtle 1 :[(-1,-1), (0,8), (0,7), (1,7), (0,7), (0,8), (0,7), (-1,-1), (-1,-1), (-1,-1)]
Turtle 2 :[(-2,-2), (4,7), (3,7), (3,6), (3,5), (2,5), (2,6), (1,6), (-2,-2), (-2,-2)]
Turtle 3 :[(-3,-3), (3,5), (3,6), (2,6), (2,7), (2,8), (2,9), (2,8), (1,8), (-3,-3)]
Turtle 4 :[(-4,-4), (5,9), (5,10), (5,11), (6,11), (6,12), (7,12), (-4,-4), (-4,-4), (-4,-4)]
Turtle 5 :[(-5,-5), (2,3), (3,3), (3,4), (3,3), (3,3), (3,4), (3,5), (3,6), (3,7)]

Detection Run 8
#Info# Executed steps before collision: 9, Found collision: false
Turtle 1 :[(-1,-1), (2,9), (2,8), (1,8), (1,7), (1,6), (1,5), (-1,-1), (-1,-1), (-1,-1)]
Turtle 2 :[(-2,-2), (11,10), (12,10), (12,9), (12,8), (12,7), (12,6), (-2,-2), (-2,-2), (-2,-2)]
Turtle 3 :[(-3,-3), (14,2), (13,2), (14,2), (14,2), (-3,-3), (-3,-3), (-3,-3), (-3,-3), (-3,-3)]
Turtle 4 :[(-4,-4), (11,1), (12,1), (13,1), (13,2), (14,2), (14,3), (-4,-4), (-4,-4), (-4,-4)]
Turtle 5 :[(-5,-5), (3,0), (3,1), (3,1), (3,2), (3,2), (3,2), (2,2), (2,3), (1,3)]

Detection Run 9
#Info# Executed steps before collision: 6, Found collision: false
Turtle 1 :[(-1,-1), (7,1), (8,1), (-1,-1), (-1,-1), (-1,-1), (-1,-1)]
Turtle 2 :[(-2,-2), (5,11), (5,10), (5,9), (6,9), (6,8), (7,8)]
Turtle 3 :[(-3,-3), (10,13), (10,14), (9,14), (8,14), (7,14), (6,14)]
Turtle 4 :[(-4,-4), (4,11), (5,11), (6,11), (7,11), (8,11), (9,11)]
Turtle 5 :[(-5,-5), (6,7), (6,8), (7,8), (7,9), (7,10), (7,11)]

Detection Run 10
#Info# Executed steps before collision: 8, Found collision: false
Turtle 1 :[(-1,-1), (10,14), (10,13), (10,12), (10,11), (10,11), (10,11), (10,10), (9,10)]
Turtle 2 :[(-2,-2), (10,1), (10,1), (11,1), (11,1), (12,1), (13,1), (14,1), (14,0)]
Turtle 3 :[(-3,-3), (7,4), (8,4), (8,3), (8,3), (8,3), (8,2), (8,1), (-3,-3)]
Turtle 4 :[(-4,-4), (13,11), (14,11), (13,11), (14,11), (14,12), (-4,-4), (-4,-4), (-4,-4)]
Turtle 5 :[(-5,-5), (7,14), (8,14), (9,14), (9,13), (10,13), (11,13), (-5,-5), (-5,-5)]

Detection Run 11
#Info# Executed steps before collision: 8, Found collision: false
Turtle 1 :[(-1,-1), (3,8), (2,8), (2,7), (2,6), (1,6), (1,6), (1,6), (0,6)]
Turtle 2 :[(-2,-2), (2,12), (2,11), (2,11), (1,11), (2,11), (2,11), (3,11), (4,11)]
Turtle 3 :[(-3,-3), (4,11), (4,12), (5,12), (-3,-3), (-3,-3), (-3,-3), (-3,-3), (-3,-3)]
Turtle 4 :[(-4,-4), (1,10), (1,9), (1,8), (1,8), (1,8), (1,7), (-4,-4), (-4,-4)]
Turtle 5 :[(-5,-5), (7,13), (7,13), (8,13), (9,13), (10,13), (10,14), (11,14), (-5,-5)]

Detection Run 12
#Info# Executed steps before collision: 6, Found collision: false
Turtle 1 :[(-1,-1), (3,3), (3,3), (3,2), (3,3), (3,2), (3,1)]
Turtle 2 :[(-2,-2), (8,14), (7,14), (7,14), (6,14), (-2,-2), (-2,-2)]
Turtle 3 :[(-3,-3), (4,10), (3,10), (3,11), (3,10), (2,10), (-3,-3)]
Turtle 4 :[(-4,-4), (10,10), (11,10), (12,10), (13,10), (13,9), (14,9)]
Turtle 5 :[(-5,-5), (7,11), (6,11), (5,11), (4,11), (3,11), (3,12)]

Detection Run 13
#Info# Executed steps before collision: 8, Found collision: false
Turtle 1 :[(-1,-1), (5,10), (5,9), (5,9), (5,8), (4,8), (4,8), (4,7), (3,7)]
Turtle 2 :[(-2,-2), (5,11), (6,11), (7,11), (8,11), (9,11), (-2,-2), (-2,-2), (-2,-2)]
Turtle 3 :[(-3,-3), (2,12), (2,13), (3,13), (3,14), (3,14), (3,14), (-3,-3), (-3,-3)]
Turtle 4 :[(-4,-4), (7,1), (7,2), (6,2), (5,2), (5,3), (5,4), (-4,-4), (-4,-4)]
Turtle 5 :[(-5,-5), (0,13), (1,13), (1,12), (2,12), (3,12), (4,12), (5,12), (5,13)]

Detection Run 14
#Info# Executed steps before collision: 8, Found collision: false
Turtle 1 :[(-1,-1), (7,9), (8,9), (7,9), (6,9), (5,9), (4,9), (4,8), (4,7)]
Turtle 2 :[(-2,-2), (5,3), (4,3), (4,4), (3,4), (3,5), (3,6), (-2,-2), (-2,-2)]
Turtle 3 :[(-3,-3), (9,13), (10,13), (10,12), (10,11), (10,10), (10,9), (-3,-3), (-3,-3)]
Turtle 4 :[(-4,-4), (3,11), (3,12), (3,13), (-4,-4), (-4,-4), (-4,-4), (-4,-4), (-4,-4)]
Turtle 5 :[(-5,-5), (7,8), (8,8), (-5,-5), (-5,-5), (-5,-5), (-5,-5), (-5,-5), (-5,-5)]

Detection Run 15
#Info# Executed steps before collision: 9, Found collision: false
Turtle 1 :[(-1,-1), (11,3), (11,2), (11,2), (11,2), (11,2), (10,2), (10,1), (10,1), (10,0)]
Turtle 2 :[(-2,-2), (12,14), (12,14), (12,14), (11,14), (11,14), (11,14), (-2,-2), (-2,-2), (-2,-2)]
Turtle 3 :[(-3,-3), (6,1), (6,1), (6,0), (7,0), (8,0), (9,0), (10,0), (-3,-3), (-3,-3)]
Turtle 4 :[(-4,-4), (10,5), (10,4), (10,3), (9,3), (8,3), (-4,-4), (-4,-4), (-4,-4), (-4,-4)]
Turtle 5 :[(-5,-5), (2,14), (3,14), (4,14), (4,14), (5,14), (6,14), (-5,-5), (-5,-5), (-5,-5)]

Detection Run 16
#Info# Executed steps before collision: 9, Found collision: false
Turtle 1 :[(-1,-1), (11,13), (11,14), (11,14), (10,14), (-1,-1), (-1,-1), (-1,-1), (-1,-1), (-1,-1)]
Turtle 2 :[(-2,-2), (0,13), (0,14), (1,14), (2,14), (3,14), (3,14), (-2,-2), (-2,-2), (-2,-2)]
Turtle 3 :[(-3,-3), (8,10), (7,10), (7,10), (7,11), (7,12), (6,12), (6,12), (6,12), (5,12)]
Turtle 4 :[(-4,-4), (7,3), (6,3), (6,3), (6,2), (6,1), (5,1), (5,0), (-4,-4), (-4,-4)]
Turtle 5 :[(-5,-5), (8,7), (7,7), (7,6), (7,5), (7,4), (7,3), (-5,-5), (-5,-5), (-5,-5)]

Detection Run 17
#Info# Executed steps before collision: 9, Found collision: false
Turtle 1 :[(-1,-1), (7,11), (7,11), (7,12), (6,12), (6,12), (5,12), (4,12), (4,12), (4,13)]
Turtle 2 :[(-2,-2), (0,13), (0,12), (1,12), (2,12), (2,11), (2,10), (-2,-2), (-2,-2), (-2,-2)]
Turtle 3 :[(-3,-3), (2,13), (2,12), (2,11), (2,10), (2,9), (1,9), (-3,-3), (-3,-3), (-3,-3)]
Turtle 4 :[(-4,-4), (8,12), (8,13), (8,13), (8,13), (7,13), (6,13), (6,13), (5,13), (-4,-4)]
Turtle 5 :[(-5,-5), (0,10), (0,10), (1,10), (1,11), (1,12), (1,13), (1,14), (-5,-5), (-5,-5)]

Fault Detection Run 18
#Info# Executed steps before collision: 5, Found collision: true
Turtle 1 :[(-1,-1), (7,1), (6,1), (6,0), (5,0), (4,0), (-1,-1), (-1,-1), (-1,-1)]
Turtle 2 :[(-2,-2), (1,12), (1,12), (1,12), (1,12), (1,11), (1,12), (1,11), (1,10)]
Turtle 3 :[(-3,-3), (7,0), (8,0), (7,0), (7,1), (6,1), (-3,-3), (-3,-3), (-3,-3)]
Turtle 4 :[(-4,-4), (11,3), (11,2), (10,2), (10,1), (10,1), (10,0), (9,0), (-4,-4)]
Turtle 5 :[(-5,-5), (11,1), (11,0), (10,0), (10,0), (10,1), (9,1), (9,0), (-5,-5)]

