Detection Run 1
#Info# Executed steps before collision: 10, Found collision: false
Turtle 1 :[(-1,-1), (6,5), (5,5), (5,4), (6,4), (6,5), (6,4), (7,4), (8,4), (7,4), (7,5)]
Turtle 2 :[(-2,-2), (3,6), (2,6), (2,7), (2,6), (1,6), (-2,-2), (-2,-2), (-2,-2), (-2,-2), (-2,-2)]
Turtle 3 :[(-3,-3), (1,6), (1,5), (1,6), (0,6), (0,7), (0,8), (-3,-3), (-3,-3), (-3,-3), (-3,-3)]
Turtle 4 :[(-4,-4), (8,3), (7,3), (7,2), (7,1), (6,1), (5,1), (-4,-4), (-4,-4), (-4,-4), (-4,-4)]
Turtle 5 :[(-5,-5), (8,5), (9,5), (8,5), (7,5), (7,5), (7,6), (7,5), (6,5), (5,5), (-5,-5)]

Fault Detection Run 2
#Info# Executed steps before collision: 5, Found collision: true
Turtle 1 :[(-1,-1), (8,4), (9,4), (9,3), (9,3), (9,2), (-1,-1), (-1,-1), (-1,-1)]
Turtle 2 :[(-2,-2), (-2,-2), (-2,-2), (8,4), (8,5), (8,6), (9,6), (9,7), (9,8)]
Turtle 3 :[(-3,-3), (6,4), (6,5), (6,6), (6,7), (6,8), (5,8), (-3,-3), (-3,-3)]
Turtle 4 :[(-4,-4), (3,7), (3,6), (2,6), (1,6), (0,6), (-4,-4), (-4,-4), (-4,-4)]
Turtle 5 :[(-5,-5), (3,5), (2,5), (1,5), (0,5), (0,6), (-5,-5), (-5,-5), (-5,-5)]

