Detection Run 1
#Info# Executed steps before collision: 6, Found collision: false
Turtle 1 :[(-1,-1), (17,11), (17,10), (17,9), (17,8), (16,8), (15,8)]
Turtle 2 :[(-2,-2), (11,4), (11,3), (10,3), (11,3), (11,2), (-2,-2)]
Turtle 3 :[(-3,-3), (9,6), (9,5), (9,4), (9,3), (8,3), (8,2)]
Turtle 4 :[(-4,-4), (15,17), (15,18), (15,19), (16,19), (17,19), (18,19)]
Turtle 5 :[(-5,-5), (2,9), (2,8), (3,8), (4,8), (5,8), (6,8)]

Detection Run 2
#Info# Executed steps before collision: 12, Found collision: false
Turtle 1 :[(-1,-1), (0,2), (0,1), (0,0), (-1,-1), (-1,-1), (-1,-1), (-1,-1), (-1,-1), (-1,-1), (-1,-1), (-1,-1), (-1,-1)]
Turtle 2 :[(-2,-2), (8,11), (9,11), (9,12), (9,13), (9,12), (9,13), (8,13), (9,13), (9,14), (10,14), (11,14), (11,13)]
Turtle 3 :[(-3,-3), (10,17), (9,17), (9,16), (8,16), (7,16), (7,15), (-3,-3), (-3,-3), (-3,-3), (-3,-3), (-3,-3), (-3,-3)]
Turtle 4 :[(-4,-4), (5,17), (4,17), (3,17), (3,18), (3,19), (2,19), (-4,-4), (-4,-4), (-4,-4), (-4,-4), (-4,-4), (-4,-4)]
Turtle 5 :[(-5,-5), (12,13), (11,13), (10,13), (10,13), (10,12), (10,13), (10,13), (10,12), (10,13), (9,13), (8,13), (7,13)]

Detection Run 3
#Info# Executed steps before collision: 6, Found collision: false
Turtle 1 :[(-1,-1), (7,12), (7,11), (7,10), (8,10), (8,9), (9,9)]
Turtle 2 :[(-2,-2), (19,15), (19,16), (18,16), (17,16), (17,17), (16,17)]
Turtle 3 :[(-3,-3), (13,12), (13,11), (13,10), (13,9), (14,9), (15,9)]
Turtle 4 :[(-4,-4), (11,14), (12,14), (12,15), (12,16), (12,17), (12,18)]
Turtle 5 :[(-5,-5), (12,13), (11,13), (11,14), (11,15), (-5,-5), (-5,-5)]

Detection Run 4
#Info# Executed steps before collision: 6, Found collision: false
Turtle 1 :[(-1,-1), (17,17), (17,16), (18,16), (19,16), (-1,-1), (-1,-1)]
Turtle 2 :[(-2,-2), (18,4), (18,3), (17,3), (16,3), (16,2), (15,2)]
Turtle 3 :[(-3,-3), (7,14), (6,14), (6,15), (5,15), (4,15), (3,15)]
Turtle 4 :[(-4,-4), (19,9), (19,10), (18,10), (18,11), (17,11), (16,11)]
Turtle 5 :[(-5,-5), (17,15), (17,15), (17,15), (17,16), (-5,-5), (-5,-5)]

Detection Run 5
#Info# Executed steps before collision: 6, Found collision: false
Turtle 1 :[(-1,-1), (18,19), (17,19), (17,18), (17,17), (17,16), (17,15)]
Turtle 2 :[(-2,-2), (0,1), (0,2), (1,2), (2,2), (3,2), (4,2)]
Turtle 3 :[(-3,-3), (6,12), (6,11), (7,11), (8,11), (8,10), (8,9)]
Turtle 4 :[(-4,-4), (10,7), (9,7), (8,7), (-4,-4), (-4,-4), (-4,-4)]
Turtle 5 :[(-5,-5), (17,3), (17,4), (18,4), (-5,-5), (-5,-5), (-5,-5)]

Detection Run 6
#Info# Executed steps before collision: 6, Found collision: false
Turtle 1 :[(-1,-1), (19,13), (18,13), (17,13), (17,12), (17,11), (16,11)]
Turtle 2 :[(-2,-2), (19,9), (19,10), (19,11), (19,12), (-2,-2), (-2,-2)]
Turtle 3 :[(-3,-3), (0,14), (1,14), (2,14), (3,14), (3,13), (-3,-3)]
Turtle 4 :[(-4,-4), (18,16), (18,17), (17,17), (16,17), (15,17), (15,18)]
Turtle 5 :[(-5,-5), (9,8), (9,7), (9,6), (9,5), (9,4), (9,3)]

Detection Run 7
#Info# Executed steps before collision: 8, Found collision: false
Turtle 1 :[(-1,-1), (2,18), (3,18), (3,17), (4,17), (4,18), (3,18), (4,18), (4,19)]
Turtle 2 :[(-2,-2), (3,19), (4,19), (3,19), (3,19), (4,19), (-2,-2), (-2,-2), (-2,-2)]
Turtle 3 :[(-3,-3), (11,16), (11,15), (10,15), (10,14), (10,13), (10,12), (-3,-3), (-3,-3)]
Turtle 4 :[(-4,-4), (12,18), (12,19), (11,19), (11,19), (-4,-4), (-4,-4), (-4,-4), (-4,-4)]
Turtle 5 :[(-5,-5), (-5,-5), (-5,-5), (2,18), (1,18), (1,17), (0,17), (0,16), (0,15)]

Detection Run 8
#Info# Executed steps before collision: 6, Found collision: false
Turtle 1 :[(-1,-1), (1,9), (2,9), (3,9), (4,9), (4,10), (5,10)]
Turtle 2 :[(-2,-2), (8,8), (7,8), (6,8), (5,8), (5,7), (5,6)]
Turtle 3 :[(-3,-3), (10,1), (10,2), (10,3), (11,3), (11,4), (11,5)]
Turtle 4 :[(-4,-4), (11,9), (12,9), (12,10), (12,11), (13,11), (13,12)]
Turtle 5 :[(-5,-5), (2,13), (3,13), (4,13), (5,13), (5,12), (6,12)]

Detection Run 9
#Info# Executed steps before collision: 6, Found collision: false
Turtle 1 :[(-1,-1), (6,11), (6,12), (6,13), (6,14), (6,13), (6,14)]
Turtle 2 :[(-2,-2), (8,18), (9,18), (10,18), (10,19), (10,19), (-2,-2)]
Turtle 3 :[(-3,-3), (8,12), (9,12), (-3,-3), (-3,-3), (-3,-3), (-3,-3)]
Turtle 4 :[(-4,-4), (17,19), (18,19), (18,18), (19,18), (19,17), (19,16)]
Turtle 5 :[(-5,-5), (9,11), (10,11), (10,10), (10,9), (-5,-5), (-5,-5)]

Detection Run 10
#Info# Executed steps before collision: 9, Found collision: false
Turtle 1 :[(-1,-1), (1,9), (1,8), (1,9), (1,8), (-1,-1), (-1,-1), (-1,-1), (-1,-1), (-1,-1)]
Turtle 2 :[(-2,-2), (10,6), (10,7), (10,7), (9,7), (9,8), (10,8), (11,8), (11,9), (11,10)]
Turtle 3 :[(-3,-3), (10,8), (10,8), (10,8), (10,9), (10,9), (9,9), (8,9), (8,8), (7,8)]
Turtle 4 :[(-4,-4), (18,4), (18,3), (18,2), (18,1), (19,1), (19,1), (-4,-4), (-4,-4), (-4,-4)]
Turtle 5 :[(-5,-5), (14,3), (14,2), (14,3), (14,4), (14,5), (-5,-5), (-5,-5), (-5,-5), (-5,-5)]

Detection Run 11
#Info# Executed steps before collision: 9, Found collision: false
Turtle 1 :[(-1,-1), (8,19), (7,19), (7,19), (6,19), (5,19), (5,19), (5,19), (5,19), (4,19)]
Turtle 2 :[(-2,-2), (6,9), (7,9), (8,9), (9,9), (9,10), (10,10), (-2,-2), (-2,-2), (-2,-2)]
Turtle 3 :[(-3,-3), (11,15), (11,14), (10,14), (10,13), (10,12), (10,11), (-3,-3), (-3,-3), (-3,-3)]
Turtle 4 :[(-4,-4), (11,2), (12,2), (12,3), (13,3), (14,3), (14,4), (-4,-4), (-4,-4), (-4,-4)]
Turtle 5 :[(-5,-5), (6,6), (5,6), (4,6), (4,6), (3,6), (2,6), (1,6), (-5,-5), (-5,-5)]

Detection Run 12
#Info# Executed steps before collision: 8, Found collision: false
Turtle 1 :[(-1,-1), (1,15), (0,15), (0,16), (0,17), (-1,-1), (-1,-1), (-1,-1), (-1,-1)]
Turtle 2 :[(-2,-2), (7,15), (8,15), (8,16), (7,16), (7,17), (-2,-2), (-2,-2), (-2,-2)]
Turtle 3 :[(-3,-3), (1,6), (1,5), (1,5), (1,5), (1,4), (0,4), (0,3), (0,2)]
Turtle 4 :[(-4,-4), (3,0), (2,0), (2,0), (2,0), (1,0), (0,0), (-4,-4), (-4,-4)]
Turtle 5 :[(-5,-5), (4,19), (3,19), (2,19), (1,19), (0,19), (-5,-5), (-5,-5), (-5,-5)]

Detection Run 13
#Info# Executed steps before collision: 6, Found collision: false
Turtle 1 :[(-1,-1), (5,5), (6,5), (7,5), (7,6), (7,7), (8,7)]
Turtle 2 :[(-2,-2), (1,3), (2,3), (2,2), (3,2), (-2,-2), (-2,-2)]
Turtle 3 :[(-3,-3), (13,2), (13,1), (13,0), (14,0), (13,0), (12,0)]
Turtle 4 :[(-4,-4), (18,2), (18,1), (-4,-4), (-4,-4), (-4,-4), (-4,-4)]
Turtle 5 :[(-5,-5), (9,7), (9,8), (9,9), (8,9), (-5,-5), (-5,-5)]

Detection Run 14
#Info# Executed steps before collision: 10, Found collision: false
Turtle 1 :[(-1,-1), (0,13), (0,12), (0,11), (0,12), (0,13), (0,12), (1,12), (1,11), (1,10), (2,10)]
Turtle 2 :[(-2,-2), (8,17), (8,16), (7,16), (7,15), (-2,-2), (-2,-2), (-2,-2), (-2,-2), (-2,-2), (-2,-2)]
Turtle 3 :[(-3,-3), (12,17), (12,17), (11,17), (11,16), (11,15), (-3,-3), (-3,-3), (-3,-3), (-3,-3), (-3,-3)]
Turtle 4 :[(-4,-4), (1,13), (1,12), (1,11), (1,12), (1,11), (1,10), (0,10), (0,9), (-4,-4), (-4,-4)]
Turtle 5 :[(-5,-5), (18,10), (17,10), (17,11), (17,12), (16,12), (-5,-5), (-5,-5), (-5,-5), (-5,-5), (-5,-5)]

Fault Detection Run 15
#Info# Executed steps before collision: 7, Found collision: true
Turtle 1 :[(-1,-1), (17,3), (16,3), (16,2), (16,1), (15,1), (15,1), (14,1)]
Turtle 2 :[(-2,-2), (14,10), (14,11), (13,11), (12,11), (12,12), (12,13), (-2,-2)]
Turtle 3 :[(-3,-3), (1,15), (2,15), (3,15), (3,16), (4,16), (5,16), (-3,-3)]
Turtle 4 :[(-4,-4), (4,3), (4,4), (5,4), (5,5), (5,6), (5,7), (-4,-4)]
Turtle 5 :[(-5,-5), (18,0), (17,0), (16,0), (15,0), (15,0), (14,0), (14,1)]

