Detection Run 1
#Info# Executed steps before collision: 6, Found collision: false
Turtle 1 :[(-1,-1), (2,4), (1,4), (0,4), (0,3), (-1,-1), (-1,-1)]
Turtle 2 :[(-2,-2), (4,2), (4,3), (4,2), (5,2), (-2,-2), (-2,-2)]
Turtle 3 :[(-3,-3), (4,3), (5,3), (6,3), (6,2), (6,1), (7,1)]
Turtle 4 :[(-4,-4), (3,5), (2,5), (2,6), (1,6), (0,6), (-4,-4)]
Turtle 5 :[(-5,-5), (13,7), (13,8), (13,9), (13,10), (-5,-5), (-5,-5)]

Fault Detection Run 2
#Info# Executed steps before collision: 5, Found collision: true
Turtle 1 :[(-1,-1), (3,9), (3,10), (4,10), (4,9), (4,8), (-1,-1), (-1,-1), (-1,-1), (-1,-1)]
Turtle 2 :[(-2,-2), (3,8), (2,8), (3,8), (4,8), (4,8), (4,9), (4,10), (5,10), (6,10)]
Turtle 3 :[(-3,-3), (3,1), (3,2), (2,2), (1,2), (-3,-3), (-3,-3), (-3,-3), (-3,-3), (-3,-3)]
Turtle 4 :[(-4,-4), (8,10), (7,10), (8,10), (8,11), (-4,-4), (-4,-4), (-4,-4), (-4,-4), (-4,-4)]
Turtle 5 :[(-5,-5), (14,2), (14,2), (14,1), (-5,-5), (-5,-5), (-5,-5), (-5,-5), (-5,-5), (-5,-5)]

