Shrinking Run 1
#Info# Executed steps before collision: 2, Found collision: true
Turtle 1 :[(-1,-1), (1,12), (1,13), (0,13), (0,14), (0,15), (0,15), (0,16)]
Turtle 2 :[(-2,-2), (0,5), (1,5), (2,5), (2,6), (3,6), (4,6), (-2,-2)]
Turtle 3 :[(-3,-3), (4,6), (3,6), (3,7), (2,7), (1,7), (0,7), (-3,-3)]
Turtle 4 :[(-4,-4), (6,7), (6,8), (6,9), (5,9), (4,9), (3,9), (-4,-4)]
Turtle 5 :[(-5,-5), (1,14), (1,13), (1,12), (0,12), (0,11), (-5,-5), (-5,-5)]

Shrinking Run 2
#Info# Executed steps before collision: 7, Found collision: false
Turtle 1 :[(-1,-1), (1,12), (1,11), (0,11), (0,10), (0,9), (0,9), (0,8)]
Turtle 2 :[(-2,-2), (0,5), (1,5), (2,5), (2,6), (3,6), (4,6), (-2,-2)]
Turtle 3 :[(-3,-3), (4,6), (3,6), (3,7), (2,7), (1,7), (0,7), (-3,-3)]
Turtle 4 :[(-4,-4), (6,7), (6,8), (6,9), (5,9), (4,9), (3,9), (-4,-4)]
Turtle 5 :[(-5,-5), (1,14), (1,13), (1,12), (1,11), (0,11), (-5,-5), (-5,-5)]

Shrinking Run 3
#Info# Executed steps before collision: 6, Found collision: false
Turtle 1 :[(-1,-1), (1,12), (0,12), (0,11), (0,10), (0,10), (0,9)]
Turtle 2 :[(-2,-2), (0,5), (1,5), (2,5), (2,6), (3,6), (4,6)]
Turtle 3 :[(-3,-3), (4,6), (3,6), (3,7), (2,7), (1,7), (0,7)]
Turtle 4 :[(-4,-4), (6,7), (6,8), (6,9), (5,9), (4,9), (3,9)]
Turtle 5 :[(-5,-5), (1,14), (1,13), (1,12), (1,11), (0,11), (-5,-5)]

Shrinking Run 4
#Info# Executed steps before collision: 7, Found collision: false
Turtle 1 :[(-1,-1), (1,12), (1,12), (2,12), (2,12), (1,12), (0,12), (0,13)]
Turtle 2 :[(-2,-2), (0,5), (1,5), (2,5), (2,6), (3,6), (4,6), (-2,-2)]
Turtle 3 :[(-3,-3), (4,6), (3,6), (3,7), (2,7), (1,7), (0,7), (-3,-3)]
Turtle 4 :[(-4,-4), (6,7), (6,8), (6,9), (5,9), (4,9), (3,9), (-4,-4)]
Turtle 5 :[(-5,-5), (1,14), (1,13), (1,12), (1,11), (0,11), (-5,-5), (-5,-5)]

Shrinking Run 5
#Info# Executed steps before collision: 6, Found collision: false
Turtle 1 :[(-1,-1), (1,12), (0,12), (0,13), (0,14), (0,14), (0,15)]
Turtle 2 :[(-2,-2), (0,5), (1,5), (2,5), (2,6), (3,6), (4,6)]
Turtle 3 :[(-3,-3), (4,6), (3,6), (3,7), (2,7), (1,7), (0,7)]
Turtle 4 :[(-4,-4), (6,7), (6,8), (6,9), (5,9), (4,9), (3,9)]
Turtle 5 :[(-5,-5), (1,14), (1,13), (1,12), (1,11), (0,11), (-5,-5)]

Shrinking Run 6
#Info# Executed steps before collision: 2, Found collision: true
Turtle 1 :[(-1,-1), (1,12), (1,13), (1,14), (1,15), (0,15), (0,15), (0,16)]
Turtle 2 :[(-2,-2), (0,5), (1,5), (2,5), (2,6), (3,6), (4,6), (-2,-2)]
Turtle 3 :[(-3,-3), (4,6), (3,6), (3,7), (2,7), (1,7), (0,7), (-3,-3)]
Turtle 4 :[(-4,-4), (6,7), (6,8), (6,9), (5,9), (4,9), (3,9), (-4,-4)]
Turtle 5 :[(-5,-5), (1,14), (1,13), (1,12), (1,11), (0,11), (-5,-5), (-5,-5)]

Shrinking Run 7
#Info# Executed steps before collision: 2, Found collision: true
Turtle 1 :[(-1,-1), (1,12), (1,13), (1,14), (0,14), (0,15), (0,16)]
Turtle 2 :[(-2,-2), (0,5), (1,5), (2,5), (2,6), (3,6), (4,6)]
Turtle 3 :[(-3,-3), (4,6), (3,6), (3,7), (2,7), (1,7), (0,7)]
Turtle 4 :[(-4,-4), (6,7), (6,8), (6,9), (5,9), (4,9), (3,9)]
Turtle 5 :[(-5,-5), (1,14), (1,13), (1,13), (1,12), (1,11), (0,11)]

Shrinking Run 8
#Info# Executed steps before collision: 6, Found collision: false
Turtle 1 :[(-1,-1), (1,12), (0,12), (0,13), (0,14), (0,15), (0,16)]
Turtle 2 :[(-2,-2), (0,5), (1,5), (2,5), (2,6), (3,6), (4,6)]
Turtle 3 :[(-3,-3), (4,6), (3,6), (3,7), (2,7), (1,7), (0,7)]
Turtle 4 :[(-4,-4), (6,7), (6,8), (6,9), (5,9), (4,9), (3,9)]
Turtle 5 :[(-5,-5), (1,14), (1,13), (1,12), (1,11), (0,11), (-5,-5)]

Shrinking Run 9
#Info# Executed steps before collision: 9, Found collision: false
Turtle 1 :[(-1,-1), (1,12), (1,13), (0,13), (0,14), (0,15), (0,16), (-1,-1), (-1,-1), (-1,-1)]
Turtle 2 :[(-2,-2), (0,5), (1,5), (2,5), (2,6), (3,6), (4,6), (-2,-2), (-2,-2), (-2,-2)]
Turtle 3 :[(-3,-3), (4,6), (3,6), (3,7), (2,7), (1,7), (0,7), (-3,-3), (-3,-3), (-3,-3)]
Turtle 4 :[(-4,-4), (6,7), (6,8), (6,9), (5,9), (4,9), (3,9), (-4,-4), (-4,-4), (-4,-4)]
Turtle 5 :[(-5,-5), (1,14), (1,15), (1,14), (1,15), (1,14), (1,13), (1,12), (0,12), (0,11)]

Shrinking Run 10
#Info# Executed steps before collision: 2, Found collision: true
Turtle 1 :[(-1,-1), (1,12), (1,13), (1,14), (0,14), (0,15), (0,16)]
Turtle 2 :[(-2,-2), (0,5), (0,6), (-2,-2), (-2,-2), (-2,-2), (-2,-2)]
Turtle 3 :[(-3,-3), (4,6), (3,6), (3,7), (2,7), (1,7), (0,7)]
Turtle 4 :[(-4,-4), (6,7), (6,8), (6,9), (5,9), (4,9), (3,9)]
Turtle 5 :[(-5,-5), (1,14), (1,13), (1,12), (1,11), (0,11), (-5,-5)]

Shrinking Run 11
#Info# Executed steps before collision: 2, Found collision: true
Turtle 1 :[(-1,-1), (1,12), (1,13), (1,14), (0,14), (0,15), (0,16)]
Turtle 2 :[(-2,-2), (0,5), (0,4), (0,3), (0,2), (0,1), (0,0)]
Turtle 3 :[(-3,-3), (4,6), (3,6), (3,7), (2,7), (1,7), (0,7)]
Turtle 4 :[(-4,-4), (6,7), (6,8), (6,9), (5,9), (4,9), (3,9)]
Turtle 5 :[(-5,-5), (1,14), (1,13), (1,12), (0,12), (0,11), (-5,-5)]

Shrinking Run 12
#Info# Executed steps before collision: 2, Found collision: true
Turtle 1 :[(-1,-1), (1,12), (1,13), (1,14), (0,14), (0,15), (0,16), (-1,-1), (-1,-1), (-1,-1)]
Turtle 2 :[(-2,-2), (0,5), (0,4), (0,3), (0,2), (0,1), (0,0), (-2,-2), (-2,-2), (-2,-2)]
Turtle 3 :[(-3,-3), (4,6), (3,6), (3,5), (2,5), (2,4), (1,4), (-3,-3), (-3,-3), (-3,-3)]
Turtle 4 :[(-4,-4), (6,7), (6,8), (6,9), (5,9), (4,9), (3,9), (-4,-4), (-4,-4), (-4,-4)]
Turtle 5 :[(-5,-5), (1,14), (1,13), (1,14), (1,15), (1,14), (1,13), (1,12), (1,11), (0,11)]

Shrinking Run 13
#Info# Executed steps before collision: 2, Found collision: true
Turtle 1 :[(-1,-1), (1,12), (1,13), (1,14), (0,14), (0,15), (0,16)]
Turtle 2 :[(-2,-2), (0,5), (0,4), (0,3), (0,2), (0,1), (0,0)]
Turtle 3 :[(-3,-3), (4,6), (3,6), (3,5), (2,5), (1,5), (0,5)]
Turtle 4 :[(-4,-4), (6,7), (6,8), (6,9), (5,9), (4,9), (3,9)]
Turtle 5 :[(-5,-5), (1,14), (1,13), (1,12), (1,11), (0,11), (-5,-5)]

Shrinking Run 14
#Info# Executed steps before collision: 2, Found collision: true
Turtle 1 :[(-1,-1), (1,12), (1,13), (1,14), (0,14), (0,15), (0,16)]
Turtle 2 :[(-2,-2), (0,5), (0,4), (0,3), (0,2), (0,1), (0,0)]
Turtle 3 :[(-3,-3), (4,6), (3,6), (2,6), (1,6), (0,6), (0,5)]
Turtle 4 :[(-4,-4), (6,7), (6,8), (6,9), (5,9), (4,9), (3,9)]
Turtle 5 :[(-5,-5), (1,14), (1,13), (0,13), (0,12), (0,11), (-5,-5)]

Shrinking Run 15
#Info# Executed steps before collision: 8, Found collision: false
Turtle 1 :[(-1,-1), (1,12), (1,13), (1,14), (0,14), (0,15), (0,16), (-1,-1), (-1,-1)]
Turtle 2 :[(-2,-2), (0,5), (0,4), (0,3), (0,2), (0,1), (0,0), (-2,-2), (-2,-2)]
Turtle 3 :[(-3,-3), (4,6), (3,6), (2,6), (1,6), (0,6), (0,5), (-3,-3), (-3,-3)]
Turtle 4 :[(-4,-4), (6,7), (6,8), (5,8), (4,8), (3,8), (2,8), (-4,-4), (-4,-4)]
Turtle 5 :[(-5,-5), (1,14), (2,14), (2,14), (2,13), (1,13), (1,12), (1,11), (0,11)]

Shrinking Run 16
#Info# Executed steps before collision: 6, Found collision: false
Turtle 1 :[(-1,-1), (1,12), (1,13), (1,14), (0,14), (0,15), (0,16)]
Turtle 2 :[(-2,-2), (0,5), (0,4), (0,3), (0,2), (0,1), (0,0)]
Turtle 3 :[(-3,-3), (4,6), (3,6), (2,6), (1,6), (0,6), (0,5)]
Turtle 4 :[(-4,-4), (6,7), (6,6), (6,5), (5,5), (5,4), (4,4)]
Turtle 5 :[(-5,-5), (1,14), (0,14), (0,13), (0,12), (0,11), (-5,-5)]

Shrinking Run 17
#Info# Executed steps before collision: 2, Found collision: true
Turtle 1 :[(-1,-1), (1,12), (1,13), (1,14), (0,14), (0,15), (0,16)]
Turtle 2 :[(-2,-2), (0,5), (0,4), (0,3), (0,2), (0,1), (0,0)]
Turtle 3 :[(-3,-3), (4,6), (3,6), (2,6), (1,6), (0,6), (0,5)]
Turtle 4 :[(-4,-4), (6,7), (6,6), (6,5), (5,5), (4,5), (3,5)]
Turtle 5 :[(-5,-5), (1,14), (1,13), (1,12), (1,11), (0,11), (-5,-5)]

Shrinking Run 18
#Info# Executed steps before collision: 2, Found collision: true
Turtle 1 :[(-1,-1), (1,12), (1,13), (1,14), (0,14), (0,15), (0,16)]
Turtle 2 :[(-2,-2), (0,5), (0,4), (0,3), (0,2), (0,1), (0,0)]
Turtle 3 :[(-3,-3), (4,6), (3,6), (2,6), (1,6), (0,6), (0,5)]
Turtle 4 :[(-4,-4), (6,7), (5,7), (5,6), (4,6), (3,6), (3,5)]
Turtle 5 :[(-5,-5), (1,14), (1,13), (1,12), (1,11), (0,11), (-5,-5)]

Shrinking Run 19
#Info# Executed steps before collision: 6, Found collision: false
Turtle 1 :[(-1,-1), (1,12), (1,13), (1,14), (0,14), (0,15), (0,16)]
Turtle 2 :[(-2,-2), (0,5), (0,4), (0,3), (0,2), (0,1), (0,0)]
Turtle 3 :[(-3,-3), (4,6), (3,6), (2,6), (1,6), (0,6), (0,5)]
Turtle 4 :[(-4,-4), (6,7), (5,7), (4,7), (3,7), (2,7), (2,6)]
Turtle 5 :[(-5,-5), (1,14), (0,14), (0,13), (0,12), (0,11), (-5,-5)]

Shrinking Run 20
#Info# Executed steps before collision: 2, Found collision: true
Turtle 1 :[(-1,-1), (1,12), (1,13), (1,14), (0,14), (0,15), (0,16)]
Turtle 2 :[(-2,-2), (0,5), (0,4), (0,3), (0,2), (0,1), (0,0)]
Turtle 3 :[(-3,-3), (4,6), (3,6), (2,6), (1,6), (0,6), (0,5)]
Turtle 4 :[(-4,-4), (6,7), (5,7), (5,6), (4,6), (3,6), (2,6)]
Turtle 5 :[(-5,-5), (1,14), (1,13), (1,12), (1,11), (0,11), (-5,-5)]

Shrinking Run 21
#Info# Executed steps before collision: 13, Found collision: false
Turtle 1 :[(-1,-1), (1,12), (1,13), (1,14), (0,14), (0,15), (0,16), (-1,-1), (-1,-1), (-1,-1), (-1,-1), (-1,-1), (-1,-1), (-1,-1)]
Turtle 2 :[(-2,-2), (0,5), (0,4), (0,3), (0,2), (0,1), (0,0), (-2,-2), (-2,-2), (-2,-2), (-2,-2), (-2,-2), (-2,-2), (-2,-2)]
Turtle 3 :[(-3,-3), (4,6), (3,6), (2,6), (1,6), (0,6), (0,5), (-3,-3), (-3,-3), (-3,-3), (-3,-3), (-3,-3), (-3,-3), (-3,-3)]
Turtle 4 :[(-4,-4), (6,7), (5,7), (4,7), (3,7), (3,6), (2,6), (-4,-4), (-4,-4), (-4,-4), (-4,-4), (-4,-4), (-4,-4), (-4,-4)]
Turtle 5 :[(-5,-5), (1,14), (1,15), (0,15), (0,16), (0,17), (1,17), (1,16), (1,15), (1,14), (1,13), (1,12), (0,12), (0,11)]

Shrinking Run 22
#Info# Executed steps before collision: 2, Found collision: true
Turtle 1 :[(-1,-1), (1,12), (1,13), (1,14), (0,14), (0,15), (0,16), (-1,-1), (-1,-1), (-1,-1)]
Turtle 2 :[(-2,-2), (0,5), (0,4), (0,3), (0,2), (0,1), (0,0), (-2,-2), (-2,-2), (-2,-2)]
Turtle 3 :[(-3,-3), (4,6), (3,6), (2,6), (1,6), (0,6), (0,5), (-3,-3), (-3,-3), (-3,-3)]
Turtle 4 :[(-4,-4), (6,7), (5,7), (5,6), (4,6), (3,6), (2,6), (-4,-4), (-4,-4), (-4,-4)]
Turtle 5 :[(-5,-5), (1,14), (1,13), (1,13), (1,13), (1,12), (1,11), (1,10), (1,10), (0,10)]

Shrinking Run 23
#Info# Executed steps before collision: 10, Found collision: false
Turtle 1 :[(-1,-1), (1,12), (1,13), (1,14), (1,13), (2,13), (1,13), (1,14), (1,15), (1,16), (0,16)]
Turtle 2 :[(-2,-2), (0,5), (0,4), (0,3), (0,2), (0,1), (0,0), (-2,-2), (-2,-2), (-2,-2), (-2,-2)]
Turtle 3 :[(-3,-3), (4,6), (3,6), (2,6), (1,6), (0,6), (0,5), (-3,-3), (-3,-3), (-3,-3), (-3,-3)]
Turtle 4 :[(-4,-4), (6,7), (5,7), (5,6), (4,6), (3,6), (2,6), (-4,-4), (-4,-4), (-4,-4), (-4,-4)]
Turtle 5 :[(-5,-5), (1,14), (0,14), (0,14), (0,13), (0,12), (0,11), (0,11), (0,10), (-5,-5), (-5,-5)]

Shrinking Run 24
#Info# Executed steps before collision: 2, Found collision: true
Turtle 1 :[(-1,-1), (1,12), (1,13), (1,14), (0,14), (0,15), (0,16), (-1,-1), (-1,-1)]
Turtle 2 :[(-2,-2), (0,5), (0,4), (0,3), (0,2), (0,1), (0,0), (-2,-2), (-2,-2)]
Turtle 3 :[(-3,-3), (4,6), (3,6), (2,6), (1,6), (0,6), (0,5), (-3,-3), (-3,-3)]
Turtle 4 :[(-4,-4), (6,7), (5,7), (5,6), (4,6), (3,6), (2,6), (-4,-4), (-4,-4)]
Turtle 5 :[(-5,-5), (1,14), (1,13), (1,14), (1,13), (1,12), (1,11), (1,10), (0,10)]

Shrinking Run 25
#Info# Executed steps before collision: 2, Found collision: true
Turtle 1 :[(-1,-1), (1,12), (1,13), (1,14), (0,14), (0,15), (0,16), (-1,-1), (-1,-1)]
Turtle 2 :[(-2,-2), (0,5), (0,4), (0,3), (0,2), (0,1), (0,0), (-2,-2), (-2,-2)]
Turtle 3 :[(-3,-3), (4,6), (3,6), (2,6), (1,6), (0,6), (0,5), (-3,-3), (-3,-3)]
Turtle 4 :[(-4,-4), (6,7), (5,7), (5,6), (4,6), (3,6), (2,6), (-4,-4), (-4,-4)]
Turtle 5 :[(-5,-5), (1,14), (1,13), (1,14), (1,13), (0,13), (0,12), (0,11), (0,10)]

Shrinking Run 26
#Info# Executed steps before collision: 2, Found collision: true
Turtle 1 :[(-1,-1), (1,12), (1,13), (1,14), (0,14), (0,15), (0,16)]
Turtle 2 :[(-2,-2), (0,5), (0,4), (0,3), (0,2), (0,1), (0,0)]
Turtle 3 :[(-3,-3), (4,6), (3,6), (2,6), (1,6), (0,6), (0,5)]
Turtle 4 :[(-4,-4), (6,7), (5,7), (5,6), (4,6), (3,6), (2,6)]
Turtle 5 :[(-5,-5), (1,14), (1,13), (0,13), (0,12), (0,11), (0,10)]

Shrinking Run 27
#Info# Executed steps before collision: 7, Found collision: false
Turtle 1 :[(-1,-1), (1,12), (1,11), (0,11), (0,10), (0,9), (0,9), (0,8)]
Turtle 2 :[(-2,-2), (0,5), (0,4), (0,3), (0,2), (0,1), (0,0), (-2,-2)]
Turtle 3 :[(-3,-3), (4,6), (3,6), (2,6), (1,6), (0,6), (0,5), (-3,-3)]
Turtle 4 :[(-4,-4), (6,7), (5,7), (5,6), (4,6), (3,6), (2,6), (-4,-4)]
Turtle 5 :[(-5,-5), (1,14), (1,13), (0,13), (0,12), (0,11), (0,10), (-5,-5)]

Shrinking Run 28
#Info# Executed steps before collision: 7, Found collision: false
Turtle 1 :[(-1,-1), (1,12), (0,12), (0,11), (0,10), (0,10), (0,9), (-1,-1)]
Turtle 2 :[(-2,-2), (0,5), (0,4), (0,3), (0,2), (0,1), (0,0), (-2,-2)]
Turtle 3 :[(-3,-3), (4,6), (3,6), (2,6), (1,6), (0,6), (0,5), (-3,-3)]
Turtle 4 :[(-4,-4), (6,7), (5,7), (5,6), (4,6), (3,6), (2,6), (-4,-4)]
Turtle 5 :[(-5,-5), (1,14), (1,13), (1,13), (0,13), (0,12), (0,11), (0,10)]

Shrinking Run 29
#Info# Executed steps before collision: 6, Found collision: false
Turtle 1 :[(-1,-1), (1,12), (1,12), (1,12), (1,13), (1,13), (0,13)]
Turtle 2 :[(-2,-2), (0,5), (0,4), (0,3), (0,2), (0,1), (0,0)]
Turtle 3 :[(-3,-3), (4,6), (3,6), (2,6), (1,6), (0,6), (0,5)]
Turtle 4 :[(-4,-4), (6,7), (5,7), (5,6), (4,6), (3,6), (2,6)]
Turtle 5 :[(-5,-5), (1,14), (1,13), (0,13), (0,12), (0,11), (0,10)]

Shrinking Run 30
#Info# Executed steps before collision: 8, Found collision: false
Turtle 1 :[(-1,-1), (1,12), (0,12), (0,13), (0,14), (0,14), (0,15), (-1,-1), (-1,-1)]
Turtle 2 :[(-2,-2), (0,5), (0,4), (0,3), (0,2), (0,1), (0,0), (-2,-2), (-2,-2)]
Turtle 3 :[(-3,-3), (4,6), (3,6), (2,6), (1,6), (0,6), (0,5), (-3,-3), (-3,-3)]
Turtle 4 :[(-4,-4), (6,7), (5,7), (5,6), (4,6), (3,6), (2,6), (-4,-4), (-4,-4)]
Turtle 5 :[(-5,-5), (1,14), (1,13), (2,13), (2,12), (2,11), (2,10), (1,10), (0,10)]

Shrinking Run 31
#Info# Executed steps before collision: 3, Found collision: true
Turtle 1 :[(-1,-1), (1,12), (0,12), (0,13), (0,14), (0,15), (0,16)]
Turtle 2 :[(-2,-2), (0,5), (0,4), (0,3), (0,2), (0,1), (0,0)]
Turtle 3 :[(-3,-3), (4,6), (3,6), (2,6), (1,6), (0,6), (0,5)]
Turtle 4 :[(-4,-4), (6,7), (5,7), (5,6), (4,6), (3,6), (2,6)]
Turtle 5 :[(-5,-5), (1,14), (1,13), (0,13), (0,12), (0,11), (0,10)]

Shrinking Run 32
#Info# Executed steps before collision: 3, Found collision: true
Turtle 1 :[(-1,-1), (1,12), (0,12), (0,13), (0,14), (0,15), (0,16)]
Turtle 2 :[(-2,-2), (0,5), (0,4), (0,3), (0,2), (0,1), (0,0)]
Turtle 3 :[(-3,-3), (4,6), (3,6), (2,6), (1,6), (0,6), (0,5)]
Turtle 4 :[(-4,-4), (6,7), (6,8), (5,8), (4,8), (3,8), (2,8)]
Turtle 5 :[(-5,-5), (1,14), (1,13), (0,13), (0,12), (0,11), (0,10)]

Shrinking Run 33
#Info# Executed steps before collision: 3, Found collision: true
Turtle 1 :[(-1,-1), (1,12), (0,12), (0,13), (0,14), (0,15), (0,16)]
Turtle 2 :[(-2,-2), (0,5), (0,4), (0,3), (0,2), (0,1), (0,0)]
Turtle 3 :[(-3,-3), (4,6), (3,6), (2,6), (1,6), (0,6), (0,5)]
Turtle 4 :[(-4,-4), (6,7), (6,6), (6,5), (5,5), (5,4), (4,4)]
Turtle 5 :[(-5,-5), (1,14), (1,13), (0,13), (0,12), (0,11), (0,10)]

Shrinking Run 34
#Info# Executed steps before collision: 3, Found collision: true
Turtle 1 :[(-1,-1), (1,12), (0,12), (0,13), (0,14), (0,15), (0,16)]
Turtle 2 :[(-2,-2), (0,5), (0,4), (0,3), (0,2), (0,1), (0,0)]
Turtle 3 :[(-3,-3), (4,6), (3,6), (2,6), (1,6), (0,6), (0,5)]
Turtle 4 :[(-4,-4), (6,7), (6,6), (6,5), (5,5), (4,5), (4,4)]
Turtle 5 :[(-5,-5), (1,14), (1,13), (0,13), (0,12), (0,11), (0,10)]

Shrinking Run 35
#Info# Executed steps before collision: 10, Found collision: false
Turtle 1 :[(-1,-1), (1,12), (0,12), (0,13), (0,14), (0,15), (0,16), (-1,-1), (-1,-1), (-1,-1), (-1,-1)]
Turtle 2 :[(-2,-2), (0,5), (0,4), (0,3), (0,2), (0,1), (0,0), (-2,-2), (-2,-2), (-2,-2), (-2,-2)]
Turtle 3 :[(-3,-3), (4,6), (3,6), (2,6), (1,6), (0,6), (0,5), (-3,-3), (-3,-3), (-3,-3), (-3,-3)]
Turtle 4 :[(-4,-4), (6,7), (5,7), (5,6), (4,6), (3,6), (3,5), (-4,-4), (-4,-4), (-4,-4), (-4,-4)]
Turtle 5 :[(-5,-5), (1,14), (1,13), (1,14), (2,14), (2,13), (2,12), (1,12), (1,11), (1,10), (0,10)]

Shrinking Run 36
#Info# Executed steps before collision: 3, Found collision: true
Turtle 1 :[(-1,-1), (1,12), (0,12), (0,13), (0,14), (0,15), (0,16)]
Turtle 2 :[(-2,-2), (0,5), (0,4), (0,3), (0,2), (0,1), (0,0)]
Turtle 3 :[(-3,-3), (4,6), (3,6), (2,6), (1,6), (0,6), (0,5)]
Turtle 4 :[(-4,-4), (6,7), (6,6), (5,6), (4,6), (3,6), (3,5)]
Turtle 5 :[(-5,-5), (1,14), (1,13), (0,13), (0,12), (0,11), (0,10)]

Shrinking Run 37
#Info# Executed steps before collision: 8, Found collision: false
Turtle 1 :[(-1,-1), (1,12), (0,12), (0,13), (0,14), (0,15), (0,16), (-1,-1), (-1,-1)]
Turtle 2 :[(-2,-2), (0,5), (0,4), (0,3), (0,2), (0,1), (0,0), (-2,-2), (-2,-2)]
Turtle 3 :[(-3,-3), (4,6), (3,6), (2,6), (1,6), (0,6), (0,5), (-3,-3), (-3,-3)]
Turtle 4 :[(-4,-4), (6,7), (6,6), (5,6), (4,6), (3,6), (2,6), (-4,-4), (-4,-4)]
Turtle 5 :[(-5,-5), (1,14), (1,13), (1,14), (1,13), (1,12), (1,11), (0,11), (0,10)]

Shrinking Run 38
#Info# Executed steps before collision: 6, Found collision: false
Turtle 1 :[(-1,-1), (1,12), (0,12), (0,13), (0,14), (0,15), (0,16)]
Turtle 2 :[(-2,-2), (0,5), (0,4), (0,3), (0,2), (0,1), (0,0)]
Turtle 3 :[(-3,-3), (4,6), (3,6), (2,6), (1,6), (0,6), (0,5)]
Turtle 4 :[(-4,-4), (6,7), (5,7), (4,7), (3,7), (3,6), (3,5)]
Turtle 5 :[(-5,-5), (1,14), (1,13), (1,12), (1,11), (1,10), (0,10)]

Shrinking Run 39
#Info# Executed steps before collision: 3, Found collision: true
Turtle 1 :[(-1,-1), (1,12), (0,12), (0,13), (0,14), (0,15), (0,16)]
Turtle 2 :[(-2,-2), (0,5), (0,4), (0,3), (0,2), (0,1), (0,0)]
Turtle 3 :[(-3,-3), (4,6), (3,6), (2,6), (1,6), (0,6), (0,5)]
Turtle 4 :[(-4,-4), (6,7), (6,6), (5,6), (4,6), (3,6), (3,5)]
Turtle 5 :[(-5,-5), (1,14), (0,14), (0,13), (0,12), (0,11), (0,10)]

Shrinking Run 40
#Info# Executed steps before collision: 3, Found collision: true
Turtle 1 :[(-1,-1), (1,12), (0,12), (0,13), (0,14), (0,15), (0,16)]
Turtle 2 :[(-2,-2), (0,5), (0,4), (0,3), (0,2), (0,1), (0,0)]
Turtle 3 :[(-3,-3), (4,6), (3,6), (2,6), (1,6), (0,6), (0,5)]
Turtle 4 :[(-4,-4), (6,7), (6,6), (5,6), (4,6), (3,6), (3,5)]
Turtle 5 :[(-5,-5), (1,14), (0,14), (0,13), (0,12), (0,11), (0,10)]

Shrinking Run 41
#Info# Executed steps before collision: 7, Found collision: false
Turtle 1 :[(-1,-1), (1,12), (1,11), (0,11), (0,10), (0,9), (0,9), (0,8)]
Turtle 2 :[(-2,-2), (0,5), (0,4), (0,3), (0,2), (0,1), (0,0), (-2,-2)]
Turtle 3 :[(-3,-3), (4,6), (3,6), (2,6), (1,6), (0,6), (0,5), (-3,-3)]
Turtle 4 :[(-4,-4), (6,7), (6,6), (5,6), (4,6), (3,6), (3,5), (-4,-4)]
Turtle 5 :[(-5,-5), (1,14), (0,14), (0,13), (0,12), (0,11), (0,10), (-5,-5)]

Shrinking Run 42
#Info# Executed steps before collision: 8, Found collision: false
Turtle 1 :[(-1,-1), (1,12), (0,12), (0,11), (0,10), (0,10), (0,9), (-1,-1), (-1,-1)]
Turtle 2 :[(-2,-2), (0,5), (0,4), (0,3), (0,2), (0,1), (0,0), (-2,-2), (-2,-2)]
Turtle 3 :[(-3,-3), (4,6), (3,6), (2,6), (1,6), (0,6), (0,5), (-3,-3), (-3,-3)]
Turtle 4 :[(-4,-4), (6,7), (6,6), (5,6), (4,6), (3,6), (3,5), (-4,-4), (-4,-4)]
Turtle 5 :[(-5,-5), (1,14), (0,14), (0,13), (0,12), (0,11), (1,11), (0,11), (0,10)]

Shrinking Run 43
#Info# Executed steps before collision: 6, Found collision: false
Turtle 1 :[(-1,-1), (1,12), (1,12), (1,13), (1,13), (0,13), (-1,-1)]
Turtle 2 :[(-2,-2), (0,5), (0,4), (0,3), (0,2), (0,1), (0,0)]
Turtle 3 :[(-3,-3), (4,6), (3,6), (2,6), (1,6), (0,6), (0,5)]
Turtle 4 :[(-4,-4), (6,7), (6,6), (5,6), (4,6), (3,6), (3,5)]
Turtle 5 :[(-5,-5), (1,14), (0,14), (0,13), (0,12), (0,11), (0,10)]

Shrinking Run 44
#Info# Executed steps before collision: 3, Found collision: true
Turtle 1 :[(-1,-1), (1,12), (0,12), (0,13), (0,14), (0,14), (0,15)]
Turtle 2 :[(-2,-2), (0,5), (0,4), (0,3), (0,2), (0,1), (0,0)]
Turtle 3 :[(-3,-3), (4,6), (3,6), (2,6), (1,6), (0,6), (0,5)]
Turtle 4 :[(-4,-4), (6,7), (6,6), (5,6), (4,6), (3,6), (3,5)]
Turtle 5 :[(-5,-5), (1,14), (0,14), (0,13), (0,12), (0,11), (0,10)]

Shrinking Run 45
#Info# Executed steps before collision: 8, Found collision: false
Turtle 1 :[(-1,-1), (1,12), (0,12), (0,12), (1,12), (1,12), (1,13), (0,13), (0,14)]
Turtle 2 :[(-2,-2), (0,5), (0,4), (0,3), (0,2), (0,1), (0,0), (-2,-2), (-2,-2)]
Turtle 3 :[(-3,-3), (4,6), (3,6), (2,6), (1,6), (0,6), (0,5), (-3,-3), (-3,-3)]
Turtle 4 :[(-4,-4), (6,7), (6,6), (5,6), (4,6), (3,6), (3,5), (-4,-4), (-4,-4)]
Turtle 5 :[(-5,-5), (1,14), (0,14), (0,13), (1,13), (0,13), (0,12), (0,11), (0,10)]

Shrinking Run 46
#Info# Executed steps before collision: 6, Found collision: false
Turtle 1 :[(-1,-1), (1,12), (1,13), (1,14), (0,14), (0,14), (0,15)]
Turtle 2 :[(-2,-2), (0,5), (0,4), (0,3), (0,2), (0,1), (0,0)]
Turtle 3 :[(-3,-3), (4,6), (3,6), (2,6), (1,6), (0,6), (0,5)]
Turtle 4 :[(-4,-4), (6,7), (6,6), (5,6), (4,6), (3,6), (3,5)]
Turtle 5 :[(-5,-5), (1,14), (0,14), (0,13), (0,12), (0,11), (0,10)]

Shrinking Run 47
#Info# Executed steps before collision: 3, Found collision: true
Turtle 1 :[(-1,-1), (1,12), (0,12), (0,13), (0,14), (0,15), (-1,-1)]
Turtle 2 :[(-2,-2), (0,5), (0,4), (0,3), (0,2), (0,1), (0,0)]
Turtle 3 :[(-3,-3), (4,6), (3,6), (2,6), (1,6), (0,6), (0,5)]
Turtle 4 :[(-4,-4), (6,7), (6,6), (5,6), (4,6), (3,6), (3,5)]
Turtle 5 :[(-5,-5), (1,14), (0,14), (0,13), (0,12), (0,11), (0,10)]

Shrinking Run 48
#Info# Executed steps before collision: 3, Found collision: true
Turtle 1 :[(-1,-1), (1,12), (1,13), (0,13), (0,14), (0,15), (-1,-1)]
Turtle 2 :[(-2,-2), (0,5), (0,4), (0,3), (0,2), (0,1), (0,0)]
Turtle 3 :[(-3,-3), (4,6), (3,6), (2,6), (1,6), (0,6), (0,5)]
Turtle 4 :[(-4,-4), (6,7), (6,6), (5,6), (4,6), (3,6), (3,5)]
Turtle 5 :[(-5,-5), (1,14), (0,14), (0,13), (0,12), (0,11), (0,10)]

Shrinking Run 49
#Info# Executed steps before collision: 3, Found collision: true
Turtle 1 :[(-1,-1), (1,12), (1,13), (0,13), (0,14), (0,15), (-1,-1)]
Turtle 2 :[(-2,-2), (0,5), (0,4), (0,3), (0,2), (0,1), (0,0)]
Turtle 3 :[(-3,-3), (4,6), (3,6), (2,6), (1,6), (0,6), (0,5)]
Turtle 4 :[(-4,-4), (6,7), (5,7), (5,6), (4,6), (3,6), (3,5)]
Turtle 5 :[(-5,-5), (1,14), (0,14), (0,13), (0,12), (0,11), (0,10)]

Shrinking Run 50
#Info# Executed steps before collision: 3, Found collision: true
Turtle 1 :[(-1,-1), (1,12), (1,13), (0,13), (0,14), (0,15), (-1,-1)]
Turtle 2 :[(-2,-2), (0,5), (0,4), (0,3), (0,2), (0,1), (0,0)]
Turtle 3 :[(-3,-3), (4,6), (3,6), (2,6), (1,6), (0,6), (0,5)]
Turtle 4 :[(-4,-4), (6,7), (5,7), (4,7), (3,7), (2,7), (2,6)]
Turtle 5 :[(-5,-5), (1,14), (0,14), (0,13), (0,12), (0,11), (0,10)]

Shrinking Run 51
#Info# Executed steps before collision: 3, Found collision: true
Turtle 1 :[(-1,-1), (1,12), (1,13), (0,13), (0,14), (0,15), (-1,-1)]
Turtle 2 :[(-2,-2), (0,5), (0,4), (0,3), (0,2), (0,1), (0,0)]
Turtle 3 :[(-3,-3), (4,6), (3,6), (2,6), (1,6), (0,6), (0,5)]
Turtle 4 :[(-4,-4), (6,7), (5,7), (4,7), (3,7), (2,7), (1,7)]
Turtle 5 :[(-5,-5), (1,14), (0,14), (0,13), (0,12), (0,11), (0,10)]

Shrinking Run 52
#Info# Executed steps before collision: 7, Found collision: false
Turtle 1 :[(-1,-1), (1,12), (1,11), (0,11), (0,10), (0,9), (0,9), (0,8)]
Turtle 2 :[(-2,-2), (0,5), (0,4), (0,3), (0,2), (0,1), (0,0), (-2,-2)]
Turtle 3 :[(-3,-3), (4,6), (3,6), (2,6), (1,6), (0,6), (0,5), (-3,-3)]
Turtle 4 :[(-4,-4), (6,7), (5,7), (4,7), (3,7), (2,7), (1,7), (-4,-4)]
Turtle 5 :[(-5,-5), (1,14), (0,14), (0,13), (0,12), (0,11), (0,10), (-5,-5)]

Shrinking Run 53
#Info# Executed steps before collision: 8, Found collision: false
Turtle 1 :[(-1,-1), (1,12), (0,12), (0,11), (0,10), (0,10), (0,9), (-1,-1), (-1,-1)]
Turtle 2 :[(-2,-2), (0,5), (0,4), (0,3), (0,2), (0,1), (0,0), (-2,-2), (-2,-2)]
Turtle 3 :[(-3,-3), (4,6), (3,6), (2,6), (1,6), (0,6), (0,5), (-3,-3), (-3,-3)]
Turtle 4 :[(-4,-4), (6,7), (5,7), (4,7), (3,7), (2,7), (1,7), (-4,-4), (-4,-4)]
Turtle 5 :[(-5,-5), (1,14), (0,14), (0,13), (0,12), (0,11), (1,11), (0,11), (0,10)]

Shrinking Run 54
#Info# Executed steps before collision: 6, Found collision: false
Turtle 1 :[(-1,-1), (1,12), (1,12), (1,13), (1,13), (0,13), (-1,-1)]
Turtle 2 :[(-2,-2), (0,5), (0,4), (0,3), (0,2), (0,1), (0,0)]
Turtle 3 :[(-3,-3), (4,6), (3,6), (2,6), (1,6), (0,6), (0,5)]
Turtle 4 :[(-4,-4), (6,7), (5,7), (4,7), (3,7), (2,7), (1,7)]
Turtle 5 :[(-5,-5), (1,14), (0,14), (0,13), (0,12), (0,11), (0,10)]

Shrinking Run 55
#Info# Executed steps before collision: 11, Found collision: false
Turtle 1 :[(-1,-1), (1,12), (0,12), (0,12), (0,11), (0,12), (0,12), (0,13), (1,13), (1,14), (0,14), (-1,-1)]
Turtle 2 :[(-2,-2), (0,5), (0,4), (0,3), (0,2), (0,1), (0,0), (-2,-2), (-2,-2), (-2,-2), (-2,-2), (-2,-2)]
Turtle 3 :[(-3,-3), (4,6), (3,6), (2,6), (1,6), (0,6), (0,5), (-3,-3), (-3,-3), (-3,-3), (-3,-3), (-3,-3)]
Turtle 4 :[(-4,-4), (6,7), (5,7), (4,7), (3,7), (2,7), (1,7), (-4,-4), (-4,-4), (-4,-4), (-4,-4), (-4,-4)]
Turtle 5 :[(-5,-5), (1,14), (0,14), (0,13), (0,14), (0,13), (0,14), (0,14), (0,13), (0,12), (0,11), (0,10)]

Shrink Run 56
#Info# Executed steps before collision: 6, Found collision: false
Turtle 1 :[(-1,-1), (1,12), (1,13), (1,14), (0,14), (0,14), (0,15)]
Turtle 2 :[(-2,-2), (0,5), (0,4), (0,3), (0,2), (0,1), (0,0)]
Turtle 3 :[(-3,-3), (4,6), (3,6), (2,6), (1,6), (0,6), (0,5)]
Turtle 4 :[(-4,-4), (6,7), (5,7), (4,7), (3,7), (2,7), (1,7)]
Turtle 5 :[(-5,-5), (1,14), (0,14), (0,13), (0,12), (0,11), (0,10)]

