Shrinking Run 1
#Info# Executed steps before collision: 2, Found collision: true
Turtle 1 :[(-1,-1), (8,6), (8,7), (7,7), (6,7), (5,7), (4,7), (-1,-1), (-1,-1)]
Turtle 2 :[(-2,-2), (15,19), (15,19), (16,19), (17,19), (18,19), (19,19), (-2,-2), (-2,-2)]
Turtle 3 :[(-3,-3), (0,9), (0,8), (0,9), (1,9), (-3,-3), (-3,-3), (-3,-3), (-3,-3)]
Turtle 4 :[(-4,-4), (6,9), (6,10), (6,9), (7,9), (7,10), (8,10), (-4,-4), (-4,-4)]
Turtle 5 :[(-5,-5), (14,19), (15,19), (15,19), (15,18), (16,18), (17,18), (17,19), (18,19)]

Shrinking Run 2
#Info# Executed steps before collision: 2, Found collision: true
Turtle 1 :[(-1,-1), (8,6), (8,5), (7,5), (7,4), (6,4), (5,4), (-1,-1), (-1,-1), (-1,-1)]
Turtle 2 :[(-2,-2), (15,19), (15,19), (14,19), (15,19), (16,19), (17,19), (18,19), (19,19), (-2,-2)]
Turtle 3 :[(-3,-3), (0,9), (0,8), (0,9), (1,9), (-3,-3), (-3,-3), (-3,-3), (-3,-3), (-3,-3)]
Turtle 4 :[(-4,-4), (6,9), (6,10), (6,9), (7,9), (7,10), (8,10), (-4,-4), (-4,-4), (-4,-4)]
Turtle 5 :[(-5,-5), (14,19), (15,19), (16,19), (17,19), (17,19), (16,19), (16,19), (17,19), (18,19)]

Shrinking Run 3
#Info# Executed steps before collision: 2, Found collision: true
Turtle 1 :[(-1,-1), (8,6), (7,6), (6,6), (6,5), (5,5), (4,5), (-1,-1), (-1,-1)]
Turtle 2 :[(-2,-2), (15,19), (15,19), (16,19), (17,19), (18,19), (19,19), (-2,-2), (-2,-2)]
Turtle 3 :[(-3,-3), (0,9), (0,8), (0,9), (1,9), (-3,-3), (-3,-3), (-3,-3), (-3,-3)]
Turtle 4 :[(-4,-4), (6,9), (6,10), (6,9), (7,9), (7,10), (8,10), (-4,-4), (-4,-4)]
Turtle 5 :[(-5,-5), (14,19), (15,19), (15,19), (15,19), (16,19), (17,19), (17,19), (18,19)]

Shrinking Run 4
#Info# Executed steps before collision: 2, Found collision: true
Turtle 1 :[(-1,-1), (8,6), (7,6), (7,5), (6,5), (5,5), (4,5), (-1,-1)]
Turtle 2 :[(-2,-2), (15,19), (15,19), (16,19), (17,19), (18,19), (19,19), (-2,-2)]
Turtle 3 :[(-3,-3), (0,9), (0,8), (0,9), (1,9), (-3,-3), (-3,-3), (-3,-3)]
Turtle 4 :[(-4,-4), (6,9), (6,10), (6,9), (7,9), (7,10), (8,10), (-4,-4)]
Turtle 5 :[(-5,-5), (14,19), (15,19), (16,19), (16,18), (17,18), (18,18), (18,19)]

Shrinking Run 5
#Info# Executed steps before collision: 2, Found collision: true
Turtle 1 :[(-1,-1), (8,6), (7,6), (6,6), (5,6), (4,6), (3,6), (-1,-1)]
Turtle 2 :[(-2,-2), (15,19), (15,19), (16,19), (17,19), (18,19), (19,19), (-2,-2)]
Turtle 3 :[(-3,-3), (0,9), (0,8), (0,9), (1,9), (-3,-3), (-3,-3), (-3,-3)]
Turtle 4 :[(-4,-4), (6,9), (6,10), (6,9), (7,9), (7,10), (8,10), (-4,-4)]
Turtle 5 :[(-5,-5), (14,19), (15,19), (15,18), (16,18), (17,18), (18,18), (18,19)]

Shrinking Run 6
#Info# Executed steps before collision: 2, Found collision: true
Turtle 1 :[(-1,-1), (8,6), (7,6), (6,6), (5,6), (4,6), (3,6)]
Turtle 2 :[(-2,-2), (15,19), (15,19), (14,19), (13,19), (12,19), (11,19)]
Turtle 3 :[(-3,-3), (0,9), (0,8), (0,9), (1,9), (-3,-3), (-3,-3)]
Turtle 4 :[(-4,-4), (6,9), (6,10), (6,9), (7,9), (7,10), (8,10)]
Turtle 5 :[(-5,-5), (14,19), (15,19), (16,19), (17,19), (17,19), (18,19)]

Shrinking Run 7
#Info# Executed steps before collision: 6, Found collision: false
Turtle 1 :[(-1,-1), (8,6), (7,6), (6,6), (5,6), (4,6), (3,6)]
Turtle 2 :[(-2,-2), (15,19), (15,18), (14,18), (14,17), (14,16), (14,15)]
Turtle 3 :[(-3,-3), (0,9), (0,8), (0,9), (1,9), (-3,-3), (-3,-3)]
Turtle 4 :[(-4,-4), (6,9), (6,10), (6,9), (7,9), (7,10), (8,10)]
Turtle 5 :[(-5,-5), (14,19), (15,19), (16,19), (17,19), (17,19), (18,19)]

Shrinking Run 8
#Info# Executed steps before collision: 6, Found collision: false
Turtle 1 :[(-1,-1), (8,6), (7,6), (6,6), (5,6), (4,6), (3,6)]
Turtle 2 :[(-2,-2), (15,19), (15,18), (14,18), (14,17), (14,16), (13,16)]
Turtle 3 :[(-3,-3), (0,9), (0,8), (0,9), (1,9), (-3,-3), (-3,-3)]
Turtle 4 :[(-4,-4), (6,9), (6,10), (6,9), (7,9), (7,10), (8,10)]
Turtle 5 :[(-5,-5), (14,19), (15,19), (16,19), (17,19), (17,19), (18,19)]

Shrinking Run 9
#Info# Executed steps before collision: 6, Found collision: false
Turtle 1 :[(-1,-1), (8,6), (7,6), (6,6), (5,6), (4,6), (3,6)]
Turtle 2 :[(-2,-2), (15,19), (15,18), (14,18), (13,18), (12,18), (11,18)]
Turtle 3 :[(-3,-3), (0,9), (0,8), (0,9), (1,9), (-3,-3), (-3,-3)]
Turtle 4 :[(-4,-4), (6,9), (6,10), (6,9), (7,9), (7,10), (8,10)]
Turtle 5 :[(-5,-5), (14,19), (15,19), (16,19), (17,19), (17,19), (18,19)]

Shrinking Run 10
#Info# Executed steps before collision: 8, Found collision: false
Turtle 1 :[(-1,-1), (8,6), (7,6), (6,6), (5,6), (4,6), (3,6), (-1,-1), (-1,-1)]
Turtle 2 :[(-2,-2), (15,19), (15,18), (14,18), (14,19), (13,19), (12,19), (11,19), (10,19)]
Turtle 3 :[(-3,-3), (0,9), (0,8), (0,9), (1,9), (-3,-3), (-3,-3), (-3,-3), (-3,-3)]
Turtle 4 :[(-4,-4), (6,9), (6,10), (6,9), (7,9), (7,10), (8,10), (-4,-4), (-4,-4)]
Turtle 5 :[(-5,-5), (14,19), (15,19), (16,19), (17,19), (17,19), (18,19), (-5,-5), (-5,-5)]

Shrinking Run 11
#Info# Executed steps before collision: 7, Found collision: false
Turtle 1 :[(-1,-1), (8,6), (7,6), (6,6), (5,6), (4,6), (3,6), (-1,-1)]
Turtle 2 :[(-2,-2), (15,19), (15,18), (14,18), (14,19), (13,19), (12,19), (11,19)]
Turtle 3 :[(-3,-3), (0,9), (0,8), (0,9), (1,9), (-3,-3), (-3,-3), (-3,-3)]
Turtle 4 :[(-4,-4), (6,9), (6,10), (6,9), (7,9), (7,10), (8,10), (-4,-4)]
Turtle 5 :[(-5,-5), (14,19), (15,19), (16,19), (17,19), (17,19), (18,19), (-5,-5)]

Shrinking Run 12
#Info# Executed steps before collision: 2, Found collision: true
Turtle 1 :[(-1,-1), (8,6), (7,6), (6,6), (5,6), (4,6), (3,6)]
Turtle 2 :[(-2,-2), (15,19), (15,19), (14,19), (13,19), (12,19), (11,19)]
Turtle 3 :[(-3,-3), (0,15), (0,16), (0,17), (0,18), (-3,-3), (-3,-3)]
Turtle 4 :[(-4,-4), (6,9), (6,10), (6,9), (7,9), (7,10), (8,10)]
Turtle 5 :[(-5,-5), (14,19), (15,19), (16,19), (17,19), (17,19), (18,19)]

Shrinking Run 13
#Info# Executed steps before collision: 2, Found collision: true
Turtle 1 :[(-1,-1), (8,6), (7,6), (6,6), (5,6), (4,6), (3,6)]
Turtle 2 :[(-2,-2), (15,19), (15,19), (14,19), (13,19), (12,19), (11,19)]
Turtle 3 :[(-3,-3), (0,9), (0,8), (0,7), (0,6), (0,5), (0,4)]
Turtle 4 :[(-4,-4), (6,9), (6,10), (6,9), (7,9), (7,10), (8,10)]
Turtle 5 :[(-5,-5), (14,19), (15,19), (16,19), (17,19), (17,19), (18,19)]

Shrinking Run 14
#Info# Executed steps before collision: 2, Found collision: true
Turtle 1 :[(-1,-1), (8,6), (7,6), (6,6), (5,6), (4,6), (3,6)]
Turtle 2 :[(-2,-2), (15,19), (15,19), (14,19), (13,19), (12,19), (11,19)]
Turtle 3 :[(-3,-3), (0,9), (0,8), (0,7), (0,6), (0,5), (0,4)]
Turtle 4 :[(-4,-4), (6,9), (5,9), (4,9), (3,9), (3,10), (2,10)]
Turtle 5 :[(-5,-5), (14,19), (15,19), (16,19), (17,19), (17,19), (18,19)]

Shrinking Run 15
#Info# Executed steps before collision: 2, Found collision: true
Turtle 1 :[(-1,-1), (8,6), (7,6), (6,6), (5,6), (4,6), (3,6), (-1,-1), (-1,-1)]
Turtle 2 :[(-2,-2), (15,19), (15,19), (15,19), (14,19), (13,19), (12,19), (11,19), (-2,-2)]
Turtle 3 :[(-3,-3), (0,9), (0,8), (0,7), (0,6), (0,5), (0,4), (-3,-3), (-3,-3)]
Turtle 4 :[(-4,-4), (6,9), (6,8), (5,8), (4,8), (4,7), (3,7), (4,7), (4,6)]
Turtle 5 :[(-5,-5), (14,19), (15,19), (16,19), (17,19), (17,19), (18,19), (-5,-5), (-5,-5)]

Shrinking Run 16
#Info# Executed steps before collision: 2, Found collision: true
Turtle 1 :[(-1,-1), (8,6), (7,6), (6,6), (5,6), (4,6), (3,6)]
Turtle 2 :[(-2,-2), (15,19), (15,19), (14,19), (13,19), (12,19), (11,19)]
Turtle 3 :[(-3,-3), (0,9), (0,8), (0,7), (0,6), (0,5), (0,4)]
Turtle 4 :[(-4,-4), (6,9), (6,8), (5,8), (4,8), (3,8), (3,7)]
Turtle 5 :[(-5,-5), (14,19), (15,19), (16,19), (17,19), (17,19), (18,19)]

Shrinking Run 17
#Info# Executed steps before collision: 2, Found collision: true
Turtle 1 :[(-1,-1), (8,6), (7,6), (6,6), (5,6), (4,6), (3,6)]
Turtle 2 :[(-2,-2), (15,19), (15,19), (14,19), (13,19), (12,19), (11,19)]
Turtle 3 :[(-3,-3), (0,9), (0,8), (0,7), (0,6), (0,5), (0,4)]
Turtle 4 :[(-4,-4), (6,9), (5,9), (4,9), (3,9), (2,9), (2,8)]
Turtle 5 :[(-5,-5), (14,19), (15,19), (16,19), (17,19), (17,19), (18,19)]

Shrinking Run 18
#Info# Executed steps before collision: 2, Found collision: true
Turtle 1 :[(-1,-1), (8,6), (7,6), (6,6), (5,6), (4,6), (3,6), (-1,-1), (-1,-1)]
Turtle 2 :[(-2,-2), (15,19), (15,19), (15,18), (14,18), (13,18), (12,18), (12,19), (11,19)]
Turtle 3 :[(-3,-3), (0,9), (0,8), (0,7), (0,6), (0,5), (0,4), (-3,-3), (-3,-3)]
Turtle 4 :[(-4,-4), (6,9), (5,9), (4,9), (3,9), (2,9), (1,9), (-4,-4), (-4,-4)]
Turtle 5 :[(-5,-5), (14,19), (15,19), (16,19), (17,19), (17,19), (18,19), (-5,-5), (-5,-5)]

Shrinking Run 19
#Info# Executed steps before collision: 6, Found collision: false
Turtle 1 :[(-1,-1), (8,6), (7,6), (6,6), (5,6), (4,6), (3,6)]
Turtle 2 :[(-2,-2), (15,19), (15,19), (14,19), (13,19), (12,19), (11,19)]
Turtle 3 :[(-3,-3), (0,9), (0,8), (0,7), (0,6), (0,5), (0,4)]
Turtle 4 :[(-4,-4), (6,9), (5,9), (4,9), (3,9), (2,9), (1,9)]
Turtle 5 :[(-5,-5), (14,19), (13,19), (12,19), (11,19), (11,19), (10,19)]

Shrinking Run 20
#Info# Executed steps before collision: 8, Found collision: false
Turtle 1 :[(-1,-1), (8,6), (7,6), (6,6), (5,6), (4,6), (3,6), (-1,-1), (-1,-1)]
Turtle 2 :[(-2,-2), (15,19), (15,19), (14,19), (15,19), (14,19), (13,19), (12,19), (11,19)]
Turtle 3 :[(-3,-3), (0,9), (0,8), (0,7), (0,6), (0,5), (0,4), (-3,-3), (-3,-3)]
Turtle 4 :[(-4,-4), (6,9), (5,9), (4,9), (3,9), (2,9), (1,9), (-4,-4), (-4,-4)]
Turtle 5 :[(-5,-5), (14,19), (13,19), (13,19), (12,19), (11,19), (-5,-5), (-5,-5), (-5,-5)]

Shrinking Run 21
#Info# Executed steps before collision: 6, Found collision: false
Turtle 1 :[(-1,-1), (8,6), (7,6), (6,6), (5,6), (4,6), (3,6)]
Turtle 2 :[(-2,-2), (15,19), (15,19), (14,19), (13,19), (12,19), (11,19)]
Turtle 3 :[(-3,-3), (0,9), (0,8), (0,7), (0,6), (0,5), (0,4)]
Turtle 4 :[(-4,-4), (6,9), (5,9), (4,9), (3,9), (2,9), (1,9)]
Turtle 5 :[(-5,-5), (14,19), (13,19), (13,18), (14,18), (15,18), (-5,-5)]

Shrinking Run 22
#Info# Executed steps before collision: 2, Found collision: true
Turtle 1 :[(-1,-1), (8,6), (7,6), (6,6), (5,6), (4,6), (3,6)]
Turtle 2 :[(-2,-2), (15,19), (15,19), (14,19), (13,19), (12,19), (11,19)]
Turtle 3 :[(-3,-3), (0,9), (0,8), (0,7), (0,6), (0,5), (0,4)]
Turtle 4 :[(-4,-4), (6,9), (5,9), (4,9), (3,9), (2,9), (1,9)]
Turtle 5 :[(-5,-5), (14,19), (15,19), (15,18), (15,19), (16,19), (17,19)]

Shrinking Run 23
#Info# Executed steps before collision: 3, Found collision: true
Turtle 1 :[(-1,-1), (8,6), (7,6), (6,6), (5,6), (4,6), (3,6), (-1,-1)]
Turtle 2 :[(-2,-2), (15,19), (15,19), (14,19), (13,19), (12,19), (11,19), (-2,-2)]
Turtle 3 :[(-3,-3), (0,9), (0,8), (0,7), (0,6), (0,5), (0,4), (-3,-3)]
Turtle 4 :[(-4,-4), (6,9), (5,9), (4,9), (3,9), (2,9), (1,9), (-4,-4)]
Turtle 5 :[(-5,-5), (14,19), (14,19), (14,19), (15,19), (15,19), (15,18), (16,18)]

Shrinking Run 24
#Info# Executed steps before collision: 6, Found collision: false
Turtle 1 :[(-1,-1), (8,6), (7,6), (6,6), (5,6), (4,6), (3,6)]
Turtle 2 :[(-2,-2), (15,19), (15,19), (14,19), (13,19), (12,19), (11,19)]
Turtle 3 :[(-3,-3), (0,9), (0,8), (0,7), (0,6), (0,5), (0,4)]
Turtle 4 :[(-4,-4), (6,9), (5,9), (4,9), (3,9), (2,9), (1,9)]
Turtle 5 :[(-5,-5), (14,19), (14,18), (15,18), (15,19), (15,18), (16,18)]

Shrinking Run 25
#Info# Executed steps before collision: 2, Found collision: true
Turtle 1 :[(-1,-1), (8,6), (7,6), (6,6), (5,6), (4,6), (3,6)]
Turtle 2 :[(-2,-2), (15,19), (15,19), (14,19), (13,19), (12,19), (11,19)]
Turtle 3 :[(-3,-3), (0,9), (0,8), (0,7), (0,6), (0,5), (0,4)]
Turtle 4 :[(-4,-4), (6,9), (5,9), (4,9), (3,9), (2,9), (1,9)]
Turtle 5 :[(-5,-5), (14,19), (15,19), (14,19), (14,18), (15,18), (16,18)]

Shrinking Run 26
#Info# Executed steps before collision: 8, Found collision: false
Turtle 1 :[(-1,-1), (8,6), (7,6), (6,6), (5,6), (4,6), (3,6), (-1,-1), (-1,-1)]
Turtle 2 :[(-2,-2), (15,19), (15,19), (14,19), (13,19), (14,19), (13,19), (12,19), (11,19)]
Turtle 3 :[(-3,-3), (0,9), (0,8), (0,7), (0,6), (0,5), (0,4), (-3,-3), (-3,-3)]
Turtle 4 :[(-4,-4), (6,9), (5,9), (4,9), (3,9), (2,9), (1,9), (-4,-4), (-4,-4)]
Turtle 5 :[(-5,-5), (14,19), (13,19), (12,19), (12,19), (12,18), (11,18), (-5,-5), (-5,-5)]

Shrinking Run 27
#Info# Executed steps before collision: 6, Found collision: false
Turtle 1 :[(-1,-1), (8,6), (7,6), (6,6), (5,6), (4,6), (3,6)]
Turtle 2 :[(-2,-2), (15,19), (15,19), (14,19), (13,19), (12,19), (11,19)]
Turtle 3 :[(-3,-3), (0,9), (0,8), (0,7), (0,6), (0,5), (0,4)]
Turtle 4 :[(-4,-4), (6,9), (5,9), (4,9), (3,9), (2,9), (1,9)]
Turtle 5 :[(-5,-5), (14,19), (14,18), (15,18), (15,19), (-5,-5), (-5,-5)]

Shrinking Run 28
#Info# Executed steps before collision: 2, Found collision: true
Turtle 1 :[(-1,-1), (8,6), (7,6), (6,6), (5,6), (4,6), (3,6)]
Turtle 2 :[(-2,-2), (15,19), (15,19), (14,19), (13,19), (12,19), (11,19)]
Turtle 3 :[(-3,-3), (0,9), (0,8), (0,7), (0,6), (0,5), (0,4)]
Turtle 4 :[(-4,-4), (6,9), (5,9), (4,9), (3,9), (2,9), (1,9)]
Turtle 5 :[(-5,-5), (14,19), (15,19), (16,19), (-5,-5), (-5,-5), (-5,-5)]

Shrinking Run 29
#Info# Executed steps before collision: 6, Found collision: false
Turtle 1 :[(-1,-1), (8,6), (7,6), (6,6), (5,6), (4,6), (3,6)]
Turtle 2 :[(-2,-2), (15,19), (15,18), (14,18), (14,17), (14,16), (14,15)]
Turtle 3 :[(-3,-3), (0,9), (0,8), (0,7), (0,6), (0,5), (0,4)]
Turtle 4 :[(-4,-4), (6,9), (5,9), (4,9), (3,9), (2,9), (1,9)]
Turtle 5 :[(-5,-5), (14,19), (14,19), (15,19), (16,19), (-5,-5), (-5,-5)]

Shrinking Run 30
#Info# Executed steps before collision: 6, Found collision: false
Turtle 1 :[(-1,-1), (8,6), (7,6), (6,6), (5,6), (4,6), (3,6)]
Turtle 2 :[(-2,-2), (15,19), (15,18), (14,18), (14,17), (14,16), (13,16)]
Turtle 3 :[(-3,-3), (0,9), (0,8), (0,7), (0,6), (0,5), (0,4)]
Turtle 4 :[(-4,-4), (6,9), (5,9), (4,9), (3,9), (2,9), (1,9)]
Turtle 5 :[(-5,-5), (14,19), (15,19), (16,19), (-5,-5), (-5,-5), (-5,-5)]

Shrinking Run 31
#Info# Executed steps before collision: 6, Found collision: false
Turtle 1 :[(-1,-1), (8,6), (7,6), (6,6), (5,6), (4,6), (3,6)]
Turtle 2 :[(-2,-2), (15,19), (15,18), (14,18), (13,18), (12,18), (11,18)]
Turtle 3 :[(-3,-3), (0,9), (0,8), (0,7), (0,6), (0,5), (0,4)]
Turtle 4 :[(-4,-4), (6,9), (5,9), (4,9), (3,9), (2,9), (1,9)]
Turtle 5 :[(-5,-5), (14,19), (15,19), (16,19), (-5,-5), (-5,-5), (-5,-5)]

Shrinking Run 32
#Info# Executed steps before collision: 8, Found collision: false
Turtle 1 :[(-1,-1), (8,6), (7,6), (6,6), (5,6), (4,6), (3,6), (-1,-1), (-1,-1)]
Turtle 2 :[(-2,-2), (15,19), (15,18), (14,18), (13,18), (13,19), (12,19), (11,19), (10,19)]
Turtle 3 :[(-3,-3), (0,9), (0,8), (0,7), (0,6), (0,5), (0,4), (-3,-3), (-3,-3)]
Turtle 4 :[(-4,-4), (6,9), (5,9), (4,9), (3,9), (2,9), (1,9), (-4,-4), (-4,-4)]
Turtle 5 :[(-5,-5), (14,19), (15,19), (16,19), (-5,-5), (-5,-5), (-5,-5), (-5,-5), (-5,-5)]

Shrink Run 33
#Info# Executed steps before collision: 7, Found collision: false
Turtle 1 :[(-1,-1), (8,6), (7,6), (6,6), (5,6), (4,6), (3,6), (-1,-1)]
Turtle 2 :[(-2,-2), (15,19), (15,18), (14,18), (13,18), (13,19), (12,19), (11,19)]
Turtle 3 :[(-3,-3), (0,9), (0,8), (0,7), (0,6), (0,5), (0,4), (-3,-3)]
Turtle 4 :[(-4,-4), (6,9), (5,9), (4,9), (3,9), (2,9), (1,9), (-4,-4)]
Turtle 5 :[(-5,-5), (14,19), (15,19), (16,19), (-5,-5), (-5,-5), (-5,-5), (-5,-5)]

