Detection Run 1
#Info# Executed steps before collision: 6, Found collision: false
Turtle 1 :[(-1,-1), (3,19), (4,19), (5,19), (6,19), (7,19), (7,18)]
Turtle 2 :[(-2,-2), (41,41), (40,41), (39,41), (39,42), (39,43), (39,44)]
Turtle 3 :[(-3,-3), (39,36), (39,35), (39,34), (39,33), (40,33), (41,33)]
Turtle 4 :[(-4,-4), (47,3), (48,3), (48,4), (48,5), (49,5), (49,6)]
Turtle 5 :[(-5,-5), (41,36), (41,35), (40,35), (40,34), (40,35), (39,35)]

Detection Run 2
#Info# Executed steps before collision: 6, Found collision: false
Turtle 1 :[(-1,-1), (25,45), (26,45), (26,44), (27,44), (28,44), (29,44)]
Turtle 2 :[(-2,-2), (9,7), (8,7), (8,8), (7,8), (6,8), (6,9)]
Turtle 3 :[(-3,-3), (47,23), (48,23), (48,24), (48,25), (48,26), (49,26)]
Turtle 4 :[(-4,-4), (48,30), (48,31), (47,31), (46,31), (46,32), (45,32)]
Turtle 5 :[(-5,-5), (48,32), (49,32), (48,32), (48,31), (48,30), (-5,-5)]

Detection Run 3
#Info# Executed steps before collision: 10, Found collision: false
Turtle 1 :[(-1,-1), (4,13), (4,12), (5,12), (6,12), (6,11), (7,11), (-1,-1), (-1,-1), (-1,-1), (-1,-1)]
Turtle 2 :[(-2,-2), (26,24), (26,23), (26,22), (26,21), (26,20), (-2,-2), (-2,-2), (-2,-2), (-2,-2), (-2,-2)]
Turtle 3 :[(-3,-3), (5,18), (6,18), (7,18), (6,18), (7,18), (-3,-3), (-3,-3), (-3,-3), (-3,-3), (-3,-3)]
Turtle 4 :[(-4,-4), (10,31), (11,31), (12,31), (12,32), (12,33), (-4,-4), (-4,-4), (-4,-4), (-4,-4), (-4,-4)]
Turtle 5 :[(-5,-5), (4,10), (4,11), (5,11), (5,10), (6,10), (7,10), (6,10), (6,11), (7,11), (7,12)]

Detection Run 4
#Info# Executed steps before collision: 7, Found collision: false
Turtle 1 :[(-1,-1), (44,20), (43,20), (42,20), (42,19), (42,18), (42,17), (-1,-1)]
Turtle 2 :[(-2,-2), (44,26), (44,27), (45,27), (46,27), (46,28), (47,28), (-2,-2)]
Turtle 3 :[(-3,-3), (8,17), (8,16), (8,15), (7,15), (7,15), (6,15), (5,15)]
Turtle 4 :[(-4,-4), (45,39), (45,38), (45,37), (45,37), (45,36), (44,36), (44,35)]
Turtle 5 :[(-5,-5), (42,26), (42,26), (43,26), (44,26), (45,26), (46,26), (46,27)]

Detection Run 5
#Info# Executed steps before collision: 8, Found collision: false
Turtle 1 :[(-1,-1), (37,24), (38,24), (38,25), (39,25), (40,25), (41,25), (-1,-1), (-1,-1)]
Turtle 2 :[(-2,-2), (12,20), (13,20), (13,19), (13,19), (14,19), (14,19), (15,19), (16,19)]
Turtle 3 :[(-3,-3), (43,37), (44,37), (44,38), (45,38), (46,38), (46,39), (-3,-3), (-3,-3)]
Turtle 4 :[(-4,-4), (2,33), (2,34), (2,34), (3,34), (-4,-4), (-4,-4), (-4,-4), (-4,-4)]
Turtle 5 :[(-5,-5), (7,33), (7,34), (6,34), (5,34), (4,34), (3,34), (-5,-5), (-5,-5)]

Detection Run 6
#Info# Executed steps before collision: 10, Found collision: false
Turtle 1 :[(-1,-1), (17,4), (17,3), (17,2), (-1,-1), (-1,-1), (-1,-1), (-1,-1), (-1,-1), (-1,-1), (-1,-1)]
Turtle 2 :[(-2,-2), (24,42), (25,42), (24,42), (23,42), (22,42), (21,42), (-2,-2), (-2,-2), (-2,-2), (-2,-2)]
Turtle 3 :[(-3,-3), (21,12), (21,12), (21,13), (22,13), (22,13), (22,13), (22,14), (22,14), (22,15), (22,16)]
Turtle 4 :[(-4,-4), (34,2), (33,2), (32,2), (32,2), (31,2), (31,2), (31,1), (31,0), (-4,-4), (-4,-4)]
Turtle 5 :[(-5,-5), (22,41), (22,41), (22,42), (22,43), (22,43), (23,43), (23,44), (23,45), (-5,-5), (-5,-5)]

Detection Run 7
#Info# Executed steps before collision: 7, Found collision: false
Turtle 1 :[(-1,-1), (13,0), (12,0), (12,1), (11,1), (10,1), (9,1), (-1,-1)]
Turtle 2 :[(-2,-2), (28,18), (28,19), (28,20), (29,20), (29,20), (30,20), (31,20)]
Turtle 3 :[(-3,-3), (39,26), (39,26), (39,27), (39,28), (39,28), (39,29), (38,29)]
Turtle 4 :[(-4,-4), (46,41), (47,41), (47,42), (48,42), (48,43), (49,43), (-4,-4)]
Turtle 5 :[(-5,-5), (10,1), (9,1), (10,1), (9,1), (9,0), (10,0), (11,0)]

Detection Run 8
#Info# Executed steps before collision: 9, Found collision: false
Turtle 1 :[(-1,-1), (28,5), (28,6), (28,7), (28,7), (28,7), (28,7), (28,7), (28,8), (28,9)]
Turtle 2 :[(-2,-2), (22,44), (22,43), (22,42), (21,42), (20,42), (20,41), (-2,-2), (-2,-2), (-2,-2)]
Turtle 3 :[(-3,-3), (28,4), (28,4), (28,4), (28,5), (28,6), (28,5), (28,6), (28,7), (-3,-3)]
Turtle 4 :[(-4,-4), (5,34), (5,35), (6,35), (6,36), (6,37), (6,38), (-4,-4), (-4,-4), (-4,-4)]
Turtle 5 :[(-5,-5), (44,48), (44,48), (45,48), (46,48), (46,49), (45,49), (45,49), (-5,-5), (-5,-5)]

Detection Run 9
#Info# Executed steps before collision: 8, Found collision: false
Turtle 1 :[(-1,-1), (14,17), (15,17), (15,17), (15,18), (-1,-1), (-1,-1), (-1,-1), (-1,-1)]
Turtle 2 :[(-2,-2), (26,28), (26,29), (26,30), (25,30), (24,30), (24,31), (-2,-2), (-2,-2)]
Turtle 3 :[(-3,-3), (49,29), (48,29), (48,29), (47,29), (47,29), (46,29), (-3,-3), (-3,-3)]
Turtle 4 :[(-4,-4), (25,32), (25,31), (25,30), (25,29), (25,29), (25,29), (26,29), (27,29)]
Turtle 5 :[(-5,-5), (2,25), (2,25), (2,24), (2,24), (1,24), (1,23), (0,23), (-5,-5)]

Detection Run 10
#Info# Executed steps before collision: 11, Found collision: false
Turtle 1 :[(-1,-1), (23,30), (24,30), (24,30), (24,29), (25,29), (26,29), (26,28), (-1,-1), (-1,-1), (-1,-1), (-1,-1)]
Turtle 2 :[(-2,-2), (41,30), (40,30), (40,30), (40,30), (40,31), (39,31), (39,31), (39,31), (39,31), (38,31), (38,32)]
Turtle 3 :[(-3,-3), (30,8), (30,8), (29,8), (28,8), (28,7), (28,6), (27,6), (-3,-3), (-3,-3), (-3,-3), (-3,-3)]
Turtle 4 :[(-4,-4), (18,38), (18,38), (18,37), (18,36), (19,36), (20,36), (20,35), (-4,-4), (-4,-4), (-4,-4), (-4,-4)]
Turtle 5 :[(-5,-5), (20,37), (19,37), (19,36), (-5,-5), (-5,-5), (-5,-5), (-5,-5), (-5,-5), (-5,-5), (-5,-5), (-5,-5)]

Detection Run 11
#Info# Executed steps before collision: 10, Found collision: false
Turtle 1 :[(-1,-1), (28,2), (27,2), (26,2), (26,1), (25,1), (-1,-1), (-1,-1), (-1,-1), (-1,-1), (-1,-1)]
Turtle 2 :[(-2,-2), (24,3), (24,3), (24,2), (24,2), (23,2), (22,2), (22,2), (22,1), (22,1), (22,0)]
Turtle 3 :[(-3,-3), (46,2), (45,2), (45,2), (44,2), (44,2), (43,2), (43,2), (43,1), (-3,-3), (-3,-3)]
Turtle 4 :[(-4,-4), (21,2), (21,1), (22,1), (22,0), (23,0), (23,0), (23,0), (23,0), (24,0), (-4,-4)]
Turtle 5 :[(-5,-5), (19,40), (19,39), (18,39), (18,38), (17,38), (16,38), (-5,-5), (-5,-5), (-5,-5), (-5,-5)]

Detection Run 12
#Info# Executed steps before collision: 11, Found collision: false
Turtle 1 :[(-1,-1), (35,10), (35,11), (35,11), (35,12), (35,13), (35,14), (36,14), (-1,-1), (-1,-1), (-1,-1), (-1,-1)]
Turtle 2 :[(-2,-2), (15,35), (15,36), (14,36), (14,36), (14,37), (14,38), (14,38), (14,38), (14,39), (-2,-2), (-2,-2)]
Turtle 3 :[(-3,-3), (42,25), (42,25), (41,25), (40,25), (40,24), (40,24), (39,24), (39,24), (39,24), (39,24), (38,24)]
Turtle 4 :[(-4,-4), (49,44), (49,44), (49,44), (49,44), (49,44), (49,45), (49,45), (49,45), (49,46), (-4,-4), (-4,-4)]
Turtle 5 :[(-5,-5), (15,38), (15,37), (15,37), (15,37), (15,36), (14,36), (14,35), (14,35), (14,34), (-5,-5), (-5,-5)]

Detection Run 13
#Info# Executed steps before collision: 11, Found collision: false
Turtle 1 :[(-1,-1), (18,27), (19,27), (19,26), (20,26), (21,26), (21,25), (-1,-1), (-1,-1), (-1,-1), (-1,-1), (-1,-1)]
Turtle 2 :[(-2,-2), (18,49), (17,49), (17,48), (17,47), (17,46), (17,45), (-2,-2), (-2,-2), (-2,-2), (-2,-2), (-2,-2)]
Turtle 3 :[(-3,-3), (15,19), (15,19), (15,19), (15,19), (15,19), (16,19), (16,20), (16,21), (16,22), (16,22), (16,23)]
Turtle 4 :[(-4,-4), (17,45), (16,45), (15,45), (14,45), (13,45), (-4,-4), (-4,-4), (-4,-4), (-4,-4), (-4,-4), (-4,-4)]
Turtle 5 :[(-5,-5), (35,9), (35,9), (35,10), (34,10), (34,11), (34,11), (34,11), (34,11), (34,11), (34,12), (-5,-5)]

Detection Run 14
#Info# Executed steps before collision: 11, Found collision: false
Turtle 1 :[(-1,-1), (33,2), (33,2), (33,1), (34,1), (34,1), (34,1), (35,1), (35,1), (35,0), (35,0), (36,0)]
Turtle 2 :[(-2,-2), (40,21), (39,21), (39,22), (39,22), (39,23), (38,23), (37,23), (-2,-2), (-2,-2), (-2,-2), (-2,-2)]
Turtle 3 :[(-3,-3), (47,3), (47,4), (47,4), (48,4), (48,5), (49,5), (49,6), (-3,-3), (-3,-3), (-3,-3), (-3,-3)]
Turtle 4 :[(-4,-4), (16,5), (15,5), (15,6), (14,6), (14,6), (14,7), (13,7), (-4,-4), (-4,-4), (-4,-4), (-4,-4)]
Turtle 5 :[(-5,-5), (14,5), (14,5), (14,5), (15,5), (16,5), (17,5), (17,5), (18,5), (18,6), (-5,-5), (-5,-5)]

Detection Run 15
#Info# Executed steps before collision: 10, Found collision: false
Turtle 1 :[(-1,-1), (40,29), (40,28), (40,28), (40,28), (39,28), (38,28), (38,27), (38,27), (38,27), (37,27)]
Turtle 2 :[(-2,-2), (6,3), (7,3), (8,3), (8,2), (9,2), (9,1), (-2,-2), (-2,-2), (-2,-2), (-2,-2)]
Turtle 3 :[(-3,-3), (47,6), (47,5), (46,5), (45,5), (45,4), (-3,-3), (-3,-3), (-3,-3), (-3,-3), (-3,-3)]
Turtle 4 :[(-4,-4), (-4,-4), (-4,-4), (47,6), (48,6), (48,6), (48,5), (49,5), (49,4), (49,4), (49,3)]
Turtle 5 :[(-5,-5), (8,6), (8,5), (9,5), (9,4), (-5,-5), (-5,-5), (-5,-5), (-5,-5), (-5,-5), (-5,-5)]

Detection Run 16
#Info# Executed steps before collision: 10, Found collision: false
Turtle 1 :[(-1,-1), (0,9), (0,10), (0,10), (0,10), (1,10), (1,10), (1,10), (1,11), (1,12), (1,13)]
Turtle 2 :[(-2,-2), (41,6), (40,6), (39,6), (39,5), (38,5), (38,5), (38,5), (38,5), (37,5), (-2,-2)]
Turtle 3 :[(-3,-3), (21,0), (22,0), (23,0), (23,0), (23,0), (24,0), (25,0), (-3,-3), (-3,-3), (-3,-3)]
Turtle 4 :[(-4,-4), (1,10), (1,9), (1,8), (1,7), (1,6), (-4,-4), (-4,-4), (-4,-4), (-4,-4), (-4,-4)]
Turtle 5 :[(-5,-5), (8,45), (8,46), (8,46), (8,45), (9,45), (-5,-5), (-5,-5), (-5,-5), (-5,-5), (-5,-5)]

Detection Run 17
#Info# Executed steps before collision: 11, Found collision: false
Turtle 1 :[(-1,-1), (29,20), (30,20), (31,20), (31,21), (32,21), (33,21), (-1,-1), (-1,-1), (-1,-1), (-1,-1), (-1,-1)]
Turtle 2 :[(-2,-2), (29,18), (29,18), (29,18), (29,18), (29,19), (29,20), (29,21), (28,21), (28,21), (28,21), (28,22)]
Turtle 3 :[(-3,-3), (0,47), (0,47), (1,47), (1,47), (1,47), (1,47), (2,47), (2,47), (3,47), (4,47), (-3,-3)]
Turtle 4 :[(-4,-4), (14,37), (15,37), (15,37), (16,37), (16,37), (16,37), (16,37), (16,38), (17,38), (17,39), (-4,-4)]
Turtle 5 :[(-5,-5), (9,38), (9,38), (9,39), (8,39), (8,39), (7,39), (7,39), (6,39), (6,40), (-5,-5), (-5,-5)]

Detection Run 18
#Info# Executed steps before collision: 10, Found collision: false
Turtle 1 :[(-1,-1), (38,39), (38,38), (38,38), (38,37), (38,36), (37,36), (37,35), (-1,-1), (-1,-1), (-1,-1)]
Turtle 2 :[(-2,-2), (40,5), (40,4), (40,4), (40,5), (41,5), (41,4), (-2,-2), (-2,-2), (-2,-2), (-2,-2)]
Turtle 3 :[(-3,-3), (42,37), (43,37), (43,38), (44,38), (45,38), (46,38), (-3,-3), (-3,-3), (-3,-3), (-3,-3)]
Turtle 4 :[(-4,-4), (40,33), (40,33), (40,33), (40,33), (40,33), (40,34), (41,34), (42,34), (43,34), (44,34)]
Turtle 5 :[(-5,-5), (39,35), (40,35), (41,35), (41,34), (41,33), (41,33), (41,32), (-5,-5), (-5,-5), (-5,-5)]

Detection Run 19
#Info# Executed steps before collision: 11, Found collision: false
Turtle 1 :[(-1,-1), (26,38), (26,38), (26,38), (26,37), (26,38), (26,37), (26,36), (26,35), (-1,-1), (-1,-1), (-1,-1)]
Turtle 2 :[(-2,-2), (36,45), (36,45), (37,45), (37,46), (37,47), (37,47), (37,47), (38,47), (38,47), (38,47), (38,48)]
Turtle 3 :[(-3,-3), (38,47), (38,46), (38,45), (39,45), (-3,-3), (-3,-3), (-3,-3), (-3,-3), (-3,-3), (-3,-3), (-3,-3)]
Turtle 4 :[(-4,-4), (31,26), (31,26), (31,27), (31,27), (30,27), (30,27), (30,28), (30,28), (29,28), (-4,-4), (-4,-4)]
Turtle 5 :[(-5,-5), (14,46), (14,47), (15,47), (15,47), (15,47), (15,47), (16,47), (17,47), (17,47), (18,47), (-5,-5)]

Detection Run 20
#Info# Executed steps before collision: 10, Found collision: false
Turtle 1 :[(-1,-1), (12,32), (12,32), (12,32), (13,32), (13,31), (13,30), (-1,-1), (-1,-1), (-1,-1), (-1,-1)]
Turtle 2 :[(-2,-2), (19,30), (20,30), (20,30), (20,30), (20,29), (21,29), (21,29), (22,29), (22,29), (23,29)]
Turtle 3 :[(-3,-3), (31,19), (31,18), (31,17), (31,16), (31,15), (32,15), (-3,-3), (-3,-3), (-3,-3), (-3,-3)]
Turtle 4 :[(-4,-4), (10,33), (10,33), (11,33), (11,32), (11,32), (11,32), (12,32), (12,32), (12,31), (-4,-4)]
Turtle 5 :[(-5,-5), (24,25), (23,25), (22,25), (22,25), (22,25), (22,26), (22,26), (21,26), (21,27), (-5,-5)]

Detection Run 21
#Info# Executed steps before collision: 11, Found collision: false
Turtle 1 :[(-1,-1), (13,34), (13,34), (13,35), (13,35), (13,35), (13,35), (13,36), (12,36), (12,36), (12,37), (-1,-1)]
Turtle 2 :[(-2,-2), (44,17), (43,17), (43,17), (43,16), (43,16), (43,15), (43,14), (43,14), (42,14), (-2,-2), (-2,-2)]
Turtle 3 :[(-3,-3), (36,5), (37,5), (37,6), (37,6), (37,6), (37,6), (38,6), (38,6), (38,7), (38,7), (38,8)]
Turtle 4 :[(-4,-4), (38,6), (37,6), (38,6), (38,5), (38,4), (38,4), (37,4), (-4,-4), (-4,-4), (-4,-4), (-4,-4)]
Turtle 5 :[(-5,-5), (42,31), (42,31), (42,31), (42,30), (42,30), (41,30), (41,29), (41,28), (41,28), (41,28), (41,27)]

Detection Run 22
#Info# Executed steps before collision: 13, Found collision: false
Turtle 1 :[(-1,-1), (4,18), (3,18), (3,18), (2,18), (2,18), (1,18), (0,18), (0,19), (-1,-1), (-1,-1), (-1,-1), (-1,-1), (-1,-1)]
Turtle 2 :[(-2,-2), (11,10), (11,10), (11,11), (11,11), (11,11), (11,12), (11,13), (11,13), (11,14), (11,14), (10,14), (-2,-2), (-2,-2)]
Turtle 3 :[(-3,-3), (-3,-3), (-3,-3), (4,18), (5,18), (5,18), (5,18), (5,19), (5,19), (5,19), (5,19), (6,19), (7,19), (8,19)]
Turtle 4 :[(-4,-4), (45,43), (45,42), (45,41), (45,41), (44,41), (44,41), (44,40), (44,39), (-4,-4), (-4,-4), (-4,-4), (-4,-4), (-4,-4)]
Turtle 5 :[(-5,-5), (47,8), (46,8), (46,9), (46,9), (46,9), (46,9), (46,9), (46,9), (46,10), (46,11), (45,11), (-5,-5), (-5,-5)]

Detection Run 23
#Info# Executed steps before collision: 11, Found collision: false
Turtle 1 :[(-1,-1), (11,49), (10,49), (10,49), (10,49), (9,49), (8,49), (8,49), (8,49), (9,49), (8,49), (7,49)]
Turtle 2 :[(-2,-2), (15,4), (15,3), (16,3), (16,2), (17,2), (17,1), (-2,-2), (-2,-2), (-2,-2), (-2,-2), (-2,-2)]
Turtle 3 :[(-3,-3), (48,1), (48,2), (48,2), (48,2), (48,3), (48,4), (48,4), (47,4), (46,4), (-3,-3), (-3,-3)]
Turtle 4 :[(-4,-4), (3,49), (3,49), (4,49), (4,49), (5,49), (5,49), (6,49), (7,49), (-4,-4), (-4,-4), (-4,-4)]
Turtle 5 :[(-5,-5), (39,26), (40,26), (40,26), (40,26), (40,26), (40,26), (40,27), (40,28), (40,28), (40,29), (40,30)]

Detection Run 24
#Info# Executed steps before collision: 10, Found collision: false
Turtle 1 :[(-1,-1), (11,11), (11,10), (11,9), (12,9), (13,9), (14,9), (-1,-1), (-1,-1), (-1,-1), (-1,-1)]
Turtle 2 :[(-2,-2), (19,20), (19,19), (19,19), (18,19), (18,19), (18,19), (17,19), (-2,-2), (-2,-2), (-2,-2)]
Turtle 3 :[(-3,-3), (18,13), (18,13), (19,13), (20,13), (20,13), (20,14), (21,14), (21,14), (21,15), (-3,-3)]
Turtle 4 :[(-4,-4), (18,16), (18,15), (18,14), (18,14), (18,14), (18,14), (18,14), (18,14), (18,13), (18,12)]
Turtle 5 :[(-5,-5), (46,36), (46,37), (46,38), (46,39), (45,39), (44,39), (-5,-5), (-5,-5), (-5,-5), (-5,-5)]

Detection Run 25
#Info# Executed steps before collision: 11, Found collision: false
Turtle 1 :[(-1,-1), (32,8), (32,8), (33,8), (33,8), (33,8), (33,8), (34,8), (35,8), (36,8), (36,8), (36,7)]
Turtle 2 :[(-2,-2), (28,14), (27,14), (27,14), (27,15), (26,15), (26,15), (25,15), (25,16), (-2,-2), (-2,-2), (-2,-2)]
Turtle 3 :[(-3,-3), (15,17), (15,18), (15,19), (15,19), (15,19), (15,19), (15,19), (15,19), (16,19), (16,20), (17,20)]
Turtle 4 :[(-4,-4), (32,11), (32,10), (32,10), (32,9), (32,8), (-4,-4), (-4,-4), (-4,-4), (-4,-4), (-4,-4), (-4,-4)]
Turtle 5 :[(-5,-5), (38,17), (38,16), (38,15), (39,15), (39,14), (-5,-5), (-5,-5), (-5,-5), (-5,-5), (-5,-5), (-5,-5)]

Detection Run 26
#Info# Executed steps before collision: 13, Found collision: false
Turtle 1 :[(-1,-1), (5,21), (5,21), (5,21), (5,21), (5,22), (5,23), (6,23), (6,23), (6,24), (-1,-1), (-1,-1), (-1,-1), (-1,-1)]
Turtle 2 :[(-2,-2), (31,28), (31,28), (32,28), (32,28), (32,28), (32,28), (32,28), (32,29), (32,28), (32,27), (33,27), (33,26), (33,25)]
Turtle 3 :[(-3,-3), (33,28), (33,27), (32,27), (32,27), (32,27), (32,27), (32,27), (32,27), (31,27), (30,27), (-3,-3), (-3,-3), (-3,-3)]
Turtle 4 :[(-4,-4), (49,23), (49,22), (48,22), (47,22), (47,21), (46,21), (-4,-4), (-4,-4), (-4,-4), (-4,-4), (-4,-4), (-4,-4), (-4,-4)]
Turtle 5 :[(-5,-5), (13,12), (14,12), (14,11), (15,11), (15,10), (15,9), (-5,-5), (-5,-5), (-5,-5), (-5,-5), (-5,-5), (-5,-5), (-5,-5)]

Detection Run 27
#Info# Executed steps before collision: 11, Found collision: false
Turtle 1 :[(-1,-1), (8,28), (7,28), (7,28), (7,28), (7,28), (7,28), (7,29), (6,29), (6,29), (6,30), (6,31)]
Turtle 2 :[(-2,-2), (38,42), (38,41), (39,41), (39,40), (39,39), (39,38), (-2,-2), (-2,-2), (-2,-2), (-2,-2), (-2,-2)]
Turtle 3 :[(-3,-3), (3,35), (2,35), (1,35), (1,34), (0,34), (-3,-3), (-3,-3), (-3,-3), (-3,-3), (-3,-3), (-3,-3)]
Turtle 4 :[(-4,-4), (-4,-4), (-4,-4), (8,28), (9,28), (9,29), (9,30), (9,31), (8,31), (7,31), (6,31), (-4,-4)]
Turtle 5 :[(-5,-5), (43,25), (43,25), (43,25), (42,25), (42,25), (42,25), (42,24), (41,24), (40,24), (40,24), (39,24)]

Detection Run 28
#Info# Executed steps before collision: 11, Found collision: false
Turtle 1 :[(-1,-1), (28,34), (27,34), (27,34), (27,34), (27,33), (26,33), (25,33), (25,33), (25,33), (25,33), (25,32)]
Turtle 2 :[(-2,-2), (0,37), (0,36), (0,35), (0,34), (0,34), (0,34), (0,34), (0,34), (0,33), (0,32), (-2,-2)]
Turtle 3 :[(-3,-3), (2,33), (3,33), (4,33), (5,33), (5,32), (6,32), (-3,-3), (-3,-3), (-3,-3), (-3,-3), (-3,-3)]
Turtle 4 :[(-4,-4), (7,42), (8,42), (9,42), (10,42), (11,42), (11,42), (11,41), (-4,-4), (-4,-4), (-4,-4), (-4,-4)]
Turtle 5 :[(-5,-5), (10,40), (10,40), (10,40), (10,40), (10,40), (10,41), (9,41), (8,41), (8,42), (8,42), (8,43)]

Detection Run 29
#Info# Executed steps before collision: 10, Found collision: false
Turtle 1 :[(-1,-1), (26,34), (26,34), (26,34), (26,34), (26,34), (25,34), (24,34), (24,33), (24,32), (24,31)]
Turtle 2 :[(-2,-2), (41,17), (40,17), (39,17), (39,18), (40,18), (40,18), (40,18), (40,18), (39,18), (-2,-2)]
Turtle 3 :[(-3,-3), (19,39), (18,39), (17,39), (17,39), (17,39), (17,39), (17,38), (-3,-3), (-3,-3), (-3,-3)]
Turtle 4 :[(-4,-4), (24,34), (25,34), (25,33), (26,33), (26,33), (26,33), (26,33), (26,32), (26,31), (-4,-4)]
Turtle 5 :[(-5,-5), (48,32), (48,32), (48,32), (49,32), (49,33), (49,33), (49,33), (49,33), (49,34), (49,35)]

Detection Run 30
#Info# Executed steps before collision: 9, Found collision: false
Turtle 1 :[(-1,-1), (26,11), (26,10), (26,9), (26,8), (27,8), (27,8), (27,7), (-1,-1), (-1,-1)]
Turtle 2 :[(-2,-2), (3,45), (4,45), (5,45), (6,45), (7,45), (7,44), (-2,-2), (-2,-2), (-2,-2)]
Turtle 3 :[(-3,-3), (11,17), (11,17), (10,17), (10,17), (9,17), (8,17), (7,17), (7,17), (7,18)]
Turtle 4 :[(-4,-4), (1,49), (1,49), (1,49), (1,49), (0,49), (0,49), (1,49), (1,49), (0,49)]
Turtle 5 :[(-5,-5), (3,43), (3,44), (3,45), (4,45), (4,44), (4,45), (5,45), (5,46), (-5,-5)]

Detection Run 31
#Info# Executed steps before collision: 10, Found collision: false
Turtle 1 :[(-1,-1), (25,30), (25,30), (25,30), (24,30), (24,31), (24,31), (24,32), (-1,-1), (-1,-1), (-1,-1)]
Turtle 2 :[(-2,-2), (44,8), (44,8), (44,7), (44,7), (43,7), (42,7), (41,7), (41,7), (41,6), (-2,-2)]
Turtle 3 :[(-3,-3), (0,7), (0,7), (0,7), (0,6), (0,6), (0,6), (0,6), (0,5), (0,4), (-3,-3)]
Turtle 4 :[(-4,-4), (23,15), (23,15), (23,14), (23,14), (23,13), (23,12), (23,12), (23,11), (23,10), (-4,-4)]
Turtle 5 :[(-5,-5), (22,16), (22,16), (22,16), (22,16), (22,15), (22,15), (23,15), (22,15), (22,15), (21,15)]

Detection Run 32
#Info# Executed steps before collision: 11, Found collision: false
Turtle 1 :[(-1,-1), (26,24), (26,24), (25,24), (25,24), (25,25), (25,25), (24,25), (24,25), (24,25), (23,25), (22,25)]
Turtle 2 :[(-2,-2), (33,18), (33,17), (33,16), (33,15), (32,15), (31,15), (-2,-2), (-2,-2), (-2,-2), (-2,-2), (-2,-2)]
Turtle 3 :[(-3,-3), (6,5), (6,5), (6,5), (6,5), (6,6), (6,6), (6,6), (5,6), (-3,-3), (-3,-3), (-3,-3)]
Turtle 4 :[(-4,-4), (12,32), (13,32), (13,33), (13,33), (13,33), (14,33), (14,33), (14,33), (14,33), (14,34), (15,34)]
Turtle 5 :[(-5,-5), (30,18), (31,18), (31,18), (31,18), (31,18), (31,18), (32,18), (33,18), (-5,-5), (-5,-5), (-5,-5)]

Detection Run 33
#Info# Executed steps before collision: 6, Found collision: false
Turtle 1 :[(-1,-1), (40,4), (41,4), (41,5), (42,5), (42,6), (42,7)]
Turtle 2 :[(-2,-2), (16,45), (16,44), (15,44), (15,43), (15,42), (-2,-2)]
Turtle 3 :[(-3,-3), (12,45), (13,45), (13,44), (14,44), (15,44), (16,44)]
Turtle 4 :[(-4,-4), (4,12), (4,11), (4,10), (4,9), (4,8), (5,8)]
Turtle 5 :[(-5,-5), (45,11), (44,11), (44,10), (44,9), (-5,-5), (-5,-5)]

Detection Run 34
#Info# Executed steps before collision: 9, Found collision: false
Turtle 1 :[(-1,-1), (40,10), (40,10), (41,10), (42,10), (42,10), (42,9), (43,9), (43,9), (43,8)]
Turtle 2 :[(-2,-2), (32,35), (32,36), (32,35), (32,35), (33,35), (-2,-2), (-2,-2), (-2,-2), (-2,-2)]
Turtle 3 :[(-3,-3), (19,20), (19,21), (18,21), (17,21), (17,22), (-3,-3), (-3,-3), (-3,-3), (-3,-3)]
Turtle 4 :[(-4,-4), (41,8), (42,8), (42,9), (43,9), (44,9), (45,9), (-4,-4), (-4,-4), (-4,-4)]
Turtle 5 :[(-5,-5), (24,20), (25,20), (26,20), (26,20), (26,20), (26,19), (26,18), (26,18), (26,17)]

Detection Run 35
#Info# Executed steps before collision: 11, Found collision: false
Turtle 1 :[(-1,-1), (29,42), (29,42), (29,42), (29,42), (29,42), (29,41), (30,41), (30,41), (31,41), (32,41), (33,41)]
Turtle 2 :[(-2,-2), (17,27), (17,27), (17,27), (17,27), (17,28), (17,29), (17,29), (18,29), (19,29), (20,29), (-2,-2)]
Turtle 3 :[(-3,-3), (14,27), (15,27), (15,28), (16,28), (16,27), (16,28), (17,28), (-3,-3), (-3,-3), (-3,-3), (-3,-3)]
Turtle 4 :[(-4,-4), (41,0), (41,0), (42,0), (43,0), (-4,-4), (-4,-4), (-4,-4), (-4,-4), (-4,-4), (-4,-4), (-4,-4)]
Turtle 5 :[(-5,-5), (49,26), (49,26), (49,27), (49,27), (-5,-5), (-5,-5), (-5,-5), (-5,-5), (-5,-5), (-5,-5), (-5,-5)]

Detection Run 36
#Info# Executed steps before collision: 10, Found collision: false
Turtle 1 :[(-1,-1), (12,6), (12,6), (11,6), (11,6), (11,7), (11,8), (11,8), (10,8), (10,9), (-1,-1)]
Turtle 2 :[(-2,-2), (11,7), (10,7), (9,7), (9,7), (8,7), (8,8), (7,8), (-2,-2), (-2,-2), (-2,-2)]
Turtle 3 :[(-3,-3), (15,24), (15,24), (15,24), (15,23), (15,22), (15,21), (15,21), (15,21), (15,20), (14,20)]
Turtle 4 :[(-4,-4), (45,1), (45,0), (45,1), (46,1), (47,1), (48,1), (-4,-4), (-4,-4), (-4,-4), (-4,-4)]
Turtle 5 :[(-5,-5), (14,12), (14,12), (15,12), (15,12), (15,11), (15,11), (15,12), (15,11), (-5,-5), (-5,-5)]

Detection Run 37
#Info# Executed steps before collision: 10, Found collision: false
Turtle 1 :[(-1,-1), (48,22), (48,23), (48,24), (48,25), (49,25), (49,25), (-1,-1), (-1,-1), (-1,-1), (-1,-1)]
Turtle 2 :[(-2,-2), (33,31), (33,30), (34,30), (34,29), (34,28), (35,28), (-2,-2), (-2,-2), (-2,-2), (-2,-2)]
Turtle 3 :[(-3,-3), (14,30), (14,30), (14,31), (13,31), (12,31), (12,32), (12,33), (-3,-3), (-3,-3), (-3,-3)]
Turtle 4 :[(-4,-4), (33,34), (32,34), (32,34), (32,35), (32,35), (32,36), (31,36), (-4,-4), (-4,-4), (-4,-4)]
Turtle 5 :[(-5,-5), (36,30), (36,29), (36,28), (36,28), (36,28), (36,28), (36,28), (35,28), (34,28), (33,28)]

Fault Detection Run 38
#Info# Executed steps before collision: 2, Found collision: true
Turtle 1 :[(-1,-1), (7,5), (8,5), (8,6), (8,7), (8,8), (9,8), (-1,-1), (-1,-1), (-1,-1), (-1,-1)]
Turtle 2 :[(-2,-2), (17,20), (17,19), (17,18), (17,18), (16,18), (16,18), (16,18), (16,17), (16,16), (-2,-2)]
Turtle 3 :[(-3,-3), (49,25), (49,25), (48,25), (48,25), (47,25), (47,24), (47,24), (46,24), (46,24), (46,23)]
Turtle 4 :[(-4,-4), (16,19), (17,19), (17,20), (16,20), (16,21), (-4,-4), (-4,-4), (-4,-4), (-4,-4), (-4,-4)]
Turtle 5 :[(-5,-5), (9,3), (9,2), (9,2), (8,2), (8,2), (7,2), (6,2), (5,2), (-5,-5), (-5,-5)]

