Shrinking Run 1
#Info# Executed steps before collision: 7, Found collision: false
Turtle 1 :[(-1,-1), (8,11), (7,11), (7,10), (6,10), (6,10), (5,10), (4,10)]
Turtle 2 :[(-2,-2), (18,1), (18,2), (18,3), (17,3), (17,4), (16,4), (-2,-2)]
Turtle 3 :[(-3,-3), (17,9), (17,10), (17,11), (16,11), (16,12), (16,13), (-3,-3)]
Turtle 4 :[(-4,-4), (7,10), (6,10), (5,10), (4,10), (3,10), (-4,-4), (-4,-4)]
Turtle 5 :[(-5,-5), (8,7), (8,8), (8,9), (8,10), (9,10), (10,10), (-5,-5)]

Shrinking Run 2
#Info# Executed steps before collision: 8, Found collision: false
Turtle 1 :[(-1,-1), (8,11), (8,10), (8,9), (7,9), (7,9), (6,9), (5,9), (-1,-1)]
Turtle 2 :[(-2,-2), (18,1), (18,2), (18,3), (17,3), (17,4), (16,4), (-2,-2), (-2,-2)]
Turtle 3 :[(-3,-3), (17,9), (17,10), (17,11), (16,11), (16,12), (16,13), (-3,-3), (-3,-3)]
Turtle 4 :[(-4,-4), (7,10), (6,10), (5,10), (4,10), (3,10), (-4,-4), (-4,-4), (-4,-4)]
Turtle 5 :[(-5,-5), (8,7), (8,8), (7,8), (8,8), (8,9), (9,9), (9,10), (10,10)]

Shrinking Run 3
#Info# Executed steps before collision: 8, Found collision: false
Turtle 1 :[(-1,-1), (8,11), (8,10), (8,9), (8,8), (7,8), (-1,-1), (-1,-1), (-1,-1)]
Turtle 2 :[(-2,-2), (18,1), (18,2), (18,3), (17,3), (17,4), (16,4), (-2,-2), (-2,-2)]
Turtle 3 :[(-3,-3), (17,9), (17,10), (17,11), (16,11), (16,12), (16,13), (-3,-3), (-3,-3)]
Turtle 4 :[(-4,-4), (7,10), (6,10), (5,10), (4,10), (3,10), (-4,-4), (-4,-4), (-4,-4)]
Turtle 5 :[(-5,-5), (8,7), (8,8), (8,7), (9,7), (10,7), (10,8), (10,9), (10,10)]

Shrinking Run 4
#Info# Executed steps before collision: 3, Found collision: true
Turtle 1 :[(-1,-1), (8,11), (8,10), (8,9), (8,8), (8,8), (8,7), (8,6)]
Turtle 2 :[(-2,-2), (18,1), (18,2), (18,3), (17,3), (17,4), (16,4), (-2,-2)]
Turtle 3 :[(-3,-3), (17,9), (17,10), (17,11), (16,11), (16,12), (16,13), (-3,-3)]
Turtle 4 :[(-4,-4), (7,10), (6,10), (5,10), (4,10), (3,10), (-4,-4), (-4,-4)]
Turtle 5 :[(-5,-5), (8,7), (8,8), (8,9), (9,9), (10,9), (10,10), (-5,-5)]

Shrinking Run 5
#Info# Executed steps before collision: 3, Found collision: true
Turtle 1 :[(-1,-1), (8,11), (8,10), (8,9), (8,8), (8,8), (7,8), (6,8)]
Turtle 2 :[(-2,-2), (18,1), (18,2), (18,3), (17,3), (17,4), (16,4), (-2,-2)]
Turtle 3 :[(-3,-3), (17,9), (17,10), (17,11), (16,11), (16,12), (16,13), (-3,-3)]
Turtle 4 :[(-4,-4), (7,10), (6,10), (5,10), (4,10), (3,10), (-4,-4), (-4,-4)]
Turtle 5 :[(-5,-5), (8,7), (8,8), (8,9), (8,10), (9,10), (10,10), (-5,-5)]

Shrinking Run 6
#Info# Executed steps before collision: 7, Found collision: false
Turtle 1 :[(-1,-1), (8,11), (8,10), (8,9), (7,9), (7,9), (6,9), (6,8)]
Turtle 2 :[(-2,-2), (18,1), (18,2), (18,3), (17,3), (17,4), (16,4), (-2,-2)]
Turtle 3 :[(-3,-3), (17,9), (17,10), (17,11), (16,11), (16,12), (16,13), (-3,-3)]
Turtle 4 :[(-4,-4), (7,10), (6,10), (5,10), (4,10), (3,10), (-4,-4), (-4,-4)]
Turtle 5 :[(-5,-5), (8,7), (8,8), (9,8), (9,9), (10,9), (10,10), (-5,-5)]

Shrinking Run 7
#Info# Executed steps before collision: 7, Found collision: false
Turtle 1 :[(-1,-1), (8,11), (8,10), (7,10), (7,9), (7,9), (6,9), (6,8)]
Turtle 2 :[(-2,-2), (18,1), (18,2), (18,3), (17,3), (17,4), (16,4), (-2,-2)]
Turtle 3 :[(-3,-3), (17,9), (17,10), (17,11), (16,11), (16,12), (16,13), (-3,-3)]
Turtle 4 :[(-4,-4), (7,10), (6,10), (5,10), (4,10), (3,10), (-4,-4), (-4,-4)]
Turtle 5 :[(-5,-5), (8,7), (8,8), (8,9), (8,10), (9,10), (10,10), (-5,-5)]

Shrinking Run 8
#Info# Executed steps before collision: 7, Found collision: false
Turtle 1 :[(-1,-1), (8,11), (7,11), (7,10), (7,9), (7,9), (6,9), (6,8)]
Turtle 2 :[(-2,-2), (18,1), (18,2), (18,3), (17,3), (17,4), (16,4), (-2,-2)]
Turtle 3 :[(-3,-3), (17,9), (17,10), (17,11), (16,11), (16,12), (16,13), (-3,-3)]
Turtle 4 :[(-4,-4), (7,10), (6,10), (5,10), (4,10), (3,10), (-4,-4), (-4,-4)]
Turtle 5 :[(-5,-5), (8,7), (8,8), (8,9), (8,10), (9,10), (10,10), (-5,-5)]

Shrinking Run 9
#Info# Executed steps before collision: 4, Found collision: true
Turtle 1 :[(-1,-1), (8,11), (8,10), (8,9), (8,8), (7,8), (6,8), (-1,-1), (-1,-1)]
Turtle 2 :[(-2,-2), (18,1), (18,2), (18,3), (17,3), (17,4), (16,4), (-2,-2), (-2,-2)]
Turtle 3 :[(-3,-3), (17,9), (17,10), (17,11), (16,11), (16,12), (16,13), (-3,-3), (-3,-3)]
Turtle 4 :[(-4,-4), (7,10), (6,10), (5,10), (4,10), (3,10), (-4,-4), (-4,-4), (-4,-4)]
Turtle 5 :[(-5,-5), (8,7), (8,8), (7,8), (8,8), (8,9), (8,10), (9,10), (10,10)]

Shrinking Run 10
#Info# Executed steps before collision: 10, Found collision: false
Turtle 1 :[(-1,-1), (8,11), (8,10), (8,9), (9,9), (9,8), (8,8), (7,8), (6,8), (-1,-1), (-1,-1)]
Turtle 2 :[(-2,-2), (18,1), (18,0), (17,0), (16,0), (15,0), (14,0), (-2,-2), (-2,-2), (-2,-2), (-2,-2)]
Turtle 3 :[(-3,-3), (17,9), (17,10), (17,11), (16,11), (16,12), (16,13), (-3,-3), (-3,-3), (-3,-3), (-3,-3)]
Turtle 4 :[(-4,-4), (7,10), (6,10), (5,10), (4,10), (3,10), (-4,-4), (-4,-4), (-4,-4), (-4,-4), (-4,-4)]
Turtle 5 :[(-5,-5), (8,7), (8,8), (9,8), (9,7), (9,6), (9,7), (9,8), (9,9), (10,9), (10,10)]

Shrinking Run 11
#Info# Executed steps before collision: 3, Found collision: true
Turtle 1 :[(-1,-1), (8,11), (8,10), (8,9), (8,8), (7,8), (6,8)]
Turtle 2 :[(-2,-2), (18,1), (18,2), (17,2), (16,2), (15,2), (14,2)]
Turtle 3 :[(-3,-3), (17,9), (17,10), (17,11), (16,11), (16,12), (16,13)]
Turtle 4 :[(-4,-4), (7,10), (6,10), (5,10), (4,10), (3,10), (-4,-4)]
Turtle 5 :[(-5,-5), (8,7), (8,8), (8,9), (8,10), (9,10), (10,10)]

Shrinking Run 12
#Info# Executed steps before collision: 8, Found collision: false
Turtle 1 :[(-1,-1), (8,11), (8,10), (8,9), (8,8), (7,8), (6,8), (-1,-1), (-1,-1)]
Turtle 2 :[(-2,-2), (18,1), (17,1), (16,1), (15,1), (14,1), (13,1), (-2,-2), (-2,-2)]
Turtle 3 :[(-3,-3), (17,9), (17,10), (17,11), (16,11), (16,12), (16,13), (-3,-3), (-3,-3)]
Turtle 4 :[(-4,-4), (7,10), (6,10), (5,10), (4,10), (3,10), (-4,-4), (-4,-4), (-4,-4)]
Turtle 5 :[(-5,-5), (8,7), (8,8), (8,7), (9,7), (9,8), (10,8), (10,9), (10,10)]

Shrinking Run 13
#Info# Executed steps before collision: 8, Found collision: false
Turtle 1 :[(-1,-1), (8,11), (8,10), (8,9), (8,8), (7,8), (6,8), (-1,-1), (-1,-1)]
Turtle 2 :[(-2,-2), (18,1), (17,1), (16,1), (15,1), (14,1), (14,2), (-2,-2), (-2,-2)]
Turtle 3 :[(-3,-3), (17,9), (17,10), (17,11), (16,11), (16,12), (16,13), (-3,-3), (-3,-3)]
Turtle 4 :[(-4,-4), (7,10), (6,10), (5,10), (4,10), (3,10), (-4,-4), (-4,-4), (-4,-4)]
Turtle 5 :[(-5,-5), (8,7), (8,8), (7,8), (7,9), (8,9), (9,9), (10,9), (10,10)]

Shrinking Run 14
#Info# Executed steps before collision: 8, Found collision: false
Turtle 1 :[(-1,-1), (8,11), (8,10), (8,9), (8,8), (7,8), (6,8), (-1,-1), (-1,-1)]
Turtle 2 :[(-2,-2), (18,1), (17,1), (16,1), (16,2), (15,2), (14,2), (-2,-2), (-2,-2)]
Turtle 3 :[(-3,-3), (17,9), (17,10), (17,11), (16,11), (16,12), (16,13), (-3,-3), (-3,-3)]
Turtle 4 :[(-4,-4), (7,10), (6,10), (5,10), (4,10), (3,10), (-4,-4), (-4,-4), (-4,-4)]
Turtle 5 :[(-5,-5), (8,7), (8,8), (7,8), (7,9), (7,10), (8,10), (9,10), (10,10)]

Shrinking Run 15
#Info# Executed steps before collision: 10, Found collision: false
Turtle 1 :[(-1,-1), (8,11), (8,10), (8,9), (8,8), (7,8), (6,8), (-1,-1), (-1,-1), (-1,-1), (-1,-1)]
Turtle 2 :[(-2,-2), (18,1), (18,2), (17,2), (16,2), (15,2), (14,2), (-2,-2), (-2,-2), (-2,-2), (-2,-2)]
Turtle 3 :[(-3,-3), (17,9), (17,10), (17,11), (16,11), (15,11), (15,12), (-3,-3), (-3,-3), (-3,-3), (-3,-3)]
Turtle 4 :[(-4,-4), (7,10), (6,10), (5,10), (4,10), (3,10), (-4,-4), (-4,-4), (-4,-4), (-4,-4), (-4,-4)]
Turtle 5 :[(-5,-5), (8,7), (8,8), (8,7), (8,6), (8,7), (8,8), (9,8), (10,8), (10,9), (10,10)]

Shrinking Run 16
#Info# Executed steps before collision: 10, Found collision: false
Turtle 1 :[(-1,-1), (8,11), (8,10), (8,9), (8,8), (7,8), (6,8), (-1,-1), (-1,-1), (-1,-1), (-1,-1)]
Turtle 2 :[(-2,-2), (18,1), (18,2), (17,2), (16,2), (15,2), (14,2), (-2,-2), (-2,-2), (-2,-2), (-2,-2)]
Turtle 3 :[(-3,-3), (17,9), (17,8), (17,7), (16,7), (16,6), (16,5), (-3,-3), (-3,-3), (-3,-3), (-3,-3)]
Turtle 4 :[(-4,-4), (7,10), (6,10), (5,10), (4,10), (3,10), (-4,-4), (-4,-4), (-4,-4), (-4,-4), (-4,-4)]
Turtle 5 :[(-5,-5), (8,7), (8,8), (8,7), (8,6), (8,7), (8,8), (8,9), (8,10), (9,10), (10,10)]

Shrinking Run 17
#Info# Executed steps before collision: 10, Found collision: false
Turtle 1 :[(-1,-1), (8,11), (8,10), (8,9), (8,8), (7,8), (6,8), (-1,-1), (-1,-1), (-1,-1), (-1,-1)]
Turtle 2 :[(-2,-2), (18,1), (18,2), (17,2), (16,2), (15,2), (14,2), (-2,-2), (-2,-2), (-2,-2), (-2,-2)]
Turtle 3 :[(-3,-3), (17,9), (17,8), (17,7), (16,7), (15,7), (15,6), (-3,-3), (-3,-3), (-3,-3), (-3,-3)]
Turtle 4 :[(-4,-4), (7,10), (6,10), (5,10), (4,10), (3,10), (-4,-4), (-4,-4), (-4,-4), (-4,-4), (-4,-4)]
Turtle 5 :[(-5,-5), (8,7), (8,8), (7,8), (6,8), (6,9), (7,9), (8,9), (9,9), (10,9), (10,10)]

Shrinking Run 18
#Info# Executed steps before collision: 3, Found collision: true
Turtle 1 :[(-1,-1), (8,11), (8,10), (8,9), (8,8), (7,8), (6,8)]
Turtle 2 :[(-2,-2), (18,1), (18,2), (17,2), (16,2), (15,2), (14,2)]
Turtle 3 :[(-3,-3), (17,9), (16,9), (15,9), (14,9), (14,10), (-3,-3)]
Turtle 4 :[(-4,-4), (7,10), (6,10), (5,10), (4,10), (3,10), (-4,-4)]
Turtle 5 :[(-5,-5), (8,7), (8,8), (8,9), (9,9), (10,9), (10,10)]

Shrinking Run 19
#Info# Executed steps before collision: 8, Found collision: false
Turtle 1 :[(-1,-1), (8,11), (8,10), (8,9), (8,8), (7,8), (6,8), (-1,-1), (-1,-1)]
Turtle 2 :[(-2,-2), (18,1), (18,2), (17,2), (16,2), (15,2), (14,2), (-2,-2), (-2,-2)]
Turtle 3 :[(-3,-3), (17,9), (16,9), (15,9), (14,9), (14,8), (-3,-3), (-3,-3), (-3,-3)]
Turtle 4 :[(-4,-4), (7,10), (6,10), (5,10), (4,10), (3,10), (-4,-4), (-4,-4), (-4,-4)]
Turtle 5 :[(-5,-5), (8,7), (8,8), (7,8), (7,9), (7,10), (8,10), (9,10), (10,10)]

Shrinking Run 20
#Info# Executed steps before collision: 3, Found collision: true
Turtle 1 :[(-1,-1), (8,11), (8,10), (8,9), (8,8), (7,8), (6,8)]
Turtle 2 :[(-2,-2), (18,1), (18,2), (17,2), (16,2), (15,2), (14,2)]
Turtle 3 :[(-3,-3), (17,9), (16,9), (15,9), (14,9), (-3,-3), (-3,-3)]
Turtle 4 :[(-4,-4), (7,10), (6,10), (5,10), (4,10), (3,10), (-4,-4)]
Turtle 5 :[(-5,-5), (8,7), (8,8), (8,9), (9,9), (10,9), (10,10)]

Shrinking Run 21
#Info# Executed steps before collision: 3, Found collision: true
Turtle 1 :[(-1,-1), (8,11), (8,10), (8,9), (8,8), (7,8), (6,8)]
Turtle 2 :[(-2,-2), (18,1), (18,2), (17,2), (16,2), (15,2), (14,2)]
Turtle 3 :[(-3,-3), (17,9), (16,9), (15,9), (14,9), (13,9), (12,9)]
Turtle 4 :[(-4,-4), (7,10), (6,10), (5,10), (4,10), (3,10), (-4,-4)]
Turtle 5 :[(-5,-5), (8,7), (8,8), (8,9), (8,10), (9,10), (10,10)]

Shrinking Run 22
#Info# Executed steps before collision: 6, Found collision: true
Turtle 1 :[(-1,-1), (8,11), (8,10), (8,9), (8,8), (7,8), (6,8), (-1,-1), (-1,-1), (-1,-1), (-1,-1), (-1,-1), (-1,-1)]
Turtle 2 :[(-2,-2), (18,1), (18,2), (17,2), (16,2), (15,2), (14,2), (-2,-2), (-2,-2), (-2,-2), (-2,-2), (-2,-2), (-2,-2)]
Turtle 3 :[(-3,-3), (17,9), (16,9), (16,8), (15,8), (14,8), (14,7), (-3,-3), (-3,-3), (-3,-3), (-3,-3), (-3,-3), (-3,-3)]
Turtle 4 :[(-4,-4), (7,10), (6,10), (5,10), (4,10), (3,10), (-4,-4), (-4,-4), (-4,-4), (-4,-4), (-4,-4), (-4,-4), (-4,-4)]
Turtle 5 :[(-5,-5), (8,7), (8,8), (7,8), (6,8), (6,8), (6,8), (7,8), (7,9), (7,10), (8,10), (9,10), (10,10)]

Shrinking Run 23
#Info# Executed steps before collision: 3, Found collision: true
Turtle 1 :[(-1,-1), (8,11), (8,10), (8,9), (8,8), (7,8), (6,8)]
Turtle 2 :[(-2,-2), (18,1), (18,2), (17,2), (16,2), (15,2), (14,2)]
Turtle 3 :[(-3,-3), (17,9), (17,8), (16,8), (15,8), (14,8), (14,7)]
Turtle 4 :[(-4,-4), (7,10), (6,10), (5,10), (4,10), (3,10), (-4,-4)]
Turtle 5 :[(-5,-5), (8,7), (8,8), (8,9), (9,9), (9,10), (10,10)]

Shrinking Run 24
#Info# Executed steps before collision: 6, Found collision: false
Turtle 1 :[(-1,-1), (8,11), (8,10), (8,9), (8,8), (7,8), (6,8)]
Turtle 2 :[(-2,-2), (18,1), (18,2), (17,2), (16,2), (15,2), (14,2)]
Turtle 3 :[(-3,-3), (17,9), (16,9), (15,9), (14,9), (13,9), (13,8)]
Turtle 4 :[(-4,-4), (7,10), (6,10), (5,10), (4,10), (3,10), (-4,-4)]
Turtle 5 :[(-5,-5), (8,7), (8,8), (9,8), (9,9), (10,9), (10,10)]

Shrinking Run 25
#Info# Executed steps before collision: 8, Found collision: false
Turtle 1 :[(-1,-1), (8,11), (8,10), (8,9), (9,9), (8,9), (7,9), (6,9), (6,8)]
Turtle 2 :[(-2,-2), (18,1), (18,2), (17,2), (16,2), (15,2), (14,2), (-2,-2), (-2,-2)]
Turtle 3 :[(-3,-3), (17,9), (17,8), (16,8), (15,8), (14,8), (13,8), (-3,-3), (-3,-3)]
Turtle 4 :[(-4,-4), (7,10), (6,10), (5,10), (4,10), (3,10), (-4,-4), (-4,-4), (-4,-4)]
Turtle 5 :[(-5,-5), (8,7), (8,8), (7,8), (8,8), (9,8), (9,9), (9,10), (10,10)]

Shrinking Run 26
#Info# Executed steps before collision: 11, Found collision: false
Turtle 1 :[(-1,-1), (8,11), (8,10), (8,9), (8,8), (7,8), (6,8), (-1,-1), (-1,-1), (-1,-1), (-1,-1), (-1,-1)]
Turtle 2 :[(-2,-2), (18,1), (18,2), (17,2), (16,2), (15,2), (14,2), (-2,-2), (-2,-2), (-2,-2), (-2,-2), (-2,-2)]
Turtle 3 :[(-3,-3), (17,9), (16,9), (15,9), (14,9), (14,8), (14,7), (-3,-3), (-3,-3), (-3,-3), (-3,-3), (-3,-3)]
Turtle 4 :[(-4,-4), (7,10), (6,10), (5,10), (4,10), (3,10), (-4,-4), (-4,-4), (-4,-4), (-4,-4), (-4,-4), (-4,-4)]
Turtle 5 :[(-5,-5), (8,7), (8,8), (8,8), (8,7), (7,7), (8,7), (8,8), (9,8), (9,9), (10,9), (10,10)]

Shrinking Run 27
#Info# Executed steps before collision: 3, Found collision: true
Turtle 1 :[(-1,-1), (8,11), (8,10), (8,9), (8,10), (8,9), (7,9), (6,9), (6,8)]
Turtle 2 :[(-2,-2), (18,1), (18,2), (17,2), (16,2), (15,2), (14,2), (-2,-2), (-2,-2)]
Turtle 3 :[(-3,-3), (17,9), (17,8), (16,8), (15,8), (14,8), (14,7), (-3,-3), (-3,-3)]
Turtle 4 :[(-4,-4), (0,9), (0,8), (0,7), (0,7), (0,6), (0,5), (0,4), (-4,-4)]
Turtle 5 :[(-5,-5), (8,7), (8,8), (8,9), (9,9), (10,9), (10,10), (-5,-5), (-5,-5)]

Shrinking Run 28
#Info# Executed steps before collision: 10, Found collision: false
Turtle 1 :[(-1,-1), (8,11), (8,10), (8,9), (8,8), (7,8), (6,8), (-1,-1), (-1,-1), (-1,-1), (-1,-1)]
Turtle 2 :[(-2,-2), (18,1), (18,2), (17,2), (16,2), (15,2), (14,2), (-2,-2), (-2,-2), (-2,-2), (-2,-2)]
Turtle 3 :[(-3,-3), (17,9), (17,8), (16,8), (15,8), (14,8), (14,7), (-3,-3), (-3,-3), (-3,-3), (-3,-3)]
Turtle 4 :[(-4,-4), (0,9), (0,8), (0,7), (0,6), (0,5), (0,4), (-4,-4), (-4,-4), (-4,-4), (-4,-4)]
Turtle 5 :[(-5,-5), (8,7), (8,8), (8,7), (8,6), (9,6), (9,7), (9,8), (10,8), (10,9), (10,10)]

Shrinking Run 29
#Info# Executed steps before collision: 8, Found collision: false
Turtle 1 :[(-1,-1), (8,11), (8,10), (8,9), (8,8), (7,8), (6,8), (-1,-1), (-1,-1)]
Turtle 2 :[(-2,-2), (18,1), (18,2), (17,2), (16,2), (15,2), (14,2), (-2,-2), (-2,-2)]
Turtle 3 :[(-3,-3), (17,9), (17,8), (16,8), (15,8), (14,8), (14,7), (-3,-3), (-3,-3)]
Turtle 4 :[(-4,-4), (0,9), (0,8), (0,7), (0,6), (0,5), (0,5), (0,4), (-4,-4)]
Turtle 5 :[(-5,-5), (8,7), (8,8), (7,8), (7,9), (8,9), (9,9), (10,9), (10,10)]

Shrinking Run 30
#Info# Executed steps before collision: 7, Found collision: false
Turtle 1 :[(-1,-1), (8,11), (8,10), (8,9), (8,8), (7,8), (6,8), (-1,-1)]
Turtle 2 :[(-2,-2), (18,1), (18,2), (17,2), (16,2), (15,2), (14,2), (-2,-2)]
Turtle 3 :[(-3,-3), (17,9), (17,8), (16,8), (15,8), (14,8), (14,7), (-3,-3)]
Turtle 4 :[(-4,-4), (0,9), (0,8), (0,7), (0,7), (0,6), (0,5), (0,4)]
Turtle 5 :[(-5,-5), (8,7), (7,7), (7,8), (7,9), (6,9), (5,9), (-5,-5)]

Shrinking Run 31
#Info# Executed steps before collision: 7, Found collision: false
Turtle 1 :[(-1,-1), (8,11), (8,10), (8,9), (8,8), (7,8), (6,8), (-1,-1)]
Turtle 2 :[(-2,-2), (18,1), (18,2), (17,2), (16,2), (15,2), (14,2), (-2,-2)]
Turtle 3 :[(-3,-3), (17,9), (17,8), (16,8), (15,8), (14,8), (14,7), (-3,-3)]
Turtle 4 :[(-4,-4), (0,9), (0,8), (0,7), (0,7), (0,6), (0,5), (0,4)]
Turtle 5 :[(-5,-5), (8,7), (7,7), (7,8), (7,9), (6,9), (6,10), (-5,-5)]

Shrinking Run 32
#Info# Executed steps before collision: 9, Found collision: false
Turtle 1 :[(-1,-1), (8,11), (8,10), (8,9), (9,9), (9,8), (8,8), (7,8), (6,8), (-1,-1)]
Turtle 2 :[(-2,-2), (18,1), (18,2), (17,2), (16,2), (15,2), (14,2), (-2,-2), (-2,-2), (-2,-2)]
Turtle 3 :[(-3,-3), (17,9), (17,8), (16,8), (15,8), (14,8), (14,7), (-3,-3), (-3,-3), (-3,-3)]
Turtle 4 :[(-4,-4), (0,9), (0,8), (0,7), (0,7), (0,6), (0,5), (0,4), (-4,-4), (-4,-4)]
Turtle 5 :[(-5,-5), (8,7), (8,8), (8,7), (9,7), (9,6), (9,7), (9,8), (9,9), (9,10)]

Shrinking Run 33
#Info# Executed steps before collision: 7, Found collision: false
Turtle 1 :[(-1,-1), (8,11), (8,10), (8,9), (8,8), (7,8), (6,8), (-1,-1)]
Turtle 2 :[(-2,-2), (18,1), (18,2), (17,2), (16,2), (15,2), (14,2), (-2,-2)]
Turtle 3 :[(-3,-3), (17,9), (17,8), (16,8), (15,8), (14,8), (14,7), (-3,-3)]
Turtle 4 :[(-4,-4), (0,9), (0,8), (0,7), (0,7), (0,6), (0,5), (0,4)]
Turtle 5 :[(-5,-5), (8,7), (8,8), (9,8), (9,9), (9,10), (10,10), (-5,-5)]

Shrinking Run 34
#Info# Executed steps before collision: 10, Found collision: false
Turtle 1 :[(-1,-1), (8,11), (8,10), (8,9), (8,8), (7,8), (6,8), (-1,-1), (-1,-1), (-1,-1), (-1,-1)]
Turtle 2 :[(-2,-2), (18,1), (18,2), (17,2), (16,2), (15,2), (14,2), (-2,-2), (-2,-2), (-2,-2), (-2,-2)]
Turtle 3 :[(-3,-3), (17,9), (17,8), (16,8), (15,8), (14,8), (14,7), (-3,-3), (-3,-3), (-3,-3), (-3,-3)]
Turtle 4 :[(-4,-4), (0,9), (0,8), (0,7), (0,7), (0,6), (0,5), (0,4), (-4,-4), (-4,-4), (-4,-4)]
Turtle 5 :[(-5,-5), (8,7), (8,8), (8,7), (8,6), (8,7), (9,7), (9,8), (9,9), (9,10), (10,10)]

Shrinking Run 35
#Info# Executed steps before collision: 8, Found collision: false
Turtle 1 :[(-1,-1), (8,11), (8,10), (8,9), (8,8), (7,8), (6,8), (-1,-1), (-1,-1)]
Turtle 2 :[(-2,-2), (18,1), (18,2), (17,2), (16,2), (15,2), (14,2), (-2,-2), (-2,-2)]
Turtle 3 :[(-3,-3), (17,9), (17,8), (16,8), (15,8), (14,8), (14,7), (-3,-3), (-3,-3)]
Turtle 4 :[(-4,-4), (0,9), (0,8), (0,7), (0,7), (0,6), (0,5), (0,4), (-4,-4)]
Turtle 5 :[(-5,-5), (8,7), (8,8), (7,8), (7,9), (8,9), (9,9), (10,9), (10,10)]

Shrinking Run 36
#Info# Executed steps before collision: 7, Found collision: false
Turtle 1 :[(-1,-1), (8,11), (8,10), (8,9), (7,9), (7,9), (6,9), (5,9)]
Turtle 2 :[(-2,-2), (18,1), (18,2), (17,2), (16,2), (15,2), (14,2), (-2,-2)]
Turtle 3 :[(-3,-3), (17,9), (17,8), (16,8), (15,8), (14,8), (14,7), (-3,-3)]
Turtle 4 :[(-4,-4), (0,9), (0,8), (0,7), (0,7), (0,6), (0,5), (0,4)]
Turtle 5 :[(-5,-5), (8,7), (8,8), (9,8), (9,9), (10,9), (10,10), (-5,-5)]

Shrinking Run 37
#Info# Executed steps before collision: 6, Found collision: true
Turtle 1 :[(-1,-1), (8,11), (8,10), (8,9), (8,8), (8,8), (7,8), (-1,-1), (-1,-1), (-1,-1), (-1,-1), (-1,-1)]
Turtle 2 :[(-2,-2), (18,1), (18,2), (17,2), (16,2), (15,2), (14,2), (-2,-2), (-2,-2), (-2,-2), (-2,-2), (-2,-2)]
Turtle 3 :[(-3,-3), (17,9), (17,8), (16,8), (15,8), (14,8), (14,7), (-3,-3), (-3,-3), (-3,-3), (-3,-3), (-3,-3)]
Turtle 4 :[(-4,-4), (0,9), (0,8), (0,7), (0,7), (0,6), (0,5), (0,4), (-4,-4), (-4,-4), (-4,-4), (-4,-4)]
Turtle 5 :[(-5,-5), (8,7), (8,8), (8,8), (7,8), (6,8), (7,8), (7,9), (8,9), (8,10), (9,10), (10,10)]

Shrinking Run 38
#Info# Executed steps before collision: 7, Found collision: false
Turtle 1 :[(-1,-1), (8,11), (8,10), (8,9), (7,9), (7,9), (6,9), (6,8)]
Turtle 2 :[(-2,-2), (18,1), (18,2), (17,2), (16,2), (15,2), (14,2), (-2,-2)]
Turtle 3 :[(-3,-3), (17,9), (17,8), (16,8), (15,8), (14,8), (14,7), (-3,-3)]
Turtle 4 :[(-4,-4), (0,9), (0,8), (0,7), (0,7), (0,6), (0,5), (0,4)]
Turtle 5 :[(-5,-5), (8,7), (8,8), (9,8), (10,8), (10,9), (10,10), (-5,-5)]

Shrinking Run 39
#Info# Executed steps before collision: 8, Found collision: false
Turtle 1 :[(-1,-1), (8,11), (8,10), (8,9), (8,9), (8,8), (8,8), (7,8), (7,7)]
Turtle 2 :[(-2,-2), (18,1), (18,2), (17,2), (16,2), (15,2), (14,2), (-2,-2), (-2,-2)]
Turtle 3 :[(-3,-3), (17,9), (17,8), (16,8), (15,8), (14,8), (14,7), (-3,-3), (-3,-3)]
Turtle 4 :[(-4,-4), (0,9), (0,8), (0,7), (0,7), (0,6), (0,5), (0,4), (-4,-4)]
Turtle 5 :[(-5,-5), (8,7), (8,8), (9,8), (9,9), (9,10), (10,10), (-5,-5), (-5,-5)]

Shrinking Run 40
#Info# Executed steps before collision: 7, Found collision: false
Turtle 1 :[(-1,-1), (8,11), (8,10), (7,10), (7,9), (7,8), (-1,-1), (-1,-1)]
Turtle 2 :[(-2,-2), (18,1), (18,2), (17,2), (16,2), (15,2), (14,2), (-2,-2)]
Turtle 3 :[(-3,-3), (17,9), (17,8), (16,8), (15,8), (14,8), (14,7), (-3,-3)]
Turtle 4 :[(-4,-4), (0,9), (0,8), (0,7), (0,7), (0,6), (0,5), (0,4)]
Turtle 5 :[(-5,-5), (8,7), (8,8), (8,9), (8,10), (9,10), (10,10), (-5,-5)]

Shrinking Run 41
#Info# Executed steps before collision: 8, Found collision: false
Turtle 1 :[(-1,-1), (8,11), (8,10), (8,9), (7,9), (7,8), (-1,-1), (-1,-1), (-1,-1)]
Turtle 2 :[(-2,-2), (18,1), (18,2), (17,2), (16,2), (15,2), (14,2), (-2,-2), (-2,-2)]
Turtle 3 :[(-3,-3), (17,9), (17,8), (16,8), (15,8), (14,8), (14,7), (-3,-3), (-3,-3)]
Turtle 4 :[(-4,-4), (0,9), (0,8), (0,7), (0,7), (0,6), (0,5), (0,4), (-4,-4)]
Turtle 5 :[(-5,-5), (8,7), (8,8), (8,8), (8,8), (8,9), (8,10), (9,10), (10,10)]

Shrinking Run 42
#Info# Executed steps before collision: 10, Found collision: false
Turtle 1 :[(-1,-1), (8,11), (8,10), (8,9), (8,8), (7,8), (-1,-1), (-1,-1), (-1,-1), (-1,-1), (-1,-1)]
Turtle 2 :[(-2,-2), (18,1), (18,0), (17,0), (16,0), (15,0), (14,0), (-2,-2), (-2,-2), (-2,-2), (-2,-2)]
Turtle 3 :[(-3,-3), (17,9), (17,8), (16,8), (15,8), (14,8), (14,7), (-3,-3), (-3,-3), (-3,-3), (-3,-3)]
Turtle 4 :[(-4,-4), (0,9), (0,8), (0,7), (0,7), (0,6), (0,5), (0,4), (-4,-4), (-4,-4), (-4,-4)]
Turtle 5 :[(-5,-5), (8,7), (8,8), (8,7), (8,7), (8,7), (8,8), (8,9), (9,9), (10,9), (10,10)]

Shrinking Run 43
#Info# Executed steps before collision: 3, Found collision: true
Turtle 1 :[(-1,-1), (8,11), (8,10), (8,9), (8,8), (7,8), (-1,-1), (-1,-1)]
Turtle 2 :[(-2,-2), (18,1), (17,1), (16,1), (15,1), (14,1), (13,1), (-2,-2)]
Turtle 3 :[(-3,-3), (17,9), (17,8), (16,8), (15,8), (14,8), (14,7), (-3,-3)]
Turtle 4 :[(-4,-4), (0,9), (0,8), (0,7), (0,7), (0,6), (0,5), (0,4)]
Turtle 5 :[(-5,-5), (8,7), (8,8), (8,9), (9,9), (10,9), (10,10), (-5,-5)]

Shrinking Run 44
#Info# Executed steps before collision: 5, Found collision: true
Turtle 1 :[(-1,-1), (8,11), (8,10), (8,9), (8,8), (7,8), (-1,-1), (-1,-1), (-1,-1), (-1,-1), (-1,-1)]
Turtle 2 :[(-2,-2), (18,1), (17,1), (16,1), (15,1), (14,1), (13,1), (-2,-2), (-2,-2), (-2,-2), (-2,-2)]
Turtle 3 :[(-3,-3), (17,9), (17,10), (17,11), (16,11), (15,11), (15,12), (-3,-3), (-3,-3), (-3,-3), (-3,-3)]
Turtle 4 :[(-4,-4), (0,9), (0,8), (0,7), (0,7), (0,6), (0,5), (0,4), (-4,-4), (-4,-4), (-4,-4)]
Turtle 5 :[(-5,-5), (8,7), (8,8), (7,8), (7,7), (7,8), (7,9), (8,9), (9,9), (9,10), (10,10)]

Shrinking Run 45
#Info# Executed steps before collision: 8, Found collision: false
Turtle 1 :[(-1,-1), (8,11), (8,10), (8,9), (8,10), (7,10), (7,9), (7,8), (-1,-1)]
Turtle 2 :[(-2,-2), (18,1), (17,1), (16,1), (15,1), (14,1), (13,1), (-2,-2), (-2,-2)]
Turtle 3 :[(-3,-3), (17,9), (17,8), (17,7), (16,7), (15,7), (15,6), (-3,-3), (-3,-3)]
Turtle 4 :[(-4,-4), (0,9), (0,8), (0,7), (0,7), (0,6), (0,5), (0,4), (-4,-4)]
Turtle 5 :[(-5,-5), (8,7), (8,8), (7,8), (7,9), (8,9), (8,10), (9,10), (10,10)]

Shrinking Run 46
#Info# Executed steps before collision: 11, Found collision: false
Turtle 1 :[(-1,-1), (8,11), (8,10), (8,9), (8,8), (8,9), (7,9), (7,9), (7,8), (-1,-1), (-1,-1), (-1,-1)]
Turtle 2 :[(-2,-2), (18,1), (17,1), (16,1), (15,1), (14,1), (13,1), (-2,-2), (-2,-2), (-2,-2), (-2,-2), (-2,-2)]
Turtle 3 :[(-3,-3), (17,9), (16,9), (16,8), (15,8), (14,8), (14,7), (-3,-3), (-3,-3), (-3,-3), (-3,-3), (-3,-3)]
Turtle 4 :[(-4,-4), (0,9), (0,8), (0,7), (0,7), (0,6), (0,5), (0,4), (-4,-4), (-4,-4), (-4,-4), (-4,-4)]
Turtle 5 :[(-5,-5), (8,7), (8,8), (8,8), (7,8), (6,8), (7,8), (8,8), (9,8), (9,9), (10,9), (10,10)]

Shrinking Run 47
#Info# Executed steps before collision: 7, Found collision: false
Turtle 1 :[(-1,-1), (8,11), (8,10), (8,9), (8,8), (7,8), (-1,-1), (-1,-1)]
Turtle 2 :[(-2,-2), (18,1), (17,1), (16,1), (15,1), (14,1), (13,1), (-2,-2)]
Turtle 3 :[(-3,-3), (17,9), (16,9), (15,9), (14,9), (13,9), (13,10), (-3,-3)]
Turtle 4 :[(-4,-4), (0,9), (0,8), (0,7), (0,7), (0,6), (0,5), (0,4)]
Turtle 5 :[(-5,-5), (8,7), (8,8), (9,8), (9,9), (10,9), (10,10), (-5,-5)]

Shrinking Run 48
#Info# Executed steps before collision: 8, Found collision: false
Turtle 1 :[(-1,-1), (8,11), (8,10), (8,9), (8,10), (8,9), (8,8), (7,8), (-1,-1)]
Turtle 2 :[(-2,-2), (18,1), (17,1), (16,1), (15,1), (14,1), (13,1), (-2,-2), (-2,-2)]
Turtle 3 :[(-3,-3), (17,9), (16,9), (16,10), (15,10), (14,10), (14,11), (-3,-3), (-3,-3)]
Turtle 4 :[(-4,-4), (0,9), (0,8), (0,7), (0,7), (0,6), (0,5), (0,4), (-4,-4)]
Turtle 5 :[(-5,-5), (8,7), (8,8), (8,7), (8,8), (9,8), (9,9), (9,10), (10,10)]

Shrinking Run 49
#Info# Executed steps before collision: 7, Found collision: false
Turtle 1 :[(-1,-1), (8,11), (8,10), (8,9), (8,8), (7,8), (-1,-1), (-1,-1)]
Turtle 2 :[(-2,-2), (18,1), (17,1), (16,1), (15,1), (14,1), (13,1), (-2,-2)]
Turtle 3 :[(-3,-3), (17,9), (17,10), (16,10), (15,10), (14,10), (14,11), (-3,-3)]
Turtle 4 :[(-4,-4), (0,9), (0,8), (0,7), (0,7), (0,6), (0,5), (0,4)]
Turtle 5 :[(-5,-5), (8,7), (8,8), (9,8), (9,9), (9,10), (10,10), (-5,-5)]

Shrinking Run 50
#Info# Executed steps before collision: 3, Found collision: true
Turtle 1 :[(-1,-1), (8,11), (8,10), (8,9), (8,9), (8,8), (7,8), (-1,-1)]
Turtle 2 :[(-2,-2), (18,1), (17,1), (16,1), (15,1), (14,1), (13,1), (-2,-2)]
Turtle 3 :[(-3,-3), (17,9), (17,10), (17,11), (16,11), (15,11), (14,11), (-3,-3)]
Turtle 4 :[(-4,-4), (0,9), (0,8), (0,7), (0,7), (0,6), (0,5), (0,4)]
Turtle 5 :[(-5,-5), (8,7), (8,8), (8,9), (9,9), (10,9), (10,10), (-5,-5)]

Shrinking Run 51
#Info# Executed steps before collision: 7, Found collision: false
Turtle 1 :[(-1,-1), (8,11), (8,10), (8,9), (8,8), (7,8), (-1,-1), (-1,-1)]
Turtle 2 :[(-2,-2), (18,1), (17,1), (16,1), (15,1), (14,1), (13,1), (-2,-2)]
Turtle 3 :[(-3,-3), (17,9), (16,9), (15,9), (15,10), (15,11), (14,11), (-3,-3)]
Turtle 4 :[(-4,-4), (0,9), (0,8), (0,7), (0,7), (0,6), (0,5), (0,4)]
Turtle 5 :[(-5,-5), (8,7), (8,8), (9,8), (9,9), (9,10), (10,10), (-5,-5)]

Shrinking Run 52
#Info# Executed steps before collision: 4, Found collision: true
Turtle 1 :[(-1,-1), (8,11), (8,10), (8,9), (7,9), (7,8), (-1,-1), (-1,-1), (-1,-1)]
Turtle 2 :[(-2,-2), (18,1), (17,1), (16,1), (15,1), (14,1), (13,1), (-2,-2), (-2,-2)]
Turtle 3 :[(-3,-3), (17,9), (16,9), (16,10), (15,10), (15,11), (14,11), (-3,-3), (-3,-3)]
Turtle 4 :[(-4,-4), (0,9), (0,8), (0,7), (0,7), (0,6), (0,5), (0,4), (-4,-4)]
Turtle 5 :[(-5,-5), (8,7), (8,8), (7,8), (7,9), (8,9), (8,10), (9,10), (10,10)]

Shrinking Run 53
#Info# Executed steps before collision: 3, Found collision: true
Turtle 1 :[(-1,-1), (8,11), (8,10), (8,9), (8,8), (7,8), (-1,-1), (-1,-1)]
Turtle 2 :[(-2,-2), (18,1), (17,1), (16,1), (15,1), (14,1), (13,1), (-2,-2)]
Turtle 3 :[(-3,-3), (17,9), (17,10), (16,10), (15,10), (15,11), (14,11), (-3,-3)]
Turtle 4 :[(-4,-4), (0,9), (0,8), (0,7), (0,7), (0,6), (0,5), (0,4)]
Turtle 5 :[(-5,-5), (8,7), (8,8), (8,9), (8,10), (9,10), (10,10), (-5,-5)]

Shrinking Run 54
#Info# Executed steps before collision: 3, Found collision: true
Turtle 1 :[(-1,-1), (8,11), (8,10), (8,9), (8,8), (7,8), (-1,-1)]
Turtle 2 :[(-2,-2), (18,1), (17,1), (16,1), (15,1), (14,1), (13,1)]
Turtle 3 :[(-3,-3), (17,9), (17,10), (16,10), (15,10), (15,11), (14,11)]
Turtle 4 :[(-4,-4), (0,9), (0,8), (0,7), (0,6), (0,5), (0,4)]
Turtle 5 :[(-5,-5), (8,7), (8,8), (8,9), (9,9), (9,10), (10,10)]

Shrinking Run 55
#Info# Executed steps before collision: 6, Found collision: false
Turtle 1 :[(-1,-1), (8,11), (8,10), (8,9), (8,8), (7,8), (-1,-1)]
Turtle 2 :[(-2,-2), (18,1), (17,1), (16,1), (15,1), (14,1), (13,1)]
Turtle 3 :[(-3,-3), (17,9), (17,10), (16,10), (15,10), (15,11), (14,11)]
Turtle 4 :[(-4,-4), (0,9), (0,8), (0,7), (0,6), (0,5), (0,4)]
Turtle 5 :[(-5,-5), (8,7), (7,7), (7,8), (7,9), (6,9), (5,9)]

Shrinking Run 56
#Info# Executed steps before collision: 6, Found collision: false
Turtle 1 :[(-1,-1), (8,11), (8,10), (8,9), (8,8), (7,8), (-1,-1)]
Turtle 2 :[(-2,-2), (18,1), (17,1), (16,1), (15,1), (14,1), (13,1)]
Turtle 3 :[(-3,-3), (17,9), (17,10), (16,10), (15,10), (15,11), (14,11)]
Turtle 4 :[(-4,-4), (0,9), (0,8), (0,7), (0,6), (0,5), (0,4)]
Turtle 5 :[(-5,-5), (8,7), (7,7), (7,8), (7,9), (6,9), (6,10)]

Shrinking Run 57
#Info# Executed steps before collision: 3, Found collision: true
Turtle 1 :[(-1,-1), (8,11), (8,10), (8,9), (8,8), (7,8), (-1,-1)]
Turtle 2 :[(-2,-2), (18,1), (17,1), (16,1), (15,1), (14,1), (13,1)]
Turtle 3 :[(-3,-3), (17,9), (17,10), (16,10), (15,10), (15,11), (14,11)]
Turtle 4 :[(-4,-4), (0,9), (0,8), (0,7), (0,6), (0,5), (0,4)]
Turtle 5 :[(-5,-5), (8,7), (8,8), (8,9), (9,9), (9,10), (-5,-5)]

Shrinking Run 58
#Info# Executed steps before collision: 9, Found collision: false
Turtle 1 :[(-1,-1), (8,11), (8,10), (8,9), (8,8), (7,8), (-1,-1), (-1,-1), (-1,-1), (-1,-1)]
Turtle 2 :[(-2,-2), (18,1), (17,1), (16,1), (15,1), (14,1), (13,1), (-2,-2), (-2,-2), (-2,-2)]
Turtle 3 :[(-3,-3), (17,9), (17,10), (16,10), (15,10), (15,11), (14,11), (-3,-3), (-3,-3), (-3,-3)]
Turtle 4 :[(-4,-4), (0,9), (0,8), (0,7), (0,6), (0,5), (0,4), (-4,-4), (-4,-4), (-4,-4)]
Turtle 5 :[(-5,-5), (8,7), (8,8), (8,8), (8,7), (8,7), (8,8), (7,8), (7,9), (7,10)]

Shrinking Run 59
#Info# Executed steps before collision: 10, Found collision: false
Turtle 1 :[(-1,-1), (8,11), (8,10), (8,9), (8,8), (7,8), (-1,-1), (-1,-1), (-1,-1), (-1,-1), (-1,-1)]
Turtle 2 :[(-2,-2), (18,1), (17,1), (16,1), (15,1), (14,1), (13,1), (-2,-2), (-2,-2), (-2,-2), (-2,-2)]
Turtle 3 :[(-3,-3), (17,9), (17,10), (16,10), (15,10), (15,11), (14,11), (-3,-3), (-3,-3), (-3,-3), (-3,-3)]
Turtle 4 :[(-4,-4), (0,9), (0,8), (0,7), (0,6), (0,5), (0,4), (-4,-4), (-4,-4), (-4,-4), (-4,-4)]
Turtle 5 :[(-5,-5), (8,7), (8,8), (7,8), (6,8), (6,7), (7,7), (7,8), (8,8), (8,9), (8,10)]

Shrinking Run 60
#Info# Executed steps before collision: 6, Found collision: false
Turtle 1 :[(-1,-1), (8,11), (8,10), (8,9), (7,9), (7,8), (-1,-1)]
Turtle 2 :[(-2,-2), (18,1), (17,1), (16,1), (15,1), (14,1), (13,1)]
Turtle 3 :[(-3,-3), (17,9), (17,10), (16,10), (15,10), (15,11), (14,11)]
Turtle 4 :[(-4,-4), (0,9), (0,8), (0,7), (0,6), (0,5), (0,4)]
Turtle 5 :[(-5,-5), (8,7), (8,8), (9,8), (-5,-5), (-5,-5), (-5,-5)]

Shrinking Run 61
#Info# Executed steps before collision: 3, Found collision: true
Turtle 1 :[(-1,-1), (8,11), (8,10), (8,9), (8,8), (7,8), (-1,-1)]
Turtle 2 :[(-2,-2), (18,1), (17,1), (16,1), (15,1), (14,1), (13,1)]
Turtle 3 :[(-3,-3), (17,9), (17,10), (16,10), (15,10), (15,11), (14,11)]
Turtle 4 :[(-4,-4), (0,9), (0,8), (0,7), (0,6), (0,5), (0,4)]
Turtle 5 :[(-5,-5), (8,7), (8,8), (8,9), (9,9), (-5,-5), (-5,-5)]

Shrinking Run 62
#Info# Executed steps before collision: 7, Found collision: false
Turtle 1 :[(-1,-1), (8,11), (8,10), (8,9), (8,8), (7,8), (-1,-1), (-1,-1)]
Turtle 2 :[(-2,-2), (18,1), (17,1), (16,1), (15,1), (14,1), (13,1), (-2,-2)]
Turtle 3 :[(-3,-3), (17,9), (17,10), (16,10), (15,10), (15,11), (14,11), (-3,-3)]
Turtle 4 :[(-4,-4), (0,9), (0,8), (0,7), (0,6), (0,5), (0,4), (-4,-4)]
Turtle 5 :[(-5,-5), (8,7), (8,8), (8,8), (9,8), (9,9), (8,9), (7,9)]

Shrinking Run 63
#Info# Executed steps before collision: 3, Found collision: true
Turtle 1 :[(-1,-1), (8,11), (8,10), (8,9), (8,8), (7,8), (-1,-1)]
Turtle 2 :[(-2,-2), (18,1), (17,1), (16,1), (15,1), (14,1), (13,1)]
Turtle 3 :[(-3,-3), (17,9), (17,10), (16,10), (15,10), (15,11), (14,11)]
Turtle 4 :[(-4,-4), (0,9), (0,8), (0,7), (0,6), (0,5), (0,4)]
Turtle 5 :[(-5,-5), (8,7), (8,8), (8,9), (-5,-5), (-5,-5), (-5,-5)]

Shrinking Run 64
#Info# Executed steps before collision: 6, Found collision: false
Turtle 1 :[(-1,-1), (8,11), (8,10), (8,9), (8,8), (7,8), (-1,-1)]
Turtle 2 :[(-2,-2), (18,1), (17,1), (16,1), (15,1), (14,1), (13,1)]
Turtle 3 :[(-3,-3), (17,9), (17,10), (16,10), (15,10), (15,11), (14,11)]
Turtle 4 :[(-4,-4), (0,9), (0,8), (0,7), (0,6), (0,5), (0,4)]
Turtle 5 :[(-5,-5), (8,7), (8,8), (-5,-5), (-5,-5), (-5,-5), (-5,-5)]

Shrinking Run 65
#Info# Executed steps before collision: 3, Found collision: true
Turtle 1 :[(-1,-1), (8,11), (8,10), (8,9), (8,10), (7,10), (7,9), (6,9), (5,9)]
Turtle 2 :[(-2,-2), (18,1), (17,1), (16,1), (15,1), (14,1), (13,1), (-2,-2), (-2,-2)]
Turtle 3 :[(-3,-3), (17,9), (17,10), (16,10), (15,10), (15,11), (14,11), (-3,-3), (-3,-3)]
Turtle 4 :[(-4,-4), (0,9), (0,8), (0,7), (0,6), (0,5), (0,4), (-4,-4), (-4,-4)]
Turtle 5 :[(-5,-5), (8,7), (8,8), (8,9), (-5,-5), (-5,-5), (-5,-5), (-5,-5), (-5,-5)]

Shrinking Run 66
#Info# Executed steps before collision: 7, Found collision: false
Turtle 1 :[(-1,-1), (8,11), (8,10), (8,9), (8,8), (8,8), (7,8), (6,8)]
Turtle 2 :[(-2,-2), (18,1), (17,1), (16,1), (15,1), (14,1), (13,1), (-2,-2)]
Turtle 3 :[(-3,-3), (17,9), (17,10), (16,10), (15,10), (15,11), (14,11), (-3,-3)]
Turtle 4 :[(-4,-4), (0,9), (0,8), (0,7), (0,6), (0,5), (0,4), (-4,-4)]
Turtle 5 :[(-5,-5), (8,7), (8,8), (8,8), (9,8), (9,9), (8,9), (-5,-5)]

Shrinking Run 67
#Info# Executed steps before collision: 7, Found collision: false
Turtle 1 :[(-1,-1), (8,11), (8,10), (8,9), (7,9), (7,9), (6,9), (6,8)]
Turtle 2 :[(-2,-2), (18,1), (17,1), (16,1), (15,1), (14,1), (13,1), (-2,-2)]
Turtle 3 :[(-3,-3), (17,9), (17,10), (16,10), (15,10), (15,11), (14,11), (-3,-3)]
Turtle 4 :[(-4,-4), (0,9), (0,8), (0,7), (0,6), (0,5), (0,4), (-4,-4)]
Turtle 5 :[(-5,-5), (8,7), (8,8), (8,7), (8,8), (8,9), (-5,-5), (-5,-5)]

Shrinking Run 68
#Info# Executed steps before collision: 3, Found collision: true
Turtle 1 :[(-1,-1), (8,11), (8,10), (8,9), (7,9), (6,9), (5,9)]
Turtle 2 :[(-2,-2), (18,1), (17,1), (16,1), (15,1), (14,1), (13,1)]
Turtle 3 :[(-3,-3), (17,9), (17,10), (16,10), (15,10), (15,11), (14,11)]
Turtle 4 :[(-4,-4), (0,9), (0,8), (0,7), (0,6), (0,5), (0,4)]
Turtle 5 :[(-5,-5), (8,7), (8,8), (8,9), (-5,-5), (-5,-5), (-5,-5)]

Shrinking Run 69
#Info# Executed steps before collision: 6, Found collision: false
Turtle 1 :[(-1,-1), (8,11), (8,10), (8,9), (7,9), (6,9), (5,9)]
Turtle 2 :[(-2,-2), (18,1), (18,0), (17,0), (16,0), (15,0), (14,0)]
Turtle 3 :[(-3,-3), (17,9), (17,10), (16,10), (15,10), (15,11), (14,11)]
Turtle 4 :[(-4,-4), (0,9), (0,8), (0,7), (0,6), (0,5), (0,4)]
Turtle 5 :[(-5,-5), (8,7), (8,8), (8,7), (8,8), (8,9), (-5,-5)]

Shrinking Run 70
#Info# Executed steps before collision: 7, Found collision: false
Turtle 1 :[(-1,-1), (8,11), (8,10), (8,9), (7,9), (6,9), (5,9), (-1,-1)]
Turtle 2 :[(-2,-2), (18,1), (17,1), (16,1), (15,1), (14,1), (13,1), (-2,-2)]
Turtle 3 :[(-3,-3), (17,9), (17,8), (17,7), (16,7), (15,7), (15,6), (-3,-3)]
Turtle 4 :[(-4,-4), (0,9), (0,8), (0,7), (0,6), (0,5), (0,4), (-4,-4)]
Turtle 5 :[(-5,-5), (8,7), (8,8), (7,8), (7,8), (7,8), (7,9), (8,9)]

Shrinking Run 71
#Info# Executed steps before collision: 6, Found collision: false
Turtle 1 :[(-1,-1), (8,11), (8,10), (8,9), (7,9), (6,9), (5,9)]
Turtle 2 :[(-2,-2), (18,1), (17,1), (16,1), (15,1), (14,1), (13,1)]
Turtle 3 :[(-3,-3), (17,9), (16,9), (16,8), (15,8), (14,8), (14,7)]
Turtle 4 :[(-4,-4), (0,9), (0,8), (0,7), (0,6), (0,5), (0,4)]
Turtle 5 :[(-5,-5), (8,7), (8,8), (8,7), (8,8), (8,9), (-5,-5)]

Shrinking Run 72
#Info# Executed steps before collision: 6, Found collision: false
Turtle 1 :[(-1,-1), (8,11), (8,10), (8,9), (7,9), (6,9), (5,9)]
Turtle 2 :[(-2,-2), (18,1), (17,1), (16,1), (15,1), (14,1), (13,1)]
Turtle 3 :[(-3,-3), (17,9), (16,9), (15,9), (14,9), (13,9), (13,10)]
Turtle 4 :[(-4,-4), (0,9), (0,8), (0,7), (0,6), (0,5), (0,4)]
Turtle 5 :[(-5,-5), (8,7), (8,8), (8,8), (9,8), (8,8), (8,9)]

Shrinking Run 73
#Info# Executed steps before collision: 3, Found collision: true
Turtle 1 :[(-1,-1), (8,11), (8,10), (8,9), (8,9), (7,9), (6,9), (5,9)]
Turtle 2 :[(-2,-2), (18,1), (17,1), (16,1), (15,1), (14,1), (13,1), (-2,-2)]
Turtle 3 :[(-3,-3), (17,9), (16,9), (16,10), (15,10), (14,10), (14,11), (-3,-3)]
Turtle 4 :[(-4,-4), (0,9), (0,8), (0,7), (0,6), (0,5), (0,4), (-4,-4)]
Turtle 5 :[(-5,-5), (8,7), (8,8), (8,9), (-5,-5), (-5,-5), (-5,-5), (-5,-5)]

Shrinking Run 74
#Info# Executed steps before collision: 8, Found collision: false
Turtle 1 :[(-1,-1), (8,11), (8,10), (8,9), (7,9), (6,9), (5,9), (-1,-1), (-1,-1)]
Turtle 2 :[(-2,-2), (18,1), (17,1), (16,1), (15,1), (14,1), (13,1), (-2,-2), (-2,-2)]
Turtle 3 :[(-3,-3), (17,9), (17,10), (16,10), (15,10), (14,10), (14,11), (-3,-3), (-3,-3)]
Turtle 4 :[(-4,-4), (0,9), (0,8), (0,7), (0,6), (0,5), (0,4), (-4,-4), (-4,-4)]
Turtle 5 :[(-5,-5), (8,7), (8,8), (7,8), (7,8), (7,7), (7,8), (7,9), (8,9)]

Shrinking Run 75
#Info# Executed steps before collision: 6, Found collision: false
Turtle 1 :[(-1,-1), (8,11), (8,10), (8,9), (7,9), (6,9), (5,9)]
Turtle 2 :[(-2,-2), (18,1), (17,1), (16,1), (15,1), (14,1), (13,1)]
Turtle 3 :[(-3,-3), (17,9), (16,9), (16,10), (15,10), (14,10), (13,10)]
Turtle 4 :[(-4,-4), (0,9), (0,8), (0,7), (0,6), (0,5), (0,4)]
Turtle 5 :[(-5,-5), (8,7), (8,8), (9,8), (9,9), (8,9), (-5,-5)]

Shrinking Run 76
#Info# Executed steps before collision: 6, Found collision: false
Turtle 1 :[(-1,-1), (8,11), (8,10), (8,9), (7,9), (6,9), (5,9)]
Turtle 2 :[(-2,-2), (18,1), (17,1), (16,1), (15,1), (14,1), (13,1)]
Turtle 3 :[(-3,-3), (17,9), (16,9), (15,9), (15,10), (14,10), (14,11)]
Turtle 4 :[(-4,-4), (0,9), (0,8), (0,7), (0,6), (0,5), (0,4)]
Turtle 5 :[(-5,-5), (8,7), (8,8), (8,7), (8,8), (8,9), (-5,-5)]

Shrinking Run 77
#Info# Executed steps before collision: 8, Found collision: false
Turtle 1 :[(-1,-1), (8,11), (8,10), (8,9), (7,9), (6,9), (5,9), (-1,-1), (-1,-1)]
Turtle 2 :[(-2,-2), (18,1), (17,1), (16,1), (15,1), (14,1), (13,1), (-2,-2), (-2,-2)]
Turtle 3 :[(-3,-3), (17,9), (16,9), (16,10), (15,10), (14,10), (14,11), (-3,-3), (-3,-3)]
Turtle 4 :[(-4,-4), (0,9), (0,8), (0,7), (0,6), (0,5), (0,4), (-4,-4), (-4,-4)]
Turtle 5 :[(-5,-5), (8,7), (7,7), (7,8), (6,8), (5,8), (5,8), (5,8), (5,9)]

Shrinking Run 78
#Info# Executed steps before collision: 4, Found collision: true
Turtle 1 :[(-1,-1), (8,11), (8,10), (8,9), (7,9), (6,9), (5,9)]
Turtle 2 :[(-2,-2), (18,1), (17,1), (16,1), (15,1), (14,1), (13,1)]
Turtle 3 :[(-3,-3), (17,9), (16,9), (16,10), (15,10), (14,10), (14,11)]
Turtle 4 :[(-4,-4), (0,9), (0,8), (0,7), (0,6), (0,5), (0,4)]
Turtle 5 :[(-5,-5), (8,7), (7,7), (7,8), (7,9), (7,10), (6,10)]

Shrinking Run 79
#Info# Executed steps before collision: 4, Found collision: true
Turtle 1 :[(-1,-1), (8,11), (8,10), (8,9), (7,9), (6,9), (5,9)]
Turtle 2 :[(-2,-2), (18,1), (17,1), (16,1), (15,1), (14,1), (13,1)]
Turtle 3 :[(-3,-3), (17,9), (16,9), (16,10), (15,10), (14,10), (14,11)]
Turtle 4 :[(-4,-4), (0,9), (0,8), (0,7), (0,6), (0,5), (0,4)]
Turtle 5 :[(-5,-5), (8,7), (8,8), (7,8), (7,9), (7,10), (6,10)]

Shrinking Run 80
#Info# Executed steps before collision: 8, Found collision: false
Turtle 1 :[(-1,-1), (8,11), (8,10), (8,9), (7,9), (6,9), (5,9), (-1,-1), (-1,-1)]
Turtle 2 :[(-2,-2), (18,1), (17,1), (16,1), (15,1), (14,1), (13,1), (-2,-2), (-2,-2)]
Turtle 3 :[(-3,-3), (17,9), (16,9), (16,10), (15,10), (14,10), (14,11), (-3,-3), (-3,-3)]
Turtle 4 :[(-4,-4), (0,9), (0,8), (0,7), (0,6), (0,5), (0,4), (-4,-4), (-4,-4)]
Turtle 5 :[(-5,-5), (8,7), (7,7), (6,7), (6,8), (6,7), (6,8), (6,9), (6,10)]

Shrinking Run 81
#Info# Executed steps before collision: 6, Found collision: true
Turtle 1 :[(-1,-1), (8,11), (8,10), (8,9), (7,9), (6,9), (5,9)]
Turtle 2 :[(-2,-2), (18,1), (17,1), (16,1), (15,1), (14,1), (13,1)]
Turtle 3 :[(-3,-3), (17,9), (16,9), (16,10), (15,10), (14,10), (14,11)]
Turtle 4 :[(-4,-4), (0,9), (0,8), (0,7), (0,6), (0,5), (0,4)]
Turtle 5 :[(-5,-5), (8,7), (8,8), (7,8), (6,8), (5,8), (5,9)]

Shrinking Run 82
#Info# Executed steps before collision: 6, Found collision: true
Turtle 1 :[(-1,-1), (8,11), (8,10), (8,9), (7,9), (6,9), (5,9)]
Turtle 2 :[(-2,-2), (18,1), (17,1), (16,1), (15,1), (14,1), (13,1)]
Turtle 3 :[(-3,-3), (17,9), (16,9), (16,10), (15,10), (14,10), (14,11)]
Turtle 4 :[(-4,-4), (0,9), (0,8), (0,7), (0,6), (0,5), (0,4)]
Turtle 5 :[(-5,-5), (8,7), (7,7), (7,8), (6,8), (5,8), (5,9)]

Shrinking Run 83
#Info# Executed steps before collision: 7, Found collision: false
Turtle 1 :[(-1,-1), (8,11), (7,11), (7,10), (6,10), (6,10), (5,10), (5,9)]
Turtle 2 :[(-2,-2), (18,1), (17,1), (16,1), (15,1), (14,1), (13,1), (-2,-2)]
Turtle 3 :[(-3,-3), (17,9), (16,9), (16,10), (15,10), (14,10), (14,11), (-3,-3)]
Turtle 4 :[(-4,-4), (0,9), (0,8), (0,7), (0,6), (0,5), (0,4), (-4,-4)]
Turtle 5 :[(-5,-5), (8,7), (7,7), (7,8), (6,8), (5,8), (5,9), (-5,-5)]

Shrinking Run 84
#Info# Executed steps before collision: 7, Found collision: false
Turtle 1 :[(-1,-1), (8,11), (8,10), (8,9), (8,8), (8,8), (7,8), (6,8)]
Turtle 2 :[(-2,-2), (18,1), (17,1), (16,1), (15,1), (14,1), (13,1), (-2,-2)]
Turtle 3 :[(-3,-3), (17,9), (16,9), (16,10), (15,10), (14,10), (14,11), (-3,-3)]
Turtle 4 :[(-4,-4), (0,9), (0,8), (0,7), (0,6), (0,5), (0,4), (-4,-4)]
Turtle 5 :[(-5,-5), (8,7), (7,7), (7,8), (6,8), (5,8), (5,9), (-5,-5)]

Shrinking Run 85
#Info# Executed steps before collision: 7, Found collision: false
Turtle 1 :[(-1,-1), (8,11), (8,10), (8,9), (7,9), (7,9), (6,9), (6,8)]
Turtle 2 :[(-2,-2), (18,1), (17,1), (16,1), (15,1), (14,1), (13,1), (-2,-2)]
Turtle 3 :[(-3,-3), (17,9), (16,9), (16,10), (15,10), (14,10), (14,11), (-3,-3)]
Turtle 4 :[(-4,-4), (0,9), (0,8), (0,7), (0,6), (0,5), (0,4), (-4,-4)]
Turtle 5 :[(-5,-5), (8,7), (7,7), (7,8), (6,8), (5,8), (5,9), (-5,-5)]

Shrinking Run 86
#Info# Executed steps before collision: 7, Found collision: false
Turtle 1 :[(-1,-1), (8,11), (8,10), (7,10), (7,9), (7,9), (6,9), (5,9)]
Turtle 2 :[(-2,-2), (18,1), (17,1), (16,1), (15,1), (14,1), (13,1), (-2,-2)]
Turtle 3 :[(-3,-3), (17,9), (16,9), (16,10), (15,10), (14,10), (14,11), (-3,-3)]
Turtle 4 :[(-4,-4), (0,9), (0,8), (0,7), (0,6), (0,5), (0,4), (-4,-4)]
Turtle 5 :[(-5,-5), (8,7), (7,7), (7,8), (6,8), (5,8), (5,9), (-5,-5)]

Shrinking Run 87
#Info# Executed steps before collision: 9, Found collision: false
Turtle 1 :[(-1,-1), (8,11), (7,11), (7,10), (7,9), (7,9), (6,9), (6,10), (6,9), (5,9)]
Turtle 2 :[(-2,-2), (18,1), (17,1), (16,1), (15,1), (14,1), (13,1), (-2,-2), (-2,-2), (-2,-2)]
Turtle 3 :[(-3,-3), (17,9), (16,9), (16,10), (15,10), (14,10), (14,11), (-3,-3), (-3,-3), (-3,-3)]
Turtle 4 :[(-4,-4), (0,9), (0,8), (0,7), (0,6), (0,5), (0,4), (-4,-4), (-4,-4), (-4,-4)]
Turtle 5 :[(-5,-5), (8,7), (7,7), (7,8), (6,8), (5,8), (5,9), (-5,-5), (-5,-5), (-5,-5)]

Shrinking Run 88
#Info# Executed steps before collision: 8, Found collision: false
Turtle 1 :[(-1,-1), (8,11), (8,10), (8,9), (7,9), (6,9), (5,9), (-1,-1), (-1,-1)]
Turtle 2 :[(-2,-2), (18,1), (18,0), (17,0), (16,0), (15,0), (14,0), (-2,-2), (-2,-2)]
Turtle 3 :[(-3,-3), (17,9), (16,9), (16,10), (15,10), (14,10), (14,11), (-3,-3), (-3,-3)]
Turtle 4 :[(-4,-4), (0,9), (0,8), (0,7), (0,6), (0,5), (0,4), (-4,-4), (-4,-4)]
Turtle 5 :[(-5,-5), (8,7), (7,7), (7,8), (6,8), (5,8), (4,8), (4,9), (5,9)]

Shrinking Run 89
#Info# Executed steps before collision: 8, Found collision: false
Turtle 1 :[(-1,-1), (8,11), (8,10), (8,9), (8,8), (7,8), (6,8), (6,9), (5,9)]
Turtle 2 :[(-2,-2), (18,1), (17,1), (16,1), (15,1), (14,1), (13,1), (-2,-2), (-2,-2)]
Turtle 3 :[(-3,-3), (17,9), (17,8), (17,7), (16,7), (15,7), (15,6), (-3,-3), (-3,-3)]
Turtle 4 :[(-4,-4), (0,9), (0,8), (0,7), (0,6), (0,5), (0,4), (-4,-4), (-4,-4)]
Turtle 5 :[(-5,-5), (8,7), (7,7), (7,8), (6,8), (5,8), (5,9), (-5,-5), (-5,-5)]

Shrinking Run 90
#Info# Executed steps before collision: 8, Found collision: false
Turtle 1 :[(-1,-1), (8,11), (8,10), (8,9), (7,9), (6,9), (5,9), (-1,-1), (-1,-1)]
Turtle 2 :[(-2,-2), (18,1), (17,1), (16,1), (15,1), (14,1), (13,1), (-2,-2), (-2,-2)]
Turtle 3 :[(-3,-3), (17,9), (16,9), (16,8), (15,8), (14,8), (14,7), (-3,-3), (-3,-3)]
Turtle 4 :[(-4,-4), (0,9), (0,8), (0,7), (0,6), (0,5), (0,4), (-4,-4), (-4,-4)]
Turtle 5 :[(-5,-5), (8,7), (7,7), (7,8), (6,8), (5,8), (5,7), (5,8), (5,9)]

Shrinking Run 91
#Info# Executed steps before collision: 8, Found collision: false
Turtle 1 :[(-1,-1), (8,11), (8,10), (8,9), (7,9), (6,9), (5,9), (-1,-1), (-1,-1)]
Turtle 2 :[(-2,-2), (18,1), (17,1), (16,1), (15,1), (14,1), (13,1), (-2,-2), (-2,-2)]
Turtle 3 :[(-3,-3), (17,9), (16,9), (15,9), (14,9), (13,9), (13,10), (-3,-3), (-3,-3)]
Turtle 4 :[(-4,-4), (0,9), (0,8), (0,7), (0,6), (0,5), (0,4), (-4,-4), (-4,-4)]
Turtle 5 :[(-5,-5), (8,7), (7,7), (7,8), (6,8), (5,8), (4,8), (4,9), (5,9)]

Shrinking Run 92
#Info# Executed steps before collision: 8, Found collision: false
Turtle 1 :[(-1,-1), (8,11), (8,10), (8,9), (7,9), (6,9), (5,9), (-1,-1), (-1,-1)]
Turtle 2 :[(-2,-2), (18,1), (17,1), (16,1), (15,1), (14,1), (13,1), (-2,-2), (-2,-2)]
Turtle 3 :[(-3,-3), (17,9), (17,10), (16,10), (15,10), (14,10), (14,11), (-3,-3), (-3,-3)]
Turtle 4 :[(-4,-4), (0,9), (0,8), (0,7), (0,6), (0,5), (0,4), (-4,-4), (-4,-4)]
Turtle 5 :[(-5,-5), (8,7), (7,7), (7,8), (6,8), (5,8), (6,8), (6,9), (5,9)]

Shrinking Run 93
#Info# Executed steps before collision: 8, Found collision: false
Turtle 1 :[(-1,-1), (8,11), (8,10), (8,9), (7,9), (6,9), (5,9), (-1,-1), (-1,-1)]
Turtle 2 :[(-2,-2), (18,1), (17,1), (16,1), (15,1), (14,1), (13,1), (-2,-2), (-2,-2)]
Turtle 3 :[(-3,-3), (17,9), (16,9), (16,10), (15,10), (14,10), (13,10), (-3,-3), (-3,-3)]
Turtle 4 :[(-4,-4), (0,9), (0,8), (0,7), (0,6), (0,5), (0,4), (-4,-4), (-4,-4)]
Turtle 5 :[(-5,-5), (8,7), (7,7), (7,8), (6,8), (5,8), (6,8), (5,8), (5,9)]

Shrink Run 94
#Info# Executed steps before collision: 8, Found collision: false
Turtle 1 :[(-1,-1), (8,11), (8,10), (8,9), (7,9), (6,9), (7,9), (6,9), (5,9)]
Turtle 2 :[(-2,-2), (18,1), (17,1), (16,1), (15,1), (14,1), (13,1), (-2,-2), (-2,-2)]
Turtle 3 :[(-3,-3), (17,9), (16,9), (15,9), (15,10), (14,10), (14,11), (-3,-3), (-3,-3)]
Turtle 4 :[(-4,-4), (0,9), (0,8), (0,7), (0,6), (0,5), (0,4), (-4,-4), (-4,-4)]
Turtle 5 :[(-5,-5), (8,7), (7,7), (7,8), (6,8), (5,8), (5,9), (-5,-5), (-5,-5)]

