Detection Run 1
#Info# Executed steps before collision: 6, Found collision: false
Turtle 1 :[(-1,-1), (38,32), (37,32), (37,33), (36,33), (35,33), (35,34)]
Turtle 2 :[(-2,-2), (36,32), (36,31), (37,31), (38,31), (39,31), (40,31)]
Turtle 3 :[(-3,-3), (20,14), (20,13), (19,13), (19,12), (19,11), (19,10)]
Turtle 4 :[(-4,-4), (32,14), (31,14), (30,14), (30,13), (31,13), (30,13)]
Turtle 5 :[(-5,-5), (25,33), (25,32), (24,32), (23,32), (22,32), (21,32)]

Detection Run 2
#Info# Executed steps before collision: 7, Found collision: false
Turtle 1 :[(-1,-1), (28,20), (27,20), (26,20), (26,21), (25,21), (24,21), (-1,-1)]
Turtle 2 :[(-2,-2), (42,48), (42,49), (43,49), (43,49), (-2,-2), (-2,-2), (-2,-2)]
Turtle 3 :[(-3,-3), (37,39), (37,38), (38,38), (38,38), (39,38), (40,38), (41,38)]
Turtle 4 :[(-4,-4), (27,24), (26,24), (26,23), (26,22), (26,23), (26,22), (26,21)]
Turtle 5 :[(-5,-5), (21,30), (21,29), (20,29), (19,29), (19,28), (18,28), (-5,-5)]

Detection Run 3
#Info# Executed steps before collision: 9, Found collision: false
Turtle 1 :[(-1,-1), (45,12), (44,12), (43,12), (42,12), (41,12), (-1,-1), (-1,-1), (-1,-1), (-1,-1)]
Turtle 2 :[(-2,-2), (14,32), (13,32), (13,31), (13,30), (13,29), (13,28), (-2,-2), (-2,-2), (-2,-2)]
Turtle 3 :[(-3,-3), (43,24), (43,24), (43,24), (43,23), (43,22), (43,21), (43,20), (43,20), (43,19)]
Turtle 4 :[(-4,-4), (12,36), (11,36), (11,35), (10,35), (-4,-4), (-4,-4), (-4,-4), (-4,-4), (-4,-4)]
Turtle 5 :[(-5,-5), (43,11), (43,11), (42,11), (41,11), (40,11), (-5,-5), (-5,-5), (-5,-5), (-5,-5)]

Detection Run 4
#Info# Executed steps before collision: 8, Found collision: false
Turtle 1 :[(-1,-1), (11,33), (11,32), (10,32), (9,32), (8,32), (7,32), (-1,-1), (-1,-1)]
Turtle 2 :[(-2,-2), (12,4), (11,4), (11,5), (11,6), (11,7), (10,7), (-2,-2), (-2,-2)]
Turtle 3 :[(-3,-3), (0,43), (0,44), (1,44), (1,44), (1,44), (1,45), (1,46), (1,47)]
Turtle 4 :[(-4,-4), (0,5), (0,6), (1,6), (2,6), (-4,-4), (-4,-4), (-4,-4), (-4,-4)]
Turtle 5 :[(-5,-5), (1,42), (2,42), (2,42), (2,42), (2,43), (2,44), (-5,-5), (-5,-5)]

Detection Run 5
#Info# Executed steps before collision: 9, Found collision: false
Turtle 1 :[(-1,-1), (46,30), (45,30), (45,29), (45,29), (45,28), (45,27), (45,26), (-1,-1), (-1,-1)]
Turtle 2 :[(-2,-2), (46,13), (46,12), (46,11), (47,11), (47,10), (47,9), (-2,-2), (-2,-2), (-2,-2)]
Turtle 3 :[(-3,-3), (9,30), (8,30), (7,30), (7,31), (7,32), (6,32), (-3,-3), (-3,-3), (-3,-3)]
Turtle 4 :[(-4,-4), (10,29), (11,29), (12,29), (12,28), (13,28), (13,27), (-4,-4), (-4,-4), (-4,-4)]
Turtle 5 :[(-5,-5), (37,47), (37,47), (38,47), (38,47), (39,47), (39,48), (40,48), (40,48), (41,48)]

Detection Run 6
#Info# Executed steps before collision: 8, Found collision: false
Turtle 1 :[(-1,-1), (4,36), (4,35), (5,35), (5,34), (6,34), (6,33), (-1,-1), (-1,-1)]
Turtle 2 :[(-2,-2), (35,18), (35,19), (36,19), (37,19), (37,19), (37,20), (37,20), (38,20)]
Turtle 3 :[(-3,-3), (29,6), (29,5), (29,4), (29,3), (29,2), (28,2), (-3,-3), (-3,-3)]
Turtle 4 :[(-4,-4), (41,26), (40,26), (39,26), (38,26), (37,26), (36,26), (-4,-4), (-4,-4)]
Turtle 5 :[(-5,-5), (10,32), (9,32), (9,32), (8,32), (7,32), (7,33), (-5,-5), (-5,-5)]

Detection Run 7
#Info# Executed steps before collision: 8, Found collision: false
Turtle 1 :[(-1,-1), (32,8), (31,8), (30,8), (30,9), (30,10), (30,11), (-1,-1), (-1,-1)]
Turtle 2 :[(-2,-2), (41,35), (41,35), (41,34), (40,34), (-2,-2), (-2,-2), (-2,-2), (-2,-2)]
Turtle 3 :[(-3,-3), (25,19), (25,20), (25,21), (25,21), (25,22), (24,22), (23,22), (-3,-3)]
Turtle 4 :[(-4,-4), (43,31), (43,32), (42,32), (42,33), (42,34), (42,35), (-4,-4), (-4,-4)]
Turtle 5 :[(-5,-5), (20,29), (20,29), (19,29), (19,29), (18,29), (17,29), (17,29), (16,29)]

Detection Run 8
#Info# Executed steps before collision: 10, Found collision: false
Turtle 1 :[(-1,-1), (26,46), (25,46), (24,46), (23,46), (23,47), (22,47), (-1,-1), (-1,-1), (-1,-1), (-1,-1)]
Turtle 2 :[(-2,-2), (22,7), (23,7), (23,8), (24,8), (24,9), (25,9), (-2,-2), (-2,-2), (-2,-2), (-2,-2)]
Turtle 3 :[(-3,-3), (13,27), (13,26), (14,26), (14,25), (-3,-3), (-3,-3), (-3,-3), (-3,-3), (-3,-3), (-3,-3)]
Turtle 4 :[(-4,-4), (40,37), (39,37), (39,36), (38,36), (38,37), (37,37), (-4,-4), (-4,-4), (-4,-4), (-4,-4)]
Turtle 5 :[(-5,-5), (13,29), (13,29), (13,28), (13,28), (13,28), (13,28), (12,28), (11,28), (11,27), (10,27)]

Detection Run 9
#Info# Executed steps before collision: 7, Found collision: false
Turtle 1 :[(-1,-1), (35,33), (35,32), (36,32), (37,32), (37,32), (37,31), (38,31)]
Turtle 2 :[(-2,-2), (31,16), (32,16), (33,16), (34,16), (34,17), (34,18), (-2,-2)]
Turtle 3 :[(-3,-3), (35,35), (35,34), (35,33), (34,33), (33,33), (32,33), (-3,-3)]
Turtle 4 :[(-4,-4), (15,35), (15,34), (16,34), (17,34), (18,34), (18,33), (-4,-4)]
Turtle 5 :[(-5,-5), (29,33), (29,33), (30,33), (30,34), (30,34), (30,33), (31,33)]

Detection Run 10
#Info# Executed steps before collision: 10, Found collision: false
Turtle 1 :[(-1,-1), (43,26), (42,26), (42,27), (42,28), (41,28), (-1,-1), (-1,-1), (-1,-1), (-1,-1), (-1,-1)]
Turtle 2 :[(-2,-2), (36,26), (36,26), (37,26), (38,26), (38,26), (38,26), (38,26), (38,27), (38,28), (39,28)]
Turtle 3 :[(-3,-3), (8,14), (8,15), (9,15), (10,15), (10,16), (10,17), (-3,-3), (-3,-3), (-3,-3), (-3,-3)]
Turtle 4 :[(-4,-4), (40,23), (40,23), (41,23), (41,24), (41,25), (42,25), (42,26), (-4,-4), (-4,-4), (-4,-4)]
Turtle 5 :[(-5,-5), (0,3), (0,4), (0,5), (0,6), (0,7), (-5,-5), (-5,-5), (-5,-5), (-5,-5), (-5,-5)]

Detection Run 11
#Info# Executed steps before collision: 11, Found collision: false
Turtle 1 :[(-1,-1), (20,19), (20,20), (20,21), (-1,-1), (-1,-1), (-1,-1), (-1,-1), (-1,-1), (-1,-1), (-1,-1), (-1,-1)]
Turtle 2 :[(-2,-2), (34,7), (35,7), (36,7), (37,7), (38,7), (38,6), (-2,-2), (-2,-2), (-2,-2), (-2,-2), (-2,-2)]
Turtle 3 :[(-3,-3), (1,19), (1,19), (1,18), (1,17), (1,17), (1,17), (1,16), (0,16), (0,16), (0,16), (0,15)]
Turtle 4 :[(-4,-4), (1,9), (1,9), (1,10), (1,10), (0,10), (0,11), (0,11), (0,12), (0,12), (0,12), (0,13)]
Turtle 5 :[(-5,-5), (36,15), (36,15), (36,15), (35,15), (35,15), (35,16), (-5,-5), (-5,-5), (-5,-5), (-5,-5), (-5,-5)]

Detection Run 12
#Info# Executed steps before collision: 9, Found collision: false
Turtle 1 :[(-1,-1), (48,10), (48,10), (48,11), (48,11), (48,12), (48,13), (49,13), (49,13), (49,14)]
Turtle 2 :[(-2,-2), (23,25), (23,24), (23,23), (23,22), (23,21), (-2,-2), (-2,-2), (-2,-2), (-2,-2)]
Turtle 3 :[(-3,-3), (21,46), (21,47), (21,47), (20,47), (19,47), (19,48), (-3,-3), (-3,-3), (-3,-3)]
Turtle 4 :[(-4,-4), (43,31), (42,31), (42,30), (41,30), (41,29), (41,28), (-4,-4), (-4,-4), (-4,-4)]
Turtle 5 :[(-5,-5), (21,25), (20,25), (20,24), (20,23), (20,23), (20,23), (20,22), (-5,-5), (-5,-5)]

Detection Run 13
#Info# Executed steps before collision: 10, Found collision: false
Turtle 1 :[(-1,-1), (44,11), (45,11), (45,10), (45,9), (-1,-1), (-1,-1), (-1,-1), (-1,-1), (-1,-1), (-1,-1)]
Turtle 2 :[(-2,-2), (45,48), (45,48), (45,48), (44,48), (44,48), (44,48), (43,48), (43,48), (42,48), (41,48)]
Turtle 3 :[(-3,-3), (34,36), (34,35), (34,34), (34,33), (34,32), (-3,-3), (-3,-3), (-3,-3), (-3,-3), (-3,-3)]
Turtle 4 :[(-4,-4), (37,7), (37,8), (37,9), (37,10), (37,10), (37,10), (37,11), (36,11), (-4,-4), (-4,-4)]
Turtle 5 :[(-5,-5), (41,10), (42,10), (43,10), (44,10), (44,9), (45,9), (-5,-5), (-5,-5), (-5,-5), (-5,-5)]

Detection Run 14
#Info# Executed steps before collision: 10, Found collision: false
Turtle 1 :[(-1,-1), (47,40), (46,40), (46,40), (46,40), (45,40), (45,40), (45,41), (45,41), (45,41), (44,41)]
Turtle 2 :[(-2,-2), (49,39), (48,39), (48,39), (47,39), (-2,-2), (-2,-2), (-2,-2), (-2,-2), (-2,-2), (-2,-2)]
Turtle 3 :[(-3,-3), (6,13), (6,13), (6,12), (6,12), (6,11), (6,10), (6,9), (6,9), (6,9), (6,8)]
Turtle 4 :[(-4,-4), (10,33), (9,33), (8,33), (8,34), (7,34), (6,34), (-4,-4), (-4,-4), (-4,-4), (-4,-4)]
Turtle 5 :[(-5,-5), (17,12), (16,12), (16,12), (15,12), (15,12), (15,11), (15,11), (14,11), (13,11), (-5,-5)]

Detection Run 15
#Info# Executed steps before collision: 11, Found collision: false
Turtle 1 :[(-1,-1), (49,43), (49,43), (49,43), (48,43), (47,43), (47,43), (46,43), (45,43), (45,43), (44,43), (-1,-1)]
Turtle 2 :[(-2,-2), (3,13), (3,13), (3,13), (3,12), (3,11), (3,11), (3,11), (3,11), (2,11), (-2,-2), (-2,-2)]
Turtle 3 :[(-3,-3), (4,12), (4,12), (4,13), (4,13), (4,13), (4,13), (3,13), (3,14), (2,14), (2,15), (-3,-3)]
Turtle 4 :[(-4,-4), (38,40), (38,40), (38,40), (39,40), (39,41), (39,41), (40,41), (-4,-4), (-4,-4), (-4,-4), (-4,-4)]
Turtle 5 :[(-5,-5), (1,14), (1,14), (1,14), (1,14), (1,14), (1,14), (1,15), (1,16), (2,16), (3,16), (4,16)]

Detection Run 16
#Info# Executed steps before collision: 11, Found collision: false
Turtle 1 :[(-1,-1), (41,42), (41,42), (41,42), (40,42), (40,41), (40,40), (40,40), (40,40), (40,39), (40,39), (39,39)]
Turtle 2 :[(-2,-2), (49,26), (48,26), (48,25), (48,24), (47,24), (46,24), (-2,-2), (-2,-2), (-2,-2), (-2,-2), (-2,-2)]
Turtle 3 :[(-3,-3), (12,16), (12,16), (12,16), (12,16), (12,16), (12,17), (11,17), (11,18), (11,19), (11,20), (-3,-3)]
Turtle 4 :[(-4,-4), (45,26), (46,26), (45,26), (45,25), (-4,-4), (-4,-4), (-4,-4), (-4,-4), (-4,-4), (-4,-4), (-4,-4)]
Turtle 5 :[(-5,-5), (38,34), (38,34), (38,33), (38,33), (38,33), (38,33), (39,33), (39,33), (39,32), (39,31), (40,31)]

Detection Run 17
#Info# Executed steps before collision: 11, Found collision: false
Turtle 1 :[(-1,-1), (7,25), (7,26), (8,26), (9,26), (9,25), (9,24), (9,23), (9,22), (-1,-1), (-1,-1), (-1,-1)]
Turtle 2 :[(-2,-2), (36,40), (36,41), (36,42), (36,43), (36,44), (-2,-2), (-2,-2), (-2,-2), (-2,-2), (-2,-2), (-2,-2)]
Turtle 3 :[(-3,-3), (42,16), (42,15), (42,15), (43,15), (43,15), (43,14), (43,14), (44,14), (44,14), (45,14), (-3,-3)]
Turtle 4 :[(-4,-4), (19,26), (19,26), (19,26), (19,25), (19,25), (19,25), (20,25), (21,25), (21,25), (21,24), (21,23)]
Turtle 5 :[(-5,-5), (8,25), (8,24), (8,24), (9,24), (9,24), (10,24), (10,24), (10,24), (10,24), (11,24), (11,23)]

Detection Run 18
#Info# Executed steps before collision: 10, Found collision: false
Turtle 1 :[(-1,-1), (3,13), (2,13), (1,13), (1,12), (0,12), (-1,-1), (-1,-1), (-1,-1), (-1,-1), (-1,-1)]
Turtle 2 :[(-2,-2), (31,23), (31,22), (31,22), (31,21), (31,20), (32,20), (32,19), (-2,-2), (-2,-2), (-2,-2)]
Turtle 3 :[(-3,-3), (21,23), (21,23), (20,23), (20,24), (20,24), (20,24), (20,25), (-3,-3), (-3,-3), (-3,-3)]
Turtle 4 :[(-4,-4), (30,21), (30,21), (30,21), (30,21), (30,21), (30,21), (29,21), (-4,-4), (-4,-4), (-4,-4)]
Turtle 5 :[(-5,-5), (40,10), (39,10), (39,10), (39,10), (39,9), (39,9), (39,9), (40,9), (39,9), (38,9)]

Detection Run 19
#Info# Executed steps before collision: 11, Found collision: false
Turtle 1 :[(-1,-1), (45,1), (45,2), (45,3), (45,3), (45,3), (45,4), (44,4), (44,4), (44,4), (43,4), (-1,-1)]
Turtle 2 :[(-2,-2), (35,38), (35,37), (34,37), (34,36), (33,36), (33,36), (33,35), (-2,-2), (-2,-2), (-2,-2), (-2,-2)]
Turtle 3 :[(-3,-3), (33,40), (33,40), (33,40), (33,40), (33,40), (33,39), (33,39), (33,38), (33,37), (34,37), (34,36)]
Turtle 4 :[(-4,-4), (39,12), (39,12), (39,11), (39,11), (39,11), (39,11), (39,10), (38,10), (38,10), (37,10), (-4,-4)]
Turtle 5 :[(-5,-5), (43,8), (43,9), (42,9), (41,9), (41,10), (41,10), (41,11), (-5,-5), (-5,-5), (-5,-5), (-5,-5)]

Detection Run 20
#Info# Executed steps before collision: 11, Found collision: false
Turtle 1 :[(-1,-1), (43,4), (43,4), (44,4), (44,4), (45,4), (46,4), (46,4), (47,4), (47,4), (47,4), (48,4)]
Turtle 2 :[(-2,-2), (14,13), (14,13), (14,14), (14,14), (14,15), (14,15), (14,15), (14,16), (14,16), (14,17), (-2,-2)]
Turtle 3 :[(-3,-3), (17,16), (16,16), (16,17), (15,17), (15,18), (14,18), (-3,-3), (-3,-3), (-3,-3), (-3,-3), (-3,-3)]
Turtle 4 :[(-4,-4), (4,2), (4,3), (4,4), (5,4), (6,4), (7,4), (-4,-4), (-4,-4), (-4,-4), (-4,-4), (-4,-4)]
Turtle 5 :[(-5,-5), (28,5), (29,5), (29,5), (29,5), (29,5), (29,5), (29,5), (30,5), (31,5), (31,4), (-5,-5)]

Detection Run 21
#Info# Executed steps before collision: 11, Found collision: false
Turtle 1 :[(-1,-1), (22,9), (22,10), (23,10), (23,10), (23,10), (23,11), (24,11), (24,12), (-1,-1), (-1,-1), (-1,-1)]
Turtle 2 :[(-2,-2), (14,17), (14,17), (14,17), (14,17), (14,17), (14,18), (14,18), (14,19), (14,20), (-2,-2), (-2,-2)]
Turtle 3 :[(-3,-3), (16,34), (16,34), (17,34), (17,34), (17,33), (18,33), (19,33), (19,33), (19,33), (19,33), (20,33)]
Turtle 4 :[(-4,-4), (40,29), (40,29), (40,29), (40,28), (40,27), (40,26), (40,26), (40,26), (39,26), (39,25), (-4,-4)]
Turtle 5 :[(-5,-5), (36,28), (36,28), (36,27), (37,27), (37,27), (37,26), (37,25), (37,25), (37,25), (37,25), (38,25)]

Detection Run 22
#Info# Executed steps before collision: 9, Found collision: false
Turtle 1 :[(-1,-1), (25,2), (25,1), (25,0), (24,0), (23,0), (22,0), (-1,-1), (-1,-1), (-1,-1)]
Turtle 2 :[(-2,-2), (4,45), (3,45), (3,44), (3,44), (3,44), (3,43), (-2,-2), (-2,-2), (-2,-2)]
Turtle 3 :[(-3,-3), (44,3), (44,3), (44,2), (43,2), (44,2), (45,2), (45,1), (45,0), (46,0)]
Turtle 4 :[(-4,-4), (42,34), (42,35), (43,35), (44,35), (45,35), (45,35), (45,35), (45,35), (45,36)]
Turtle 5 :[(-5,-5), (46,2), (46,2), (45,2), (45,3), (44,3), (43,3), (-5,-5), (-5,-5), (-5,-5)]

Fault Detection Run 23
#Info# Executed steps before collision: 9, Found collision: true
Turtle 1 :[(-1,-1), (15,8), (15,8), (15,8), (15,8), (16,8), (15,8), (15,7), (15,7), (15,7), (15,6), (-1,-1), (-1,-1)]
Turtle 2 :[(-2,-2), (6,2), (7,2), (7,3), (7,4), (7,5), (7,6), (-2,-2), (-2,-2), (-2,-2), (-2,-2), (-2,-2), (-2,-2)]
Turtle 3 :[(-3,-3), (6,45), (6,46), (6,47), (6,48), (5,48), (5,48), (5,49), (-3,-3), (-3,-3), (-3,-3), (-3,-3), (-3,-3)]
Turtle 4 :[(-4,-4), (15,4), (15,4), (15,5), (15,5), (15,6), (15,6), (15,6), (15,6), (15,7), (15,7), (14,7), (13,7)]
Turtle 5 :[(-5,-5), (0,1), (1,1), (2,1), (3,1), (4,1), (4,2), (-5,-5), (-5,-5), (-5,-5), (-5,-5), (-5,-5), (-5,-5)]

