Detection Run 1
#Info# Executed steps before collision: 6, Found collision: false
Turtle 1 :[(-1,-1), (5,16), (5,15), (6,15), (7,15), (7,14), (8,14)]
Turtle 2 :[(-2,-2), (17,2), (17,1), (17,0), (-2,-2), (-2,-2), (-2,-2)]
Turtle 3 :[(-3,-3), (2,0), (1,0), (2,0), (1,0), (0,0), (-3,-3)]
Turtle 4 :[(-4,-4), (1,14), (2,14), (3,14), (4,14), (5,14), (5,15)]
Turtle 5 :[(-5,-5), (7,17), (7,18), (8,18), (8,19), (8,19), (9,19)]

Detection Run 2
#Info# Executed steps before collision: 8, Found collision: false
Turtle 1 :[(-1,-1), (14,3), (13,3), (12,3), (11,3), (11,2), (10,2), (-1,-1), (-1,-1)]
Turtle 2 :[(-2,-2), (8,0), (8,1), (8,2), (9,2), (10,2), (-2,-2), (-2,-2), (-2,-2)]
Turtle 3 :[(-3,-3), (11,15), (11,14), (10,14), (10,13), (9,13), (9,12), (-3,-3), (-3,-3)]
Turtle 4 :[(-4,-4), (5,11), (4,11), (3,11), (2,11), (1,11), (1,10), (-4,-4), (-4,-4)]
Turtle 5 :[(-5,-5), (5,9), (4,9), (3,9), (3,10), (2,10), (3,10), (2,10), (1,10)]

Detection Run 3
#Info# Executed steps before collision: 7, Found collision: false
Turtle 1 :[(-1,-1), (2,10), (3,10), (3,9), (3,8), (-1,-1), (-1,-1), (-1,-1)]
Turtle 2 :[(-2,-2), (11,7), (11,6), (11,5), (11,4), (10,4), (10,3), (-2,-2)]
Turtle 3 :[(-3,-3), (-3,-3), (-3,-3), (11,7), (11,6), (10,6), (10,5), (10,4)]
Turtle 4 :[(-4,-4), (5,14), (5,15), (4,15), (4,16), (4,15), (3,15), (-4,-4)]
Turtle 5 :[(-5,-5), (8,1), (7,1), (6,1), (5,1), (4,1), (3,1), (-5,-5)]

Detection Run 4
#Info# Executed steps before collision: 12, Found collision: false
Turtle 1 :[(-1,-1), (16,13), (15,13), (15,12), (14,12), (13,12), (12,12), (-1,-1), (-1,-1), (-1,-1), (-1,-1), (-1,-1), (-1,-1)]
Turtle 2 :[(-2,-2), (3,9), (2,9), (2,8), (1,8), (1,7), (0,7), (-2,-2), (-2,-2), (-2,-2), (-2,-2), (-2,-2), (-2,-2)]
Turtle 3 :[(-3,-3), (1,11), (2,11), (3,11), (4,11), (4,12), (4,13), (-3,-3), (-3,-3), (-3,-3), (-3,-3), (-3,-3), (-3,-3)]
Turtle 4 :[(-4,-4), (3,14), (3,13), (3,12), (4,12), (5,12), (5,13), (4,13), (4,12), (4,11), (4,10), (3,10), (2,10)]
Turtle 5 :[(-5,-5), (19,6), (19,5), (19,4), (19,4), (19,5), (19,4), (-5,-5), (-5,-5), (-5,-5), (-5,-5), (-5,-5), (-5,-5)]

Detection Run 5
#Info# Executed steps before collision: 8, Found collision: false
Turtle 1 :[(-1,-1), (6,14), (5,14), (5,13), (4,13), (4,12), (4,11), (-1,-1), (-1,-1)]
Turtle 2 :[(-2,-2), (3,12), (3,13), (4,13), (4,14), (4,15), (5,15), (4,15), (4,16)]
Turtle 3 :[(-3,-3), (7,17), (6,17), (5,17), (5,16), (4,16), (-3,-3), (-3,-3), (-3,-3)]
Turtle 4 :[(-4,-4), (8,14), (8,13), (8,12), (8,11), (7,11), (6,11), (-4,-4), (-4,-4)]
Turtle 5 :[(-5,-5), (16,3), (16,2), (16,1), (-5,-5), (-5,-5), (-5,-5), (-5,-5), (-5,-5)]

Detection Run 6
#Info# Executed steps before collision: 6, Found collision: false
Turtle 1 :[(-1,-1), (7,3), (6,3), (5,3), (5,2), (5,1), (4,1)]
Turtle 2 :[(-2,-2), (2,4), (2,3), (1,3), (1,2), (1,1), (1,0)]
Turtle 3 :[(-3,-3), (9,8), (8,8), (7,8), (7,9), (6,9), (5,9)]
Turtle 4 :[(-4,-4), (5,0), (6,0), (7,0), (8,0), (9,0), (-4,-4)]
Turtle 5 :[(-5,-5), (6,9), (6,8), (6,7), (6,6), (7,6), (-5,-5)]

Detection Run 7
#Info# Executed steps before collision: 6, Found collision: false
Turtle 1 :[(-1,-1), (7,10), (7,11), (7,12), (6,12), (5,12), (4,12)]
Turtle 2 :[(-2,-2), (14,1), (13,1), (12,1), (11,1), (10,1), (9,1)]
Turtle 3 :[(-3,-3), (13,18), (13,17), (13,16), (13,15), (13,14), (13,13)]
Turtle 4 :[(-4,-4), (10,14), (11,14), (12,14), (12,15), (13,15), (14,15)]
Turtle 5 :[(-5,-5), (8,18), (8,17), (8,16), (8,15), (9,15), (10,15)]

Detection Run 8
#Info# Executed steps before collision: 10, Found collision: false
Turtle 1 :[(-1,-1), (5,3), (5,2), (4,2), (5,2), (5,1), (4,1), (4,0), (3,0), (3,1), (-1,-1)]
Turtle 2 :[(-2,-2), (8,14), (9,14), (10,14), (11,14), (11,13), (11,12), (-2,-2), (-2,-2), (-2,-2), (-2,-2)]
Turtle 3 :[(-3,-3), (12,15), (11,15), (10,15), (9,15), (9,14), (9,13), (10,13), (10,12), (-3,-3), (-3,-3)]
Turtle 4 :[(-4,-4), (3,0), (4,0), (4,1), (4,0), (3,0), (3,1), (3,2), (3,3), (4,3), (5,3)]
Turtle 5 :[(-5,-5), (7,11), (7,10), (7,10), (6,10), (7,10), (7,11), (7,12), (-5,-5), (-5,-5), (-5,-5)]

Fault Detection Run 9
#Info# Executed steps before collision: 7, Found collision: true
Turtle 1 :[(-1,-1), (2,3), (2,4), (1,4), (0,4), (0,5), (0,5), (0,6)]
Turtle 2 :[(-2,-2), (19,9), (19,9), (18,9), (18,8), (17,8), (17,7), (17,6)]
Turtle 3 :[(-3,-3), (0,11), (0,10), (0,9), (0,9), (0,8), (0,7), (0,6)]
Turtle 4 :[(-4,-4), (0,2), (0,2), (0,2), (1,2), (2,2), (2,1), (-4,-4)]
Turtle 5 :[(-5,-5), (3,16), (3,15), (3,14), (2,14), (1,14), (1,13), (-5,-5)]

