Detection Run 1
#Info# Executed steps before collision: 6, Found collision: false
Turtle 1 :[(-1,-1), (16,7), (16,6), (16,5), (16,4), (17,4), (18,4)]
Turtle 2 :[(-2,-2), (15,6), (15,7), (15,8), (15,9), (15,10), (14,10)]
Turtle 3 :[(-3,-3), (17,5), (18,5), (18,4), (18,3), (18,2), (19,2)]
Turtle 4 :[(-4,-4), (6,17), (6,18), (5,18), (5,19), (4,19), (3,19)]
Turtle 5 :[(-5,-5), (10,17), (11,17), (12,17), (13,17), (13,16), (13,15)]

Detection Run 2
#Info# Executed steps before collision: 7, Found collision: false
Turtle 1 :[(-1,-1), (19,6), (19,7), (19,6), (18,6), (17,6), (17,7), (-1,-1)]
Turtle 2 :[(-2,-2), (9,13), (9,13), (8,13), (7,13), (7,12), (7,11), (6,11)]
Turtle 3 :[(-3,-3), (8,13), (8,12), (9,12), (9,13), (9,14), (10,14), (10,15)]
Turtle 4 :[(-4,-4), (12,0), (12,1), (12,2), (12,3), (12,4), (13,4), (-4,-4)]
Turtle 5 :[(-5,-5), (12,1), (11,1), (10,1), (9,1), (8,1), (-5,-5), (-5,-5)]

Detection Run 3
#Info# Executed steps before collision: 6, Found collision: false
Turtle 1 :[(-1,-1), (17,17), (18,17), (19,17), (19,16), (19,16), (19,15)]
Turtle 2 :[(-2,-2), (1,15), (2,15), (2,14), (2,13), (2,12), (2,11)]
Turtle 3 :[(-3,-3), (6,2), (6,3), (6,4), (6,5), (7,5), (7,6)]
Turtle 4 :[(-4,-4), (1,12), (2,12), (3,12), (3,11), (4,11), (4,10)]
Turtle 5 :[(-5,-5), (3,13), (4,13), (4,12), (5,12), (6,12), (7,12)]

Detection Run 4
#Info# Executed steps before collision: 10, Found collision: false
Turtle 1 :[(-1,-1), (9,17), (9,16), (10,16), (10,15), (11,15), (-1,-1), (-1,-1), (-1,-1), (-1,-1), (-1,-1)]
Turtle 2 :[(-2,-2), (14,6), (14,5), (14,4), (14,3), (14,2), (14,1), (-2,-2), (-2,-2), (-2,-2), (-2,-2)]
Turtle 3 :[(-3,-3), (18,6), (18,7), (18,7), (17,7), (16,7), (15,7), (14,7), (-3,-3), (-3,-3), (-3,-3)]
Turtle 4 :[(-4,-4), (7,9), (7,10), (8,10), (8,11), (8,12), (8,13), (-4,-4), (-4,-4), (-4,-4), (-4,-4)]
Turtle 5 :[(-5,-5), (17,9), (17,8), (18,8), (17,8), (17,9), (18,9), (18,8), (18,7), (19,7), (19,6)]

Detection Run 5
#Info# Executed steps before collision: 6, Found collision: false
Turtle 1 :[(-1,-1), (5,6), (6,6), (7,6), (8,6), (9,6), (10,6)]
Turtle 2 :[(-2,-2), (16,19), (16,19), (-2,-2), (-2,-2), (-2,-2), (-2,-2)]
Turtle 3 :[(-3,-3), (13,13), (12,13), (11,13), (11,14), (10,14), (10,15)]
Turtle 4 :[(-4,-4), (9,4), (10,4), (10,3), (11,3), (12,3), (13,3)]
Turtle 5 :[(-5,-5), (12,7), (11,7), (10,7), (9,7), (8,7), (8,8)]

Detection Run 6
#Info# Executed steps before collision: 6, Found collision: false
Turtle 1 :[(-1,-1), (10,0), (10,1), (11,1), (11,0), (12,0), (13,0)]
Turtle 2 :[(-2,-2), (15,5), (16,5), (17,5), (17,6), (17,7), (-2,-2)]
Turtle 3 :[(-3,-3), (11,17), (10,17), (9,17), (8,17), (-3,-3), (-3,-3)]
Turtle 4 :[(-4,-4), (11,14), (12,14), (13,14), (14,14), (-4,-4), (-4,-4)]
Turtle 5 :[(-5,-5), (3,15), (4,15), (5,15), (6,15), (7,15), (8,15)]

Detection Run 7
#Info# Executed steps before collision: 6, Found collision: false
Turtle 1 :[(-1,-1), (3,8), (4,8), (5,8), (6,8), (-1,-1), (-1,-1)]
Turtle 2 :[(-2,-2), (16,19), (17,19), (18,19), (-2,-2), (-2,-2), (-2,-2)]
Turtle 3 :[(-3,-3), (17,18), (16,18), (15,18), (14,18), (-3,-3), (-3,-3)]
Turtle 4 :[(-4,-4), (6,17), (5,17), (4,17), (3,17), (3,16), (2,16)]
Turtle 5 :[(-5,-5), (9,13), (8,13), (7,13), (7,14), (7,15), (6,15)]

Detection Run 8
#Info# Executed steps before collision: 6, Found collision: false
Turtle 1 :[(-1,-1), (8,4), (8,3), (9,3), (10,3), (10,2), (11,2)]
Turtle 2 :[(-2,-2), (11,5), (10,5), (9,5), (9,6), (8,6), (7,6)]
Turtle 3 :[(-3,-3), (6,7), (6,8), (5,8), (5,9), (-3,-3), (-3,-3)]
Turtle 4 :[(-4,-4), (5,12), (4,12), (4,11), (3,11), (2,11), (1,11)]
Turtle 5 :[(-5,-5), (17,15), (17,14), (17,13), (17,12), (17,11), (17,10)]

Detection Run 9
#Info# Executed steps before collision: 6, Found collision: false
Turtle 1 :[(-1,-1), (10,5), (10,6), (10,7), (11,7), (12,7), (12,8)]
Turtle 2 :[(-2,-2), (14,7), (13,7), (12,7), (12,6), (11,6), (10,6)]
Turtle 3 :[(-3,-3), (17,18), (17,17), (18,17), (19,17), (19,16), (19,16)]
Turtle 4 :[(-4,-4), (12,0), (11,0), (11,1), (11,2), (10,2), (10,3)]
Turtle 5 :[(-5,-5), (19,0), (18,0), (18,1), (17,1), (16,1), (16,2)]

Fault Detection Run 10
#Info# Executed steps before collision: 2, Found collision: true
Turtle 1 :[(-1,-1), (6,13), (7,13), (7,13), (8,13), (9,13), (10,13), (10,14), (-1,-1), (-1,-1)]
Turtle 2 :[(-2,-2), (17,8), (17,7), (17,6), (16,6), (16,5), (16,5), (16,4), (-2,-2), (-2,-2)]
Turtle 3 :[(-3,-3), (13,7), (13,8), (14,8), (15,8), (14,8), (15,8), (-3,-3), (-3,-3), (-3,-3)]
Turtle 4 :[(-4,-4), (4,12), (4,13), (4,14), (4,15), (4,16), (4,17), (-4,-4), (-4,-4), (-4,-4)]
Turtle 5 :[(-5,-5), (17,7), (17,7), (17,8), (16,8), (16,9), (15,9), (14,9), (14,8), (13,8)]

