Shrinking Run 1
#Info# Executed steps before collision: 5, Found collision: true
Turtle 1 :[(-1,-1), (3,5), (3,4), (2,4), (2,3), (1,3), (1,2), (-1,-1)]
Turtle 2 :[(-2,-2), (17,15), (17,16), (17,17), (17,18), (17,19), (16,19), (17,19)]
Turtle 3 :[(-3,-3), (4,13), (4,14), (3,14), (2,14), (1,14), (1,15), (-3,-3)]
Turtle 4 :[(-4,-4), (18,18), (18,18), (18,18), (18,19), (17,19), (16,19), (15,19)]
Turtle 5 :[(-5,-5), (11,8), (11,7), (11,6), (11,5), (10,5), (9,5), (-5,-5)]

Shrinking Run 2
#Info# Executed steps before collision: 6, Found collision: true
Turtle 1 :[(-1,-1), (3,5), (3,4), (3,3), (2,3), (2,2), (2,1), (-1,-1), (-1,-1), (-1,-1), (-1,-1)]
Turtle 2 :[(-2,-2), (17,15), (17,16), (17,17), (17,18), (17,19), (17,19), (-2,-2), (-2,-2), (-2,-2), (-2,-2)]
Turtle 3 :[(-3,-3), (4,13), (4,14), (3,14), (2,14), (1,14), (1,15), (-3,-3), (-3,-3), (-3,-3), (-3,-3)]
Turtle 4 :[(-4,-4), (18,18), (18,18), (18,18), (18,18), (17,18), (17,19), (18,19), (17,19), (16,19), (15,19)]
Turtle 5 :[(-5,-5), (11,8), (11,7), (11,6), (11,5), (10,5), (9,5), (-5,-5), (-5,-5), (-5,-5), (-5,-5)]

Shrinking Run 3
#Info# Executed steps before collision: 4, Found collision: true
Turtle 1 :[(-1,-1), (3,5), (3,4), (2,4), (2,3), (2,2), (2,1), (-1,-1), (-1,-1)]
Turtle 2 :[(-2,-2), (17,15), (17,16), (17,17), (17,18), (17,19), (17,19), (17,19), (-2,-2)]
Turtle 3 :[(-3,-3), (4,13), (4,14), (3,14), (2,14), (1,14), (1,15), (-3,-3), (-3,-3)]
Turtle 4 :[(-4,-4), (18,18), (18,18), (18,18), (17,18), (17,19), (17,19), (16,19), (15,19)]
Turtle 5 :[(-5,-5), (11,8), (11,7), (11,6), (11,5), (10,5), (9,5), (-5,-5), (-5,-5)]

Shrinking Run 4
#Info# Executed steps before collision: 9, Found collision: false
Turtle 1 :[(-1,-1), (3,5), (3,4), (2,4), (1,4), (1,3), (1,2), (-1,-1), (-1,-1), (-1,-1)]
Turtle 2 :[(-2,-2), (17,15), (17,16), (17,17), (17,18), (17,19), (17,19), (-2,-2), (-2,-2), (-2,-2)]
Turtle 3 :[(-3,-3), (4,13), (4,14), (3,14), (2,14), (1,14), (1,15), (-3,-3), (-3,-3), (-3,-3)]
Turtle 4 :[(-4,-4), (18,18), (18,18), (18,18), (19,18), (18,18), (17,18), (16,18), (15,18), (15,19)]
Turtle 5 :[(-5,-5), (11,8), (11,7), (11,6), (11,5), (10,5), (9,5), (-5,-5), (-5,-5), (-5,-5)]

Shrinking Run 5
#Info# Executed steps before collision: 6, Found collision: true
Turtle 1 :[(-1,-1), (3,5), (2,5), (1,5), (1,4), (0,4), (0,3), (-1,-1), (-1,-1), (-1,-1), (-1,-1)]
Turtle 2 :[(-2,-2), (17,15), (17,16), (17,17), (17,18), (17,19), (17,19), (-2,-2), (-2,-2), (-2,-2), (-2,-2)]
Turtle 3 :[(-3,-3), (4,13), (4,14), (3,14), (2,14), (1,14), (1,15), (-3,-3), (-3,-3), (-3,-3), (-3,-3)]
Turtle 4 :[(-4,-4), (18,18), (18,18), (18,18), (18,18), (17,18), (17,19), (18,19), (17,19), (16,19), (15,19)]
Turtle 5 :[(-5,-5), (11,8), (11,7), (11,6), (11,5), (10,5), (9,5), (-5,-5), (-5,-5), (-5,-5), (-5,-5)]

Shrinking Run 6
#Info# Executed steps before collision: 5, Found collision: true
Turtle 1 :[(-1,-1), (3,5), (2,5), (2,4), (1,4), (0,4), (0,3), (-1,-1)]
Turtle 2 :[(-2,-2), (17,15), (17,16), (17,17), (17,18), (17,19), (16,19), (17,19)]
Turtle 3 :[(-3,-3), (4,13), (4,14), (3,14), (2,14), (1,14), (1,15), (-3,-3)]
Turtle 4 :[(-4,-4), (18,18), (18,18), (18,18), (18,19), (17,19), (16,19), (15,19)]
Turtle 5 :[(-5,-5), (11,8), (11,7), (11,6), (11,5), (10,5), (9,5), (-5,-5)]

Shrinking Run 7
#Info# Executed steps before collision: 8, Found collision: false
Turtle 1 :[(-1,-1), (3,5), (2,5), (2,4), (1,4), (0,4), (0,3), (-1,-1), (-1,-1)]
Turtle 2 :[(-2,-2), (17,15), (16,15), (16,16), (15,16), (15,17), (15,18), (-2,-2), (-2,-2)]
Turtle 3 :[(-3,-3), (4,13), (4,14), (3,14), (2,14), (1,14), (1,15), (-3,-3), (-3,-3)]
Turtle 4 :[(-4,-4), (18,18), (18,18), (18,18), (17,18), (17,19), (17,19), (16,19), (15,19)]
Turtle 5 :[(-5,-5), (11,8), (11,7), (11,6), (11,5), (10,5), (9,5), (-5,-5), (-5,-5)]

Shrinking Run 8
#Info# Executed steps before collision: 6, Found collision: true
Turtle 1 :[(-1,-1), (3,5), (2,5), (2,4), (1,4), (0,4), (0,3), (-1,-1)]
Turtle 2 :[(-2,-2), (17,15), (16,15), (16,16), (16,17), (16,18), (16,19), (-2,-2)]
Turtle 3 :[(-3,-3), (4,13), (4,14), (3,14), (2,14), (1,14), (1,15), (-3,-3)]
Turtle 4 :[(-4,-4), (18,18), (18,18), (18,18), (17,18), (17,19), (16,19), (15,19)]
Turtle 5 :[(-5,-5), (11,8), (11,7), (11,6), (11,5), (10,5), (9,5), (-5,-5)]

Shrinking Run 9
#Info# Executed steps before collision: 8, Found collision: false
Turtle 1 :[(-1,-1), (3,5), (2,5), (2,4), (1,4), (0,4), (0,3), (-1,-1), (-1,-1)]
Turtle 2 :[(-2,-2), (17,15), (16,15), (16,14), (16,13), (16,12), (16,11), (-2,-2), (-2,-2)]
Turtle 3 :[(-3,-3), (4,13), (4,14), (3,14), (2,14), (1,14), (1,15), (-3,-3), (-3,-3)]
Turtle 4 :[(-4,-4), (18,18), (18,18), (18,18), (17,18), (17,19), (17,19), (16,19), (15,19)]
Turtle 5 :[(-5,-5), (11,8), (11,7), (11,6), (11,5), (10,5), (9,5), (-5,-5), (-5,-5)]

Shrinking Run 10
#Info# Executed steps before collision: 8, Found collision: false
Turtle 1 :[(-1,-1), (3,5), (2,5), (2,4), (1,4), (0,4), (0,3), (-1,-1), (-1,-1)]
Turtle 2 :[(-2,-2), (17,15), (16,15), (16,14), (15,14), (15,13), (15,12), (-2,-2), (-2,-2)]
Turtle 3 :[(-3,-3), (4,13), (4,14), (3,14), (2,14), (1,14), (1,15), (-3,-3), (-3,-3)]
Turtle 4 :[(-4,-4), (18,18), (18,18), (18,18), (17,18), (17,19), (17,19), (16,19), (15,19)]
Turtle 5 :[(-5,-5), (11,8), (11,7), (11,6), (11,5), (10,5), (9,5), (-5,-5), (-5,-5)]

Shrinking Run 11
#Info# Executed steps before collision: 8, Found collision: false
Turtle 1 :[(-1,-1), (3,5), (2,5), (2,4), (1,4), (0,4), (0,3), (-1,-1), (-1,-1)]
Turtle 2 :[(-2,-2), (17,15), (16,15), (16,16), (15,16), (14,16), (-2,-2), (-2,-2), (-2,-2)]
Turtle 3 :[(-3,-3), (4,13), (4,14), (3,14), (2,14), (1,14), (1,15), (-3,-3), (-3,-3)]
Turtle 4 :[(-4,-4), (18,18), (18,18), (18,18), (17,18), (17,19), (17,19), (16,19), (15,19)]
Turtle 5 :[(-5,-5), (11,8), (11,7), (11,6), (11,5), (10,5), (9,5), (-5,-5), (-5,-5)]

Shrinking Run 12
#Info# Executed steps before collision: 8, Found collision: false
Turtle 1 :[(-1,-1), (3,5), (2,5), (2,4), (1,4), (0,4), (0,3), (-1,-1), (-1,-1)]
Turtle 2 :[(-2,-2), (17,15), (16,15), (15,15), (15,16), (15,17), (15,18), (-2,-2), (-2,-2)]
Turtle 3 :[(-3,-3), (4,13), (4,14), (3,14), (2,14), (1,14), (1,15), (-3,-3), (-3,-3)]
Turtle 4 :[(-4,-4), (18,18), (18,18), (18,18), (17,18), (17,19), (17,19), (16,19), (15,19)]
Turtle 5 :[(-5,-5), (11,8), (11,7), (11,6), (11,5), (10,5), (9,5), (-5,-5), (-5,-5)]

Shrinking Run 13
#Info# Executed steps before collision: 8, Found collision: false
Turtle 1 :[(-1,-1), (3,5), (2,5), (2,4), (1,4), (0,4), (0,3), (-1,-1), (-1,-1)]
Turtle 2 :[(-2,-2), (17,15), (16,15), (16,16), (16,17), (15,17), (15,18), (-2,-2), (-2,-2)]
Turtle 3 :[(-3,-3), (4,13), (4,14), (3,14), (2,14), (1,14), (1,15), (-3,-3), (-3,-3)]
Turtle 4 :[(-4,-4), (18,18), (18,18), (18,18), (17,18), (17,19), (17,19), (16,19), (15,19)]
Turtle 5 :[(-5,-5), (11,8), (11,7), (11,6), (11,5), (10,5), (9,5), (-5,-5), (-5,-5)]

Shrinking Run 14
#Info# Executed steps before collision: 8, Found collision: false
Turtle 1 :[(-1,-1), (3,5), (2,5), (2,4), (1,4), (0,4), (0,3), (-1,-1), (-1,-1)]
Turtle 2 :[(-2,-2), (17,15), (16,15), (16,16), (16,17), (16,18), (15,18), (-2,-2), (-2,-2)]
Turtle 3 :[(-3,-3), (4,13), (4,14), (3,14), (2,14), (1,14), (1,15), (-3,-3), (-3,-3)]
Turtle 4 :[(-4,-4), (18,18), (18,18), (18,18), (17,18), (17,19), (17,19), (16,19), (15,19)]
Turtle 5 :[(-5,-5), (11,8), (11,7), (11,6), (11,5), (10,5), (9,5), (-5,-5), (-5,-5)]

Shrinking Run 15
#Info# Executed steps before collision: 9, Found collision: false
Turtle 1 :[(-1,-1), (3,5), (2,5), (2,4), (1,4), (0,4), (0,3), (-1,-1), (-1,-1), (-1,-1)]
Turtle 2 :[(-2,-2), (17,15), (16,15), (16,16), (16,17), (16,18), (16,19), (-2,-2), (-2,-2), (-2,-2)]
Turtle 3 :[(-3,-3), (4,13), (4,14), (3,14), (2,14), (1,14), (0,14), (-3,-3), (-3,-3), (-3,-3)]
Turtle 4 :[(-4,-4), (18,18), (18,18), (18,18), (17,18), (17,19), (17,19), (17,19), (16,19), (15,19)]
Turtle 5 :[(-5,-5), (11,8), (11,7), (11,6), (11,5), (10,5), (9,5), (-5,-5), (-5,-5), (-5,-5)]

Shrinking Run 16
#Info# Executed steps before collision: 10, Found collision: false
Turtle 1 :[(-1,-1), (3,5), (2,5), (2,4), (1,4), (0,4), (0,3), (-1,-1), (-1,-1), (-1,-1), (-1,-1)]
Turtle 2 :[(-2,-2), (17,15), (16,15), (16,16), (16,17), (16,18), (16,19), (-2,-2), (-2,-2), (-2,-2), (-2,-2)]
Turtle 3 :[(-3,-3), (4,13), (4,12), (3,12), (2,12), (1,12), (1,11), (-3,-3), (-3,-3), (-3,-3), (-3,-3)]
Turtle 4 :[(-4,-4), (18,18), (18,18), (18,18), (17,18), (17,19), (17,19), (18,19), (17,19), (16,19), (15,19)]
Turtle 5 :[(-5,-5), (11,8), (11,7), (11,6), (11,5), (10,5), (9,5), (-5,-5), (-5,-5), (-5,-5), (-5,-5)]

Shrinking Run 17
#Info# Executed steps before collision: 8, Found collision: false
Turtle 1 :[(-1,-1), (3,5), (2,5), (2,4), (1,4), (0,4), (0,3), (-1,-1), (-1,-1)]
Turtle 2 :[(-2,-2), (17,15), (16,15), (16,16), (16,17), (16,18), (16,19), (-2,-2), (-2,-2)]
Turtle 3 :[(-3,-3), (4,13), (3,13), (2,13), (1,13), (1,14), (-3,-3), (-3,-3), (-3,-3)]
Turtle 4 :[(-4,-4), (18,18), (18,18), (18,18), (17,18), (17,19), (17,19), (16,19), (15,19)]
Turtle 5 :[(-5,-5), (11,8), (11,7), (11,6), (11,5), (10,5), (9,5), (-5,-5), (-5,-5)]

Shrinking Run 18
#Info# Executed steps before collision: 8, Found collision: false
Turtle 1 :[(-1,-1), (3,5), (2,5), (2,4), (1,4), (0,4), (0,3), (-1,-1), (-1,-1)]
Turtle 2 :[(-2,-2), (17,15), (16,15), (16,16), (16,17), (16,18), (16,19), (-2,-2), (-2,-2)]
Turtle 3 :[(-3,-3), (4,13), (3,13), (2,13), (2,14), (1,14), (1,15), (-3,-3), (-3,-3)]
Turtle 4 :[(-4,-4), (18,18), (18,18), (18,18), (17,18), (17,19), (17,19), (16,19), (15,19)]
Turtle 5 :[(-5,-5), (11,8), (11,7), (11,6), (11,5), (10,5), (9,5), (-5,-5), (-5,-5)]

Shrinking Run 19
#Info# Executed steps before collision: 8, Found collision: false
Turtle 1 :[(-1,-1), (3,5), (2,5), (2,4), (1,4), (0,4), (0,3), (-1,-1), (-1,-1)]
Turtle 2 :[(-2,-2), (17,15), (16,15), (16,16), (16,17), (16,18), (16,19), (-2,-2), (-2,-2)]
Turtle 3 :[(-3,-3), (4,13), (4,14), (3,14), (2,14), (1,14), (1,15), (-3,-3), (-3,-3)]
Turtle 4 :[(-4,-4), (18,18), (18,18), (18,18), (17,18), (17,17), (17,16), (16,16), (15,16)]
Turtle 5 :[(-5,-5), (11,8), (11,7), (11,6), (11,5), (10,5), (9,5), (-5,-5), (-5,-5)]

Shrinking Run 20
#Info# Executed steps before collision: 6, Found collision: true
Turtle 1 :[(-1,-1), (3,5), (2,5), (2,4), (1,4), (0,4), (0,3), (-1,-1), (-1,-1)]
Turtle 2 :[(-2,-2), (17,15), (16,15), (16,16), (16,17), (16,18), (16,19), (-2,-2), (-2,-2)]
Turtle 3 :[(-3,-3), (4,13), (4,14), (3,14), (2,14), (1,14), (1,15), (-3,-3), (-3,-3)]
Turtle 4 :[(-4,-4), (18,18), (18,18), (18,18), (17,18), (17,19), (16,19), (15,19), (14,19)]
Turtle 5 :[(-5,-5), (11,8), (11,7), (11,6), (11,5), (10,5), (9,5), (-5,-5), (-5,-5)]

Shrinking Run 21
#Info# Executed steps before collision: 10, Found collision: false
Turtle 1 :[(-1,-1), (3,5), (2,5), (2,4), (1,4), (0,4), (0,3), (-1,-1), (-1,-1), (-1,-1), (-1,-1)]
Turtle 2 :[(-2,-2), (17,15), (16,15), (16,16), (16,17), (16,18), (16,19), (-2,-2), (-2,-2), (-2,-2), (-2,-2)]
Turtle 3 :[(-3,-3), (4,13), (4,14), (3,14), (2,14), (1,14), (1,15), (-3,-3), (-3,-3), (-3,-3), (-3,-3)]
Turtle 4 :[(-4,-4), (18,18), (18,18), (18,18), (17,18), (17,17), (17,16), (16,16), (15,16), (15,17), (14,17)]
Turtle 5 :[(-5,-5), (11,8), (11,7), (11,6), (11,5), (10,5), (9,5), (-5,-5), (-5,-5), (-5,-5), (-5,-5)]

Shrinking Run 22
#Info# Executed steps before collision: 5, Found collision: true
Turtle 1 :[(-1,-1), (3,5), (2,5), (2,4), (1,4), (0,4), (0,3), (-1,-1), (-1,-1)]
Turtle 2 :[(-2,-2), (17,15), (16,15), (16,16), (16,17), (16,18), (16,19), (-2,-2), (-2,-2)]
Turtle 3 :[(-3,-3), (4,13), (4,14), (3,14), (2,14), (1,14), (1,15), (-3,-3), (-3,-3)]
Turtle 4 :[(-4,-4), (18,18), (18,18), (18,18), (17,18), (16,18), (15,18), (14,18), (13,18)]
Turtle 5 :[(-5,-5), (11,8), (11,7), (11,6), (11,5), (10,5), (9,5), (-5,-5), (-5,-5)]

Shrinking Run 23
#Info# Executed steps before collision: 6, Found collision: false
Turtle 1 :[(-1,-1), (3,5), (2,5), (2,4), (1,4), (0,4), (0,3)]
Turtle 2 :[(-2,-2), (17,15), (16,15), (16,16), (16,17), (16,18), (16,19)]
Turtle 3 :[(-3,-3), (4,13), (4,14), (3,14), (2,14), (1,14), (1,15)]
Turtle 4 :[(-4,-4), (18,18), (17,18), (16,18), (15,18), (14,18), (13,18)]
Turtle 5 :[(-5,-5), (11,8), (11,7), (11,6), (11,5), (10,5), (9,5)]

Shrinking Run 24
#Info# Executed steps before collision: 7, Found collision: false
Turtle 1 :[(-1,-1), (3,5), (2,5), (2,4), (1,4), (0,4), (0,3), (-1,-1)]
Turtle 2 :[(-2,-2), (17,15), (16,15), (16,16), (16,17), (16,18), (16,19), (-2,-2)]
Turtle 3 :[(-3,-3), (4,13), (4,14), (3,14), (2,14), (1,14), (1,15), (-3,-3)]
Turtle 4 :[(-4,-4), (18,18), (18,18), (17,18), (16,18), (15,18), (14,18), (13,18)]
Turtle 5 :[(-5,-5), (11,8), (11,7), (11,6), (11,5), (10,5), (9,5), (-5,-5)]

Shrinking Run 25
#Info# Executed steps before collision: 5, Found collision: true
Turtle 1 :[(-1,-1), (3,5), (2,5), (2,4), (1,4), (0,4), (0,3), (-1,-1), (-1,-1), (-1,-1), (-1,-1)]
Turtle 2 :[(-2,-2), (17,15), (16,15), (16,16), (16,17), (16,18), (16,19), (-2,-2), (-2,-2), (-2,-2), (-2,-2)]
Turtle 3 :[(-3,-3), (4,13), (4,14), (3,14), (2,14), (1,14), (1,15), (-3,-3), (-3,-3), (-3,-3), (-3,-3)]
Turtle 4 :[(-4,-4), (18,18), (17,18), (17,18), (17,18), (16,18), (17,18), (16,18), (15,18), (14,18), (13,18)]
Turtle 5 :[(-5,-5), (11,8), (11,7), (11,6), (11,5), (10,5), (9,5), (-5,-5), (-5,-5), (-5,-5), (-5,-5)]

Shrinking Run 26
#Info# Executed steps before collision: 5, Found collision: true
Turtle 1 :[(-1,-1), (3,5), (2,5), (2,4), (1,4), (0,4), (0,3), (-1,-1), (-1,-1), (-1,-1)]
Turtle 2 :[(-2,-2), (17,15), (16,15), (16,16), (16,17), (16,18), (16,19), (-2,-2), (-2,-2), (-2,-2)]
Turtle 3 :[(-3,-3), (4,13), (4,14), (3,14), (2,14), (1,14), (1,15), (-3,-3), (-3,-3), (-3,-3)]
Turtle 4 :[(-4,-4), (18,18), (17,18), (16,18), (16,18), (16,18), (16,18), (15,18), (14,18), (13,18)]
Turtle 5 :[(-5,-5), (11,8), (11,7), (11,6), (11,5), (10,5), (9,5), (-5,-5), (-5,-5), (-5,-5)]

Shrinking Run 27
#Info# Executed steps before collision: 9, Found collision: false
Turtle 1 :[(-1,-1), (3,5), (2,5), (2,4), (1,4), (0,4), (0,3), (-1,-1), (-1,-1), (-1,-1)]
Turtle 2 :[(-2,-2), (17,15), (16,15), (16,16), (16,17), (16,18), (16,19), (-2,-2), (-2,-2), (-2,-2)]
Turtle 3 :[(-3,-3), (4,13), (4,14), (3,14), (2,14), (1,14), (1,15), (-3,-3), (-3,-3), (-3,-3)]
Turtle 4 :[(-4,-4), (18,18), (17,18), (16,18), (15,18), (15,18), (15,17), (14,17), (13,17), (13,18)]
Turtle 5 :[(-5,-5), (11,8), (11,7), (11,6), (11,5), (10,5), (9,5), (-5,-5), (-5,-5), (-5,-5)]

Shrinking Run 28
#Info# Executed steps before collision: 8, Found collision: false
Turtle 1 :[(-1,-1), (3,5), (2,5), (2,4), (1,4), (0,4), (0,3), (-1,-1), (-1,-1)]
Turtle 2 :[(-2,-2), (17,15), (16,15), (16,16), (16,17), (16,18), (16,19), (-2,-2), (-2,-2)]
Turtle 3 :[(-3,-3), (4,13), (4,14), (3,14), (2,14), (1,14), (1,15), (-3,-3), (-3,-3)]
Turtle 4 :[(-4,-4), (18,18), (17,18), (16,18), (16,18), (15,18), (14,18), (14,18), (13,18)]
Turtle 5 :[(-5,-5), (11,8), (11,7), (11,6), (11,5), (10,5), (9,5), (-5,-5), (-5,-5)]

Shrinking Run 29
#Info# Executed steps before collision: 5, Found collision: true
Turtle 1 :[(-1,-1), (3,5), (2,5), (2,4), (1,4), (0,4), (0,3), (-1,-1), (-1,-1), (-1,-1)]
Turtle 2 :[(-2,-2), (17,15), (16,15), (16,16), (16,17), (16,18), (16,19), (-2,-2), (-2,-2), (-2,-2)]
Turtle 3 :[(-3,-3), (4,13), (4,14), (3,14), (2,14), (1,14), (1,15), (-3,-3), (-3,-3), (-3,-3)]
Turtle 4 :[(-4,-4), (18,18), (17,18), (16,18), (16,18), (16,18), (16,18), (15,18), (14,18), (13,18)]
Turtle 5 :[(-5,-5), (11,8), (11,7), (10,7), (10,6), (9,6), (8,6), (-5,-5), (-5,-5), (-5,-5)]

Shrinking Run 30
#Info# Executed steps before collision: 5, Found collision: true
Turtle 1 :[(-1,-1), (3,5), (2,5), (2,4), (1,4), (0,4), (0,3), (-1,-1), (-1,-1), (-1,-1), (-1,-1)]
Turtle 2 :[(-2,-2), (17,15), (16,15), (16,16), (16,17), (16,18), (16,19), (-2,-2), (-2,-2), (-2,-2), (-2,-2)]
Turtle 3 :[(-3,-3), (4,13), (4,14), (3,14), (2,14), (1,14), (1,15), (-3,-3), (-3,-3), (-3,-3), (-3,-3)]
Turtle 4 :[(-4,-4), (18,18), (17,18), (16,18), (16,18), (16,18), (17,18), (16,18), (15,18), (14,18), (13,18)]
Turtle 5 :[(-5,-5), (11,8), (10,8), (10,7), (10,6), (9,6), (8,6), (-5,-5), (-5,-5), (-5,-5), (-5,-5)]

Shrinking Run 31
#Info# Executed steps before collision: 5, Found collision: true
Turtle 1 :[(-1,-1), (3,5), (2,5), (2,4), (1,4), (0,4), (0,3), (-1,-1), (-1,-1)]
Turtle 2 :[(-2,-2), (17,15), (16,15), (16,16), (16,17), (16,18), (16,19), (-2,-2), (-2,-2)]
Turtle 3 :[(-3,-3), (4,13), (4,14), (3,14), (2,14), (1,14), (1,15), (-3,-3), (-3,-3)]
Turtle 4 :[(-4,-4), (18,18), (17,18), (16,18), (16,18), (16,18), (15,18), (14,18), (13,18)]
Turtle 5 :[(-5,-5), (11,8), (10,8), (9,8), (9,7), (9,6), (8,6), (-5,-5), (-5,-5)]

Shrinking Run 32
#Info# Executed steps before collision: 9, Found collision: false
Turtle 1 :[(-1,-1), (3,5), (2,5), (2,4), (1,4), (0,4), (0,3), (-1,-1), (-1,-1), (-1,-1)]
Turtle 2 :[(-2,-2), (17,15), (16,15), (16,16), (16,17), (16,18), (15,18), (15,18), (15,19), (16,19)]
Turtle 3 :[(-3,-3), (4,13), (4,14), (3,14), (2,14), (1,14), (1,15), (-3,-3), (-3,-3), (-3,-3)]
Turtle 4 :[(-4,-4), (18,18), (17,18), (16,18), (16,18), (16,19), (15,19), (14,19), (13,19), (13,18)]
Turtle 5 :[(-5,-5), (11,8), (10,8), (9,8), (9,7), (8,7), (7,7), (-5,-5), (-5,-5), (-5,-5)]

Shrinking Run 33
#Info# Executed steps before collision: 5, Found collision: true
Turtle 1 :[(-1,-1), (3,5), (2,5), (2,4), (1,4), (0,4), (0,3), (-1,-1), (-1,-1), (-1,-1)]
Turtle 2 :[(-2,-2), (17,15), (16,15), (16,16), (16,17), (16,18), (16,19), (-2,-2), (-2,-2), (-2,-2)]
Turtle 3 :[(-3,-3), (4,13), (4,14), (3,14), (2,14), (1,14), (1,15), (-3,-3), (-3,-3), (-3,-3)]
Turtle 4 :[(-4,-4), (18,18), (17,18), (16,18), (16,18), (16,18), (16,18), (15,18), (14,18), (13,18)]
Turtle 5 :[(-5,-5), (11,8), (10,8), (9,8), (8,8), (8,7), (7,7), (-5,-5), (-5,-5), (-5,-5)]

Shrinking Run 34
#Info# Executed steps before collision: 9, Found collision: false
Turtle 1 :[(-1,-1), (3,5), (3,4), (2,4), (1,4), (1,3), (1,2), (-1,-1), (-1,-1), (-1,-1)]
Turtle 2 :[(-2,-2), (17,15), (16,15), (16,16), (16,17), (16,18), (17,18), (17,19), (16,19), (-2,-2)]
Turtle 3 :[(-3,-3), (4,13), (4,14), (3,14), (2,14), (1,14), (1,15), (-3,-3), (-3,-3), (-3,-3)]
Turtle 4 :[(-4,-4), (18,18), (17,18), (16,18), (16,18), (16,19), (16,18), (15,18), (14,18), (13,18)]
Turtle 5 :[(-5,-5), (11,8), (10,8), (9,8), (8,8), (8,7), (7,7), (-5,-5), (-5,-5), (-5,-5)]

Shrinking Run 35
#Info# Executed steps before collision: 6, Found collision: true
Turtle 1 :[(-1,-1), (3,5), (2,5), (2,4), (1,4), (0,4), (0,3), (-1,-1), (-1,-1)]
Turtle 2 :[(-2,-2), (17,15), (16,15), (16,16), (15,16), (15,17), (15,18), (-2,-2), (-2,-2)]
Turtle 3 :[(-3,-3), (4,13), (4,14), (3,14), (2,14), (1,14), (1,15), (-3,-3), (-3,-3)]
Turtle 4 :[(-4,-4), (18,18), (17,18), (16,18), (16,18), (16,18), (15,18), (14,18), (13,18)]
Turtle 5 :[(-5,-5), (11,8), (10,8), (9,8), (8,8), (8,7), (7,7), (-5,-5), (-5,-5)]

Shrinking Run 36
#Info# Executed steps before collision: 8, Found collision: false
Turtle 1 :[(-1,-1), (3,5), (2,5), (2,4), (1,4), (0,4), (0,3), (-1,-1), (-1,-1)]
Turtle 2 :[(-2,-2), (17,15), (16,15), (16,14), (15,14), (15,13), (15,12), (-2,-2), (-2,-2)]
Turtle 3 :[(-3,-3), (4,13), (4,14), (3,14), (2,14), (1,14), (1,15), (-3,-3), (-3,-3)]
Turtle 4 :[(-4,-4), (18,18), (17,18), (16,18), (16,18), (16,18), (15,18), (14,18), (13,18)]
Turtle 5 :[(-5,-5), (11,8), (10,8), (9,8), (8,8), (8,7), (7,7), (-5,-5), (-5,-5)]

Shrinking Run 37
#Info# Executed steps before collision: 8, Found collision: false
Turtle 1 :[(-1,-1), (3,5), (2,5), (2,4), (1,4), (0,4), (0,3), (-1,-1), (-1,-1)]
Turtle 2 :[(-2,-2), (17,15), (16,15), (15,15), (14,15), (14,16), (13,16), (-2,-2), (-2,-2)]
Turtle 3 :[(-3,-3), (4,13), (4,14), (3,14), (2,14), (1,14), (1,15), (-3,-3), (-3,-3)]
Turtle 4 :[(-4,-4), (18,18), (17,18), (16,18), (16,18), (16,18), (15,18), (14,18), (13,18)]
Turtle 5 :[(-5,-5), (11,8), (10,8), (9,8), (8,8), (8,7), (7,7), (-5,-5), (-5,-5)]

Shrinking Run 38
#Info# Executed steps before collision: 8, Found collision: false
Turtle 1 :[(-1,-1), (3,5), (2,5), (2,4), (1,4), (0,4), (0,3), (-1,-1), (-1,-1)]
Turtle 2 :[(-2,-2), (17,15), (16,15), (15,15), (14,15), (14,16), (14,17), (-2,-2), (-2,-2)]
Turtle 3 :[(-3,-3), (4,13), (4,14), (3,14), (2,14), (1,14), (1,15), (-3,-3), (-3,-3)]
Turtle 4 :[(-4,-4), (18,18), (17,18), (16,18), (16,18), (16,18), (15,18), (14,18), (13,18)]
Turtle 5 :[(-5,-5), (11,8), (10,8), (9,8), (8,8), (8,7), (7,7), (-5,-5), (-5,-5)]

Shrinking Run 39
#Info# Executed steps before collision: 8, Found collision: false
Turtle 1 :[(-1,-1), (3,5), (2,5), (2,4), (1,4), (0,4), (0,3), (-1,-1), (-1,-1)]
Turtle 2 :[(-2,-2), (17,15), (16,15), (16,16), (15,16), (14,16), (14,17), (-2,-2), (-2,-2)]
Turtle 3 :[(-3,-3), (4,13), (4,14), (3,14), (2,14), (1,14), (1,15), (-3,-3), (-3,-3)]
Turtle 4 :[(-4,-4), (18,18), (17,18), (16,18), (16,18), (16,18), (15,18), (14,18), (13,18)]
Turtle 5 :[(-5,-5), (11,8), (10,8), (9,8), (8,8), (8,7), (7,7), (-5,-5), (-5,-5)]

Shrinking Run 40
#Info# Executed steps before collision: 8, Found collision: false
Turtle 1 :[(-1,-1), (3,5), (2,5), (2,4), (1,4), (0,4), (0,3), (-1,-1), (-1,-1)]
Turtle 2 :[(-2,-2), (17,15), (16,15), (16,16), (15,16), (15,17), (14,17), (-2,-2), (-2,-2)]
Turtle 3 :[(-3,-3), (4,13), (4,14), (3,14), (2,14), (1,14), (1,15), (-3,-3), (-3,-3)]
Turtle 4 :[(-4,-4), (18,18), (17,18), (16,18), (16,18), (16,18), (15,18), (14,18), (13,18)]
Turtle 5 :[(-5,-5), (11,8), (10,8), (9,8), (8,8), (8,7), (7,7), (-5,-5), (-5,-5)]

Shrinking Run 41
#Info# Executed steps before collision: 6, Found collision: true
Turtle 1 :[(-1,-1), (3,5), (2,5), (2,4), (1,4), (0,4), (0,3), (-1,-1), (-1,-1)]
Turtle 2 :[(-2,-2), (17,15), (16,15), (15,15), (15,16), (15,17), (15,18), (-2,-2), (-2,-2)]
Turtle 3 :[(-3,-3), (4,13), (4,14), (3,14), (2,14), (1,14), (1,15), (-3,-3), (-3,-3)]
Turtle 4 :[(-4,-4), (18,18), (17,18), (16,18), (16,18), (16,18), (15,18), (14,18), (13,18)]
Turtle 5 :[(-5,-5), (11,8), (10,8), (9,8), (8,8), (8,7), (7,7), (-5,-5), (-5,-5)]

Shrinking Run 42
#Info# Executed steps before collision: 6, Found collision: true
Turtle 1 :[(-1,-1), (3,5), (2,5), (2,4), (1,4), (0,4), (0,3), (-1,-1), (-1,-1)]
Turtle 2 :[(-2,-2), (17,15), (16,15), (15,15), (15,16), (15,17), (15,18), (-2,-2), (-2,-2)]
Turtle 3 :[(-3,-3), (4,13), (4,14), (3,14), (2,14), (1,14), (0,14), (-3,-3), (-3,-3)]
Turtle 4 :[(-4,-4), (18,18), (17,18), (16,18), (16,18), (16,18), (15,18), (14,18), (13,18)]
Turtle 5 :[(-5,-5), (11,8), (10,8), (9,8), (8,8), (8,7), (7,7), (-5,-5), (-5,-5)]

Shrinking Run 43
#Info# Executed steps before collision: 6, Found collision: true
Turtle 1 :[(-1,-1), (3,5), (2,5), (2,4), (1,4), (0,4), (0,3), (-1,-1), (-1,-1)]
Turtle 2 :[(-2,-2), (17,15), (16,15), (15,15), (15,16), (15,17), (15,18), (-2,-2), (-2,-2)]
Turtle 3 :[(-3,-3), (4,13), (4,12), (3,12), (2,12), (1,12), (1,11), (-3,-3), (-3,-3)]
Turtle 4 :[(-4,-4), (18,18), (17,18), (16,18), (16,18), (16,18), (15,18), (14,18), (13,18)]
Turtle 5 :[(-5,-5), (11,8), (10,8), (9,8), (8,8), (8,7), (7,7), (-5,-5), (-5,-5)]

Shrinking Run 44
#Info# Executed steps before collision: 6, Found collision: true
Turtle 1 :[(-1,-1), (3,5), (2,5), (2,4), (1,4), (0,4), (0,3), (-1,-1), (-1,-1)]
Turtle 2 :[(-2,-2), (17,15), (16,15), (15,15), (15,16), (15,17), (15,18), (-2,-2), (-2,-2)]
Turtle 3 :[(-3,-3), (4,13), (3,13), (2,13), (1,13), (0,13), (0,12), (-3,-3), (-3,-3)]
Turtle 4 :[(-4,-4), (18,18), (17,18), (16,18), (16,18), (16,18), (15,18), (14,18), (13,18)]
Turtle 5 :[(-5,-5), (11,8), (10,8), (9,8), (8,8), (8,7), (7,7), (-5,-5), (-5,-5)]

Shrinking Run 45
#Info# Executed steps before collision: 8, Found collision: false
Turtle 1 :[(-1,-1), (3,5), (2,5), (2,4), (1,4), (0,4), (0,3), (-1,-1), (-1,-1)]
Turtle 2 :[(-2,-2), (17,15), (16,15), (15,15), (15,16), (15,17), (15,18), (-2,-2), (-2,-2)]
Turtle 3 :[(-3,-3), (4,13), (3,13), (2,13), (1,13), (0,13), (0,12), (-3,-3), (-3,-3)]
Turtle 4 :[(-4,-4), (18,18), (18,18), (18,18), (17,18), (17,17), (17,16), (16,16), (15,16)]
Turtle 5 :[(-5,-5), (11,8), (10,8), (9,8), (8,8), (8,7), (7,7), (-5,-5), (-5,-5)]

Shrinking Run 46
#Info# Executed steps before collision: 8, Found collision: false
Turtle 1 :[(-1,-1), (3,5), (2,5), (2,4), (1,4), (0,4), (0,3), (-1,-1), (-1,-1)]
Turtle 2 :[(-2,-2), (17,15), (16,15), (15,15), (15,16), (15,17), (15,18), (-2,-2), (-2,-2)]
Turtle 3 :[(-3,-3), (4,13), (3,13), (2,13), (1,13), (0,13), (0,12), (-3,-3), (-3,-3)]
Turtle 4 :[(-4,-4), (18,18), (18,18), (18,18), (17,18), (17,17), (16,17), (15,17), (14,17)]
Turtle 5 :[(-5,-5), (11,8), (10,8), (9,8), (8,8), (8,7), (7,7), (-5,-5), (-5,-5)]

Shrinking Run 47
#Info# Executed steps before collision: 6, Found collision: false
Turtle 1 :[(-1,-1), (3,5), (2,5), (2,4), (1,4), (0,4), (0,3)]
Turtle 2 :[(-2,-2), (17,15), (16,15), (15,15), (15,16), (15,17), (15,18)]
Turtle 3 :[(-3,-3), (4,13), (3,13), (2,13), (1,13), (0,13), (0,12)]
Turtle 4 :[(-4,-4), (18,18), (17,18), (16,18), (15,18), (14,18), (13,18)]
Turtle 5 :[(-5,-5), (11,8), (10,8), (9,8), (8,8), (8,7), (7,7)]

Shrinking Run 48
#Info# Executed steps before collision: 7, Found collision: false
Turtle 1 :[(-1,-1), (3,5), (2,5), (2,4), (1,4), (0,4), (0,3), (-1,-1)]
Turtle 2 :[(-2,-2), (17,15), (16,15), (15,15), (15,16), (15,17), (15,17), (15,18)]
Turtle 3 :[(-3,-3), (4,13), (3,13), (2,13), (1,13), (0,13), (0,12), (-3,-3)]
Turtle 4 :[(-4,-4), (18,18), (18,18), (17,18), (16,18), (15,18), (14,18), (13,18)]
Turtle 5 :[(-5,-5), (11,8), (10,8), (9,8), (8,8), (8,7), (7,7), (-5,-5)]

Shrinking Run 49
#Info# Executed steps before collision: 6, Found collision: true
Turtle 1 :[(-1,-1), (3,5), (2,5), (2,4), (1,4), (0,4), (0,3), (-1,-1), (-1,-1), (-1,-1)]
Turtle 2 :[(-2,-2), (17,15), (16,15), (15,15), (15,16), (15,17), (15,18), (-2,-2), (-2,-2), (-2,-2)]
Turtle 3 :[(-3,-3), (4,13), (3,13), (2,13), (1,13), (0,13), (0,12), (-3,-3), (-3,-3), (-3,-3)]
Turtle 4 :[(-4,-4), (18,18), (17,18), (16,18), (15,18), (15,18), (15,18), (14,18), (14,18), (13,18)]
Turtle 5 :[(-5,-5), (11,8), (10,8), (9,8), (8,8), (8,7), (7,7), (-5,-5), (-5,-5), (-5,-5)]

Shrinking Run 50
#Info# Executed steps before collision: 8, Found collision: false
Turtle 1 :[(-1,-1), (3,5), (2,5), (2,4), (1,4), (0,4), (0,3), (-1,-1), (-1,-1)]
Turtle 2 :[(-2,-2), (17,15), (16,15), (15,15), (15,16), (15,17), (15,18), (-2,-2), (-2,-2)]
Turtle 3 :[(-3,-3), (4,13), (3,13), (2,13), (1,13), (0,13), (0,12), (-3,-3), (-3,-3)]
Turtle 4 :[(-4,-4), (18,18), (17,18), (16,18), (15,18), (14,18), (14,18), (14,18), (13,18)]
Turtle 5 :[(-5,-5), (11,8), (10,8), (9,8), (8,8), (8,7), (7,7), (-5,-5), (-5,-5)]

Shrinking Run 51
#Info# Executed steps before collision: 8, Found collision: false
Turtle 1 :[(-1,-1), (3,5), (2,5), (2,4), (1,4), (0,4), (0,3), (-1,-1), (-1,-1)]
Turtle 2 :[(-2,-2), (17,15), (16,15), (15,15), (15,16), (15,17), (15,16), (15,17), (15,18)]
Turtle 3 :[(-3,-3), (4,13), (3,13), (2,13), (1,13), (0,13), (0,12), (-3,-3), (-3,-3)]
Turtle 4 :[(-4,-4), (18,18), (17,18), (16,18), (15,18), (15,18), (14,18), (14,18), (13,18)]
Turtle 5 :[(-5,-5), (11,8), (10,8), (9,8), (9,7), (8,7), (7,7), (-5,-5), (-5,-5)]

Shrinking Run 52
#Info# Executed steps before collision: 8, Found collision: false
Turtle 1 :[(-1,-1), (3,5), (3,4), (2,4), (1,4), (1,3), (1,2), (-1,-1), (-1,-1)]
Turtle 2 :[(-2,-2), (17,15), (16,15), (15,15), (15,16), (15,17), (15,16), (15,17), (15,18)]
Turtle 3 :[(-3,-3), (4,13), (3,13), (2,13), (1,13), (0,13), (0,12), (-3,-3), (-3,-3)]
Turtle 4 :[(-4,-4), (18,18), (17,18), (16,18), (15,18), (15,18), (14,18), (14,18), (13,18)]
Turtle 5 :[(-5,-5), (11,8), (10,8), (9,8), (8,8), (8,7), (7,7), (-5,-5), (-5,-5)]

Shrinking Run 53
#Info# Executed steps before collision: 8, Found collision: false
Turtle 1 :[(-1,-1), (3,5), (2,5), (2,4), (1,4), (0,4), (0,3), (-1,-1), (-1,-1)]
Turtle 2 :[(-2,-2), (17,15), (16,15), (16,14), (15,14), (15,13), (15,12), (-2,-2), (-2,-2)]
Turtle 3 :[(-3,-3), (4,13), (3,13), (2,13), (1,13), (0,13), (0,12), (-3,-3), (-3,-3)]
Turtle 4 :[(-4,-4), (18,18), (17,18), (16,18), (15,18), (15,18), (14,18), (14,18), (13,18)]
Turtle 5 :[(-5,-5), (11,8), (10,8), (9,8), (8,8), (8,7), (7,7), (-5,-5), (-5,-5)]

Shrinking Run 54
#Info# Executed steps before collision: 8, Found collision: false
Turtle 1 :[(-1,-1), (3,5), (2,5), (2,4), (1,4), (0,4), (0,3), (-1,-1), (-1,-1)]
Turtle 2 :[(-2,-2), (17,15), (16,15), (15,15), (14,15), (14,16), (13,16), (-2,-2), (-2,-2)]
Turtle 3 :[(-3,-3), (4,13), (3,13), (2,13), (1,13), (0,13), (0,12), (-3,-3), (-3,-3)]
Turtle 4 :[(-4,-4), (18,18), (17,18), (16,18), (15,18), (15,18), (14,18), (14,18), (13,18)]
Turtle 5 :[(-5,-5), (11,8), (10,8), (9,8), (8,8), (8,7), (7,7), (-5,-5), (-5,-5)]

Shrinking Run 55
#Info# Executed steps before collision: 8, Found collision: false
Turtle 1 :[(-1,-1), (3,5), (2,5), (2,4), (1,4), (0,4), (0,3), (-1,-1), (-1,-1)]
Turtle 2 :[(-2,-2), (17,15), (16,15), (15,15), (14,15), (14,16), (14,17), (-2,-2), (-2,-2)]
Turtle 3 :[(-3,-3), (4,13), (3,13), (2,13), (1,13), (0,13), (0,12), (-3,-3), (-3,-3)]
Turtle 4 :[(-4,-4), (18,18), (17,18), (16,18), (15,18), (15,18), (14,18), (14,18), (13,18)]
Turtle 5 :[(-5,-5), (11,8), (10,8), (9,8), (8,8), (8,7), (7,7), (-5,-5), (-5,-5)]

Shrinking Run 56
#Info# Executed steps before collision: 7, Found collision: false
Turtle 1 :[(-1,-1), (3,5), (2,5), (2,4), (1,4), (0,4), (0,3), (-1,-1)]
Turtle 2 :[(-2,-2), (17,15), (16,15), (16,16), (15,16), (14,16), (14,17), (-2,-2)]
Turtle 3 :[(-3,-3), (4,13), (3,13), (2,13), (1,13), (0,13), (0,12), (-3,-3)]
Turtle 4 :[(-4,-4), (18,18), (17,18), (16,18), (15,18), (15,18), (14,18), (13,18)]
Turtle 5 :[(-5,-5), (11,8), (10,8), (9,8), (8,8), (8,7), (7,7), (-5,-5)]

Shrink Run 57
#Info# Executed steps before collision: 9, Found collision: false
Turtle 1 :[(-1,-1), (3,5), (2,5), (2,4), (1,4), (0,4), (0,3), (-1,-1), (-1,-1), (-1,-1)]
Turtle 2 :[(-2,-2), (17,15), (16,15), (16,16), (15,16), (15,17), (14,17), (-2,-2), (-2,-2), (-2,-2)]
Turtle 3 :[(-3,-3), (4,13), (3,13), (2,13), (1,13), (0,13), (0,12), (-3,-3), (-3,-3), (-3,-3)]
Turtle 4 :[(-4,-4), (18,18), (17,18), (16,18), (15,18), (15,18), (16,18), (15,18), (14,18), (13,18)]
Turtle 5 :[(-5,-5), (11,8), (10,8), (9,8), (8,8), (8,7), (7,7), (-5,-5), (-5,-5), (-5,-5)]

