Detection Run 1
#Info# Executed steps before collision: 8, Found collision: false
Turtle 1 :[(-1,-1), (10,12), (9,12), (9,13), (8,13), (7,13), (6,13), (-1,-1), (-1,-1)]
Turtle 2 :[(-2,-2), (3,4), (2,4), (2,3), (2,2), (2,1), (1,1), (-2,-2), (-2,-2)]
Turtle 3 :[(-3,-3), (16,18), (16,19), (16,19), (15,19), (-3,-3), (-3,-3), (-3,-3), (-3,-3)]
Turtle 4 :[(-4,-4), (9,15), (9,14), (9,15), (9,14), (10,14), (10,13), (10,12), (10,11)]
Turtle 5 :[(-5,-5), (7,13), (6,13), (5,13), (5,14), (4,14), (-5,-5), (-5,-5), (-5,-5)]

Detection Run 2
#Info# Executed steps before collision: 6, Found collision: false
Turtle 1 :[(-1,-1), (2,3), (1,3), (1,4), (0,4), (-1,-1), (-1,-1)]
Turtle 2 :[(-2,-2), (5,7), (6,7), (7,7), (8,7), (8,8), (9,8)]
Turtle 3 :[(-3,-3), (1,8), (2,8), (2,9), (2,10), (3,10), (4,10)]
Turtle 4 :[(-4,-4), (11,13), (10,13), (10,14), (10,13), (9,13), (-4,-4)]
Turtle 5 :[(-5,-5), (16,9), (15,9), (15,10), (15,11), (14,11), (-5,-5)]

Detection Run 3
#Info# Executed steps before collision: 8, Found collision: false
Turtle 1 :[(-1,-1), (5,2), (5,3), (6,3), (7,3), (7,4), (-1,-1), (-1,-1), (-1,-1)]
Turtle 2 :[(-2,-2), (7,6), (6,6), (7,6), (6,6), (6,5), (-2,-2), (-2,-2), (-2,-2)]
Turtle 3 :[(-3,-3), (1,13), (1,12), (1,11), (0,11), (0,10), (-3,-3), (-3,-3), (-3,-3)]
Turtle 4 :[(-4,-4), (18,3), (17,3), (16,3), (16,2), (15,2), (15,3), (15,4), (15,5)]
Turtle 5 :[(-5,-5), (13,4), (14,4), (15,4), (16,4), (17,4), (18,4), (-5,-5), (-5,-5)]

Detection Run 4
#Info# Executed steps before collision: 8, Found collision: false
Turtle 1 :[(-1,-1), (7,9), (8,9), (9,9), (10,9), (10,8), (10,7), (-1,-1), (-1,-1)]
Turtle 2 :[(-2,-2), (6,19), (7,19), (7,18), (8,18), (7,18), (8,18), (8,17), (8,16)]
Turtle 3 :[(-3,-3), (19,13), (18,13), (18,12), (18,11), (18,10), (17,10), (-3,-3), (-3,-3)]
Turtle 4 :[(-4,-4), (5,17), (6,17), (7,17), (8,17), (8,16), (8,17), (9,17), (9,18)]
Turtle 5 :[(-5,-5), (13,15), (13,16), (13,17), (13,18), (13,19), (12,19), (-5,-5), (-5,-5)]

Detection Run 5
#Info# Executed steps before collision: 6, Found collision: false
Turtle 1 :[(-1,-1), (4,9), (4,10), (3,10), (3,11), (3,12), (3,13)]
Turtle 2 :[(-2,-2), (2,5), (2,6), (1,6), (1,7), (0,7), (0,8)]
Turtle 3 :[(-3,-3), (1,18), (1,17), (0,17), (0,16), (-3,-3), (-3,-3)]
Turtle 4 :[(-4,-4), (8,12), (8,13), (7,13), (6,13), (6,14), (6,15)]
Turtle 5 :[(-5,-5), (18,19), (18,18), (18,19), (18,19), (19,19), (19,19)]

Fault Detection Run 6
#Info# Executed steps before collision: 2, Found collision: true
Turtle 1 :[(-1,-1), (4,7), (4,6), (4,5), (3,5), (3,4), (2,4)]
Turtle 2 :[(-2,-2), (18,1), (19,1), (19,0), (19,0), (-2,-2), (-2,-2)]
Turtle 3 :[(-3,-3), (19,0), (19,1), (19,2), (19,2), (19,3), (19,4)]
Turtle 4 :[(-4,-4), (8,16), (8,17), (9,17), (9,18), (10,18), (10,19)]
Turtle 5 :[(-5,-5), (17,13), (16,13), (15,13), (14,13), (14,12), (14,11)]

