Detection Run 1
#Info# Executed steps before collision: 6, Found collision: false
Turtle 1 :[(-1,-1), (8,20), (8,19), (7,19), (6,19), (6,18), (6,17)]
Turtle 2 :[(-2,-2), (23,24), (23,23), (-2,-2), (-2,-2), (-2,-2), (-2,-2)]
Turtle 3 :[(-3,-3), (1,48), (1,47), (0,47), (0,46), (0,45), (-3,-3)]
Turtle 4 :[(-4,-4), (3,13), (3,14), (3,15), (4,15), (4,16), (4,17)]
Turtle 5 :[(-5,-5), (32,36), (32,37), (31,37), (-5,-5), (-5,-5), (-5,-5)]

Detection Run 2
#Info# Executed steps before collision: 6, Found collision: false
Turtle 1 :[(-1,-1), (14,37), (13,37), (14,37), (13,37), (12,37), (11,37)]
Turtle 2 :[(-2,-2), (15,4), (15,5), (15,6), (14,6), (13,6), (13,7)]
Turtle 3 :[(-3,-3), (15,38), (16,38), (16,39), (16,40), (17,40), (17,41)]
Turtle 4 :[(-4,-4), (7,14), (7,15), (8,15), (8,16), (9,16), (9,17)]
Turtle 5 :[(-5,-5), (41,5), (40,5), (40,6), (40,7), (40,8), (-5,-5)]

Detection Run 3
#Info# Executed steps before collision: 6, Found collision: false
Turtle 1 :[(-1,-1), (38,39), (38,40), (37,40), (37,41), (37,42), (37,43)]
Turtle 2 :[(-2,-2), (19,33), (20,33), (20,34), (20,35), (21,35), (21,36)]
Turtle 3 :[(-3,-3), (14,31), (15,31), (15,30), (16,30), (16,31), (16,32)]
Turtle 4 :[(-4,-4), (6,16), (5,16), (5,17), (-4,-4), (-4,-4), (-4,-4)]
Turtle 5 :[(-5,-5), (16,36), (16,35), (17,35), (17,34), (17,33), (-5,-5)]

Detection Run 4
#Info# Executed steps before collision: 9, Found collision: false
Turtle 1 :[(-1,-1), (27,2), (26,2), (25,2), (25,1), (25,0), (-1,-1), (-1,-1), (-1,-1), (-1,-1)]
Turtle 2 :[(-2,-2), (40,39), (40,40), (40,41), (39,41), (39,42), (-2,-2), (-2,-2), (-2,-2), (-2,-2)]
Turtle 3 :[(-3,-3), (35,24), (35,23), (35,24), (34,24), (34,24), (34,23), (33,23), (33,22), (33,21)]
Turtle 4 :[(-4,-4), (33,23), (34,23), (34,22), (34,23), (35,23), (36,23), (37,23), (38,23), (-4,-4)]
Turtle 5 :[(-5,-5), (43,0), (43,1), (43,2), (42,2), (41,2), (41,3), (-5,-5), (-5,-5), (-5,-5)]

Detection Run 5
#Info# Executed steps before collision: 6, Found collision: false
Turtle 1 :[(-1,-1), (18,43), (18,42), (18,41), (18,40), (17,40), (17,39)]
Turtle 2 :[(-2,-2), (39,5), (38,5), (38,4), (38,3), (38,2), (38,1)]
Turtle 3 :[(-3,-3), (20,43), (20,42), (21,42), (22,42), (22,41), (23,41)]
Turtle 4 :[(-4,-4), (38,37), (38,36), (39,36), (40,36), (41,36), (41,35)]
Turtle 5 :[(-5,-5), (25,36), (25,35), (25,34), (25,33), (25,32), (26,32)]

Detection Run 6
#Info# Executed steps before collision: 6, Found collision: false
Turtle 1 :[(-1,-1), (23,15), (23,16), (24,16), (25,16), (26,16), (27,16)]
Turtle 2 :[(-2,-2), (12,0), (13,0), (14,0), (15,0), (-2,-2), (-2,-2)]
Turtle 3 :[(-3,-3), (19,31), (20,31), (21,31), (22,31), (22,32), (23,32)]
Turtle 4 :[(-4,-4), (22,31), (22,32), (22,33), (23,33), (23,34), (-4,-4)]
Turtle 5 :[(-5,-5), (7,11), (7,12), (6,12), (5,12), (5,13), (5,14)]

Fault Detection Run 7
#Info# Executed steps before collision: 10, Found collision: true
Turtle 1 :[(-1,-1), (46,37), (46,36), (46,35), (47,35), (48,35), (-1,-1), (-1,-1), (-1,-1), (-1,-1), (-1,-1), (-1,-1), (-1,-1)]
Turtle 2 :[(-2,-2), (23,18), (23,18), (22,18), (22,17), (21,17), (21,17), (21,16), (21,16), (21,16), (21,15), (-2,-2), (-2,-2)]
Turtle 3 :[(-3,-3), (26,14), (27,14), (27,15), (27,16), (27,17), (27,18), (-3,-3), (-3,-3), (-3,-3), (-3,-3), (-3,-3), (-3,-3)]
Turtle 4 :[(-4,-4), (23,14), (22,14), (22,15), (22,16), (21,16), (21,15), (21,14), (21,15), (21,14), (21,15), (21,16), (21,17)]
Turtle 5 :[(-5,-5), (0,11), (1,11), (2,11), (3,11), (4,11), (4,12), (-5,-5), (-5,-5), (-5,-5), (-5,-5), (-5,-5), (-5,-5)]

