Shrinking Run 1
#Info# Executed steps before collision: 2, Found collision: true
Turtle 1 :[(-1,-1), (13,13), (12,13), (11,13), (10,13), (9,13), (9,14)]
Turtle 2 :[(-2,-2), (0,13), (0,13), (1,13), (2,13), (3,13), (4,13)]
Turtle 3 :[(-3,-3), (7,14), (7,14), (8,14), (9,14), (-3,-3), (-3,-3)]
Turtle 4 :[(-4,-4), (3,3), (4,3), (5,3), (5,2), (6,2), (-4,-4)]
Turtle 5 :[(-5,-5), (11,13), (12,13), (12,14), (13,14), (14,14), (14,14)]

Shrinking Run 2
#Info# Executed steps before collision: 6, Found collision: false
Turtle 1 :[(-1,-1), (13,13), (12,13), (11,13), (11,12), (10,12), (10,11)]
Turtle 2 :[(-2,-2), (0,13), (0,13), (1,13), (2,13), (3,13), (4,13)]
Turtle 3 :[(-3,-3), (7,14), (7,14), (8,14), (9,14), (-3,-3), (-3,-3)]
Turtle 4 :[(-4,-4), (3,3), (4,3), (5,3), (5,2), (6,2), (-4,-4)]
Turtle 5 :[(-5,-5), (11,13), (11,14), (12,14), (13,14), (14,14), (-5,-5)]

Shrinking Run 3
#Info# Executed steps before collision: 2, Found collision: true
Turtle 1 :[(-1,-1), (13,13), (12,13), (11,13), (10,13), (9,13), (9,12)]
Turtle 2 :[(-2,-2), (0,13), (0,13), (1,13), (2,13), (3,13), (4,13)]
Turtle 3 :[(-3,-3), (7,14), (7,14), (8,14), (9,14), (-3,-3), (-3,-3)]
Turtle 4 :[(-4,-4), (3,3), (4,3), (5,3), (5,2), (6,2), (-4,-4)]
Turtle 5 :[(-5,-5), (11,13), (12,13), (12,14), (13,14), (14,14), (14,14)]

Shrinking Run 4
#Info# Executed steps before collision: 2, Found collision: true
Turtle 1 :[(-1,-1), (13,13), (12,13), (12,12), (11,12), (10,12), (9,12)]
Turtle 2 :[(-2,-2), (0,13), (0,13), (1,13), (2,13), (3,13), (4,13)]
Turtle 3 :[(-3,-3), (7,14), (7,14), (8,14), (9,14), (-3,-3), (-3,-3)]
Turtle 4 :[(-4,-4), (3,3), (4,3), (5,3), (5,2), (6,2), (-4,-4)]
Turtle 5 :[(-5,-5), (11,13), (12,13), (12,14), (13,14), (14,14), (14,14)]

Shrinking Run 5
#Info# Executed steps before collision: 2, Found collision: true
Turtle 1 :[(-1,-1), (13,13), (12,13), (11,13), (10,13), (9,13), (8,13)]
Turtle 2 :[(-2,-2), (0,13), (0,13), (1,13), (2,13), (3,13), (4,13)]
Turtle 3 :[(-3,-3), (7,14), (7,14), (8,14), (9,14), (-3,-3), (-3,-3)]
Turtle 4 :[(-4,-4), (3,3), (4,3), (5,3), (5,2), (6,2), (-4,-4)]
Turtle 5 :[(-5,-5), (11,13), (12,13), (12,14), (13,14), (14,14), (14,14)]

Shrinking Run 6
#Info# Executed steps before collision: 9, Found collision: false
Turtle 1 :[(-1,-1), (13,13), (12,13), (12,14), (12,14), (12,13), (11,13), (10,13), (9,13), (8,13)]
Turtle 2 :[(-2,-2), (11,1), (11,0), (12,0), (13,0), (14,0), (-2,-2), (-2,-2), (-2,-2), (-2,-2)]
Turtle 3 :[(-3,-3), (7,14), (7,14), (8,14), (9,14), (-3,-3), (-3,-3), (-3,-3), (-3,-3), (-3,-3)]
Turtle 4 :[(-4,-4), (3,3), (4,3), (5,3), (5,2), (6,2), (-4,-4), (-4,-4), (-4,-4), (-4,-4)]
Turtle 5 :[(-5,-5), (11,13), (11,13), (12,13), (13,13), (13,14), (14,14), (-5,-5), (-5,-5), (-5,-5)]

Shrinking Run 7
#Info# Executed steps before collision: 2, Found collision: true
Turtle 1 :[(-1,-1), (13,13), (12,13), (11,13), (10,13), (9,13), (8,13)]
Turtle 2 :[(-2,-2), (0,13), (0,13), (1,13), (2,13), (1,13), (2,13)]
Turtle 3 :[(-3,-3), (7,14), (7,14), (8,14), (9,14), (-3,-3), (-3,-3)]
Turtle 4 :[(-4,-4), (3,3), (4,3), (5,3), (5,2), (6,2), (-4,-4)]
Turtle 5 :[(-5,-5), (11,13), (12,13), (13,13), (13,14), (14,14), (-5,-5)]

Shrinking Run 8
#Info# Executed steps before collision: 2, Found collision: true
Turtle 1 :[(-1,-1), (13,13), (12,13), (11,13), (10,13), (9,13), (8,13)]
Turtle 2 :[(-2,-2), (0,13), (1,13), (1,12), (1,11), (1,10), (1,9)]
Turtle 3 :[(-3,-3), (7,14), (7,14), (8,14), (9,14), (-3,-3), (-3,-3)]
Turtle 4 :[(-4,-4), (3,3), (4,3), (5,3), (5,2), (6,2), (-4,-4)]
Turtle 5 :[(-5,-5), (11,13), (12,13), (12,14), (13,14), (14,14), (14,14)]

Shrinking Run 9
#Info# Executed steps before collision: 2, Found collision: true
Turtle 1 :[(-1,-1), (13,13), (12,13), (11,13), (10,13), (9,13), (8,13)]
Turtle 2 :[(-2,-2), (0,13), (0,12), (0,11), (0,10), (0,9), (0,8)]
Turtle 3 :[(-3,-3), (7,14), (7,14), (8,14), (9,14), (-3,-3), (-3,-3)]
Turtle 4 :[(-4,-4), (3,3), (4,3), (5,3), (5,2), (6,2), (-4,-4)]
Turtle 5 :[(-5,-5), (11,13), (12,13), (12,14), (13,14), (14,14), (-5,-5)]

Shrinking Run 10
#Info# Executed steps before collision: 2, Found collision: true
Turtle 1 :[(-1,-1), (13,13), (12,13), (11,13), (10,13), (9,13), (8,13)]
Turtle 2 :[(-2,-2), (0,13), (0,12), (0,11), (0,10), (0,9), (0,8)]
Turtle 3 :[(-3,-3), (7,14), (6,14), (6,14), (5,14), (4,14), (3,14)]
Turtle 4 :[(-4,-4), (3,3), (4,3), (5,3), (5,2), (6,2), (-4,-4)]
Turtle 5 :[(-5,-5), (11,13), (12,13), (12,14), (13,14), (14,14), (14,14)]

Shrinking Run 11
#Info# Executed steps before collision: 2, Found collision: true
Turtle 1 :[(-1,-1), (13,13), (12,13), (11,13), (10,13), (9,13), (8,13)]
Turtle 2 :[(-2,-2), (0,13), (0,12), (0,11), (0,10), (0,9), (0,8)]
Turtle 3 :[(-3,-3), (7,14), (6,14), (6,13), (5,13), (5,12), (5,11)]
Turtle 4 :[(-4,-4), (3,3), (4,3), (5,3), (5,2), (6,2), (-4,-4)]
Turtle 5 :[(-5,-5), (11,13), (12,13), (12,14), (13,14), (14,14), (14,14)]

Shrinking Run 12
#Info# Executed steps before collision: 2, Found collision: true
Turtle 1 :[(-1,-1), (13,13), (12,13), (11,13), (10,13), (9,13), (8,13), (-1,-1)]
Turtle 2 :[(-2,-2), (0,13), (0,12), (0,11), (0,10), (0,9), (0,8), (-2,-2)]
Turtle 3 :[(-3,-3), (7,14), (6,14), (5,14), (4,14), (4,13), (4,12), (-3,-3)]
Turtle 4 :[(-4,-4), (3,3), (4,3), (5,3), (5,2), (6,2), (-4,-4), (-4,-4)]
Turtle 5 :[(-5,-5), (11,13), (12,13), (12,13), (12,14), (13,14), (14,14), (14,14)]

Shrinking Run 13
#Info# Executed steps before collision: 2, Found collision: true
Turtle 1 :[(-1,-1), (13,13), (12,13), (11,13), (10,13), (9,13), (8,13)]
Turtle 2 :[(-2,-2), (0,13), (0,12), (0,11), (0,10), (0,9), (0,8)]
Turtle 3 :[(-3,-3), (7,14), (7,13), (6,13), (5,13), (4,13), (4,12)]
Turtle 4 :[(-4,-4), (3,3), (4,3), (5,3), (5,2), (6,2), (-4,-4)]
Turtle 5 :[(-5,-5), (11,13), (12,13), (12,14), (13,14), (14,14), (14,14)]

Shrinking Run 14
#Info# Executed steps before collision: 10, Found collision: false
Turtle 1 :[(-1,-1), (13,13), (12,13), (13,13), (13,12), (12,12), (11,12), (10,12), (9,12), (8,12), (8,13)]
Turtle 2 :[(-2,-2), (0,13), (0,12), (0,11), (0,10), (0,9), (0,8), (-2,-2), (-2,-2), (-2,-2), (-2,-2)]
Turtle 3 :[(-3,-3), (7,14), (6,14), (5,14), (4,14), (3,14), (3,13), (-3,-3), (-3,-3), (-3,-3), (-3,-3)]
Turtle 4 :[(-4,-4), (3,3), (4,3), (5,3), (5,2), (6,2), (-4,-4), (-4,-4), (-4,-4), (-4,-4), (-4,-4)]
Turtle 5 :[(-5,-5), (11,13), (11,13), (12,13), (12,14), (13,14), (14,14), (14,14), (-5,-5), (-5,-5), (-5,-5)]

Shrinking Run 15
#Info# Executed steps before collision: 3, Found collision: true
Turtle 1 :[(-1,-1), (13,13), (12,13), (11,13), (10,13), (9,13), (8,13), (-1,-1)]
Turtle 2 :[(-2,-2), (0,13), (0,12), (0,11), (0,10), (0,9), (0,8), (-2,-2)]
Turtle 3 :[(-3,-3), (7,14), (7,13), (6,13), (5,13), (4,13), (3,13), (-3,-3)]
Turtle 4 :[(-4,-4), (3,3), (4,3), (5,3), (5,2), (6,2), (-4,-4), (-4,-4)]
Turtle 5 :[(-5,-5), (11,13), (10,13), (11,13), (12,13), (12,14), (13,14), (14,14)]

Shrinking Run 16
#Info# Executed steps before collision: 2, Found collision: true
Turtle 1 :[(-1,-1), (13,13), (12,13), (11,13), (10,13), (9,13), (8,13)]
Turtle 2 :[(-2,-2), (0,13), (0,12), (0,11), (0,10), (0,9), (0,8)]
Turtle 3 :[(-3,-3), (7,14), (6,14), (5,14), (4,14), (4,13), (3,13)]
Turtle 4 :[(-4,-4), (3,3), (4,3), (5,3), (5,2), (6,2), (-4,-4)]
Turtle 5 :[(-5,-5), (11,13), (12,13), (12,14), (13,14), (14,14), (14,14)]

Shrinking Run 17
#Info# Executed steps before collision: 3, Found collision: true
Turtle 1 :[(-1,-1), (13,13), (12,13), (12,13), (11,13), (10,13), (9,13), (8,13)]
Turtle 2 :[(-2,-2), (0,13), (0,12), (0,11), (0,10), (0,9), (0,8), (-2,-2)]
Turtle 3 :[(-3,-3), (7,14), (6,14), (5,14), (4,14), (4,13), (3,13), (-3,-3)]
Turtle 4 :[(-4,-4), (3,3), (2,3), (1,3), (1,2), (0,2), (-4,-4), (-4,-4)]
Turtle 5 :[(-5,-5), (11,13), (11,13), (12,13), (12,14), (13,14), (14,14), (14,14)]

Shrinking Run 18
#Info# Executed steps before collision: 2, Found collision: true
Turtle 1 :[(-1,-1), (13,13), (12,13), (11,13), (10,13), (9,13), (8,13)]
Turtle 2 :[(-2,-2), (0,13), (0,12), (0,11), (0,10), (0,9), (0,8)]
Turtle 3 :[(-3,-3), (7,14), (6,14), (5,14), (4,14), (4,13), (3,13)]
Turtle 4 :[(-4,-4), (3,3), (2,3), (1,3), (1,2), (1,1), (1,0)]
Turtle 5 :[(-5,-5), (11,13), (12,13), (12,14), (13,14), (14,14), (14,14)]

Shrinking Run 19
#Info# Executed steps before collision: 2, Found collision: true
Turtle 1 :[(-1,-1), (13,13), (12,13), (11,13), (10,13), (9,13), (8,13)]
Turtle 2 :[(-2,-2), (0,13), (0,12), (0,11), (0,10), (0,9), (0,8)]
Turtle 3 :[(-3,-3), (7,14), (6,14), (5,14), (4,14), (4,13), (3,13)]
Turtle 4 :[(-4,-4), (3,3), (2,3), (1,3), (1,2), (0,2), (0,1)]
Turtle 5 :[(-5,-5), (11,13), (12,13), (12,14), (13,14), (14,14), (14,14)]

Shrinking Run 20
#Info# Executed steps before collision: 3, Found collision: true
Turtle 1 :[(-1,-1), (13,13), (12,13), (11,13), (10,13), (9,13), (8,13), (-1,-1)]
Turtle 2 :[(-2,-2), (0,13), (0,12), (0,11), (0,10), (0,9), (0,8), (-2,-2)]
Turtle 3 :[(-3,-3), (7,14), (6,14), (5,14), (4,14), (4,13), (3,13), (-3,-3)]
Turtle 4 :[(-4,-4), (3,3), (2,3), (1,3), (0,3), (0,2), (0,1), (-4,-4)]
Turtle 5 :[(-5,-5), (11,13), (10,13), (11,13), (12,13), (13,13), (13,14), (14,14)]

Shrinking Run 21
#Info# Executed steps before collision: 6, Found collision: false
Turtle 1 :[(-1,-1), (13,13), (12,13), (11,13), (10,13), (9,13), (8,13)]
Turtle 2 :[(-2,-2), (0,13), (0,12), (0,11), (0,10), (0,9), (0,8)]
Turtle 3 :[(-3,-3), (7,14), (6,14), (5,14), (4,14), (4,13), (3,13)]
Turtle 4 :[(-4,-4), (3,3), (2,3), (1,3), (0,3), (0,2), (0,1)]
Turtle 5 :[(-5,-5), (11,13), (10,13), (10,14), (9,14), (8,14), (7,14)]

Shrinking Run 22
#Info# Executed steps before collision: 6, Found collision: false
Turtle 1 :[(-1,-1), (13,13), (12,13), (11,13), (10,13), (9,13), (8,13)]
Turtle 2 :[(-2,-2), (0,13), (0,12), (0,11), (0,10), (0,9), (0,8)]
Turtle 3 :[(-3,-3), (7,14), (6,14), (5,14), (4,14), (4,13), (3,13)]
Turtle 4 :[(-4,-4), (3,3), (2,3), (1,3), (0,3), (0,2), (0,1)]
Turtle 5 :[(-5,-5), (11,13), (10,13), (10,14), (9,14), (8,14), (8,14)]

Shrinking Run 23
#Info# Executed steps before collision: 6, Found collision: false
Turtle 1 :[(-1,-1), (13,13), (12,13), (11,13), (10,13), (9,13), (8,13)]
Turtle 2 :[(-2,-2), (0,13), (0,12), (0,11), (0,10), (0,9), (0,8)]
Turtle 3 :[(-3,-3), (7,14), (6,14), (5,14), (4,14), (4,13), (3,13)]
Turtle 4 :[(-4,-4), (3,3), (2,3), (1,3), (0,3), (0,2), (0,1)]
Turtle 5 :[(-5,-5), (11,13), (10,13), (10,14), (11,14), (12,14), (12,14)]

Shrinking Run 24
#Info# Executed steps before collision: 2, Found collision: true
Turtle 1 :[(-1,-1), (13,13), (12,13), (11,13), (10,13), (9,13), (8,13)]
Turtle 2 :[(-2,-2), (0,13), (0,12), (0,11), (0,10), (0,9), (0,8)]
Turtle 3 :[(-3,-3), (7,14), (6,14), (5,14), (4,14), (4,13), (3,13)]
Turtle 4 :[(-4,-4), (3,3), (2,3), (1,3), (0,3), (0,2), (0,1)]
Turtle 5 :[(-5,-5), (11,13), (12,13), (12,14), (13,14), (13,14), (-5,-5)]

Shrinking Run 25
#Info# Executed steps before collision: 2, Found collision: true
Turtle 1 :[(-1,-1), (13,13), (12,13), (11,13), (10,13), (9,13), (8,13)]
Turtle 2 :[(-2,-2), (0,13), (0,12), (0,11), (0,10), (0,9), (0,8)]
Turtle 3 :[(-3,-3), (7,14), (6,14), (5,14), (4,14), (4,13), (3,13)]
Turtle 4 :[(-4,-4), (3,3), (2,3), (1,3), (0,3), (0,2), (0,1)]
Turtle 5 :[(-5,-5), (11,13), (12,13), (12,12), (12,11), (12,10), (13,10)]

Shrinking Run 26
#Info# Executed steps before collision: 6, Found collision: false
Turtle 1 :[(-1,-1), (13,13), (12,13), (11,13), (10,13), (9,13), (8,13)]
Turtle 2 :[(-2,-2), (0,13), (0,12), (0,11), (0,10), (0,9), (0,8)]
Turtle 3 :[(-3,-3), (7,14), (6,14), (5,14), (4,14), (4,13), (3,13)]
Turtle 4 :[(-4,-4), (3,3), (2,3), (1,3), (0,3), (0,2), (0,1)]
Turtle 5 :[(-5,-5), (11,13), (10,13), (10,12), (9,12), (8,12), (7,12)]

Shrinking Run 27
#Info# Executed steps before collision: 6, Found collision: false
Turtle 1 :[(-1,-1), (13,13), (12,13), (11,13), (10,13), (9,13), (8,13)]
Turtle 2 :[(-2,-2), (0,13), (0,12), (0,11), (0,10), (0,9), (0,8)]
Turtle 3 :[(-3,-3), (7,14), (6,14), (5,14), (4,14), (4,13), (3,13)]
Turtle 4 :[(-4,-4), (3,3), (2,3), (1,3), (0,3), (0,2), (0,1)]
Turtle 5 :[(-5,-5), (11,13), (10,13), (10,12), (10,11), (9,11), (8,11)]

Shrinking Run 28
#Info# Executed steps before collision: 2, Found collision: true
Turtle 1 :[(-1,-1), (13,13), (12,13), (11,13), (10,13), (9,13), (8,13)]
Turtle 2 :[(-2,-2), (0,13), (0,12), (0,11), (0,10), (0,9), (0,8)]
Turtle 3 :[(-3,-3), (7,14), (6,14), (5,14), (4,14), (4,13), (3,13)]
Turtle 4 :[(-4,-4), (3,3), (2,3), (1,3), (0,3), (0,2), (0,1)]
Turtle 5 :[(-5,-5), (11,13), (12,13), (12,12), (12,11), (12,10), (12,9)]

Shrinking Run 29
#Info# Executed steps before collision: 6, Found collision: false
Turtle 1 :[(-1,-1), (13,13), (12,13), (11,13), (10,13), (9,13), (8,13)]
Turtle 2 :[(-2,-2), (0,13), (0,12), (0,11), (0,10), (0,9), (0,8)]
Turtle 3 :[(-3,-3), (7,14), (6,14), (5,14), (4,14), (4,13), (3,13)]
Turtle 4 :[(-4,-4), (3,3), (2,3), (1,3), (0,3), (0,2), (0,1)]
Turtle 5 :[(-5,-5), (11,13), (10,13), (10,12), (10,11), (10,10), (10,9)]

Shrinking Run 30
#Info# Executed steps before collision: 6, Found collision: false
Turtle 1 :[(-1,-1), (13,13), (12,13), (11,13), (10,13), (9,13), (8,13)]
Turtle 2 :[(-2,-2), (0,13), (0,12), (0,11), (0,10), (0,9), (0,8)]
Turtle 3 :[(-3,-3), (7,14), (6,14), (5,14), (4,14), (4,13), (3,13)]
Turtle 4 :[(-4,-4), (3,3), (2,3), (1,3), (0,3), (0,2), (0,1)]
Turtle 5 :[(-5,-5), (11,13), (11,12), (11,11), (11,10), (11,9), (11,8)]

Shrinking Run 31
#Info# Executed steps before collision: 6, Found collision: false
Turtle 1 :[(-1,-1), (13,13), (12,13), (11,13), (10,13), (9,13), (8,13)]
Turtle 2 :[(-2,-2), (0,13), (0,12), (0,11), (0,10), (0,9), (0,8)]
Turtle 3 :[(-3,-3), (7,14), (6,14), (5,14), (4,14), (4,13), (3,13)]
Turtle 4 :[(-4,-4), (3,3), (2,3), (1,3), (0,3), (0,2), (0,1)]
Turtle 5 :[(-5,-5), (11,13), (11,12), (11,11), (11,10), (12,10), (12,9)]

Shrinking Run 32
#Info# Executed steps before collision: 6, Found collision: false
Turtle 1 :[(-1,-1), (13,13), (12,13), (11,13), (10,13), (9,13), (8,13)]
Turtle 2 :[(-2,-2), (0,13), (0,12), (0,11), (0,10), (0,9), (0,8)]
Turtle 3 :[(-3,-3), (7,14), (6,14), (5,14), (4,14), (4,13), (3,13)]
Turtle 4 :[(-4,-4), (3,3), (2,3), (1,3), (0,3), (0,2), (0,1)]
Turtle 5 :[(-5,-5), (11,13), (11,12), (12,12), (12,11), (12,10), (12,9)]

Shrinking Run 33
#Info# Executed steps before collision: 6, Found collision: false
Turtle 1 :[(-1,-1), (13,13), (12,13), (11,13), (10,13), (9,13), (8,13)]
Turtle 2 :[(-2,-2), (0,13), (0,12), (0,11), (0,10), (0,9), (0,8)]
Turtle 3 :[(-3,-3), (7,14), (6,14), (5,14), (4,14), (4,13), (3,13)]
Turtle 4 :[(-4,-4), (3,3), (2,3), (1,3), (0,3), (0,2), (0,1)]
Turtle 5 :[(-5,-5), (11,13), (11,12), (11,11), (12,11), (12,10), (12,9)]

Shrinking Run 34
#Info# Executed steps before collision: 2, Found collision: true
Turtle 1 :[(-1,-1), (13,13), (12,13), (11,13), (11,12), (10,12), (10,11), (-1,-1), (-1,-1)]
Turtle 2 :[(-2,-2), (0,13), (0,12), (0,11), (0,10), (0,9), (0,8), (-2,-2), (-2,-2)]
Turtle 3 :[(-3,-3), (7,14), (6,14), (5,14), (4,14), (4,13), (3,13), (-3,-3), (-3,-3)]
Turtle 4 :[(-4,-4), (3,3), (2,3), (1,3), (0,3), (0,2), (0,1), (-4,-4), (-4,-4)]
Turtle 5 :[(-5,-5), (11,13), (12,13), (11,13), (12,13), (12,12), (12,11), (12,10), (12,9)]

Shrinking Run 35
#Info# Executed steps before collision: 3, Found collision: true
Turtle 1 :[(-1,-1), (13,13), (13,12), (12,12), (11,12), (10,12), (10,11)]
Turtle 2 :[(-2,-2), (0,13), (0,12), (0,11), (0,10), (0,9), (0,8)]
Turtle 3 :[(-3,-3), (7,14), (6,14), (5,14), (4,14), (4,13), (3,13)]
Turtle 4 :[(-4,-4), (3,3), (2,3), (1,3), (0,3), (0,2), (0,1)]
Turtle 5 :[(-5,-5), (11,13), (12,13), (12,12), (12,11), (12,10), (12,9)]

Shrinking Run 36
#Info# Executed steps before collision: 2, Found collision: true
Turtle 1 :[(-1,-1), (13,13), (12,13), (12,12), (11,12), (10,12), (10,11)]
Turtle 2 :[(-2,-2), (0,13), (0,12), (0,11), (0,10), (0,9), (0,8)]
Turtle 3 :[(-3,-3), (7,14), (6,14), (5,14), (4,14), (4,13), (3,13)]
Turtle 4 :[(-4,-4), (3,3), (2,3), (1,3), (0,3), (0,2), (0,1)]
Turtle 5 :[(-5,-5), (11,13), (12,13), (12,12), (12,11), (12,10), (12,9)]

Shrinking Run 37
#Info# Executed steps before collision: 2, Found collision: true
Turtle 1 :[(-1,-1), (13,13), (12,13), (11,13), (10,13), (9,13), (9,12)]
Turtle 2 :[(-2,-2), (0,13), (0,12), (0,11), (0,10), (0,9), (0,8)]
Turtle 3 :[(-3,-3), (7,14), (6,14), (5,14), (4,14), (4,13), (3,13)]
Turtle 4 :[(-4,-4), (3,3), (2,3), (1,3), (0,3), (0,2), (0,1)]
Turtle 5 :[(-5,-5), (11,13), (12,13), (12,12), (12,11), (12,10), (12,9)]

Shrinking Run 38
#Info# Executed steps before collision: 2, Found collision: true
Turtle 1 :[(-1,-1), (13,13), (12,13), (11,13), (10,13), (9,13), (8,13)]
Turtle 2 :[(-2,-2), (11,1), (11,0), (12,0), (13,0), (14,0), (-2,-2)]
Turtle 3 :[(-3,-3), (7,14), (6,14), (5,14), (4,14), (4,13), (3,13)]
Turtle 4 :[(-4,-4), (3,3), (2,3), (1,3), (0,3), (0,2), (0,1)]
Turtle 5 :[(-5,-5), (11,13), (12,13), (12,12), (12,11), (12,10), (12,9)]

Shrinking Run 39
#Info# Executed steps before collision: 2, Found collision: true
Turtle 1 :[(-1,-1), (13,13), (12,13), (11,13), (10,13), (9,13), (8,13), (-1,-1)]
Turtle 2 :[(-2,-2), (0,13), (0,12), (0,11), (0,10), (0,9), (0,8), (-2,-2)]
Turtle 3 :[(-3,-3), (7,14), (6,14), (5,14), (4,14), (3,14), (3,13), (-3,-3)]
Turtle 4 :[(-4,-4), (3,3), (2,3), (1,3), (0,3), (0,2), (0,1), (-4,-4)]
Turtle 5 :[(-5,-5), (11,13), (12,13), (12,13), (12,12), (12,11), (12,10), (12,9)]

Shrinking Run 40
#Info# Executed steps before collision: 2, Found collision: true
Turtle 1 :[(-1,-1), (13,13), (12,13), (11,13), (10,13), (9,13), (8,13)]
Turtle 2 :[(-2,-2), (0,13), (0,12), (0,11), (0,10), (0,9), (0,8)]
Turtle 3 :[(-3,-3), (7,14), (6,14), (5,14), (4,14), (3,14), (2,14)]
Turtle 4 :[(-4,-4), (3,3), (2,3), (1,3), (0,3), (0,2), (0,1)]
Turtle 5 :[(-5,-5), (11,13), (12,13), (12,12), (12,11), (12,10), (12,9)]

Shrinking Run 41
#Info# Executed steps before collision: 6, Found collision: false
Turtle 1 :[(-1,-1), (13,13), (12,13), (11,13), (10,13), (9,13), (8,13)]
Turtle 2 :[(-2,-2), (0,13), (0,12), (0,11), (0,10), (0,9), (0,8)]
Turtle 3 :[(-3,-3), (7,14), (6,14), (5,14), (4,14), (3,14), (2,14)]
Turtle 4 :[(-4,-4), (3,3), (2,3), (1,3), (0,3), (0,2), (0,1)]
Turtle 5 :[(-5,-5), (11,13), (10,13), (10,14), (9,14), (8,14), (7,14)]

Shrinking Run 42
#Info# Executed steps before collision: 6, Found collision: false
Turtle 1 :[(-1,-1), (13,13), (12,13), (11,13), (10,13), (9,13), (8,13)]
Turtle 2 :[(-2,-2), (0,13), (0,12), (0,11), (0,10), (0,9), (0,8)]
Turtle 3 :[(-3,-3), (7,14), (6,14), (5,14), (4,14), (3,14), (2,14)]
Turtle 4 :[(-4,-4), (3,3), (2,3), (1,3), (0,3), (0,2), (0,1)]
Turtle 5 :[(-5,-5), (11,13), (10,13), (10,14), (9,14), (8,14), (8,14)]

Shrinking Run 43
#Info# Executed steps before collision: 6, Found collision: false
Turtle 1 :[(-1,-1), (13,13), (12,13), (11,13), (10,13), (9,13), (8,13)]
Turtle 2 :[(-2,-2), (0,13), (0,12), (0,11), (0,10), (0,9), (0,8)]
Turtle 3 :[(-3,-3), (7,14), (6,14), (5,14), (4,14), (3,14), (2,14)]
Turtle 4 :[(-4,-4), (3,3), (2,3), (1,3), (0,3), (0,2), (0,1)]
Turtle 5 :[(-5,-5), (11,13), (10,13), (10,14), (11,14), (12,14), (12,14)]

Shrinking Run 44
#Info# Executed steps before collision: 6, Found collision: false
Turtle 1 :[(-1,-1), (13,13), (12,13), (11,13), (10,13), (9,13), (8,13)]
Turtle 2 :[(-2,-2), (0,13), (0,12), (0,11), (0,10), (0,9), (0,8)]
Turtle 3 :[(-3,-3), (7,14), (6,14), (5,14), (4,14), (3,14), (2,14)]
Turtle 4 :[(-4,-4), (3,3), (2,3), (1,3), (0,3), (0,2), (0,1)]
Turtle 5 :[(-5,-5), (11,13), (10,13), (10,12), (9,12), (8,12), (7,12)]

Shrinking Run 45
#Info# Executed steps before collision: 6, Found collision: false
Turtle 1 :[(-1,-1), (13,13), (12,13), (11,13), (10,13), (9,13), (8,13)]
Turtle 2 :[(-2,-2), (0,13), (0,12), (0,11), (0,10), (0,9), (0,8)]
Turtle 3 :[(-3,-3), (7,14), (6,14), (5,14), (4,14), (3,14), (2,14)]
Turtle 4 :[(-4,-4), (3,3), (2,3), (1,3), (0,3), (0,2), (0,1)]
Turtle 5 :[(-5,-5), (11,13), (10,13), (10,12), (10,11), (9,11), (8,11)]

Shrinking Run 46
#Info# Executed steps before collision: 6, Found collision: false
Turtle 1 :[(-1,-1), (13,13), (12,13), (11,13), (10,13), (9,13), (8,13)]
Turtle 2 :[(-2,-2), (0,13), (0,12), (0,11), (0,10), (0,9), (0,8)]
Turtle 3 :[(-3,-3), (7,14), (6,14), (5,14), (4,14), (3,14), (2,14)]
Turtle 4 :[(-4,-4), (3,3), (2,3), (1,3), (0,3), (0,2), (0,1)]
Turtle 5 :[(-5,-5), (11,13), (10,13), (10,12), (10,11), (10,10), (10,9)]

Shrinking Run 47
#Info# Executed steps before collision: 6, Found collision: false
Turtle 1 :[(-1,-1), (13,13), (12,13), (11,13), (10,13), (9,13), (8,13)]
Turtle 2 :[(-2,-2), (0,13), (0,12), (0,11), (0,10), (0,9), (0,8)]
Turtle 3 :[(-3,-3), (7,14), (6,14), (5,14), (4,14), (3,14), (2,14)]
Turtle 4 :[(-4,-4), (3,3), (2,3), (1,3), (0,3), (0,2), (0,1)]
Turtle 5 :[(-5,-5), (11,13), (11,12), (11,11), (11,10), (11,9), (11,8)]

Shrinking Run 48
#Info# Executed steps before collision: 6, Found collision: false
Turtle 1 :[(-1,-1), (13,13), (12,13), (11,13), (10,13), (9,13), (8,13)]
Turtle 2 :[(-2,-2), (0,13), (0,12), (0,11), (0,10), (0,9), (0,8)]
Turtle 3 :[(-3,-3), (7,14), (6,14), (5,14), (4,14), (3,14), (2,14)]
Turtle 4 :[(-4,-4), (3,3), (2,3), (1,3), (0,3), (0,2), (0,1)]
Turtle 5 :[(-5,-5), (11,13), (11,12), (11,11), (11,10), (12,10), (12,9)]

Shrinking Run 49
#Info# Executed steps before collision: 6, Found collision: false
Turtle 1 :[(-1,-1), (13,13), (12,13), (11,13), (10,13), (9,13), (8,13)]
Turtle 2 :[(-2,-2), (0,13), (0,12), (0,11), (0,10), (0,9), (0,8)]
Turtle 3 :[(-3,-3), (7,14), (6,14), (5,14), (4,14), (3,14), (2,14)]
Turtle 4 :[(-4,-4), (3,3), (2,3), (1,3), (0,3), (0,2), (0,1)]
Turtle 5 :[(-5,-5), (11,13), (11,12), (12,12), (12,11), (12,10), (12,9)]

Shrink Run 50
#Info# Executed steps before collision: 6, Found collision: false
Turtle 1 :[(-1,-1), (13,13), (12,13), (11,13), (10,13), (9,13), (8,13)]
Turtle 2 :[(-2,-2), (0,13), (0,12), (0,11), (0,10), (0,9), (0,8)]
Turtle 3 :[(-3,-3), (7,14), (6,14), (5,14), (4,14), (3,14), (2,14)]
Turtle 4 :[(-4,-4), (3,3), (2,3), (1,3), (0,3), (0,2), (0,1)]
Turtle 5 :[(-5,-5), (11,13), (11,12), (11,11), (12,11), (12,10), (12,9)]

