Detection Run 1
#Info# Executed steps before collision: 8, Found collision: false
Turtle 1 :[(-1,-1), (36,27), (36,26), (36,25), (37,25), (37,24), (38,24), (-1,-1), (-1,-1)]
Turtle 2 :[(-2,-2), (32,49), (33,49), (34,49), (35,49), (36,49), (36,48), (-2,-2), (-2,-2)]
Turtle 3 :[(-3,-3), (33,2), (34,2), (35,2), (35,3), (36,3), (36,4), (-3,-3), (-3,-3)]
Turtle 4 :[(-4,-4), (40,27), (39,27), (38,27), (37,27), (37,26), (37,27), (37,26), (37,25)]
Turtle 5 :[(-5,-5), (23,36), (24,36), (25,36), (26,36), (26,35), (26,34), (-5,-5), (-5,-5)]

Detection Run 2
#Info# Executed steps before collision: 6, Found collision: false
Turtle 1 :[(-1,-1), (41,31), (41,32), (-1,-1), (-1,-1), (-1,-1), (-1,-1)]
Turtle 2 :[(-2,-2), (24,30), (23,30), (23,31), (24,31), (25,31), (25,32)]
Turtle 3 :[(-3,-3), (6,42), (6,41), (7,41), (-3,-3), (-3,-3), (-3,-3)]
Turtle 4 :[(-4,-4), (29,43), (28,43), (28,42), (27,42), (27,41), (26,41)]
Turtle 5 :[(-5,-5), (23,37), (23,38), (24,38), (24,39), (24,40), (24,41)]

Detection Run 3
#Info# Executed steps before collision: 8, Found collision: false
Turtle 1 :[(-1,-1), (29,24), (30,24), (30,25), (30,24), (30,23), (30,22), (30,21), (30,20)]
Turtle 2 :[(-2,-2), (29,23), (30,23), (30,22), (30,21), (30,21), (30,20), (30,19), (-2,-2)]
Turtle 3 :[(-3,-3), (0,43), (0,44), (0,45), (0,46), (-3,-3), (-3,-3), (-3,-3), (-3,-3)]
Turtle 4 :[(-4,-4), (48,34), (48,35), (48,36), (48,37), (48,38), (49,38), (-4,-4), (-4,-4)]
Turtle 5 :[(-5,-5), (31,32), (30,32), (29,32), (29,31), (29,30), (29,29), (-5,-5), (-5,-5)]

Detection Run 4
#Info# Executed steps before collision: 6, Found collision: false
Turtle 1 :[(-1,-1), (47,19), (48,19), (49,19), (49,20), (-1,-1), (-1,-1)]
Turtle 2 :[(-2,-2), (49,2), (49,3), (49,3), (48,3), (48,2), (49,2)]
Turtle 3 :[(-3,-3), (47,21), (47,22), (47,23), (48,23), (48,24), (48,25)]
Turtle 4 :[(-4,-4), (14,15), (14,14), (15,14), (16,14), (17,14), (18,14)]
Turtle 5 :[(-5,-5), (28,1), (28,2), (27,2), (27,3), (27,4), (-5,-5)]

Detection Run 5
#Info# Executed steps before collision: 9, Found collision: false
Turtle 1 :[(-1,-1), (16,35), (17,35), (17,34), (18,34), (18,33), (18,32), (-1,-1), (-1,-1), (-1,-1)]
Turtle 2 :[(-2,-2), (20,5), (21,5), (22,5), (-2,-2), (-2,-2), (-2,-2), (-2,-2), (-2,-2), (-2,-2)]
Turtle 3 :[(-3,-3), (49,28), (49,28), (49,28), (49,28), (49,28), (-3,-3), (-3,-3), (-3,-3), (-3,-3)]
Turtle 4 :[(-4,-4), (7,36), (6,36), (6,37), (5,37), (5,38), (5,39), (-4,-4), (-4,-4), (-4,-4)]
Turtle 5 :[(-5,-5), (23,5), (23,6), (23,7), (23,7), (22,7), (21,7), (21,7), (21,7), (20,7)]

Detection Run 6
#Info# Executed steps before collision: 7, Found collision: false
Turtle 1 :[(-1,-1), (15,32), (16,32), (16,32), (17,32), (17,31), (17,30), (18,30)]
Turtle 2 :[(-2,-2), (3,23), (2,23), (2,24), (1,24), (1,24), (0,24), (-2,-2)]
Turtle 3 :[(-3,-3), (20,30), (20,30), (19,30), (18,30), (-3,-3), (-3,-3), (-3,-3)]
Turtle 4 :[(-4,-4), (30,10), (29,10), (28,10), (27,10), (26,10), (25,10), (-4,-4)]
Turtle 5 :[(-5,-5), (41,29), (41,30), (40,30), (39,30), (38,30), (-5,-5), (-5,-5)]

Detection Run 7
#Info# Executed steps before collision: 7, Found collision: false
Turtle 1 :[(-1,-1), (0,20), (0,19), (0,18), (-1,-1), (-1,-1), (-1,-1), (-1,-1)]
Turtle 2 :[(-2,-2), (8,18), (7,18), (6,18), (5,18), (4,18), (3,18), (-2,-2)]
Turtle 3 :[(-3,-3), (16,49), (16,48), (16,49), (17,49), (16,49), (16,49), (-3,-3)]
Turtle 4 :[(-4,-4), (2,39), (2,40), (2,40), (2,40), (1,40), (1,40), (0,40)]
Turtle 5 :[(-5,-5), (1,18), (1,19), (1,19), (1,20), (1,21), (1,22), (0,22)]

Detection Run 8
#Info# Executed steps before collision: 9, Found collision: false
Turtle 1 :[(-1,-1), (12,44), (13,44), (14,44), (14,43), (15,43), (-1,-1), (-1,-1), (-1,-1), (-1,-1)]
Turtle 2 :[(-2,-2), (26,28), (26,28), (26,27), (26,26), (26,26), (26,25), (26,24), (26,24), (26,23)]
Turtle 3 :[(-3,-3), (2,2), (2,2), (3,2), (3,1), (3,0), (4,0), (5,0), (-3,-3), (-3,-3)]
Turtle 4 :[(-4,-4), (23,27), (23,27), (24,27), (24,27), (24,27), (24,27), (23,27), (23,28), (22,28)]
Turtle 5 :[(-5,-5), (28,41), (29,41), (30,41), (31,41), (31,42), (31,43), (-5,-5), (-5,-5), (-5,-5)]

Detection Run 9
#Info# Executed steps before collision: 8, Found collision: false
Turtle 1 :[(-1,-1), (34,8), (34,7), (33,7), (33,6), (-1,-1), (-1,-1), (-1,-1), (-1,-1)]
Turtle 2 :[(-2,-2), (35,9), (35,8), (36,8), (36,7), (37,7), (37,6), (-2,-2), (-2,-2)]
Turtle 3 :[(-3,-3), (49,40), (49,41), (49,41), (48,41), (48,42), (47,42), (47,42), (47,43)]
Turtle 4 :[(-4,-4), (23,28), (22,28), (21,28), (20,28), (19,28), (18,28), (-4,-4), (-4,-4)]
Turtle 5 :[(-5,-5), (34,4), (34,3), (35,3), (36,3), (37,3), (-5,-5), (-5,-5), (-5,-5)]

Detection Run 10
#Info# Executed steps before collision: 9, Found collision: false
Turtle 1 :[(-1,-1), (35,19), (35,19), (35,19), (35,20), (35,21), (35,22), (35,23), (35,23), (34,23)]
Turtle 2 :[(-2,-2), (41,19), (42,19), (42,20), (43,20), (-2,-2), (-2,-2), (-2,-2), (-2,-2), (-2,-2)]
Turtle 3 :[(-3,-3), (11,23), (11,22), (10,22), (-3,-3), (-3,-3), (-3,-3), (-3,-3), (-3,-3), (-3,-3)]
Turtle 4 :[(-4,-4), (27,30), (26,30), (26,29), (25,29), (25,28), (24,28), (-4,-4), (-4,-4), (-4,-4)]
Turtle 5 :[(-5,-5), (11,25), (12,25), (12,26), (13,26), (13,27), (-5,-5), (-5,-5), (-5,-5), (-5,-5)]

Detection Run 11
#Info# Executed steps before collision: 9, Found collision: false
Turtle 1 :[(-1,-1), (44,13), (45,13), (45,13), (45,14), (45,14), (45,15), (45,16), (46,16), (-1,-1)]
Turtle 2 :[(-2,-2), (39,20), (39,20), (39,21), (39,21), (39,21), (39,22), (-2,-2), (-2,-2), (-2,-2)]
Turtle 3 :[(-3,-3), (42,26), (42,26), (42,26), (42,25), (42,24), (43,24), (-3,-3), (-3,-3), (-3,-3)]
Turtle 4 :[(-4,-4), (9,15), (9,15), (9,15), (10,15), (10,14), (10,13), (10,12), (11,12), (-4,-4)]
Turtle 5 :[(-5,-5), (41,27), (41,27), (41,27), (40,27), (40,26), (39,26), (39,25), (39,25), (38,25)]

Detection Run 12
#Info# Executed steps before collision: 10, Found collision: false
Turtle 1 :[(-1,-1), (48,30), (48,30), (47,30), (46,30), (45,30), (44,30), (44,29), (-1,-1), (-1,-1), (-1,-1)]
Turtle 2 :[(-2,-2), (47,30), (46,30), (46,30), (46,31), (46,30), (46,29), (45,29), (45,28), (44,28), (44,29)]
Turtle 3 :[(-3,-3), (26,7), (25,7), (24,7), (23,7), (22,7), (21,7), (-3,-3), (-3,-3), (-3,-3), (-3,-3)]
Turtle 4 :[(-4,-4), (14,15), (13,15), (13,15), (12,15), (11,15), (11,15), (11,15), (10,15), (10,14), (-4,-4)]
Turtle 5 :[(-5,-5), (1,40), (2,40), (2,39), (2,39), (2,39), (2,38), (-5,-5), (-5,-5), (-5,-5), (-5,-5)]

Detection Run 13
#Info# Executed steps before collision: 10, Found collision: false
Turtle 1 :[(-1,-1), (23,38), (23,38), (23,38), (24,38), (24,39), (24,40), (24,40), (24,40), (25,40), (25,41)]
Turtle 2 :[(-2,-2), (27,18), (27,18), (27,18), (27,18), (27,18), (27,18), (28,18), (-2,-2), (-2,-2), (-2,-2)]
Turtle 3 :[(-3,-3), (15,40), (15,40), (15,40), (15,39), (14,39), (14,38), (14,37), (14,36), (-3,-3), (-3,-3)]
Turtle 4 :[(-4,-4), (45,12), (44,12), (43,12), (43,12), (42,12), (42,12), (41,12), (42,12), (41,12), (41,11)]
Turtle 5 :[(-5,-5), (41,14), (41,14), (41,14), (41,13), (41,13), (41,12), (41,11), (40,11), (40,11), (39,11)]

Detection Run 14
#Info# Executed steps before collision: 9, Found collision: false
Turtle 1 :[(-1,-1), (11,26), (11,26), (10,26), (9,26), (9,25), (8,25), (-1,-1), (-1,-1), (-1,-1)]
Turtle 2 :[(-2,-2), (21,12), (21,11), (21,11), (21,10), (22,10), (22,9), (22,8), (-2,-2), (-2,-2)]
Turtle 3 :[(-3,-3), (10,26), (9,26), (9,27), (8,27), (7,27), (7,28), (-3,-3), (-3,-3), (-3,-3)]
Turtle 4 :[(-4,-4), (46,0), (47,0), (48,0), (48,1), (48,2), (48,2), (49,2), (-4,-4), (-4,-4)]
Turtle 5 :[(-5,-5), (32,30), (32,31), (31,31), (31,32), (30,32), (30,32), (30,32), (30,32), (30,33)]

Detection Run 15
#Info# Executed steps before collision: 9, Found collision: false
Turtle 1 :[(-1,-1), (8,27), (8,28), (8,29), (8,30), (9,30), (10,30), (-1,-1), (-1,-1), (-1,-1)]
Turtle 2 :[(-2,-2), (42,35), (43,35), (44,35), (44,34), (44,33), (44,32), (-2,-2), (-2,-2), (-2,-2)]
Turtle 3 :[(-3,-3), (36,26), (36,27), (36,27), (35,27), (35,28), (35,28), (34,28), (34,29), (-3,-3)]
Turtle 4 :[(-4,-4), (31,14), (31,15), (30,15), (30,16), (29,16), (29,16), (29,16), (29,16), (29,17)]
Turtle 5 :[(-5,-5), (8,34), (9,34), (9,33), (9,32), (9,32), (9,32), (9,31), (9,31), (9,30)]

Detection Run 16
#Info# Executed steps before collision: 11, Found collision: false
Turtle 1 :[(-1,-1), (6,36), (7,36), (7,36), (7,36), (7,37), (7,38), (7,39), (7,39), (7,39), (7,39), (7,40)]
Turtle 2 :[(-2,-2), (46,0), (47,0), (48,0), (49,0), (-2,-2), (-2,-2), (-2,-2), (-2,-2), (-2,-2), (-2,-2), (-2,-2)]
Turtle 3 :[(-3,-3), (34,32), (34,32), (34,32), (34,33), (34,33), (34,33), (34,34), (33,34), (32,34), (32,35), (-3,-3)]
Turtle 4 :[(-4,-4), (43,9), (43,8), (43,7), (43,6), (43,5), (44,5), (-4,-4), (-4,-4), (-4,-4), (-4,-4), (-4,-4)]
Turtle 5 :[(-5,-5), (33,37), (33,36), (34,36), (34,35), (34,34), (35,34), (-5,-5), (-5,-5), (-5,-5), (-5,-5), (-5,-5)]

Detection Run 17
#Info# Executed steps before collision: 7, Found collision: false
Turtle 1 :[(-1,-1), (32,37), (33,37), (34,37), (34,38), (34,38), (34,39), (35,39)]
Turtle 2 :[(-2,-2), (12,23), (11,23), (10,23), (9,23), (9,24), (9,25), (-2,-2)]
Turtle 3 :[(-3,-3), (17,16), (17,17), (16,17), (15,17), (14,17), (13,17), (-3,-3)]
Turtle 4 :[(-4,-4), (11,24), (11,24), (11,24), (11,24), (10,24), (10,23), (10,22)]
Turtle 5 :[(-5,-5), (3,13), (3,12), (2,12), (1,12), (1,12), (1,11), (0,11)]

Detection Run 18
#Info# Executed steps before collision: 11, Found collision: false
Turtle 1 :[(-1,-1), (20,8), (20,8), (21,8), (21,9), (21,9), (22,9), (23,9), (23,9), (23,10), (-1,-1), (-1,-1)]
Turtle 2 :[(-2,-2), (42,1), (42,1), (42,1), (41,1), (41,2), (41,3), (41,3), (41,3), (41,4), (41,4), (40,4)]
Turtle 3 :[(-3,-3), (40,6), (40,5), (40,4), (40,4), (40,3), (40,3), (40,3), (40,3), (40,2), (40,1), (-3,-3)]
Turtle 4 :[(-4,-4), (22,15), (21,15), (20,15), (20,15), (20,15), (19,15), (18,15), (17,15), (-4,-4), (-4,-4), (-4,-4)]
Turtle 5 :[(-5,-5), (13,19), (14,19), (14,18), (14,17), (14,16), (15,16), (-5,-5), (-5,-5), (-5,-5), (-5,-5), (-5,-5)]

Detection Run 19
#Info# Executed steps before collision: 10, Found collision: false
Turtle 1 :[(-1,-1), (13,17), (13,16), (13,15), (13,14), (13,13), (13,13), (13,12), (-1,-1), (-1,-1), (-1,-1)]
Turtle 2 :[(-2,-2), (35,24), (34,24), (33,24), (33,24), (32,24), (32,24), (32,24), (32,24), (31,24), (31,25)]
Turtle 3 :[(-3,-3), (31,34), (32,34), (32,34), (32,34), (33,34), (33,35), (34,35), (35,35), (-3,-3), (-3,-3)]
Turtle 4 :[(-4,-4), (29,34), (28,34), (27,34), (27,33), (27,32), (27,31), (-4,-4), (-4,-4), (-4,-4), (-4,-4)]
Turtle 5 :[(-5,-5), (14,30), (14,31), (14,32), (14,33), (-5,-5), (-5,-5), (-5,-5), (-5,-5), (-5,-5), (-5,-5)]

Detection Run 20
#Info# Executed steps before collision: 11, Found collision: false
Turtle 1 :[(-1,-1), (32,43), (32,42), (32,41), (32,40), (32,39), (32,39), (32,38), (-1,-1), (-1,-1), (-1,-1), (-1,-1)]
Turtle 2 :[(-2,-2), (23,11), (24,11), (25,11), (25,10), (25,9), (26,9), (-2,-2), (-2,-2), (-2,-2), (-2,-2), (-2,-2)]
Turtle 3 :[(-3,-3), (3,10), (3,10), (3,10), (3,9), (3,9), (3,9), (4,9), (4,8), (4,9), (4,8), (-3,-3)]
Turtle 4 :[(-4,-4), (29,10), (29,9), (28,9), (28,9), (28,9), (28,9), (28,10), (27,10), (27,9), (-4,-4), (-4,-4)]
Turtle 5 :[(-5,-5), (44,9), (44,10), (44,10), (44,10), (43,10), (43,10), (43,10), (43,11), (43,12), (43,12), (42,12)]

Detection Run 21
#Info# Executed steps before collision: 11, Found collision: false
Turtle 1 :[(-1,-1), (1,37), (2,37), (2,38), (2,38), (3,38), (4,38), (4,39), (-1,-1), (-1,-1), (-1,-1), (-1,-1)]
Turtle 2 :[(-2,-2), (47,37), (47,38), (48,38), (48,38), (48,37), (48,37), (48,37), (48,36), (49,36), (-2,-2), (-2,-2)]
Turtle 3 :[(-3,-3), (44,38), (45,38), (46,38), (46,38), (47,38), (47,38), (47,39), (47,39), (47,39), (47,39), (47,40)]
Turtle 4 :[(-4,-4), (17,27), (17,27), (17,26), (17,26), (18,26), (19,26), (20,26), (20,25), (-4,-4), (-4,-4), (-4,-4)]
Turtle 5 :[(-5,-5), (20,30), (20,29), (19,29), (19,28), (-5,-5), (-5,-5), (-5,-5), (-5,-5), (-5,-5), (-5,-5), (-5,-5)]

Detection Run 22
#Info# Executed steps before collision: 11, Found collision: false
Turtle 1 :[(-1,-1), (25,46), (25,47), (25,47), (25,47), (25,48), (25,49), (25,49), (25,49), (-1,-1), (-1,-1), (-1,-1)]
Turtle 2 :[(-2,-2), (16,29), (16,29), (16,28), (16,27), (15,27), (14,27), (13,27), (-2,-2), (-2,-2), (-2,-2), (-2,-2)]
Turtle 3 :[(-3,-3), (25,45), (25,44), (24,44), (23,44), (23,44), (23,44), (22,44), (21,44), (-3,-3), (-3,-3), (-3,-3)]
Turtle 4 :[(-4,-4), (41,34), (41,33), (42,33), (42,33), (42,34), (42,33), (-4,-4), (-4,-4), (-4,-4), (-4,-4), (-4,-4)]
Turtle 5 :[(-5,-5), (21,6), (22,6), (22,6), (22,7), (22,7), (22,7), (22,7), (23,7), (23,7), (23,8), (24,8)]

Detection Run 23
#Info# Executed steps before collision: 10, Found collision: false
Turtle 1 :[(-1,-1), (35,8), (35,7), (36,7), (36,7), (36,6), (37,6), (37,6), (37,6), (38,6), (-1,-1)]
Turtle 2 :[(-2,-2), (32,14), (33,14), (33,15), (33,16), (34,16), (34,16), (34,17), (-2,-2), (-2,-2), (-2,-2)]
Turtle 3 :[(-3,-3), (10,30), (9,30), (8,30), (7,30), (7,29), (7,28), (-3,-3), (-3,-3), (-3,-3), (-3,-3)]
Turtle 4 :[(-4,-4), (10,36), (10,36), (10,36), (10,35), (11,35), (11,35), (11,35), (12,35), (13,35), (13,34)]
Turtle 5 :[(-5,-5), (40,8), (39,8), (38,8), (37,8), (37,8), (37,8), (37,9), (36,9), (-5,-5), (-5,-5)]

Detection Run 24
#Info# Executed steps before collision: 11, Found collision: false
Turtle 1 :[(-1,-1), (29,4), (29,3), (30,3), (31,3), (31,3), (31,2), (-1,-1), (-1,-1), (-1,-1), (-1,-1), (-1,-1)]
Turtle 2 :[(-2,-2), (44,22), (45,22), (45,21), (-2,-2), (-2,-2), (-2,-2), (-2,-2), (-2,-2), (-2,-2), (-2,-2), (-2,-2)]
Turtle 3 :[(-3,-3), (47,34), (47,34), (47,34), (47,35), (48,35), (48,35), (48,35), (48,35), (48,36), (49,36), (49,36)]
Turtle 4 :[(-4,-4), (10,13), (10,13), (10,13), (10,13), (9,13), (-4,-4), (-4,-4), (-4,-4), (-4,-4), (-4,-4), (-4,-4)]
Turtle 5 :[(-5,-5), (45,24), (45,24), (45,24), (45,24), (46,24), (46,24), (47,24), (47,25), (48,25), (48,25), (48,26)]

Detection Run 25
#Info# Executed steps before collision: 10, Found collision: false
Turtle 1 :[(-1,-1), (22,26), (22,27), (22,28), (22,29), (23,29), (24,29), (-1,-1), (-1,-1), (-1,-1), (-1,-1)]
Turtle 2 :[(-2,-2), (48,17), (48,17), (48,18), (48,19), (48,20), (47,20), (47,21), (-2,-2), (-2,-2), (-2,-2)]
Turtle 3 :[(-3,-3), (37,15), (37,15), (37,15), (37,15), (36,15), (36,14), (36,14), (36,14), (36,13), (36,12)]
Turtle 4 :[(-4,-4), (23,43), (23,44), (23,45), (23,45), (22,45), (22,46), (22,46), (22,46), (22,46), (21,46)]
Turtle 5 :[(-5,-5), (18,47), (19,47), (20,47), (21,47), (21,47), (21,48), (22,48), (-5,-5), (-5,-5), (-5,-5)]

Detection Run 26
#Info# Executed steps before collision: 11, Found collision: false
Turtle 1 :[(-1,-1), (16,36), (15,36), (16,36), (15,36), (-1,-1), (-1,-1), (-1,-1), (-1,-1), (-1,-1), (-1,-1), (-1,-1)]
Turtle 2 :[(-2,-2), (15,37), (14,37), (14,38), (13,38), (-2,-2), (-2,-2), (-2,-2), (-2,-2), (-2,-2), (-2,-2), (-2,-2)]
Turtle 3 :[(-3,-3), (37,43), (37,43), (36,43), (35,43), (35,43), (34,43), (34,42), (34,42), (34,42), (34,42), (33,42)]
Turtle 4 :[(-4,-4), (2,4), (2,4), (3,4), (3,4), (4,4), (4,4), (5,4), (5,4), (5,4), (6,4), (6,5)]
Turtle 5 :[(-5,-5), (14,4), (14,5), (14,6), (14,6), (13,6), (13,7), (-5,-5), (-5,-5), (-5,-5), (-5,-5), (-5,-5)]

Detection Run 27
#Info# Executed steps before collision: 11, Found collision: false
Turtle 1 :[(-1,-1), (36,41), (35,41), (35,41), (35,42), (35,43), (35,43), (35,44), (35,44), (35,44), (34,44), (-1,-1)]
Turtle 2 :[(-2,-2), (38,43), (38,43), (38,43), (38,43), (38,43), (37,43), (36,43), (36,43), (36,42), (36,41), (35,41)]
Turtle 3 :[(-3,-3), (0,6), (0,6), (0,6), (0,6), (0,5), (0,5), (0,4), (0,3), (0,2), (0,1), (-3,-3)]
Turtle 4 :[(-4,-4), (2,25), (3,25), (3,25), (4,25), (4,26), (4,26), (4,26), (4,26), (5,26), (-4,-4), (-4,-4)]
Turtle 5 :[(-5,-5), (8,40), (8,39), (8,38), (8,37), (9,37), (9,36), (-5,-5), (-5,-5), (-5,-5), (-5,-5), (-5,-5)]

Detection Run 28
#Info# Executed steps before collision: 11, Found collision: false
Turtle 1 :[(-1,-1), (10,13), (10,13), (11,13), (12,13), (13,13), (13,12), (13,12), (14,12), (-1,-1), (-1,-1), (-1,-1)]
Turtle 2 :[(-2,-2), (22,46), (23,46), (23,45), (23,45), (23,44), (-2,-2), (-2,-2), (-2,-2), (-2,-2), (-2,-2), (-2,-2)]
Turtle 3 :[(-3,-3), (43,28), (44,28), (44,28), (44,28), (43,28), (43,28), (43,28), (43,28), (43,27), (-3,-3), (-3,-3)]
Turtle 4 :[(-4,-4), (19,41), (19,41), (20,41), (20,41), (21,41), (21,41), (21,41), (21,41), (21,42), (22,42), (23,42)]
Turtle 5 :[(-5,-5), (19,31), (19,31), (19,31), (19,31), (19,31), (19,31), (19,30), (19,29), (-5,-5), (-5,-5), (-5,-5)]

Detection Run 29
#Info# Executed steps before collision: 11, Found collision: false
Turtle 1 :[(-1,-1), (35,21), (35,21), (35,21), (35,21), (35,20), (34,20), (34,19), (33,19), (33,19), (33,19), (32,19)]
Turtle 2 :[(-2,-2), (27,7), (26,7), (26,7), (26,6), (26,6), (26,6), (26,5), (26,5), (26,5), (26,4), (-2,-2)]
Turtle 3 :[(-3,-3), (35,38), (34,38), (34,38), (33,38), (32,38), (32,38), (31,38), (31,38), (31,39), (-3,-3), (-3,-3)]
Turtle 4 :[(-4,-4), (5,8), (5,8), (5,8), (5,8), (4,8), (4,9), (4,9), (4,10), (3,10), (3,10), (2,10)]
Turtle 5 :[(-5,-5), (4,7), (4,7), (4,7), (4,7), (4,6), (5,6), (5,7), (6,7), (6,8), (6,9), (-5,-5)]

Detection Run 30
#Info# Executed steps before collision: 11, Found collision: false
Turtle 1 :[(-1,-1), (28,18), (28,17), (28,17), (28,17), (28,17), (27,17), (27,17), (27,17), (27,16), (-1,-1), (-1,-1)]
Turtle 2 :[(-2,-2), (37,27), (37,26), (37,26), (37,25), (37,25), (37,25), (37,24), (37,23), (-2,-2), (-2,-2), (-2,-2)]
Turtle 3 :[(-3,-3), (29,40), (29,39), (30,39), (31,39), (31,39), (31,39), (31,39), (31,39), (31,39), (31,38), (31,37)]
Turtle 4 :[(-4,-4), (10,18), (10,18), (10,18), (10,19), (10,19), (9,19), (9,19), (9,19), (9,20), (9,21), (9,22)]
Turtle 5 :[(-5,-5), (31,15), (31,16), (30,16), (30,17), (30,18), (30,19), (-5,-5), (-5,-5), (-5,-5), (-5,-5), (-5,-5)]

Detection Run 31
#Info# Executed steps before collision: 10, Found collision: false
Turtle 1 :[(-1,-1), (3,16), (3,17), (3,18), (3,19), (3,20), (3,21), (-1,-1), (-1,-1), (-1,-1), (-1,-1)]
Turtle 2 :[(-2,-2), (41,6), (41,5), (42,5), (41,5), (41,6), (41,7), (-2,-2), (-2,-2), (-2,-2), (-2,-2)]
Turtle 3 :[(-3,-3), (2,15), (2,16), (3,16), (3,16), (3,17), (4,17), (4,18), (-3,-3), (-3,-3), (-3,-3)]
Turtle 4 :[(-4,-4), (34,15), (34,15), (34,15), (34,14), (34,14), (34,14), (35,14), (35,14), (36,14), (37,14)]
Turtle 5 :[(-5,-5), (25,14), (25,13), (24,13), (24,13), (24,13), (24,13), (24,12), (24,11), (24,10), (-5,-5)]

Detection Run 32
#Info# Executed steps before collision: 11, Found collision: false
Turtle 1 :[(-1,-1), (13,49), (13,49), (13,49), (14,49), (14,49), (14,49), (14,49), (14,49), (-1,-1), (-1,-1), (-1,-1)]
Turtle 2 :[(-2,-2), (49,39), (48,39), (48,39), (47,39), (47,39), (47,39), (47,39), (47,39), (46,39), (-2,-2), (-2,-2)]
Turtle 3 :[(-3,-3), (2,41), (3,41), (3,41), (3,41), (4,41), (5,41), (6,41), (6,41), (6,42), (-3,-3), (-3,-3)]
Turtle 4 :[(-4,-4), (8,10), (9,10), (9,11), (10,11), (10,12), (11,12), (-4,-4), (-4,-4), (-4,-4), (-4,-4), (-4,-4)]
Turtle 5 :[(-5,-5), (7,9), (7,9), (7,9), (7,10), (7,11), (6,11), (6,11), (6,11), (6,12), (6,12), (5,12)]

Detection Run 33
#Info# Executed steps before collision: 11, Found collision: false
Turtle 1 :[(-1,-1), (42,4), (42,5), (43,5), (44,5), (45,5), (46,5), (-1,-1), (-1,-1), (-1,-1), (-1,-1), (-1,-1)]
Turtle 2 :[(-2,-2), (20,0), (20,0), (20,1), (21,1), (21,2), (22,2), (23,2), (-2,-2), (-2,-2), (-2,-2), (-2,-2)]
Turtle 3 :[(-3,-3), (10,10), (10,9), (10,9), (10,9), (10,9), (11,9), (11,9), (12,9), (13,9), (13,9), (14,9)]
Turtle 4 :[(-4,-4), (26,49), (27,49), (28,49), (28,49), (29,49), (30,49), (-4,-4), (-4,-4), (-4,-4), (-4,-4), (-4,-4)]
Turtle 5 :[(-5,-5), (47,6), (47,6), (47,6), (47,6), (48,6), (48,6), (48,5), (48,4), (48,4), (48,3), (-5,-5)]

Detection Run 34
#Info# Executed steps before collision: 11, Found collision: false
Turtle 1 :[(-1,-1), (17,42), (17,42), (17,43), (17,44), (17,44), (16,44), (16,44), (16,45), (15,45), (-1,-1), (-1,-1)]
Turtle 2 :[(-2,-2), (19,18), (18,18), (17,18), (16,18), (-2,-2), (-2,-2), (-2,-2), (-2,-2), (-2,-2), (-2,-2), (-2,-2)]
Turtle 3 :[(-3,-3), (18,38), (18,38), (18,38), (17,38), (17,38), (17,38), (17,37), (16,37), (16,37), (16,36), (16,35)]
Turtle 4 :[(-4,-4), (6,3), (6,3), (5,3), (4,3), (4,3), (3,3), (3,3), (3,3), (3,3), (3,2), (3,1)]
Turtle 5 :[(-5,-5), (5,6), (5,5), (5,5), (6,5), (6,4), (6,3), (7,3), (-5,-5), (-5,-5), (-5,-5), (-5,-5)]

Detection Run 35
#Info# Executed steps before collision: 9, Found collision: false
Turtle 1 :[(-1,-1), (29,18), (29,17), (29,17), (29,16), (28,16), (28,16), (28,15), (28,14), (-1,-1)]
Turtle 2 :[(-2,-2), (18,24), (19,24), (20,24), (20,25), (21,25), (21,26), (-2,-2), (-2,-2), (-2,-2)]
Turtle 3 :[(-3,-3), (13,35), (13,35), (13,35), (13,34), (13,34), (14,34), (15,34), (15,34), (16,34)]
Turtle 4 :[(-4,-4), (47,9), (46,9), (46,9), (46,8), (46,7), (46,7), (46,6), (46,5), (-4,-4)]
Turtle 5 :[(-5,-5), (26,14), (26,15), (26,15), (26,15), (26,15), (26,16), (26,17), (26,18), (26,19)]

Detection Run 36
#Info# Executed steps before collision: 6, Found collision: false
Turtle 1 :[(-1,-1), (4,27), (3,27), (3,28), (4,28), (3,28), (2,28)]
Turtle 2 :[(-2,-2), (10,33), (11,33), (12,33), (13,33), (14,33), (14,32)]
Turtle 3 :[(-3,-3), (4,32), (4,31), (3,31), (3,30), (2,30), (-3,-3)]
Turtle 4 :[(-4,-4), (49,22), (49,23), (49,23), (49,23), (49,24), (-4,-4)]
Turtle 5 :[(-5,-5), (39,33), (39,34), (-5,-5), (-5,-5), (-5,-5), (-5,-5)]

Detection Run 37
#Info# Executed steps before collision: 10, Found collision: false
Turtle 1 :[(-1,-1), (25,26), (26,26), (27,26), (28,26), (28,26), (28,26), (29,26), (29,26), (30,26), (-1,-1)]
Turtle 2 :[(-2,-2), (12,9), (12,8), (12,8), (12,7), (12,6), (12,5), (13,5), (-2,-2), (-2,-2), (-2,-2)]
Turtle 3 :[(-3,-3), (7,13), (7,13), (7,13), (6,13), (6,13), (5,13), (4,13), (4,13), (3,13), (3,12)]
Turtle 4 :[(-4,-4), (29,39), (30,39), (30,40), (30,40), (30,40), (30,41), (-4,-4), (-4,-4), (-4,-4), (-4,-4)]
Turtle 5 :[(-5,-5), (29,41), (29,42), (29,42), (30,42), (30,42), (30,43), (30,43), (31,43), (31,43), (31,44)]

Detection Run 38
#Info# Executed steps before collision: 10, Found collision: false
Turtle 1 :[(-1,-1), (20,41), (21,41), (22,41), (22,41), (23,41), (23,41), (23,42), (-1,-1), (-1,-1), (-1,-1)]
Turtle 2 :[(-2,-2), (26,48), (26,48), (26,48), (26,47), (25,47), (25,48), (25,48), (26,48), (26,47), (-2,-2)]
Turtle 3 :[(-3,-3), (27,28), (27,29), (27,29), (27,30), (28,30), (28,31), (28,31), (28,31), (28,31), (28,32)]
Turtle 4 :[(-4,-4), (22,44), (22,43), (23,43), (23,42), (23,42), (24,42), (24,42), (24,41), (-4,-4), (-4,-4)]
Turtle 5 :[(-5,-5), (11,21), (11,21), (11,21), (11,21), (11,21), (11,20), (-5,-5), (-5,-5), (-5,-5), (-5,-5)]

Detection Run 39
#Info# Executed steps before collision: 9, Found collision: false
Turtle 1 :[(-1,-1), (48,47), (47,47), (47,48), (47,49), (47,49), (47,49), (47,49), (47,49), (47,49)]
Turtle 2 :[(-2,-2), (33,15), (33,14), (33,13), (33,13), (34,13), (34,12), (35,12), (-2,-2), (-2,-2)]
Turtle 3 :[(-3,-3), (10,16), (11,16), (11,15), (11,15), (11,14), (11,14), (12,14), (12,14), (12,13)]
Turtle 4 :[(-4,-4), (11,18), (11,18), (12,18), (12,18), (12,18), (12,18), (12,18), (12,19), (13,19)]
Turtle 5 :[(-5,-5), (29,19), (29,19), (29,19), (28,19), (27,19), (27,19), (26,19), (26,20), (26,21)]

Fault Detection Run 40
#Info# Executed steps before collision: 7, Found collision: true
Turtle 1 :[(-1,-1), (27,40), (27,40), (27,40), (27,39), (26,39), (26,38), (26,37), (26,37), (26,36), (-1,-1), (-1,-1)]
Turtle 2 :[(-2,-2), (1,31), (1,32), (1,32), (1,32), (1,33), (1,33), (1,33), (1,34), (1,34), (1,35), (1,36)]
Turtle 3 :[(-3,-3), (45,36), (45,36), (46,36), (46,36), (46,37), (47,37), (47,37), (48,37), (48,37), (49,37), (-3,-3)]
Turtle 4 :[(-4,-4), (45,9), (45,9), (45,10), (45,11), (45,11), (45,11), (45,11), (44,11), (43,11), (43,11), (43,12)]
Turtle 5 :[(-5,-5), (28,35), (27,35), (27,36), (27,36), (26,36), (26,36), (26,37), (-5,-5), (-5,-5), (-5,-5), (-5,-5)]

