Shrinking Run 1
#Info# Executed steps before collision: 6, Found collision: false
Turtle 1 :[(-1,-1), (4,7), (4,6), (3,6), (2,6), (1,6), (0,6)]
Turtle 2 :[(-2,-2), (3,17), (2,17), (2,18), (1,18), (-2,-2), (-2,-2)]
Turtle 3 :[(-3,-3), (15,9), (15,10), (16,10), (17,10), (17,11), (17,12)]
Turtle 4 :[(-4,-4), (16,19), (15,19), (14,19), (13,19), (13,19), (12,19)]
Turtle 5 :[(-5,-5), (3,10), (3,9), (3,8), (3,7), (3,6), (-5,-5)]

Shrinking Run 2
#Info# Executed steps before collision: 6, Found collision: false
Turtle 1 :[(-1,-1), (4,7), (3,7), (2,7), (1,7), (0,7), (-1,-1)]
Turtle 2 :[(-2,-2), (3,17), (2,17), (2,18), (1,18), (-2,-2), (-2,-2)]
Turtle 3 :[(-3,-3), (15,9), (15,10), (16,10), (17,10), (17,11), (17,12)]
Turtle 4 :[(-4,-4), (16,19), (15,19), (14,19), (13,19), (13,19), (12,19)]
Turtle 5 :[(-5,-5), (3,10), (3,9), (3,8), (3,7), (3,6), (-5,-5)]

Shrinking Run 3
#Info# Executed steps before collision: 6, Found collision: false
Turtle 1 :[(-1,-1), (4,7), (3,7), (2,7), (1,7), (0,7), (0,8)]
Turtle 2 :[(-2,-2), (3,17), (2,17), (2,18), (1,18), (-2,-2), (-2,-2)]
Turtle 3 :[(-3,-3), (15,9), (15,10), (16,10), (17,10), (17,11), (17,12)]
Turtle 4 :[(-4,-4), (16,19), (15,19), (14,19), (13,19), (13,19), (12,19)]
Turtle 5 :[(-5,-5), (3,10), (3,9), (3,8), (3,7), (3,6), (-5,-5)]

Shrinking Run 4
#Info# Executed steps before collision: 6, Found collision: false
Turtle 1 :[(-1,-1), (4,7), (3,7), (2,7), (1,7), (1,8), (0,8)]
Turtle 2 :[(-2,-2), (3,17), (2,17), (2,18), (1,18), (-2,-2), (-2,-2)]
Turtle 3 :[(-3,-3), (15,9), (15,10), (16,10), (17,10), (17,11), (17,12)]
Turtle 4 :[(-4,-4), (16,19), (15,19), (14,19), (13,19), (13,19), (12,19)]
Turtle 5 :[(-5,-5), (3,10), (3,9), (3,8), (3,7), (3,6), (-5,-5)]

Shrinking Run 5
#Info# Executed steps before collision: 9, Found collision: false
Turtle 1 :[(-1,-1), (4,7), (4,8), (3,8), (2,8), (1,8), (0,8), (-1,-1), (-1,-1), (-1,-1)]
Turtle 2 :[(-2,-2), (3,17), (2,17), (2,18), (1,18), (0,18), (-2,-2), (-2,-2), (-2,-2), (-2,-2)]
Turtle 3 :[(-3,-3), (15,9), (15,10), (16,10), (17,10), (17,11), (17,12), (-3,-3), (-3,-3), (-3,-3)]
Turtle 4 :[(-4,-4), (16,19), (15,19), (14,19), (13,19), (13,19), (12,19), (-4,-4), (-4,-4), (-4,-4)]
Turtle 5 :[(-5,-5), (3,10), (3,9), (2,9), (2,10), (2,9), (2,8), (2,7), (2,6), (3,6)]

Shrinking Run 6
#Info# Executed steps before collision: 9, Found collision: false
Turtle 1 :[(-1,-1), (4,7), (4,8), (3,8), (2,8), (1,8), (0,8), (-1,-1), (-1,-1), (-1,-1)]
Turtle 2 :[(-2,-2), (3,17), (3,16), (3,15), (2,15), (1,15), (1,14), (-2,-2), (-2,-2), (-2,-2)]
Turtle 3 :[(-3,-3), (15,9), (15,10), (16,10), (17,10), (17,11), (17,12), (-3,-3), (-3,-3), (-3,-3)]
Turtle 4 :[(-4,-4), (16,19), (15,19), (14,19), (13,19), (13,19), (12,19), (-4,-4), (-4,-4), (-4,-4)]
Turtle 5 :[(-5,-5), (3,10), (3,9), (2,9), (2,10), (2,9), (2,8), (2,7), (3,7), (3,6)]

Shrinking Run 7
#Info# Executed steps before collision: 7, Found collision: false
Turtle 1 :[(-1,-1), (4,7), (4,8), (3,8), (2,8), (1,8), (0,8), (-1,-1)]
Turtle 2 :[(-2,-2), (3,17), (2,17), (2,16), (1,16), (-2,-2), (-2,-2), (-2,-2)]
Turtle 3 :[(-3,-3), (15,9), (15,10), (16,10), (17,10), (17,11), (17,12), (-3,-3)]
Turtle 4 :[(-4,-4), (16,19), (15,19), (14,19), (13,19), (13,19), (12,19), (-4,-4)]
Turtle 5 :[(-5,-5), (3,10), (3,9), (4,9), (3,9), (3,8), (3,7), (3,6)]

Shrinking Run 8
#Info# Executed steps before collision: 7, Found collision: false
Turtle 1 :[(-1,-1), (4,7), (4,8), (3,8), (2,8), (1,8), (0,8), (-1,-1)]
Turtle 2 :[(-2,-2), (3,17), (3,16), (2,16), (2,17), (1,17), (-2,-2), (-2,-2)]
Turtle 3 :[(-3,-3), (15,9), (15,10), (16,10), (17,10), (17,11), (17,12), (-3,-3)]
Turtle 4 :[(-4,-4), (16,19), (15,19), (14,19), (13,19), (13,19), (12,19), (-4,-4)]
Turtle 5 :[(-5,-5), (3,10), (3,9), (2,9), (3,9), (3,8), (3,7), (3,6)]

Shrinking Run 9
#Info# Executed steps before collision: 7, Found collision: false
Turtle 1 :[(-1,-1), (4,7), (4,8), (3,8), (2,8), (1,8), (0,8), (-1,-1)]
Turtle 2 :[(-2,-2), (3,17), (2,17), (1,17), (1,18), (-2,-2), (-2,-2), (-2,-2)]
Turtle 3 :[(-3,-3), (15,9), (15,10), (16,10), (17,10), (17,11), (17,12), (-3,-3)]
Turtle 4 :[(-4,-4), (16,19), (15,19), (14,19), (13,19), (13,19), (12,19), (-4,-4)]
Turtle 5 :[(-5,-5), (3,10), (3,9), (4,9), (4,8), (4,7), (4,6), (3,6)]

Shrinking Run 10
#Info# Executed steps before collision: 7, Found collision: false
Turtle 1 :[(-1,-1), (4,7), (4,8), (3,8), (2,8), (1,8), (0,8), (-1,-1)]
Turtle 2 :[(-2,-2), (3,17), (3,18), (2,18), (1,18), (-2,-2), (-2,-2), (-2,-2)]
Turtle 3 :[(-3,-3), (15,9), (15,10), (16,10), (17,10), (17,11), (17,12), (-3,-3)]
Turtle 4 :[(-4,-4), (16,19), (15,19), (14,19), (13,19), (13,19), (12,19), (-4,-4)]
Turtle 5 :[(-5,-5), (3,10), (3,9), (3,10), (3,9), (3,8), (3,7), (3,6)]

Shrinking Run 11
#Info# Executed steps before collision: 4, Found collision: true
Turtle 1 :[(-1,-1), (4,7), (4,8), (3,8), (2,8), (1,8), (0,8), (-1,-1)]
Turtle 2 :[(-2,-2), (3,17), (2,17), (2,18), (1,18), (-2,-2), (-2,-2), (-2,-2)]
Turtle 3 :[(-3,-3), (15,9), (15,10), (14,10), (13,10), (12,10), (12,11), (-3,-3)]
Turtle 4 :[(-4,-4), (16,19), (15,19), (14,19), (13,19), (13,19), (12,19), (-4,-4)]
Turtle 5 :[(-5,-5), (3,10), (3,9), (2,9), (2,8), (2,7), (3,7), (3,6)]

Shrinking Run 12
#Info# Executed steps before collision: 9, Found collision: false
Turtle 1 :[(-1,-1), (4,7), (4,8), (3,8), (2,8), (1,8), (0,8), (-1,-1), (-1,-1), (-1,-1)]
Turtle 2 :[(-2,-2), (3,17), (2,17), (2,18), (1,18), (-2,-2), (-2,-2), (-2,-2), (-2,-2), (-2,-2)]
Turtle 3 :[(-3,-3), (15,9), (15,8), (15,7), (14,7), (13,7), (13,6), (-3,-3), (-3,-3), (-3,-3)]
Turtle 4 :[(-4,-4), (16,19), (15,19), (14,19), (13,19), (13,19), (12,19), (-4,-4), (-4,-4), (-4,-4)]
Turtle 5 :[(-5,-5), (3,10), (3,9), (3,10), (3,9), (3,10), (3,9), (3,8), (3,7), (3,6)]

Shrinking Run 13
#Info# Executed steps before collision: 7, Found collision: false
Turtle 1 :[(-1,-1), (4,7), (4,8), (3,8), (2,8), (1,8), (0,8), (-1,-1)]
Turtle 2 :[(-2,-2), (3,17), (2,17), (2,18), (1,18), (-2,-2), (-2,-2), (-2,-2)]
Turtle 3 :[(-3,-3), (15,9), (14,9), (14,8), (13,8), (12,8), (12,7), (-3,-3)]
Turtle 4 :[(-4,-4), (16,19), (15,19), (14,19), (13,19), (13,19), (12,19), (-4,-4)]
Turtle 5 :[(-5,-5), (3,10), (3,9), (4,9), (4,8), (4,7), (3,7), (3,6)]

Shrinking Run 14
#Info# Executed steps before collision: 8, Found collision: false
Turtle 1 :[(-1,-1), (4,7), (4,8), (3,8), (2,8), (1,8), (0,8), (-1,-1), (-1,-1)]
Turtle 2 :[(-2,-2), (3,17), (2,17), (2,18), (1,18), (-2,-2), (-2,-2), (-2,-2), (-2,-2)]
Turtle 3 :[(-3,-3), (15,9), (14,9), (13,9), (12,9), (11,9), (11,10), (-3,-3), (-3,-3)]
Turtle 4 :[(-4,-4), (16,19), (15,19), (14,19), (13,19), (13,19), (12,19), (-4,-4), (-4,-4)]
Turtle 5 :[(-5,-5), (3,10), (3,9), (3,9), (2,9), (3,9), (3,8), (3,7), (3,6)]

Shrinking Run 15
#Info# Executed steps before collision: 7, Found collision: false
Turtle 1 :[(-1,-1), (4,7), (4,8), (3,8), (2,8), (1,8), (0,8), (-1,-1)]
Turtle 2 :[(-2,-2), (3,17), (2,17), (2,18), (1,18), (-2,-2), (-2,-2), (-2,-2)]
Turtle 3 :[(-3,-3), (15,9), (14,9), (14,10), (13,10), (12,10), (12,11), (-3,-3)]
Turtle 4 :[(-4,-4), (16,19), (15,19), (14,19), (13,19), (13,19), (12,19), (-4,-4)]
Turtle 5 :[(-5,-5), (3,10), (3,9), (2,9), (3,9), (3,8), (3,7), (3,6)]

Shrinking Run 16
#Info# Executed steps before collision: 7, Found collision: false
Turtle 1 :[(-1,-1), (4,7), (4,8), (3,8), (2,8), (1,8), (0,8), (-1,-1)]
Turtle 2 :[(-2,-2), (3,17), (2,17), (2,18), (1,18), (-2,-2), (-2,-2), (-2,-2)]
Turtle 3 :[(-3,-3), (15,9), (15,10), (14,10), (13,10), (12,10), (11,10), (-3,-3)]
Turtle 4 :[(-4,-4), (16,19), (15,19), (14,19), (13,19), (13,19), (12,19), (-4,-4)]
Turtle 5 :[(-5,-5), (3,10), (3,9), (4,9), (4,8), (3,8), (3,7), (3,6)]

Shrinking Run 17
#Info# Executed steps before collision: 7, Found collision: false
Turtle 1 :[(-1,-1), (4,7), (4,8), (3,8), (2,8), (1,8), (0,8), (-1,-1)]
Turtle 2 :[(-2,-2), (3,17), (2,17), (2,18), (1,18), (-2,-2), (-2,-2), (-2,-2)]
Turtle 3 :[(-3,-3), (15,9), (14,9), (13,9), (12,9), (12,10), (12,11), (-3,-3)]
Turtle 4 :[(-4,-4), (16,19), (15,19), (14,19), (13,19), (13,19), (12,19), (-4,-4)]
Turtle 5 :[(-5,-5), (3,10), (3,9), (4,9), (4,8), (4,7), (4,6), (3,6)]

Shrinking Run 18
#Info# Executed steps before collision: 9, Found collision: false
Turtle 1 :[(-1,-1), (4,7), (4,8), (3,8), (2,8), (1,8), (0,8), (-1,-1), (-1,-1), (-1,-1)]
Turtle 2 :[(-2,-2), (3,17), (2,17), (2,18), (1,18), (-2,-2), (-2,-2), (-2,-2), (-2,-2), (-2,-2)]
Turtle 3 :[(-3,-3), (15,9), (15,10), (14,10), (13,10), (12,10), (12,11), (-3,-3), (-3,-3), (-3,-3)]
Turtle 4 :[(-4,-4), (16,19), (15,19), (14,19), (14,18), (14,17), (14,16), (-4,-4), (-4,-4), (-4,-4)]
Turtle 5 :[(-5,-5), (3,10), (3,9), (2,9), (2,10), (2,9), (2,8), (2,7), (3,7), (3,6)]

Shrinking Run 19
#Info# Executed steps before collision: 7, Found collision: false
Turtle 1 :[(-1,-1), (4,7), (4,8), (3,8), (2,8), (1,8), (0,8), (-1,-1)]
Turtle 2 :[(-2,-2), (3,17), (2,17), (2,18), (1,18), (-2,-2), (-2,-2), (-2,-2)]
Turtle 3 :[(-3,-3), (15,9), (15,10), (14,10), (13,10), (12,10), (12,11), (-3,-3)]
Turtle 4 :[(-4,-4), (16,19), (15,19), (14,19), (13,19), (13,18), (12,18), (-4,-4)]
Turtle 5 :[(-5,-5), (3,10), (3,9), (4,9), (4,8), (4,7), (4,6), (3,6)]

Shrinking Run 20
#Info# Executed steps before collision: 8, Found collision: false
Turtle 1 :[(-1,-1), (4,7), (4,8), (3,8), (2,8), (1,8), (0,8), (-1,-1), (-1,-1)]
Turtle 2 :[(-2,-2), (3,17), (2,17), (2,18), (1,18), (-2,-2), (-2,-2), (-2,-2), (-2,-2)]
Turtle 3 :[(-3,-3), (15,9), (15,10), (14,10), (13,10), (12,10), (12,11), (-3,-3), (-3,-3)]
Turtle 4 :[(-4,-4), (16,19), (15,19), (14,19), (13,19), (12,19), (11,19), (-4,-4), (-4,-4)]
Turtle 5 :[(-5,-5), (3,10), (3,9), (4,9), (3,9), (3,9), (3,8), (3,7), (3,6)]

Shrinking Run 21
#Info# Executed steps before collision: 7, Found collision: false
Turtle 1 :[(-1,-1), (4,7), (4,8), (3,8), (2,8), (1,8), (0,8), (-1,-1)]
Turtle 2 :[(-2,-2), (3,17), (2,17), (2,18), (1,18), (-2,-2), (-2,-2), (-2,-2)]
Turtle 3 :[(-3,-3), (15,9), (15,10), (14,10), (13,10), (12,10), (12,11), (-3,-3)]
Turtle 4 :[(-4,-4), (16,19), (15,19), (14,19), (14,19), (13,19), (12,19), (-4,-4)]
Turtle 5 :[(-5,-5), (3,10), (3,9), (2,9), (3,9), (3,8), (3,7), (3,6)]

Shrinking Run 22
#Info# Executed steps before collision: 7, Found collision: false
Turtle 1 :[(-1,-1), (4,7), (4,8), (3,8), (2,8), (1,8), (0,8), (-1,-1)]
Turtle 2 :[(-2,-2), (3,17), (2,17), (2,18), (1,18), (-2,-2), (-2,-2), (-2,-2)]
Turtle 3 :[(-3,-3), (15,9), (15,10), (14,10), (13,10), (12,10), (12,11), (-3,-3)]
Turtle 4 :[(-4,-4), (16,19), (16,19), (15,19), (14,19), (13,19), (12,19), (-4,-4)]
Turtle 5 :[(-5,-5), (3,10), (3,9), (4,9), (3,9), (3,8), (3,7), (3,6)]

Shrinking Run 23
#Info# Executed steps before collision: 8, Found collision: false
Turtle 1 :[(-1,-1), (4,7), (4,8), (3,8), (2,8), (1,8), (0,8), (-1,-1), (-1,-1)]
Turtle 2 :[(-2,-2), (3,17), (2,17), (2,18), (1,18), (-2,-2), (-2,-2), (-2,-2), (-2,-2)]
Turtle 3 :[(-3,-3), (15,9), (15,10), (14,10), (13,10), (12,10), (12,11), (-3,-3), (-3,-3)]
Turtle 4 :[(-4,-4), (16,19), (15,19), (15,19), (14,19), (13,19), (12,19), (-4,-4), (-4,-4)]
Turtle 5 :[(-5,-5), (3,10), (3,9), (4,9), (3,9), (3,9), (3,8), (3,7), (3,6)]

Shrinking Run 24
#Info# Executed steps before collision: 8, Found collision: false
Turtle 1 :[(-1,-1), (4,7), (4,8), (3,8), (2,8), (1,8), (0,8), (-1,-1), (-1,-1)]
Turtle 2 :[(-2,-2), (3,17), (2,17), (2,18), (1,18), (-2,-2), (-2,-2), (-2,-2), (-2,-2)]
Turtle 3 :[(-3,-3), (15,9), (15,10), (14,10), (13,10), (12,10), (12,11), (-3,-3), (-3,-3)]
Turtle 4 :[(-4,-4), (16,19), (15,19), (14,19), (13,19), (13,19), (12,19), (-4,-4), (-4,-4)]
Turtle 5 :[(-5,-5), (3,10), (2,10), (1,10), (1,9), (0,9), (0,10), (0,9), (0,8)]

Shrinking Run 25
#Info# Executed steps before collision: 8, Found collision: false
Turtle 1 :[(-1,-1), (4,7), (4,8), (3,8), (2,8), (1,8), (0,8), (-1,-1), (-1,-1)]
Turtle 2 :[(-2,-2), (3,17), (2,17), (2,18), (1,18), (-2,-2), (-2,-2), (-2,-2), (-2,-2)]
Turtle 3 :[(-3,-3), (15,9), (15,10), (14,10), (13,10), (12,10), (12,11), (-3,-3), (-3,-3)]
Turtle 4 :[(-4,-4), (16,19), (15,19), (14,19), (13,19), (13,19), (12,19), (-4,-4), (-4,-4)]
Turtle 5 :[(-5,-5), (3,10), (3,9), (4,9), (4,8), (4,7), (4,6), (3,6), (2,6)]

Shrinking Run 26
#Info# Executed steps before collision: 9, Found collision: false
Turtle 1 :[(-1,-1), (4,7), (4,8), (3,8), (2,8), (1,8), (0,8), (-1,-1), (-1,-1), (-1,-1)]
Turtle 2 :[(-2,-2), (3,17), (2,17), (2,18), (1,18), (-2,-2), (-2,-2), (-2,-2), (-2,-2), (-2,-2)]
Turtle 3 :[(-3,-3), (15,9), (15,10), (14,10), (13,10), (12,10), (12,11), (-3,-3), (-3,-3), (-3,-3)]
Turtle 4 :[(-4,-4), (16,19), (15,19), (14,19), (13,19), (13,19), (12,19), (-4,-4), (-4,-4), (-4,-4)]
Turtle 5 :[(-5,-5), (3,10), (3,9), (2,9), (2,9), (2,8), (2,7), (2,6), (3,6), (3,5)]

Shrinking Run 27
#Info# Executed steps before collision: 6, Found collision: false
Turtle 1 :[(-1,-1), (4,7), (4,6), (3,6), (2,6), (1,6), (0,6)]
Turtle 2 :[(-2,-2), (3,17), (2,17), (2,18), (1,18), (-2,-2), (-2,-2)]
Turtle 3 :[(-3,-3), (15,9), (15,10), (14,10), (13,10), (12,10), (12,11)]
Turtle 4 :[(-4,-4), (16,19), (15,19), (14,19), (13,19), (13,19), (12,19)]
Turtle 5 :[(-5,-5), (3,10), (3,9), (3,8), (3,7), (3,6), (-5,-5)]

Shrinking Run 28
#Info# Executed steps before collision: 6, Found collision: false
Turtle 1 :[(-1,-1), (4,7), (3,7), (2,7), (1,7), (0,7), (-1,-1)]
Turtle 2 :[(-2,-2), (3,17), (2,17), (2,18), (1,18), (-2,-2), (-2,-2)]
Turtle 3 :[(-3,-3), (15,9), (15,10), (14,10), (13,10), (12,10), (12,11)]
Turtle 4 :[(-4,-4), (16,19), (15,19), (14,19), (13,19), (13,19), (12,19)]
Turtle 5 :[(-5,-5), (3,10), (3,9), (3,8), (3,7), (3,6), (-5,-5)]

Shrinking Run 29
#Info# Executed steps before collision: 6, Found collision: false
Turtle 1 :[(-1,-1), (4,7), (3,7), (2,7), (1,7), (0,7), (0,8)]
Turtle 2 :[(-2,-2), (3,17), (2,17), (2,18), (1,18), (-2,-2), (-2,-2)]
Turtle 3 :[(-3,-3), (15,9), (15,10), (14,10), (13,10), (12,10), (12,11)]
Turtle 4 :[(-4,-4), (16,19), (15,19), (14,19), (13,19), (13,19), (12,19)]
Turtle 5 :[(-5,-5), (3,10), (3,9), (3,8), (3,7), (3,6), (-5,-5)]

Shrinking Run 30
#Info# Executed steps before collision: 6, Found collision: false
Turtle 1 :[(-1,-1), (4,7), (3,7), (2,7), (1,7), (1,8), (0,8)]
Turtle 2 :[(-2,-2), (3,17), (2,17), (2,18), (1,18), (-2,-2), (-2,-2)]
Turtle 3 :[(-3,-3), (15,9), (15,10), (14,10), (13,10), (12,10), (12,11)]
Turtle 4 :[(-4,-4), (16,19), (15,19), (14,19), (13,19), (13,19), (12,19)]
Turtle 5 :[(-5,-5), (3,10), (3,9), (3,8), (3,7), (3,6), (-5,-5)]

Shrinking Run 31
#Info# Executed steps before collision: 7, Found collision: false
Turtle 1 :[(-1,-1), (4,7), (4,8), (3,8), (2,8), (1,8), (0,8), (-1,-1)]
Turtle 2 :[(-2,-2), (3,17), (2,17), (2,18), (1,18), (0,18), (-2,-2), (-2,-2)]
Turtle 3 :[(-3,-3), (15,9), (15,10), (14,10), (13,10), (12,10), (12,11), (-3,-3)]
Turtle 4 :[(-4,-4), (16,19), (15,19), (14,19), (13,19), (13,19), (12,19), (-4,-4)]
Turtle 5 :[(-5,-5), (3,10), (3,9), (4,9), (4,8), (4,7), (4,6), (3,6)]

Shrinking Run 32
#Info# Executed steps before collision: 7, Found collision: false
Turtle 1 :[(-1,-1), (4,7), (4,8), (3,8), (2,8), (1,8), (0,8), (-1,-1)]
Turtle 2 :[(-2,-2), (3,17), (3,16), (3,15), (2,15), (1,15), (1,14), (-2,-2)]
Turtle 3 :[(-3,-3), (15,9), (15,10), (14,10), (13,10), (12,10), (12,11), (-3,-3)]
Turtle 4 :[(-4,-4), (16,19), (15,19), (14,19), (13,19), (13,19), (12,19), (-4,-4)]
Turtle 5 :[(-5,-5), (3,10), (3,9), (3,10), (3,9), (3,8), (3,7), (3,6)]

Shrinking Run 33
#Info# Executed steps before collision: 7, Found collision: false
Turtle 1 :[(-1,-1), (4,7), (4,8), (3,8), (2,8), (1,8), (0,8), (-1,-1)]
Turtle 2 :[(-2,-2), (3,17), (2,17), (2,16), (1,16), (-2,-2), (-2,-2), (-2,-2)]
Turtle 3 :[(-3,-3), (15,9), (15,10), (14,10), (13,10), (12,10), (12,11), (-3,-3)]
Turtle 4 :[(-4,-4), (16,19), (15,19), (14,19), (13,19), (13,19), (12,19), (-4,-4)]
Turtle 5 :[(-5,-5), (3,10), (3,9), (3,10), (3,9), (3,8), (3,7), (3,6)]

Shrinking Run 34
#Info# Executed steps before collision: 9, Found collision: false
Turtle 1 :[(-1,-1), (4,7), (4,8), (3,8), (2,8), (1,8), (0,8), (-1,-1), (-1,-1), (-1,-1)]
Turtle 2 :[(-2,-2), (3,17), (3,16), (2,16), (2,17), (1,17), (-2,-2), (-2,-2), (-2,-2), (-2,-2)]
Turtle 3 :[(-3,-3), (15,9), (15,10), (14,10), (13,10), (12,10), (12,11), (-3,-3), (-3,-3), (-3,-3)]
Turtle 4 :[(-4,-4), (16,19), (15,19), (14,19), (13,19), (13,19), (12,19), (-4,-4), (-4,-4), (-4,-4)]
Turtle 5 :[(-5,-5), (3,10), (3,9), (2,9), (2,10), (2,9), (2,8), (2,7), (3,7), (3,6)]

Shrinking Run 35
#Info# Executed steps before collision: 11, Found collision: false
Turtle 1 :[(-1,-1), (4,7), (4,8), (3,8), (3,8), (2,8), (1,8), (0,8), (-1,-1), (-1,-1), (-1,-1), (-1,-1)]
Turtle 2 :[(-2,-2), (3,17), (2,17), (1,17), (1,18), (-2,-2), (-2,-2), (-2,-2), (-2,-2), (-2,-2), (-2,-2), (-2,-2)]
Turtle 3 :[(-3,-3), (15,9), (15,10), (14,10), (13,10), (12,10), (12,11), (-3,-3), (-3,-3), (-3,-3), (-3,-3), (-3,-3)]
Turtle 4 :[(-4,-4), (16,19), (15,19), (14,19), (13,19), (13,19), (12,19), (-4,-4), (-4,-4), (-4,-4), (-4,-4), (-4,-4)]
Turtle 5 :[(-5,-5), (3,10), (3,9), (2,9), (3,9), (2,9), (2,10), (2,9), (2,8), (3,8), (3,7), (3,6)]

Shrink Run 36
#Info# Executed steps before collision: 7, Found collision: false
Turtle 1 :[(-1,-1), (4,7), (4,8), (3,8), (2,8), (1,8), (0,8), (-1,-1)]
Turtle 2 :[(-2,-2), (3,17), (3,18), (2,18), (1,18), (-2,-2), (-2,-2), (-2,-2)]
Turtle 3 :[(-3,-3), (15,9), (15,10), (14,10), (13,10), (12,10), (12,11), (-3,-3)]
Turtle 4 :[(-4,-4), (16,19), (15,19), (14,19), (13,19), (13,19), (12,19), (-4,-4)]
Turtle 5 :[(-5,-5), (3,10), (3,9), (3,10), (3,9), (3,8), (3,7), (3,6)]

