Detection Run 1
#Info# Executed steps before collision: 6, Found collision: false
Turtle 1 :[(-1,-1), (4,42), (3,42), (3,43), (3,44), (4,44), (4,45)]
Turtle 2 :[(-2,-2), (26,1), (26,0), (27,0), (-2,-2), (-2,-2), (-2,-2)]
Turtle 3 :[(-3,-3), (9,1), (9,2), (8,2), (7,2), (6,2), (-3,-3)]
Turtle 4 :[(-4,-4), (9,38), (9,37), (8,37), (8,36), (8,35), (7,35)]
Turtle 5 :[(-5,-5), (8,2), (8,1), (8,0), (-5,-5), (-5,-5), (-5,-5)]

Detection Run 2
#Info# Executed steps before collision: 9, Found collision: false
Turtle 1 :[(-1,-1), (3,18), (4,18), (4,19), (4,18), (3,18), (3,17), (-1,-1), (-1,-1), (-1,-1)]
Turtle 2 :[(-2,-2), (2,3), (2,2), (1,2), (1,1), (1,0), (0,0), (-2,-2), (-2,-2), (-2,-2)]
Turtle 3 :[(-3,-3), (8,30), (8,31), (7,31), (7,30), (7,31), (7,32), (6,32), (5,32), (-3,-3)]
Turtle 4 :[(-4,-4), (13,26), (14,26), (15,26), (16,26), (17,26), (17,27), (-4,-4), (-4,-4), (-4,-4)]
Turtle 5 :[(-5,-5), (8,31), (7,31), (6,31), (6,30), (6,29), (7,29), (8,29), (9,29), (10,29)]

Detection Run 3
#Info# Executed steps before collision: 7, Found collision: false
Turtle 1 :[(-1,-1), (28,17), (28,18), (28,17), (28,16), (28,17), (27,17), (-1,-1)]
Turtle 2 :[(-2,-2), (5,18), (4,18), (3,18), (2,18), (2,19), (2,20), (-2,-2)]
Turtle 3 :[(-3,-3), (22,40), (22,41), (23,41), (23,42), (24,42), (25,42), (-3,-3)]
Turtle 4 :[(-4,-4), (12,28), (11,28), (10,28), (9,28), (9,29), (9,29), (9,30)]
Turtle 5 :[(-5,-5), (10,30), (11,30), (11,29), (11,28), (-5,-5), (-5,-5), (-5,-5)]

Detection Run 4
#Info# Executed steps before collision: 8, Found collision: false
Turtle 1 :[(-1,-1), (13,19), (12,19), (11,19), (11,20), (10,20), (10,21), (-1,-1), (-1,-1)]
Turtle 2 :[(-2,-2), (0,39), (0,39), (1,39), (2,39), (3,39), (3,39), (3,39), (4,39)]
Turtle 3 :[(-3,-3), (30,20), (31,20), (32,20), (33,20), (34,20), (35,20), (-3,-3), (-3,-3)]
Turtle 4 :[(-4,-4), (42,6), (42,7), (42,8), (41,8), (41,8), (41,9), (40,9), (-4,-4)]
Turtle 5 :[(-5,-5), (31,18), (31,19), (31,19), (31,20), (31,21), (-5,-5), (-5,-5), (-5,-5)]

Detection Run 5
#Info# Executed steps before collision: 8, Found collision: false
Turtle 1 :[(-1,-1), (12,3), (13,3), (13,4), (13,4), (13,5), (14,5), (15,5), (-1,-1)]
Turtle 2 :[(-2,-2), (15,45), (15,45), (14,45), (14,46), (15,46), (15,45), (15,44), (16,44)]
Turtle 3 :[(-3,-3), (12,0), (11,0), (11,0), (10,0), (9,0), (9,1), (9,1), (8,1)]
Turtle 4 :[(-4,-4), (3,5), (4,5), (5,5), (5,4), (6,4), (6,4), (7,4), (-4,-4)]
Turtle 5 :[(-5,-5), (16,45), (16,44), (16,45), (16,46), (16,47), (15,47), (14,47), (13,47)]

Detection Run 6
#Info# Executed steps before collision: 9, Found collision: false
Turtle 1 :[(-1,-1), (16,39), (15,39), (15,39), (15,39), (15,40), (14,40), (14,41), (13,41), (-1,-1)]
Turtle 2 :[(-2,-2), (22,33), (22,33), (22,34), (22,35), (22,36), (21,36), (20,36), (-2,-2), (-2,-2)]
Turtle 3 :[(-3,-3), (12,41), (13,41), (13,41), (14,41), (14,42), (14,42), (14,43), (-3,-3), (-3,-3)]
Turtle 4 :[(-4,-4), (-4,-4), (-4,-4), (-4,-4), (22,33), (22,34), (22,35), (22,36), (21,36), (21,37)]
Turtle 5 :[(-5,-5), (12,22), (11,22), (12,22), (12,23), (-5,-5), (-5,-5), (-5,-5), (-5,-5), (-5,-5)]

Detection Run 7
#Info# Executed steps before collision: 12, Found collision: false
Turtle 1 :[(-1,-1), (7,48), (7,49), (6,49), (5,49), (5,49), (4,49), (4,49), (-1,-1), (-1,-1), (-1,-1), (-1,-1), (-1,-1)]
Turtle 2 :[(-2,-2), (24,33), (25,33), (26,33), (26,34), (27,34), (27,34), (27,34), (28,34), (-2,-2), (-2,-2), (-2,-2), (-2,-2)]
Turtle 3 :[(-3,-3), (12,7), (12,7), (12,7), (12,7), (11,7), (10,7), (9,7), (9,6), (-3,-3), (-3,-3), (-3,-3), (-3,-3)]
Turtle 4 :[(-4,-4), (3,48), (3,48), (3,48), (3,48), (4,48), (4,48), (4,48), (4,48), (5,48), (6,48), (7,48), (8,48)]
Turtle 5 :[(-5,-5), (16,32), (16,33), (15,33), (15,34), (15,35), (15,35), (15,35), (15,36), (-5,-5), (-5,-5), (-5,-5), (-5,-5)]

Detection Run 8
#Info# Executed steps before collision: 11, Found collision: false
Turtle 1 :[(-1,-1), (16,20), (15,20), (14,20), (13,20), (13,19), (12,19), (-1,-1), (-1,-1), (-1,-1), (-1,-1), (-1,-1)]
Turtle 2 :[(-2,-2), (38,38), (38,38), (38,39), (38,40), (38,41), (38,41), (38,41), (37,41), (37,41), (37,41), (37,42)]
Turtle 3 :[(-3,-3), (7,16), (8,16), (9,16), (9,16), (9,17), (9,17), (9,17), (9,18), (9,19), (-3,-3), (-3,-3)]
Turtle 4 :[(-4,-4), (38,43), (38,42), (38,42), (38,42), (39,42), (39,42), (40,42), (41,42), (41,42), (42,42), (-4,-4)]
Turtle 5 :[(-5,-5), (43,38), (43,39), (43,40), (42,40), (42,41), (42,42), (-5,-5), (-5,-5), (-5,-5), (-5,-5), (-5,-5)]

Detection Run 9
#Info# Executed steps before collision: 11, Found collision: false
Turtle 1 :[(-1,-1), (33,47), (32,47), (31,47), (31,47), (31,46), (31,45), (-1,-1), (-1,-1), (-1,-1), (-1,-1), (-1,-1)]
Turtle 2 :[(-2,-2), (34,20), (35,20), (35,19), (35,18), (35,17), (35,17), (35,17), (35,16), (-2,-2), (-2,-2), (-2,-2)]
Turtle 3 :[(-3,-3), (3,48), (3,47), (3,47), (3,46), (3,46), (3,46), (3,46), (2,46), (1,46), (1,45), (-3,-3)]
Turtle 4 :[(-4,-4), (32,17), (32,18), (32,18), (32,18), (33,18), (33,18), (34,18), (35,18), (35,18), (35,18), (36,18)]
Turtle 5 :[(-5,-5), (28,3), (28,4), (27,4), (26,4), (26,5), (-5,-5), (-5,-5), (-5,-5), (-5,-5), (-5,-5), (-5,-5)]

Fault Detection Run 10
#Info# Executed steps before collision: 5, Found collision: true
Turtle 1 :[(-1,-1), (21,44), (21,45), (21,44), (21,44), (21,43), (21,42), (-1,-1), (-1,-1), (-1,-1), (-1,-1)]
Turtle 2 :[(-2,-2), (45,1), (44,1), (43,1), (42,1), (41,1), (41,2), (-2,-2), (-2,-2), (-2,-2), (-2,-2)]
Turtle 3 :[(-3,-3), (3,29), (3,29), (2,29), (3,29), (3,29), (3,29), (4,29), (4,29), (4,29), (4,28)]
Turtle 4 :[(-4,-4), (31,45), (31,45), (31,45), (31,44), (32,44), (32,44), (32,44), (32,44), (32,43), (-4,-4)]
Turtle 5 :[(-5,-5), (32,41), (32,42), (32,42), (32,43), (32,44), (-5,-5), (-5,-5), (-5,-5), (-5,-5), (-5,-5)]

