Shrinking Run 1
#Info# Executed steps before collision: 4, Found collision: true
Turtle 1 :[(-1,-1), (12,7), (12,8), (11,8), (10,8), (9,8), (8,8)]
Turtle 2 :[(-2,-2), (8,5), (9,5), (10,5), (11,5), (12,5), (13,5)]
Turtle 3 :[(-3,-3), (8,0), (9,0), (10,0), (11,0), (-3,-3), (-3,-3)]
Turtle 4 :[(-4,-4), (16,11), (15,11), (14,11), (14,10), (14,9), (14,8)]
Turtle 5 :[(-5,-5), (12,9), (13,9), (14,9), (14,10), (15,10), (16,10)]

Shrinking Run 2
#Info# Executed steps before collision: 4, Found collision: true
Turtle 1 :[(-1,-1), (12,7), (12,6), (12,5), (11,5), (11,4), (11,3)]
Turtle 2 :[(-2,-2), (8,5), (9,5), (10,5), (11,5), (12,5), (13,5)]
Turtle 3 :[(-3,-3), (8,0), (9,0), (10,0), (11,0), (-3,-3), (-3,-3)]
Turtle 4 :[(-4,-4), (16,11), (15,11), (14,11), (14,10), (14,9), (14,8)]
Turtle 5 :[(-5,-5), (12,9), (13,9), (14,9), (15,9), (16,9), (16,10)]

Shrinking Run 3
#Info# Executed steps before collision: 8, Found collision: false
Turtle 1 :[(-1,-1), (12,7), (11,7), (11,6), (11,5), (11,4), (11,3), (-1,-1), (-1,-1)]
Turtle 2 :[(-2,-2), (8,5), (9,5), (10,5), (10,6), (11,6), (12,6), (12,5), (13,5)]
Turtle 3 :[(-3,-3), (8,0), (9,0), (10,0), (11,0), (-3,-3), (-3,-3), (-3,-3), (-3,-3)]
Turtle 4 :[(-4,-4), (16,11), (15,11), (14,11), (14,10), (14,9), (14,8), (-4,-4), (-4,-4)]
Turtle 5 :[(-5,-5), (12,9), (13,9), (14,9), (15,9), (16,9), (16,10), (-5,-5), (-5,-5)]

Shrinking Run 4
#Info# Executed steps before collision: 4, Found collision: true
Turtle 1 :[(-1,-1), (12,7), (12,6), (12,5), (12,4), (11,4), (11,3)]
Turtle 2 :[(-2,-2), (8,5), (9,5), (10,5), (11,5), (12,5), (13,5)]
Turtle 3 :[(-3,-3), (8,0), (9,0), (10,0), (11,0), (-3,-3), (-3,-3)]
Turtle 4 :[(-4,-4), (16,11), (15,11), (14,11), (14,10), (14,9), (14,8)]
Turtle 5 :[(-5,-5), (12,9), (13,9), (14,9), (14,10), (15,10), (16,10)]

Shrinking Run 5
#Info# Executed steps before collision: 10, Found collision: false
Turtle 1 :[(-1,-1), (12,7), (12,6), (11,6), (11,5), (10,5), (10,4), (-1,-1), (-1,-1), (-1,-1), (-1,-1)]
Turtle 2 :[(-2,-2), (8,5), (9,5), (10,5), (9,5), (8,5), (9,5), (10,5), (11,5), (12,5), (13,5)]
Turtle 3 :[(-3,-3), (8,0), (9,0), (10,0), (11,0), (-3,-3), (-3,-3), (-3,-3), (-3,-3), (-3,-3), (-3,-3)]
Turtle 4 :[(-4,-4), (16,11), (15,11), (14,11), (14,10), (14,9), (14,8), (-4,-4), (-4,-4), (-4,-4), (-4,-4)]
Turtle 5 :[(-5,-5), (12,9), (13,9), (14,9), (13,9), (13,10), (14,10), (15,10), (16,10), (-5,-5), (-5,-5)]

Shrinking Run 6
#Info# Executed steps before collision: 4, Found collision: true
Turtle 1 :[(-1,-1), (12,7), (12,6), (12,5), (11,5), (10,5), (10,4), (-1,-1), (-1,-1), (-1,-1), (-1,-1)]
Turtle 2 :[(-2,-2), (8,5), (9,5), (10,5), (9,5), (8,5), (9,5), (10,5), (11,5), (12,5), (13,5)]
Turtle 3 :[(-3,-3), (8,0), (9,0), (10,0), (11,0), (-3,-3), (-3,-3), (-3,-3), (-3,-3), (-3,-3), (-3,-3)]
Turtle 4 :[(-4,-4), (16,11), (15,11), (14,11), (14,10), (14,9), (14,8), (-4,-4), (-4,-4), (-4,-4), (-4,-4)]
Turtle 5 :[(-5,-5), (12,9), (13,9), (14,9), (14,10), (15,10), (16,10), (-5,-5), (-5,-5), (-5,-5), (-5,-5)]

Shrinking Run 7
#Info# Executed steps before collision: 4, Found collision: true
Turtle 1 :[(-1,-1), (12,7), (12,6), (12,5), (11,5), (12,5), (11,5), (11,5), (10,5), (9,5), (-1,-1), (-1,-1)]
Turtle 2 :[(-2,-2), (8,5), (9,5), (10,5), (10,5), (10,5), (10,5), (9,5), (10,5), (11,5), (12,5), (13,5)]
Turtle 3 :[(-3,-3), (8,0), (9,0), (10,0), (11,0), (-3,-3), (-3,-3), (-3,-3), (-3,-3), (-3,-3), (-3,-3), (-3,-3)]
Turtle 4 :[(-4,-4), (16,11), (15,11), (14,11), (14,10), (14,9), (14,8), (-4,-4), (-4,-4), (-4,-4), (-4,-4), (-4,-4)]
Turtle 5 :[(-5,-5), (12,9), (13,9), (14,9), (14,10), (15,10), (16,10), (-5,-5), (-5,-5), (-5,-5), (-5,-5), (-5,-5)]

Shrinking Run 8
#Info# Executed steps before collision: 4, Found collision: true
Turtle 1 :[(-1,-1), (12,7), (12,6), (11,6), (10,6), (10,5), (9,5)]
Turtle 2 :[(-2,-2), (8,5), (9,5), (10,5), (11,5), (12,5), (13,5)]
Turtle 3 :[(-3,-3), (8,0), (9,0), (10,0), (11,0), (-3,-3), (-3,-3)]
Turtle 4 :[(-4,-4), (16,11), (15,11), (14,11), (14,10), (14,9), (14,8)]
Turtle 5 :[(-5,-5), (12,9), (13,9), (14,9), (14,10), (15,10), (16,10)]

Shrinking Run 9
#Info# Executed steps before collision: 4, Found collision: true
Turtle 1 :[(-1,-1), (12,7), (12,6), (11,6), (11,5), (10,5), (9,5), (-1,-1), (-1,-1)]
Turtle 2 :[(-2,-2), (8,5), (9,5), (10,5), (11,5), (12,5), (13,5), (-2,-2), (-2,-2)]
Turtle 3 :[(-3,-3), (8,0), (9,0), (10,0), (11,0), (-3,-3), (-3,-3), (-3,-3), (-3,-3)]
Turtle 4 :[(-4,-4), (16,11), (15,11), (14,11), (14,10), (14,9), (14,8), (-4,-4), (-4,-4)]
Turtle 5 :[(-5,-5), (12,9), (13,9), (14,9), (13,9), (14,9), (15,9), (16,9), (16,10)]

Shrinking Run 10
#Info# Executed steps before collision: 6, Found collision: false
Turtle 1 :[(-1,-1), (12,7), (12,6), (11,6), (11,5), (10,5), (9,5)]
Turtle 2 :[(-2,-2), (8,5), (7,5), (6,5), (5,5), (4,5), (3,5)]
Turtle 3 :[(-3,-3), (8,0), (9,0), (10,0), (11,0), (-3,-3), (-3,-3)]
Turtle 4 :[(-4,-4), (16,11), (15,11), (14,11), (14,10), (14,9), (14,8)]
Turtle 5 :[(-5,-5), (12,9), (13,9), (14,9), (15,9), (16,9), (16,10)]

Shrinking Run 11
#Info# Executed steps before collision: 4, Found collision: true
Turtle 1 :[(-1,-1), (12,7), (12,6), (11,6), (11,5), (10,5), (9,5)]
Turtle 2 :[(-2,-2), (8,5), (7,5), (6,5), (5,5), (5,4), (-2,-2)]
Turtle 3 :[(-3,-3), (8,0), (9,0), (10,0), (11,0), (-3,-3), (-3,-3)]
Turtle 4 :[(-4,-4), (16,11), (15,11), (14,11), (14,10), (14,9), (14,8)]
Turtle 5 :[(-5,-5), (12,9), (13,9), (14,9), (14,10), (15,10), (16,10)]

Shrinking Run 12
#Info# Executed steps before collision: 8, Found collision: false
Turtle 1 :[(-1,-1), (12,7), (12,6), (11,6), (11,5), (10,5), (9,5), (-1,-1), (-1,-1)]
Turtle 2 :[(-2,-2), (8,5), (7,5), (6,5), (5,5), (4,5), (4,4), (-2,-2), (-2,-2)]
Turtle 3 :[(-3,-3), (8,0), (9,0), (10,0), (11,0), (-3,-3), (-3,-3), (-3,-3), (-3,-3)]
Turtle 4 :[(-4,-4), (16,11), (15,11), (14,11), (14,10), (14,9), (14,8), (-4,-4), (-4,-4)]
Turtle 5 :[(-5,-5), (12,9), (13,9), (14,9), (13,9), (13,10), (14,10), (15,10), (16,10)]

Shrinking Run 13
#Info# Executed steps before collision: 6, Found collision: false
Turtle 1 :[(-1,-1), (12,7), (12,6), (11,6), (11,5), (10,5), (9,5)]
Turtle 2 :[(-2,-2), (8,5), (8,4), (7,4), (6,4), (5,4), (5,3)]
Turtle 3 :[(-3,-3), (8,0), (9,0), (10,0), (11,0), (-3,-3), (-3,-3)]
Turtle 4 :[(-4,-4), (16,11), (15,11), (14,11), (14,10), (14,9), (14,8)]
Turtle 5 :[(-5,-5), (12,9), (13,9), (14,9), (15,9), (16,9), (16,10)]

Shrinking Run 14
#Info# Executed steps before collision: 8, Found collision: false
Turtle 1 :[(-1,-1), (12,7), (12,6), (11,6), (11,5), (10,5), (9,5), (-1,-1), (-1,-1)]
Turtle 2 :[(-2,-2), (8,5), (7,5), (6,5), (6,4), (5,4), (5,3), (-2,-2), (-2,-2)]
Turtle 3 :[(-3,-3), (8,0), (9,0), (10,0), (11,0), (-3,-3), (-3,-3), (-3,-3), (-3,-3)]
Turtle 4 :[(-4,-4), (16,11), (15,11), (14,11), (14,10), (13,10), (13,9), (14,9), (14,8)]
Turtle 5 :[(-5,-5), (12,9), (13,9), (14,9), (14,9), (14,9), (14,10), (15,10), (16,10)]

Shrinking Run 15
#Info# Executed steps before collision: 4, Found collision: true
Turtle 1 :[(-1,-1), (12,7), (12,6), (11,6), (11,5), (10,5), (9,5)]
Turtle 2 :[(-2,-2), (8,5), (7,5), (6,5), (5,5), (5,4), (-2,-2)]
Turtle 3 :[(-3,-3), (8,0), (7,0), (6,0), (5,0), (4,0), (3,0)]
Turtle 4 :[(-4,-4), (16,11), (15,11), (14,11), (14,10), (14,9), (14,8)]
Turtle 5 :[(-5,-5), (12,9), (13,9), (14,9), (14,10), (15,10), (16,10)]

Shrinking Run 16
#Info# Executed steps before collision: 6, Found collision: false
Turtle 1 :[(-1,-1), (12,7), (12,6), (11,6), (11,5), (10,5), (9,5)]
Turtle 2 :[(-2,-2), (8,5), (7,5), (6,5), (5,5), (5,4), (-2,-2)]
Turtle 3 :[(-3,-3), (8,0), (7,0), (6,0), (5,0), (4,0), (3,0)]
Turtle 4 :[(-4,-4), (16,11), (16,10), (15,10), (15,9), (15,8), (15,7)]
Turtle 5 :[(-5,-5), (12,9), (13,9), (14,9), (14,10), (15,10), (16,10)]

Shrinking Run 17
#Info# Executed steps before collision: 6, Found collision: false
Turtle 1 :[(-1,-1), (12,7), (12,6), (11,6), (11,5), (10,5), (9,5)]
Turtle 2 :[(-2,-2), (8,5), (7,5), (6,5), (5,5), (5,4), (-2,-2)]
Turtle 3 :[(-3,-3), (8,0), (7,0), (6,0), (5,0), (4,0), (3,0)]
Turtle 4 :[(-4,-4), (16,11), (16,10), (15,10), (15,9), (14,9), (14,8)]
Turtle 5 :[(-5,-5), (12,9), (13,9), (14,9), (14,10), (15,10), (16,10)]

Shrinking Run 18
#Info# Executed steps before collision: 6, Found collision: false
Turtle 1 :[(-1,-1), (12,7), (12,6), (11,6), (11,5), (10,5), (9,5)]
Turtle 2 :[(-2,-2), (8,5), (7,5), (6,5), (5,5), (5,4), (-2,-2)]
Turtle 3 :[(-3,-3), (8,0), (7,0), (6,0), (5,0), (4,0), (3,0)]
Turtle 4 :[(-4,-4), (16,11), (15,11), (14,11), (13,11), (13,10), (13,9)]
Turtle 5 :[(-5,-5), (12,9), (13,9), (14,9), (14,10), (15,10), (16,10)]

Shrinking Run 19
#Info# Executed steps before collision: 6, Found collision: false
Turtle 1 :[(-1,-1), (12,7), (12,6), (11,6), (11,5), (10,5), (9,5)]
Turtle 2 :[(-2,-2), (8,5), (7,5), (6,5), (5,5), (5,4), (-2,-2)]
Turtle 3 :[(-3,-3), (8,0), (7,0), (6,0), (5,0), (4,0), (3,0)]
Turtle 4 :[(-4,-4), (16,11), (15,11), (14,11), (14,10), (14,9), (13,9)]
Turtle 5 :[(-5,-5), (12,9), (13,9), (14,9), (15,9), (15,10), (16,10)]

Shrinking Run 20
#Info# Executed steps before collision: 6, Found collision: false
Turtle 1 :[(-1,-1), (12,7), (12,6), (11,6), (11,5), (10,5), (9,5)]
Turtle 2 :[(-2,-2), (8,5), (7,5), (6,5), (5,5), (5,4), (-2,-2)]
Turtle 3 :[(-3,-3), (8,0), (7,0), (6,0), (5,0), (4,0), (3,0)]
Turtle 4 :[(-4,-4), (16,11), (15,11), (15,10), (15,9), (14,9), (14,8)]
Turtle 5 :[(-5,-5), (12,9), (13,9), (14,9), (14,10), (15,10), (16,10)]

Shrinking Run 21
#Info# Executed steps before collision: 6, Found collision: false
Turtle 1 :[(-1,-1), (12,7), (12,6), (11,6), (11,5), (10,5), (9,5)]
Turtle 2 :[(-2,-2), (8,5), (7,5), (6,5), (5,5), (5,4), (-2,-2)]
Turtle 3 :[(-3,-3), (8,0), (7,0), (6,0), (5,0), (4,0), (3,0)]
Turtle 4 :[(-4,-4), (16,11), (15,11), (14,11), (14,10), (14,9), (14,8)]
Turtle 5 :[(-5,-5), (12,9), (11,9), (10,9), (10,10), (9,10), (8,10)]

Shrinking Run 22
#Info# Executed steps before collision: 6, Found collision: false
Turtle 1 :[(-1,-1), (12,7), (12,6), (11,6), (11,5), (10,5), (9,5)]
Turtle 2 :[(-2,-2), (8,5), (7,5), (6,5), (5,5), (5,4), (-2,-2)]
Turtle 3 :[(-3,-3), (8,0), (7,0), (6,0), (5,0), (4,0), (3,0)]
Turtle 4 :[(-4,-4), (16,11), (15,11), (14,11), (14,10), (14,9), (14,8)]
Turtle 5 :[(-5,-5), (12,9), (11,9), (11,10), (10,10), (9,10), (-5,-5)]

Shrinking Run 23
#Info# Executed steps before collision: 6, Found collision: false
Turtle 1 :[(-1,-1), (12,7), (12,6), (11,6), (11,5), (10,5), (9,5)]
Turtle 2 :[(-2,-2), (8,5), (7,5), (6,5), (5,5), (5,4), (-2,-2)]
Turtle 3 :[(-3,-3), (8,0), (7,0), (6,0), (5,0), (4,0), (3,0)]
Turtle 4 :[(-4,-4), (16,11), (15,11), (14,11), (14,10), (14,9), (14,8)]
Turtle 5 :[(-5,-5), (12,9), (12,10), (13,10), (-5,-5), (-5,-5), (-5,-5)]

Shrinking Run 24
#Info# Executed steps before collision: 4, Found collision: true
Turtle 1 :[(-1,-1), (12,7), (12,6), (11,6), (11,5), (10,5), (9,5)]
Turtle 2 :[(-2,-2), (8,5), (7,5), (6,5), (5,5), (5,4), (-2,-2)]
Turtle 3 :[(-3,-3), (8,0), (7,0), (6,0), (5,0), (4,0), (3,0)]
Turtle 4 :[(-4,-4), (16,11), (15,11), (14,11), (14,10), (14,9), (14,8)]
Turtle 5 :[(-5,-5), (12,9), (13,9), (13,10), (14,10), (15,10), (-5,-5)]

Shrinking Run 25
#Info# Executed steps before collision: 6, Found collision: false
Turtle 1 :[(-1,-1), (12,7), (12,6), (11,6), (11,5), (10,5), (9,5)]
Turtle 2 :[(-2,-2), (8,5), (7,5), (6,5), (5,5), (5,4), (-2,-2)]
Turtle 3 :[(-3,-3), (8,0), (7,0), (6,0), (5,0), (4,0), (3,0)]
Turtle 4 :[(-4,-4), (16,11), (15,11), (14,11), (14,10), (14,9), (14,8)]
Turtle 5 :[(-5,-5), (12,9), (13,9), (14,9), (13,9), (13,10), (14,10)]

Shrinking Run 26
#Info# Executed steps before collision: 6, Found collision: false
Turtle 1 :[(-1,-1), (12,7), (12,6), (11,6), (11,5), (10,5), (9,5)]
Turtle 2 :[(-2,-2), (8,5), (7,5), (6,5), (5,5), (5,4), (-2,-2)]
Turtle 3 :[(-3,-3), (8,0), (7,0), (6,0), (5,0), (4,0), (3,0)]
Turtle 4 :[(-4,-4), (16,11), (15,11), (14,11), (14,10), (14,9), (14,8)]
Turtle 5 :[(-5,-5), (12,9), (13,9), (13,8), (13,7), (13,6), (13,5)]

Shrinking Run 27
#Info# Executed steps before collision: 6, Found collision: false
Turtle 1 :[(-1,-1), (12,7), (12,6), (11,6), (11,5), (10,5), (9,5)]
Turtle 2 :[(-2,-2), (8,5), (7,5), (6,5), (5,5), (5,4), (-2,-2)]
Turtle 3 :[(-3,-3), (8,0), (7,0), (6,0), (5,0), (4,0), (3,0)]
Turtle 4 :[(-4,-4), (16,11), (15,11), (14,11), (14,10), (14,9), (14,8)]
Turtle 5 :[(-5,-5), (12,9), (13,9), (14,9), (14,8), (14,7), (14,6)]

Shrinking Run 28
#Info# Executed steps before collision: 6, Found collision: false
Turtle 1 :[(-1,-1), (12,7), (12,6), (11,6), (11,5), (10,5), (9,5)]
Turtle 2 :[(-2,-2), (8,5), (7,5), (6,5), (5,5), (5,4), (-2,-2)]
Turtle 3 :[(-3,-3), (8,0), (7,0), (6,0), (5,0), (4,0), (3,0)]
Turtle 4 :[(-4,-4), (16,11), (15,11), (14,11), (14,10), (14,9), (14,8)]
Turtle 5 :[(-5,-5), (12,9), (13,9), (13,8), (14,8), (15,8), (-5,-5)]

Shrinking Run 29
#Info# Executed steps before collision: 6, Found collision: false
Turtle 1 :[(-1,-1), (12,7), (12,6), (11,6), (11,5), (10,5), (9,5)]
Turtle 2 :[(-2,-2), (8,5), (7,5), (6,5), (5,5), (5,4), (-2,-2)]
Turtle 3 :[(-3,-3), (8,0), (7,0), (6,0), (5,0), (4,0), (3,0)]
Turtle 4 :[(-4,-4), (16,11), (15,11), (14,11), (14,10), (14,9), (14,8)]
Turtle 5 :[(-5,-5), (12,9), (13,9), (14,9), (15,9), (-5,-5), (-5,-5)]

Shrinking Run 30
#Info# Executed steps before collision: 6, Found collision: false
Turtle 1 :[(-1,-1), (12,7), (12,6), (11,6), (11,5), (10,5), (9,5)]
Turtle 2 :[(-2,-2), (8,5), (7,5), (6,5), (5,5), (5,4), (-2,-2)]
Turtle 3 :[(-3,-3), (8,0), (7,0), (6,0), (5,0), (4,0), (3,0)]
Turtle 4 :[(-4,-4), (16,11), (15,11), (14,11), (14,10), (14,9), (14,8)]
Turtle 5 :[(-5,-5), (12,9), (13,9), (14,9), (15,9), (15,10), (-5,-5)]

Shrinking Run 31
#Info# Executed steps before collision: 7, Found collision: false
Turtle 1 :[(-1,-1), (12,7), (12,6), (11,6), (11,5), (10,5), (9,5), (-1,-1)]
Turtle 2 :[(-2,-2), (8,5), (7,5), (6,5), (5,5), (5,4), (-2,-2), (-2,-2)]
Turtle 3 :[(-3,-3), (8,0), (7,0), (6,0), (5,0), (4,0), (3,0), (-3,-3)]
Turtle 4 :[(-4,-4), (16,11), (15,11), (14,11), (14,10), (14,9), (14,8), (-4,-4)]
Turtle 5 :[(-5,-5), (12,9), (13,9), (14,9), (13,9), (13,10), (14,10), (15,10)]

Shrinking Run 32
#Info# Executed steps before collision: 9, Found collision: false
Turtle 1 :[(-1,-1), (12,7), (11,7), (11,6), (11,5), (11,4), (11,3), (-1,-1), (-1,-1), (-1,-1)]
Turtle 2 :[(-2,-2), (8,5), (7,5), (6,5), (5,5), (5,4), (-2,-2), (-2,-2), (-2,-2), (-2,-2)]
Turtle 3 :[(-3,-3), (8,0), (7,0), (6,0), (5,0), (4,0), (3,0), (-3,-3), (-3,-3), (-3,-3)]
Turtle 4 :[(-4,-4), (16,11), (15,11), (14,11), (14,10), (14,9), (14,8), (-4,-4), (-4,-4), (-4,-4)]
Turtle 5 :[(-5,-5), (12,9), (13,9), (13,10), (13,9), (13,8), (13,9), (14,9), (14,10), (15,10)]

Shrinking Run 33
#Info# Executed steps before collision: 7, Found collision: false
Turtle 1 :[(-1,-1), (12,7), (12,6), (11,6), (11,5), (10,5), (10,4), (-1,-1)]
Turtle 2 :[(-2,-2), (8,5), (7,5), (6,5), (5,5), (5,4), (-2,-2), (-2,-2)]
Turtle 3 :[(-3,-3), (8,0), (7,0), (6,0), (5,0), (4,0), (3,0), (-3,-3)]
Turtle 4 :[(-4,-4), (16,11), (15,11), (14,11), (14,10), (14,9), (14,8), (-4,-4)]
Turtle 5 :[(-5,-5), (12,9), (13,9), (13,10), (12,10), (13,10), (14,10), (15,10)]

Shrinking Run 34
#Info# Executed steps before collision: 7, Found collision: false
Turtle 1 :[(-1,-1), (12,7), (12,6), (11,6), (11,5), (10,5), (9,5), (-1,-1)]
Turtle 2 :[(-2,-2), (8,5), (7,5), (6,5), (5,5), (4,5), (3,5), (-2,-2)]
Turtle 3 :[(-3,-3), (8,0), (7,0), (6,0), (5,0), (4,0), (3,0), (-3,-3)]
Turtle 4 :[(-4,-4), (16,11), (15,11), (14,11), (14,10), (14,9), (14,8), (-4,-4)]
Turtle 5 :[(-5,-5), (12,9), (13,9), (13,10), (12,10), (13,10), (14,10), (15,10)]

Shrinking Run 35
#Info# Executed steps before collision: 9, Found collision: false
Turtle 1 :[(-1,-1), (12,7), (12,6), (11,6), (11,5), (10,5), (9,5), (-1,-1), (-1,-1), (-1,-1)]
Turtle 2 :[(-2,-2), (8,5), (7,5), (6,5), (5,5), (4,5), (4,4), (-2,-2), (-2,-2), (-2,-2)]
Turtle 3 :[(-3,-3), (8,0), (7,0), (6,0), (5,0), (4,0), (3,0), (-3,-3), (-3,-3), (-3,-3)]
Turtle 4 :[(-4,-4), (16,11), (15,11), (14,11), (14,10), (14,9), (14,8), (-4,-4), (-4,-4), (-4,-4)]
Turtle 5 :[(-5,-5), (12,9), (13,9), (13,10), (13,10), (13,9), (13,9), (14,9), (14,10), (15,10)]

Shrinking Run 36
#Info# Executed steps before collision: 7, Found collision: false
Turtle 1 :[(-1,-1), (12,7), (12,6), (11,6), (11,5), (10,5), (9,5), (-1,-1)]
Turtle 2 :[(-2,-2), (8,5), (8,4), (7,4), (6,4), (5,4), (5,3), (-2,-2)]
Turtle 3 :[(-3,-3), (8,0), (7,0), (6,0), (5,0), (4,0), (3,0), (-3,-3)]
Turtle 4 :[(-4,-4), (16,11), (15,11), (14,11), (14,10), (14,9), (14,8), (-4,-4)]
Turtle 5 :[(-5,-5), (12,9), (13,9), (13,10), (13,11), (13,10), (14,10), (15,10)]

Shrinking Run 37
#Info# Executed steps before collision: 7, Found collision: false
Turtle 1 :[(-1,-1), (12,7), (12,6), (11,6), (11,5), (10,5), (9,5), (-1,-1)]
Turtle 2 :[(-2,-2), (8,5), (7,5), (6,5), (6,4), (5,4), (5,3), (-2,-2)]
Turtle 3 :[(-3,-3), (8,0), (7,0), (6,0), (5,0), (4,0), (3,0), (-3,-3)]
Turtle 4 :[(-4,-4), (16,11), (15,11), (14,11), (14,10), (14,9), (14,8), (-4,-4)]
Turtle 5 :[(-5,-5), (12,9), (13,9), (13,10), (13,9), (13,10), (14,10), (15,10)]

Shrinking Run 38
#Info# Executed steps before collision: 6, Found collision: false
Turtle 1 :[(-1,-1), (12,7), (12,6), (11,6), (11,5), (10,5), (9,5)]
Turtle 2 :[(-2,-2), (8,5), (7,5), (6,5), (5,5), (5,4), (-2,-2)]
Turtle 3 :[(-3,-3), (8,0), (7,0), (6,0), (5,0), (4,0), (3,0)]
Turtle 4 :[(-4,-4), (16,11), (16,10), (15,10), (15,9), (15,8), (15,7)]
Turtle 5 :[(-5,-5), (12,9), (13,9), (13,10), (14,10), (15,10), (-5,-5)]

Shrinking Run 39
#Info# Executed steps before collision: 6, Found collision: false
Turtle 1 :[(-1,-1), (12,7), (12,6), (11,6), (11,5), (10,5), (9,5)]
Turtle 2 :[(-2,-2), (8,5), (7,5), (6,5), (5,5), (5,4), (-2,-2)]
Turtle 3 :[(-3,-3), (8,0), (7,0), (6,0), (5,0), (4,0), (3,0)]
Turtle 4 :[(-4,-4), (16,11), (16,10), (15,10), (15,9), (14,9), (14,8)]
Turtle 5 :[(-5,-5), (12,9), (13,9), (13,10), (14,10), (15,10), (-5,-5)]

Shrinking Run 40
#Info# Executed steps before collision: 6, Found collision: false
Turtle 1 :[(-1,-1), (12,7), (12,6), (11,6), (11,5), (10,5), (9,5)]
Turtle 2 :[(-2,-2), (8,5), (7,5), (6,5), (5,5), (5,4), (-2,-2)]
Turtle 3 :[(-3,-3), (8,0), (7,0), (6,0), (5,0), (4,0), (3,0)]
Turtle 4 :[(-4,-4), (16,11), (15,11), (14,11), (13,11), (13,10), (13,9)]
Turtle 5 :[(-5,-5), (12,9), (13,9), (13,10), (14,10), (15,10), (-5,-5)]

Shrinking Run 41
#Info# Executed steps before collision: 7, Found collision: false
Turtle 1 :[(-1,-1), (12,7), (12,6), (11,6), (11,5), (10,5), (9,5), (-1,-1)]
Turtle 2 :[(-2,-2), (8,5), (7,5), (6,5), (5,5), (5,4), (-2,-2), (-2,-2)]
Turtle 3 :[(-3,-3), (8,0), (7,0), (6,0), (5,0), (4,0), (3,0), (-3,-3)]
Turtle 4 :[(-4,-4), (16,11), (15,11), (14,11), (14,10), (14,9), (13,9), (-4,-4)]
Turtle 5 :[(-5,-5), (12,9), (13,9), (13,10), (12,10), (13,10), (14,10), (15,10)]

Shrink Run 42
#Info# Executed steps before collision: 6, Found collision: false
Turtle 1 :[(-1,-1), (12,7), (12,6), (11,6), (11,5), (10,5), (9,5)]
Turtle 2 :[(-2,-2), (8,5), (7,5), (6,5), (5,5), (5,4), (-2,-2)]
Turtle 3 :[(-3,-3), (8,0), (7,0), (6,0), (5,0), (4,0), (3,0)]
Turtle 4 :[(-4,-4), (16,11), (15,11), (15,10), (15,9), (14,9), (14,8)]
Turtle 5 :[(-5,-5), (12,9), (13,9), (13,10), (14,10), (15,10), (-5,-5)]

