Shrinking Run 1
#Info# Executed steps before collision: 6, Found collision: false
Turtle 1 :[(-1,-1), (7,1), (6,1), (6,0), (5,0), (4,0), (3,0)]
Turtle 2 :[(-2,-2), (8,0), (7,0), (7,1), (6,1), (5,1), (5,2)]
Turtle 3 :[(-3,-3), (13,0), (13,0), (13,1), (14,1), (14,2), (14,3)]
Turtle 4 :[(-4,-4), (12,5), (12,6), (13,6), (-4,-4), (-4,-4), (-4,-4)]
Turtle 5 :[(-5,-5), (2,5), (2,4), (2,3), (2,2), (2,1), (2,0)]

Shrinking Run 2
#Info# Executed steps before collision: 8, Found collision: false
Turtle 1 :[(-1,-1), (7,1), (7,0), (6,0), (5,0), (4,0), (3,0), (-1,-1), (-1,-1)]
Turtle 2 :[(-2,-2), (8,0), (9,0), (8,0), (7,0), (6,0), (5,0), (4,0), (3,0)]
Turtle 3 :[(-3,-3), (13,0), (13,0), (13,1), (14,1), (14,2), (14,3), (-3,-3), (-3,-3)]
Turtle 4 :[(-4,-4), (12,5), (12,6), (13,6), (-4,-4), (-4,-4), (-4,-4), (-4,-4), (-4,-4)]
Turtle 5 :[(-5,-5), (2,5), (2,4), (2,3), (2,2), (2,1), (2,0), (-5,-5), (-5,-5)]

Shrinking Run 3
#Info# Executed steps before collision: 6, Found collision: false
Turtle 1 :[(-1,-1), (7,1), (7,0), (6,0), (5,0), (4,0), (3,0)]
Turtle 2 :[(-2,-2), (8,0), (8,1), (7,1), (6,1), (5,1), (4,1)]
Turtle 3 :[(-3,-3), (13,0), (13,0), (13,1), (14,1), (14,2), (14,3)]
Turtle 4 :[(-4,-4), (12,5), (12,6), (13,6), (-4,-4), (-4,-4), (-4,-4)]
Turtle 5 :[(-5,-5), (2,5), (2,4), (2,3), (2,2), (2,1), (2,0)]

Shrinking Run 4
#Info# Executed steps before collision: 7, Found collision: false
Turtle 1 :[(-1,-1), (7,1), (7,0), (6,0), (5,0), (4,0), (3,0), (-1,-1)]
Turtle 2 :[(-2,-2), (8,0), (8,0), (8,1), (7,1), (6,1), (5,1), (4,1)]
Turtle 3 :[(-3,-3), (13,0), (13,0), (13,1), (14,1), (14,2), (14,3), (-3,-3)]
Turtle 4 :[(-4,-4), (12,5), (12,6), (13,6), (-4,-4), (-4,-4), (-4,-4), (-4,-4)]
Turtle 5 :[(-5,-5), (2,5), (2,4), (2,3), (2,2), (2,1), (2,0), (-5,-5)]

Shrinking Run 5
#Info# Executed steps before collision: 7, Found collision: false
Turtle 1 :[(-1,-1), (7,1), (7,0), (6,0), (5,0), (4,0), (3,0), (-1,-1)]
Turtle 2 :[(-2,-2), (8,0), (8,0), (7,0), (7,1), (7,2), (6,2), (5,2)]
Turtle 3 :[(-3,-3), (13,0), (13,0), (13,1), (14,1), (14,2), (14,3), (-3,-3)]
Turtle 4 :[(-4,-4), (12,5), (12,6), (13,6), (-4,-4), (-4,-4), (-4,-4), (-4,-4)]
Turtle 5 :[(-5,-5), (2,5), (2,4), (2,3), (2,2), (2,1), (2,0), (-5,-5)]

Shrinking Run 6
#Info# Executed steps before collision: 6, Found collision: false
Turtle 1 :[(-1,-1), (7,1), (7,0), (6,0), (5,0), (4,0), (3,0)]
Turtle 2 :[(-2,-2), (8,0), (8,1), (7,1), (6,1), (5,1), (5,2)]
Turtle 3 :[(-3,-3), (13,0), (13,0), (13,1), (14,1), (14,2), (14,3)]
Turtle 4 :[(-4,-4), (12,5), (12,6), (13,6), (-4,-4), (-4,-4), (-4,-4)]
Turtle 5 :[(-5,-5), (2,5), (2,4), (2,3), (2,2), (2,1), (2,0)]

Shrinking Run 7
#Info# Executed steps before collision: 2, Found collision: true
Turtle 1 :[(-1,-1), (7,1), (7,0), (6,0), (5,0), (4,0), (3,0), (-1,-1)]
Turtle 2 :[(-2,-2), (8,0), (7,0), (7,0), (6,0), (6,1), (6,2), (5,2)]
Turtle 3 :[(-3,-3), (13,0), (13,1), (12,1), (11,1), (11,2), (10,2), (-3,-3)]
Turtle 4 :[(-4,-4), (12,5), (12,6), (13,6), (-4,-4), (-4,-4), (-4,-4), (-4,-4)]
Turtle 5 :[(-5,-5), (2,5), (2,4), (2,3), (2,2), (2,1), (2,0), (-5,-5)]

Shrinking Run 8
#Info# Executed steps before collision: 2, Found collision: true
Turtle 1 :[(-1,-1), (7,1), (7,0), (6,0), (5,0), (4,0), (3,0)]
Turtle 2 :[(-2,-2), (8,0), (7,0), (7,1), (6,1), (5,1), (5,2)]
Turtle 3 :[(-3,-3), (13,0), (12,0), (11,0), (10,0), (9,0), (8,0)]
Turtle 4 :[(-4,-4), (12,5), (12,6), (13,6), (-4,-4), (-4,-4), (-4,-4)]
Turtle 5 :[(-5,-5), (2,5), (2,4), (2,3), (2,2), (2,1), (2,0)]

Shrinking Run 9
#Info# Executed steps before collision: 9, Found collision: false
Turtle 1 :[(-1,-1), (7,1), (7,0), (6,0), (5,0), (4,0), (3,0), (-1,-1), (-1,-1), (-1,-1)]
Turtle 2 :[(-2,-2), (8,0), (8,0), (9,0), (8,0), (7,0), (6,0), (5,0), (5,1), (5,2)]
Turtle 3 :[(-3,-3), (13,0), (12,0), (11,0), (10,0), (9,0), (8,0), (-3,-3), (-3,-3), (-3,-3)]
Turtle 4 :[(-4,-4), (12,5), (11,5), (10,5), (10,6), (9,6), (8,6), (-4,-4), (-4,-4), (-4,-4)]
Turtle 5 :[(-5,-5), (2,5), (2,4), (2,3), (2,2), (2,1), (2,0), (-5,-5), (-5,-5), (-5,-5)]

Shrinking Run 10
#Info# Executed steps before collision: 9, Found collision: false
Turtle 1 :[(-1,-1), (7,1), (7,0), (6,0), (5,0), (4,0), (3,0), (-1,-1), (-1,-1), (-1,-1)]
Turtle 2 :[(-2,-2), (8,0), (8,0), (9,0), (8,0), (8,1), (7,1), (6,1), (5,1), (5,2)]
Turtle 3 :[(-3,-3), (13,0), (12,0), (11,0), (10,0), (9,0), (8,0), (-3,-3), (-3,-3), (-3,-3)]
Turtle 4 :[(-4,-4), (12,5), (11,5), (11,6), (10,6), (9,6), (-4,-4), (-4,-4), (-4,-4), (-4,-4)]
Turtle 5 :[(-5,-5), (2,5), (2,4), (2,3), (2,2), (2,1), (2,0), (-5,-5), (-5,-5), (-5,-5)]

Shrinking Run 11
#Info# Executed steps before collision: 2, Found collision: true
Turtle 1 :[(-1,-1), (7,1), (7,0), (6,0), (5,0), (4,0), (3,0)]
Turtle 2 :[(-2,-2), (8,0), (7,0), (7,1), (7,2), (6,2), (5,2)]
Turtle 3 :[(-3,-3), (13,0), (12,0), (11,0), (10,0), (9,0), (8,0)]
Turtle 4 :[(-4,-4), (12,5), (12,6), (11,6), (-4,-4), (-4,-4), (-4,-4)]
Turtle 5 :[(-5,-5), (2,5), (2,4), (2,3), (2,2), (2,1), (2,0)]

Shrinking Run 12
#Info# Executed steps before collision: 8, Found collision: false
Turtle 1 :[(-1,-1), (7,1), (7,0), (6,0), (5,0), (4,0), (3,0), (-1,-1), (-1,-1)]
Turtle 2 :[(-2,-2), (8,0), (9,0), (9,1), (8,1), (7,1), (7,2), (6,2), (5,2)]
Turtle 3 :[(-3,-3), (13,0), (12,0), (11,0), (10,0), (9,0), (8,0), (-3,-3), (-3,-3)]
Turtle 4 :[(-4,-4), (12,5), (11,5), (11,6), (10,6), (-4,-4), (-4,-4), (-4,-4), (-4,-4)]
Turtle 5 :[(-5,-5), (2,5), (2,4), (2,3), (2,2), (2,1), (2,0), (-5,-5), (-5,-5)]

Shrinking Run 13
#Info# Executed steps before collision: 8, Found collision: false
Turtle 1 :[(-1,-1), (7,1), (7,0), (6,0), (5,0), (4,0), (3,0), (-1,-1), (-1,-1)]
Turtle 2 :[(-2,-2), (8,0), (9,0), (8,0), (8,1), (7,1), (6,1), (5,1), (5,2)]
Turtle 3 :[(-3,-3), (13,0), (12,0), (11,0), (10,0), (9,0), (8,0), (-3,-3), (-3,-3)]
Turtle 4 :[(-4,-4), (12,5), (12,4), (11,4), (11,3), (11,2), (11,1), (-4,-4), (-4,-4)]
Turtle 5 :[(-5,-5), (2,5), (2,4), (2,3), (2,2), (2,1), (2,0), (-5,-5), (-5,-5)]

Shrinking Run 14
#Info# Executed steps before collision: 2, Found collision: true
Turtle 1 :[(-1,-1), (7,1), (7,0), (6,0), (5,0), (4,0), (3,0)]
Turtle 2 :[(-2,-2), (8,0), (7,0), (7,1), (7,2), (6,2), (5,2)]
Turtle 3 :[(-3,-3), (13,0), (12,0), (11,0), (10,0), (9,0), (8,0)]
Turtle 4 :[(-4,-4), (12,5), (12,4), (12,3), (11,3), (11,2), (-4,-4)]
Turtle 5 :[(-5,-5), (2,5), (2,4), (2,3), (2,2), (2,1), (2,0)]

Shrinking Run 15
#Info# Executed steps before collision: 2, Found collision: true
Turtle 1 :[(-1,-1), (7,1), (7,0), (6,0), (5,0), (4,0), (3,0), (-1,-1), (-1,-1)]
Turtle 2 :[(-2,-2), (8,0), (7,0), (8,0), (7,0), (6,0), (5,0), (5,1), (5,2)]
Turtle 3 :[(-3,-3), (13,0), (12,0), (11,0), (10,0), (9,0), (8,0), (-3,-3), (-3,-3)]
Turtle 4 :[(-4,-4), (12,5), (11,5), (10,5), (10,4), (9,4), (8,4), (-4,-4), (-4,-4)]
Turtle 5 :[(-5,-5), (2,5), (2,4), (2,3), (2,2), (2,1), (2,0), (-5,-5), (-5,-5)]

Shrinking Run 16
#Info# Executed steps before collision: 6, Found collision: false
Turtle 1 :[(-1,-1), (7,1), (7,0), (6,0), (5,0), (4,0), (3,0)]
Turtle 2 :[(-2,-2), (8,0), (8,1), (8,2), (7,2), (6,2), (5,2)]
Turtle 3 :[(-3,-3), (13,0), (12,0), (11,0), (10,0), (9,0), (8,0)]
Turtle 4 :[(-4,-4), (12,5), (12,4), (11,4), (10,4), (9,4), (8,4)]
Turtle 5 :[(-5,-5), (2,5), (2,4), (2,3), (2,2), (2,1), (2,0)]

Shrinking Run 17
#Info# Executed steps before collision: 2, Found collision: true
Turtle 1 :[(-1,-1), (7,1), (7,0), (6,0), (5,0), (4,0), (3,0)]
Turtle 2 :[(-2,-2), (8,0), (7,0), (7,1), (7,2), (6,2), (5,2)]
Turtle 3 :[(-3,-3), (13,0), (12,0), (11,0), (10,0), (9,0), (8,0)]
Turtle 4 :[(-4,-4), (12,5), (11,5), (11,4), (10,4), (9,4), (8,4)]
Turtle 5 :[(-5,-5), (2,5), (2,4), (2,3), (2,2), (2,1), (2,0)]

Shrinking Run 18
#Info# Executed steps before collision: 9, Found collision: false
Turtle 1 :[(-1,-1), (7,1), (7,0), (6,0), (5,0), (4,0), (3,0), (-1,-1), (-1,-1), (-1,-1)]
Turtle 2 :[(-2,-2), (8,0), (8,0), (9,0), (8,0), (7,0), (7,1), (6,1), (5,1), (5,2)]
Turtle 3 :[(-3,-3), (13,0), (12,0), (11,0), (10,0), (9,0), (8,0), (-3,-3), (-3,-3), (-3,-3)]
Turtle 4 :[(-4,-4), (12,5), (11,5), (11,4), (10,4), (9,4), (8,4), (-4,-4), (-4,-4), (-4,-4)]
Turtle 5 :[(-5,-5), (2,5), (1,5), (1,4), (1,3), (1,2), (1,1), (-5,-5), (-5,-5), (-5,-5)]

Shrinking Run 19
#Info# Executed steps before collision: 7, Found collision: false
Turtle 1 :[(-1,-1), (7,1), (6,1), (6,0), (5,0), (4,0), (3,0), (-1,-1)]
Turtle 2 :[(-2,-2), (8,0), (7,0), (7,1), (7,1), (6,1), (5,1), (5,2)]
Turtle 3 :[(-3,-3), (13,0), (12,0), (11,0), (10,0), (9,0), (8,0), (-3,-3)]
Turtle 4 :[(-4,-4), (12,5), (11,5), (11,4), (10,4), (9,4), (8,4), (-4,-4)]
Turtle 5 :[(-5,-5), (2,5), (2,4), (2,3), (2,2), (2,1), (2,0), (-5,-5)]

Shrinking Run 20
#Info# Executed steps before collision: 2, Found collision: true
Turtle 1 :[(-1,-1), (7,1), (7,0), (6,0), (5,0), (4,0), (3,0), (-1,-1), (-1,-1), (-1,-1)]
Turtle 2 :[(-2,-2), (8,0), (7,0), (7,0), (6,0), (6,1), (5,1), (4,1), (3,1), (3,0)]
Turtle 3 :[(-3,-3), (13,0), (12,0), (11,0), (10,0), (9,0), (8,0), (-3,-3), (-3,-3), (-3,-3)]
Turtle 4 :[(-4,-4), (12,5), (11,5), (11,4), (10,4), (9,4), (8,4), (-4,-4), (-4,-4), (-4,-4)]
Turtle 5 :[(-5,-5), (2,5), (2,4), (2,3), (2,2), (2,1), (2,0), (-5,-5), (-5,-5), (-5,-5)]

Shrinking Run 21
#Info# Executed steps before collision: 2, Found collision: true
Turtle 1 :[(-1,-1), (7,1), (7,0), (6,0), (5,0), (4,0), (3,0), (-1,-1), (-1,-1)]
Turtle 2 :[(-2,-2), (8,0), (7,0), (8,0), (7,0), (6,0), (5,0), (4,0), (3,0)]
Turtle 3 :[(-3,-3), (13,0), (12,0), (11,0), (10,0), (9,0), (8,0), (-3,-3), (-3,-3)]
Turtle 4 :[(-4,-4), (12,5), (11,5), (10,5), (10,6), (9,6), (8,6), (-4,-4), (-4,-4)]
Turtle 5 :[(-5,-5), (2,5), (2,4), (2,3), (2,2), (2,1), (2,0), (-5,-5), (-5,-5)]

Shrinking Run 22
#Info# Executed steps before collision: 9, Found collision: false
Turtle 1 :[(-1,-1), (7,1), (7,0), (6,0), (5,0), (4,0), (3,0), (-1,-1), (-1,-1), (-1,-1)]
Turtle 2 :[(-2,-2), (8,0), (8,0), (9,0), (8,0), (7,0), (6,0), (5,0), (4,0), (3,0)]
Turtle 3 :[(-3,-3), (13,0), (12,0), (11,0), (11,0), (10,0), (9,0), (8,0), (-3,-3), (-3,-3)]
Turtle 4 :[(-4,-4), (12,5), (11,5), (10,5), (10,4), (9,4), (8,4), (-4,-4), (-4,-4), (-4,-4)]
Turtle 5 :[(-5,-5), (2,5), (2,4), (2,3), (2,2), (2,1), (2,0), (-5,-5), (-5,-5), (-5,-5)]

Shrinking Run 23
#Info# Executed steps before collision: 9, Found collision: false
Turtle 1 :[(-1,-1), (7,1), (7,0), (6,0), (5,0), (4,0), (3,0), (-1,-1), (-1,-1), (-1,-1)]
Turtle 2 :[(-2,-2), (8,0), (8,0), (8,1), (8,0), (7,0), (6,0), (5,0), (4,0), (3,0)]
Turtle 3 :[(-3,-3), (13,0), (12,0), (11,0), (10,0), (9,0), (10,0), (9,0), (8,0), (-3,-3)]
Turtle 4 :[(-4,-4), (12,5), (11,5), (10,5), (9,5), (8,5), (7,5), (-4,-4), (-4,-4), (-4,-4)]
Turtle 5 :[(-5,-5), (2,5), (2,4), (2,3), (2,2), (2,1), (2,0), (-5,-5), (-5,-5), (-5,-5)]

Shrinking Run 24
#Info# Executed steps before collision: 9, Found collision: false
Turtle 1 :[(-1,-1), (7,1), (7,0), (6,0), (5,0), (4,0), (3,0), (-1,-1), (-1,-1), (-1,-1)]
Turtle 2 :[(-2,-2), (8,0), (9,0), (8,0), (8,0), (7,0), (6,0), (5,0), (4,0), (3,0)]
Turtle 3 :[(-3,-3), (13,0), (12,0), (11,0), (10,0), (9,0), (8,0), (-3,-3), (-3,-3), (-3,-3)]
Turtle 4 :[(-4,-4), (12,5), (12,6), (11,6), (10,6), (9,6), (8,6), (-4,-4), (-4,-4), (-4,-4)]
Turtle 5 :[(-5,-5), (2,5), (2,4), (2,3), (2,2), (2,1), (2,0), (-5,-5), (-5,-5), (-5,-5)]

Shrinking Run 25
#Info# Executed steps before collision: 2, Found collision: true
Turtle 1 :[(-1,-1), (7,1), (7,0), (6,0), (5,0), (4,0), (3,0), (-1,-1), (-1,-1)]
Turtle 2 :[(-2,-2), (8,0), (7,0), (6,0), (5,0), (6,0), (5,0), (4,0), (3,0)]
Turtle 3 :[(-3,-3), (13,0), (12,0), (11,0), (10,0), (9,0), (8,0), (-3,-3), (-3,-3)]
Turtle 4 :[(-4,-4), (12,5), (11,5), (11,6), (10,6), (9,6), (8,6), (-4,-4), (-4,-4)]
Turtle 5 :[(-5,-5), (2,5), (2,4), (2,3), (2,2), (2,1), (2,0), (-5,-5), (-5,-5)]

Shrinking Run 26
#Info# Executed steps before collision: 8, Found collision: false
Turtle 1 :[(-1,-1), (7,1), (7,0), (6,0), (5,0), (4,0), (3,0), (-1,-1), (-1,-1)]
Turtle 2 :[(-2,-2), (8,0), (8,1), (7,1), (7,0), (6,0), (5,0), (4,0), (3,0)]
Turtle 3 :[(-3,-3), (13,0), (12,0), (11,0), (10,0), (9,0), (8,0), (-3,-3), (-3,-3)]
Turtle 4 :[(-4,-4), (12,5), (11,5), (11,6), (10,6), (9,6), (8,6), (-4,-4), (-4,-4)]
Turtle 5 :[(-5,-5), (2,5), (1,5), (1,4), (1,3), (1,2), (1,1), (-5,-5), (-5,-5)]

Shrinking Run 27
#Info# Executed steps before collision: 3, Found collision: true
Turtle 1 :[(-1,-1), (7,1), (6,1), (6,0), (5,0), (4,0), (3,0), (-1,-1), (-1,-1)]
Turtle 2 :[(-2,-2), (8,0), (7,0), (6,0), (5,0), (5,0), (4,0), (4,0), (3,0)]
Turtle 3 :[(-3,-3), (13,0), (12,0), (11,0), (10,0), (9,0), (8,0), (-3,-3), (-3,-3)]
Turtle 4 :[(-4,-4), (12,5), (11,5), (11,6), (10,6), (9,6), (8,6), (-4,-4), (-4,-4)]
Turtle 5 :[(-5,-5), (2,5), (2,4), (2,3), (2,2), (2,1), (2,0), (-5,-5), (-5,-5)]

Shrinking Run 28
#Info# Executed steps before collision: 8, Found collision: false
Turtle 1 :[(-1,-1), (7,1), (6,1), (5,1), (4,1), (3,1), (4,1), (3,1), (2,1)]
Turtle 2 :[(-2,-2), (8,0), (7,0), (6,0), (5,0), (4,0), (3,0), (-2,-2), (-2,-2)]
Turtle 3 :[(-3,-3), (13,0), (12,0), (11,0), (10,0), (9,0), (8,0), (-3,-3), (-3,-3)]
Turtle 4 :[(-4,-4), (12,5), (11,5), (11,6), (10,6), (9,6), (8,6), (-4,-4), (-4,-4)]
Turtle 5 :[(-5,-5), (2,5), (2,4), (2,3), (2,2), (2,1), (2,0), (-5,-5), (-5,-5)]

Shrinking Run 29
#Info# Executed steps before collision: 9, Found collision: false
Turtle 1 :[(-1,-1), (7,1), (6,1), (5,1), (4,1), (4,0), (3,0), (-1,-1), (-1,-1), (-1,-1)]
Turtle 2 :[(-2,-2), (8,0), (7,0), (6,0), (5,0), (5,0), (5,1), (5,0), (4,0), (3,0)]
Turtle 3 :[(-3,-3), (13,0), (12,0), (11,0), (10,0), (9,0), (8,0), (-3,-3), (-3,-3), (-3,-3)]
Turtle 4 :[(-4,-4), (12,5), (11,5), (11,6), (10,6), (9,6), (8,6), (-4,-4), (-4,-4), (-4,-4)]
Turtle 5 :[(-5,-5), (2,5), (2,4), (2,3), (2,2), (2,1), (2,0), (-5,-5), (-5,-5), (-5,-5)]

Shrinking Run 30
#Info# Executed steps before collision: 8, Found collision: false
Turtle 1 :[(-1,-1), (7,1), (6,1), (6,0), (5,0), (4,0), (3,0), (-1,-1), (-1,-1)]
Turtle 2 :[(-2,-2), (8,0), (7,0), (8,0), (7,0), (6,0), (5,0), (4,0), (3,0)]
Turtle 3 :[(-3,-3), (13,0), (12,0), (11,0), (10,0), (9,0), (8,0), (-3,-3), (-3,-3)]
Turtle 4 :[(-4,-4), (12,5), (11,5), (10,5), (10,4), (9,4), (8,4), (-4,-4), (-4,-4)]
Turtle 5 :[(-5,-5), (2,5), (2,4), (2,3), (2,2), (2,1), (2,0), (-5,-5), (-5,-5)]

Shrinking Run 31
#Info# Executed steps before collision: 3, Found collision: true
Turtle 1 :[(-1,-1), (7,1), (6,1), (6,0), (5,0), (4,0), (3,0)]
Turtle 2 :[(-2,-2), (8,0), (7,0), (6,0), (5,0), (4,0), (3,0)]
Turtle 3 :[(-3,-3), (13,0), (12,0), (11,0), (10,0), (9,0), (8,0)]
Turtle 4 :[(-4,-4), (12,5), (11,5), (10,5), (9,5), (8,5), (7,5)]
Turtle 5 :[(-5,-5), (2,5), (2,4), (2,3), (2,2), (2,1), (2,0)]

Shrinking Run 32
#Info# Executed steps before collision: 10, Found collision: false
Turtle 1 :[(-1,-1), (7,1), (6,1), (6,0), (5,0), (4,0), (3,0), (-1,-1), (-1,-1), (-1,-1), (-1,-1)]
Turtle 2 :[(-2,-2), (8,0), (7,0), (8,0), (9,0), (8,0), (7,0), (6,0), (5,0), (4,0), (3,0)]
Turtle 3 :[(-3,-3), (13,0), (12,0), (11,0), (10,0), (11,0), (10,0), (9,0), (8,0), (-3,-3), (-3,-3)]
Turtle 4 :[(-4,-4), (12,5), (11,5), (10,5), (9,5), (8,5), (7,5), (-4,-4), (-4,-4), (-4,-4), (-4,-4)]
Turtle 5 :[(-5,-5), (2,5), (1,5), (1,4), (1,3), (1,2), (1,1), (-5,-5), (-5,-5), (-5,-5), (-5,-5)]

Shrinking Run 33
#Info# Executed steps before collision: 8, Found collision: false
Turtle 1 :[(-1,-1), (7,1), (6,1), (5,1), (4,1), (3,1), (4,1), (3,1), (2,1)]
Turtle 2 :[(-2,-2), (8,0), (7,0), (6,0), (5,0), (4,0), (3,0), (-2,-2), (-2,-2)]
Turtle 3 :[(-3,-3), (13,0), (12,0), (11,0), (10,0), (9,0), (8,0), (-3,-3), (-3,-3)]
Turtle 4 :[(-4,-4), (12,5), (11,5), (10,5), (9,5), (8,5), (7,5), (-4,-4), (-4,-4)]
Turtle 5 :[(-5,-5), (2,5), (2,4), (2,3), (2,2), (2,1), (2,0), (-5,-5), (-5,-5)]

Shrink Run 34
#Info# Executed steps before collision: 8, Found collision: false
Turtle 1 :[(-1,-1), (7,1), (6,1), (5,1), (4,1), (4,0), (3,0), (-1,-1), (-1,-1)]
Turtle 2 :[(-2,-2), (8,0), (7,0), (6,0), (6,0), (5,0), (5,0), (4,0), (3,0)]
Turtle 3 :[(-3,-3), (13,0), (12,0), (11,0), (10,0), (9,0), (8,0), (-3,-3), (-3,-3)]
Turtle 4 :[(-4,-4), (12,5), (11,5), (10,5), (9,5), (8,5), (7,5), (-4,-4), (-4,-4)]
Turtle 5 :[(-5,-5), (2,5), (2,4), (2,3), (2,2), (2,1), (2,0), (-5,-5), (-5,-5)]

