Shrinking Run 1
#Info# Executed steps before collision: 10, Found collision: false
Turtle 1 :[(-1,-1), (11,47), (10,47), (9,47), (9,48), (8,48), (7,48), (-1,-1), (-1,-1), (-1,-1), (-1,-1)]
Turtle 2 :[(-2,-2), (8,34), (8,35), (8,35), (8,34), (8,34), (8,35), (9,35), (9,36), (9,37), (9,38)]
Turtle 3 :[(-3,-3), (32,38), (32,38), (32,37), (31,37), (31,37), (30,37), (-3,-3), (-3,-3), (-3,-3), (-3,-3)]
Turtle 4 :[(-4,-4), (9,37), (8,37), (8,36), (8,35), (7,35), (7,35), (7,35), (6,35), (-4,-4), (-4,-4)]
Turtle 5 :[(-5,-5), (40,3), (40,3), (39,3), (38,3), (37,3), (36,3), (36,3), (36,4), (-5,-5), (-5,-5)]

Shrinking Run 2
#Info# Executed steps before collision: 4, Found collision: true
Turtle 1 :[(-1,-1), (11,47), (10,47), (9,47), (9,48), (9,49), (8,49), (-1,-1), (-1,-1), (-1,-1)]
Turtle 2 :[(-2,-2), (8,34), (8,35), (8,35), (8,35), (8,36), (8,36), (8,37), (9,37), (9,38)]
Turtle 3 :[(-3,-3), (32,38), (32,38), (32,37), (31,37), (31,37), (30,37), (-3,-3), (-3,-3), (-3,-3)]
Turtle 4 :[(-4,-4), (9,37), (8,37), (8,36), (8,35), (7,35), (7,35), (7,35), (6,35), (-4,-4)]
Turtle 5 :[(-5,-5), (40,3), (40,3), (39,3), (38,3), (37,3), (36,3), (36,3), (36,4), (-5,-5)]

Shrinking Run 3
#Info# Executed steps before collision: 8, Found collision: false
Turtle 1 :[(-1,-1), (11,47), (10,47), (9,47), (8,47), (8,48), (7,48), (-1,-1), (-1,-1)]
Turtle 2 :[(-2,-2), (8,34), (8,35), (8,35), (8,36), (8,37), (8,38), (9,38), (-2,-2)]
Turtle 3 :[(-3,-3), (32,38), (32,38), (32,37), (31,37), (31,37), (30,37), (-3,-3), (-3,-3)]
Turtle 4 :[(-4,-4), (9,37), (8,37), (8,36), (8,35), (7,35), (7,35), (7,35), (6,35)]
Turtle 5 :[(-5,-5), (40,3), (40,3), (39,3), (38,3), (37,3), (36,3), (36,3), (36,4)]

Shrinking Run 4
#Info# Executed steps before collision: 9, Found collision: false
Turtle 1 :[(-1,-1), (11,47), (10,47), (9,47), (9,46), (9,45), (8,45), (-1,-1), (-1,-1), (-1,-1)]
Turtle 2 :[(-2,-2), (8,34), (8,35), (8,35), (8,34), (9,34), (9,35), (9,36), (9,37), (9,38)]
Turtle 3 :[(-3,-3), (32,38), (32,38), (32,37), (31,37), (31,37), (30,37), (-3,-3), (-3,-3), (-3,-3)]
Turtle 4 :[(-4,-4), (9,37), (8,37), (8,36), (8,35), (7,35), (7,35), (7,35), (6,35), (-4,-4)]
Turtle 5 :[(-5,-5), (40,3), (40,3), (39,3), (38,3), (37,3), (36,3), (36,3), (36,4), (-5,-5)]

Shrinking Run 5
#Info# Executed steps before collision: 8, Found collision: false
Turtle 1 :[(-1,-1), (11,47), (11,47), (11,48), (11,48), (11,48), (10,48), (9,48), (8,48)]
Turtle 2 :[(-2,-2), (8,34), (8,35), (8,35), (9,35), (9,36), (9,37), (9,38), (-2,-2)]
Turtle 3 :[(-3,-3), (32,38), (32,38), (32,37), (31,37), (31,37), (30,37), (-3,-3), (-3,-3)]
Turtle 4 :[(-4,-4), (9,37), (8,37), (8,36), (8,35), (7,35), (7,35), (7,35), (6,35)]
Turtle 5 :[(-5,-5), (40,3), (40,3), (39,3), (38,3), (37,3), (36,3), (36,3), (36,4)]

Shrinking Run 6
#Info# Executed steps before collision: 8, Found collision: false
Turtle 1 :[(-1,-1), (11,47), (10,47), (9,47), (9,48), (8,48), (8,49), (-1,-1), (-1,-1)]
Turtle 2 :[(-2,-2), (8,34), (8,35), (8,35), (8,36), (8,37), (8,38), (9,38), (-2,-2)]
Turtle 3 :[(-3,-3), (32,38), (32,38), (32,37), (31,37), (31,37), (30,37), (-3,-3), (-3,-3)]
Turtle 4 :[(-4,-4), (9,37), (8,37), (8,36), (8,35), (7,35), (7,35), (7,35), (6,35)]
Turtle 5 :[(-5,-5), (40,3), (40,3), (39,3), (38,3), (37,3), (36,3), (36,3), (36,4)]

Shrinking Run 7
#Info# Executed steps before collision: 9, Found collision: false
Turtle 1 :[(-1,-1), (11,47), (10,47), (9,47), (8,47), (8,48), (8,49), (-1,-1), (-1,-1), (-1,-1)]
Turtle 2 :[(-2,-2), (8,34), (8,35), (8,35), (7,35), (7,36), (8,36), (8,37), (9,37), (9,38)]
Turtle 3 :[(-3,-3), (32,38), (32,38), (32,37), (31,37), (31,37), (30,37), (-3,-3), (-3,-3), (-3,-3)]
Turtle 4 :[(-4,-4), (9,37), (8,37), (8,36), (8,35), (7,35), (7,35), (7,35), (6,35), (-4,-4)]
Turtle 5 :[(-5,-5), (40,3), (40,3), (39,3), (38,3), (37,3), (36,3), (36,3), (36,4), (-5,-5)]

Shrinking Run 8
#Info# Executed steps before collision: 8, Found collision: false
Turtle 1 :[(-1,-1), (11,47), (11,48), (11,49), (10,49), (9,49), (8,49), (-1,-1), (-1,-1)]
Turtle 2 :[(-2,-2), (8,34), (8,35), (8,35), (9,35), (9,36), (9,37), (9,38), (-2,-2)]
Turtle 3 :[(-3,-3), (32,38), (32,38), (32,37), (31,37), (31,37), (30,37), (-3,-3), (-3,-3)]
Turtle 4 :[(-4,-4), (9,37), (8,37), (8,36), (8,35), (7,35), (7,35), (7,35), (6,35)]
Turtle 5 :[(-5,-5), (40,3), (40,3), (39,3), (38,3), (37,3), (36,3), (36,3), (36,4)]

Shrinking Run 9
#Info# Executed steps before collision: 9, Found collision: false
Turtle 1 :[(-1,-1), (11,47), (11,48), (10,48), (9,48), (9,49), (8,49), (-1,-1), (-1,-1), (-1,-1)]
Turtle 2 :[(-2,-2), (8,34), (8,35), (8,35), (8,34), (8,35), (8,36), (8,37), (9,37), (9,38)]
Turtle 3 :[(-3,-3), (32,38), (32,38), (32,37), (31,37), (31,37), (30,37), (-3,-3), (-3,-3), (-3,-3)]
Turtle 4 :[(-4,-4), (9,37), (8,37), (8,36), (8,37), (8,36), (8,35), (7,35), (6,35), (-4,-4)]
Turtle 5 :[(-5,-5), (40,3), (40,3), (39,3), (38,3), (37,3), (36,3), (36,3), (36,4), (-5,-5)]

Shrinking Run 10
#Info# Executed steps before collision: 8, Found collision: false
Turtle 1 :[(-1,-1), (11,47), (10,47), (10,48), (10,49), (9,49), (8,49), (-1,-1), (-1,-1)]
Turtle 2 :[(-2,-2), (8,34), (8,35), (8,35), (8,36), (8,37), (8,38), (9,38), (-2,-2)]
Turtle 3 :[(-3,-3), (32,38), (32,38), (32,37), (31,37), (31,37), (30,37), (-3,-3), (-3,-3)]
Turtle 4 :[(-4,-4), (9,37), (8,37), (8,36), (8,35), (7,35), (6,35), (-4,-4), (-4,-4)]
Turtle 5 :[(-5,-5), (40,3), (40,3), (39,3), (38,3), (37,3), (36,3), (36,3), (36,4)]

Shrinking Run 11
#Info# Executed steps before collision: 8, Found collision: false
Turtle 1 :[(-1,-1), (11,47), (10,47), (9,47), (9,48), (9,49), (8,49), (-1,-1), (-1,-1)]
Turtle 2 :[(-2,-2), (8,34), (7,34), (7,34), (7,35), (7,35), (7,36), (6,36), (5,36)]
Turtle 3 :[(-3,-3), (32,38), (32,38), (32,37), (31,37), (31,37), (30,37), (-3,-3), (-3,-3)]
Turtle 4 :[(-4,-4), (9,37), (8,37), (8,36), (9,36), (8,36), (8,35), (7,35), (6,35)]
Turtle 5 :[(-5,-5), (40,3), (40,3), (39,3), (38,3), (37,3), (36,3), (36,3), (36,4)]

Shrinking Run 12
#Info# Executed steps before collision: 8, Found collision: false
Turtle 1 :[(-1,-1), (11,47), (10,47), (9,47), (9,48), (9,49), (8,49), (-1,-1), (-1,-1)]
Turtle 2 :[(-2,-2), (8,34), (8,35), (8,35), (8,36), (8,37), (7,37), (7,38), (-2,-2)]
Turtle 3 :[(-3,-3), (32,38), (32,38), (32,37), (31,37), (31,37), (30,37), (-3,-3), (-3,-3)]
Turtle 4 :[(-4,-4), (9,37), (8,37), (8,36), (9,36), (8,36), (7,36), (7,35), (6,35)]
Turtle 5 :[(-5,-5), (40,3), (40,3), (39,3), (38,3), (37,3), (36,3), (36,3), (36,4)]

Shrinking Run 13
#Info# Executed steps before collision: 9, Found collision: false
Turtle 1 :[(-1,-1), (11,47), (10,47), (9,47), (9,48), (9,49), (8,49), (-1,-1), (-1,-1), (-1,-1)]
Turtle 2 :[(-2,-2), (8,34), (8,35), (8,35), (7,35), (7,36), (8,36), (8,37), (8,38), (8,39)]
Turtle 3 :[(-3,-3), (32,38), (32,38), (32,37), (31,37), (31,37), (30,37), (-3,-3), (-3,-3), (-3,-3)]
Turtle 4 :[(-4,-4), (9,37), (8,37), (8,36), (8,35), (8,34), (8,35), (7,35), (6,35), (-4,-4)]
Turtle 5 :[(-5,-5), (40,3), (40,3), (39,3), (38,3), (37,3), (36,3), (36,3), (36,4), (-5,-5)]

Shrinking Run 14
#Info# Executed steps before collision: 4, Found collision: true
Turtle 1 :[(-1,-1), (11,47), (10,47), (9,47), (9,48), (9,49), (8,49), (-1,-1), (-1,-1)]
Turtle 2 :[(-2,-2), (8,34), (8,34), (8,34), (8,35), (9,35), (-2,-2), (-2,-2), (-2,-2)]
Turtle 3 :[(-3,-3), (32,38), (32,38), (32,37), (31,37), (31,37), (30,37), (-3,-3), (-3,-3)]
Turtle 4 :[(-4,-4), (9,37), (8,37), (8,36), (8,35), (7,35), (7,35), (7,35), (6,35)]
Turtle 5 :[(-5,-5), (40,3), (40,3), (39,3), (38,3), (37,3), (36,3), (36,3), (36,4)]

Shrinking Run 15
#Info# Executed steps before collision: 5, Found collision: true
Turtle 1 :[(-1,-1), (11,47), (10,47), (9,47), (9,48), (9,49), (8,49), (-1,-1), (-1,-1)]
Turtle 2 :[(-2,-2), (8,34), (7,34), (7,34), (7,35), (7,35), (6,35), (5,35), (4,35)]
Turtle 3 :[(-3,-3), (32,38), (32,38), (32,37), (31,37), (31,37), (30,37), (-3,-3), (-3,-3)]
Turtle 4 :[(-4,-4), (9,37), (8,37), (8,36), (8,35), (7,35), (8,35), (7,35), (6,35)]
Turtle 5 :[(-5,-5), (40,3), (40,3), (39,3), (38,3), (37,3), (36,3), (36,3), (36,4)]

Shrinking Run 16
#Info# Executed steps before collision: 9, Found collision: false
Turtle 1 :[(-1,-1), (11,47), (10,47), (9,47), (9,48), (9,49), (8,49), (-1,-1), (-1,-1), (-1,-1)]
Turtle 2 :[(-2,-2), (8,34), (7,34), (6,34), (6,35), (5,35), (4,35), (-2,-2), (-2,-2), (-2,-2)]
Turtle 3 :[(-3,-3), (32,38), (32,38), (32,37), (31,37), (31,37), (30,37), (-3,-3), (-3,-3), (-3,-3)]
Turtle 4 :[(-4,-4), (9,37), (8,37), (8,36), (8,35), (8,35), (7,35), (7,35), (7,35), (6,35)]
Turtle 5 :[(-5,-5), (40,3), (40,3), (39,3), (38,3), (37,3), (36,3), (36,3), (36,4), (-5,-5)]

Shrinking Run 17
#Info# Executed steps before collision: 8, Found collision: false
Turtle 1 :[(-1,-1), (11,47), (10,47), (9,47), (9,48), (9,49), (8,49), (-1,-1), (-1,-1)]
Turtle 2 :[(-2,-2), (8,34), (7,34), (7,34), (7,35), (6,35), (5,35), (4,35), (-2,-2)]
Turtle 3 :[(-3,-3), (32,38), (32,38), (32,37), (31,37), (31,37), (30,37), (-3,-3), (-3,-3)]
Turtle 4 :[(-4,-4), (9,37), (8,37), (8,36), (8,35), (7,35), (7,35), (7,35), (6,35)]
Turtle 5 :[(-5,-5), (40,3), (40,3), (39,3), (38,3), (37,3), (36,3), (36,3), (36,4)]

Shrinking Run 18
#Info# Executed steps before collision: 5, Found collision: true
Turtle 1 :[(-1,-1), (11,47), (10,47), (9,47), (9,48), (9,49), (8,49), (-1,-1), (-1,-1), (-1,-1), (-1,-1)]
Turtle 2 :[(-2,-2), (8,34), (8,35), (8,35), (7,35), (7,35), (8,35), (7,35), (6,35), (5,35), (4,35)]
Turtle 3 :[(-3,-3), (32,38), (32,38), (32,37), (31,37), (31,37), (30,37), (-3,-3), (-3,-3), (-3,-3), (-3,-3)]
Turtle 4 :[(-4,-4), (9,37), (8,37), (8,36), (8,35), (7,35), (7,36), (7,35), (7,34), (6,34), (6,35)]
Turtle 5 :[(-5,-5), (40,3), (40,3), (39,3), (38,3), (37,3), (36,3), (36,3), (36,4), (-5,-5), (-5,-5)]

Shrinking Run 19
#Info# Executed steps before collision: 8, Found collision: false
Turtle 1 :[(-1,-1), (11,47), (10,47), (9,47), (9,48), (9,49), (8,49), (-1,-1), (-1,-1)]
Turtle 2 :[(-2,-2), (8,34), (8,35), (7,35), (6,35), (6,35), (5,35), (5,35), (4,35)]
Turtle 3 :[(-3,-3), (32,38), (32,38), (32,37), (31,37), (31,37), (30,37), (-3,-3), (-3,-3)]
Turtle 4 :[(-4,-4), (9,37), (8,37), (8,36), (8,35), (7,35), (7,35), (7,35), (6,35)]
Turtle 5 :[(-5,-5), (40,3), (40,3), (39,3), (38,3), (37,3), (36,3), (36,3), (36,4)]

Shrinking Run 20
#Info# Executed steps before collision: 8, Found collision: false
Turtle 1 :[(-1,-1), (11,47), (10,47), (9,47), (9,48), (9,49), (8,49), (-1,-1), (-1,-1)]
Turtle 2 :[(-2,-2), (8,34), (8,35), (8,35), (7,35), (6,35), (5,35), (5,35), (4,35)]
Turtle 3 :[(-3,-3), (32,38), (32,38), (32,37), (31,37), (31,37), (30,37), (-3,-3), (-3,-3)]
Turtle 4 :[(-4,-4), (9,37), (8,37), (8,36), (9,36), (8,36), (8,35), (7,35), (6,35)]
Turtle 5 :[(-5,-5), (40,3), (40,3), (39,3), (38,3), (37,3), (36,3), (36,3), (36,4)]

Shrinking Run 21
#Info# Executed steps before collision: 5, Found collision: true
Turtle 1 :[(-1,-1), (11,47), (10,47), (9,47), (9,48), (9,49), (8,49), (-1,-1), (-1,-1)]
Turtle 2 :[(-2,-2), (8,34), (8,35), (8,35), (7,35), (7,35), (6,35), (5,35), (4,35)]
Turtle 3 :[(-3,-3), (32,38), (31,38), (30,38), (30,37), (29,37), (28,37), (-3,-3), (-3,-3)]
Turtle 4 :[(-4,-4), (9,37), (8,37), (8,36), (8,35), (7,35), (7,36), (7,35), (6,35)]
Turtle 5 :[(-5,-5), (40,3), (40,3), (39,3), (38,3), (37,3), (36,3), (36,3), (36,4)]

Shrinking Run 22
#Info# Executed steps before collision: 5, Found collision: true
Turtle 1 :[(-1,-1), (11,47), (10,47), (9,47), (9,48), (9,49), (8,49), (-1,-1), (-1,-1)]
Turtle 2 :[(-2,-2), (8,34), (8,35), (8,35), (7,35), (7,35), (6,35), (5,35), (4,35)]
Turtle 3 :[(-3,-3), (32,38), (31,38), (31,37), (31,36), (30,36), (29,36), (-3,-3), (-3,-3)]
Turtle 4 :[(-4,-4), (9,37), (8,37), (8,36), (8,35), (7,35), (7,34), (7,35), (6,35)]
Turtle 5 :[(-5,-5), (40,3), (40,3), (39,3), (38,3), (37,3), (36,3), (36,3), (36,4)]

Shrinking Run 23
#Info# Executed steps before collision: 8, Found collision: false
Turtle 1 :[(-1,-1), (11,47), (10,47), (9,47), (9,48), (9,49), (8,49), (-1,-1), (-1,-1)]
Turtle 2 :[(-2,-2), (8,34), (8,35), (8,35), (7,35), (7,35), (6,35), (5,35), (4,35)]
Turtle 3 :[(-3,-3), (32,38), (31,38), (30,38), (30,37), (30,36), (29,36), (-3,-3), (-3,-3)]
Turtle 4 :[(-4,-4), (9,37), (8,37), (8,36), (8,37), (7,37), (7,36), (6,36), (6,35)]
Turtle 5 :[(-5,-5), (40,3), (40,3), (39,3), (38,3), (37,3), (36,3), (36,3), (36,4)]

Shrinking Run 24
#Info# Executed steps before collision: 5, Found collision: true
Turtle 1 :[(-1,-1), (11,47), (10,47), (9,47), (9,48), (9,49), (8,49), (-1,-1), (-1,-1)]
Turtle 2 :[(-2,-2), (8,34), (8,35), (8,35), (7,35), (7,35), (6,35), (5,35), (4,35)]
Turtle 3 :[(-3,-3), (32,38), (31,38), (31,37), (30,37), (30,36), (29,36), (-3,-3), (-3,-3)]
Turtle 4 :[(-4,-4), (9,37), (8,37), (8,36), (8,35), (7,35), (8,35), (7,35), (6,35)]
Turtle 5 :[(-5,-5), (40,3), (40,3), (39,3), (38,3), (37,3), (36,3), (36,3), (36,4)]

Shrinking Run 25
#Info# Executed steps before collision: 5, Found collision: true
Turtle 1 :[(-1,-1), (11,47), (10,47), (9,47), (9,48), (9,49), (8,49), (-1,-1), (-1,-1)]
Turtle 2 :[(-2,-2), (8,34), (8,35), (8,35), (7,35), (7,35), (6,35), (5,35), (4,35)]
Turtle 3 :[(-3,-3), (32,38), (31,38), (31,37), (30,37), (29,37), (29,36), (-3,-3), (-3,-3)]
Turtle 4 :[(-4,-4), (9,37), (8,37), (8,36), (8,35), (7,35), (8,35), (7,35), (6,35)]
Turtle 5 :[(-5,-5), (40,3), (40,3), (39,3), (38,3), (37,3), (36,3), (36,3), (36,4)]

Shrinking Run 26
#Info# Executed steps before collision: 5, Found collision: true
Turtle 1 :[(-1,-1), (11,47), (10,47), (9,47), (9,48), (9,49), (8,49), (-1,-1), (-1,-1), (-1,-1)]
Turtle 2 :[(-2,-2), (8,34), (8,35), (8,35), (7,35), (7,35), (6,35), (5,35), (4,35), (-2,-2)]
Turtle 3 :[(-3,-3), (32,38), (31,38), (31,37), (30,37), (29,37), (28,37), (-3,-3), (-3,-3), (-3,-3)]
Turtle 4 :[(-4,-4), (9,37), (8,37), (8,36), (8,35), (7,35), (7,35), (7,35), (7,35), (6,35)]
Turtle 5 :[(-5,-5), (40,3), (40,3), (39,3), (38,3), (37,3), (36,3), (36,3), (36,4), (-5,-5)]

Shrinking Run 27
#Info# Executed steps before collision: 5, Found collision: true
Turtle 1 :[(-1,-1), (11,47), (10,47), (9,47), (9,48), (9,49), (8,49), (-1,-1), (-1,-1), (-1,-1)]
Turtle 2 :[(-2,-2), (8,34), (8,35), (8,35), (7,35), (7,35), (6,35), (5,35), (4,35), (-2,-2)]
Turtle 3 :[(-3,-3), (32,38), (32,37), (31,37), (30,37), (29,37), (28,37), (-3,-3), (-3,-3), (-3,-3)]
Turtle 4 :[(-4,-4), (9,37), (8,37), (8,36), (8,35), (7,35), (7,35), (7,35), (7,35), (6,35)]
Turtle 5 :[(-5,-5), (40,3), (40,3), (39,3), (38,3), (37,3), (36,3), (36,3), (36,4), (-5,-5)]

Shrinking Run 28
#Info# Executed steps before collision: 8, Found collision: false
Turtle 1 :[(-1,-1), (11,47), (10,47), (9,47), (9,48), (9,49), (8,49), (-1,-1), (-1,-1)]
Turtle 2 :[(-2,-2), (8,34), (8,35), (8,35), (7,35), (7,35), (6,35), (5,35), (4,35)]
Turtle 3 :[(-3,-3), (32,38), (32,37), (31,37), (30,37), (29,37), (28,37), (-3,-3), (-3,-3)]
Turtle 4 :[(-4,-4), (9,37), (8,37), (8,36), (8,35), (8,34), (8,34), (8,34), (7,34)]
Turtle 5 :[(-5,-5), (40,3), (40,3), (39,3), (38,3), (37,3), (36,3), (36,3), (36,4)]

Shrinking Run 29
#Info# Executed steps before collision: 5, Found collision: true
Turtle 1 :[(-1,-1), (11,47), (10,47), (9,47), (9,48), (9,49), (8,49), (-1,-1), (-1,-1)]
Turtle 2 :[(-2,-2), (8,34), (8,35), (8,35), (7,35), (7,35), (6,35), (5,35), (4,35)]
Turtle 3 :[(-3,-3), (32,38), (32,37), (31,37), (30,37), (29,37), (28,37), (-3,-3), (-3,-3)]
Turtle 4 :[(-4,-4), (9,37), (9,36), (8,36), (8,35), (7,35), (7,34), (7,35), (6,35)]
Turtle 5 :[(-5,-5), (40,3), (40,3), (39,3), (38,3), (37,3), (36,3), (36,3), (36,4)]

Shrinking Run 30
#Info# Executed steps before collision: 5, Found collision: true
Turtle 1 :[(-1,-1), (11,47), (10,47), (9,47), (9,48), (9,49), (8,49), (-1,-1), (-1,-1), (-1,-1)]
Turtle 2 :[(-2,-2), (8,34), (8,35), (8,35), (7,35), (7,35), (6,35), (5,35), (4,35), (-2,-2)]
Turtle 3 :[(-3,-3), (32,38), (32,37), (31,37), (30,37), (29,37), (28,37), (-3,-3), (-3,-3), (-3,-3)]
Turtle 4 :[(-4,-4), (9,37), (8,37), (7,37), (7,36), (7,35), (7,35), (8,35), (7,35), (6,35)]
Turtle 5 :[(-5,-5), (40,3), (40,3), (39,3), (38,3), (37,3), (36,3), (36,3), (36,4), (-5,-5)]

Shrinking Run 31
#Info# Executed steps before collision: 5, Found collision: true
Turtle 1 :[(-1,-1), (11,47), (10,47), (9,47), (9,48), (9,49), (8,49), (-1,-1), (-1,-1)]
Turtle 2 :[(-2,-2), (8,34), (8,35), (8,35), (7,35), (7,35), (6,35), (5,35), (4,35)]
Turtle 3 :[(-3,-3), (32,38), (32,37), (31,37), (30,37), (29,37), (28,37), (-3,-3), (-3,-3)]
Turtle 4 :[(-4,-4), (9,37), (8,37), (7,37), (7,36), (7,35), (7,36), (7,35), (6,35)]
Turtle 5 :[(-5,-5), (40,3), (40,3), (39,3), (38,3), (38,2), (37,2), (37,2), (37,1)]

Shrinking Run 32
#Info# Executed steps before collision: 5, Found collision: true
Turtle 1 :[(-1,-1), (11,47), (10,47), (9,47), (9,48), (9,49), (8,49), (-1,-1), (-1,-1)]
Turtle 2 :[(-2,-2), (8,34), (8,35), (8,35), (7,35), (7,35), (6,35), (5,35), (4,35)]
Turtle 3 :[(-3,-3), (32,38), (32,37), (31,37), (30,37), (29,37), (28,37), (-3,-3), (-3,-3)]
Turtle 4 :[(-4,-4), (9,37), (8,37), (7,37), (7,36), (7,35), (7,35), (6,35), (-4,-4)]
Turtle 5 :[(-5,-5), (40,3), (40,3), (39,3), (38,3), (37,3), (36,3), (36,3), (36,2)]

Shrinking Run 33
#Info# Executed steps before collision: 5, Found collision: true
Turtle 1 :[(-1,-1), (11,47), (10,47), (9,47), (9,48), (9,49), (8,49), (-1,-1), (-1,-1)]
Turtle 2 :[(-2,-2), (8,34), (8,35), (8,35), (7,35), (7,35), (6,35), (5,35), (4,35)]
Turtle 3 :[(-3,-3), (32,38), (32,37), (31,37), (30,37), (29,37), (28,37), (-3,-3), (-3,-3)]
Turtle 4 :[(-4,-4), (9,37), (8,37), (7,37), (7,36), (7,35), (7,34), (7,35), (6,35)]
Turtle 5 :[(-5,-5), (40,3), (40,3), (39,3), (38,3), (37,3), (36,3), (36,3), (35,3)]

Shrinking Run 34
#Info# Executed steps before collision: 5, Found collision: true
Turtle 1 :[(-1,-1), (11,47), (10,47), (9,47), (9,48), (9,49), (8,49), (-1,-1), (-1,-1)]
Turtle 2 :[(-2,-2), (8,34), (8,35), (8,35), (7,35), (7,35), (6,35), (5,35), (4,35)]
Turtle 3 :[(-3,-3), (32,38), (32,37), (31,37), (30,37), (29,37), (28,37), (-3,-3), (-3,-3)]
Turtle 4 :[(-4,-4), (9,37), (8,37), (7,37), (7,36), (7,35), (7,34), (6,34), (6,35)]
Turtle 5 :[(-5,-5), (40,3), (39,3), (38,3), (37,3), (36,3), (35,3), (-5,-5), (-5,-5)]

Shrinking Run 35
#Info# Executed steps before collision: 9, Found collision: false
Turtle 1 :[(-1,-1), (11,47), (10,47), (9,47), (9,48), (8,48), (7,48), (-1,-1), (-1,-1), (-1,-1)]
Turtle 2 :[(-2,-2), (8,34), (8,35), (8,35), (7,35), (7,35), (6,35), (5,35), (4,35), (-2,-2)]
Turtle 3 :[(-3,-3), (32,38), (32,37), (31,37), (30,37), (29,37), (28,37), (-3,-3), (-3,-3), (-3,-3)]
Turtle 4 :[(-4,-4), (9,37), (8,37), (7,37), (7,37), (7,36), (7,35), (7,36), (6,36), (6,35)]
Turtle 5 :[(-5,-5), (40,3), (39,3), (38,3), (37,3), (36,3), (35,3), (-5,-5), (-5,-5), (-5,-5)]

Shrinking Run 36
#Info# Executed steps before collision: 8, Found collision: false
Turtle 1 :[(-1,-1), (11,47), (10,47), (9,47), (8,47), (8,48), (7,48), (-1,-1), (-1,-1)]
Turtle 2 :[(-2,-2), (8,34), (8,35), (8,35), (7,35), (7,35), (6,35), (5,35), (4,35)]
Turtle 3 :[(-3,-3), (32,38), (32,37), (31,37), (30,37), (29,37), (28,37), (-3,-3), (-3,-3)]
Turtle 4 :[(-4,-4), (9,37), (8,37), (7,37), (7,38), (7,37), (7,36), (7,35), (6,35)]
Turtle 5 :[(-5,-5), (40,3), (39,3), (38,3), (37,3), (36,3), (35,3), (-5,-5), (-5,-5)]

Shrinking Run 37
#Info# Executed steps before collision: 5, Found collision: true
Turtle 1 :[(-1,-1), (11,47), (10,47), (9,47), (9,46), (9,45), (8,45), (-1,-1), (-1,-1)]
Turtle 2 :[(-2,-2), (8,34), (8,35), (8,35), (7,35), (7,35), (6,35), (5,35), (4,35)]
Turtle 3 :[(-3,-3), (32,38), (32,37), (31,37), (30,37), (29,37), (28,37), (-3,-3), (-3,-3)]
Turtle 4 :[(-4,-4), (9,37), (8,37), (7,37), (7,36), (7,35), (7,36), (7,35), (6,35)]
Turtle 5 :[(-5,-5), (40,3), (39,3), (38,3), (37,3), (36,3), (35,3), (-5,-5), (-5,-5)]

Shrinking Run 38
#Info# Executed steps before collision: 9, Found collision: false
Turtle 1 :[(-1,-1), (11,47), (10,47), (9,47), (9,46), (8,46), (7,46), (-1,-1), (-1,-1), (-1,-1)]
Turtle 2 :[(-2,-2), (8,34), (8,35), (8,35), (7,35), (7,35), (6,35), (5,35), (4,35), (-2,-2)]
Turtle 3 :[(-3,-3), (32,38), (32,37), (31,37), (30,37), (29,37), (28,37), (-3,-3), (-3,-3), (-3,-3)]
Turtle 4 :[(-4,-4), (9,37), (8,37), (7,37), (7,37), (7,36), (8,36), (8,35), (7,35), (6,35)]
Turtle 5 :[(-5,-5), (40,3), (39,3), (38,3), (37,3), (36,3), (35,3), (-5,-5), (-5,-5), (-5,-5)]

Shrinking Run 39
#Info# Executed steps before collision: 5, Found collision: true
Turtle 1 :[(-1,-1), (11,47), (10,47), (9,47), (8,47), (8,46), (7,46), (-1,-1), (-1,-1), (-1,-1), (-1,-1)]
Turtle 2 :[(-2,-2), (8,34), (8,35), (8,35), (7,35), (7,35), (7,36), (6,36), (5,36), (4,36), (4,35)]
Turtle 3 :[(-3,-3), (32,38), (32,37), (31,37), (30,37), (29,37), (28,37), (-3,-3), (-3,-3), (-3,-3), (-3,-3)]
Turtle 4 :[(-4,-4), (9,37), (8,37), (7,37), (7,36), (7,35), (6,35), (-4,-4), (-4,-4), (-4,-4), (-4,-4)]
Turtle 5 :[(-5,-5), (40,3), (39,3), (38,3), (37,3), (36,3), (35,3), (-5,-5), (-5,-5), (-5,-5), (-5,-5)]

Shrinking Run 40
#Info# Executed steps before collision: 5, Found collision: true
Turtle 1 :[(-1,-1), (11,47), (11,46), (10,46), (9,46), (8,46), (7,46), (-1,-1), (-1,-1)]
Turtle 2 :[(-2,-2), (8,34), (8,35), (8,35), (7,35), (7,35), (6,35), (5,35), (4,35)]
Turtle 3 :[(-3,-3), (32,38), (32,37), (31,37), (30,37), (29,37), (28,37), (-3,-3), (-3,-3)]
Turtle 4 :[(-4,-4), (9,37), (8,37), (7,37), (7,36), (7,35), (7,35), (6,35), (-4,-4)]
Turtle 5 :[(-5,-5), (40,3), (39,3), (38,3), (37,3), (36,3), (35,3), (-5,-5), (-5,-5)]

Shrinking Run 41
#Info# Executed steps before collision: 8, Found collision: false
Turtle 1 :[(-1,-1), (11,47), (11,46), (10,46), (9,46), (8,46), (7,46), (-1,-1), (-1,-1)]
Turtle 2 :[(-2,-2), (8,34), (7,34), (7,34), (7,35), (7,35), (7,36), (6,36), (5,36)]
Turtle 3 :[(-3,-3), (32,38), (32,37), (31,37), (30,37), (29,37), (28,37), (-3,-3), (-3,-3)]
Turtle 4 :[(-4,-4), (9,37), (8,37), (7,37), (7,37), (7,36), (7,35), (6,35), (-4,-4)]
Turtle 5 :[(-5,-5), (40,3), (39,3), (38,3), (37,3), (36,3), (35,3), (-5,-5), (-5,-5)]

Shrinking Run 42
#Info# Executed steps before collision: 8, Found collision: false
Turtle 1 :[(-1,-1), (11,47), (11,46), (10,46), (9,46), (8,46), (7,46), (-1,-1), (-1,-1)]
Turtle 2 :[(-2,-2), (8,34), (8,35), (8,35), (8,36), (8,36), (8,37), (7,37), (7,38)]
Turtle 3 :[(-3,-3), (32,38), (32,37), (31,37), (30,37), (29,37), (28,37), (-3,-3), (-3,-3)]
Turtle 4 :[(-4,-4), (9,37), (8,37), (7,37), (7,36), (7,35), (6,35), (-4,-4), (-4,-4)]
Turtle 5 :[(-5,-5), (40,3), (39,3), (38,3), (37,3), (36,3), (35,3), (-5,-5), (-5,-5)]

Shrinking Run 43
#Info# Executed steps before collision: 8, Found collision: false
Turtle 1 :[(-1,-1), (11,47), (11,46), (10,46), (9,46), (8,46), (7,46), (-1,-1), (-1,-1)]
Turtle 2 :[(-2,-2), (8,34), (8,35), (8,35), (8,36), (8,36), (8,37), (8,38), (8,39)]
Turtle 3 :[(-3,-3), (32,38), (32,37), (31,37), (30,37), (29,37), (28,37), (-3,-3), (-3,-3)]
Turtle 4 :[(-4,-4), (9,37), (8,37), (7,37), (7,36), (7,35), (6,35), (-4,-4), (-4,-4)]
Turtle 5 :[(-5,-5), (40,3), (39,3), (38,3), (37,3), (36,3), (35,3), (-5,-5), (-5,-5)]

Shrinking Run 44
#Info# Executed steps before collision: 6, Found collision: false
Turtle 1 :[(-1,-1), (11,47), (11,46), (10,46), (9,46), (8,46), (7,46)]
Turtle 2 :[(-2,-2), (8,34), (7,34), (6,34), (6,35), (5,35), (4,35)]
Turtle 3 :[(-3,-3), (32,38), (32,37), (31,37), (30,37), (29,37), (28,37)]
Turtle 4 :[(-4,-4), (9,37), (8,37), (7,37), (7,36), (7,35), (6,35)]
Turtle 5 :[(-5,-5), (40,3), (39,3), (38,3), (37,3), (36,3), (35,3)]

Shrinking Run 45
#Info# Executed steps before collision: 7, Found collision: false
Turtle 1 :[(-1,-1), (11,47), (11,46), (10,46), (9,46), (8,46), (7,46), (-1,-1)]
Turtle 2 :[(-2,-2), (8,34), (7,34), (7,34), (7,35), (6,35), (5,35), (4,35)]
Turtle 3 :[(-3,-3), (32,38), (32,37), (31,37), (30,37), (29,37), (28,37), (-3,-3)]
Turtle 4 :[(-4,-4), (9,37), (8,37), (7,37), (7,36), (7,35), (6,35), (-4,-4)]
Turtle 5 :[(-5,-5), (40,3), (39,3), (38,3), (37,3), (36,3), (35,3), (-5,-5)]

Shrinking Run 46
#Info# Executed steps before collision: 12, Found collision: false
Turtle 1 :[(-1,-1), (11,47), (11,46), (10,46), (9,46), (8,46), (7,46), (-1,-1), (-1,-1), (-1,-1), (-1,-1), (-1,-1), (-1,-1)]
Turtle 2 :[(-2,-2), (8,34), (8,35), (7,35), (6,35), (6,35), (5,35), (5,35), (4,35), (-2,-2), (-2,-2), (-2,-2), (-2,-2)]
Turtle 3 :[(-3,-3), (32,38), (32,37), (31,37), (30,37), (29,37), (28,37), (-3,-3), (-3,-3), (-3,-3), (-3,-3), (-3,-3), (-3,-3)]
Turtle 4 :[(-4,-4), (9,37), (8,37), (7,37), (7,36), (6,36), (5,36), (4,36), (3,36), (3,35), (4,35), (5,35), (6,35)]
Turtle 5 :[(-5,-5), (40,3), (39,3), (38,3), (37,3), (36,3), (35,3), (-5,-5), (-5,-5), (-5,-5), (-5,-5), (-5,-5), (-5,-5)]

Shrinking Run 47
#Info# Executed steps before collision: 8, Found collision: false
Turtle 1 :[(-1,-1), (11,47), (11,46), (10,46), (9,46), (8,46), (7,46), (-1,-1), (-1,-1)]
Turtle 2 :[(-2,-2), (8,34), (8,35), (8,35), (7,35), (6,35), (5,35), (5,35), (4,35)]
Turtle 3 :[(-3,-3), (32,38), (32,37), (31,37), (30,37), (29,37), (28,37), (-3,-3), (-3,-3)]
Turtle 4 :[(-4,-4), (9,37), (8,37), (7,37), (7,36), (7,35), (7,36), (7,35), (6,35)]
Turtle 5 :[(-5,-5), (40,3), (39,3), (38,3), (37,3), (36,3), (35,3), (-5,-5), (-5,-5)]

Shrinking Run 48
#Info# Executed steps before collision: 9, Found collision: false
Turtle 1 :[(-1,-1), (11,47), (11,46), (10,46), (9,46), (8,46), (7,46), (-1,-1), (-1,-1), (-1,-1)]
Turtle 2 :[(-2,-2), (8,34), (8,35), (8,35), (7,35), (7,35), (6,35), (5,35), (4,35), (-2,-2)]
Turtle 3 :[(-3,-3), (32,38), (31,38), (30,38), (30,37), (30,36), (29,36), (-3,-3), (-3,-3), (-3,-3)]
Turtle 4 :[(-4,-4), (9,37), (8,37), (7,37), (7,37), (7,38), (7,37), (6,37), (6,36), (6,35)]
Turtle 5 :[(-5,-5), (40,3), (39,3), (38,3), (37,3), (36,3), (35,3), (-5,-5), (-5,-5), (-5,-5)]

Shrink Run 49
#Info# Executed steps before collision: 8, Found collision: false
Turtle 1 :[(-1,-1), (11,47), (11,46), (10,46), (9,46), (8,46), (7,46), (-1,-1), (-1,-1)]
Turtle 2 :[(-2,-2), (8,34), (8,35), (8,35), (7,35), (7,35), (6,35), (5,35), (4,35)]
Turtle 3 :[(-3,-3), (32,38), (32,37), (31,37), (30,37), (29,37), (28,37), (-3,-3), (-3,-3)]
Turtle 4 :[(-4,-4), (9,37), (8,37), (8,36), (8,35), (8,34), (8,34), (8,34), (7,34)]
Turtle 5 :[(-5,-5), (40,3), (39,3), (38,3), (37,3), (36,3), (35,3), (-5,-5), (-5,-5)]

