Shrinking Run 1
#Info# Executed steps before collision: 8, Found collision: false
Turtle 1 :[(-1,-1), (13,11), (13,12), (12,12), (12,13), (11,13), (11,14), (-1,-1), (-1,-1)]
Turtle 2 :[(-2,-2), (14,16), (13,16), (13,17), (13,18), (13,19), (12,19), (-2,-2), (-2,-2)]
Turtle 3 :[(-3,-3), (3,13), (3,14), (2,14), (1,14), (0,14), (-3,-3), (-3,-3), (-3,-3)]
Turtle 4 :[(-4,-4), (16,14), (15,14), (14,14), (13,14), (12,14), (13,14), (12,14), (11,14)]
Turtle 5 :[(-5,-5), (14,14), (13,14), (13,15), (13,16), (13,17), (-5,-5), (-5,-5), (-5,-5)]

Shrinking Run 2
#Info# Executed steps before collision: 8, Found collision: false
Turtle 1 :[(-1,-1), (13,11), (13,12), (13,13), (13,14), (12,14), (12,15), (-1,-1), (-1,-1)]
Turtle 2 :[(-2,-2), (14,16), (13,16), (13,17), (13,18), (13,19), (12,19), (-2,-2), (-2,-2)]
Turtle 3 :[(-3,-3), (3,13), (3,14), (2,14), (1,14), (0,14), (-3,-3), (-3,-3), (-3,-3)]
Turtle 4 :[(-4,-4), (16,14), (15,14), (14,14), (14,13), (14,14), (13,14), (12,14), (11,14)]
Turtle 5 :[(-5,-5), (14,14), (13,14), (13,15), (14,15), (14,16), (14,17), (13,17), (-5,-5)]

Shrinking Run 3
#Info# Executed steps before collision: 6, Found collision: false
Turtle 1 :[(-1,-1), (13,11), (13,10), (13,9), (13,8), (13,7), (13,6)]
Turtle 2 :[(-2,-2), (14,16), (13,16), (13,17), (13,18), (13,19), (12,19)]
Turtle 3 :[(-3,-3), (3,13), (3,14), (2,14), (1,14), (0,14), (-3,-3)]
Turtle 4 :[(-4,-4), (16,14), (15,14), (14,14), (13,14), (12,14), (11,14)]
Turtle 5 :[(-5,-5), (14,14), (13,14), (13,15), (13,16), (13,17), (-5,-5)]

Shrinking Run 4
#Info# Executed steps before collision: 7, Found collision: false
Turtle 1 :[(-1,-1), (13,11), (13,10), (12,10), (12,9), (12,8), (-1,-1), (-1,-1)]
Turtle 2 :[(-2,-2), (14,16), (13,16), (13,17), (13,18), (13,19), (12,19), (-2,-2)]
Turtle 3 :[(-3,-3), (3,13), (3,14), (2,14), (1,14), (0,14), (-3,-3), (-3,-3)]
Turtle 4 :[(-4,-4), (16,14), (16,14), (15,14), (14,14), (13,14), (12,14), (11,14)]
Turtle 5 :[(-5,-5), (14,14), (13,14), (13,15), (14,15), (14,16), (14,17), (13,17)]

Shrinking Run 5
#Info# Executed steps before collision: 6, Found collision: false
Turtle 1 :[(-1,-1), (13,11), (13,12), (12,12), (13,12), (12,12), (-1,-1)]
Turtle 2 :[(-2,-2), (14,16), (13,16), (13,17), (13,18), (13,19), (12,19)]
Turtle 3 :[(-3,-3), (3,13), (3,14), (2,14), (1,14), (0,14), (-3,-3)]
Turtle 4 :[(-4,-4), (16,14), (15,14), (14,14), (13,14), (12,14), (11,14)]
Turtle 5 :[(-5,-5), (14,14), (13,14), (13,15), (13,16), (13,17), (-5,-5)]

Shrinking Run 6
#Info# Executed steps before collision: 7, Found collision: false
Turtle 1 :[(-1,-1), (13,11), (13,12), (12,12), (12,13), (12,14), (-1,-1), (-1,-1)]
Turtle 2 :[(-2,-2), (14,16), (13,16), (13,17), (13,18), (13,19), (12,19), (-2,-2)]
Turtle 3 :[(-3,-3), (3,13), (3,14), (2,14), (1,14), (0,14), (-3,-3), (-3,-3)]
Turtle 4 :[(-4,-4), (16,14), (15,14), (14,14), (13,14), (13,14), (12,14), (11,14)]
Turtle 5 :[(-5,-5), (14,14), (13,14), (13,15), (13,15), (13,16), (13,17), (-5,-5)]

Shrinking Run 7
#Info# Executed steps before collision: 8, Found collision: false
Turtle 1 :[(-1,-1), (13,11), (13,12), (13,13), (12,13), (12,14), (12,15), (-1,-1), (-1,-1)]
Turtle 2 :[(-2,-2), (14,16), (13,16), (13,17), (13,18), (13,19), (12,19), (-2,-2), (-2,-2)]
Turtle 3 :[(-3,-3), (3,13), (3,14), (2,14), (1,14), (0,14), (-3,-3), (-3,-3), (-3,-3)]
Turtle 4 :[(-4,-4), (16,14), (17,14), (16,14), (15,14), (14,14), (13,14), (12,14), (11,14)]
Turtle 5 :[(-5,-5), (14,14), (13,14), (13,15), (13,16), (13,17), (-5,-5), (-5,-5), (-5,-5)]

Shrinking Run 8
#Info# Executed steps before collision: 5, Found collision: true
Turtle 1 :[(-1,-1), (13,11), (12,11), (12,12), (12,13), (12,14), (12,15)]
Turtle 2 :[(-2,-2), (14,16), (13,16), (13,17), (13,18), (13,19), (12,19)]
Turtle 3 :[(-3,-3), (3,13), (3,14), (2,14), (1,14), (0,14), (-3,-3)]
Turtle 4 :[(-4,-4), (16,14), (15,14), (14,14), (13,14), (12,14), (11,14)]
Turtle 5 :[(-5,-5), (14,14), (13,14), (13,15), (13,16), (13,17), (-5,-5)]

Shrinking Run 9
#Info# Executed steps before collision: 4, Found collision: true
Turtle 1 :[(-1,-1), (13,11), (12,11), (12,12), (12,13), (12,13), (12,14), (12,15), (-1,-1)]
Turtle 2 :[(-2,-2), (14,16), (13,16), (13,17), (12,17), (11,17), (11,18), (-2,-2), (-2,-2)]
Turtle 3 :[(-3,-3), (3,13), (3,14), (2,14), (1,14), (0,14), (-3,-3), (-3,-3), (-3,-3)]
Turtle 4 :[(-4,-4), (16,14), (15,14), (14,14), (13,14), (13,13), (12,13), (12,14), (11,14)]
Turtle 5 :[(-5,-5), (14,14), (13,14), (13,15), (13,14), (13,15), (13,16), (13,17), (-5,-5)]

Shrinking Run 10
#Info# Executed steps before collision: 3, Found collision: true
Turtle 1 :[(-1,-1), (13,11), (12,11), (12,12), (12,13), (12,14), (12,15), (-1,-1), (-1,-1), (-1,-1), (-1,-1), (-1,-1)]
Turtle 2 :[(-2,-2), (14,16), (13,16), (13,15), (13,16), (13,15), (13,15), (14,15), (14,14), (13,14), (12,14), (12,13)]
Turtle 3 :[(-3,-3), (3,13), (3,14), (2,14), (1,14), (0,14), (-3,-3), (-3,-3), (-3,-3), (-3,-3), (-3,-3), (-3,-3)]
Turtle 4 :[(-4,-4), (16,14), (15,14), (14,14), (13,14), (12,14), (11,14), (-4,-4), (-4,-4), (-4,-4), (-4,-4), (-4,-4)]
Turtle 5 :[(-5,-5), (14,14), (13,14), (13,15), (13,16), (13,17), (-5,-5), (-5,-5), (-5,-5), (-5,-5), (-5,-5), (-5,-5)]

Shrinking Run 11
#Info# Executed steps before collision: 10, Found collision: false
Turtle 1 :[(-1,-1), (13,11), (12,11), (12,12), (12,13), (12,14), (12,15), (-1,-1), (-1,-1), (-1,-1), (-1,-1)]
Turtle 2 :[(-2,-2), (14,16), (13,16), (13,15), (12,15), (11,15), (11,14), (12,14), (12,13), (-2,-2), (-2,-2)]
Turtle 3 :[(-3,-3), (3,13), (3,14), (2,14), (1,14), (0,14), (-3,-3), (-3,-3), (-3,-3), (-3,-3), (-3,-3)]
Turtle 4 :[(-4,-4), (16,14), (16,15), (15,15), (14,15), (14,16), (14,15), (13,15), (12,15), (12,14), (11,14)]
Turtle 5 :[(-5,-5), (14,14), (13,14), (13,13), (13,14), (13,15), (13,16), (13,17), (-5,-5), (-5,-5), (-5,-5)]

Shrinking Run 12
#Info# Executed steps before collision: 4, Found collision: true
Turtle 1 :[(-1,-1), (13,11), (12,11), (12,12), (12,13), (12,14), (12,15), (-1,-1), (-1,-1)]
Turtle 2 :[(-2,-2), (14,16), (13,16), (12,16), (13,16), (13,15), (13,14), (12,14), (12,13)]
Turtle 3 :[(-3,-3), (3,13), (3,14), (2,14), (1,14), (0,14), (-3,-3), (-3,-3), (-3,-3)]
Turtle 4 :[(-4,-4), (16,14), (15,14), (14,14), (13,14), (12,14), (11,14), (-4,-4), (-4,-4)]
Turtle 5 :[(-5,-5), (14,14), (13,14), (13,15), (13,16), (13,17), (-5,-5), (-5,-5), (-5,-5)]

Shrinking Run 13
#Info# Executed steps before collision: 10, Found collision: false
Turtle 1 :[(-1,-1), (13,11), (12,11), (12,12), (12,13), (12,14), (12,15), (-1,-1), (-1,-1), (-1,-1), (-1,-1)]
Turtle 2 :[(-2,-2), (14,16), (13,16), (12,16), (12,17), (12,16), (11,16), (11,15), (11,14), (-2,-2), (-2,-2)]
Turtle 3 :[(-3,-3), (3,13), (3,14), (2,14), (1,14), (0,14), (-3,-3), (-3,-3), (-3,-3), (-3,-3), (-3,-3)]
Turtle 4 :[(-4,-4), (16,14), (16,13), (15,13), (14,13), (13,13), (13,12), (12,12), (11,12), (11,13), (11,14)]
Turtle 5 :[(-5,-5), (14,14), (13,14), (13,15), (13,15), (13,16), (13,17), (-5,-5), (-5,-5), (-5,-5), (-5,-5)]

Shrinking Run 14
#Info# Executed steps before collision: 7, Found collision: false
Turtle 1 :[(-1,-1), (13,11), (12,11), (12,12), (12,13), (12,14), (12,15), (-1,-1)]
Turtle 2 :[(-2,-2), (14,16), (13,16), (12,16), (12,15), (11,15), (11,14), (-2,-2)]
Turtle 3 :[(-3,-3), (3,13), (3,14), (2,14), (1,14), (0,14), (-3,-3), (-3,-3)]
Turtle 4 :[(-4,-4), (16,14), (16,14), (15,14), (14,14), (13,14), (12,14), (11,14)]
Turtle 5 :[(-5,-5), (14,14), (13,14), (13,15), (13,16), (13,17), (-5,-5), (-5,-5)]

Shrinking Run 15
#Info# Executed steps before collision: 6, Found collision: true
Turtle 1 :[(-1,-1), (13,11), (12,11), (12,12), (12,13), (12,14), (12,15), (-1,-1)]
Turtle 2 :[(-2,-2), (14,16), (13,16), (12,16), (12,15), (12,15), (12,14), (12,13)]
Turtle 3 :[(-3,-3), (3,13), (2,13), (1,13), (1,12), (1,11), (1,10), (-3,-3)]
Turtle 4 :[(-4,-4), (16,14), (15,14), (14,14), (13,14), (13,14), (12,14), (11,14)]
Turtle 5 :[(-5,-5), (14,14), (13,14), (13,15), (13,16), (13,17), (-5,-5), (-5,-5)]

Shrinking Run 16
#Info# Executed steps before collision: 4, Found collision: true
Turtle 1 :[(-1,-1), (13,11), (12,11), (12,12), (12,13), (12,14), (12,15), (-1,-1), (-1,-1), (-1,-1), (-1,-1), (-1,-1), (-1,-1)]
Turtle 2 :[(-2,-2), (14,16), (13,16), (12,16), (12,15), (13,15), (13,14), (12,14), (12,13), (-2,-2), (-2,-2), (-2,-2), (-2,-2)]
Turtle 3 :[(-3,-3), (3,13), (2,13), (1,13), (0,13), (0,12), (0,11), (-3,-3), (-3,-3), (-3,-3), (-3,-3), (-3,-3), (-3,-3)]
Turtle 4 :[(-4,-4), (16,14), (15,14), (14,14), (13,14), (13,13), (14,13), (13,13), (13,12), (13,13), (13,14), (12,14), (11,14)]
Turtle 5 :[(-5,-5), (14,14), (13,14), (13,15), (12,15), (12,16), (13,16), (13,17), (-5,-5), (-5,-5), (-5,-5), (-5,-5), (-5,-5)]

Shrinking Run 17
#Info# Executed steps before collision: 8, Found collision: false
Turtle 1 :[(-1,-1), (13,11), (12,11), (12,12), (12,13), (12,14), (12,15), (-1,-1), (-1,-1)]
Turtle 2 :[(-2,-2), (14,16), (13,16), (12,16), (11,16), (11,15), (11,14), (11,13), (12,13)]
Turtle 3 :[(-3,-3), (3,13), (3,12), (2,12), (1,12), (0,12), (0,11), (-3,-3), (-3,-3)]
Turtle 4 :[(-4,-4), (16,14), (15,14), (14,14), (13,14), (13,15), (13,14), (12,14), (11,14)]
Turtle 5 :[(-5,-5), (14,14), (13,14), (13,15), (12,15), (12,16), (13,16), (13,17), (-5,-5)]

Shrinking Run 18
#Info# Executed steps before collision: 9, Found collision: false
Turtle 1 :[(-1,-1), (13,11), (12,11), (12,12), (12,13), (12,12), (12,13), (12,14), (12,15), (-1,-1)]
Turtle 2 :[(-2,-2), (14,16), (13,16), (12,16), (12,16), (12,15), (13,15), (13,14), (13,13), (12,13)]
Turtle 3 :[(-3,-3), (3,13), (2,13), (1,13), (1,12), (0,12), (0,11), (-3,-3), (-3,-3), (-3,-3)]
Turtle 4 :[(-4,-4), (16,14), (15,14), (14,14), (13,14), (12,14), (11,14), (-4,-4), (-4,-4), (-4,-4)]
Turtle 5 :[(-5,-5), (14,14), (13,14), (13,15), (13,16), (13,17), (-5,-5), (-5,-5), (-5,-5), (-5,-5)]

Shrinking Run 19
#Info# Executed steps before collision: 11, Found collision: false
Turtle 1 :[(-1,-1), (13,11), (12,11), (12,12), (12,13), (12,14), (12,15), (-1,-1), (-1,-1), (-1,-1), (-1,-1), (-1,-1)]
Turtle 2 :[(-2,-2), (14,16), (13,16), (12,16), (12,16), (12,15), (12,16), (13,16), (13,15), (13,14), (13,13), (12,13)]
Turtle 3 :[(-3,-3), (3,13), (2,13), (1,13), (0,13), (0,12), (0,11), (-3,-3), (-3,-3), (-3,-3), (-3,-3), (-3,-3)]
Turtle 4 :[(-4,-4), (16,14), (15,14), (15,13), (15,12), (14,12), (14,11), (-4,-4), (-4,-4), (-4,-4), (-4,-4), (-4,-4)]
Turtle 5 :[(-5,-5), (14,14), (13,14), (13,15), (13,16), (13,17), (-5,-5), (-5,-5), (-5,-5), (-5,-5), (-5,-5), (-5,-5)]

Shrinking Run 20
#Info# Executed steps before collision: 11, Found collision: false
Turtle 1 :[(-1,-1), (13,11), (12,11), (12,12), (12,13), (12,14), (12,15), (-1,-1), (-1,-1), (-1,-1), (-1,-1), (-1,-1)]
Turtle 2 :[(-2,-2), (14,16), (13,16), (12,16), (12,15), (11,15), (11,15), (10,15), (10,14), (11,14), (12,14), (12,13)]
Turtle 3 :[(-3,-3), (3,13), (2,13), (1,13), (0,13), (0,12), (0,11), (-3,-3), (-3,-3), (-3,-3), (-3,-3), (-3,-3)]
Turtle 4 :[(-4,-4), (16,14), (15,14), (14,14), (14,13), (13,13), (13,12), (-4,-4), (-4,-4), (-4,-4), (-4,-4), (-4,-4)]
Turtle 5 :[(-5,-5), (14,14), (13,14), (13,15), (13,15), (13,16), (13,17), (-5,-5), (-5,-5), (-5,-5), (-5,-5), (-5,-5)]

Shrinking Run 21
#Info# Executed steps before collision: 5, Found collision: true
Turtle 1 :[(-1,-1), (13,11), (12,11), (12,12), (12,13), (11,13), (11,14), (12,14), (12,15)]
Turtle 2 :[(-2,-2), (14,16), (13,16), (12,16), (12,15), (12,14), (12,13), (-2,-2), (-2,-2)]
Turtle 3 :[(-3,-3), (3,13), (2,13), (1,13), (0,13), (0,12), (0,11), (-3,-3), (-3,-3)]
Turtle 4 :[(-4,-4), (16,14), (15,14), (14,14), (13,14), (12,14), (12,14), (12,13), (-4,-4)]
Turtle 5 :[(-5,-5), (14,14), (13,14), (13,15), (13,16), (13,17), (-5,-5), (-5,-5), (-5,-5)]

Shrinking Run 22
#Info# Executed steps before collision: 10, Found collision: false
Turtle 1 :[(-1,-1), (13,11), (12,11), (12,12), (12,13), (12,14), (12,15), (-1,-1), (-1,-1), (-1,-1), (-1,-1)]
Turtle 2 :[(-2,-2), (14,16), (13,16), (12,16), (12,15), (12,16), (13,16), (13,15), (13,14), (12,14), (12,13)]
Turtle 3 :[(-3,-3), (3,13), (2,13), (1,13), (0,13), (0,12), (0,11), (-3,-3), (-3,-3), (-3,-3), (-3,-3)]
Turtle 4 :[(-4,-4), (16,14), (15,14), (14,14), (14,13), (13,13), (12,13), (-4,-4), (-4,-4), (-4,-4), (-4,-4)]
Turtle 5 :[(-5,-5), (14,14), (13,14), (13,15), (13,16), (13,17), (-5,-5), (-5,-5), (-5,-5), (-5,-5), (-5,-5)]

Shrinking Run 23
#Info# Executed steps before collision: 6, Found collision: true
Turtle 1 :[(-1,-1), (13,11), (12,11), (12,12), (12,13), (12,13), (13,13), (13,14), (13,15), (12,15)]
Turtle 2 :[(-2,-2), (14,16), (13,16), (12,16), (12,15), (12,14), (12,15), (12,14), (12,13), (-2,-2)]
Turtle 3 :[(-3,-3), (3,13), (2,13), (1,13), (0,13), (0,12), (0,11), (-3,-3), (-3,-3), (-3,-3)]
Turtle 4 :[(-4,-4), (16,14), (15,14), (14,14), (13,14), (13,15), (12,15), (11,15), (11,14), (-4,-4)]
Turtle 5 :[(-5,-5), (14,14), (13,14), (13,15), (13,16), (12,16), (11,16), (-5,-5), (-5,-5), (-5,-5)]

Shrinking Run 24
#Info# Executed steps before collision: 12, Found collision: false
Turtle 1 :[(-1,-1), (13,11), (12,11), (12,12), (12,13), (12,14), (12,15), (-1,-1), (-1,-1), (-1,-1), (-1,-1), (-1,-1), (-1,-1)]
Turtle 2 :[(-2,-2), (14,16), (13,16), (12,16), (12,15), (13,15), (13,16), (13,15), (12,15), (12,16), (12,15), (12,14), (12,13)]
Turtle 3 :[(-3,-3), (3,13), (2,13), (1,13), (0,13), (0,12), (0,11), (-3,-3), (-3,-3), (-3,-3), (-3,-3), (-3,-3), (-3,-3)]
Turtle 4 :[(-4,-4), (16,14), (17,14), (16,14), (15,14), (14,14), (14,14), (13,14), (12,14), (11,14), (-4,-4), (-4,-4), (-4,-4)]
Turtle 5 :[(-5,-5), (14,14), (13,14), (13,13), (13,12), (12,12), (11,12), (-5,-5), (-5,-5), (-5,-5), (-5,-5), (-5,-5), (-5,-5)]

Shrinking Run 25
#Info# Executed steps before collision: 5, Found collision: true
Turtle 1 :[(-1,-1), (13,11), (12,11), (12,12), (12,13), (13,13), (12,13), (12,14), (13,14), (12,14), (12,15), (-1,-1), (-1,-1), (-1,-1), (-1,-1), (-1,-1)]
Turtle 2 :[(-2,-2), (14,16), (13,16), (12,16), (12,15), (12,14), (12,14), (12,15), (12,15), (12,15), (11,15), (11,16), (12,16), (12,15), (12,14), (12,13)]
Turtle 3 :[(-3,-3), (3,13), (2,13), (1,13), (0,13), (0,12), (0,11), (-3,-3), (-3,-3), (-3,-3), (-3,-3), (-3,-3), (-3,-3), (-3,-3), (-3,-3), (-3,-3)]
Turtle 4 :[(-4,-4), (16,14), (15,14), (14,14), (13,14), (12,14), (12,15), (12,14), (11,14), (-4,-4), (-4,-4), (-4,-4), (-4,-4), (-4,-4), (-4,-4), (-4,-4)]
Turtle 5 :[(-5,-5), (14,14), (13,14), (12,14), (11,14), (11,15), (10,15), (-5,-5), (-5,-5), (-5,-5), (-5,-5), (-5,-5), (-5,-5), (-5,-5), (-5,-5), (-5,-5)]

Shrinking Run 26
#Info# Executed steps before collision: 5, Found collision: true
Turtle 1 :[(-1,-1), (13,11), (12,11), (12,12), (12,13), (12,14), (12,15), (-1,-1), (-1,-1), (-1,-1), (-1,-1), (-1,-1)]
Turtle 2 :[(-2,-2), (14,16), (13,16), (12,16), (12,15), (12,16), (13,16), (12,16), (12,15), (12,14), (12,13), (-2,-2)]
Turtle 3 :[(-3,-3), (3,13), (2,13), (1,13), (0,13), (0,12), (0,11), (-3,-3), (-3,-3), (-3,-3), (-3,-3), (-3,-3)]
Turtle 4 :[(-4,-4), (16,14), (15,14), (14,14), (13,14), (12,14), (11,14), (-4,-4), (-4,-4), (-4,-4), (-4,-4), (-4,-4)]
Turtle 5 :[(-5,-5), (14,14), (13,14), (12,14), (12,14), (12,15), (13,15), (13,14), (13,13), (12,13), (11,13), (10,13)]

Shrinking Run 27
#Info# Executed steps before collision: 6, Found collision: true
Turtle 1 :[(-1,-1), (13,11), (12,11), (12,12), (12,13), (12,13), (12,12), (12,13), (12,14), (12,15), (-1,-1), (-1,-1), (-1,-1), (-1,-1), (-1,-1), (-1,-1)]
Turtle 2 :[(-2,-2), (14,16), (13,16), (12,16), (12,15), (12,14), (13,14), (12,14), (13,14), (13,14), (12,14), (13,14), (14,14), (14,13), (13,13), (12,13)]
Turtle 3 :[(-3,-3), (3,13), (2,13), (1,13), (0,13), (0,12), (0,11), (-3,-3), (-3,-3), (-3,-3), (-3,-3), (-3,-3), (-3,-3), (-3,-3), (-3,-3), (-3,-3)]
Turtle 4 :[(-4,-4), (16,14), (15,14), (14,14), (13,14), (14,14), (13,14), (13,13), (14,13), (13,13), (12,13), (13,13), (12,13), (11,13), (11,14), (-4,-4)]
Turtle 5 :[(-5,-5), (14,14), (13,14), (12,14), (11,14), (10,14), (9,14), (-5,-5), (-5,-5), (-5,-5), (-5,-5), (-5,-5), (-5,-5), (-5,-5), (-5,-5), (-5,-5)]

Shrinking Run 28
#Info# Executed steps before collision: 5, Found collision: true
Turtle 1 :[(-1,-1), (13,11), (13,12), (12,12), (12,13), (11,13), (11,14)]
Turtle 2 :[(-2,-2), (14,16), (13,16), (12,16), (12,15), (12,14), (12,13)]
Turtle 3 :[(-3,-3), (3,13), (2,13), (1,13), (0,13), (0,12), (0,11)]
Turtle 4 :[(-4,-4), (16,14), (15,14), (14,14), (13,14), (12,14), (11,14)]
Turtle 5 :[(-5,-5), (14,14), (13,14), (12,14), (11,14), (10,14), (9,14)]

Shrinking Run 29
#Info# Executed steps before collision: 5, Found collision: true
Turtle 1 :[(-1,-1), (13,11), (13,10), (13,9), (13,8), (12,8), (12,7)]
Turtle 2 :[(-2,-2), (14,16), (13,16), (12,16), (12,15), (12,14), (12,13)]
Turtle 3 :[(-3,-3), (3,13), (2,13), (1,13), (0,13), (0,12), (0,11)]
Turtle 4 :[(-4,-4), (16,14), (15,14), (14,14), (13,14), (12,14), (11,14)]
Turtle 5 :[(-5,-5), (14,14), (13,14), (12,14), (11,14), (10,14), (9,14)]

Shrinking Run 30
#Info# Executed steps before collision: 10, Found collision: false
Turtle 1 :[(-1,-1), (13,11), (13,10), (13,9), (12,9), (11,9), (11,8), (-1,-1), (-1,-1), (-1,-1), (-1,-1)]
Turtle 2 :[(-2,-2), (14,16), (13,16), (12,16), (12,15), (12,14), (12,13), (-2,-2), (-2,-2), (-2,-2), (-2,-2)]
Turtle 3 :[(-3,-3), (3,13), (2,13), (1,13), (0,13), (0,12), (0,11), (-3,-3), (-3,-3), (-3,-3), (-3,-3)]
Turtle 4 :[(-4,-4), (16,14), (15,14), (14,14), (13,14), (13,15), (13,16), (13,15), (13,14), (12,14), (11,14)]
Turtle 5 :[(-5,-5), (14,14), (13,14), (12,14), (11,14), (10,14), (9,14), (-5,-5), (-5,-5), (-5,-5), (-5,-5)]

Shrinking Run 31
#Info# Executed steps before collision: 5, Found collision: true
Turtle 1 :[(-1,-1), (13,11), (12,11), (12,10), (12,9), (11,9), (11,8)]
Turtle 2 :[(-2,-2), (14,16), (13,16), (12,16), (12,15), (12,14), (12,13)]
Turtle 3 :[(-3,-3), (3,13), (2,13), (1,13), (0,13), (0,12), (0,11)]
Turtle 4 :[(-4,-4), (16,14), (15,14), (14,14), (13,14), (12,14), (11,14)]
Turtle 5 :[(-5,-5), (14,14), (13,14), (12,14), (11,14), (10,14), (9,14)]

Shrinking Run 32
#Info# Executed steps before collision: 10, Found collision: false
Turtle 1 :[(-1,-1), (13,11), (12,11), (11,11), (11,10), (10,10), (10,9), (-1,-1), (-1,-1), (-1,-1), (-1,-1)]
Turtle 2 :[(-2,-2), (14,16), (13,16), (12,16), (12,15), (12,14), (12,13), (-2,-2), (-2,-2), (-2,-2), (-2,-2)]
Turtle 3 :[(-3,-3), (3,13), (2,13), (1,13), (0,13), (0,12), (0,11), (-3,-3), (-3,-3), (-3,-3), (-3,-3)]
Turtle 4 :[(-4,-4), (16,14), (17,14), (16,14), (15,14), (14,14), (13,14), (13,13), (12,13), (11,13), (11,14)]
Turtle 5 :[(-5,-5), (14,14), (13,14), (12,14), (11,14), (10,14), (9,14), (-5,-5), (-5,-5), (-5,-5), (-5,-5)]

Shrinking Run 33
#Info# Executed steps before collision: 5, Found collision: true
Turtle 1 :[(-1,-1), (13,11), (12,11), (12,10), (12,9), (11,9), (10,9)]
Turtle 2 :[(-2,-2), (14,16), (13,16), (12,16), (12,15), (12,14), (12,13)]
Turtle 3 :[(-3,-3), (3,13), (2,13), (1,13), (0,13), (0,12), (0,11)]
Turtle 4 :[(-4,-4), (16,14), (15,14), (14,14), (13,14), (12,14), (11,14)]
Turtle 5 :[(-5,-5), (14,14), (13,14), (12,14), (11,14), (10,14), (9,14)]

Shrinking Run 34
#Info# Executed steps before collision: 8, Found collision: false
Turtle 1 :[(-1,-1), (13,11), (13,10), (13,9), (12,9), (11,9), (10,9), (-1,-1), (-1,-1)]
Turtle 2 :[(-2,-2), (14,16), (13,16), (12,16), (12,15), (12,14), (12,13), (-2,-2), (-2,-2)]
Turtle 3 :[(-3,-3), (3,13), (2,13), (1,13), (0,13), (0,12), (0,11), (-3,-3), (-3,-3)]
Turtle 4 :[(-4,-4), (16,14), (16,13), (15,13), (14,13), (13,13), (13,14), (12,14), (11,14)]
Turtle 5 :[(-5,-5), (14,14), (13,14), (12,14), (11,14), (10,14), (9,14), (-5,-5), (-5,-5)]

Shrinking Run 35
#Info# Executed steps before collision: 10, Found collision: false
Turtle 1 :[(-1,-1), (13,11), (12,11), (12,10), (11,10), (11,9), (10,9), (-1,-1), (-1,-1), (-1,-1), (-1,-1)]
Turtle 2 :[(-2,-2), (14,16), (13,16), (12,16), (12,15), (12,14), (12,13), (-2,-2), (-2,-2), (-2,-2), (-2,-2)]
Turtle 3 :[(-3,-3), (3,13), (2,13), (1,13), (0,13), (0,12), (0,11), (-3,-3), (-3,-3), (-3,-3), (-3,-3)]
Turtle 4 :[(-4,-4), (16,14), (17,14), (16,14), (15,14), (14,14), (15,14), (14,14), (13,14), (12,14), (11,14)]
Turtle 5 :[(-5,-5), (14,14), (13,14), (12,14), (11,14), (10,14), (9,14), (-5,-5), (-5,-5), (-5,-5), (-5,-5)]

Shrinking Run 36
#Info# Executed steps before collision: 10, Found collision: false
Turtle 1 :[(-1,-1), (13,11), (12,11), (11,11), (11,10), (11,9), (10,9), (-1,-1), (-1,-1), (-1,-1), (-1,-1)]
Turtle 2 :[(-2,-2), (14,16), (13,16), (12,16), (12,15), (12,14), (12,13), (-2,-2), (-2,-2), (-2,-2), (-2,-2)]
Turtle 3 :[(-3,-3), (3,13), (2,13), (1,13), (0,13), (0,12), (0,11), (-3,-3), (-3,-3), (-3,-3), (-3,-3)]
Turtle 4 :[(-4,-4), (16,14), (16,15), (15,15), (15,14), (14,14), (13,14), (14,14), (13,14), (12,14), (11,14)]
Turtle 5 :[(-5,-5), (14,14), (13,14), (12,14), (11,14), (10,14), (9,14), (-5,-5), (-5,-5), (-5,-5), (-5,-5)]

Shrinking Run 37
#Info# Executed steps before collision: 5, Found collision: true
Turtle 1 :[(-1,-1), (13,11), (12,11), (12,10), (12,9), (11,9), (10,9)]
Turtle 2 :[(-2,-2), (14,16), (13,16), (13,15), (12,15), (12,14), (12,13)]
Turtle 3 :[(-3,-3), (3,13), (2,13), (1,13), (0,13), (0,12), (0,11)]
Turtle 4 :[(-4,-4), (16,14), (15,14), (14,14), (13,14), (12,14), (11,14)]
Turtle 5 :[(-5,-5), (14,14), (13,14), (12,14), (11,14), (10,14), (9,14)]

Shrinking Run 38
#Info# Executed steps before collision: 8, Found collision: false
Turtle 1 :[(-1,-1), (13,11), (12,11), (12,10), (12,9), (11,9), (10,9), (-1,-1), (-1,-1)]
Turtle 2 :[(-2,-2), (14,16), (13,16), (12,16), (11,16), (11,15), (11,14), (-2,-2), (-2,-2)]
Turtle 3 :[(-3,-3), (3,13), (2,13), (1,13), (0,13), (0,12), (0,11), (-3,-3), (-3,-3)]
Turtle 4 :[(-4,-4), (16,14), (15,14), (14,14), (13,14), (12,14), (13,14), (12,14), (11,14)]
Turtle 5 :[(-5,-5), (14,14), (13,14), (12,14), (11,14), (10,14), (9,14), (-5,-5), (-5,-5)]

Shrinking Run 39
#Info# Executed steps before collision: 8, Found collision: false
Turtle 1 :[(-1,-1), (13,11), (12,11), (12,10), (12,9), (11,9), (10,9), (-1,-1), (-1,-1)]
Turtle 2 :[(-2,-2), (14,16), (13,16), (13,15), (12,15), (11,15), (11,14), (-2,-2), (-2,-2)]
Turtle 3 :[(-3,-3), (3,13), (2,13), (1,13), (0,13), (0,12), (0,11), (-3,-3), (-3,-3)]
Turtle 4 :[(-4,-4), (16,14), (15,14), (14,14), (13,14), (12,14), (12,13), (12,14), (11,14)]
Turtle 5 :[(-5,-5), (14,14), (13,14), (12,14), (11,14), (10,14), (9,14), (-5,-5), (-5,-5)]

Shrinking Run 40
#Info# Executed steps before collision: 9, Found collision: false
Turtle 1 :[(-1,-1), (13,11), (12,11), (12,10), (12,9), (11,9), (10,9), (-1,-1), (-1,-1), (-1,-1)]
Turtle 2 :[(-2,-2), (14,16), (13,16), (13,15), (12,15), (12,14), (11,14), (-2,-2), (-2,-2), (-2,-2)]
Turtle 3 :[(-3,-3), (3,13), (2,13), (1,13), (0,13), (0,12), (0,11), (-3,-3), (-3,-3), (-3,-3)]
Turtle 4 :[(-4,-4), (16,14), (15,14), (14,14), (13,14), (13,15), (13,15), (12,15), (12,14), (11,14)]
Turtle 5 :[(-5,-5), (14,14), (13,14), (12,14), (11,14), (10,14), (9,14), (-5,-5), (-5,-5), (-5,-5)]

Shrinking Run 41
#Info# Executed steps before collision: 5, Found collision: true
Turtle 1 :[(-1,-1), (13,11), (12,11), (12,10), (12,9), (11,9), (10,9), (-1,-1), (-1,-1)]
Turtle 2 :[(-2,-2), (14,16), (13,16), (12,16), (12,15), (12,14), (12,13), (-2,-2), (-2,-2)]
Turtle 3 :[(-3,-3), (3,13), (3,12), (2,12), (1,12), (0,12), (0,11), (-3,-3), (-3,-3)]
Turtle 4 :[(-4,-4), (16,14), (15,14), (14,14), (13,14), (12,14), (13,14), (12,14), (11,14)]
Turtle 5 :[(-5,-5), (14,14), (13,14), (12,14), (11,14), (10,14), (9,14), (-5,-5), (-5,-5)]

Shrinking Run 42
#Info# Executed steps before collision: 8, Found collision: false
Turtle 1 :[(-1,-1), (13,11), (12,11), (12,10), (12,9), (11,9), (10,9), (-1,-1), (-1,-1)]
Turtle 2 :[(-2,-2), (14,16), (13,16), (12,16), (12,15), (12,14), (12,13), (-2,-2), (-2,-2)]
Turtle 3 :[(-3,-3), (3,13), (2,13), (1,13), (0,13), (0,12), (0,11), (-3,-3), (-3,-3)]
Turtle 4 :[(-4,-4), (16,14), (17,14), (17,13), (16,13), (16,12), (15,12), (14,12), (14,11)]
Turtle 5 :[(-5,-5), (14,14), (13,14), (12,14), (11,14), (10,14), (9,14), (-5,-5), (-5,-5)]

Shrinking Run 43
#Info# Executed steps before collision: 6, Found collision: false
Turtle 1 :[(-1,-1), (13,11), (12,11), (12,10), (12,9), (11,9), (10,9)]
Turtle 2 :[(-2,-2), (14,16), (13,16), (12,16), (12,15), (12,14), (12,13)]
Turtle 3 :[(-3,-3), (3,13), (2,13), (1,13), (0,13), (0,12), (0,11)]
Turtle 4 :[(-4,-4), (16,14), (15,14), (14,14), (14,13), (13,13), (13,12)]
Turtle 5 :[(-5,-5), (14,14), (13,14), (12,14), (11,14), (10,14), (9,14)]

Shrinking Run 44
#Info# Executed steps before collision: 6, Found collision: true
Turtle 1 :[(-1,-1), (13,11), (12,11), (12,10), (12,9), (11,9), (10,9)]
Turtle 2 :[(-2,-2), (14,16), (13,16), (12,16), (12,15), (12,14), (12,13)]
Turtle 3 :[(-3,-3), (3,13), (2,13), (1,13), (0,13), (0,12), (0,11)]
Turtle 4 :[(-4,-4), (16,14), (15,14), (14,14), (14,13), (13,13), (12,13)]
Turtle 5 :[(-5,-5), (14,14), (13,14), (12,14), (11,14), (10,14), (9,14)]

Shrinking Run 45
#Info# Executed steps before collision: 6, Found collision: true
Turtle 1 :[(-1,-1), (13,11), (12,11), (12,10), (12,9), (11,9), (10,9)]
Turtle 2 :[(-2,-2), (14,16), (13,16), (12,16), (12,15), (12,14), (12,13)]
Turtle 3 :[(-3,-3), (3,13), (2,13), (1,13), (0,13), (0,12), (0,11)]
Turtle 4 :[(-4,-4), (16,14), (15,14), (15,13), (14,13), (13,13), (12,13)]
Turtle 5 :[(-5,-5), (14,14), (13,14), (12,14), (11,14), (10,14), (9,14)]

Shrinking Run 46
#Info# Executed steps before collision: 5, Found collision: true
Turtle 1 :[(-1,-1), (13,11), (12,11), (12,10), (12,9), (11,9), (10,9)]
Turtle 2 :[(-2,-2), (14,16), (13,16), (12,16), (12,15), (12,14), (12,13)]
Turtle 3 :[(-3,-3), (3,13), (2,13), (1,13), (0,13), (0,12), (0,11)]
Turtle 4 :[(-4,-4), (16,14), (15,14), (14,14), (13,14), (12,14), (12,13)]
Turtle 5 :[(-5,-5), (14,14), (13,14), (12,14), (11,14), (10,14), (9,14)]

Shrinking Run 47
#Info# Executed steps before collision: 10, Found collision: false
Turtle 1 :[(-1,-1), (13,11), (12,11), (12,10), (12,9), (11,9), (10,9), (-1,-1), (-1,-1), (-1,-1), (-1,-1)]
Turtle 2 :[(-2,-2), (14,16), (13,16), (12,16), (12,15), (12,14), (12,13), (-2,-2), (-2,-2), (-2,-2), (-2,-2)]
Turtle 3 :[(-3,-3), (3,13), (2,13), (1,13), (0,13), (0,12), (0,11), (-3,-3), (-3,-3), (-3,-3), (-3,-3)]
Turtle 4 :[(-4,-4), (16,14), (15,14), (14,14), (13,14), (13,15), (13,16), (13,15), (12,15), (11,15), (11,14)]
Turtle 5 :[(-5,-5), (14,14), (13,14), (13,13), (13,12), (12,12), (11,12), (-5,-5), (-5,-5), (-5,-5), (-5,-5)]

Shrink Run 48
#Info# Executed steps before collision: 5, Found collision: true
Turtle 1 :[(-1,-1), (13,11), (12,11), (12,10), (12,9), (11,9), (10,9)]
Turtle 2 :[(-2,-2), (14,16), (13,16), (12,16), (12,15), (12,14), (12,13)]
Turtle 3 :[(-3,-3), (3,13), (2,13), (1,13), (0,13), (0,12), (0,11)]
Turtle 4 :[(-4,-4), (16,14), (15,14), (14,14), (13,14), (12,14), (11,14)]
Turtle 5 :[(-5,-5), (14,14), (13,14), (12,14), (11,14), (10,14), (9,14)]

