Detection Run 1
#Info# Executed steps before collision: 6, Found collision: false
Turtle 1 :[(-1,-1), (5,11), (5,12), (5,13), (5,14), (4,14), (-1,-1)]
Turtle 2 :[(-2,-2), (10,14), (11,14), (12,14), (11,14), (11,14), (11,13)]
Turtle 3 :[(-3,-3), (9,5), (9,6), (9,7), (9,8), (10,8), (-3,-3)]
Turtle 4 :[(-4,-4), (10,13), (11,13), (10,13), (11,13), (-4,-4), (-4,-4)]
Turtle 5 :[(-5,-5), (12,9), (11,9), (10,9), (9,9), (9,10), (9,11)]

Detection Run 2
#Info# Executed steps before collision: 6, Found collision: false
Turtle 1 :[(-1,-1), (9,7), (10,7), (11,7), (12,7), (12,8), (-1,-1)]
Turtle 2 :[(-2,-2), (1,1), (2,1), (3,1), (3,2), (3,3), (4,3)]
Turtle 3 :[(-3,-3), (6,6), (6,7), (6,8), (6,9), (-3,-3), (-3,-3)]
Turtle 4 :[(-4,-4), (12,2), (11,2), (10,2), (10,1), (9,1), (8,1)]
Turtle 5 :[(-5,-5), (10,1), (10,2), (10,3), (11,3), (-5,-5), (-5,-5)]

Detection Run 3
#Info# Executed steps before collision: 8, Found collision: false
Turtle 1 :[(-1,-1), (7,2), (6,2), (6,3), (6,4), (6,5), (5,5), (-1,-1), (-1,-1)]
Turtle 2 :[(-2,-2), (14,9), (14,8), (14,8), (14,7), (14,6), (-2,-2), (-2,-2), (-2,-2)]
Turtle 3 :[(-3,-3), (9,1), (10,1), (11,1), (11,2), (12,2), (13,2), (-3,-3), (-3,-3)]
Turtle 4 :[(-4,-4), (9,12), (9,13), (10,13), (11,13), (11,14), (12,14), (-4,-4), (-4,-4)]
Turtle 5 :[(-5,-5), (-5,-5), (-5,-5), (7,2), (8,2), (9,2), (9,1), (10,1), (11,1)]

Detection Run 4
#Info# Executed steps before collision: 9, Found collision: false
Turtle 1 :[(-1,-1), (13,11), (13,12), (12,12), (12,13), (12,14), (13,14), (12,14), (-1,-1), (-1,-1)]
Turtle 2 :[(-2,-2), (8,12), (8,13), (8,13), (8,14), (9,14), (-2,-2), (-2,-2), (-2,-2), (-2,-2)]
Turtle 3 :[(-3,-3), (7,4), (6,4), (6,5), (6,6), (-3,-3), (-3,-3), (-3,-3), (-3,-3), (-3,-3)]
Turtle 4 :[(-4,-4), (8,14), (8,14), (9,14), (10,14), (11,14), (10,14), (11,14), (11,14), (12,14)]
Turtle 5 :[(-5,-5), (4,2), (4,1), (4,0), (3,0), (2,0), (-5,-5), (-5,-5), (-5,-5), (-5,-5)]

Detection Run 5
#Info# Executed steps before collision: 6, Found collision: false
Turtle 1 :[(-1,-1), (5,4), (5,5), (5,6), (5,7), (4,7), (3,7)]
Turtle 2 :[(-2,-2), (14,4), (13,4), (13,5), (12,5), (12,6), (11,6)]
Turtle 3 :[(-3,-3), (8,6), (8,5), (8,4), (8,3), (7,3), (6,3)]
Turtle 4 :[(-4,-4), (8,5), (9,5), (9,4), (10,4), (10,3), (11,3)]
Turtle 5 :[(-5,-5), (4,7), (5,7), (6,7), (6,8), (6,9), (-5,-5)]

Fault Detection Run 6
#Info# Executed steps before collision: 4, Found collision: true
Turtle 1 :[(-1,-1), (8,1), (9,1), (10,1), (11,1), (12,1), (12,2), (-1,-1)]
Turtle 2 :[(-2,-2), (1,0), (2,0), (3,0), (3,1), (4,1), (5,1), (-2,-2)]
Turtle 3 :[(-3,-3), (4,8), (3,8), (2,8), (1,8), (1,9), (1,10), (-3,-3)]
Turtle 4 :[(-4,-4), (4,1), (3,1), (3,1), (3,1), (3,0), (2,0), (1,0)]
Turtle 5 :[(-5,-5), (8,9), (8,8), (8,7), (8,6), (-5,-5), (-5,-5), (-5,-5)]

