Shrinking Run 1
#Info# Executed steps before collision: 4, Found collision: true
Turtle 1 :[(-1,-1), (0,7), (0,7), (0,6), (0,5), (0,4), (0,3), (0,2), (-1,-1), (-1,-1)]
Turtle 2 :[(-2,-2), (13,10), (14,10), (14,9), (14,10), (14,11), (14,12), (14,13), (-2,-2), (-2,-2)]
Turtle 3 :[(-3,-3), (14,0), (13,0), (13,0), (13,0), (12,0), (12,0), (12,0), (11,0), (10,0)]
Turtle 4 :[(-4,-4), (6,1), (6,2), (6,2), (5,2), (5,3), (5,4), (5,4), (5,4), (4,4)]
Turtle 5 :[(-5,-5), (14,11), (14,11), (14,11), (14,10), (14,9), (14,8), (14,7), (-5,-5), (-5,-5)]

Shrinking Run 2
#Info# Executed steps before collision: 9, Found collision: false
Turtle 1 :[(-1,-1), (0,7), (0,6), (0,5), (0,4), (0,3), (0,2), (-1,-1), (-1,-1), (-1,-1)]
Turtle 2 :[(-2,-2), (13,10), (14,10), (14,10), (14,9), (14,10), (14,11), (14,12), (14,13), (-2,-2)]
Turtle 3 :[(-3,-3), (14,0), (13,0), (13,0), (13,0), (12,0), (12,0), (12,0), (11,0), (10,0)]
Turtle 4 :[(-4,-4), (6,1), (6,2), (6,2), (5,2), (5,3), (5,4), (5,4), (5,4), (4,4)]
Turtle 5 :[(-5,-5), (14,11), (14,11), (14,11), (13,11), (13,10), (13,9), (14,9), (14,8), (14,7)]

Shrinking Run 3
#Info# Executed steps before collision: 9, Found collision: false
Turtle 1 :[(-1,-1), (0,7), (0,6), (0,6), (0,5), (0,4), (0,3), (0,2), (-1,-1), (-1,-1)]
Turtle 2 :[(-2,-2), (13,10), (14,10), (14,10), (14,9), (14,10), (14,11), (14,12), (14,13), (-2,-2)]
Turtle 3 :[(-3,-3), (14,0), (13,0), (13,0), (13,0), (12,0), (12,0), (12,0), (11,0), (10,0)]
Turtle 4 :[(-4,-4), (6,1), (6,2), (6,2), (5,2), (5,3), (5,4), (5,4), (5,4), (4,4)]
Turtle 5 :[(-5,-5), (14,11), (14,11), (14,11), (13,11), (13,10), (13,9), (13,8), (13,7), (14,7)]

Shrinking Run 4
#Info# Executed steps before collision: 9, Found collision: false
Turtle 1 :[(-1,-1), (0,7), (0,7), (0,6), (0,5), (0,4), (0,3), (0,2), (-1,-1), (-1,-1)]
Turtle 2 :[(-2,-2), (13,10), (12,10), (11,10), (10,10), (9,10), (9,11), (-2,-2), (-2,-2), (-2,-2)]
Turtle 3 :[(-3,-3), (14,0), (13,0), (13,0), (13,0), (12,0), (12,0), (12,0), (11,0), (10,0)]
Turtle 4 :[(-4,-4), (6,1), (6,2), (6,2), (5,2), (5,3), (5,4), (5,4), (5,4), (4,4)]
Turtle 5 :[(-5,-5), (14,11), (14,11), (14,10), (14,9), (14,8), (14,7), (-5,-5), (-5,-5), (-5,-5)]

Shrinking Run 5
#Info# Executed steps before collision: 9, Found collision: false
Turtle 1 :[(-1,-1), (0,7), (0,7), (0,6), (0,5), (0,4), (0,3), (0,2), (-1,-1), (-1,-1)]
Turtle 2 :[(-2,-2), (13,10), (12,10), (12,11), (11,11), (10,11), (10,12), (-2,-2), (-2,-2), (-2,-2)]
Turtle 3 :[(-3,-3), (14,0), (13,0), (13,0), (13,0), (12,0), (12,0), (12,0), (11,0), (10,0)]
Turtle 4 :[(-4,-4), (6,1), (6,2), (6,2), (5,2), (5,3), (5,4), (5,4), (5,4), (4,4)]
Turtle 5 :[(-5,-5), (14,11), (14,11), (14,10), (14,9), (14,8), (14,7), (-5,-5), (-5,-5), (-5,-5)]

Shrinking Run 6
#Info# Executed steps before collision: 9, Found collision: false
Turtle 1 :[(-1,-1), (0,7), (0,7), (0,6), (0,5), (0,4), (0,3), (0,2), (-1,-1), (-1,-1)]
Turtle 2 :[(-2,-2), (13,10), (13,11), (13,12), (13,13), (14,13), (14,14), (-2,-2), (-2,-2), (-2,-2)]
Turtle 3 :[(-3,-3), (14,0), (13,0), (13,0), (13,0), (12,0), (12,0), (12,0), (11,0), (10,0)]
Turtle 4 :[(-4,-4), (6,1), (6,2), (6,2), (5,2), (5,3), (5,4), (5,4), (5,4), (4,4)]
Turtle 5 :[(-5,-5), (14,11), (14,11), (14,10), (14,9), (14,8), (14,7), (-5,-5), (-5,-5), (-5,-5)]

Shrinking Run 7
#Info# Executed steps before collision: 5, Found collision: true
Turtle 1 :[(-1,-1), (0,7), (0,7), (0,6), (0,5), (0,4), (0,3), (0,2), (-1,-1), (-1,-1)]
Turtle 2 :[(-2,-2), (13,10), (13,9), (13,8), (14,8), (14,8), (14,7), (-2,-2), (-2,-2), (-2,-2)]
Turtle 3 :[(-3,-3), (14,0), (13,0), (13,0), (13,0), (12,0), (12,0), (12,0), (11,0), (10,0)]
Turtle 4 :[(-4,-4), (6,1), (6,2), (6,2), (5,2), (5,3), (5,4), (5,4), (5,4), (4,4)]
Turtle 5 :[(-5,-5), (14,11), (14,11), (14,10), (14,9), (14,8), (13,8), (14,8), (14,7), (-5,-5)]

Shrinking Run 8
#Info# Executed steps before collision: 9, Found collision: false
Turtle 1 :[(-1,-1), (0,7), (0,7), (0,6), (0,5), (0,4), (0,3), (0,2), (-1,-1), (-1,-1)]
Turtle 2 :[(-2,-2), (13,10), (12,10), (11,10), (10,10), (9,10), (9,9), (-2,-2), (-2,-2), (-2,-2)]
Turtle 3 :[(-3,-3), (14,0), (13,0), (13,0), (13,0), (12,0), (12,0), (12,0), (11,0), (10,0)]
Turtle 4 :[(-4,-4), (6,1), (6,2), (6,2), (5,2), (5,3), (5,4), (5,4), (5,4), (4,4)]
Turtle 5 :[(-5,-5), (14,11), (14,11), (14,10), (14,9), (14,8), (14,7), (-5,-5), (-5,-5), (-5,-5)]

Shrinking Run 9
#Info# Executed steps before collision: 9, Found collision: false
Turtle 1 :[(-1,-1), (0,7), (0,7), (0,6), (0,5), (0,4), (0,3), (0,2), (-1,-1), (-1,-1)]
Turtle 2 :[(-2,-2), (13,10), (12,10), (12,9), (11,9), (10,9), (10,8), (-2,-2), (-2,-2), (-2,-2)]
Turtle 3 :[(-3,-3), (14,0), (13,0), (13,0), (13,0), (12,0), (12,0), (12,0), (11,0), (10,0)]
Turtle 4 :[(-4,-4), (6,1), (6,2), (6,2), (5,2), (5,3), (5,4), (5,4), (5,4), (4,4)]
Turtle 5 :[(-5,-5), (14,11), (14,11), (14,10), (14,9), (14,8), (14,7), (-5,-5), (-5,-5), (-5,-5)]

Shrinking Run 10
#Info# Executed steps before collision: 9, Found collision: false
Turtle 1 :[(-1,-1), (0,7), (0,7), (0,6), (0,5), (0,4), (0,3), (0,2), (-1,-1), (-1,-1)]
Turtle 2 :[(-2,-2), (13,10), (13,9), (13,8), (13,7), (14,7), (14,6), (-2,-2), (-2,-2), (-2,-2)]
Turtle 3 :[(-3,-3), (14,0), (13,0), (13,0), (13,0), (12,0), (12,0), (12,0), (11,0), (10,0)]
Turtle 4 :[(-4,-4), (6,1), (6,2), (6,2), (5,2), (5,3), (5,4), (5,4), (5,4), (4,4)]
Turtle 5 :[(-5,-5), (14,11), (14,11), (14,10), (14,9), (14,10), (14,9), (14,8), (14,7), (-5,-5)]

Shrinking Run 11
#Info# Executed steps before collision: 9, Found collision: false
Turtle 1 :[(-1,-1), (0,7), (0,7), (0,6), (0,5), (0,4), (0,3), (0,2), (-1,-1), (-1,-1)]
Turtle 2 :[(-2,-2), (13,10), (13,9), (14,9), (14,8), (14,8), (14,7), (-2,-2), (-2,-2), (-2,-2)]
Turtle 3 :[(-3,-3), (14,0), (13,0), (13,0), (13,0), (12,0), (12,0), (12,0), (11,0), (10,0)]
Turtle 4 :[(-4,-4), (6,1), (6,2), (6,2), (5,2), (5,3), (5,4), (5,4), (5,4), (4,4)]
Turtle 5 :[(-5,-5), (14,11), (14,11), (14,10), (14,11), (14,10), (14,9), (14,8), (14,7), (-5,-5)]

Shrinking Run 12
#Info# Executed steps before collision: 9, Found collision: false
Turtle 1 :[(-1,-1), (0,7), (0,7), (0,6), (0,5), (0,4), (0,3), (0,2), (-1,-1), (-1,-1)]
Turtle 2 :[(-2,-2), (13,10), (14,10), (14,9), (14,8), (14,8), (14,7), (-2,-2), (-2,-2), (-2,-2)]
Turtle 3 :[(-3,-3), (14,0), (13,0), (13,0), (13,0), (12,0), (12,0), (12,0), (11,0), (10,0)]
Turtle 4 :[(-4,-4), (6,1), (6,2), (6,2), (5,2), (5,3), (5,4), (5,4), (5,4), (4,4)]
Turtle 5 :[(-5,-5), (14,11), (14,11), (13,11), (13,10), (13,9), (13,8), (14,8), (14,7), (-5,-5)]

Shrinking Run 13
#Info# Executed steps before collision: 9, Found collision: false
Turtle 1 :[(-1,-1), (0,7), (0,7), (0,6), (0,5), (0,4), (0,3), (0,2), (-1,-1), (-1,-1)]
Turtle 2 :[(-2,-2), (13,10), (13,9), (14,9), (14,9), (14,8), (14,7), (-2,-2), (-2,-2), (-2,-2)]
Turtle 3 :[(-3,-3), (14,0), (13,0), (13,0), (13,0), (12,0), (12,0), (12,0), (11,0), (10,0)]
Turtle 4 :[(-4,-4), (6,1), (6,2), (6,2), (5,2), (5,3), (5,4), (5,4), (5,4), (4,4)]
Turtle 5 :[(-5,-5), (14,11), (14,11), (14,10), (13,10), (13,9), (13,8), (13,7), (14,7), (-5,-5)]

Shrinking Run 14
#Info# Executed steps before collision: 9, Found collision: false
Turtle 1 :[(-1,-1), (0,7), (0,7), (0,6), (0,5), (0,4), (0,3), (0,2), (-1,-1), (-1,-1)]
Turtle 2 :[(-2,-2), (13,10), (14,10), (14,9), (14,9), (14,8), (14,7), (-2,-2), (-2,-2), (-2,-2)]
Turtle 3 :[(-3,-3), (14,0), (13,0), (13,0), (13,0), (12,0), (12,0), (12,0), (11,0), (10,0)]
Turtle 4 :[(-4,-4), (6,1), (6,2), (6,2), (5,2), (5,3), (5,4), (5,4), (5,4), (4,4)]
Turtle 5 :[(-5,-5), (14,11), (14,11), (14,12), (14,11), (14,10), (14,9), (14,8), (14,7), (-5,-5)]

Shrinking Run 15
#Info# Executed steps before collision: 5, Found collision: true
Turtle 1 :[(-1,-1), (0,7), (0,7), (0,6), (0,5), (0,4), (0,3), (0,2), (-1,-1), (-1,-1)]
Turtle 2 :[(-2,-2), (13,10), (13,9), (13,8), (14,8), (14,8), (14,7), (-2,-2), (-2,-2), (-2,-2)]
Turtle 3 :[(-3,-3), (14,0), (13,0), (12,0), (12,0), (11,0), (10,0), (9,0), (-3,-3), (-3,-3)]
Turtle 4 :[(-4,-4), (6,1), (6,2), (6,2), (5,2), (5,3), (5,4), (5,4), (5,4), (4,4)]
Turtle 5 :[(-5,-5), (14,11), (14,11), (14,10), (14,9), (14,8), (13,8), (14,8), (14,7), (-5,-5)]

Shrinking Run 16
#Info# Executed steps before collision: 5, Found collision: true
Turtle 1 :[(-1,-1), (0,7), (0,7), (0,6), (0,5), (0,4), (0,3), (0,2), (-1,-1), (-1,-1)]
Turtle 2 :[(-2,-2), (13,10), (13,9), (13,8), (14,8), (14,8), (14,7), (-2,-2), (-2,-2), (-2,-2)]
Turtle 3 :[(-3,-3), (14,0), (13,0), (12,0), (11,0), (10,0), (9,0), (-3,-3), (-3,-3), (-3,-3)]
Turtle 4 :[(-4,-4), (6,1), (6,2), (6,2), (5,2), (5,3), (5,4), (5,4), (5,4), (4,4)]
Turtle 5 :[(-5,-5), (14,11), (14,11), (14,10), (14,9), (14,8), (14,8), (14,9), (14,8), (14,7)]

Shrinking Run 17
#Info# Executed steps before collision: 5, Found collision: true
Turtle 1 :[(-1,-1), (0,7), (0,7), (0,6), (0,5), (0,4), (0,3), (0,2), (-1,-1), (-1,-1)]
Turtle 2 :[(-2,-2), (13,10), (13,9), (13,8), (14,8), (14,8), (14,7), (-2,-2), (-2,-2), (-2,-2)]
Turtle 3 :[(-3,-3), (14,0), (13,0), (12,0), (11,0), (10,0), (9,0), (-3,-3), (-3,-3), (-3,-3)]
Turtle 4 :[(-4,-4), (6,1), (5,1), (5,1), (4,1), (4,0), (3,0), (3,0), (3,0), (2,0)]
Turtle 5 :[(-5,-5), (14,11), (14,11), (14,10), (14,9), (14,8), (14,9), (14,8), (14,7), (-5,-5)]

Shrinking Run 18
#Info# Executed steps before collision: 5, Found collision: true
Turtle 1 :[(-1,-1), (0,7), (0,7), (0,6), (0,5), (0,4), (0,3), (0,2), (-1,-1), (-1,-1)]
Turtle 2 :[(-2,-2), (13,10), (13,9), (13,8), (14,8), (14,8), (14,7), (-2,-2), (-2,-2), (-2,-2)]
Turtle 3 :[(-3,-3), (14,0), (13,0), (12,0), (11,0), (10,0), (9,0), (-3,-3), (-3,-3), (-3,-3)]
Turtle 4 :[(-4,-4), (6,1), (6,0), (6,0), (5,0), (4,0), (3,0), (3,0), (3,0), (2,0)]
Turtle 5 :[(-5,-5), (14,11), (14,11), (14,10), (14,9), (14,8), (14,8), (14,8), (14,7), (-5,-5)]

Shrinking Run 19
#Info# Executed steps before collision: 5, Found collision: true
Turtle 1 :[(-1,-1), (0,7), (0,7), (0,6), (0,5), (0,4), (0,3), (0,2), (-1,-1), (-1,-1)]
Turtle 2 :[(-2,-2), (13,10), (13,9), (13,8), (14,8), (14,8), (14,7), (-2,-2), (-2,-2), (-2,-2)]
Turtle 3 :[(-3,-3), (14,0), (13,0), (12,0), (11,0), (10,0), (9,0), (-3,-3), (-3,-3), (-3,-3)]
Turtle 4 :[(-4,-4), (6,1), (5,1), (5,1), (4,1), (3,1), (2,1), (2,1), (2,1), (1,1)]
Turtle 5 :[(-5,-5), (14,11), (14,11), (14,10), (14,9), (14,8), (14,7), (-5,-5), (-5,-5), (-5,-5)]

Shrinking Run 20
#Info# Executed steps before collision: 5, Found collision: true
Turtle 1 :[(-1,-1), (0,7), (0,7), (0,6), (0,5), (0,4), (0,3), (0,2)]
Turtle 2 :[(-2,-2), (13,10), (13,9), (13,8), (14,8), (14,8), (14,7), (-2,-2)]
Turtle 3 :[(-3,-3), (14,0), (13,0), (12,0), (11,0), (10,0), (9,0), (-3,-3)]
Turtle 4 :[(-4,-4), (6,1), (5,1), (4,1), (3,1), (2,1), (1,1), (-4,-4)]
Turtle 5 :[(-5,-5), (14,11), (14,11), (14,10), (14,9), (14,8), (14,7), (-5,-5)]

Shrinking Run 21
#Info# Executed steps before collision: 7, Found collision: false
Turtle 1 :[(-1,-1), (0,7), (0,7), (0,6), (0,5), (0,4), (0,3), (0,2)]
Turtle 2 :[(-2,-2), (13,10), (13,9), (13,8), (14,8), (14,8), (14,7), (-2,-2)]
Turtle 3 :[(-3,-3), (14,0), (13,0), (12,0), (11,0), (10,0), (9,0), (-3,-3)]
Turtle 4 :[(-4,-4), (6,1), (5,1), (4,1), (3,1), (2,1), (1,1), (-4,-4)]
Turtle 5 :[(-5,-5), (14,11), (13,11), (12,11), (12,10), (12,9), (12,8), (-5,-5)]

Shrinking Run 22
#Info# Executed steps before collision: 7, Found collision: false
Turtle 1 :[(-1,-1), (0,7), (0,7), (0,6), (0,5), (0,4), (0,3), (0,2)]
Turtle 2 :[(-2,-2), (13,10), (13,9), (13,8), (14,8), (14,8), (14,7), (-2,-2)]
Turtle 3 :[(-3,-3), (14,0), (13,0), (12,0), (11,0), (10,0), (9,0), (-3,-3)]
Turtle 4 :[(-4,-4), (6,1), (5,1), (4,1), (3,1), (2,1), (1,1), (-4,-4)]
Turtle 5 :[(-5,-5), (14,11), (13,11), (13,10), (13,9), (13,8), (13,7), (-5,-5)]

Shrinking Run 23
#Info# Executed steps before collision: 4, Found collision: true
Turtle 1 :[(-1,-1), (0,7), (0,7), (0,6), (0,5), (0,4), (0,3), (0,2)]
Turtle 2 :[(-2,-2), (13,10), (13,9), (13,8), (14,8), (13,8), (13,7), (14,7)]
Turtle 3 :[(-3,-3), (14,0), (13,0), (12,0), (11,0), (10,0), (9,0), (-3,-3)]
Turtle 4 :[(-4,-4), (6,1), (5,1), (4,1), (3,1), (2,1), (1,1), (-4,-4)]
Turtle 5 :[(-5,-5), (14,11), (14,10), (14,9), (14,8), (14,7), (14,6), (-5,-5)]

Shrinking Run 24
#Info# Executed steps before collision: 4, Found collision: true
Turtle 1 :[(-1,-1), (0,7), (0,6), (0,5), (0,4), (0,3), (0,2), (-1,-1)]
Turtle 2 :[(-2,-2), (13,10), (13,9), (13,8), (14,8), (13,8), (14,8), (14,7)]
Turtle 3 :[(-3,-3), (14,0), (13,0), (12,0), (11,0), (10,0), (9,0), (-3,-3)]
Turtle 4 :[(-4,-4), (6,1), (5,1), (4,1), (3,1), (2,1), (1,1), (-4,-4)]
Turtle 5 :[(-5,-5), (14,11), (14,10), (14,9), (14,8), (14,7), (14,6), (-5,-5)]

Shrinking Run 25
#Info# Executed steps before collision: 6, Found collision: false
Turtle 1 :[(-1,-1), (0,7), (0,6), (0,5), (0,4), (0,3), (0,2)]
Turtle 2 :[(-2,-2), (13,10), (12,10), (11,10), (10,10), (9,10), (9,11)]
Turtle 3 :[(-3,-3), (14,0), (13,0), (12,0), (11,0), (10,0), (9,0)]
Turtle 4 :[(-4,-4), (6,1), (5,1), (4,1), (3,1), (2,1), (1,1)]
Turtle 5 :[(-5,-5), (14,11), (14,10), (14,9), (14,8), (14,7), (14,6)]

Shrinking Run 26
#Info# Executed steps before collision: 6, Found collision: false
Turtle 1 :[(-1,-1), (0,7), (0,6), (0,5), (0,4), (0,3), (0,2)]
Turtle 2 :[(-2,-2), (13,10), (12,10), (12,11), (11,11), (10,11), (10,12)]
Turtle 3 :[(-3,-3), (14,0), (13,0), (12,0), (11,0), (10,0), (9,0)]
Turtle 4 :[(-4,-4), (6,1), (5,1), (4,1), (3,1), (2,1), (1,1)]
Turtle 5 :[(-5,-5), (14,11), (14,10), (14,9), (14,8), (14,7), (14,6)]

Shrinking Run 27
#Info# Executed steps before collision: 6, Found collision: false
Turtle 1 :[(-1,-1), (0,7), (0,6), (0,5), (0,4), (0,3), (0,2)]
Turtle 2 :[(-2,-2), (13,10), (13,11), (13,12), (13,13), (14,13), (14,14)]
Turtle 3 :[(-3,-3), (14,0), (13,0), (12,0), (11,0), (10,0), (9,0)]
Turtle 4 :[(-4,-4), (6,1), (5,1), (4,1), (3,1), (2,1), (1,1)]
Turtle 5 :[(-5,-5), (14,11), (14,10), (14,9), (14,8), (14,7), (14,6)]

Shrinking Run 28
#Info# Executed steps before collision: 6, Found collision: false
Turtle 1 :[(-1,-1), (0,7), (0,6), (0,5), (0,4), (0,3), (0,2)]
Turtle 2 :[(-2,-2), (13,10), (12,10), (11,10), (10,10), (9,10), (9,9)]
Turtle 3 :[(-3,-3), (14,0), (13,0), (12,0), (11,0), (10,0), (9,0)]
Turtle 4 :[(-4,-4), (6,1), (5,1), (4,1), (3,1), (2,1), (1,1)]
Turtle 5 :[(-5,-5), (14,11), (14,10), (14,9), (14,8), (14,7), (14,6)]

Shrinking Run 29
#Info# Executed steps before collision: 6, Found collision: false
Turtle 1 :[(-1,-1), (0,7), (0,6), (0,5), (0,4), (0,3), (0,2)]
Turtle 2 :[(-2,-2), (13,10), (12,10), (12,9), (11,9), (10,9), (10,8)]
Turtle 3 :[(-3,-3), (14,0), (13,0), (12,0), (11,0), (10,0), (9,0)]
Turtle 4 :[(-4,-4), (6,1), (5,1), (4,1), (3,1), (2,1), (1,1)]
Turtle 5 :[(-5,-5), (14,11), (14,10), (14,9), (14,8), (14,7), (14,6)]

Shrinking Run 30
#Info# Executed steps before collision: 5, Found collision: true
Turtle 1 :[(-1,-1), (0,7), (0,6), (0,5), (0,4), (0,3), (0,2)]
Turtle 2 :[(-2,-2), (13,10), (13,9), (13,8), (13,7), (14,7), (14,6)]
Turtle 3 :[(-3,-3), (14,0), (13,0), (12,0), (11,0), (10,0), (9,0)]
Turtle 4 :[(-4,-4), (6,1), (5,1), (4,1), (3,1), (2,1), (1,1)]
Turtle 5 :[(-5,-5), (14,11), (14,10), (14,9), (14,8), (14,7), (14,6)]

Shrinking Run 31
#Info# Executed steps before collision: 6, Found collision: false
Turtle 1 :[(-1,-1), (0,7), (0,6), (0,5), (0,4), (0,3), (0,2)]
Turtle 2 :[(-2,-2), (13,10), (13,9), (13,8), (13,7), (12,7), (12,6)]
Turtle 3 :[(-3,-3), (14,0), (13,0), (12,0), (11,0), (10,0), (9,0)]
Turtle 4 :[(-4,-4), (6,1), (5,1), (4,1), (3,1), (2,1), (1,1)]
Turtle 5 :[(-5,-5), (14,11), (14,10), (14,9), (14,8), (14,7), (14,6)]

Shrinking Run 32
#Info# Executed steps before collision: 6, Found collision: false
Turtle 1 :[(-1,-1), (0,7), (0,6), (0,5), (0,4), (0,3), (0,2)]
Turtle 2 :[(-2,-2), (13,10), (13,9), (13,8), (13,7), (13,6), (13,5)]
Turtle 3 :[(-3,-3), (14,0), (13,0), (12,0), (11,0), (10,0), (9,0)]
Turtle 4 :[(-4,-4), (6,1), (5,1), (4,1), (3,1), (2,1), (1,1)]
Turtle 5 :[(-5,-5), (14,11), (14,10), (14,9), (14,8), (14,7), (14,6)]

Shrinking Run 33
#Info# Executed steps before collision: 9, Found collision: false
Turtle 1 :[(-1,-1), (0,7), (0,6), (0,5), (0,4), (0,3), (0,2), (-1,-1), (-1,-1), (-1,-1)]
Turtle 2 :[(-2,-2), (13,10), (13,9), (14,9), (14,8), (14,7), (14,6), (-2,-2), (-2,-2), (-2,-2)]
Turtle 3 :[(-3,-3), (14,0), (13,0), (12,0), (11,0), (10,0), (9,0), (-3,-3), (-3,-3), (-3,-3)]
Turtle 4 :[(-4,-4), (6,1), (5,1), (4,1), (3,1), (2,1), (1,1), (-4,-4), (-4,-4), (-4,-4)]
Turtle 5 :[(-5,-5), (14,11), (14,10), (14,10), (14,10), (14,10), (14,9), (14,8), (14,7), (14,6)]

Shrinking Run 34
#Info# Executed steps before collision: 9, Found collision: false
Turtle 1 :[(-1,-1), (0,7), (0,6), (0,5), (0,4), (0,3), (0,2), (-1,-1), (-1,-1), (-1,-1)]
Turtle 2 :[(-2,-2), (13,10), (14,10), (14,9), (14,8), (14,7), (14,6), (-2,-2), (-2,-2), (-2,-2)]
Turtle 3 :[(-3,-3), (14,0), (13,0), (12,0), (11,0), (10,0), (9,0), (-3,-3), (-3,-3), (-3,-3)]
Turtle 4 :[(-4,-4), (6,1), (5,1), (4,1), (3,1), (2,1), (1,1), (-4,-4), (-4,-4), (-4,-4)]
Turtle 5 :[(-5,-5), (14,11), (14,11), (14,10), (14,11), (14,10), (14,9), (14,8), (14,7), (14,6)]

Shrinking Run 35
#Info# Executed steps before collision: 9, Found collision: false
Turtle 1 :[(-1,-1), (0,7), (0,6), (0,5), (0,4), (0,3), (0,2), (-1,-1), (-1,-1), (-1,-1)]
Turtle 2 :[(-2,-2), (13,10), (13,9), (13,8), (14,8), (14,7), (14,6), (-2,-2), (-2,-2), (-2,-2)]
Turtle 3 :[(-3,-3), (14,0), (13,0), (12,0), (11,0), (10,0), (9,0), (-3,-3), (-3,-3), (-3,-3)]
Turtle 4 :[(-4,-4), (6,1), (5,1), (4,1), (3,1), (2,1), (1,1), (-4,-4), (-4,-4), (-4,-4)]
Turtle 5 :[(-5,-5), (14,11), (14,10), (14,9), (14,9), (14,8), (14,9), (14,8), (14,7), (14,6)]

Shrinking Run 36
#Info# Executed steps before collision: 6, Found collision: false
Turtle 1 :[(-1,-1), (0,7), (0,6), (0,5), (0,4), (0,3), (0,2)]
Turtle 2 :[(-2,-2), (13,10), (13,9), (13,8), (13,7), (14,7), (14,6)]
Turtle 3 :[(-3,-3), (14,0), (13,0), (12,0), (11,0), (10,0), (9,0)]
Turtle 4 :[(-4,-4), (6,1), (5,1), (4,1), (3,1), (2,1), (1,1)]
Turtle 5 :[(-5,-5), (14,11), (13,11), (12,11), (12,10), (12,9), (12,8)]

Shrink Run 37
#Info# Executed steps before collision: 8, Found collision: false
Turtle 1 :[(-1,-1), (0,7), (0,6), (0,5), (0,4), (0,3), (0,2), (-1,-1), (-1,-1)]
Turtle 2 :[(-2,-2), (13,10), (13,9), (13,8), (13,7), (14,7), (14,6), (-2,-2), (-2,-2)]
Turtle 3 :[(-3,-3), (14,0), (13,0), (12,0), (11,0), (10,0), (9,0), (-3,-3), (-3,-3)]
Turtle 4 :[(-4,-4), (6,1), (5,1), (4,1), (3,1), (2,1), (1,1), (-4,-4), (-4,-4)]
Turtle 5 :[(-5,-5), (14,11), (13,11), (13,10), (13,9), (13,10), (13,9), (13,8), (13,7)]

