Detection Run 1
#Info# Executed steps before collision: 6, Found collision: false
Turtle 1 :[(-1,-1), (13,1), (13,0), (12,0), (-1,-1), (-1,-1), (-1,-1)]
Turtle 2 :[(-2,-2), (4,14), (4,15), (3,15), (3,16), (2,16), (2,17)]
Turtle 3 :[(-3,-3), (17,8), (16,8), (15,8), (15,9), (15,10), (15,11)]
Turtle 4 :[(-4,-4), (11,14), (11,15), (11,16), (12,16), (13,16), (13,17)]
Turtle 5 :[(-5,-5), (1,17), (1,18), (0,18), (0,19), (0,19), (-5,-5)]

Detection Run 2
#Info# Executed steps before collision: 6, Found collision: false
Turtle 1 :[(-1,-1), (6,11), (6,10), (6,9), (6,8), (-1,-1), (-1,-1)]
Turtle 2 :[(-2,-2), (19,10), (19,11), (19,12), (19,12), (19,13), (-2,-2)]
Turtle 3 :[(-3,-3), (2,19), (2,19), (3,19), (-3,-3), (-3,-3), (-3,-3)]
Turtle 4 :[(-4,-4), (16,15), (15,15), (14,15), (-4,-4), (-4,-4), (-4,-4)]
Turtle 5 :[(-5,-5), (12,0), (13,0), (14,0), (15,0), (14,0), (15,0)]

Detection Run 3
#Info# Executed steps before collision: 6, Found collision: false
Turtle 1 :[(-1,-1), (19,16), (19,16), (19,15), (19,14), (19,13), (19,12)]
Turtle 2 :[(-2,-2), (10,10), (11,10), (11,9), (12,9), (-2,-2), (-2,-2)]
Turtle 3 :[(-3,-3), (11,12), (11,11), (10,11), (-3,-3), (-3,-3), (-3,-3)]
Turtle 4 :[(-4,-4), (5,18), (6,18), (6,17), (6,16), (6,15), (6,14)]
Turtle 5 :[(-5,-5), (5,7), (6,7), (6,8), (6,9), (6,10), (7,10)]

Fault Detection Run 4
#Info# Executed steps before collision: 4, Found collision: true
Turtle 1 :[(-1,-1), (16,13), (16,12), (17,12), (18,12), (18,11), (19,11)]
Turtle 2 :[(-2,-2), (18,9), (18,10), (18,11), (18,12), (19,12), (19,12)]
Turtle 3 :[(-3,-3), (16,15), (17,15), (16,15), (16,16), (16,17), (-3,-3)]
Turtle 4 :[(-4,-4), (4,13), (3,13), (3,12), (3,11), (2,11), (2,10)]
Turtle 5 :[(-5,-5), (1,19), (1,18), (1,17), (1,16), (1,15), (-5,-5)]

