Detection Run 1
#Info# Executed steps before collision: 6, Found collision: false
Turtle 1 :[(-1,-1), (4,12), (4,13), (3,13), (3,14), (3,15), (2,15)]
Turtle 2 :[(-2,-2), (6,17), (7,17), (8,17), (8,16), (-2,-2), (-2,-2)]
Turtle 3 :[(-3,-3), (12,14), (12,15), (12,14), (12,13), (12,12), (-3,-3)]
Turtle 4 :[(-4,-4), (0,11), (1,11), (1,12), (1,13), (2,13), (3,13)]
Turtle 5 :[(-5,-5), (17,2), (18,2), (19,2), (19,2), (-5,-5), (-5,-5)]

Detection Run 2
#Info# Executed steps before collision: 10, Found collision: false
Turtle 1 :[(-1,-1), (11,0), (12,0), (13,0), (13,1), (-1,-1), (-1,-1), (-1,-1), (-1,-1), (-1,-1), (-1,-1)]
Turtle 2 :[(-2,-2), (14,3), (14,2), (13,2), (12,2), (12,1), (11,1), (-2,-2), (-2,-2), (-2,-2), (-2,-2)]
Turtle 3 :[(-3,-3), (13,11), (14,11), (15,11), (15,12), (16,12), (17,12), (-3,-3), (-3,-3), (-3,-3), (-3,-3)]
Turtle 4 :[(-4,-4), (10,4), (10,3), (10,2), (11,2), (10,2), (10,1), (10,2), (11,2), (12,2), (13,2)]
Turtle 5 :[(-5,-5), (16,3), (16,4), (17,4), (17,5), (18,5), (18,6), (-5,-5), (-5,-5), (-5,-5), (-5,-5)]

Detection Run 3
#Info# Executed steps before collision: 6, Found collision: false
Turtle 1 :[(-1,-1), (1,8), (2,8), (3,8), (3,9), (2,9), (3,9)]
Turtle 2 :[(-2,-2), (14,12), (14,13), (13,13), (13,14), (13,15), (13,16)]
Turtle 3 :[(-3,-3), (6,19), (5,19), (6,19), (5,19), (5,19), (-3,-3)]
Turtle 4 :[(-4,-4), (16,7), (16,6), (16,5), (16,4), (15,4), (15,3)]
Turtle 5 :[(-5,-5), (17,12), (16,12), (15,12), (15,13), (14,13), (-5,-5)]

Detection Run 4
#Info# Executed steps before collision: 7, Found collision: false
Turtle 1 :[(-1,-1), (2,0), (3,0), (-1,-1), (-1,-1), (-1,-1), (-1,-1), (-1,-1)]
Turtle 2 :[(-2,-2), (1,15), (1,14), (1,13), (1,12), (2,12), (3,12), (-2,-2)]
Turtle 3 :[(-3,-3), (8,9), (9,9), (8,9), (8,9), (9,9), (10,9), (10,10)]
Turtle 4 :[(-4,-4), (8,1), (8,2), (7,2), (-4,-4), (-4,-4), (-4,-4), (-4,-4)]
Turtle 5 :[(-5,-5), (10,9), (10,10), (9,10), (9,11), (8,11), (7,11), (-5,-5)]

Fault Detection Run 5
#Info# Executed steps before collision: 5, Found collision: true
Turtle 1 :[(-1,-1), (6,19), (7,19), (7,18), (7,17), (6,17), (6,16), (6,16), (7,16), (8,16)]
Turtle 2 :[(-2,-2), (9,14), (8,14), (8,14), (8,15), (7,15), (6,15), (7,15), (6,15), (6,16)]
Turtle 3 :[(-3,-3), (8,14), (8,15), (8,16), (7,16), (7,15), (7,16), (7,17), (7,18), (-3,-3)]
Turtle 4 :[(-4,-4), (7,2), (7,3), (7,4), (8,4), (8,5), (-4,-4), (-4,-4), (-4,-4), (-4,-4)]
Turtle 5 :[(-5,-5), (15,11), (14,11), (14,10), (13,10), (13,9), (13,8), (-5,-5), (-5,-5), (-5,-5)]

