Shrinking Run 1
#Info# Executed steps before collision: 8, Found collision: false
Turtle 1 :[(-1,-1), (13,18), (12,18), (11,18), (10,18), (10,17), (10,16), (-1,-1), (-1,-1)]
Turtle 2 :[(-2,-2), (14,15), (15,15), (16,15), (17,15), (17,14), (17,15), (17,16), (-2,-2)]
Turtle 3 :[(-3,-3), (19,16), (19,15), (19,15), (19,14), (-3,-3), (-3,-3), (-3,-3), (-3,-3)]
Turtle 4 :[(-4,-4), (18,17), (17,17), (16,17), (16,16), (16,17), (16,16), (16,15), (16,14)]
Turtle 5 :[(-5,-5), (2,18), (2,17), (2,16), (2,15), (2,14), (-5,-5), (-5,-5), (-5,-5)]

Shrinking Run 2
#Info# Executed steps before collision: 6, Found collision: false
Turtle 1 :[(-1,-1), (13,18), (13,17), (12,17), (12,16), (12,15), (-1,-1)]
Turtle 2 :[(-2,-2), (14,15), (15,15), (16,15), (17,15), (17,16), (-2,-2)]
Turtle 3 :[(-3,-3), (19,16), (19,15), (19,15), (19,14), (-3,-3), (-3,-3)]
Turtle 4 :[(-4,-4), (18,17), (17,17), (16,17), (16,16), (16,15), (16,14)]
Turtle 5 :[(-5,-5), (2,18), (2,17), (2,16), (2,15), (2,14), (-5,-5)]

Shrinking Run 3
#Info# Executed steps before collision: 6, Found collision: false
Turtle 1 :[(-1,-1), (13,18), (13,17), (13,16), (13,15), (-1,-1), (-1,-1)]
Turtle 2 :[(-2,-2), (14,15), (15,15), (16,15), (17,15), (17,16), (-2,-2)]
Turtle 3 :[(-3,-3), (19,16), (19,15), (19,15), (19,14), (-3,-3), (-3,-3)]
Turtle 4 :[(-4,-4), (18,17), (17,17), (16,17), (16,16), (16,15), (16,14)]
Turtle 5 :[(-5,-5), (2,18), (2,17), (2,16), (2,15), (2,14), (-5,-5)]

Shrinking Run 4
#Info# Executed steps before collision: 6, Found collision: false
Turtle 1 :[(-1,-1), (13,18), (13,17), (14,17), (14,16), (14,15), (14,14)]
Turtle 2 :[(-2,-2), (14,15), (15,15), (16,15), (17,15), (17,16), (-2,-2)]
Turtle 3 :[(-3,-3), (19,16), (19,15), (19,15), (19,14), (-3,-3), (-3,-3)]
Turtle 4 :[(-4,-4), (18,17), (17,17), (16,17), (16,16), (16,15), (16,14)]
Turtle 5 :[(-5,-5), (2,18), (2,17), (2,16), (2,15), (2,14), (-5,-5)]

Shrinking Run 5
#Info# Executed steps before collision: 5, Found collision: true
Turtle 1 :[(-1,-1), (13,18), (14,18), (14,17), (14,16), (14,15), (-1,-1), (-1,-1)]
Turtle 2 :[(-2,-2), (14,15), (15,15), (16,15), (17,15), (16,15), (17,15), (17,16)]
Turtle 3 :[(-3,-3), (19,16), (19,15), (19,15), (19,14), (-3,-3), (-3,-3), (-3,-3)]
Turtle 4 :[(-4,-4), (18,17), (17,17), (16,17), (16,16), (16,15), (16,14), (-4,-4)]
Turtle 5 :[(-5,-5), (2,18), (2,17), (2,16), (2,15), (2,14), (-5,-5), (-5,-5)]

Shrinking Run 6
#Info# Executed steps before collision: 6, Found collision: false
Turtle 1 :[(-1,-1), (13,18), (14,18), (14,17), (14,16), (14,15), (-1,-1)]
Turtle 2 :[(-2,-2), (14,15), (13,15), (12,15), (11,15), (10,15), (9,15)]
Turtle 3 :[(-3,-3), (19,16), (19,15), (19,15), (19,14), (-3,-3), (-3,-3)]
Turtle 4 :[(-4,-4), (18,17), (17,17), (16,17), (16,16), (16,15), (16,14)]
Turtle 5 :[(-5,-5), (2,18), (2,17), (2,16), (2,15), (2,14), (-5,-5)]

Shrinking Run 7
#Info# Executed steps before collision: 6, Found collision: false
Turtle 1 :[(-1,-1), (13,18), (14,18), (14,17), (14,16), (14,15), (-1,-1)]
Turtle 2 :[(-2,-2), (14,15), (13,15), (12,15), (11,15), (11,16), (-2,-2)]
Turtle 3 :[(-3,-3), (19,16), (19,15), (19,15), (19,14), (-3,-3), (-3,-3)]
Turtle 4 :[(-4,-4), (18,17), (17,17), (16,17), (16,16), (16,15), (16,14)]
Turtle 5 :[(-5,-5), (2,18), (2,17), (2,16), (2,15), (2,14), (-5,-5)]

Shrinking Run 8
#Info# Executed steps before collision: 7, Found collision: false
Turtle 1 :[(-1,-1), (13,18), (14,18), (14,17), (14,16), (14,15), (-1,-1), (-1,-1)]
Turtle 2 :[(-2,-2), (14,15), (13,15), (13,16), (13,17), (14,17), (14,16), (15,16)]
Turtle 3 :[(-3,-3), (19,16), (19,15), (19,15), (19,14), (-3,-3), (-3,-3), (-3,-3)]
Turtle 4 :[(-4,-4), (18,17), (17,17), (16,17), (16,16), (16,15), (16,14), (-4,-4)]
Turtle 5 :[(-5,-5), (2,18), (2,17), (2,16), (2,15), (2,14), (-5,-5), (-5,-5)]

Shrinking Run 9
#Info# Executed steps before collision: 4, Found collision: true
Turtle 1 :[(-1,-1), (13,18), (14,18), (14,17), (14,16), (14,15), (-1,-1), (-1,-1), (-1,-1)]
Turtle 2 :[(-2,-2), (14,15), (13,15), (13,16), (14,16), (13,16), (14,16), (15,16), (16,16)]
Turtle 3 :[(-3,-3), (19,16), (19,15), (19,15), (19,14), (-3,-3), (-3,-3), (-3,-3), (-3,-3)]
Turtle 4 :[(-4,-4), (18,17), (17,17), (16,17), (16,16), (16,15), (16,14), (-4,-4), (-4,-4)]
Turtle 5 :[(-5,-5), (2,18), (2,17), (2,16), (2,15), (2,14), (-5,-5), (-5,-5), (-5,-5)]

Shrinking Run 10
#Info# Executed steps before collision: 6, Found collision: false
Turtle 1 :[(-1,-1), (13,18), (14,18), (14,17), (14,16), (14,15), (-1,-1)]
Turtle 2 :[(-2,-2), (14,15), (15,15), (15,14), (15,13), (16,13), (16,12)]
Turtle 3 :[(-3,-3), (19,16), (19,15), (19,15), (19,14), (-3,-3), (-3,-3)]
Turtle 4 :[(-4,-4), (18,17), (17,17), (16,17), (16,16), (16,15), (16,14)]
Turtle 5 :[(-5,-5), (2,18), (2,17), (2,16), (2,15), (2,14), (-5,-5)]

Shrinking Run 11
#Info# Executed steps before collision: 6, Found collision: false
Turtle 1 :[(-1,-1), (13,18), (14,18), (14,17), (14,16), (14,15), (-1,-1)]
Turtle 2 :[(-2,-2), (14,15), (14,14), (14,13), (15,13), (16,13), (16,12)]
Turtle 3 :[(-3,-3), (19,16), (19,15), (19,15), (19,14), (-3,-3), (-3,-3)]
Turtle 4 :[(-4,-4), (18,17), (17,17), (16,17), (16,16), (16,15), (16,14)]
Turtle 5 :[(-5,-5), (2,18), (2,17), (2,16), (2,15), (2,14), (-5,-5)]

Shrinking Run 12
#Info# Executed steps before collision: 8, Found collision: false
Turtle 1 :[(-1,-1), (13,18), (14,18), (14,17), (14,16), (14,15), (-1,-1), (-1,-1), (-1,-1)]
Turtle 2 :[(-2,-2), (14,15), (13,15), (13,14), (14,14), (15,14), (16,14), (-2,-2), (-2,-2)]
Turtle 3 :[(-3,-3), (19,16), (19,15), (19,15), (19,14), (-3,-3), (-3,-3), (-3,-3), (-3,-3)]
Turtle 4 :[(-4,-4), (18,17), (17,17), (16,17), (16,16), (16,15), (16,16), (16,15), (16,14)]
Turtle 5 :[(-5,-5), (2,18), (2,17), (2,16), (2,15), (2,14), (-5,-5), (-5,-5), (-5,-5)]

Shrinking Run 13
#Info# Executed steps before collision: 5, Found collision: true
Turtle 1 :[(-1,-1), (13,18), (14,18), (14,17), (14,16), (14,15), (-1,-1)]
Turtle 2 :[(-2,-2), (14,15), (13,15), (14,15), (15,15), (16,15), (-2,-2)]
Turtle 3 :[(-3,-3), (19,16), (19,15), (19,15), (19,14), (-3,-3), (-3,-3)]
Turtle 4 :[(-4,-4), (18,17), (17,17), (16,17), (16,16), (16,15), (16,14)]
Turtle 5 :[(-5,-5), (2,18), (2,17), (2,16), (2,15), (2,14), (-5,-5)]

Shrinking Run 14
#Info# Executed steps before collision: 6, Found collision: false
Turtle 1 :[(-1,-1), (13,18), (14,18), (14,17), (14,16), (14,15), (-1,-1)]
Turtle 2 :[(-2,-2), (14,15), (13,15), (12,15), (13,15), (12,15), (11,15)]
Turtle 3 :[(-3,-3), (19,16), (19,15), (19,15), (19,14), (-3,-3), (-3,-3)]
Turtle 4 :[(-4,-4), (18,17), (17,17), (16,17), (16,16), (16,15), (16,14)]
Turtle 5 :[(-5,-5), (2,18), (2,17), (2,16), (2,15), (2,14), (-5,-5)]

Shrinking Run 15
#Info# Executed steps before collision: 5, Found collision: true
Turtle 1 :[(-1,-1), (13,18), (14,18), (14,17), (14,16), (14,15), (-1,-1)]
Turtle 2 :[(-2,-2), (14,15), (13,15), (14,15), (15,15), (14,15), (15,15)]
Turtle 3 :[(-3,-3), (19,16), (19,15), (19,15), (19,14), (-3,-3), (-3,-3)]
Turtle 4 :[(-4,-4), (18,17), (17,17), (16,17), (16,16), (16,15), (16,14)]
Turtle 5 :[(-5,-5), (2,18), (2,17), (2,16), (2,15), (2,14), (-5,-5)]

Shrinking Run 16
#Info# Executed steps before collision: 5, Found collision: true
Turtle 1 :[(-1,-1), (13,18), (14,18), (14,17), (14,16), (14,15), (-1,-1)]
Turtle 2 :[(-2,-2), (14,15), (13,15), (14,15), (15,15), (14,15), (13,15)]
Turtle 3 :[(-3,-3), (19,16), (19,15), (19,15), (19,14), (-3,-3), (-3,-3)]
Turtle 4 :[(-4,-4), (18,17), (17,17), (16,17), (16,16), (16,15), (16,14)]
Turtle 5 :[(-5,-5), (2,18), (2,17), (2,16), (2,15), (2,14), (-5,-5)]

Shrinking Run 17
#Info# Executed steps before collision: 6, Found collision: false
Turtle 1 :[(-1,-1), (13,18), (14,18), (14,17), (14,16), (14,15), (-1,-1)]
Turtle 2 :[(-2,-2), (14,15), (13,15), (12,15), (13,15), (12,15), (-2,-2)]
Turtle 3 :[(-3,-3), (19,16), (19,15), (19,15), (19,14), (-3,-3), (-3,-3)]
Turtle 4 :[(-4,-4), (18,17), (17,17), (16,17), (16,16), (16,15), (16,14)]
Turtle 5 :[(-5,-5), (2,18), (2,17), (2,16), (2,15), (2,14), (-5,-5)]

Shrinking Run 18
#Info# Executed steps before collision: 6, Found collision: false
Turtle 1 :[(-1,-1), (13,18), (14,18), (14,17), (14,16), (14,15), (-1,-1)]
Turtle 2 :[(-2,-2), (14,15), (13,15), (13,14), (13,13), (13,12), (13,11)]
Turtle 3 :[(-3,-3), (19,16), (19,15), (19,15), (19,14), (-3,-3), (-3,-3)]
Turtle 4 :[(-4,-4), (18,17), (17,17), (16,17), (16,16), (16,15), (16,14)]
Turtle 5 :[(-5,-5), (2,18), (2,17), (2,16), (2,15), (2,14), (-5,-5)]

Shrinking Run 19
#Info# Executed steps before collision: 6, Found collision: false
Turtle 1 :[(-1,-1), (13,18), (14,18), (14,17), (14,16), (14,15), (-1,-1)]
Turtle 2 :[(-2,-2), (14,15), (14,14), (14,13), (13,13), (13,12), (-2,-2)]
Turtle 3 :[(-3,-3), (19,16), (19,15), (19,15), (19,14), (-3,-3), (-3,-3)]
Turtle 4 :[(-4,-4), (18,17), (17,17), (16,17), (16,16), (16,15), (16,14)]
Turtle 5 :[(-5,-5), (2,18), (2,17), (2,16), (2,15), (2,14), (-5,-5)]

Shrinking Run 20
#Info# Executed steps before collision: 6, Found collision: false
Turtle 1 :[(-1,-1), (13,18), (14,18), (14,17), (14,16), (14,15), (-1,-1)]
Turtle 2 :[(-2,-2), (14,15), (13,15), (13,14), (14,14), (13,14), (-2,-2)]
Turtle 3 :[(-3,-3), (19,16), (19,15), (19,15), (19,14), (-3,-3), (-3,-3)]
Turtle 4 :[(-4,-4), (18,17), (17,17), (16,17), (16,16), (16,15), (16,14)]
Turtle 5 :[(-5,-5), (2,18), (2,17), (2,16), (2,15), (2,14), (-5,-5)]

Shrinking Run 21
#Info# Executed steps before collision: 6, Found collision: false
Turtle 1 :[(-1,-1), (13,18), (14,18), (14,17), (14,16), (14,15), (-1,-1)]
Turtle 2 :[(-2,-2), (14,15), (13,15), (-2,-2), (-2,-2), (-2,-2), (-2,-2)]
Turtle 3 :[(-3,-3), (19,16), (19,15), (19,15), (19,14), (-3,-3), (-3,-3)]
Turtle 4 :[(-4,-4), (18,17), (17,17), (16,17), (16,16), (16,15), (16,14)]
Turtle 5 :[(-5,-5), (2,18), (2,17), (2,16), (2,15), (2,14), (-5,-5)]

Shrinking Run 22
#Info# Executed steps before collision: 7, Found collision: false
Turtle 1 :[(-1,-1), (13,18), (14,18), (14,17), (15,17), (15,16), (15,15), (14,15)]
Turtle 2 :[(-2,-2), (14,15), (13,15), (14,15), (13,15), (-2,-2), (-2,-2), (-2,-2)]
Turtle 3 :[(-3,-3), (19,16), (19,15), (19,15), (19,14), (-3,-3), (-3,-3), (-3,-3)]
Turtle 4 :[(-4,-4), (18,17), (17,17), (16,17), (16,16), (16,15), (16,14), (-4,-4)]
Turtle 5 :[(-5,-5), (2,18), (2,17), (2,16), (2,15), (2,14), (-5,-5), (-5,-5)]

Shrinking Run 23
#Info# Executed steps before collision: 5, Found collision: true
Turtle 1 :[(-1,-1), (13,18), (14,18), (14,17), (14,16), (14,15), (-1,-1)]
Turtle 2 :[(-2,-2), (14,15), (15,15), (14,15), (13,15), (14,15), (13,15)]
Turtle 3 :[(-3,-3), (19,16), (19,15), (19,15), (19,14), (-3,-3), (-3,-3)]
Turtle 4 :[(-4,-4), (18,17), (17,17), (16,17), (16,16), (16,15), (16,14)]
Turtle 5 :[(-5,-5), (2,18), (2,17), (2,16), (2,15), (2,14), (-5,-5)]

Shrinking Run 24
#Info# Executed steps before collision: 8, Found collision: false
Turtle 1 :[(-1,-1), (13,18), (14,18), (14,17), (14,16), (14,15), (-1,-1), (-1,-1), (-1,-1)]
Turtle 2 :[(-2,-2), (14,15), (15,15), (14,15), (15,15), (15,15), (14,15), (13,15), (-2,-2)]
Turtle 3 :[(-3,-3), (19,16), (19,15), (19,15), (19,14), (-3,-3), (-3,-3), (-3,-3), (-3,-3)]
Turtle 4 :[(-4,-4), (18,17), (17,17), (16,17), (16,16), (16,17), (16,16), (16,15), (16,14)]
Turtle 5 :[(-5,-5), (2,18), (2,17), (2,16), (2,15), (2,14), (-5,-5), (-5,-5), (-5,-5)]

Shrinking Run 25
#Info# Executed steps before collision: 9, Found collision: false
Turtle 1 :[(-1,-1), (13,18), (14,18), (14,17), (14,18), (14,17), (14,16), (14,17), (14,16), (14,15)]
Turtle 2 :[(-2,-2), (14,15), (15,15), (14,15), (13,15), (14,15), (13,15), (-2,-2), (-2,-2), (-2,-2)]
Turtle 3 :[(-3,-3), (19,16), (18,16), (17,16), (17,15), (17,14), (16,14), (-3,-3), (-3,-3), (-3,-3)]
Turtle 4 :[(-4,-4), (18,17), (17,17), (16,17), (16,16), (16,15), (16,16), (16,15), (16,14), (-4,-4)]
Turtle 5 :[(-5,-5), (2,18), (2,17), (2,16), (2,15), (2,14), (-5,-5), (-5,-5), (-5,-5), (-5,-5)]

Shrinking Run 26
#Info# Executed steps before collision: 6, Found collision: false
Turtle 1 :[(-1,-1), (13,18), (14,18), (14,17), (14,16), (14,15), (-1,-1)]
Turtle 2 :[(-2,-2), (14,15), (15,15), (14,15), (13,15), (12,15), (13,15)]
Turtle 3 :[(-3,-3), (19,16), (19,15), (18,15), (18,14), (-3,-3), (-3,-3)]
Turtle 4 :[(-4,-4), (18,17), (17,17), (16,17), (16,16), (16,15), (16,14)]
Turtle 5 :[(-5,-5), (2,18), (2,17), (2,16), (2,15), (2,14), (-5,-5)]

Shrinking Run 27
#Info# Executed steps before collision: 7, Found collision: false
Turtle 1 :[(-1,-1), (13,18), (14,18), (14,17), (14,16), (14,15), (-1,-1), (-1,-1)]
Turtle 2 :[(-2,-2), (14,15), (15,15), (14,15), (13,15), (13,15), (13,16), (13,15)]
Turtle 3 :[(-3,-3), (19,16), (19,15), (19,14), (-3,-3), (-3,-3), (-3,-3), (-3,-3)]
Turtle 4 :[(-4,-4), (18,17), (17,17), (16,17), (16,16), (16,15), (16,14), (-4,-4)]
Turtle 5 :[(-5,-5), (2,18), (2,17), (2,16), (2,15), (2,14), (-5,-5), (-5,-5)]

Shrinking Run 28
#Info# Executed steps before collision: 7, Found collision: false
Turtle 1 :[(-1,-1), (13,18), (14,18), (14,17), (14,18), (14,17), (14,16), (14,15)]
Turtle 2 :[(-2,-2), (14,15), (15,15), (14,15), (13,15), (14,15), (13,15), (-2,-2)]
Turtle 3 :[(-3,-3), (19,16), (19,15), (19,15), (19,14), (19,13), (19,12), (-3,-3)]
Turtle 4 :[(-4,-4), (18,17), (17,17), (16,17), (16,16), (16,15), (16,14), (-4,-4)]
Turtle 5 :[(-5,-5), (2,18), (2,17), (2,16), (2,15), (2,14), (-5,-5), (-5,-5)]

Shrinking Run 29
#Info# Executed steps before collision: 7, Found collision: false
Turtle 1 :[(-1,-1), (13,18), (14,18), (14,17), (15,17), (14,17), (14,16), (14,15)]
Turtle 2 :[(-2,-2), (14,15), (15,15), (14,15), (13,15), (14,15), (13,15), (-2,-2)]
Turtle 3 :[(-3,-3), (19,16), (19,15), (19,15), (19,14), (19,13), (-3,-3), (-3,-3)]
Turtle 4 :[(-4,-4), (18,17), (17,17), (16,17), (16,16), (16,15), (16,14), (-4,-4)]
Turtle 5 :[(-5,-5), (2,18), (2,17), (2,16), (2,15), (2,14), (-5,-5), (-5,-5)]

Shrinking Run 30
#Info# Executed steps before collision: 5, Found collision: true
Turtle 1 :[(-1,-1), (13,18), (14,18), (14,17), (14,16), (14,15), (-1,-1)]
Turtle 2 :[(-2,-2), (14,15), (15,15), (14,15), (13,15), (14,15), (13,15)]
Turtle 3 :[(-3,-3), (19,16), (19,16), (19,15), (19,14), (-3,-3), (-3,-3)]
Turtle 4 :[(-4,-4), (18,17), (17,17), (16,17), (16,16), (16,15), (16,14)]
Turtle 5 :[(-5,-5), (2,18), (2,17), (2,16), (2,15), (2,14), (-5,-5)]

Shrinking Run 31
#Info# Executed steps before collision: 6, Found collision: false
Turtle 1 :[(-1,-1), (13,18), (14,18), (14,17), (14,16), (14,15), (-1,-1)]
Turtle 2 :[(-2,-2), (14,15), (15,15), (14,15), (13,15), (13,14), (13,15)]
Turtle 3 :[(-3,-3), (19,16), (19,16), (19,15), (19,14), (-3,-3), (-3,-3)]
Turtle 4 :[(-4,-4), (18,17), (17,17), (16,17), (16,16), (16,15), (15,15)]
Turtle 5 :[(-5,-5), (2,18), (2,17), (2,16), (2,15), (2,14), (-5,-5)]

Shrinking Run 32
#Info# Executed steps before collision: 9, Found collision: false
Turtle 1 :[(-1,-1), (13,18), (14,18), (14,17), (14,18), (14,17), (14,16), (15,16), (15,15), (14,15)]
Turtle 2 :[(-2,-2), (14,15), (15,15), (14,15), (13,15), (14,15), (13,15), (-2,-2), (-2,-2), (-2,-2)]
Turtle 3 :[(-3,-3), (19,16), (19,16), (19,15), (19,14), (-3,-3), (-3,-3), (-3,-3), (-3,-3), (-3,-3)]
Turtle 4 :[(-4,-4), (18,17), (17,17), (16,17), (16,16), (15,16), (15,15), (-4,-4), (-4,-4), (-4,-4)]
Turtle 5 :[(-5,-5), (2,18), (2,17), (2,16), (2,15), (2,14), (-5,-5), (-5,-5), (-5,-5), (-5,-5)]

Shrinking Run 33
#Info# Executed steps before collision: 6, Found collision: false
Turtle 1 :[(-1,-1), (13,18), (14,18), (14,17), (14,16), (14,15), (-1,-1)]
Turtle 2 :[(-2,-2), (14,15), (15,15), (14,15), (13,15), (13,14), (13,15)]
Turtle 3 :[(-3,-3), (19,16), (19,16), (19,15), (19,14), (-3,-3), (-3,-3)]
Turtle 4 :[(-4,-4), (18,17), (17,17), (16,17), (15,17), (15,16), (15,15)]
Turtle 5 :[(-5,-5), (2,18), (2,17), (2,16), (2,15), (2,14), (-5,-5)]

Shrinking Run 34
#Info# Executed steps before collision: 7, Found collision: false
Turtle 1 :[(-1,-1), (13,18), (14,18), (14,17), (14,17), (14,16), (14,16), (14,15)]
Turtle 2 :[(-2,-2), (14,15), (15,15), (14,15), (13,15), (14,15), (13,15), (-2,-2)]
Turtle 3 :[(-3,-3), (19,16), (19,16), (19,15), (19,14), (-3,-3), (-3,-3), (-3,-3)]
Turtle 4 :[(-4,-4), (18,17), (17,17), (16,17), (16,16), (16,15), (16,14), (-4,-4)]
Turtle 5 :[(-5,-5), (2,18), (2,17), (2,16), (2,15), (2,14), (-5,-5), (-5,-5)]

Shrinking Run 35
#Info# Executed steps before collision: 5, Found collision: true
Turtle 1 :[(-1,-1), (13,18), (14,18), (14,17), (14,16), (14,15), (-1,-1)]
Turtle 2 :[(-2,-2), (14,15), (15,15), (14,15), (13,15), (14,15), (13,15)]
Turtle 3 :[(-3,-3), (19,16), (19,16), (19,15), (19,14), (-3,-3), (-3,-3)]
Turtle 4 :[(-4,-4), (18,17), (17,17), (17,16), (17,15), (16,15), (16,14)]
Turtle 5 :[(-5,-5), (2,18), (2,17), (2,16), (2,15), (2,14), (-5,-5)]

Shrinking Run 36
#Info# Executed steps before collision: 5, Found collision: true
Turtle 1 :[(-1,-1), (13,18), (14,18), (14,17), (14,16), (14,15), (-1,-1)]
Turtle 2 :[(-2,-2), (14,15), (15,15), (14,15), (13,15), (14,15), (13,15)]
Turtle 3 :[(-3,-3), (19,16), (19,16), (19,15), (19,14), (-3,-3), (-3,-3)]
Turtle 4 :[(-4,-4), (18,17), (17,17), (17,16), (16,16), (16,15), (16,14)]
Turtle 5 :[(-5,-5), (2,18), (2,17), (2,16), (2,15), (2,14), (-5,-5)]

Shrinking Run 37
#Info# Executed steps before collision: 7, Found collision: false
Turtle 1 :[(-1,-1), (13,18), (14,18), (14,17), (14,17), (14,16), (14,16), (14,15)]
Turtle 2 :[(-2,-2), (14,15), (15,15), (14,15), (13,15), (14,15), (13,15), (-2,-2)]
Turtle 3 :[(-3,-3), (19,16), (19,16), (19,15), (19,14), (-3,-3), (-3,-3), (-3,-3)]
Turtle 4 :[(-4,-4), (18,17), (17,17), (17,16), (16,16), (16,15), (16,14), (-4,-4)]
Turtle 5 :[(-5,-5), (2,18), (2,17), (1,17), (1,16), (1,15), (1,14), (-5,-5)]

Shrinking Run 38
#Info# Executed steps before collision: 5, Found collision: true
Turtle 1 :[(-1,-1), (13,18), (14,18), (14,17), (14,16), (14,15), (-1,-1)]
Turtle 2 :[(-2,-2), (14,15), (15,15), (14,15), (13,15), (14,15), (13,15)]
Turtle 3 :[(-3,-3), (19,16), (19,16), (19,15), (19,14), (-3,-3), (-3,-3)]
Turtle 4 :[(-4,-4), (18,17), (17,17), (17,16), (16,16), (16,15), (16,14)]
Turtle 5 :[(-5,-5), (2,18), (2,17), (2,16), (2,15), (2,14), (1,14)]

Shrinking Run 39
#Info# Executed steps before collision: 7, Found collision: false
Turtle 1 :[(-1,-1), (13,18), (14,18), (14,17), (14,16), (14,15), (-1,-1), (-1,-1)]
Turtle 2 :[(-2,-2), (14,15), (15,15), (14,15), (13,15), (13,15), (14,15), (13,15)]
Turtle 3 :[(-3,-3), (19,16), (19,16), (19,15), (19,14), (-3,-3), (-3,-3), (-3,-3)]
Turtle 4 :[(-4,-4), (18,17), (17,17), (17,16), (16,16), (16,15), (16,14), (-4,-4)]
Turtle 5 :[(-5,-5), (2,18), (2,17), (2,16), (2,15), (2,14), (2,13), (-5,-5)]

Shrinking Run 40
#Info# Executed steps before collision: 5, Found collision: true
Turtle 1 :[(-1,-1), (13,18), (14,18), (14,17), (14,16), (14,15), (-1,-1)]
Turtle 2 :[(-2,-2), (14,15), (15,15), (14,15), (13,15), (14,15), (13,15)]
Turtle 3 :[(-3,-3), (19,16), (19,16), (19,15), (19,14), (-3,-3), (-3,-3)]
Turtle 4 :[(-4,-4), (18,17), (17,17), (17,16), (16,16), (16,15), (16,14)]
Turtle 5 :[(-5,-5), (2,18), (2,17), (2,16), (2,15), (1,15), (1,14)]

Shrinking Run 41
#Info# Executed steps before collision: 5, Found collision: true
Turtle 1 :[(-1,-1), (13,18), (14,18), (14,17), (14,16), (14,15), (-1,-1)]
Turtle 2 :[(-2,-2), (14,15), (15,15), (14,15), (13,15), (14,15), (13,15)]
Turtle 3 :[(-3,-3), (19,16), (19,16), (19,15), (19,14), (-3,-3), (-3,-3)]
Turtle 4 :[(-4,-4), (18,17), (17,17), (17,16), (16,16), (16,15), (16,14)]
Turtle 5 :[(-5,-5), (2,18), (1,18), (1,17), (1,16), (1,15), (1,14)]

Shrinking Run 42
#Info# Executed steps before collision: 4, Found collision: true
Turtle 1 :[(-1,-1), (13,18), (13,17), (13,16), (13,15), (-1,-1), (-1,-1)]
Turtle 2 :[(-2,-2), (14,15), (15,15), (14,15), (13,15), (-2,-2), (-2,-2)]
Turtle 3 :[(-3,-3), (19,16), (19,16), (19,15), (19,14), (-3,-3), (-3,-3)]
Turtle 4 :[(-4,-4), (18,17), (17,17), (17,16), (16,16), (16,15), (16,14)]
Turtle 5 :[(-5,-5), (2,18), (1,18), (1,17), (1,16), (1,15), (1,14)]

Shrinking Run 43
#Info# Executed steps before collision: 8, Found collision: false
Turtle 1 :[(-1,-1), (13,18), (13,17), (13,16), (12,16), (12,15), (12,14), (12,13), (13,13)]
Turtle 2 :[(-2,-2), (14,15), (15,15), (14,15), (13,15), (14,15), (13,15), (-2,-2), (-2,-2)]
Turtle 3 :[(-3,-3), (19,16), (19,16), (19,15), (19,14), (-3,-3), (-3,-3), (-3,-3), (-3,-3)]
Turtle 4 :[(-4,-4), (18,17), (17,17), (17,16), (16,16), (16,15), (16,14), (-4,-4), (-4,-4)]
Turtle 5 :[(-5,-5), (2,18), (1,18), (1,17), (1,16), (1,15), (1,14), (-5,-5), (-5,-5)]

Shrinking Run 44
#Info# Executed steps before collision: 6, Found collision: false
Turtle 1 :[(-1,-1), (13,18), (13,17), (13,16), (13,15), (13,14), (-1,-1)]
Turtle 2 :[(-2,-2), (14,15), (15,15), (14,15), (15,15), (14,15), (13,15)]
Turtle 3 :[(-3,-3), (19,16), (19,16), (19,15), (19,14), (-3,-3), (-3,-3)]
Turtle 4 :[(-4,-4), (18,17), (17,17), (17,16), (16,16), (16,15), (16,14)]
Turtle 5 :[(-5,-5), (2,18), (1,18), (1,17), (1,16), (1,15), (1,14)]

Shrinking Run 45
#Info# Executed steps before collision: 6, Found collision: false
Turtle 1 :[(-1,-1), (13,18), (13,17), (13,16), (13,15), (-1,-1), (-1,-1)]
Turtle 2 :[(-2,-2), (14,15), (13,15), (12,15), (11,15), (10,15), (9,15)]
Turtle 3 :[(-3,-3), (19,16), (19,16), (19,15), (19,14), (-3,-3), (-3,-3)]
Turtle 4 :[(-4,-4), (18,17), (17,17), (17,16), (16,16), (16,15), (16,14)]
Turtle 5 :[(-5,-5), (2,18), (1,18), (1,17), (1,16), (1,15), (1,14)]

Shrinking Run 46
#Info# Executed steps before collision: 6, Found collision: false
Turtle 1 :[(-1,-1), (13,18), (13,17), (13,16), (13,15), (-1,-1), (-1,-1)]
Turtle 2 :[(-2,-2), (14,15), (13,15), (12,15), (11,15), (11,16), (-2,-2)]
Turtle 3 :[(-3,-3), (19,16), (19,16), (19,15), (19,14), (-3,-3), (-3,-3)]
Turtle 4 :[(-4,-4), (18,17), (17,17), (17,16), (16,16), (16,15), (16,14)]
Turtle 5 :[(-5,-5), (2,18), (1,18), (1,17), (1,16), (1,15), (1,14)]

Shrinking Run 47
#Info# Executed steps before collision: 7, Found collision: false
Turtle 1 :[(-1,-1), (13,18), (13,17), (13,16), (13,15), (-1,-1), (-1,-1), (-1,-1)]
Turtle 2 :[(-2,-2), (14,15), (13,15), (13,14), (14,14), (14,15), (15,15), (15,16)]
Turtle 3 :[(-3,-3), (19,16), (19,16), (19,15), (19,14), (-3,-3), (-3,-3), (-3,-3)]
Turtle 4 :[(-4,-4), (18,17), (17,17), (17,16), (16,16), (16,15), (16,14), (-4,-4)]
Turtle 5 :[(-5,-5), (2,18), (1,18), (1,17), (1,16), (1,15), (1,14), (-5,-5)]

Shrinking Run 48
#Info# Executed steps before collision: 8, Found collision: false
Turtle 1 :[(-1,-1), (13,18), (13,17), (13,16), (14,16), (14,15), (13,15), (-1,-1), (-1,-1)]
Turtle 2 :[(-2,-2), (14,15), (13,15), (13,14), (14,14), (15,14), (16,14), (-2,-2), (-2,-2)]
Turtle 3 :[(-3,-3), (19,16), (19,16), (19,15), (19,14), (-3,-3), (-3,-3), (-3,-3), (-3,-3)]
Turtle 4 :[(-4,-4), (18,17), (17,17), (17,16), (16,16), (16,15), (16,16), (16,15), (16,14)]
Turtle 5 :[(-5,-5), (2,18), (1,18), (1,17), (1,16), (1,15), (1,14), (-5,-5), (-5,-5)]

Shrinking Run 49
#Info# Executed steps before collision: 7, Found collision: false
Turtle 1 :[(-1,-1), (13,18), (13,17), (13,16), (13,15), (-1,-1), (-1,-1), (-1,-1)]
Turtle 2 :[(-2,-2), (14,15), (13,15), (12,15), (12,15), (13,15), (12,15), (11,15)]
Turtle 3 :[(-3,-3), (19,16), (19,16), (19,15), (19,14), (-3,-3), (-3,-3), (-3,-3)]
Turtle 4 :[(-4,-4), (18,17), (17,17), (17,16), (16,16), (16,15), (16,14), (-4,-4)]
Turtle 5 :[(-5,-5), (2,18), (1,18), (1,17), (1,16), (1,15), (1,14), (-5,-5)]

Shrinking Run 50
#Info# Executed steps before collision: 6, Found collision: false
Turtle 1 :[(-1,-1), (13,18), (13,17), (13,16), (13,17), (13,16), (13,15)]
Turtle 2 :[(-2,-2), (14,15), (13,15), (12,15), (13,15), (12,15), (-2,-2)]
Turtle 3 :[(-3,-3), (19,16), (19,16), (19,15), (19,14), (-3,-3), (-3,-3)]
Turtle 4 :[(-4,-4), (18,17), (17,17), (17,16), (16,16), (16,15), (16,14)]
Turtle 5 :[(-5,-5), (2,18), (1,18), (1,17), (1,16), (1,15), (1,14)]

Shrinking Run 51
#Info# Executed steps before collision: 6, Found collision: false
Turtle 1 :[(-1,-1), (13,18), (13,17), (13,16), (13,15), (-1,-1), (-1,-1)]
Turtle 2 :[(-2,-2), (14,15), (13,15), (13,14), (13,13), (13,12), (13,11)]
Turtle 3 :[(-3,-3), (19,16), (19,16), (19,15), (19,14), (-3,-3), (-3,-3)]
Turtle 4 :[(-4,-4), (18,17), (17,17), (17,16), (16,16), (16,15), (16,14)]
Turtle 5 :[(-5,-5), (2,18), (1,18), (1,17), (1,16), (1,15), (1,14)]

Shrinking Run 52
#Info# Executed steps before collision: 6, Found collision: false
Turtle 1 :[(-1,-1), (13,18), (13,17), (13,16), (13,15), (-1,-1), (-1,-1)]
Turtle 2 :[(-2,-2), (14,15), (13,15), (13,14), (14,14), (13,14), (-2,-2)]
Turtle 3 :[(-3,-3), (19,16), (19,16), (19,15), (19,14), (-3,-3), (-3,-3)]
Turtle 4 :[(-4,-4), (18,17), (17,17), (17,16), (16,16), (16,15), (16,14)]
Turtle 5 :[(-5,-5), (2,18), (1,18), (1,17), (1,16), (1,15), (1,14)]

Shrinking Run 53
#Info# Executed steps before collision: 6, Found collision: false
Turtle 1 :[(-1,-1), (13,18), (13,17), (13,16), (13,15), (-1,-1), (-1,-1)]
Turtle 2 :[(-2,-2), (14,15), (13,15), (-2,-2), (-2,-2), (-2,-2), (-2,-2)]
Turtle 3 :[(-3,-3), (19,16), (19,16), (19,15), (19,14), (-3,-3), (-3,-3)]
Turtle 4 :[(-4,-4), (18,17), (17,17), (17,16), (16,16), (16,15), (16,14)]
Turtle 5 :[(-5,-5), (2,18), (1,18), (1,17), (1,16), (1,15), (1,14)]

Shrinking Run 54
#Info# Executed steps before collision: 4, Found collision: true
Turtle 1 :[(-1,-1), (13,18), (13,17), (13,16), (13,15), (-1,-1), (-1,-1)]
Turtle 2 :[(-2,-2), (14,15), (13,15), (14,15), (13,15), (-2,-2), (-2,-2)]
Turtle 3 :[(-3,-3), (19,16), (19,16), (19,15), (19,14), (-3,-3), (-3,-3)]
Turtle 4 :[(-4,-4), (18,17), (17,17), (17,16), (16,16), (16,15), (16,14)]
Turtle 5 :[(-5,-5), (2,18), (1,18), (1,17), (1,16), (1,15), (1,14)]

Shrinking Run 55
#Info# Executed steps before collision: 4, Found collision: true
Turtle 1 :[(-1,-1), (13,18), (13,17), (13,16), (13,15), (-1,-1), (-1,-1)]
Turtle 2 :[(-2,-2), (14,15), (15,15), (14,15), (13,15), (-2,-2), (-2,-2)]
Turtle 3 :[(-3,-3), (19,16), (19,16), (19,15), (19,14), (-3,-3), (-3,-3)]
Turtle 4 :[(-4,-4), (18,17), (17,17), (17,16), (16,16), (16,15), (16,14)]
Turtle 5 :[(-5,-5), (2,18), (1,18), (1,17), (1,16), (1,15), (1,14)]

Shrinking Run 56
#Info# Executed steps before collision: 8, Found collision: false
Turtle 1 :[(-1,-1), (13,18), (13,17), (13,16), (12,16), (12,15), (13,15), (-1,-1), (-1,-1)]
Turtle 2 :[(-2,-2), (14,15), (15,15), (14,15), (13,15), (-2,-2), (-2,-2), (-2,-2), (-2,-2)]
Turtle 3 :[(-3,-3), (19,16), (18,16), (17,16), (17,15), (17,14), (16,14), (-3,-3), (-3,-3)]
Turtle 4 :[(-4,-4), (18,17), (17,17), (17,18), (17,17), (16,17), (16,16), (16,15), (16,14)]
Turtle 5 :[(-5,-5), (2,18), (1,18), (1,17), (1,16), (1,15), (1,14), (-5,-5), (-5,-5)]

Shrinking Run 57
#Info# Executed steps before collision: 6, Found collision: false
Turtle 1 :[(-1,-1), (13,18), (13,17), (13,16), (13,15), (-1,-1), (-1,-1)]
Turtle 2 :[(-2,-2), (14,15), (15,15), (14,15), (14,15), (13,15), (-2,-2)]
Turtle 3 :[(-3,-3), (19,16), (19,15), (18,15), (18,14), (-3,-3), (-3,-3)]
Turtle 4 :[(-4,-4), (18,17), (17,17), (17,16), (16,16), (16,15), (16,14)]
Turtle 5 :[(-5,-5), (2,18), (1,18), (1,17), (1,16), (1,15), (1,14)]

Shrinking Run 58
#Info# Executed steps before collision: 6, Found collision: false
Turtle 1 :[(-1,-1), (13,18), (13,17), (13,16), (13,15), (-1,-1), (-1,-1)]
Turtle 2 :[(-2,-2), (14,15), (15,15), (14,15), (14,14), (14,15), (13,15)]
Turtle 3 :[(-3,-3), (19,16), (19,15), (19,14), (-3,-3), (-3,-3), (-3,-3)]
Turtle 4 :[(-4,-4), (18,17), (17,17), (17,16), (16,16), (16,15), (16,14)]
Turtle 5 :[(-5,-5), (2,18), (1,18), (1,17), (1,16), (1,15), (1,14)]

Shrinking Run 59
#Info# Executed steps before collision: 8, Found collision: false
Turtle 1 :[(-1,-1), (13,18), (13,17), (13,16), (13,15), (-1,-1), (-1,-1), (-1,-1), (-1,-1)]
Turtle 2 :[(-2,-2), (14,15), (15,15), (14,15), (14,14), (14,13), (14,14), (14,15), (13,15)]
Turtle 3 :[(-3,-3), (19,16), (19,15), (19,15), (19,14), (19,13), (19,12), (-3,-3), (-3,-3)]
Turtle 4 :[(-4,-4), (18,17), (17,17), (17,16), (16,16), (16,15), (16,14), (-4,-4), (-4,-4)]
Turtle 5 :[(-5,-5), (2,18), (1,18), (1,17), (1,16), (1,15), (1,14), (-5,-5), (-5,-5)]

Shrinking Run 60
#Info# Executed steps before collision: 6, Found collision: false
Turtle 1 :[(-1,-1), (13,18), (13,17), (13,16), (13,15), (-1,-1), (-1,-1)]
Turtle 2 :[(-2,-2), (14,15), (15,15), (14,15), (14,16), (14,15), (13,15)]
Turtle 3 :[(-3,-3), (19,16), (19,15), (19,15), (19,14), (19,13), (-3,-3)]
Turtle 4 :[(-4,-4), (18,17), (17,17), (17,16), (16,16), (16,15), (16,14)]
Turtle 5 :[(-5,-5), (2,18), (1,18), (1,17), (1,16), (1,15), (1,14)]

Shrinking Run 61
#Info# Executed steps before collision: 6, Found collision: false
Turtle 1 :[(-1,-1), (13,18), (13,17), (13,16), (13,17), (13,16), (13,15)]
Turtle 2 :[(-2,-2), (14,15), (15,15), (14,15), (13,15), (-2,-2), (-2,-2)]
Turtle 3 :[(-3,-3), (19,16), (19,16), (19,15), (19,14), (-3,-3), (-3,-3)]
Turtle 4 :[(-4,-4), (18,17), (17,17), (16,17), (16,16), (16,15), (15,15)]
Turtle 5 :[(-5,-5), (2,18), (1,18), (1,17), (1,16), (1,15), (1,14)]

Shrinking Run 62
#Info# Executed steps before collision: 6, Found collision: false
Turtle 1 :[(-1,-1), (13,18), (13,17), (13,16), (13,15), (-1,-1), (-1,-1)]
Turtle 2 :[(-2,-2), (14,15), (15,15), (14,15), (14,16), (13,16), (13,15)]
Turtle 3 :[(-3,-3), (19,16), (19,16), (19,15), (19,14), (-3,-3), (-3,-3)]
Turtle 4 :[(-4,-4), (18,17), (17,17), (16,17), (16,16), (15,16), (15,15)]
Turtle 5 :[(-5,-5), (2,18), (1,18), (1,17), (1,16), (1,15), (1,14)]

Shrinking Run 63
#Info# Executed steps before collision: 6, Found collision: false
Turtle 1 :[(-1,-1), (13,18), (13,17), (13,16), (13,15), (-1,-1), (-1,-1)]
Turtle 2 :[(-2,-2), (14,15), (15,15), (14,15), (14,15), (13,15), (-2,-2)]
Turtle 3 :[(-3,-3), (19,16), (19,16), (19,15), (19,14), (-3,-3), (-3,-3)]
Turtle 4 :[(-4,-4), (18,17), (17,17), (16,17), (15,17), (15,16), (15,15)]
Turtle 5 :[(-5,-5), (2,18), (1,18), (1,17), (1,16), (1,15), (1,14)]

Shrinking Run 64
#Info# Executed steps before collision: 6, Found collision: false
Turtle 1 :[(-1,-1), (13,18), (13,17), (13,16), (13,15), (-1,-1), (-1,-1)]
Turtle 2 :[(-2,-2), (14,15), (15,15), (14,15), (14,14), (14,15), (13,15)]
Turtle 3 :[(-3,-3), (19,16), (19,16), (19,15), (19,14), (-3,-3), (-3,-3)]
Turtle 4 :[(-4,-4), (18,17), (18,16), (17,16), (17,15), (16,15), (16,14)]
Turtle 5 :[(-5,-5), (2,18), (1,18), (1,17), (1,16), (1,15), (1,14)]

Shrinking Run 65
#Info# Executed steps before collision: 6, Found collision: false
Turtle 1 :[(-1,-1), (13,18), (13,17), (13,16), (14,16), (13,16), (13,15)]
Turtle 2 :[(-2,-2), (14,15), (15,15), (14,15), (13,15), (-2,-2), (-2,-2)]
Turtle 3 :[(-3,-3), (19,16), (19,16), (19,15), (19,14), (-3,-3), (-3,-3)]
Turtle 4 :[(-4,-4), (18,17), (17,17), (17,16), (16,16), (16,15), (16,14)]
Turtle 5 :[(-5,-5), (2,18), (2,17), (1,17), (1,16), (1,15), (1,14)]

Shrinking Run 66
#Info# Executed steps before collision: 6, Found collision: false
Turtle 1 :[(-1,-1), (13,18), (13,17), (13,16), (14,16), (14,15), (13,15)]
Turtle 2 :[(-2,-2), (14,15), (15,15), (14,15), (13,15), (-2,-2), (-2,-2)]
Turtle 3 :[(-3,-3), (19,16), (19,16), (19,15), (19,14), (-3,-3), (-3,-3)]
Turtle 4 :[(-4,-4), (18,17), (17,17), (17,16), (16,16), (16,15), (16,14)]
Turtle 5 :[(-5,-5), (2,18), (2,17), (2,16), (2,15), (2,14), (2,13)]

Shrinking Run 67
#Info# Executed steps before collision: 5, Found collision: true
Turtle 1 :[(-1,-1), (13,18), (13,17), (13,16), (13,15), (13,14), (13,13)]
Turtle 2 :[(-2,-2), (14,15), (15,15), (14,15), (14,14), (13,14), (13,15)]
Turtle 3 :[(-3,-3), (19,16), (19,16), (19,15), (19,14), (-3,-3), (-3,-3)]
Turtle 4 :[(-4,-4), (18,17), (17,17), (17,16), (16,16), (16,15), (16,14)]
Turtle 5 :[(-5,-5), (2,18), (1,18), (1,17), (1,16), (1,15), (1,14)]

Shrinking Run 68
#Info# Executed steps before collision: 7, Found collision: false
Turtle 1 :[(-1,-1), (13,18), (13,17), (13,16), (13,16), (13,15), (13,14), (13,13)]
Turtle 2 :[(-2,-2), (14,15), (13,15), (12,15), (11,15), (10,15), (9,15), (-2,-2)]
Turtle 3 :[(-3,-3), (19,16), (19,16), (19,15), (19,14), (-3,-3), (-3,-3), (-3,-3)]
Turtle 4 :[(-4,-4), (18,17), (17,17), (17,16), (16,16), (16,15), (16,14), (-4,-4)]
Turtle 5 :[(-5,-5), (2,18), (1,18), (1,17), (1,16), (1,15), (1,14), (-5,-5)]

Shrinking Run 69
#Info# Executed steps before collision: 6, Found collision: false
Turtle 1 :[(-1,-1), (13,18), (13,17), (13,16), (13,15), (13,14), (13,13)]
Turtle 2 :[(-2,-2), (14,15), (13,15), (12,15), (11,15), (11,16), (-2,-2)]
Turtle 3 :[(-3,-3), (19,16), (19,16), (19,15), (19,14), (-3,-3), (-3,-3)]
Turtle 4 :[(-4,-4), (18,17), (17,17), (17,16), (16,16), (16,15), (16,14)]
Turtle 5 :[(-5,-5), (2,18), (1,18), (1,17), (1,16), (1,15), (1,14)]

Shrinking Run 70
#Info# Executed steps before collision: 8, Found collision: false
Turtle 1 :[(-1,-1), (13,18), (13,17), (13,16), (13,15), (14,15), (13,15), (13,14), (13,13)]
Turtle 2 :[(-2,-2), (14,15), (13,15), (13,15), (13,14), (14,14), (15,14), (15,15), (15,16)]
Turtle 3 :[(-3,-3), (19,16), (19,16), (19,15), (19,14), (-3,-3), (-3,-3), (-3,-3), (-3,-3)]
Turtle 4 :[(-4,-4), (18,17), (17,17), (17,16), (16,16), (16,15), (16,14), (-4,-4), (-4,-4)]
Turtle 5 :[(-5,-5), (2,18), (1,18), (1,17), (1,16), (1,15), (1,14), (-5,-5), (-5,-5)]

Shrinking Run 71
#Info# Executed steps before collision: 8, Found collision: false
Turtle 1 :[(-1,-1), (13,18), (13,17), (13,16), (13,15), (13,14), (13,13), (-1,-1), (-1,-1)]
Turtle 2 :[(-2,-2), (14,15), (13,15), (13,14), (14,14), (15,14), (16,14), (-2,-2), (-2,-2)]
Turtle 3 :[(-3,-3), (19,16), (19,16), (19,15), (19,14), (-3,-3), (-3,-3), (-3,-3), (-3,-3)]
Turtle 4 :[(-4,-4), (18,17), (17,17), (17,16), (16,16), (16,15), (17,15), (16,15), (16,14)]
Turtle 5 :[(-5,-5), (2,18), (1,18), (1,17), (1,16), (1,15), (1,14), (-5,-5), (-5,-5)]

Shrinking Run 72
#Info# Executed steps before collision: 6, Found collision: false
Turtle 1 :[(-1,-1), (13,18), (13,17), (13,16), (13,15), (13,14), (13,13)]
Turtle 2 :[(-2,-2), (14,15), (13,15), (12,15), (11,15), (-2,-2), (-2,-2)]
Turtle 3 :[(-3,-3), (19,16), (19,16), (19,15), (19,14), (-3,-3), (-3,-3)]
Turtle 4 :[(-4,-4), (18,17), (17,17), (17,16), (16,16), (16,15), (16,14)]
Turtle 5 :[(-5,-5), (2,18), (1,18), (1,17), (1,16), (1,15), (1,14)]

Shrinking Run 73
#Info# Executed steps before collision: 6, Found collision: false
Turtle 1 :[(-1,-1), (13,18), (13,17), (13,16), (13,15), (13,14), (13,13)]
Turtle 2 :[(-2,-2), (14,15), (13,15), (12,15), (12,16), (12,15), (-2,-2)]
Turtle 3 :[(-3,-3), (19,16), (19,16), (19,15), (19,14), (-3,-3), (-3,-3)]
Turtle 4 :[(-4,-4), (18,17), (17,17), (17,16), (16,16), (16,15), (16,14)]
Turtle 5 :[(-5,-5), (2,18), (1,18), (1,17), (1,16), (1,15), (1,14)]

Shrinking Run 74
#Info# Executed steps before collision: 7, Found collision: false
Turtle 1 :[(-1,-1), (13,18), (13,17), (13,16), (13,16), (13,15), (13,14), (13,13)]
Turtle 2 :[(-2,-2), (14,15), (13,15), (13,14), (13,13), (13,12), (13,11), (-2,-2)]
Turtle 3 :[(-3,-3), (19,16), (19,16), (19,15), (19,14), (-3,-3), (-3,-3), (-3,-3)]
Turtle 4 :[(-4,-4), (18,17), (17,17), (17,16), (16,16), (16,15), (16,14), (-4,-4)]
Turtle 5 :[(-5,-5), (2,18), (1,18), (1,17), (1,16), (1,15), (1,14), (-5,-5)]

Shrinking Run 75
#Info# Executed steps before collision: 6, Found collision: false
Turtle 1 :[(-1,-1), (13,18), (13,17), (13,16), (13,15), (13,14), (13,13)]
Turtle 2 :[(-2,-2), (14,15), (14,14), (14,13), (13,13), (13,12), (-2,-2)]
Turtle 3 :[(-3,-3), (19,16), (19,16), (19,15), (19,14), (-3,-3), (-3,-3)]
Turtle 4 :[(-4,-4), (18,17), (17,17), (17,16), (16,16), (16,15), (16,14)]
Turtle 5 :[(-5,-5), (2,18), (1,18), (1,17), (1,16), (1,15), (1,14)]

Shrinking Run 76
#Info# Executed steps before collision: 5, Found collision: true
Turtle 1 :[(-1,-1), (13,18), (13,17), (13,16), (13,15), (13,14), (13,13)]
Turtle 2 :[(-2,-2), (14,15), (13,15), (13,14), (14,14), (13,14), (-2,-2)]
Turtle 3 :[(-3,-3), (19,16), (19,16), (19,15), (19,14), (-3,-3), (-3,-3)]
Turtle 4 :[(-4,-4), (18,17), (17,17), (17,16), (16,16), (16,15), (16,14)]
Turtle 5 :[(-5,-5), (2,18), (1,18), (1,17), (1,16), (1,15), (1,14)]

Shrinking Run 77
#Info# Executed steps before collision: 5, Found collision: true
Turtle 1 :[(-1,-1), (13,18), (13,17), (13,16), (13,15), (13,14), (13,13), (-1,-1), (-1,-1)]
Turtle 2 :[(-2,-2), (14,15), (13,15), (13,14), (14,14), (13,14), (13,14), (13,14), (13,13)]
Turtle 3 :[(-3,-3), (19,16), (19,16), (19,15), (19,14), (-3,-3), (-3,-3), (-3,-3), (-3,-3)]
Turtle 4 :[(-4,-4), (18,17), (17,17), (17,16), (16,16), (16,15), (16,14), (-4,-4), (-4,-4)]
Turtle 5 :[(-5,-5), (2,18), (1,18), (1,17), (1,16), (1,15), (1,14), (-5,-5), (-5,-5)]

Shrinking Run 78
#Info# Executed steps before collision: 6, Found collision: false
Turtle 1 :[(-1,-1), (13,18), (13,17), (13,16), (13,15), (13,14), (13,13)]
Turtle 2 :[(-2,-2), (14,15), (13,15), (12,15), (11,15), (10,15), (10,14)]
Turtle 3 :[(-3,-3), (19,16), (19,16), (19,15), (19,14), (-3,-3), (-3,-3)]
Turtle 4 :[(-4,-4), (18,17), (17,17), (17,16), (16,16), (16,15), (16,14)]
Turtle 5 :[(-5,-5), (2,18), (1,18), (1,17), (1,16), (1,15), (1,14)]

Shrinking Run 79
#Info# Executed steps before collision: 6, Found collision: false
Turtle 1 :[(-1,-1), (13,18), (13,17), (13,16), (13,15), (13,14), (13,13)]
Turtle 2 :[(-2,-2), (14,15), (13,15), (13,14), (12,14), (11,14), (11,13)]
Turtle 3 :[(-3,-3), (19,16), (19,16), (19,15), (19,14), (-3,-3), (-3,-3)]
Turtle 4 :[(-4,-4), (18,17), (17,17), (17,16), (16,16), (16,15), (16,14)]
Turtle 5 :[(-5,-5), (2,18), (1,18), (1,17), (1,16), (1,15), (1,14)]

Shrinking Run 80
#Info# Executed steps before collision: 6, Found collision: false
Turtle 1 :[(-1,-1), (13,18), (13,17), (13,16), (13,15), (13,14), (13,13)]
Turtle 2 :[(-2,-2), (14,15), (13,15), (13,14), (12,14), (12,13), (-2,-2)]
Turtle 3 :[(-3,-3), (19,16), (19,16), (19,15), (19,14), (-3,-3), (-3,-3)]
Turtle 4 :[(-4,-4), (18,17), (17,17), (17,16), (16,16), (16,15), (16,14)]
Turtle 5 :[(-5,-5), (2,18), (1,18), (1,17), (1,16), (1,15), (1,14)]

Shrinking Run 81
#Info# Executed steps before collision: 8, Found collision: false
Turtle 1 :[(-1,-1), (13,18), (13,17), (13,16), (13,15), (13,14), (13,13), (-1,-1), (-1,-1)]
Turtle 2 :[(-2,-2), (14,15), (13,15), (12,15), (12,16), (12,15), (13,15), (13,14), (13,13)]
Turtle 3 :[(-3,-3), (19,16), (19,16), (19,15), (19,14), (-3,-3), (-3,-3), (-3,-3), (-3,-3)]
Turtle 4 :[(-4,-4), (18,17), (17,17), (17,16), (16,16), (16,15), (16,14), (-4,-4), (-4,-4)]
Turtle 5 :[(-5,-5), (2,18), (1,18), (1,17), (1,16), (1,15), (1,14), (-5,-5), (-5,-5)]

Shrinking Run 82
#Info# Executed steps before collision: 8, Found collision: false
Turtle 1 :[(-1,-1), (13,18), (13,17), (13,16), (14,16), (14,15), (14,14), (14,13), (13,13)]
Turtle 2 :[(-2,-2), (14,15), (13,15), (13,14), (13,13), (-2,-2), (-2,-2), (-2,-2), (-2,-2)]
Turtle 3 :[(-3,-3), (19,16), (19,16), (19,15), (19,14), (-3,-3), (-3,-3), (-3,-3), (-3,-3)]
Turtle 4 :[(-4,-4), (18,17), (17,17), (17,16), (16,16), (16,15), (16,14), (-4,-4), (-4,-4)]
Turtle 5 :[(-5,-5), (2,18), (1,18), (1,17), (1,16), (1,15), (1,14), (-5,-5), (-5,-5)]

Shrinking Run 83
#Info# Executed steps before collision: 8, Found collision: false
Turtle 1 :[(-1,-1), (13,18), (13,17), (13,16), (13,15), (13,14), (13,13), (-1,-1), (-1,-1)]
Turtle 2 :[(-2,-2), (14,15), (14,14), (13,14), (12,14), (12,15), (12,14), (13,14), (13,13)]
Turtle 3 :[(-3,-3), (19,16), (19,16), (19,15), (19,14), (-3,-3), (-3,-3), (-3,-3), (-3,-3)]
Turtle 4 :[(-4,-4), (18,17), (17,17), (17,16), (16,16), (16,15), (16,14), (-4,-4), (-4,-4)]
Turtle 5 :[(-5,-5), (2,18), (1,18), (1,17), (1,16), (1,15), (1,14), (-5,-5), (-5,-5)]

Shrinking Run 84
#Info# Executed steps before collision: 5, Found collision: true
Turtle 1 :[(-1,-1), (13,18), (13,17), (13,16), (13,15), (13,14), (13,13), (-1,-1), (-1,-1)]
Turtle 2 :[(-2,-2), (14,15), (15,15), (15,14), (14,14), (13,14), (12,14), (13,14), (13,13)]
Turtle 3 :[(-3,-3), (19,16), (19,16), (19,15), (19,14), (-3,-3), (-3,-3), (-3,-3), (-3,-3)]
Turtle 4 :[(-4,-4), (18,17), (17,17), (17,16), (16,16), (16,15), (16,14), (-4,-4), (-4,-4)]
Turtle 5 :[(-5,-5), (2,18), (1,18), (1,17), (1,16), (1,15), (1,14), (-5,-5), (-5,-5)]

Shrinking Run 85
#Info# Executed steps before collision: 5, Found collision: true
Turtle 1 :[(-1,-1), (13,18), (13,17), (13,16), (13,15), (13,14), (13,13), (-1,-1), (-1,-1)]
Turtle 2 :[(-2,-2), (14,15), (13,15), (13,14), (12,14), (13,14), (12,14), (13,14), (13,13)]
Turtle 3 :[(-3,-3), (19,16), (19,16), (19,15), (19,14), (-3,-3), (-3,-3), (-3,-3), (-3,-3)]
Turtle 4 :[(-4,-4), (18,17), (17,17), (17,16), (16,16), (16,15), (16,14), (-4,-4), (-4,-4)]
Turtle 5 :[(-5,-5), (2,18), (1,18), (1,17), (1,16), (1,15), (1,14), (-5,-5), (-5,-5)]

Shrinking Run 86
#Info# Executed steps before collision: 10, Found collision: false
Turtle 1 :[(-1,-1), (13,18), (13,17), (13,16), (14,16), (14,15), (14,14), (14,15), (13,15), (13,14), (13,13)]
Turtle 2 :[(-2,-2), (14,15), (13,15), (13,14), (14,14), (13,14), (13,13), (-2,-2), (-2,-2), (-2,-2), (-2,-2)]
Turtle 3 :[(-3,-3), (19,16), (18,16), (17,16), (17,15), (17,14), (16,14), (-3,-3), (-3,-3), (-3,-3), (-3,-3)]
Turtle 4 :[(-4,-4), (18,17), (17,17), (18,17), (18,16), (18,15), (17,15), (16,15), (16,14), (-4,-4), (-4,-4)]
Turtle 5 :[(-5,-5), (2,18), (1,18), (1,17), (1,16), (1,15), (1,14), (-5,-5), (-5,-5), (-5,-5), (-5,-5)]

Shrinking Run 87
#Info# Executed steps before collision: 5, Found collision: true
Turtle 1 :[(-1,-1), (13,18), (13,17), (13,16), (13,15), (13,14), (13,13), (-1,-1), (-1,-1)]
Turtle 2 :[(-2,-2), (14,15), (13,15), (13,14), (14,14), (13,14), (12,14), (13,14), (13,13)]
Turtle 3 :[(-3,-3), (19,16), (19,15), (18,15), (18,14), (-3,-3), (-3,-3), (-3,-3), (-3,-3)]
Turtle 4 :[(-4,-4), (18,17), (17,17), (17,16), (16,16), (16,15), (16,14), (-4,-4), (-4,-4)]
Turtle 5 :[(-5,-5), (2,18), (1,18), (1,17), (1,16), (1,15), (1,14), (-5,-5), (-5,-5)]

Shrinking Run 88
#Info# Executed steps before collision: 5, Found collision: true
Turtle 1 :[(-1,-1), (13,18), (13,17), (13,16), (13,15), (13,14), (13,13), (-1,-1), (-1,-1)]
Turtle 2 :[(-2,-2), (14,15), (13,15), (13,14), (14,14), (13,14), (12,14), (13,14), (13,13)]
Turtle 3 :[(-3,-3), (19,16), (19,15), (18,15), (17,15), (17,14), (-3,-3), (-3,-3), (-3,-3)]
Turtle 4 :[(-4,-4), (18,17), (17,17), (17,16), (16,16), (17,16), (17,15), (16,15), (16,14)]
Turtle 5 :[(-5,-5), (2,18), (1,18), (1,17), (1,16), (1,15), (1,14), (-5,-5), (-5,-5)]

Shrinking Run 89
#Info# Executed steps before collision: 8, Found collision: false
Turtle 1 :[(-1,-1), (13,18), (13,17), (13,16), (13,17), (13,16), (13,15), (13,14), (13,13)]
Turtle 2 :[(-2,-2), (14,15), (13,15), (13,14), (14,14), (13,14), (13,13), (-2,-2), (-2,-2)]
Turtle 3 :[(-3,-3), (19,16), (19,15), (18,15), (18,14), (18,13), (17,13), (-3,-3), (-3,-3)]
Turtle 4 :[(-4,-4), (18,17), (17,17), (17,16), (16,16), (16,15), (16,14), (-4,-4), (-4,-4)]
Turtle 5 :[(-5,-5), (2,18), (1,18), (1,17), (1,16), (1,15), (1,14), (-5,-5), (-5,-5)]

Shrinking Run 90
#Info# Executed steps before collision: 9, Found collision: false
Turtle 1 :[(-1,-1), (13,18), (13,17), (13,16), (13,15), (13,14), (13,13), (-1,-1), (-1,-1), (-1,-1)]
Turtle 2 :[(-2,-2), (14,15), (13,15), (13,14), (14,14), (14,13), (15,13), (14,13), (13,13), (-2,-2)]
Turtle 3 :[(-3,-3), (19,16), (18,16), (17,16), (17,15), (17,14), (-3,-3), (-3,-3), (-3,-3), (-3,-3)]
Turtle 4 :[(-4,-4), (18,17), (17,17), (17,17), (18,17), (18,16), (18,15), (17,15), (17,14), (16,14)]
Turtle 5 :[(-5,-5), (2,18), (1,18), (1,17), (1,16), (1,15), (1,14), (-5,-5), (-5,-5), (-5,-5)]

Shrinking Run 91
#Info# Executed steps before collision: 10, Found collision: false
Turtle 1 :[(-1,-1), (13,18), (13,17), (13,16), (14,16), (14,15), (14,14), (14,15), (14,14), (13,14), (13,13)]
Turtle 2 :[(-2,-2), (14,15), (13,15), (13,14), (14,14), (13,14), (13,13), (-2,-2), (-2,-2), (-2,-2), (-2,-2)]
Turtle 3 :[(-3,-3), (19,16), (18,16), (18,15), (17,15), (17,14), (-3,-3), (-3,-3), (-3,-3), (-3,-3), (-3,-3)]
Turtle 4 :[(-4,-4), (18,17), (17,17), (17,16), (16,16), (16,15), (16,14), (-4,-4), (-4,-4), (-4,-4), (-4,-4)]
Turtle 5 :[(-5,-5), (2,18), (1,18), (1,17), (1,16), (1,15), (1,14), (-5,-5), (-5,-5), (-5,-5), (-5,-5)]

Shrinking Run 92
#Info# Executed steps before collision: 5, Found collision: true
Turtle 1 :[(-1,-1), (13,18), (13,17), (13,16), (13,15), (13,14), (13,13), (-1,-1), (-1,-1)]
Turtle 2 :[(-2,-2), (14,15), (13,15), (13,14), (14,14), (13,14), (13,15), (13,14), (13,13)]
Turtle 3 :[(-3,-3), (19,16), (19,15), (18,15), (17,15), (17,14), (-3,-3), (-3,-3), (-3,-3)]
Turtle 4 :[(-4,-4), (18,17), (17,17), (16,17), (16,16), (16,15), (15,15), (-4,-4), (-4,-4)]
Turtle 5 :[(-5,-5), (2,18), (1,18), (1,17), (1,16), (1,15), (1,14), (-5,-5), (-5,-5)]

Shrinking Run 93
#Info# Executed steps before collision: 8, Found collision: false
Turtle 1 :[(-1,-1), (13,18), (13,17), (13,16), (13,15), (13,14), (13,13), (-1,-1), (-1,-1)]
Turtle 2 :[(-2,-2), (14,15), (13,15), (13,14), (14,14), (14,14), (14,14), (13,14), (13,13)]
Turtle 3 :[(-3,-3), (19,16), (19,15), (18,15), (17,15), (17,14), (-3,-3), (-3,-3), (-3,-3)]
Turtle 4 :[(-4,-4), (18,17), (17,17), (16,17), (16,16), (15,16), (14,16), (-4,-4), (-4,-4)]
Turtle 5 :[(-5,-5), (2,18), (1,18), (1,17), (1,16), (1,15), (1,14), (-5,-5), (-5,-5)]

Shrinking Run 94
#Info# Executed steps before collision: 5, Found collision: true
Turtle 1 :[(-1,-1), (13,18), (13,17), (13,16), (13,15), (13,14), (13,13), (-1,-1), (-1,-1)]
Turtle 2 :[(-2,-2), (14,15), (13,15), (13,14), (14,14), (13,14), (14,14), (13,14), (13,13)]
Turtle 3 :[(-3,-3), (19,16), (19,15), (18,15), (17,15), (17,14), (-3,-3), (-3,-3), (-3,-3)]
Turtle 4 :[(-4,-4), (18,17), (17,17), (16,17), (15,17), (15,16), (14,16), (-4,-4), (-4,-4)]
Turtle 5 :[(-5,-5), (2,18), (1,18), (1,17), (1,16), (1,15), (1,14), (-5,-5), (-5,-5)]

Shrinking Run 95
#Info# Executed steps before collision: 5, Found collision: true
Turtle 1 :[(-1,-1), (13,18), (13,17), (13,16), (13,15), (13,14), (13,13), (-1,-1), (-1,-1)]
Turtle 2 :[(-2,-2), (14,15), (13,15), (13,14), (14,14), (13,14), (13,14), (13,14), (13,13)]
Turtle 3 :[(-3,-3), (19,16), (19,15), (18,15), (17,15), (17,14), (-3,-3), (-3,-3), (-3,-3)]
Turtle 4 :[(-4,-4), (18,17), (18,16), (17,16), (16,16), (15,16), (14,16), (-4,-4), (-4,-4)]
Turtle 5 :[(-5,-5), (2,18), (1,18), (1,17), (1,16), (1,15), (1,14), (-5,-5), (-5,-5)]

Shrinking Run 96
#Info# Executed steps before collision: 5, Found collision: true
Turtle 1 :[(-1,-1), (13,18), (13,17), (13,16), (13,15), (13,14), (13,13), (-1,-1), (-1,-1)]
Turtle 2 :[(-2,-2), (14,15), (13,15), (13,14), (14,14), (13,14), (12,14), (12,13), (13,13)]
Turtle 3 :[(-3,-3), (19,16), (19,15), (18,15), (17,15), (17,14), (-3,-3), (-3,-3), (-3,-3)]
Turtle 4 :[(-4,-4), (18,17), (18,16), (17,16), (16,16), (15,16), (14,16), (-4,-4), (-4,-4)]
Turtle 5 :[(-5,-5), (2,18), (2,17), (1,17), (1,16), (1,15), (1,14), (-5,-5), (-5,-5)]

Shrinking Run 97
#Info# Executed steps before collision: 5, Found collision: true
Turtle 1 :[(-1,-1), (13,18), (13,17), (13,16), (13,15), (13,14), (13,13), (-1,-1), (-1,-1)]
Turtle 2 :[(-2,-2), (14,15), (13,15), (13,14), (14,14), (13,14), (13,15), (13,14), (13,13)]
Turtle 3 :[(-3,-3), (19,16), (19,15), (18,15), (17,15), (17,14), (-3,-3), (-3,-3), (-3,-3)]
Turtle 4 :[(-4,-4), (18,17), (18,16), (17,16), (16,16), (15,16), (14,16), (-4,-4), (-4,-4)]
Turtle 5 :[(-5,-5), (2,18), (2,17), (2,16), (2,15), (2,14), (1,14), (-5,-5), (-5,-5)]

Shrinking Run 98
#Info# Executed steps before collision: 5, Found collision: true
Turtle 1 :[(-1,-1), (13,18), (13,17), (13,16), (13,15), (13,14), (13,13), (-1,-1), (-1,-1)]
Turtle 2 :[(-2,-2), (14,15), (13,15), (13,14), (14,14), (13,14), (12,14), (12,13), (13,13)]
Turtle 3 :[(-3,-3), (19,16), (19,15), (18,15), (17,15), (17,14), (-3,-3), (-3,-3), (-3,-3)]
Turtle 4 :[(-4,-4), (18,17), (18,16), (17,16), (16,16), (15,16), (14,16), (-4,-4), (-4,-4)]
Turtle 5 :[(-5,-5), (2,18), (2,17), (2,16), (2,15), (1,15), (1,14), (-5,-5), (-5,-5)]

Shrinking Run 99
#Info# Executed steps before collision: 5, Found collision: true
Turtle 1 :[(-1,-1), (13,18), (13,17), (13,16), (13,15), (13,14), (13,13)]
Turtle 2 :[(-2,-2), (14,15), (13,15), (13,14), (14,14), (13,14), (13,13)]
Turtle 3 :[(-3,-3), (19,16), (19,15), (18,15), (17,15), (17,14), (-3,-3)]
Turtle 4 :[(-4,-4), (18,17), (17,17), (16,17), (16,16), (15,16), (14,16)]
Turtle 5 :[(-5,-5), (2,18), (2,17), (1,17), (1,16), (0,16), (0,15)]

Shrinking Run 100
#Info# Executed steps before collision: 8, Found collision: false
Turtle 1 :[(-1,-1), (13,18), (13,17), (13,16), (13,15), (13,14), (13,13), (-1,-1), (-1,-1)]
Turtle 2 :[(-2,-2), (14,15), (13,15), (13,14), (14,14), (14,15), (14,14), (14,13), (13,13)]
Turtle 3 :[(-3,-3), (19,16), (19,15), (18,15), (17,15), (17,14), (-3,-3), (-3,-3), (-3,-3)]
Turtle 4 :[(-4,-4), (18,17), (18,16), (17,16), (16,16), (15,16), (14,16), (-4,-4), (-4,-4)]
Turtle 5 :[(-5,-5), (2,18), (1,18), (1,17), (1,16), (0,16), (0,15), (-5,-5), (-5,-5)]

Shrinking Run 101
#Info# Executed steps before collision: 8, Found collision: false
Turtle 1 :[(-1,-1), (13,18), (13,17), (13,16), (13,15), (13,14), (13,13), (-1,-1), (-1,-1)]
Turtle 2 :[(-2,-2), (14,15), (13,15), (13,14), (14,14), (15,14), (14,14), (13,14), (13,13)]
Turtle 3 :[(-3,-3), (19,16), (19,15), (18,15), (17,15), (17,14), (-3,-3), (-3,-3), (-3,-3)]
Turtle 4 :[(-4,-4), (18,17), (18,18), (17,18), (16,18), (16,17), (15,17), (14,17), (14,16)]
Turtle 5 :[(-5,-5), (2,18), (2,17), (1,17), (0,17), (0,16), (0,15), (-5,-5), (-5,-5)]

Shrinking Run 102
#Info# Executed steps before collision: 6, Found collision: false
Turtle 1 :[(-1,-1), (13,18), (13,17), (13,16), (13,15), (13,14), (13,13)]
Turtle 2 :[(-2,-2), (14,15), (13,15), (12,15), (11,15), (10,15), (9,15)]
Turtle 3 :[(-3,-3), (19,16), (19,15), (18,15), (17,15), (17,14), (-3,-3)]
Turtle 4 :[(-4,-4), (18,17), (18,16), (17,16), (16,16), (15,16), (14,16)]
Turtle 5 :[(-5,-5), (2,18), (2,17), (1,17), (1,16), (0,16), (0,15)]

Shrinking Run 103
#Info# Executed steps before collision: 6, Found collision: false
Turtle 1 :[(-1,-1), (13,18), (13,17), (13,16), (13,15), (13,14), (13,13)]
Turtle 2 :[(-2,-2), (14,15), (13,15), (12,15), (11,15), (11,16), (-2,-2)]
Turtle 3 :[(-3,-3), (19,16), (19,15), (18,15), (17,15), (17,14), (-3,-3)]
Turtle 4 :[(-4,-4), (18,17), (18,16), (17,16), (16,16), (15,16), (14,16)]
Turtle 5 :[(-5,-5), (2,18), (2,17), (1,17), (1,16), (0,16), (0,15)]

Shrinking Run 104
#Info# Executed steps before collision: 9, Found collision: false
Turtle 1 :[(-1,-1), (13,18), (13,17), (13,16), (13,15), (13,14), (13,13), (-1,-1), (-1,-1), (-1,-1)]
Turtle 2 :[(-2,-2), (14,15), (13,15), (12,15), (11,15), (12,15), (13,15), (14,15), (14,16), (15,16)]
Turtle 3 :[(-3,-3), (19,16), (19,15), (18,15), (17,15), (17,14), (-3,-3), (-3,-3), (-3,-3), (-3,-3)]
Turtle 4 :[(-4,-4), (18,17), (18,16), (17,16), (16,16), (15,16), (14,16), (-4,-4), (-4,-4), (-4,-4)]
Turtle 5 :[(-5,-5), (2,18), (2,17), (1,17), (1,16), (0,16), (0,15), (-5,-5), (-5,-5), (-5,-5)]

Shrinking Run 105
#Info# Executed steps before collision: 6, Found collision: false
Turtle 1 :[(-1,-1), (13,18), (13,17), (13,16), (13,15), (13,14), (13,13)]
Turtle 2 :[(-2,-2), (14,15), (13,15), (13,14), (14,14), (15,14), (16,14)]
Turtle 3 :[(-3,-3), (19,16), (19,15), (18,15), (17,15), (17,14), (-3,-3)]
Turtle 4 :[(-4,-4), (18,17), (18,16), (17,16), (16,16), (15,16), (14,16)]
Turtle 5 :[(-5,-5), (2,18), (2,17), (1,17), (1,16), (0,16), (0,15)]

Shrinking Run 106
#Info# Executed steps before collision: 6, Found collision: false
Turtle 1 :[(-1,-1), (13,18), (13,17), (13,16), (13,15), (13,14), (13,13)]
Turtle 2 :[(-2,-2), (14,15), (13,15), (12,15), (11,15), (-2,-2), (-2,-2)]
Turtle 3 :[(-3,-3), (19,16), (19,15), (18,15), (17,15), (17,14), (-3,-3)]
Turtle 4 :[(-4,-4), (18,17), (18,16), (17,16), (16,16), (15,16), (14,16)]
Turtle 5 :[(-5,-5), (2,18), (2,17), (1,17), (1,16), (0,16), (0,15)]

Shrinking Run 107
#Info# Executed steps before collision: 8, Found collision: false
Turtle 1 :[(-1,-1), (13,18), (13,17), (13,16), (13,17), (13,16), (13,15), (13,14), (13,13)]
Turtle 2 :[(-2,-2), (14,15), (13,15), (12,15), (13,15), (12,15), (-2,-2), (-2,-2), (-2,-2)]
Turtle 3 :[(-3,-3), (19,16), (19,15), (18,15), (17,15), (17,14), (-3,-3), (-3,-3), (-3,-3)]
Turtle 4 :[(-4,-4), (18,17), (18,16), (17,16), (16,16), (15,16), (14,16), (-4,-4), (-4,-4)]
Turtle 5 :[(-5,-5), (2,18), (2,17), (1,17), (1,16), (0,16), (0,15), (-5,-5), (-5,-5)]

Shrinking Run 108
#Info# Executed steps before collision: 6, Found collision: false
Turtle 1 :[(-1,-1), (13,18), (13,17), (13,16), (13,15), (13,14), (13,13)]
Turtle 2 :[(-2,-2), (14,15), (13,15), (13,14), (13,13), (13,12), (13,11)]
Turtle 3 :[(-3,-3), (19,16), (19,15), (18,15), (17,15), (17,14), (-3,-3)]
Turtle 4 :[(-4,-4), (18,17), (18,16), (17,16), (16,16), (15,16), (14,16)]
Turtle 5 :[(-5,-5), (2,18), (2,17), (1,17), (1,16), (0,16), (0,15)]

Shrinking Run 109
#Info# Executed steps before collision: 6, Found collision: false
Turtle 1 :[(-1,-1), (13,18), (13,17), (13,16), (13,15), (13,14), (13,13)]
Turtle 2 :[(-2,-2), (14,15), (14,14), (14,13), (13,13), (13,12), (-2,-2)]
Turtle 3 :[(-3,-3), (19,16), (19,15), (18,15), (17,15), (17,14), (-3,-3)]
Turtle 4 :[(-4,-4), (18,17), (18,16), (17,16), (16,16), (15,16), (14,16)]
Turtle 5 :[(-5,-5), (2,18), (2,17), (1,17), (1,16), (0,16), (0,15)]

Shrinking Run 110
#Info# Executed steps before collision: 8, Found collision: false
Turtle 1 :[(-1,-1), (13,18), (13,17), (13,16), (12,16), (12,15), (13,15), (13,14), (13,13)]
Turtle 2 :[(-2,-2), (14,15), (13,15), (12,15), (11,15), (10,15), (10,14), (-2,-2), (-2,-2)]
Turtle 3 :[(-3,-3), (19,16), (19,15), (18,15), (17,15), (17,14), (-3,-3), (-3,-3), (-3,-3)]
Turtle 4 :[(-4,-4), (18,17), (18,16), (17,16), (16,16), (15,16), (14,16), (-4,-4), (-4,-4)]
Turtle 5 :[(-5,-5), (2,18), (2,17), (1,17), (1,16), (0,16), (0,15), (-5,-5), (-5,-5)]

Shrinking Run 111
#Info# Executed steps before collision: 6, Found collision: false
Turtle 1 :[(-1,-1), (13,18), (13,17), (13,16), (13,15), (13,14), (13,13)]
Turtle 2 :[(-2,-2), (14,15), (13,15), (13,14), (12,14), (11,14), (11,13)]
Turtle 3 :[(-3,-3), (19,16), (19,15), (18,15), (17,15), (17,14), (-3,-3)]
Turtle 4 :[(-4,-4), (18,17), (18,16), (17,16), (16,16), (15,16), (14,16)]
Turtle 5 :[(-5,-5), (2,18), (2,17), (1,17), (1,16), (0,16), (0,15)]

Shrinking Run 112
#Info# Executed steps before collision: 6, Found collision: false
Turtle 1 :[(-1,-1), (13,18), (13,17), (13,16), (13,15), (13,14), (13,13)]
Turtle 2 :[(-2,-2), (14,15), (13,15), (13,14), (12,14), (12,13), (-2,-2)]
Turtle 3 :[(-3,-3), (19,16), (19,15), (18,15), (17,15), (17,14), (-3,-3)]
Turtle 4 :[(-4,-4), (18,17), (18,16), (17,16), (16,16), (15,16), (14,16)]
Turtle 5 :[(-5,-5), (2,18), (2,17), (1,17), (1,16), (0,16), (0,15)]

Shrinking Run 113
#Info# Executed steps before collision: 9, Found collision: false
Turtle 1 :[(-1,-1), (13,18), (13,17), (13,16), (13,15), (13,14), (13,13), (-1,-1), (-1,-1), (-1,-1)]
Turtle 2 :[(-2,-2), (14,15), (13,15), (12,15), (12,15), (12,16), (12,15), (12,14), (13,14), (13,13)]
Turtle 3 :[(-3,-3), (19,16), (19,15), (18,15), (17,15), (17,14), (-3,-3), (-3,-3), (-3,-3), (-3,-3)]
Turtle 4 :[(-4,-4), (18,17), (17,17), (16,17), (15,17), (14,17), (14,16), (-4,-4), (-4,-4), (-4,-4)]
Turtle 5 :[(-5,-5), (2,18), (2,17), (1,17), (1,16), (0,16), (0,15), (-5,-5), (-5,-5), (-5,-5)]

Shrinking Run 114
#Info# Executed steps before collision: 7, Found collision: false
Turtle 1 :[(-1,-1), (13,18), (13,17), (13,16), (13,15), (13,14), (13,13), (-1,-1)]
Turtle 2 :[(-2,-2), (14,15), (13,15), (13,14), (13,13), (-2,-2), (-2,-2), (-2,-2)]
Turtle 3 :[(-3,-3), (19,16), (19,15), (18,15), (17,15), (17,14), (-3,-3), (-3,-3)]
Turtle 4 :[(-4,-4), (18,17), (18,17), (18,16), (17,16), (16,16), (15,16), (14,16)]
Turtle 5 :[(-5,-5), (2,18), (2,17), (1,17), (1,16), (0,16), (0,15), (-5,-5)]

Shrinking Run 115
#Info# Executed steps before collision: 5, Found collision: true
Turtle 1 :[(-1,-1), (13,18), (13,17), (13,16), (13,15), (13,14), (13,13), (-1,-1), (-1,-1)]
Turtle 2 :[(-2,-2), (14,15), (14,14), (13,14), (12,14), (13,14), (12,14), (13,14), (13,13)]
Turtle 3 :[(-3,-3), (19,16), (19,15), (18,15), (17,15), (17,14), (-3,-3), (-3,-3), (-3,-3)]
Turtle 4 :[(-4,-4), (18,17), (18,17), (18,16), (17,16), (16,16), (15,16), (14,16), (-4,-4)]
Turtle 5 :[(-5,-5), (2,18), (2,17), (1,17), (1,16), (0,16), (0,15), (-5,-5), (-5,-5)]

Shrinking Run 116
#Info# Executed steps before collision: 5, Found collision: true
Turtle 1 :[(-1,-1), (13,18), (13,17), (13,16), (13,15), (13,14), (13,13), (-1,-1), (-1,-1)]
Turtle 2 :[(-2,-2), (14,15), (14,14), (13,14), (14,14), (13,14), (13,14), (13,14), (13,13)]
Turtle 3 :[(-3,-3), (19,16), (19,15), (18,15), (17,15), (17,14), (-3,-3), (-3,-3), (-3,-3)]
Turtle 4 :[(-4,-4), (18,17), (18,16), (17,16), (16,16), (15,16), (14,16), (-4,-4), (-4,-4)]
Turtle 5 :[(-5,-5), (2,18), (2,17), (1,17), (1,16), (0,16), (0,15), (-5,-5), (-5,-5)]

Shrinking Run 117
#Info# Executed steps before collision: 2, Found collision: true
Turtle 1 :[(-1,-1), (13,18), (13,17), (13,16), (13,15), (13,14), (13,13), (-1,-1), (-1,-1), (-1,-1)]
Turtle 2 :[(-2,-2), (14,15), (14,14), (13,14), (14,14), (13,14), (13,15), (13,14), (13,13), (-2,-2)]
Turtle 3 :[(-3,-3), (19,16), (18,16), (17,16), (17,15), (17,14), (16,14), (-3,-3), (-3,-3), (-3,-3)]
Turtle 4 :[(-4,-4), (18,17), (18,16), (18,16), (18,17), (17,17), (17,16), (16,16), (15,16), (14,16)]
Turtle 5 :[(-5,-5), (2,18), (2,17), (1,17), (1,16), (0,16), (0,15), (-5,-5), (-5,-5), (-5,-5)]

Shrinking Run 118
#Info# Executed steps before collision: 2, Found collision: true
Turtle 1 :[(-1,-1), (13,18), (13,17), (13,16), (13,15), (13,14), (13,13), (-1,-1), (-1,-1), (-1,-1), (-1,-1)]
Turtle 2 :[(-2,-2), (14,15), (14,14), (13,14), (14,14), (13,14), (13,14), (13,14), (13,13), (-2,-2), (-2,-2)]
Turtle 3 :[(-3,-3), (19,16), (18,16), (17,16), (16,16), (16,15), (15,15), (-3,-3), (-3,-3), (-3,-3), (-3,-3)]
Turtle 4 :[(-4,-4), (18,17), (18,16), (17,16), (17,15), (17,14), (17,15), (16,15), (16,16), (15,16), (14,16)]
Turtle 5 :[(-5,-5), (2,18), (2,17), (1,17), (1,16), (0,16), (0,15), (-5,-5), (-5,-5), (-5,-5), (-5,-5)]

Shrinking Run 119
#Info# Executed steps before collision: 2, Found collision: true
Turtle 1 :[(-1,-1), (13,18), (13,17), (13,16), (13,15), (13,14), (13,13), (-1,-1), (-1,-1)]
Turtle 2 :[(-2,-2), (14,15), (14,14), (13,14), (14,14), (13,14), (14,14), (14,13), (13,13)]
Turtle 3 :[(-3,-3), (19,16), (18,16), (17,16), (16,16), (16,17), (15,17), (15,16), (14,16)]
Turtle 4 :[(-4,-4), (18,17), (18,16), (17,16), (16,16), (15,16), (14,16), (-4,-4), (-4,-4)]
Turtle 5 :[(-5,-5), (2,18), (2,17), (1,17), (1,16), (0,16), (0,15), (-5,-5), (-5,-5)]

Shrinking Run 120
#Info# Executed steps before collision: 5, Found collision: true
Turtle 1 :[(-1,-1), (13,18), (13,17), (13,16), (13,15), (13,14), (13,13), (-1,-1), (-1,-1), (-1,-1), (-1,-1)]
Turtle 2 :[(-2,-2), (14,15), (14,14), (13,14), (14,14), (13,14), (13,14), (13,15), (13,14), (13,13), (-2,-2)]
Turtle 3 :[(-3,-3), (19,16), (18,16), (17,16), (16,16), (15,16), (14,16), (-3,-3), (-3,-3), (-3,-3), (-3,-3)]
Turtle 4 :[(-4,-4), (18,17), (17,17), (16,17), (17,17), (17,18), (16,18), (16,17), (15,17), (14,17), (14,16)]
Turtle 5 :[(-5,-5), (2,18), (2,17), (1,17), (1,16), (0,16), (0,15), (-5,-5), (-5,-5), (-5,-5), (-5,-5)]

Shrinking Run 121
#Info# Executed steps before collision: 10, Found collision: false
Turtle 1 :[(-1,-1), (13,18), (13,17), (13,16), (13,16), (13,15), (13,15), (12,15), (13,15), (13,14), (13,13)]
Turtle 2 :[(-2,-2), (14,15), (14,14), (13,14), (14,14), (13,14), (13,13), (-2,-2), (-2,-2), (-2,-2), (-2,-2)]
Turtle 3 :[(-3,-3), (19,16), (18,16), (17,16), (16,16), (15,16), (14,16), (-3,-3), (-3,-3), (-3,-3), (-3,-3)]
Turtle 4 :[(-4,-4), (18,17), (17,17), (16,17), (15,17), (14,17), (14,18), (14,17), (14,16), (-4,-4), (-4,-4)]
Turtle 5 :[(-5,-5), (2,18), (2,17), (1,17), (1,16), (0,16), (0,15), (-5,-5), (-5,-5), (-5,-5), (-5,-5)]

Shrinking Run 122
#Info# Executed steps before collision: 5, Found collision: true
Turtle 1 :[(-1,-1), (13,18), (13,17), (13,16), (13,15), (13,14), (13,13), (-1,-1), (-1,-1), (-1,-1)]
Turtle 2 :[(-2,-2), (14,15), (14,14), (13,14), (14,14), (13,14), (13,13), (-2,-2), (-2,-2), (-2,-2)]
Turtle 3 :[(-3,-3), (19,16), (18,16), (17,16), (16,16), (15,16), (14,16), (-3,-3), (-3,-3), (-3,-3)]
Turtle 4 :[(-4,-4), (18,17), (17,17), (16,17), (15,17), (15,16), (15,16), (15,17), (14,17), (14,16)]
Turtle 5 :[(-5,-5), (2,18), (2,17), (1,17), (1,16), (0,16), (0,15), (-5,-5), (-5,-5), (-5,-5)]

Shrinking Run 123
#Info# Executed steps before collision: 9, Found collision: false
Turtle 1 :[(-1,-1), (13,18), (13,17), (13,16), (13,15), (13,14), (13,13), (-1,-1), (-1,-1), (-1,-1)]
Turtle 2 :[(-2,-2), (14,15), (14,14), (13,14), (14,14), (15,14), (14,14), (14,13), (13,13), (-2,-2)]
Turtle 3 :[(-3,-3), (19,16), (18,16), (17,16), (16,16), (15,16), (14,16), (-3,-3), (-3,-3), (-3,-3)]
Turtle 4 :[(-4,-4), (18,17), (17,17), (16,17), (15,17), (14,17), (14,17), (14,18), (14,17), (14,16)]
Turtle 5 :[(-5,-5), (2,18), (1,18), (1,17), (1,16), (0,16), (0,15), (-5,-5), (-5,-5), (-5,-5)]

Shrinking Run 124
#Info# Executed steps before collision: 5, Found collision: true
Turtle 1 :[(-1,-1), (13,18), (13,17), (13,16), (12,16), (13,16), (13,15), (13,15), (13,14), (13,13)]
Turtle 2 :[(-2,-2), (14,15), (14,14), (13,14), (14,14), (13,14), (13,13), (-2,-2), (-2,-2), (-2,-2)]
Turtle 3 :[(-3,-3), (19,16), (18,16), (17,16), (16,16), (15,16), (14,16), (-3,-3), (-3,-3), (-3,-3)]
Turtle 4 :[(-4,-4), (18,17), (17,17), (16,17), (15,17), (15,16), (15,15), (14,15), (14,16), (-4,-4)]
Turtle 5 :[(-5,-5), (2,18), (2,17), (1,17), (0,17), (0,16), (0,15), (-5,-5), (-5,-5), (-5,-5)]

Shrinking Run 125
#Info# Executed steps before collision: 5, Found collision: true
Turtle 1 :[(-1,-1), (13,18), (12,18), (11,18), (10,18), (10,17), (10,16), (-1,-1), (-1,-1)]
Turtle 2 :[(-2,-2), (14,15), (14,14), (13,14), (14,14), (13,14), (13,13), (-2,-2), (-2,-2)]
Turtle 3 :[(-3,-3), (19,16), (18,16), (17,16), (16,16), (15,16), (14,16), (-3,-3), (-3,-3)]
Turtle 4 :[(-4,-4), (18,17), (17,17), (16,17), (15,17), (15,16), (15,17), (14,17), (14,16)]
Turtle 5 :[(-5,-5), (2,18), (2,17), (1,17), (0,17), (0,16), (0,15), (-5,-5), (-5,-5)]

Shrinking Run 126
#Info# Executed steps before collision: 5, Found collision: true
Turtle 1 :[(-1,-1), (13,18), (12,18), (11,18), (10,18), (9,18), (9,17), (-1,-1), (-1,-1)]
Turtle 2 :[(-2,-2), (14,15), (14,14), (13,14), (14,14), (13,14), (13,13), (-2,-2), (-2,-2)]
Turtle 3 :[(-3,-3), (19,16), (18,16), (17,16), (16,16), (15,16), (14,16), (-3,-3), (-3,-3)]
Turtle 4 :[(-4,-4), (18,17), (17,17), (16,17), (15,17), (15,16), (16,16), (15,16), (14,16)]
Turtle 5 :[(-5,-5), (2,18), (2,17), (1,17), (0,17), (0,16), (0,15), (-5,-5), (-5,-5)]

Shrinking Run 127
#Info# Executed steps before collision: 5, Found collision: true
Turtle 1 :[(-1,-1), (13,18), (12,18), (11,18), (10,18), (9,18), (8,18), (-1,-1), (-1,-1), (-1,-1)]
Turtle 2 :[(-2,-2), (14,15), (14,14), (13,14), (14,14), (13,14), (13,13), (-2,-2), (-2,-2), (-2,-2)]
Turtle 3 :[(-3,-3), (19,16), (18,16), (17,16), (16,16), (15,16), (14,16), (-3,-3), (-3,-3), (-3,-3)]
Turtle 4 :[(-4,-4), (18,17), (17,17), (16,17), (15,17), (15,16), (15,16), (16,16), (15,16), (14,16)]
Turtle 5 :[(-5,-5), (2,18), (2,17), (1,17), (0,17), (0,16), (0,15), (-5,-5), (-5,-5), (-5,-5)]

Shrinking Run 128
#Info# Executed steps before collision: 8, Found collision: false
Turtle 1 :[(-1,-1), (13,18), (12,18), (11,18), (10,18), (9,18), (8,18), (-1,-1), (-1,-1)]
Turtle 2 :[(-2,-2), (14,15), (13,15), (12,15), (11,15), (10,15), (9,15), (-2,-2), (-2,-2)]
Turtle 3 :[(-3,-3), (19,16), (18,16), (17,16), (16,16), (15,16), (14,16), (-3,-3), (-3,-3)]
Turtle 4 :[(-4,-4), (18,17), (17,17), (16,17), (15,17), (14,17), (15,17), (14,17), (14,16)]
Turtle 5 :[(-5,-5), (2,18), (2,17), (1,17), (0,17), (0,16), (0,15), (-5,-5), (-5,-5)]

Shrinking Run 129
#Info# Executed steps before collision: 5, Found collision: true
Turtle 1 :[(-1,-1), (13,18), (12,18), (11,18), (10,18), (9,18), (8,18), (-1,-1), (-1,-1)]
Turtle 2 :[(-2,-2), (14,15), (13,15), (12,15), (11,15), (11,16), (-2,-2), (-2,-2), (-2,-2)]
Turtle 3 :[(-3,-3), (19,16), (18,16), (17,16), (16,16), (15,16), (14,16), (-3,-3), (-3,-3)]
Turtle 4 :[(-4,-4), (18,17), (17,17), (16,17), (15,17), (15,16), (15,17), (15,16), (14,16)]
Turtle 5 :[(-5,-5), (2,18), (2,17), (1,17), (0,17), (0,16), (0,15), (-5,-5), (-5,-5)]

Shrinking Run 130
#Info# Executed steps before collision: 5, Found collision: true
Turtle 1 :[(-1,-1), (13,18), (12,18), (11,18), (10,18), (9,18), (8,18), (-1,-1), (-1,-1)]
Turtle 2 :[(-2,-2), (14,15), (13,15), (12,15), (11,15), (10,15), (10,16), (-2,-2), (-2,-2)]
Turtle 3 :[(-3,-3), (19,16), (18,16), (17,16), (16,16), (15,16), (14,16), (-3,-3), (-3,-3)]
Turtle 4 :[(-4,-4), (18,17), (17,17), (16,17), (15,17), (15,16), (16,16), (15,16), (14,16)]
Turtle 5 :[(-5,-5), (2,18), (2,17), (1,17), (0,17), (0,16), (0,15), (-5,-5), (-5,-5)]

Shrinking Run 131
#Info# Executed steps before collision: 5, Found collision: true
Turtle 1 :[(-1,-1), (13,18), (12,18), (11,18), (10,18), (9,18), (8,18), (-1,-1), (-1,-1)]
Turtle 2 :[(-2,-2), (14,15), (13,15), (13,14), (12,14), (11,14), (11,13), (-2,-2), (-2,-2)]
Turtle 3 :[(-3,-3), (19,16), (18,16), (17,16), (16,16), (15,16), (14,16), (-3,-3), (-3,-3)]
Turtle 4 :[(-4,-4), (18,17), (17,17), (16,17), (15,17), (15,16), (15,17), (15,16), (14,16)]
Turtle 5 :[(-5,-5), (2,18), (2,17), (1,17), (0,17), (0,16), (0,15), (-5,-5), (-5,-5)]

Shrinking Run 132
#Info# Executed steps before collision: 5, Found collision: true
Turtle 1 :[(-1,-1), (13,18), (12,18), (11,18), (10,18), (9,18), (8,18), (-1,-1), (-1,-1)]
Turtle 2 :[(-2,-2), (14,15), (13,15), (12,15), (11,15), (10,15), (10,14), (-2,-2), (-2,-2)]
Turtle 3 :[(-3,-3), (19,16), (18,16), (17,16), (16,16), (15,16), (14,16), (-3,-3), (-3,-3)]
Turtle 4 :[(-4,-4), (18,17), (17,17), (16,17), (15,17), (15,16), (15,17), (14,17), (14,16)]
Turtle 5 :[(-5,-5), (2,18), (2,17), (1,17), (0,17), (0,16), (0,15), (-5,-5), (-5,-5)]

Shrinking Run 133
#Info# Executed steps before collision: 8, Found collision: false
Turtle 1 :[(-1,-1), (13,18), (12,18), (11,18), (10,18), (9,18), (8,18), (-1,-1), (-1,-1)]
Turtle 2 :[(-2,-2), (14,15), (13,15), (12,15), (11,15), (10,15), (10,14), (-2,-2), (-2,-2)]
Turtle 3 :[(-3,-3), (19,16), (18,16), (17,16), (16,16), (15,16), (14,16), (-3,-3), (-3,-3)]
Turtle 4 :[(-4,-4), (18,17), (17,17), (16,17), (15,17), (14,17), (15,17), (15,16), (14,16)]
Turtle 5 :[(-5,-5), (2,18), (2,17), (1,17), (0,17), (0,16), (0,15), (-5,-5), (-5,-5)]

Shrink Run 134
#Info# Executed steps before collision: 8, Found collision: false
Turtle 1 :[(-1,-1), (13,18), (12,18), (11,18), (10,18), (9,18), (8,18), (-1,-1), (-1,-1)]
Turtle 2 :[(-2,-2), (14,15), (13,15), (12,15), (11,15), (10,15), (10,14), (-2,-2), (-2,-2)]
Turtle 3 :[(-3,-3), (19,16), (18,16), (17,16), (16,16), (16,15), (15,15), (15,16), (14,16)]
Turtle 4 :[(-4,-4), (18,17), (17,17), (16,17), (15,17), (15,16), (14,16), (-4,-4), (-4,-4)]
Turtle 5 :[(-5,-5), (2,18), (1,18), (1,17), (1,16), (0,16), (0,15), (-5,-5), (-5,-5)]

