Shrinking Run 1
#Info# Executed steps before collision: 8, Found collision: false
Turtle 1 :[(-1,-1), (6,5), (5,5), (5,5), (4,5), (4,6), (4,6), (3,6), (2,6)]
Turtle 2 :[(-2,-2), (9,1), (10,1), (10,2), (11,2), (12,2), (12,3), (-2,-2), (-2,-2)]
Turtle 3 :[(-3,-3), (4,5), (4,6), (5,6), (6,6), (-3,-3), (-3,-3), (-3,-3), (-3,-3)]
Turtle 4 :[(-4,-4), (12,4), (11,4), (11,3), (10,3), (10,2), (10,1), (-4,-4), (-4,-4)]
Turtle 5 :[(-5,-5), (8,13), (7,13), (6,13), (6,13), (7,13), (7,13), (7,12), (-5,-5)]

Shrinking Run 2
#Info# Executed steps before collision: 8, Found collision: false
Turtle 1 :[(-1,-1), (6,5), (6,4), (6,4), (6,3), (6,2), (6,2), (6,1), (5,1)]
Turtle 2 :[(-2,-2), (9,1), (10,1), (10,2), (11,2), (12,2), (12,3), (-2,-2), (-2,-2)]
Turtle 3 :[(-3,-3), (4,5), (5,5), (5,6), (6,6), (-3,-3), (-3,-3), (-3,-3), (-3,-3)]
Turtle 4 :[(-4,-4), (12,4), (11,4), (11,3), (10,3), (10,2), (10,1), (-4,-4), (-4,-4)]
Turtle 5 :[(-5,-5), (8,13), (7,13), (6,13), (6,13), (7,13), (7,13), (7,12), (-5,-5)]

Shrinking Run 3
#Info# Executed steps before collision: 8, Found collision: false
Turtle 1 :[(-1,-1), (6,5), (6,4), (6,4), (5,4), (5,3), (5,3), (5,2), (4,2)]
Turtle 2 :[(-2,-2), (9,1), (10,1), (10,2), (11,2), (12,2), (12,3), (-2,-2), (-2,-2)]
Turtle 3 :[(-3,-3), (4,5), (5,5), (5,6), (6,6), (-3,-3), (-3,-3), (-3,-3), (-3,-3)]
Turtle 4 :[(-4,-4), (12,4), (11,4), (11,3), (10,3), (10,2), (10,1), (-4,-4), (-4,-4)]
Turtle 5 :[(-5,-5), (8,13), (7,13), (6,13), (6,13), (7,13), (7,13), (7,12), (-5,-5)]

Shrinking Run 4
#Info# Executed steps before collision: 7, Found collision: false
Turtle 1 :[(-1,-1), (6,5), (6,4), (5,4), (4,4), (3,4), (-1,-1), (-1,-1)]
Turtle 2 :[(-2,-2), (9,1), (10,1), (10,2), (11,2), (12,2), (12,3), (-2,-2)]
Turtle 3 :[(-3,-3), (4,5), (5,5), (5,6), (6,6), (-3,-3), (-3,-3), (-3,-3)]
Turtle 4 :[(-4,-4), (12,4), (11,4), (11,3), (10,3), (10,2), (10,1), (-4,-4)]
Turtle 5 :[(-5,-5), (8,13), (7,13), (6,13), (6,13), (7,13), (7,13), (7,12)]

Shrinking Run 5
#Info# Executed steps before collision: 7, Found collision: false
Turtle 1 :[(-1,-1), (6,5), (7,5), (6,5), (5,5), (4,5), (3,5), (-1,-1)]
Turtle 2 :[(-2,-2), (9,1), (10,1), (10,2), (11,2), (12,2), (12,3), (-2,-2)]
Turtle 3 :[(-3,-3), (4,5), (5,5), (5,6), (6,6), (-3,-3), (-3,-3), (-3,-3)]
Turtle 4 :[(-4,-4), (12,4), (11,4), (11,3), (10,3), (10,2), (10,1), (-4,-4)]
Turtle 5 :[(-5,-5), (8,13), (7,13), (6,13), (6,13), (7,13), (7,13), (7,12)]

Shrinking Run 6
#Info# Executed steps before collision: 7, Found collision: false
Turtle 1 :[(-1,-1), (6,5), (5,5), (5,6), (4,6), (3,6), (-1,-1), (-1,-1)]
Turtle 2 :[(-2,-2), (9,1), (10,1), (10,2), (11,2), (12,2), (12,3), (-2,-2)]
Turtle 3 :[(-3,-3), (4,5), (4,5), (5,5), (4,5), (5,5), (5,6), (6,6)]
Turtle 4 :[(-4,-4), (12,4), (11,4), (11,3), (10,3), (10,2), (10,1), (-4,-4)]
Turtle 5 :[(-5,-5), (8,13), (7,13), (6,13), (6,13), (7,13), (7,13), (7,12)]

Shrinking Run 7
#Info# Executed steps before collision: 7, Found collision: false
Turtle 1 :[(-1,-1), (6,5), (5,5), (4,5), (4,6), (3,6), (-1,-1), (-1,-1)]
Turtle 2 :[(-2,-2), (9,1), (10,1), (10,2), (11,2), (12,2), (12,3), (-2,-2)]
Turtle 3 :[(-3,-3), (4,5), (4,4), (5,4), (5,5), (6,5), (6,6), (-3,-3)]
Turtle 4 :[(-4,-4), (12,4), (11,4), (11,3), (10,3), (10,2), (10,1), (-4,-4)]
Turtle 5 :[(-5,-5), (8,13), (7,13), (6,13), (6,13), (7,13), (7,13), (7,12)]

Shrinking Run 8
#Info# Executed steps before collision: 3, Found collision: true
Turtle 1 :[(-1,-1), (6,5), (6,6), (5,6), (4,6), (3,6), (-1,-1), (-1,-1)]
Turtle 2 :[(-2,-2), (9,1), (8,1), (8,2), (7,2), (6,2), (6,3), (-2,-2)]
Turtle 3 :[(-3,-3), (4,5), (5,5), (5,6), (6,6), (-3,-3), (-3,-3), (-3,-3)]
Turtle 4 :[(-4,-4), (12,4), (11,4), (11,3), (10,3), (10,2), (10,1), (-4,-4)]
Turtle 5 :[(-5,-5), (8,13), (7,13), (6,13), (6,13), (7,13), (7,13), (7,12)]

Shrinking Run 9
#Info# Executed steps before collision: 3, Found collision: true
Turtle 1 :[(-1,-1), (6,5), (6,6), (5,6), (4,6), (3,6), (-1,-1), (-1,-1)]
Turtle 2 :[(-2,-2), (9,1), (8,1), (8,0), (7,0), (6,0), (5,0), (-2,-2)]
Turtle 3 :[(-3,-3), (4,5), (5,5), (5,6), (6,6), (-3,-3), (-3,-3), (-3,-3)]
Turtle 4 :[(-4,-4), (12,4), (11,4), (11,3), (10,3), (10,2), (10,1), (-4,-4)]
Turtle 5 :[(-5,-5), (8,13), (7,13), (6,13), (6,13), (7,13), (7,13), (7,12)]

Shrinking Run 10
#Info# Executed steps before collision: 3, Found collision: true
Turtle 1 :[(-1,-1), (6,5), (6,6), (5,6), (4,6), (3,6), (-1,-1), (-1,-1)]
Turtle 2 :[(-2,-2), (9,1), (8,1), (7,1), (6,1), (6,0), (5,0), (-2,-2)]
Turtle 3 :[(-3,-3), (4,5), (5,5), (5,6), (6,6), (-3,-3), (-3,-3), (-3,-3)]
Turtle 4 :[(-4,-4), (12,4), (11,4), (11,3), (10,3), (10,2), (10,1), (-4,-4)]
Turtle 5 :[(-5,-5), (8,13), (7,13), (6,13), (6,13), (7,13), (7,13), (7,12)]

Shrinking Run 11
#Info# Executed steps before collision: 3, Found collision: true
Turtle 1 :[(-1,-1), (6,5), (6,6), (5,6), (4,6), (3,6), (-1,-1), (-1,-1)]
Turtle 2 :[(-2,-2), (9,1), (8,1), (7,1), (6,1), (5,1), (5,0), (-2,-2)]
Turtle 3 :[(-3,-3), (4,5), (5,5), (5,6), (6,6), (-3,-3), (-3,-3), (-3,-3)]
Turtle 4 :[(-4,-4), (12,4), (11,4), (11,3), (10,3), (10,2), (10,1), (-4,-4)]
Turtle 5 :[(-5,-5), (8,13), (7,13), (6,13), (6,13), (7,13), (7,13), (7,12)]

Shrinking Run 12
#Info# Executed steps before collision: 7, Found collision: false
Turtle 1 :[(-1,-1), (6,5), (6,6), (5,6), (4,6), (3,6), (-1,-1), (-1,-1)]
Turtle 2 :[(-2,-2), (9,1), (8,1), (7,1), (6,1), (5,1), (4,1), (-2,-2)]
Turtle 3 :[(-3,-3), (4,5), (5,5), (5,5), (5,6), (6,6), (-3,-3), (-3,-3)]
Turtle 4 :[(-4,-4), (12,4), (11,4), (11,3), (10,3), (10,2), (10,1), (-4,-4)]
Turtle 5 :[(-5,-5), (8,13), (7,13), (6,13), (6,13), (7,13), (7,13), (7,12)]

Shrinking Run 13
#Info# Executed steps before collision: 7, Found collision: false
Turtle 1 :[(-1,-1), (6,5), (6,6), (5,6), (4,6), (3,6), (-1,-1), (-1,-1)]
Turtle 2 :[(-2,-2), (9,1), (8,1), (7,1), (6,1), (5,1), (5,0), (-2,-2)]
Turtle 3 :[(-3,-3), (4,5), (3,5), (2,5), (1,5), (1,6), (0,6), (-3,-3)]
Turtle 4 :[(-4,-4), (12,4), (11,4), (11,3), (10,3), (10,2), (10,1), (-4,-4)]
Turtle 5 :[(-5,-5), (8,13), (7,13), (6,13), (6,13), (7,13), (7,13), (7,12)]

Shrinking Run 14
#Info# Executed steps before collision: 7, Found collision: false
Turtle 1 :[(-1,-1), (6,5), (6,6), (5,6), (4,6), (3,6), (-1,-1), (-1,-1)]
Turtle 2 :[(-2,-2), (9,1), (8,1), (7,1), (6,1), (5,1), (5,0), (-2,-2)]
Turtle 3 :[(-3,-3), (4,5), (4,6), (3,6), (2,6), (1,6), (-3,-3), (-3,-3)]
Turtle 4 :[(-4,-4), (12,4), (11,4), (11,3), (10,3), (10,2), (10,1), (-4,-4)]
Turtle 5 :[(-5,-5), (8,13), (7,13), (6,13), (6,13), (7,13), (7,13), (7,12)]

Shrinking Run 15
#Info# Executed steps before collision: 3, Found collision: true
Turtle 1 :[(-1,-1), (6,5), (6,6), (5,6), (4,6), (3,6), (-1,-1), (-1,-1)]
Turtle 2 :[(-2,-2), (9,1), (8,1), (7,1), (6,1), (5,1), (5,0), (-2,-2)]
Turtle 3 :[(-3,-3), (4,5), (5,5), (5,6), (-3,-3), (-3,-3), (-3,-3), (-3,-3)]
Turtle 4 :[(-4,-4), (12,4), (11,4), (11,3), (10,3), (10,2), (10,1), (-4,-4)]
Turtle 5 :[(-5,-5), (8,13), (7,13), (6,13), (6,13), (7,13), (7,13), (7,12)]

Shrinking Run 16
#Info# Executed steps before collision: 7, Found collision: false
Turtle 1 :[(-1,-1), (6,5), (6,6), (5,6), (4,6), (3,6), (-1,-1), (-1,-1)]
Turtle 2 :[(-2,-2), (9,1), (8,1), (7,1), (6,1), (5,1), (5,0), (-2,-2)]
Turtle 3 :[(-3,-3), (4,5), (3,5), (3,6), (-3,-3), (-3,-3), (-3,-3), (-3,-3)]
Turtle 4 :[(-4,-4), (12,4), (11,4), (11,3), (10,3), (10,2), (10,1), (-4,-4)]
Turtle 5 :[(-5,-5), (8,13), (7,13), (6,13), (6,13), (7,13), (7,13), (7,12)]

Shrinking Run 17
#Info# Executed steps before collision: 7, Found collision: false
Turtle 1 :[(-1,-1), (6,5), (6,6), (5,6), (4,6), (3,6), (-1,-1), (-1,-1)]
Turtle 2 :[(-2,-2), (9,1), (8,1), (7,1), (6,1), (5,1), (5,0), (-2,-2)]
Turtle 3 :[(-3,-3), (4,5), (4,6), (-3,-3), (-3,-3), (-3,-3), (-3,-3), (-3,-3)]
Turtle 4 :[(-4,-4), (12,4), (11,4), (11,3), (10,3), (10,2), (10,1), (-4,-4)]
Turtle 5 :[(-5,-5), (8,13), (7,13), (6,13), (6,13), (7,13), (7,13), (7,12)]

Shrinking Run 18
#Info# Executed steps before collision: 7, Found collision: false
Turtle 1 :[(-1,-1), (6,5), (6,6), (5,6), (4,6), (3,6), (-1,-1), (-1,-1)]
Turtle 2 :[(-2,-2), (9,1), (8,1), (7,1), (6,1), (5,1), (5,0), (-2,-2)]
Turtle 3 :[(-3,-3), (4,5), (4,4), (4,3), (4,2), (4,1), (5,1), (-3,-3)]
Turtle 4 :[(-4,-4), (12,4), (11,4), (11,3), (10,3), (10,2), (10,1), (-4,-4)]
Turtle 5 :[(-5,-5), (8,13), (7,13), (6,13), (6,13), (7,13), (7,13), (7,12)]

Shrinking Run 19
#Info# Executed steps before collision: 7, Found collision: false
Turtle 1 :[(-1,-1), (6,5), (6,6), (5,6), (4,6), (3,6), (-1,-1), (-1,-1)]
Turtle 2 :[(-2,-2), (9,1), (8,1), (7,1), (6,1), (5,1), (5,0), (-2,-2)]
Turtle 3 :[(-3,-3), (4,5), (4,4), (4,3), (4,2), (5,2), (-3,-3), (-3,-3)]
Turtle 4 :[(-4,-4), (12,4), (11,4), (11,3), (10,3), (10,2), (10,1), (-4,-4)]
Turtle 5 :[(-5,-5), (8,13), (7,13), (6,13), (6,13), (7,13), (7,13), (7,12)]

Shrinking Run 20
#Info# Executed steps before collision: 7, Found collision: false
Turtle 1 :[(-1,-1), (6,5), (6,6), (5,6), (4,6), (3,6), (-1,-1), (-1,-1)]
Turtle 2 :[(-2,-2), (9,1), (8,1), (7,1), (6,1), (5,1), (5,0), (-2,-2)]
Turtle 3 :[(-3,-3), (4,5), (5,5), (5,4), (-3,-3), (-3,-3), (-3,-3), (-3,-3)]
Turtle 4 :[(-4,-4), (12,4), (11,4), (11,3), (10,3), (10,2), (10,1), (-4,-4)]
Turtle 5 :[(-5,-5), (8,13), (7,13), (6,13), (6,13), (7,13), (7,13), (7,12)]

Shrinking Run 21
#Info# Executed steps before collision: 7, Found collision: false
Turtle 1 :[(-1,-1), (6,5), (6,6), (5,6), (4,6), (3,6), (-1,-1), (-1,-1)]
Turtle 2 :[(-2,-2), (9,1), (8,1), (7,1), (6,1), (5,1), (5,0), (-2,-2)]
Turtle 3 :[(-3,-3), (4,5), (5,5), (-3,-3), (-3,-3), (-3,-3), (-3,-3), (-3,-3)]
Turtle 4 :[(-4,-4), (12,4), (11,4), (11,3), (10,3), (10,2), (10,1), (-4,-4)]
Turtle 5 :[(-5,-5), (8,13), (7,13), (6,13), (6,13), (7,13), (7,13), (7,12)]

Shrinking Run 22
#Info# Executed steps before collision: 7, Found collision: false
Turtle 1 :[(-1,-1), (6,5), (6,6), (5,6), (4,6), (3,6), (-1,-1), (-1,-1)]
Turtle 2 :[(-2,-2), (9,1), (8,1), (7,1), (6,1), (5,1), (5,0), (-2,-2)]
Turtle 3 :[(-3,-3), (4,5), (5,5), (4,5), (5,5), (5,6), (-3,-3), (-3,-3)]
Turtle 4 :[(-4,-4), (12,4), (11,4), (11,3), (10,3), (10,2), (9,2), (-4,-4)]
Turtle 5 :[(-5,-5), (8,13), (7,13), (6,13), (6,13), (7,13), (7,13), (7,12)]

Shrinking Run 23
#Info# Executed steps before collision: 3, Found collision: true
Turtle 1 :[(-1,-1), (6,5), (6,6), (5,6), (4,6), (3,6), (-1,-1), (-1,-1)]
Turtle 2 :[(-2,-2), (9,1), (8,1), (7,1), (6,1), (5,1), (5,0), (-2,-2)]
Turtle 3 :[(-3,-3), (4,5), (5,5), (5,6), (-3,-3), (-3,-3), (-3,-3), (-3,-3)]
Turtle 4 :[(-4,-4), (12,4), (11,4), (11,3), (10,3), (9,3), (9,2), (-4,-4)]
Turtle 5 :[(-5,-5), (8,13), (7,13), (6,13), (6,13), (7,13), (7,13), (7,12)]

Shrinking Run 24
#Info# Executed steps before collision: 3, Found collision: true
Turtle 1 :[(-1,-1), (6,5), (6,6), (5,6), (4,6), (3,6), (-1,-1), (-1,-1)]
Turtle 2 :[(-2,-2), (9,1), (8,1), (7,1), (6,1), (5,1), (5,0), (-2,-2)]
Turtle 3 :[(-3,-3), (4,5), (5,5), (5,6), (-3,-3), (-3,-3), (-3,-3), (-3,-3)]
Turtle 4 :[(-4,-4), (12,4), (12,3), (11,3), (10,3), (9,3), (9,2), (-4,-4)]
Turtle 5 :[(-5,-5), (8,13), (7,13), (6,13), (6,13), (7,13), (7,13), (7,12)]

Shrinking Run 25
#Info# Executed steps before collision: 3, Found collision: true
Turtle 1 :[(-1,-1), (6,5), (6,6), (5,6), (4,6), (3,6), (-1,-1), (-1,-1)]
Turtle 2 :[(-2,-2), (9,1), (8,1), (7,1), (6,1), (5,1), (5,0), (-2,-2)]
Turtle 3 :[(-3,-3), (4,5), (5,5), (5,6), (-3,-3), (-3,-3), (-3,-3), (-3,-3)]
Turtle 4 :[(-4,-4), (12,4), (11,4), (10,4), (9,4), (8,4), (8,3), (-4,-4)]
Turtle 5 :[(-5,-5), (8,13), (7,13), (6,13), (6,13), (7,13), (7,13), (7,12)]

Shrinking Run 26
#Info# Executed steps before collision: 3, Found collision: true
Turtle 1 :[(-1,-1), (6,5), (6,6), (5,6), (4,6), (3,6), (-1,-1), (-1,-1), (-1,-1)]
Turtle 2 :[(-2,-2), (9,1), (8,1), (7,1), (6,1), (5,1), (5,0), (-2,-2), (-2,-2)]
Turtle 3 :[(-3,-3), (4,5), (5,5), (5,6), (-3,-3), (-3,-3), (-3,-3), (-3,-3), (-3,-3)]
Turtle 4 :[(-4,-4), (12,4), (11,4), (10,4), (9,4), (8,4), (8,3), (-4,-4), (-4,-4)]
Turtle 5 :[(-5,-5), (8,13), (7,13), (7,13), (6,13), (6,13), (6,12), (5,12), (4,12)]

Shrinking Run 27
#Info# Executed steps before collision: 3, Found collision: true
Turtle 1 :[(-1,-1), (6,5), (6,6), (5,6), (4,6), (3,6), (-1,-1), (-1,-1), (-1,-1)]
Turtle 2 :[(-2,-2), (9,1), (8,1), (7,1), (6,1), (5,1), (5,0), (-2,-2), (-2,-2)]
Turtle 3 :[(-3,-3), (4,5), (5,5), (5,6), (-3,-3), (-3,-3), (-3,-3), (-3,-3), (-3,-3)]
Turtle 4 :[(-4,-4), (12,4), (11,4), (10,4), (9,4), (8,4), (8,3), (-4,-4), (-4,-4)]
Turtle 5 :[(-5,-5), (8,13), (7,13), (7,13), (6,13), (6,13), (6,12), (6,11), (6,10)]

Shrinking Run 28
#Info# Executed steps before collision: 8, Found collision: false
Turtle 1 :[(-1,-1), (6,5), (6,6), (5,6), (4,6), (3,6), (-1,-1), (-1,-1), (-1,-1)]
Turtle 2 :[(-2,-2), (9,1), (8,1), (7,1), (6,1), (5,1), (5,0), (-2,-2), (-2,-2)]
Turtle 3 :[(-3,-3), (4,5), (5,5), (5,4), (5,5), (5,6), (-3,-3), (-3,-3), (-3,-3)]
Turtle 4 :[(-4,-4), (12,4), (11,4), (10,4), (9,4), (8,4), (8,3), (-4,-4), (-4,-4)]
Turtle 5 :[(-5,-5), (8,13), (7,13), (7,13), (6,13), (6,13), (6,12), (5,12), (5,11)]

Shrinking Run 29
#Info# Executed steps before collision: 3, Found collision: true
Turtle 1 :[(-1,-1), (6,5), (6,6), (5,6), (4,6), (3,6), (-1,-1), (-1,-1), (-1,-1)]
Turtle 2 :[(-2,-2), (9,1), (8,1), (7,1), (6,1), (5,1), (5,0), (-2,-2), (-2,-2)]
Turtle 3 :[(-3,-3), (4,5), (5,5), (5,6), (-3,-3), (-3,-3), (-3,-3), (-3,-3), (-3,-3)]
Turtle 4 :[(-4,-4), (12,4), (11,4), (10,4), (9,4), (8,4), (8,3), (-4,-4), (-4,-4)]
Turtle 5 :[(-5,-5), (8,13), (7,13), (7,13), (6,13), (6,13), (5,13), (5,12), (5,11)]

Shrinking Run 30
#Info# Executed steps before collision: 3, Found collision: true
Turtle 1 :[(-1,-1), (6,5), (6,6), (5,6), (4,6), (3,6), (-1,-1), (-1,-1), (-1,-1)]
Turtle 2 :[(-2,-2), (9,1), (8,1), (7,1), (6,1), (5,1), (5,0), (-2,-2), (-2,-2)]
Turtle 3 :[(-3,-3), (4,5), (5,5), (5,6), (-3,-3), (-3,-3), (-3,-3), (-3,-3), (-3,-3)]
Turtle 4 :[(-4,-4), (12,4), (11,4), (10,4), (9,4), (8,4), (8,3), (-4,-4), (-4,-4)]
Turtle 5 :[(-5,-5), (8,13), (7,13), (7,13), (6,13), (6,13), (5,13), (5,12), (4,12)]

Shrinking Run 31
#Info# Executed steps before collision: 3, Found collision: true
Turtle 1 :[(-1,-1), (6,5), (6,6), (5,6), (4,6), (3,6), (-1,-1)]
Turtle 2 :[(-2,-2), (9,1), (8,1), (7,1), (6,1), (5,1), (5,0)]
Turtle 3 :[(-3,-3), (4,5), (5,5), (5,6), (-3,-3), (-3,-3), (-3,-3)]
Turtle 4 :[(-4,-4), (12,4), (11,4), (10,4), (9,4), (8,4), (8,3)]
Turtle 5 :[(-5,-5), (8,13), (7,13), (6,13), (5,13), (5,12), (4,12)]

Shrinking Run 32
#Info# Executed steps before collision: 3, Found collision: true
Turtle 1 :[(-1,-1), (6,5), (6,6), (5,6), (4,6), (3,6), (-1,-1)]
Turtle 2 :[(-2,-2), (9,1), (8,1), (7,1), (6,1), (5,1), (5,0)]
Turtle 3 :[(-3,-3), (4,5), (5,5), (5,6), (-3,-3), (-3,-3), (-3,-3)]
Turtle 4 :[(-4,-4), (12,4), (11,4), (10,4), (9,4), (8,4), (8,3)]
Turtle 5 :[(-5,-5), (8,13), (7,13), (6,13), (6,12), (5,12), (4,12)]

Shrinking Run 33
#Info# Executed steps before collision: 8, Found collision: false
Turtle 1 :[(-1,-1), (6,5), (5,5), (5,5), (4,5), (4,6), (4,6), (3,6), (2,6)]
Turtle 2 :[(-2,-2), (9,1), (8,1), (7,1), (6,1), (5,1), (5,0), (-2,-2), (-2,-2)]
Turtle 3 :[(-3,-3), (4,5), (4,6), (5,6), (-3,-3), (-3,-3), (-3,-3), (-3,-3), (-3,-3)]
Turtle 4 :[(-4,-4), (12,4), (11,4), (10,4), (9,4), (8,4), (8,3), (-4,-4), (-4,-4)]
Turtle 5 :[(-5,-5), (8,13), (7,13), (6,13), (6,12), (5,12), (4,12), (-5,-5), (-5,-5)]

Shrinking Run 34
#Info# Executed steps before collision: 8, Found collision: false
Turtle 1 :[(-1,-1), (6,5), (6,4), (6,4), (6,3), (6,2), (6,2), (6,1), (5,1)]
Turtle 2 :[(-2,-2), (9,1), (8,1), (7,1), (6,1), (5,1), (5,0), (-2,-2), (-2,-2)]
Turtle 3 :[(-3,-3), (4,5), (5,5), (5,6), (-3,-3), (-3,-3), (-3,-3), (-3,-3), (-3,-3)]
Turtle 4 :[(-4,-4), (12,4), (11,4), (10,4), (9,4), (8,4), (8,3), (-4,-4), (-4,-4)]
Turtle 5 :[(-5,-5), (8,13), (7,13), (6,13), (6,12), (5,12), (4,12), (-5,-5), (-5,-5)]

Shrinking Run 35
#Info# Executed steps before collision: 8, Found collision: false
Turtle 1 :[(-1,-1), (6,5), (6,4), (6,4), (5,4), (5,3), (5,3), (5,2), (4,2)]
Turtle 2 :[(-2,-2), (9,1), (8,1), (7,1), (6,1), (5,1), (5,0), (-2,-2), (-2,-2)]
Turtle 3 :[(-3,-3), (4,5), (5,5), (5,6), (-3,-3), (-3,-3), (-3,-3), (-3,-3), (-3,-3)]
Turtle 4 :[(-4,-4), (12,4), (11,4), (10,4), (9,4), (8,4), (8,3), (-4,-4), (-4,-4)]
Turtle 5 :[(-5,-5), (8,13), (7,13), (6,13), (6,12), (5,12), (4,12), (-5,-5), (-5,-5)]

Shrinking Run 36
#Info# Executed steps before collision: 6, Found collision: false
Turtle 1 :[(-1,-1), (6,5), (6,4), (5,4), (4,4), (3,4), (-1,-1)]
Turtle 2 :[(-2,-2), (9,1), (8,1), (7,1), (6,1), (5,1), (5,0)]
Turtle 3 :[(-3,-3), (4,5), (5,5), (5,6), (-3,-3), (-3,-3), (-3,-3)]
Turtle 4 :[(-4,-4), (12,4), (11,4), (10,4), (9,4), (8,4), (8,3)]
Turtle 5 :[(-5,-5), (8,13), (7,13), (6,13), (6,12), (5,12), (4,12)]

Shrinking Run 37
#Info# Executed steps before collision: 6, Found collision: false
Turtle 1 :[(-1,-1), (6,5), (7,5), (6,5), (5,5), (4,5), (3,5)]
Turtle 2 :[(-2,-2), (9,1), (8,1), (7,1), (6,1), (5,1), (5,0)]
Turtle 3 :[(-3,-3), (4,5), (5,5), (5,6), (-3,-3), (-3,-3), (-3,-3)]
Turtle 4 :[(-4,-4), (12,4), (11,4), (10,4), (9,4), (8,4), (8,3)]
Turtle 5 :[(-5,-5), (8,13), (7,13), (6,13), (6,12), (5,12), (4,12)]

Shrinking Run 38
#Info# Executed steps before collision: 3, Found collision: true
Turtle 1 :[(-1,-1), (6,5), (5,5), (5,6), (4,6), (3,6), (-1,-1)]
Turtle 2 :[(-2,-2), (9,1), (8,1), (7,1), (6,1), (5,1), (5,0)]
Turtle 3 :[(-3,-3), (4,5), (4,6), (5,6), (-3,-3), (-3,-3), (-3,-3)]
Turtle 4 :[(-4,-4), (12,4), (11,4), (10,4), (9,4), (8,4), (8,3)]
Turtle 5 :[(-5,-5), (8,13), (7,13), (6,13), (6,12), (5,12), (4,12)]

Shrinking Run 39
#Info# Executed steps before collision: 6, Found collision: false
Turtle 1 :[(-1,-1), (6,5), (5,5), (4,5), (3,5), (3,6), (-1,-1)]
Turtle 2 :[(-2,-2), (9,1), (8,1), (7,1), (6,1), (5,1), (5,0)]
Turtle 3 :[(-3,-3), (4,5), (4,6), (5,6), (-3,-3), (-3,-3), (-3,-3)]
Turtle 4 :[(-4,-4), (12,4), (11,4), (10,4), (9,4), (8,4), (8,3)]
Turtle 5 :[(-5,-5), (8,13), (7,13), (6,13), (6,12), (5,12), (4,12)]

Shrinking Run 40
#Info# Executed steps before collision: 6, Found collision: false
Turtle 1 :[(-1,-1), (6,5), (5,5), (4,5), (4,6), (3,6), (-1,-1)]
Turtle 2 :[(-2,-2), (9,1), (8,1), (7,1), (6,1), (5,1), (5,0)]
Turtle 3 :[(-3,-3), (4,5), (4,6), (5,6), (-3,-3), (-3,-3), (-3,-3)]
Turtle 4 :[(-4,-4), (12,4), (11,4), (10,4), (9,4), (8,4), (8,3)]
Turtle 5 :[(-5,-5), (8,13), (7,13), (6,13), (6,12), (5,12), (4,12)]

Shrinking Run 41
#Info# Executed steps before collision: 6, Found collision: false
Turtle 1 :[(-1,-1), (6,5), (5,5), (5,6), (4,6), (3,6), (-1,-1)]
Turtle 2 :[(-2,-2), (9,1), (8,1), (7,1), (6,1), (5,1), (4,1)]
Turtle 3 :[(-3,-3), (4,5), (3,5), (4,5), (5,5), (5,6), (-3,-3)]
Turtle 4 :[(-4,-4), (12,4), (11,4), (10,4), (9,4), (8,4), (8,3)]
Turtle 5 :[(-5,-5), (8,13), (7,13), (6,13), (6,12), (5,12), (4,12)]

Shrinking Run 42
#Info# Executed steps before collision: 6, Found collision: false
Turtle 1 :[(-1,-1), (6,5), (5,5), (5,6), (4,6), (3,6), (-1,-1)]
Turtle 2 :[(-2,-2), (9,1), (8,1), (7,1), (6,1), (5,1), (5,0)]
Turtle 3 :[(-3,-3), (4,5), (3,5), (2,5), (1,5), (1,6), (0,6)]
Turtle 4 :[(-4,-4), (12,4), (11,4), (10,4), (9,4), (8,4), (8,3)]
Turtle 5 :[(-5,-5), (8,13), (7,13), (6,13), (6,12), (5,12), (4,12)]

Shrinking Run 43
#Info# Executed steps before collision: 6, Found collision: false
Turtle 1 :[(-1,-1), (6,5), (5,5), (5,6), (4,6), (3,6), (-1,-1)]
Turtle 2 :[(-2,-2), (9,1), (8,1), (7,1), (6,1), (5,1), (5,0)]
Turtle 3 :[(-3,-3), (4,5), (4,6), (3,6), (2,6), (1,6), (-3,-3)]
Turtle 4 :[(-4,-4), (12,4), (11,4), (10,4), (9,4), (8,4), (8,3)]
Turtle 5 :[(-5,-5), (8,13), (7,13), (6,13), (6,12), (5,12), (4,12)]

Shrinking Run 44
#Info# Executed steps before collision: 6, Found collision: false
Turtle 1 :[(-1,-1), (6,5), (5,5), (5,6), (4,6), (3,6), (-1,-1)]
Turtle 2 :[(-2,-2), (9,1), (8,1), (7,1), (6,1), (5,1), (5,0)]
Turtle 3 :[(-3,-3), (4,5), (3,5), (3,6), (-3,-3), (-3,-3), (-3,-3)]
Turtle 4 :[(-4,-4), (12,4), (11,4), (10,4), (9,4), (8,4), (8,3)]
Turtle 5 :[(-5,-5), (8,13), (7,13), (6,13), (6,12), (5,12), (4,12)]

Shrinking Run 45
#Info# Executed steps before collision: 6, Found collision: false
Turtle 1 :[(-1,-1), (6,5), (5,5), (5,6), (4,6), (3,6), (-1,-1)]
Turtle 2 :[(-2,-2), (9,1), (8,1), (7,1), (6,1), (5,1), (5,0)]
Turtle 3 :[(-3,-3), (4,5), (4,6), (-3,-3), (-3,-3), (-3,-3), (-3,-3)]
Turtle 4 :[(-4,-4), (12,4), (11,4), (10,4), (9,4), (8,4), (8,3)]
Turtle 5 :[(-5,-5), (8,13), (7,13), (6,13), (6,12), (5,12), (4,12)]

Shrinking Run 46
#Info# Executed steps before collision: 6, Found collision: false
Turtle 1 :[(-1,-1), (6,5), (5,5), (5,6), (4,6), (3,6), (-1,-1)]
Turtle 2 :[(-2,-2), (9,1), (8,1), (7,1), (6,1), (5,1), (5,0)]
Turtle 3 :[(-3,-3), (4,5), (4,4), (4,3), (4,2), (4,1), (5,1)]
Turtle 4 :[(-4,-4), (12,4), (11,4), (10,4), (9,4), (8,4), (8,3)]
Turtle 5 :[(-5,-5), (8,13), (7,13), (6,13), (6,12), (5,12), (4,12)]

Shrinking Run 47
#Info# Executed steps before collision: 6, Found collision: false
Turtle 1 :[(-1,-1), (6,5), (5,5), (5,6), (4,6), (3,6), (-1,-1)]
Turtle 2 :[(-2,-2), (9,1), (8,1), (7,1), (6,1), (5,1), (5,0)]
Turtle 3 :[(-3,-3), (4,5), (4,4), (4,3), (4,2), (5,2), (-3,-3)]
Turtle 4 :[(-4,-4), (12,4), (11,4), (10,4), (9,4), (8,4), (8,3)]
Turtle 5 :[(-5,-5), (8,13), (7,13), (6,13), (6,12), (5,12), (4,12)]

Shrinking Run 48
#Info# Executed steps before collision: 6, Found collision: false
Turtle 1 :[(-1,-1), (6,5), (5,5), (5,6), (4,6), (3,6), (-1,-1)]
Turtle 2 :[(-2,-2), (9,1), (8,1), (7,1), (6,1), (5,1), (5,0)]
Turtle 3 :[(-3,-3), (4,5), (4,4), (5,4), (-3,-3), (-3,-3), (-3,-3)]
Turtle 4 :[(-4,-4), (12,4), (11,4), (10,4), (9,4), (8,4), (8,3)]
Turtle 5 :[(-5,-5), (8,13), (7,13), (6,13), (6,12), (5,12), (4,12)]

Shrinking Run 49
#Info# Executed steps before collision: 6, Found collision: false
Turtle 1 :[(-1,-1), (6,5), (5,5), (5,6), (4,6), (3,6), (-1,-1)]
Turtle 2 :[(-2,-2), (9,1), (8,1), (7,1), (6,1), (5,1), (5,0)]
Turtle 3 :[(-3,-3), (4,5), (4,4), (5,4), (5,5), (-3,-3), (-3,-3)]
Turtle 4 :[(-4,-4), (12,4), (11,4), (10,4), (9,4), (8,4), (8,3)]
Turtle 5 :[(-5,-5), (8,13), (7,13), (6,13), (6,12), (5,12), (4,12)]

Shrinking Run 50
#Info# Executed steps before collision: 7, Found collision: false
Turtle 1 :[(-1,-1), (6,5), (5,5), (5,6), (4,6), (3,6), (-1,-1), (-1,-1)]
Turtle 2 :[(-2,-2), (9,1), (8,1), (7,1), (6,1), (5,1), (5,0), (-2,-2)]
Turtle 3 :[(-3,-3), (4,5), (4,4), (3,4), (3,5), (4,5), (5,5), (5,6)]
Turtle 4 :[(-4,-4), (12,4), (11,4), (11,3), (10,3), (10,2), (9,2), (-4,-4)]
Turtle 5 :[(-5,-5), (8,13), (7,13), (6,13), (6,12), (5,12), (4,12), (-5,-5)]

Shrink Run 51
#Info# Executed steps before collision: 8, Found collision: false
Turtle 1 :[(-1,-1), (6,5), (5,5), (5,6), (4,6), (3,6), (-1,-1), (-1,-1), (-1,-1)]
Turtle 2 :[(-2,-2), (9,1), (8,1), (7,1), (6,1), (5,1), (5,0), (-2,-2), (-2,-2)]
Turtle 3 :[(-3,-3), (4,5), (3,5), (3,5), (4,5), (5,5), (5,6), (-3,-3), (-3,-3)]
Turtle 4 :[(-4,-4), (12,4), (11,4), (10,4), (9,4), (8,4), (8,3), (-4,-4), (-4,-4)]
Turtle 5 :[(-5,-5), (8,13), (7,13), (7,13), (6,13), (6,13), (6,12), (5,12), (5,11)]

