Shrinking Run 1
#Info# Executed steps before collision: 8, Found collision: false
Turtle 1 :[(-1,-1), (7,19), (7,18), (7,17), (6,17), (5,17), (4,17), (-1,-1), (-1,-1)]
Turtle 2 :[(-2,-2), (2,13), (1,13), (1,14), (0,14), (0,15), (-2,-2), (-2,-2), (-2,-2)]
Turtle 3 :[(-3,-3), (17,8), (17,9), (16,9), (16,10), (16,11), (16,12), (-3,-3), (-3,-3)]
Turtle 4 :[(-4,-4), (19,16), (18,16), (17,16), (16,16), (16,15), (-4,-4), (-4,-4), (-4,-4)]
Turtle 5 :[(-5,-5), (16,9), (16,10), (17,10), (18,10), (19,10), (19,9), (19,8), (19,7)]

Shrinking Run 2
#Info# Executed steps before collision: 3, Found collision: true
Turtle 1 :[(-1,-1), (7,19), (7,18), (6,18), (5,18), (4,18), (3,18), (-1,-1), (-1,-1)]
Turtle 2 :[(-2,-2), (2,13), (1,13), (1,14), (0,14), (0,15), (-2,-2), (-2,-2), (-2,-2)]
Turtle 3 :[(-3,-3), (17,8), (17,9), (16,9), (16,10), (16,11), (16,12), (-3,-3), (-3,-3)]
Turtle 4 :[(-4,-4), (19,16), (18,16), (17,16), (16,16), (16,15), (-4,-4), (-4,-4), (-4,-4)]
Turtle 5 :[(-5,-5), (16,9), (15,9), (16,9), (17,9), (17,8), (17,7), (18,7), (19,7)]

Shrinking Run 3
#Info# Executed steps before collision: 8, Found collision: false
Turtle 1 :[(-1,-1), (7,19), (6,19), (5,19), (4,19), (3,19), (2,19), (-1,-1), (-1,-1)]
Turtle 2 :[(-2,-2), (2,13), (1,13), (1,14), (0,14), (0,15), (-2,-2), (-2,-2), (-2,-2)]
Turtle 3 :[(-3,-3), (17,8), (17,9), (18,9), (18,10), (17,10), (17,11), (17,12), (16,12)]
Turtle 4 :[(-4,-4), (19,16), (18,16), (17,16), (16,16), (16,15), (-4,-4), (-4,-4), (-4,-4)]
Turtle 5 :[(-5,-5), (16,9), (15,9), (15,8), (15,7), (16,7), (17,7), (18,7), (19,7)]

Shrinking Run 4
#Info# Executed steps before collision: 6, Found collision: false
Turtle 1 :[(-1,-1), (7,19), (6,19), (5,19), (5,18), (4,18), (3,18)]
Turtle 2 :[(-2,-2), (2,13), (1,13), (1,14), (0,14), (0,15), (-2,-2)]
Turtle 3 :[(-3,-3), (17,8), (17,9), (16,9), (16,10), (16,11), (16,12)]
Turtle 4 :[(-4,-4), (19,16), (18,16), (17,16), (16,16), (16,15), (-4,-4)]
Turtle 5 :[(-5,-5), (16,9), (16,8), (16,7), (17,7), (18,7), (19,7)]

Shrinking Run 5
#Info# Executed steps before collision: 12, Found collision: false
Turtle 1 :[(-1,-1), (7,19), (7,18), (6,18), (5,18), (4,18), (3,18), (-1,-1), (-1,-1), (-1,-1), (-1,-1), (-1,-1), (-1,-1)]
Turtle 2 :[(-2,-2), (2,13), (2,12), (2,11), (2,10), (1,10), (1,9), (-2,-2), (-2,-2), (-2,-2), (-2,-2), (-2,-2), (-2,-2)]
Turtle 3 :[(-3,-3), (17,8), (17,9), (17,9), (17,8), (17,9), (17,8), (17,9), (17,10), (17,11), (17,12), (16,12), (-3,-3)]
Turtle 4 :[(-4,-4), (19,16), (18,16), (17,16), (16,16), (16,15), (-4,-4), (-4,-4), (-4,-4), (-4,-4), (-4,-4), (-4,-4), (-4,-4)]
Turtle 5 :[(-5,-5), (16,9), (15,9), (16,9), (16,9), (16,9), (16,8), (15,8), (16,8), (17,8), (17,7), (18,7), (19,7)]

Shrinking Run 6
#Info# Executed steps before collision: 8, Found collision: false
Turtle 1 :[(-1,-1), (7,19), (7,18), (6,18), (5,18), (4,18), (3,18), (-1,-1), (-1,-1)]
Turtle 2 :[(-2,-2), (2,13), (1,13), (1,12), (1,11), (0,11), (0,10), (-2,-2), (-2,-2)]
Turtle 3 :[(-3,-3), (17,8), (17,9), (16,9), (16,10), (16,11), (16,12), (-3,-3), (-3,-3)]
Turtle 4 :[(-4,-4), (19,16), (18,16), (17,16), (16,16), (16,15), (-4,-4), (-4,-4), (-4,-4)]
Turtle 5 :[(-5,-5), (16,9), (16,10), (17,10), (18,10), (19,10), (19,9), (19,8), (19,7)]

Shrinking Run 7
#Info# Executed steps before collision: 8, Found collision: false
Turtle 1 :[(-1,-1), (7,19), (7,18), (6,18), (5,18), (4,18), (3,18), (-1,-1), (-1,-1)]
Turtle 2 :[(-2,-2), (2,13), (1,13), (2,13), (2,14), (1,14), (0,14), (-2,-2), (-2,-2)]
Turtle 3 :[(-3,-3), (17,8), (17,9), (16,9), (16,10), (16,11), (16,12), (-3,-3), (-3,-3)]
Turtle 4 :[(-4,-4), (19,16), (18,16), (17,16), (16,16), (16,15), (-4,-4), (-4,-4), (-4,-4)]
Turtle 5 :[(-5,-5), (16,9), (15,9), (15,8), (16,8), (17,8), (18,8), (19,8), (19,7)]

Shrinking Run 8
#Info# Executed steps before collision: 4, Found collision: true
Turtle 1 :[(-1,-1), (7,19), (7,18), (6,18), (5,18), (4,18), (3,18), (-1,-1), (-1,-1), (-1,-1), (-1,-1), (-1,-1)]
Turtle 2 :[(-2,-2), (2,13), (2,14), (1,14), (0,14), (0,15), (-2,-2), (-2,-2), (-2,-2), (-2,-2), (-2,-2), (-2,-2)]
Turtle 3 :[(-3,-3), (17,8), (17,9), (16,9), (16,10), (16,11), (16,12), (-3,-3), (-3,-3), (-3,-3), (-3,-3), (-3,-3)]
Turtle 4 :[(-4,-4), (19,16), (18,16), (17,16), (16,16), (16,15), (-4,-4), (-4,-4), (-4,-4), (-4,-4), (-4,-4), (-4,-4)]
Turtle 5 :[(-5,-5), (16,9), (16,10), (15,10), (16,10), (16,10), (17,10), (18,10), (18,9), (18,8), (18,7), (19,7)]

Shrinking Run 9
#Info# Executed steps before collision: 3, Found collision: true
Turtle 1 :[(-1,-1), (7,19), (7,18), (6,18), (5,18), (4,18), (3,18), (-1,-1), (-1,-1)]
Turtle 2 :[(-2,-2), (2,13), (1,13), (0,13), (0,14), (0,15), (-2,-2), (-2,-2), (-2,-2)]
Turtle 3 :[(-3,-3), (17,8), (17,9), (16,9), (16,10), (16,11), (16,12), (-3,-3), (-3,-3)]
Turtle 4 :[(-4,-4), (19,16), (18,16), (17,16), (16,16), (16,15), (-4,-4), (-4,-4), (-4,-4)]
Turtle 5 :[(-5,-5), (16,9), (15,9), (16,9), (17,9), (18,9), (19,9), (19,8), (19,7)]

Shrinking Run 10
#Info# Executed steps before collision: 2, Found collision: true
Turtle 1 :[(-1,-1), (7,19), (7,18), (6,18), (5,18), (4,18), (3,18)]
Turtle 2 :[(-2,-2), (2,13), (1,13), (0,13), (0,14), (0,15), (-2,-2)]
Turtle 3 :[(-3,-3), (17,8), (17,9), (16,9), (16,10), (15,10), (15,11)]
Turtle 4 :[(-4,-4), (19,16), (18,16), (17,16), (16,16), (16,15), (-4,-4)]
Turtle 5 :[(-5,-5), (16,9), (17,9), (18,9), (18,8), (18,7), (19,7)]

Shrinking Run 11
#Info# Executed steps before collision: 2, Found collision: true
Turtle 1 :[(-1,-1), (7,19), (7,18), (6,18), (5,18), (4,18), (3,18)]
Turtle 2 :[(-2,-2), (2,13), (1,13), (0,13), (0,14), (0,15), (-2,-2)]
Turtle 3 :[(-3,-3), (17,8), (17,9), (16,9), (15,9), (14,9), (14,10)]
Turtle 4 :[(-4,-4), (19,16), (18,16), (17,16), (16,16), (16,15), (-4,-4)]
Turtle 5 :[(-5,-5), (16,9), (17,9), (17,8), (18,8), (19,8), (19,7)]

Shrinking Run 12
#Info# Executed steps before collision: 12, Found collision: false
Turtle 1 :[(-1,-1), (7,19), (7,18), (6,18), (5,18), (4,18), (3,18), (-1,-1), (-1,-1), (-1,-1), (-1,-1), (-1,-1), (-1,-1)]
Turtle 2 :[(-2,-2), (2,13), (1,13), (0,13), (0,14), (0,15), (-2,-2), (-2,-2), (-2,-2), (-2,-2), (-2,-2), (-2,-2), (-2,-2)]
Turtle 3 :[(-3,-3), (17,8), (17,9), (16,9), (15,9), (14,9), (13,9), (-3,-3), (-3,-3), (-3,-3), (-3,-3), (-3,-3), (-3,-3)]
Turtle 4 :[(-4,-4), (19,16), (18,16), (17,16), (16,16), (16,15), (-4,-4), (-4,-4), (-4,-4), (-4,-4), (-4,-4), (-4,-4), (-4,-4)]
Turtle 5 :[(-5,-5), (16,9), (15,9), (14,9), (13,9), (13,8), (14,8), (15,8), (16,8), (16,7), (17,7), (18,7), (19,7)]

Shrinking Run 13
#Info# Executed steps before collision: 2, Found collision: true
Turtle 1 :[(-1,-1), (7,19), (7,18), (6,18), (5,18), (4,18), (3,18)]
Turtle 2 :[(-2,-2), (2,13), (1,13), (0,13), (0,14), (0,15), (-2,-2)]
Turtle 3 :[(-3,-3), (17,8), (17,9), (16,9), (15,9), (14,9), (14,10)]
Turtle 4 :[(-4,-4), (19,16), (19,15), (18,15), (17,15), (16,15), (15,15)]
Turtle 5 :[(-5,-5), (16,9), (17,9), (17,8), (18,8), (19,8), (19,7)]

Shrinking Run 14
#Info# Executed steps before collision: 2, Found collision: true
Turtle 1 :[(-1,-1), (7,19), (7,18), (6,18), (5,18), (4,18), (3,18)]
Turtle 2 :[(-2,-2), (2,13), (1,13), (0,13), (0,14), (0,15), (-2,-2)]
Turtle 3 :[(-3,-3), (17,8), (17,9), (16,9), (15,9), (14,9), (14,10)]
Turtle 4 :[(-4,-4), (19,16), (19,15), (18,15), (17,15), (16,15), (16,14)]
Turtle 5 :[(-5,-5), (16,9), (17,9), (18,9), (18,8), (19,8), (19,7)]

Shrinking Run 15
#Info# Executed steps before collision: 8, Found collision: false
Turtle 1 :[(-1,-1), (7,19), (7,18), (6,18), (5,18), (4,18), (3,18), (-1,-1), (-1,-1)]
Turtle 2 :[(-2,-2), (2,13), (1,13), (0,13), (0,14), (0,15), (-2,-2), (-2,-2), (-2,-2)]
Turtle 3 :[(-3,-3), (17,8), (17,9), (16,9), (15,9), (14,9), (14,10), (-3,-3), (-3,-3)]
Turtle 4 :[(-4,-4), (19,16), (18,16), (17,16), (16,16), (15,16), (15,15), (-4,-4), (-4,-4)]
Turtle 5 :[(-5,-5), (16,9), (16,10), (17,10), (18,10), (18,9), (18,8), (18,7), (19,7)]

Shrinking Run 16
#Info# Executed steps before collision: 11, Found collision: false
Turtle 1 :[(-1,-1), (7,19), (7,18), (6,18), (5,18), (4,18), (3,18), (-1,-1), (-1,-1), (-1,-1), (-1,-1), (-1,-1)]
Turtle 2 :[(-2,-2), (2,13), (1,13), (0,13), (0,14), (0,15), (-2,-2), (-2,-2), (-2,-2), (-2,-2), (-2,-2), (-2,-2)]
Turtle 3 :[(-3,-3), (17,8), (17,9), (16,9), (15,9), (14,9), (14,10), (-3,-3), (-3,-3), (-3,-3), (-3,-3), (-3,-3)]
Turtle 4 :[(-4,-4), (19,16), (18,16), (17,16), (17,15), (16,15), (15,15), (-4,-4), (-4,-4), (-4,-4), (-4,-4), (-4,-4)]
Turtle 5 :[(-5,-5), (16,9), (15,9), (15,9), (15,10), (16,10), (16,9), (17,9), (17,8), (17,7), (18,7), (19,7)]

Shrinking Run 17
#Info# Executed steps before collision: 6, Found collision: false
Turtle 1 :[(-1,-1), (7,19), (7,18), (6,18), (5,18), (4,18), (3,18)]
Turtle 2 :[(-2,-2), (2,13), (1,13), (0,13), (0,14), (0,15), (-2,-2)]
Turtle 3 :[(-3,-3), (17,8), (17,9), (16,9), (15,9), (14,9), (14,10)]
Turtle 4 :[(-4,-4), (19,16), (19,15), (18,15), (17,15), (16,15), (15,15)]
Turtle 5 :[(-5,-5), (16,9), (15,9), (14,9), (13,9), (13,8), (12,8)]

Shrinking Run 18
#Info# Executed steps before collision: 6, Found collision: false
Turtle 1 :[(-1,-1), (7,19), (7,18), (6,18), (5,18), (4,18), (3,18)]
Turtle 2 :[(-2,-2), (2,13), (1,13), (0,13), (0,14), (0,15), (-2,-2)]
Turtle 3 :[(-3,-3), (17,8), (17,9), (16,9), (15,9), (14,9), (14,10)]
Turtle 4 :[(-4,-4), (19,16), (19,15), (18,15), (17,15), (16,15), (15,15)]
Turtle 5 :[(-5,-5), (16,9), (15,9), (14,9), (14,8), (14,7), (13,7)]

Shrinking Run 19
#Info# Executed steps before collision: 10, Found collision: false
Turtle 1 :[(-1,-1), (7,19), (7,18), (6,18), (5,18), (4,18), (3,18), (-1,-1), (-1,-1), (-1,-1), (-1,-1)]
Turtle 2 :[(-2,-2), (2,13), (1,13), (0,13), (0,14), (0,15), (-2,-2), (-2,-2), (-2,-2), (-2,-2), (-2,-2)]
Turtle 3 :[(-3,-3), (17,8), (17,9), (16,9), (15,9), (14,9), (14,10), (-3,-3), (-3,-3), (-3,-3), (-3,-3)]
Turtle 4 :[(-4,-4), (19,16), (19,15), (18,15), (17,15), (16,15), (15,15), (-4,-4), (-4,-4), (-4,-4), (-4,-4)]
Turtle 5 :[(-5,-5), (16,9), (16,9), (16,10), (16,10), (16,9), (16,8), (16,7), (16,6), (16,5), (17,5)]

Shrinking Run 20
#Info# Executed steps before collision: 8, Found collision: false
Turtle 1 :[(-1,-1), (7,19), (7,18), (6,18), (5,18), (4,18), (3,18), (-1,-1), (-1,-1)]
Turtle 2 :[(-2,-2), (2,13), (1,13), (0,13), (0,14), (0,15), (-2,-2), (-2,-2), (-2,-2)]
Turtle 3 :[(-3,-3), (17,8), (17,9), (18,9), (17,9), (16,9), (15,9), (15,10), (14,10)]
Turtle 4 :[(-4,-4), (19,16), (19,15), (18,15), (17,15), (16,15), (15,15), (-4,-4), (-4,-4)]
Turtle 5 :[(-5,-5), (16,9), (15,9), (16,9), (16,8), (16,7), (17,7), (18,7), (18,6)]

Shrinking Run 21
#Info# Executed steps before collision: 8, Found collision: false
Turtle 1 :[(-1,-1), (7,19), (7,18), (6,18), (5,18), (4,18), (3,18), (-1,-1), (-1,-1)]
Turtle 2 :[(-2,-2), (2,13), (1,13), (0,13), (0,14), (0,15), (-2,-2), (-2,-2), (-2,-2)]
Turtle 3 :[(-3,-3), (17,8), (17,9), (16,9), (15,9), (14,9), (14,10), (-3,-3), (-3,-3)]
Turtle 4 :[(-4,-4), (19,16), (19,15), (18,15), (17,15), (16,15), (15,15), (-4,-4), (-4,-4)]
Turtle 5 :[(-5,-5), (16,9), (15,9), (15,8), (15,7), (16,7), (17,7), (18,7), (19,7)]

Shrinking Run 22
#Info# Executed steps before collision: 8, Found collision: false
Turtle 1 :[(-1,-1), (7,19), (7,18), (6,18), (5,18), (4,18), (3,18), (-1,-1), (-1,-1)]
Turtle 2 :[(-2,-2), (2,13), (1,13), (0,13), (0,14), (0,15), (-2,-2), (-2,-2), (-2,-2)]
Turtle 3 :[(-3,-3), (17,8), (17,9), (16,9), (15,9), (14,9), (14,10), (-3,-3), (-3,-3)]
Turtle 4 :[(-4,-4), (19,16), (19,15), (18,15), (17,15), (16,15), (15,15), (-4,-4), (-4,-4)]
Turtle 5 :[(-5,-5), (16,9), (16,10), (17,10), (17,9), (17,8), (18,8), (18,7), (19,7)]

Shrinking Run 23
#Info# Executed steps before collision: 6, Found collision: false
Turtle 1 :[(-1,-1), (7,19), (7,18), (6,18), (5,18), (4,18), (3,18)]
Turtle 2 :[(-2,-2), (2,13), (1,13), (0,13), (0,14), (0,15), (-2,-2)]
Turtle 3 :[(-3,-3), (17,8), (17,9), (16,9), (15,9), (14,9), (14,10)]
Turtle 4 :[(-4,-4), (19,16), (19,15), (18,15), (17,15), (16,15), (15,15)]
Turtle 5 :[(-5,-5), (16,9), (16,8), (17,8), (18,8), (18,7), (19,7)]

Shrinking Run 24
#Info# Executed steps before collision: 8, Found collision: false
Turtle 1 :[(-1,-1), (7,19), (7,18), (7,17), (6,17), (5,17), (4,17), (-1,-1), (-1,-1)]
Turtle 2 :[(-2,-2), (2,13), (1,13), (0,13), (0,14), (0,15), (-2,-2), (-2,-2), (-2,-2)]
Turtle 3 :[(-3,-3), (17,8), (17,9), (17,8), (16,8), (16,9), (15,9), (14,9), (14,10)]
Turtle 4 :[(-4,-4), (19,16), (19,15), (18,15), (17,15), (16,15), (15,15), (-4,-4), (-4,-4)]
Turtle 5 :[(-5,-5), (16,9), (15,9), (16,9), (17,9), (18,9), (18,8), (19,8), (19,7)]

Shrinking Run 25
#Info# Executed steps before collision: 10, Found collision: false
Turtle 1 :[(-1,-1), (7,19), (6,19), (5,19), (4,19), (3,19), (2,19), (-1,-1), (-1,-1), (-1,-1), (-1,-1)]
Turtle 2 :[(-2,-2), (2,13), (1,13), (0,13), (0,14), (0,15), (-2,-2), (-2,-2), (-2,-2), (-2,-2), (-2,-2)]
Turtle 3 :[(-3,-3), (17,8), (17,9), (16,9), (15,9), (14,9), (14,10), (-3,-3), (-3,-3), (-3,-3), (-3,-3)]
Turtle 4 :[(-4,-4), (19,16), (19,15), (18,15), (17,15), (16,15), (15,15), (-4,-4), (-4,-4), (-4,-4), (-4,-4)]
Turtle 5 :[(-5,-5), (16,9), (15,9), (15,10), (16,10), (16,9), (17,9), (18,9), (19,9), (19,8), (19,7)]

Shrinking Run 26
#Info# Executed steps before collision: 2, Found collision: true
Turtle 1 :[(-1,-1), (7,19), (6,19), (5,19), (5,18), (4,18), (3,18)]
Turtle 2 :[(-2,-2), (2,13), (1,13), (0,13), (0,14), (0,15), (-2,-2)]
Turtle 3 :[(-3,-3), (17,8), (17,9), (16,9), (15,9), (14,9), (14,10)]
Turtle 4 :[(-4,-4), (19,16), (19,15), (18,15), (17,15), (16,15), (15,15)]
Turtle 5 :[(-5,-5), (16,9), (17,9), (17,8), (18,8), (18,7), (19,7)]

Shrinking Run 27
#Info# Executed steps before collision: 2, Found collision: true
Turtle 1 :[(-1,-1), (7,19), (6,19), (5,19), (4,19), (4,18), (3,18)]
Turtle 2 :[(-2,-2), (2,13), (1,13), (0,13), (0,14), (0,15), (-2,-2)]
Turtle 3 :[(-3,-3), (17,8), (17,9), (16,9), (15,9), (14,9), (14,10)]
Turtle 4 :[(-4,-4), (19,16), (19,15), (18,15), (17,15), (16,15), (15,15)]
Turtle 5 :[(-5,-5), (16,9), (17,9), (18,9), (19,9), (19,8), (19,7)]

Shrinking Run 28
#Info# Executed steps before collision: 9, Found collision: false
Turtle 1 :[(-1,-1), (7,19), (6,19), (5,19), (4,19), (4,18), (3,18), (-1,-1), (-1,-1), (-1,-1)]
Turtle 2 :[(-2,-2), (2,13), (2,12), (2,11), (2,10), (1,10), (1,9), (-2,-2), (-2,-2), (-2,-2)]
Turtle 3 :[(-3,-3), (17,8), (17,9), (16,9), (15,9), (14,9), (14,10), (-3,-3), (-3,-3), (-3,-3)]
Turtle 4 :[(-4,-4), (19,16), (19,15), (18,15), (17,15), (16,15), (15,15), (-4,-4), (-4,-4), (-4,-4)]
Turtle 5 :[(-5,-5), (16,9), (16,9), (16,10), (17,10), (18,10), (18,9), (18,8), (19,8), (19,7)]

Shrinking Run 29
#Info# Executed steps before collision: 8, Found collision: false
Turtle 1 :[(-1,-1), (7,19), (6,19), (5,19), (4,19), (4,18), (3,18), (-1,-1), (-1,-1)]
Turtle 2 :[(-2,-2), (2,13), (1,13), (1,12), (1,11), (0,11), (0,10), (-2,-2), (-2,-2)]
Turtle 3 :[(-3,-3), (17,8), (17,9), (16,9), (15,9), (14,9), (14,10), (-3,-3), (-3,-3)]
Turtle 4 :[(-4,-4), (19,16), (19,15), (18,15), (17,15), (16,15), (15,15), (-4,-4), (-4,-4)]
Turtle 5 :[(-5,-5), (16,9), (16,10), (17,10), (17,9), (18,9), (18,8), (19,8), (19,7)]

Shrinking Run 30
#Info# Executed steps before collision: 2, Found collision: true
Turtle 1 :[(-1,-1), (7,19), (6,19), (5,19), (4,19), (4,18), (3,18)]
Turtle 2 :[(-2,-2), (2,13), (1,13), (2,13), (2,14), (1,14), (0,14)]
Turtle 3 :[(-3,-3), (17,8), (17,9), (16,9), (15,9), (14,9), (14,10)]
Turtle 4 :[(-4,-4), (19,16), (19,15), (18,15), (17,15), (16,15), (15,15)]
Turtle 5 :[(-5,-5), (16,9), (17,9), (18,9), (19,9), (19,8), (19,7)]

Shrinking Run 31
#Info# Executed steps before collision: 9, Found collision: false
Turtle 1 :[(-1,-1), (7,19), (6,19), (5,19), (4,19), (4,18), (3,18), (-1,-1), (-1,-1), (-1,-1)]
Turtle 2 :[(-2,-2), (2,13), (1,13), (2,13), (2,12), (1,12), (0,12), (-2,-2), (-2,-2), (-2,-2)]
Turtle 3 :[(-3,-3), (17,8), (17,9), (16,9), (15,9), (14,9), (14,10), (-3,-3), (-3,-3), (-3,-3)]
Turtle 4 :[(-4,-4), (19,16), (19,15), (18,15), (17,15), (16,15), (15,15), (-4,-4), (-4,-4), (-4,-4)]
Turtle 5 :[(-5,-5), (16,9), (16,9), (16,10), (17,10), (17,9), (18,9), (19,9), (19,8), (19,7)]

Shrinking Run 32
#Info# Executed steps before collision: 6, Found collision: false
Turtle 1 :[(-1,-1), (7,19), (6,19), (5,19), (4,19), (4,18), (3,18)]
Turtle 2 :[(-2,-2), (2,13), (1,13), (2,13), (1,13), (0,13), (-2,-2)]
Turtle 3 :[(-3,-3), (17,8), (17,9), (16,9), (15,9), (14,9), (14,10)]
Turtle 4 :[(-4,-4), (19,16), (19,15), (18,15), (17,15), (16,15), (15,15)]
Turtle 5 :[(-5,-5), (16,9), (16,8), (17,8), (17,7), (18,7), (19,7)]

Shrinking Run 33
#Info# Executed steps before collision: 11, Found collision: false
Turtle 1 :[(-1,-1), (7,19), (6,19), (5,19), (4,19), (4,18), (3,18), (-1,-1), (-1,-1), (-1,-1), (-1,-1), (-1,-1)]
Turtle 2 :[(-2,-2), (2,13), (1,13), (2,13), (1,13), (0,13), (0,14), (-2,-2), (-2,-2), (-2,-2), (-2,-2), (-2,-2)]
Turtle 3 :[(-3,-3), (17,8), (17,9), (16,9), (15,9), (14,9), (14,10), (-3,-3), (-3,-3), (-3,-3), (-3,-3), (-3,-3)]
Turtle 4 :[(-4,-4), (19,16), (19,15), (18,15), (17,15), (16,15), (15,15), (-4,-4), (-4,-4), (-4,-4), (-4,-4), (-4,-4)]
Turtle 5 :[(-5,-5), (16,9), (15,9), (15,9), (15,10), (15,9), (16,9), (17,9), (18,9), (18,8), (19,8), (19,7)]

Shrinking Run 34
#Info# Executed steps before collision: 7, Found collision: false
Turtle 1 :[(-1,-1), (7,19), (6,19), (5,19), (4,19), (4,18), (3,18), (-1,-1)]
Turtle 2 :[(-2,-2), (2,13), (2,14), (1,14), (0,14), (-2,-2), (-2,-2), (-2,-2)]
Turtle 3 :[(-3,-3), (17,8), (17,9), (16,9), (15,9), (14,9), (14,10), (-3,-3)]
Turtle 4 :[(-4,-4), (19,16), (19,15), (18,15), (17,15), (16,15), (15,15), (-4,-4)]
Turtle 5 :[(-5,-5), (16,9), (16,9), (16,8), (17,8), (17,7), (18,7), (19,7)]

Shrinking Run 35
#Info# Executed steps before collision: 2, Found collision: true
Turtle 1 :[(-1,-1), (7,19), (6,19), (5,19), (4,19), (4,18), (3,18)]
Turtle 2 :[(-2,-2), (2,13), (1,13), (0,13), (1,13), (1,14), (0,14)]
Turtle 3 :[(-3,-3), (17,8), (17,9), (16,9), (15,9), (14,9), (14,10)]
Turtle 4 :[(-4,-4), (19,16), (19,15), (18,15), (17,15), (16,15), (15,15)]
Turtle 5 :[(-5,-5), (16,9), (17,9), (18,9), (18,8), (18,7), (19,7)]

Shrinking Run 36
#Info# Executed steps before collision: 3, Found collision: true
Turtle 1 :[(-1,-1), (7,19), (6,19), (5,19), (4,19), (4,18), (3,18), (-1,-1), (-1,-1)]
Turtle 2 :[(-2,-2), (2,13), (1,13), (1,14), (0,14), (1,14), (0,14), (-2,-2), (-2,-2)]
Turtle 3 :[(-3,-3), (17,8), (17,9), (16,9), (15,9), (14,9), (14,10), (-3,-3), (-3,-3)]
Turtle 4 :[(-4,-4), (19,16), (19,15), (18,15), (17,15), (16,15), (15,15), (-4,-4), (-4,-4)]
Turtle 5 :[(-5,-5), (16,9), (16,9), (16,9), (17,9), (18,9), (18,8), (18,7), (19,7)]

Shrinking Run 37
#Info# Executed steps before collision: 7, Found collision: false
Turtle 1 :[(-1,-1), (7,19), (6,19), (5,19), (4,19), (4,18), (3,18), (-1,-1)]
Turtle 2 :[(-2,-2), (2,13), (1,13), (1,14), (2,14), (1,14), (0,14), (-2,-2)]
Turtle 3 :[(-3,-3), (17,8), (17,9), (16,9), (15,9), (14,9), (14,10), (-3,-3)]
Turtle 4 :[(-4,-4), (19,16), (19,15), (18,15), (17,15), (16,15), (15,15), (-4,-4)]
Turtle 5 :[(-5,-5), (16,9), (16,9), (16,8), (17,8), (18,8), (18,7), (19,7)]

Shrinking Run 38
#Info# Executed steps before collision: 8, Found collision: false
Turtle 1 :[(-1,-1), (7,19), (6,19), (5,19), (4,19), (4,18), (3,18), (-1,-1), (-1,-1)]
Turtle 2 :[(-2,-2), (2,13), (1,13), (1,14), (0,14), (1,14), (0,14), (-2,-2), (-2,-2)]
Turtle 3 :[(-3,-3), (17,8), (17,9), (16,9), (15,9), (14,9), (13,9), (-3,-3), (-3,-3)]
Turtle 4 :[(-4,-4), (19,16), (19,15), (18,15), (17,15), (16,15), (15,15), (-4,-4), (-4,-4)]
Turtle 5 :[(-5,-5), (16,9), (16,10), (17,10), (17,9), (18,9), (18,8), (18,7), (19,7)]

Shrinking Run 39
#Info# Executed steps before collision: 8, Found collision: false
Turtle 1 :[(-1,-1), (7,19), (6,19), (5,19), (4,19), (4,18), (3,18), (-1,-1), (-1,-1)]
Turtle 2 :[(-2,-2), (2,13), (1,13), (1,14), (0,14), (1,14), (0,14), (-2,-2), (-2,-2)]
Turtle 3 :[(-3,-3), (17,8), (17,9), (17,8), (16,8), (16,9), (15,9), (15,10), (14,10)]
Turtle 4 :[(-4,-4), (19,16), (18,16), (17,16), (16,16), (15,16), (15,15), (-4,-4), (-4,-4)]
Turtle 5 :[(-5,-5), (16,9), (16,8), (16,7), (17,7), (18,7), (19,7), (-5,-5), (-5,-5)]

Shrinking Run 40
#Info# Executed steps before collision: 10, Found collision: false
Turtle 1 :[(-1,-1), (7,19), (6,19), (5,19), (4,19), (4,18), (3,18), (-1,-1), (-1,-1), (-1,-1), (-1,-1)]
Turtle 2 :[(-2,-2), (2,13), (1,13), (1,14), (0,14), (1,14), (0,14), (-2,-2), (-2,-2), (-2,-2), (-2,-2)]
Turtle 3 :[(-3,-3), (17,8), (17,9), (16,9), (15,9), (14,9), (14,10), (-3,-3), (-3,-3), (-3,-3), (-3,-3)]
Turtle 4 :[(-4,-4), (19,16), (18,16), (17,16), (17,15), (16,15), (15,15), (-4,-4), (-4,-4), (-4,-4), (-4,-4)]
Turtle 5 :[(-5,-5), (16,9), (16,10), (15,10), (16,10), (16,9), (16,8), (16,7), (17,7), (18,7), (19,7)]

Shrinking Run 41
#Info# Executed steps before collision: 6, Found collision: false
Turtle 1 :[(-1,-1), (7,19), (6,19), (5,19), (4,19), (4,18), (3,18)]
Turtle 2 :[(-2,-2), (2,13), (1,13), (1,14), (0,14), (1,14), (0,14)]
Turtle 3 :[(-3,-3), (17,8), (17,9), (16,9), (15,9), (14,9), (14,10)]
Turtle 4 :[(-4,-4), (19,16), (19,15), (18,15), (17,15), (16,15), (15,15)]
Turtle 5 :[(-5,-5), (16,9), (15,9), (14,9), (13,9), (13,8), (12,8)]

Shrinking Run 42
#Info# Executed steps before collision: 6, Found collision: false
Turtle 1 :[(-1,-1), (7,19), (6,19), (5,19), (4,19), (4,18), (3,18)]
Turtle 2 :[(-2,-2), (2,13), (1,13), (1,14), (0,14), (1,14), (0,14)]
Turtle 3 :[(-3,-3), (17,8), (17,9), (16,9), (15,9), (14,9), (14,10)]
Turtle 4 :[(-4,-4), (19,16), (19,15), (18,15), (17,15), (16,15), (15,15)]
Turtle 5 :[(-5,-5), (16,9), (15,9), (14,9), (14,8), (14,7), (13,7)]

Shrinking Run 43
#Info# Executed steps before collision: 2, Found collision: true
Turtle 1 :[(-1,-1), (7,19), (6,19), (5,19), (4,19), (4,18), (3,18)]
Turtle 2 :[(-2,-2), (2,13), (1,13), (1,14), (0,14), (1,14), (0,14)]
Turtle 3 :[(-3,-3), (17,8), (17,9), (16,9), (15,9), (14,9), (14,10)]
Turtle 4 :[(-4,-4), (19,16), (19,15), (18,15), (17,15), (16,15), (15,15)]
Turtle 5 :[(-5,-5), (16,9), (17,9), (17,8), (17,7), (17,6), (17,5)]

Shrinking Run 44
#Info# Executed steps before collision: 6, Found collision: false
Turtle 1 :[(-1,-1), (7,19), (6,19), (5,19), (4,19), (4,18), (3,18)]
Turtle 2 :[(-2,-2), (2,13), (1,13), (1,14), (0,14), (1,14), (0,14)]
Turtle 3 :[(-3,-3), (17,8), (17,9), (16,9), (15,9), (14,9), (14,10)]
Turtle 4 :[(-4,-4), (19,16), (19,15), (18,15), (17,15), (16,15), (15,15)]
Turtle 5 :[(-5,-5), (16,9), (15,9), (15,8), (15,7), (15,6), (15,5)]

Shrinking Run 45
#Info# Executed steps before collision: 6, Found collision: false
Turtle 1 :[(-1,-1), (7,19), (6,19), (5,19), (4,19), (4,18), (3,18)]
Turtle 2 :[(-2,-2), (2,13), (1,13), (1,14), (0,14), (1,14), (0,14)]
Turtle 3 :[(-3,-3), (17,8), (17,9), (16,9), (15,9), (14,9), (14,10)]
Turtle 4 :[(-4,-4), (19,16), (19,15), (18,15), (17,15), (16,15), (15,15)]
Turtle 5 :[(-5,-5), (16,9), (16,8), (16,7), (16,6), (16,5), (-5,-5)]

Shrinking Run 46
#Info# Executed steps before collision: 6, Found collision: false
Turtle 1 :[(-1,-1), (7,19), (6,19), (5,19), (4,19), (4,18), (3,18)]
Turtle 2 :[(-2,-2), (2,13), (1,13), (1,14), (0,14), (1,14), (0,14)]
Turtle 3 :[(-3,-3), (17,8), (17,9), (16,9), (15,9), (14,9), (14,10)]
Turtle 4 :[(-4,-4), (19,16), (19,15), (18,15), (17,15), (16,15), (15,15)]
Turtle 5 :[(-5,-5), (16,9), (15,9), (15,8), (15,7), (15,6), (14,6)]

Shrinking Run 47
#Info# Executed steps before collision: 6, Found collision: false
Turtle 1 :[(-1,-1), (7,19), (6,19), (5,19), (4,19), (4,18), (3,18)]
Turtle 2 :[(-2,-2), (2,13), (1,13), (1,14), (0,14), (1,14), (0,14)]
Turtle 3 :[(-3,-3), (17,8), (17,9), (16,9), (15,9), (14,9), (14,10)]
Turtle 4 :[(-4,-4), (19,16), (19,15), (18,15), (17,15), (16,15), (15,15)]
Turtle 5 :[(-5,-5), (16,9), (16,8), (16,7), (16,6), (16,5), (16,4)]

Shrinking Run 48
#Info# Executed steps before collision: 7, Found collision: false
Turtle 1 :[(-1,-1), (7,19), (6,19), (5,19), (4,19), (4,18), (3,18), (-1,-1)]
Turtle 2 :[(-2,-2), (2,13), (1,13), (1,14), (0,14), (1,14), (0,14), (-2,-2)]
Turtle 3 :[(-3,-3), (17,8), (17,9), (17,9), (16,9), (15,9), (14,9), (14,10)]
Turtle 4 :[(-4,-4), (19,16), (19,15), (18,15), (17,15), (16,15), (15,15), (-4,-4)]
Turtle 5 :[(-5,-5), (16,9), (16,8), (16,7), (17,7), (17,6), (17,5), (-5,-5)]

Shrinking Run 49
#Info# Executed steps before collision: 6, Found collision: false
Turtle 1 :[(-1,-1), (7,19), (6,19), (5,19), (4,19), (4,18), (3,18)]
Turtle 2 :[(-2,-2), (2,13), (1,13), (1,14), (0,14), (1,14), (0,14)]
Turtle 3 :[(-3,-3), (17,8), (17,9), (16,9), (15,9), (14,9), (14,10)]
Turtle 4 :[(-4,-4), (19,16), (19,15), (18,15), (17,15), (16,15), (15,15)]
Turtle 5 :[(-5,-5), (16,9), (16,8), (17,8), (17,7), (17,6), (17,5)]

Shrinking Run 50
#Info# Executed steps before collision: 2, Found collision: true
Turtle 1 :[(-1,-1), (7,19), (7,18), (7,17), (6,17), (5,17), (4,17), (-1,-1)]
Turtle 2 :[(-2,-2), (2,13), (1,13), (1,14), (0,14), (1,14), (0,14), (-2,-2)]
Turtle 3 :[(-3,-3), (17,8), (17,9), (17,9), (16,9), (15,9), (14,9), (14,10)]
Turtle 4 :[(-4,-4), (19,16), (19,15), (18,15), (17,15), (16,15), (15,15), (-4,-4)]
Turtle 5 :[(-5,-5), (16,9), (17,9), (17,8), (17,7), (17,6), (17,5), (-5,-5)]

Shrinking Run 51
#Info# Executed steps before collision: 8, Found collision: false
Turtle 1 :[(-1,-1), (7,19), (7,18), (6,18), (6,17), (5,17), (4,17), (-1,-1), (-1,-1)]
Turtle 2 :[(-2,-2), (2,13), (1,13), (1,14), (0,14), (1,14), (0,14), (-2,-2), (-2,-2)]
Turtle 3 :[(-3,-3), (17,8), (17,9), (17,8), (17,9), (16,9), (16,10), (15,10), (14,10)]
Turtle 4 :[(-4,-4), (19,16), (19,15), (18,15), (17,15), (16,15), (15,15), (-4,-4), (-4,-4)]
Turtle 5 :[(-5,-5), (16,9), (15,9), (15,8), (15,7), (16,7), (16,6), (16,5), (17,5)]

Shrinking Run 52
#Info# Executed steps before collision: 7, Found collision: false
Turtle 1 :[(-1,-1), (7,19), (6,19), (6,18), (5,18), (4,18), (4,17), (-1,-1)]
Turtle 2 :[(-2,-2), (2,13), (1,13), (1,14), (0,14), (1,14), (0,14), (-2,-2)]
Turtle 3 :[(-3,-3), (17,8), (17,9), (16,9), (15,9), (14,9), (14,10), (-3,-3)]
Turtle 4 :[(-4,-4), (19,16), (19,15), (18,15), (17,15), (16,15), (15,15), (-4,-4)]
Turtle 5 :[(-5,-5), (16,9), (16,9), (16,8), (17,8), (17,7), (17,6), (17,5)]

Shrinking Run 53
#Info# Executed steps before collision: 8, Found collision: false
Turtle 1 :[(-1,-1), (7,19), (6,19), (5,19), (5,18), (5,17), (4,17), (-1,-1), (-1,-1)]
Turtle 2 :[(-2,-2), (2,13), (1,13), (1,14), (0,14), (1,14), (0,14), (-2,-2), (-2,-2)]
Turtle 3 :[(-3,-3), (17,8), (17,9), (16,9), (15,9), (14,9), (14,10), (-3,-3), (-3,-3)]
Turtle 4 :[(-4,-4), (19,16), (19,15), (18,15), (17,15), (16,15), (15,15), (-4,-4), (-4,-4)]
Turtle 5 :[(-5,-5), (16,9), (15,9), (15,8), (15,7), (16,7), (16,6), (17,6), (17,5)]

Shrinking Run 54
#Info# Executed steps before collision: 11, Found collision: false
Turtle 1 :[(-1,-1), (7,19), (6,19), (6,18), (6,17), (5,17), (4,17), (-1,-1), (-1,-1), (-1,-1), (-1,-1), (-1,-1)]
Turtle 2 :[(-2,-2), (2,13), (1,13), (1,14), (0,14), (1,14), (0,14), (-2,-2), (-2,-2), (-2,-2), (-2,-2), (-2,-2)]
Turtle 3 :[(-3,-3), (17,8), (17,9), (16,9), (15,9), (14,9), (14,10), (-3,-3), (-3,-3), (-3,-3), (-3,-3), (-3,-3)]
Turtle 4 :[(-4,-4), (19,16), (19,15), (18,15), (17,15), (16,15), (15,15), (-4,-4), (-4,-4), (-4,-4), (-4,-4), (-4,-4)]
Turtle 5 :[(-5,-5), (16,9), (16,10), (15,10), (15,10), (15,9), (16,9), (16,8), (16,7), (16,6), (17,6), (17,5)]

Shrinking Run 55
#Info# Executed steps before collision: 6, Found collision: false
Turtle 1 :[(-1,-1), (7,19), (7,18), (6,18), (5,18), (5,17), (4,17)]
Turtle 2 :[(-2,-2), (2,13), (1,13), (1,14), (0,14), (1,14), (0,14)]
Turtle 3 :[(-3,-3), (17,8), (17,9), (17,10), (16,10), (15,10), (14,10)]
Turtle 4 :[(-4,-4), (19,16), (19,15), (18,15), (17,15), (16,15), (15,15)]
Turtle 5 :[(-5,-5), (16,9), (16,8), (16,7), (16,6), (16,5), (17,5)]

Shrinking Run 56
#Info# Executed steps before collision: 2, Found collision: true
Turtle 1 :[(-1,-1), (7,19), (7,18), (7,17), (6,17), (5,17), (4,17)]
Turtle 2 :[(-2,-2), (2,13), (2,12), (2,11), (2,10), (1,10), (1,9)]
Turtle 3 :[(-3,-3), (17,8), (17,9), (16,9), (15,9), (14,9), (14,10)]
Turtle 4 :[(-4,-4), (19,16), (19,15), (18,15), (17,15), (16,15), (15,15)]
Turtle 5 :[(-5,-5), (16,9), (17,9), (17,8), (17,7), (17,6), (17,5)]

Shrinking Run 57
#Info# Executed steps before collision: 2, Found collision: true
Turtle 1 :[(-1,-1), (7,19), (7,18), (7,17), (6,17), (5,17), (4,17)]
Turtle 2 :[(-2,-2), (2,13), (2,12), (2,11), (1,11), (0,11), (0,10)]
Turtle 3 :[(-3,-3), (17,8), (17,9), (16,9), (15,9), (14,9), (14,10)]
Turtle 4 :[(-4,-4), (19,16), (19,15), (18,15), (17,15), (16,15), (15,15)]
Turtle 5 :[(-5,-5), (16,9), (17,9), (17,8), (17,7), (17,6), (17,5)]

Shrinking Run 58
#Info# Executed steps before collision: 6, Found collision: false
Turtle 1 :[(-1,-1), (7,19), (7,18), (7,17), (6,17), (5,17), (4,17)]
Turtle 2 :[(-2,-2), (2,13), (1,13), (1,12), (1,11), (0,11), (0,10)]
Turtle 3 :[(-3,-3), (17,8), (17,9), (16,9), (15,9), (14,9), (14,10)]
Turtle 4 :[(-4,-4), (19,16), (19,15), (18,15), (17,15), (16,15), (15,15)]
Turtle 5 :[(-5,-5), (16,9), (16,8), (16,7), (17,7), (17,6), (17,5)]

Shrinking Run 59
#Info# Executed steps before collision: 8, Found collision: false
Turtle 1 :[(-1,-1), (7,19), (7,18), (7,17), (6,17), (5,17), (4,17), (-1,-1), (-1,-1)]
Turtle 2 :[(-2,-2), (2,13), (2,12), (1,12), (1,11), (0,11), (0,10), (-2,-2), (-2,-2)]
Turtle 3 :[(-3,-3), (17,8), (17,9), (16,9), (15,9), (14,9), (14,10), (-3,-3), (-3,-3)]
Turtle 4 :[(-4,-4), (19,16), (19,15), (18,15), (17,15), (16,15), (15,15), (-4,-4), (-4,-4)]
Turtle 5 :[(-5,-5), (16,9), (15,9), (15,8), (16,8), (16,7), (17,7), (17,6), (17,5)]

Shrinking Run 60
#Info# Executed steps before collision: 6, Found collision: false
Turtle 1 :[(-1,-1), (7,19), (7,18), (7,17), (6,17), (5,17), (4,17)]
Turtle 2 :[(-2,-2), (2,13), (2,12), (2,11), (1,11), (0,11), (0,10)]
Turtle 3 :[(-3,-3), (17,8), (17,7), (16,7), (16,6), (15,6), (15,5)]
Turtle 4 :[(-4,-4), (19,16), (19,15), (18,15), (17,15), (16,15), (15,15)]
Turtle 5 :[(-5,-5), (16,9), (17,9), (17,8), (17,7), (17,6), (17,5)]

Shrinking Run 61
#Info# Executed steps before collision: 6, Found collision: false
Turtle 1 :[(-1,-1), (7,19), (7,18), (7,17), (6,17), (5,17), (4,17)]
Turtle 2 :[(-2,-2), (2,13), (2,12), (2,11), (1,11), (0,11), (0,10)]
Turtle 3 :[(-3,-3), (17,8), (16,8), (15,8), (15,9), (14,9), (13,9)]
Turtle 4 :[(-4,-4), (19,16), (19,15), (18,15), (17,15), (16,15), (15,15)]
Turtle 5 :[(-5,-5), (16,9), (17,9), (17,8), (17,7), (17,6), (17,5)]

Shrinking Run 62
#Info# Executed steps before collision: 6, Found collision: false
Turtle 1 :[(-1,-1), (7,19), (7,18), (7,17), (6,17), (5,17), (4,17)]
Turtle 2 :[(-2,-2), (2,13), (2,12), (2,11), (1,11), (0,11), (0,10)]
Turtle 3 :[(-3,-3), (17,8), (16,8), (15,8), (15,9), (14,9), (14,10)]
Turtle 4 :[(-4,-4), (19,16), (19,15), (18,15), (17,15), (16,15), (15,15)]
Turtle 5 :[(-5,-5), (16,9), (17,9), (17,8), (17,7), (17,6), (17,5)]

Shrinking Run 63
#Info# Executed steps before collision: 10, Found collision: false
Turtle 1 :[(-1,-1), (7,19), (7,18), (7,17), (6,17), (5,17), (4,17), (-1,-1), (-1,-1), (-1,-1), (-1,-1)]
Turtle 2 :[(-2,-2), (2,13), (2,12), (2,11), (1,11), (0,11), (0,10), (-2,-2), (-2,-2), (-2,-2), (-2,-2)]
Turtle 3 :[(-3,-3), (17,8), (17,9), (17,8), (16,8), (15,8), (14,8), (13,8), (13,9), (-3,-3), (-3,-3)]
Turtle 4 :[(-4,-4), (19,16), (19,15), (18,15), (17,15), (16,15), (15,15), (-4,-4), (-4,-4), (-4,-4), (-4,-4)]
Turtle 5 :[(-5,-5), (16,9), (16,10), (16,9), (17,9), (16,9), (17,9), (17,8), (17,7), (17,6), (17,5)]

Shrinking Run 64
#Info# Executed steps before collision: 8, Found collision: false
Turtle 1 :[(-1,-1), (7,19), (7,18), (7,17), (6,17), (5,17), (4,17), (-1,-1), (-1,-1)]
Turtle 2 :[(-2,-2), (2,13), (2,12), (2,11), (1,11), (0,11), (0,10), (-2,-2), (-2,-2)]
Turtle 3 :[(-3,-3), (17,8), (17,9), (16,9), (15,9), (14,9), (14,10), (-3,-3), (-3,-3)]
Turtle 4 :[(-4,-4), (19,16), (18,16), (17,16), (16,16), (15,16), (15,15), (-4,-4), (-4,-4)]
Turtle 5 :[(-5,-5), (16,9), (16,10), (17,10), (17,9), (17,8), (17,7), (17,6), (17,5)]

Shrinking Run 65
#Info# Executed steps before collision: 8, Found collision: false
Turtle 1 :[(-1,-1), (7,19), (7,18), (7,17), (6,17), (5,17), (4,17), (-1,-1), (-1,-1)]
Turtle 2 :[(-2,-2), (2,13), (2,12), (2,11), (1,11), (0,11), (0,10), (-2,-2), (-2,-2)]
Turtle 3 :[(-3,-3), (17,8), (17,9), (17,10), (16,10), (15,10), (14,10), (-3,-3), (-3,-3)]
Turtle 4 :[(-4,-4), (19,16), (18,16), (17,16), (17,15), (16,15), (15,15), (-4,-4), (-4,-4)]
Turtle 5 :[(-5,-5), (16,9), (16,10), (16,9), (16,8), (16,7), (16,6), (17,6), (17,5)]

Shrinking Run 66
#Info# Executed steps before collision: 6, Found collision: false
Turtle 1 :[(-1,-1), (7,19), (7,18), (7,17), (6,17), (5,17), (4,17)]
Turtle 2 :[(-2,-2), (2,13), (2,12), (2,11), (1,11), (0,11), (0,10)]
Turtle 3 :[(-3,-3), (17,8), (17,9), (16,9), (15,9), (14,9), (14,10)]
Turtle 4 :[(-4,-4), (19,16), (19,15), (18,15), (17,15), (16,15), (15,15)]
Turtle 5 :[(-5,-5), (16,9), (15,9), (14,9), (13,9), (13,8), (12,8)]

Shrinking Run 67
#Info# Executed steps before collision: 8, Found collision: false
Turtle 1 :[(-1,-1), (7,19), (7,18), (7,17), (6,17), (5,17), (4,17), (-1,-1), (-1,-1)]
Turtle 2 :[(-2,-2), (2,13), (2,12), (2,11), (1,11), (0,11), (0,10), (-2,-2), (-2,-2)]
Turtle 3 :[(-3,-3), (17,8), (17,9), (18,9), (17,9), (16,9), (16,10), (15,10), (14,10)]
Turtle 4 :[(-4,-4), (19,16), (19,15), (18,15), (17,15), (16,15), (15,15), (-4,-4), (-4,-4)]
Turtle 5 :[(-5,-5), (16,9), (15,9), (14,9), (14,8), (14,7), (13,7), (-5,-5), (-5,-5)]

Shrinking Run 68
#Info# Executed steps before collision: 6, Found collision: false
Turtle 1 :[(-1,-1), (7,19), (7,18), (7,17), (6,17), (5,17), (4,17)]
Turtle 2 :[(-2,-2), (2,13), (2,12), (2,11), (1,11), (0,11), (0,10)]
Turtle 3 :[(-3,-3), (17,8), (17,9), (16,9), (15,9), (14,9), (14,10)]
Turtle 4 :[(-4,-4), (19,16), (19,15), (18,15), (17,15), (16,15), (15,15)]
Turtle 5 :[(-5,-5), (16,9), (15,9), (15,8), (15,7), (15,6), (15,5)]

Shrinking Run 69
#Info# Executed steps before collision: 6, Found collision: false
Turtle 1 :[(-1,-1), (7,19), (7,18), (7,17), (6,17), (5,17), (4,17)]
Turtle 2 :[(-2,-2), (2,13), (2,12), (2,11), (1,11), (0,11), (0,10)]
Turtle 3 :[(-3,-3), (17,8), (17,9), (16,9), (15,9), (14,9), (14,10)]
Turtle 4 :[(-4,-4), (19,16), (19,15), (18,15), (17,15), (16,15), (15,15)]
Turtle 5 :[(-5,-5), (16,9), (16,8), (16,7), (16,6), (16,5), (-5,-5)]

Shrinking Run 70
#Info# Executed steps before collision: 6, Found collision: false
Turtle 1 :[(-1,-1), (7,19), (7,18), (7,17), (6,17), (5,17), (4,17)]
Turtle 2 :[(-2,-2), (2,13), (2,12), (2,11), (1,11), (0,11), (0,10)]
Turtle 3 :[(-3,-3), (17,8), (17,9), (16,9), (15,9), (14,9), (14,10)]
Turtle 4 :[(-4,-4), (19,16), (19,15), (18,15), (17,15), (16,15), (15,15)]
Turtle 5 :[(-5,-5), (16,9), (15,9), (15,8), (15,7), (15,6), (14,6)]

Shrinking Run 71
#Info# Executed steps before collision: 6, Found collision: false
Turtle 1 :[(-1,-1), (7,19), (7,18), (7,17), (6,17), (5,17), (4,17)]
Turtle 2 :[(-2,-2), (2,13), (2,12), (2,11), (1,11), (0,11), (0,10)]
Turtle 3 :[(-3,-3), (17,8), (17,9), (16,9), (15,9), (14,9), (14,10)]
Turtle 4 :[(-4,-4), (19,16), (19,15), (18,15), (17,15), (16,15), (15,15)]
Turtle 5 :[(-5,-5), (16,9), (16,8), (16,7), (16,6), (16,5), (16,4)]

Shrinking Run 72
#Info# Executed steps before collision: 6, Found collision: false
Turtle 1 :[(-1,-1), (7,19), (7,18), (7,17), (6,17), (5,17), (4,17)]
Turtle 2 :[(-2,-2), (2,13), (2,12), (2,11), (1,11), (0,11), (0,10)]
Turtle 3 :[(-3,-3), (17,8), (17,9), (16,9), (15,9), (14,9), (14,10)]
Turtle 4 :[(-4,-4), (19,16), (19,15), (18,15), (17,15), (16,15), (15,15)]
Turtle 5 :[(-5,-5), (16,9), (16,8), (16,7), (17,7), (17,6), (17,5)]

Shrinking Run 73
#Info# Executed steps before collision: 6, Found collision: false
Turtle 1 :[(-1,-1), (7,19), (7,18), (7,17), (6,17), (5,17), (4,17)]
Turtle 2 :[(-2,-2), (2,13), (2,12), (2,11), (1,11), (0,11), (0,10)]
Turtle 3 :[(-3,-3), (17,8), (17,9), (16,9), (15,9), (14,9), (14,10)]
Turtle 4 :[(-4,-4), (19,16), (19,15), (18,15), (17,15), (16,15), (15,15)]
Turtle 5 :[(-5,-5), (16,9), (16,8), (17,8), (17,7), (17,6), (17,5)]

Shrinking Run 74
#Info# Executed steps before collision: 8, Found collision: false
Turtle 1 :[(-1,-1), (7,19), (7,18), (6,18), (6,17), (5,17), (4,17), (-1,-1), (-1,-1)]
Turtle 2 :[(-2,-2), (2,13), (2,12), (2,11), (1,11), (0,11), (0,10), (-2,-2), (-2,-2)]
Turtle 3 :[(-3,-3), (17,8), (17,9), (17,10), (16,10), (15,10), (14,10), (-3,-3), (-3,-3)]
Turtle 4 :[(-4,-4), (19,16), (19,15), (18,15), (17,15), (16,15), (15,15), (-4,-4), (-4,-4)]
Turtle 5 :[(-5,-5), (16,9), (16,10), (16,9), (16,8), (16,7), (16,6), (17,6), (17,5)]

Shrinking Run 75
#Info# Executed steps before collision: 10, Found collision: false
Turtle 1 :[(-1,-1), (7,19), (6,19), (6,18), (5,18), (4,18), (4,17), (-1,-1), (-1,-1), (-1,-1), (-1,-1)]
Turtle 2 :[(-2,-2), (2,13), (2,12), (2,11), (1,11), (0,11), (0,10), (-2,-2), (-2,-2), (-2,-2), (-2,-2)]
Turtle 3 :[(-3,-3), (17,8), (17,9), (16,9), (15,9), (14,9), (14,10), (-3,-3), (-3,-3), (-3,-3), (-3,-3)]
Turtle 4 :[(-4,-4), (19,16), (19,15), (18,15), (17,15), (16,15), (15,15), (-4,-4), (-4,-4), (-4,-4), (-4,-4)]
Turtle 5 :[(-5,-5), (16,9), (16,10), (16,11), (17,11), (17,10), (17,9), (17,8), (17,7), (17,6), (17,5)]

Shrinking Run 76
#Info# Executed steps before collision: 2, Found collision: true
Turtle 1 :[(-1,-1), (7,19), (6,19), (5,19), (5,18), (5,17), (4,17)]
Turtle 2 :[(-2,-2), (2,13), (2,12), (2,11), (1,11), (0,11), (0,10)]
Turtle 3 :[(-3,-3), (17,8), (17,9), (16,9), (15,9), (14,9), (14,10)]
Turtle 4 :[(-4,-4), (19,16), (19,15), (18,15), (17,15), (16,15), (15,15)]
Turtle 5 :[(-5,-5), (16,9), (17,9), (17,8), (17,7), (17,6), (17,5)]

Shrinking Run 77
#Info# Executed steps before collision: 2, Found collision: true
Turtle 1 :[(-1,-1), (7,19), (6,19), (6,18), (6,17), (5,17), (4,17), (-1,-1)]
Turtle 2 :[(-2,-2), (2,13), (2,12), (2,11), (1,11), (0,11), (0,10), (-2,-2)]
Turtle 3 :[(-3,-3), (17,8), (17,9), (17,9), (16,9), (15,9), (14,9), (14,10)]
Turtle 4 :[(-4,-4), (19,16), (19,15), (18,15), (17,15), (16,15), (15,15), (-4,-4)]
Turtle 5 :[(-5,-5), (16,9), (17,9), (17,8), (17,7), (17,6), (17,5), (-5,-5)]

Shrinking Run 78
#Info# Executed steps before collision: 8, Found collision: false
Turtle 1 :[(-1,-1), (7,19), (6,19), (6,18), (5,18), (5,17), (4,17), (-1,-1), (-1,-1)]
Turtle 2 :[(-2,-2), (2,13), (2,12), (2,11), (1,11), (0,11), (0,10), (-2,-2), (-2,-2)]
Turtle 3 :[(-3,-3), (17,8), (17,9), (17,8), (17,9), (16,9), (15,9), (14,9), (14,10)]
Turtle 4 :[(-4,-4), (19,16), (19,15), (18,15), (17,15), (16,15), (15,15), (-4,-4), (-4,-4)]
Turtle 5 :[(-5,-5), (16,9), (15,9), (15,8), (15,7), (15,6), (15,5), (16,5), (17,5)]

Shrinking Run 79
#Info# Executed steps before collision: 8, Found collision: false
Turtle 1 :[(-1,-1), (7,19), (6,19), (6,18), (6,17), (5,17), (4,17), (-1,-1), (-1,-1)]
Turtle 2 :[(-2,-2), (2,13), (1,13), (1,12), (1,11), (0,11), (0,10), (-2,-2), (-2,-2)]
Turtle 3 :[(-3,-3), (17,8), (17,9), (16,9), (15,9), (14,9), (14,10), (-3,-3), (-3,-3)]
Turtle 4 :[(-4,-4), (19,16), (19,15), (18,15), (17,15), (16,15), (15,15), (-4,-4), (-4,-4)]
Turtle 5 :[(-5,-5), (16,9), (16,10), (17,10), (17,9), (17,8), (17,7), (17,6), (17,5)]

Shrinking Run 80
#Info# Executed steps before collision: 8, Found collision: false
Turtle 1 :[(-1,-1), (7,19), (6,19), (6,18), (6,17), (5,17), (4,17), (-1,-1), (-1,-1)]
Turtle 2 :[(-2,-2), (2,13), (2,12), (1,12), (1,11), (0,11), (0,10), (-2,-2), (-2,-2)]
Turtle 3 :[(-3,-3), (17,8), (17,9), (16,9), (15,9), (14,9), (14,10), (-3,-3), (-3,-3)]
Turtle 4 :[(-4,-4), (19,16), (19,15), (18,15), (17,15), (16,15), (15,15), (-4,-4), (-4,-4)]
Turtle 5 :[(-5,-5), (16,9), (16,10), (17,10), (17,9), (17,8), (17,7), (17,6), (17,5)]

Shrinking Run 81
#Info# Executed steps before collision: 6, Found collision: false
Turtle 1 :[(-1,-1), (7,19), (6,19), (6,18), (6,17), (5,17), (4,17)]
Turtle 2 :[(-2,-2), (2,13), (2,12), (2,11), (1,11), (0,11), (0,10)]
Turtle 3 :[(-3,-3), (17,8), (17,7), (16,7), (16,6), (15,6), (15,5)]
Turtle 4 :[(-4,-4), (19,16), (19,15), (18,15), (17,15), (16,15), (15,15)]
Turtle 5 :[(-5,-5), (16,9), (17,9), (17,8), (17,7), (17,6), (17,5)]

Shrinking Run 82
#Info# Executed steps before collision: 6, Found collision: false
Turtle 1 :[(-1,-1), (7,19), (6,19), (6,18), (6,17), (5,17), (4,17)]
Turtle 2 :[(-2,-2), (2,13), (2,12), (2,11), (1,11), (0,11), (0,10)]
Turtle 3 :[(-3,-3), (17,8), (16,8), (15,8), (15,9), (14,9), (13,9)]
Turtle 4 :[(-4,-4), (19,16), (19,15), (18,15), (17,15), (16,15), (15,15)]
Turtle 5 :[(-5,-5), (16,9), (17,9), (17,8), (17,7), (17,6), (17,5)]

Shrinking Run 83
#Info# Executed steps before collision: 6, Found collision: false
Turtle 1 :[(-1,-1), (7,19), (6,19), (6,18), (6,17), (5,17), (4,17)]
Turtle 2 :[(-2,-2), (2,13), (2,12), (2,11), (1,11), (0,11), (0,10)]
Turtle 3 :[(-3,-3), (17,8), (16,8), (15,8), (15,9), (14,9), (14,10)]
Turtle 4 :[(-4,-4), (19,16), (19,15), (18,15), (17,15), (16,15), (15,15)]
Turtle 5 :[(-5,-5), (16,9), (17,9), (17,8), (17,7), (17,6), (17,5)]

Shrinking Run 84
#Info# Executed steps before collision: 2, Found collision: true
Turtle 1 :[(-1,-1), (7,19), (6,19), (6,18), (6,17), (5,17), (4,17)]
Turtle 2 :[(-2,-2), (2,13), (2,12), (2,11), (1,11), (0,11), (0,10)]
Turtle 3 :[(-3,-3), (17,8), (17,9), (16,9), (15,9), (14,9), (13,9)]
Turtle 4 :[(-4,-4), (19,16), (19,15), (18,15), (17,15), (16,15), (15,15)]
Turtle 5 :[(-5,-5), (16,9), (17,9), (17,8), (17,7), (17,6), (17,5)]

Shrinking Run 85
#Info# Executed steps before collision: 8, Found collision: false
Turtle 1 :[(-1,-1), (7,19), (6,19), (6,18), (6,17), (5,17), (4,17), (-1,-1), (-1,-1)]
Turtle 2 :[(-2,-2), (2,13), (2,12), (2,11), (1,11), (0,11), (0,10), (-2,-2), (-2,-2)]
Turtle 3 :[(-3,-3), (17,8), (17,9), (17,10), (16,10), (15,10), (14,10), (14,9), (13,9)]
Turtle 4 :[(-4,-4), (19,16), (18,16), (17,16), (16,16), (15,16), (15,15), (-4,-4), (-4,-4)]
Turtle 5 :[(-5,-5), (16,9), (16,8), (16,7), (16,6), (16,5), (17,5), (-5,-5), (-5,-5)]

Shrinking Run 86
#Info# Executed steps before collision: 6, Found collision: false
Turtle 1 :[(-1,-1), (7,19), (6,19), (6,18), (6,17), (5,17), (4,17)]
Turtle 2 :[(-2,-2), (2,13), (2,12), (2,11), (1,11), (0,11), (0,10)]
Turtle 3 :[(-3,-3), (17,8), (17,9), (16,9), (15,9), (14,9), (13,9)]
Turtle 4 :[(-4,-4), (19,16), (18,16), (17,16), (17,15), (16,15), (15,15)]
Turtle 5 :[(-5,-5), (16,9), (16,8), (16,7), (16,6), (16,5), (17,5)]

Shrinking Run 87
#Info# Executed steps before collision: 6, Found collision: false
Turtle 1 :[(-1,-1), (7,19), (6,19), (6,18), (6,17), (5,17), (4,17)]
Turtle 2 :[(-2,-2), (2,13), (2,12), (2,11), (1,11), (0,11), (0,10)]
Turtle 3 :[(-3,-3), (17,8), (17,9), (16,9), (15,9), (14,9), (13,9)]
Turtle 4 :[(-4,-4), (19,16), (19,15), (18,15), (17,15), (16,15), (15,15)]
Turtle 5 :[(-5,-5), (16,9), (15,9), (14,9), (13,9), (13,8), (12,8)]

Shrinking Run 88
#Info# Executed steps before collision: 6, Found collision: false
Turtle 1 :[(-1,-1), (7,19), (6,19), (6,18), (6,17), (5,17), (4,17)]
Turtle 2 :[(-2,-2), (2,13), (2,12), (2,11), (1,11), (0,11), (0,10)]
Turtle 3 :[(-3,-3), (17,8), (17,9), (16,9), (15,9), (14,9), (13,9)]
Turtle 4 :[(-4,-4), (19,16), (19,15), (18,15), (17,15), (16,15), (15,15)]
Turtle 5 :[(-5,-5), (16,9), (15,9), (14,9), (14,8), (14,7), (13,7)]

Shrinking Run 89
#Info# Executed steps before collision: 6, Found collision: false
Turtle 1 :[(-1,-1), (7,19), (6,19), (6,18), (6,17), (5,17), (4,17)]
Turtle 2 :[(-2,-2), (2,13), (2,12), (2,11), (1,11), (0,11), (0,10)]
Turtle 3 :[(-3,-3), (17,8), (17,9), (16,9), (15,9), (14,9), (13,9)]
Turtle 4 :[(-4,-4), (19,16), (19,15), (18,15), (17,15), (16,15), (15,15)]
Turtle 5 :[(-5,-5), (16,9), (15,9), (15,8), (15,7), (15,6), (15,5)]

Shrinking Run 90
#Info# Executed steps before collision: 6, Found collision: false
Turtle 1 :[(-1,-1), (7,19), (6,19), (6,18), (6,17), (5,17), (4,17)]
Turtle 2 :[(-2,-2), (2,13), (2,12), (2,11), (1,11), (0,11), (0,10)]
Turtle 3 :[(-3,-3), (17,8), (17,9), (16,9), (15,9), (14,9), (13,9)]
Turtle 4 :[(-4,-4), (19,16), (19,15), (18,15), (17,15), (16,15), (15,15)]
Turtle 5 :[(-5,-5), (16,9), (16,8), (16,7), (16,6), (16,5), (-5,-5)]

Shrinking Run 91
#Info# Executed steps before collision: 8, Found collision: false
Turtle 1 :[(-1,-1), (7,19), (6,19), (6,18), (6,17), (5,17), (4,17), (-1,-1), (-1,-1)]
Turtle 2 :[(-2,-2), (2,13), (2,12), (2,11), (1,11), (0,11), (0,10), (-2,-2), (-2,-2)]
Turtle 3 :[(-3,-3), (17,8), (17,9), (18,9), (17,9), (16,9), (15,9), (14,9), (13,9)]
Turtle 4 :[(-4,-4), (19,16), (19,15), (18,15), (17,15), (16,15), (15,15), (-4,-4), (-4,-4)]
Turtle 5 :[(-5,-5), (16,9), (15,9), (15,8), (15,7), (15,6), (14,6), (-5,-5), (-5,-5)]

Shrinking Run 92
#Info# Executed steps before collision: 6, Found collision: false
Turtle 1 :[(-1,-1), (7,19), (6,19), (6,18), (6,17), (5,17), (4,17)]
Turtle 2 :[(-2,-2), (2,13), (2,12), (2,11), (1,11), (0,11), (0,10)]
Turtle 3 :[(-3,-3), (17,8), (17,9), (16,9), (15,9), (14,9), (13,9)]
Turtle 4 :[(-4,-4), (19,16), (19,15), (18,15), (17,15), (16,15), (15,15)]
Turtle 5 :[(-5,-5), (16,9), (16,8), (16,7), (16,6), (16,5), (16,4)]

Shrinking Run 93
#Info# Executed steps before collision: 6, Found collision: false
Turtle 1 :[(-1,-1), (7,19), (6,19), (6,18), (6,17), (5,17), (4,17)]
Turtle 2 :[(-2,-2), (2,13), (2,12), (2,11), (1,11), (0,11), (0,10)]
Turtle 3 :[(-3,-3), (17,8), (17,9), (16,9), (15,9), (14,9), (13,9)]
Turtle 4 :[(-4,-4), (19,16), (19,15), (18,15), (17,15), (16,15), (15,15)]
Turtle 5 :[(-5,-5), (16,9), (16,8), (16,7), (17,7), (17,6), (17,5)]

Shrinking Run 94
#Info# Executed steps before collision: 6, Found collision: false
Turtle 1 :[(-1,-1), (7,19), (6,19), (6,18), (6,17), (5,17), (4,17)]
Turtle 2 :[(-2,-2), (2,13), (2,12), (2,11), (1,11), (0,11), (0,10)]
Turtle 3 :[(-3,-3), (17,8), (17,9), (16,9), (15,9), (14,9), (13,9)]
Turtle 4 :[(-4,-4), (19,16), (19,15), (18,15), (17,15), (16,15), (15,15)]
Turtle 5 :[(-5,-5), (16,9), (16,8), (17,8), (17,7), (17,6), (17,5)]

Shrinking Run 95
#Info# Executed steps before collision: 6, Found collision: false
Turtle 1 :[(-1,-1), (7,19), (7,18), (6,18), (6,17), (5,17), (4,17)]
Turtle 2 :[(-2,-2), (2,13), (2,12), (2,11), (1,11), (0,11), (0,10)]
Turtle 3 :[(-3,-3), (17,8), (17,9), (16,9), (15,9), (14,9), (13,9)]
Turtle 4 :[(-4,-4), (19,16), (19,15), (18,15), (17,15), (16,15), (15,15)]
Turtle 5 :[(-5,-5), (16,9), (16,8), (16,7), (16,6), (17,6), (17,5)]

Shrinking Run 96
#Info# Executed steps before collision: 8, Found collision: false
Turtle 1 :[(-1,-1), (7,19), (6,19), (6,18), (5,18), (4,18), (4,17), (-1,-1), (-1,-1)]
Turtle 2 :[(-2,-2), (2,13), (2,12), (2,11), (1,11), (0,11), (0,10), (-2,-2), (-2,-2)]
Turtle 3 :[(-3,-3), (17,8), (17,9), (17,10), (16,10), (15,10), (14,10), (14,9), (13,9)]
Turtle 4 :[(-4,-4), (19,16), (19,15), (18,15), (17,15), (16,15), (15,15), (-4,-4), (-4,-4)]
Turtle 5 :[(-5,-5), (16,9), (16,8), (16,7), (16,6), (16,5), (17,5), (-5,-5), (-5,-5)]

Shrinking Run 97
#Info# Executed steps before collision: 6, Found collision: false
Turtle 1 :[(-1,-1), (7,19), (6,19), (6,18), (5,18), (5,17), (4,17)]
Turtle 2 :[(-2,-2), (2,13), (2,12), (2,11), (1,11), (0,11), (0,10)]
Turtle 3 :[(-3,-3), (17,8), (17,9), (16,9), (15,9), (14,9), (13,9)]
Turtle 4 :[(-4,-4), (19,16), (19,15), (18,15), (17,15), (16,15), (15,15)]
Turtle 5 :[(-5,-5), (16,9), (16,8), (17,8), (17,7), (17,6), (17,5)]

Shrinking Run 98
#Info# Executed steps before collision: 10, Found collision: false
Turtle 1 :[(-1,-1), (7,19), (6,19), (6,18), (6,17), (5,17), (4,17), (-1,-1), (-1,-1), (-1,-1), (-1,-1)]
Turtle 2 :[(-2,-2), (2,13), (1,13), (1,12), (1,11), (0,11), (0,10), (-2,-2), (-2,-2), (-2,-2), (-2,-2)]
Turtle 3 :[(-3,-3), (17,8), (17,9), (16,9), (15,9), (14,9), (13,9), (-3,-3), (-3,-3), (-3,-3), (-3,-3)]
Turtle 4 :[(-4,-4), (19,16), (19,15), (18,15), (17,15), (16,15), (15,15), (-4,-4), (-4,-4), (-4,-4), (-4,-4)]
Turtle 5 :[(-5,-5), (16,9), (16,9), (16,10), (16,10), (16,9), (16,8), (16,7), (16,6), (17,6), (17,5)]

Shrink Run 99
#Info# Executed steps before collision: 10, Found collision: false
Turtle 1 :[(-1,-1), (7,19), (6,19), (6,18), (6,17), (5,17), (4,17), (-1,-1), (-1,-1), (-1,-1), (-1,-1)]
Turtle 2 :[(-2,-2), (2,13), (2,12), (1,12), (1,11), (0,11), (0,10), (-2,-2), (-2,-2), (-2,-2), (-2,-2)]
Turtle 3 :[(-3,-3), (17,8), (17,9), (16,9), (15,9), (14,9), (13,9), (-3,-3), (-3,-3), (-3,-3), (-3,-3)]
Turtle 4 :[(-4,-4), (19,16), (19,15), (18,15), (17,15), (16,15), (15,15), (-4,-4), (-4,-4), (-4,-4), (-4,-4)]
Turtle 5 :[(-5,-5), (16,9), (16,10), (16,10), (16,10), (16,9), (16,8), (17,8), (17,7), (17,6), (17,5)]

