Shrinking Run 1
#Info# Executed steps before collision: 3, Found collision: true
Turtle 1 :[(-1,-1), (12,7), (11,7), (10,7), (9,7), (9,8), (8,8)]
Turtle 2 :[(-2,-2), (7,0), (8,0), (9,0), (10,0), (11,0), (12,0)]
Turtle 3 :[(-3,-3), (10,12), (9,12), (9,13), (8,13), (7,13), (7,14)]
Turtle 4 :[(-4,-4), (8,12), (8,13), (9,13), (9,14), (-4,-4), (-4,-4)]
Turtle 5 :[(-5,-5), (1,0), (1,1), (2,1), (3,1), (3,2), (3,3)]

Shrinking Run 2
#Info# Executed steps before collision: 3, Found collision: true
Turtle 1 :[(-1,-1), (12,7), (12,6), (12,5), (11,5), (11,4), (10,4), (-1,-1)]
Turtle 2 :[(-2,-2), (7,0), (8,0), (9,0), (10,0), (11,0), (12,0), (-2,-2)]
Turtle 3 :[(-3,-3), (10,12), (9,12), (9,13), (9,13), (8,13), (7,13), (7,14)]
Turtle 4 :[(-4,-4), (8,12), (8,13), (9,13), (9,14), (-4,-4), (-4,-4), (-4,-4)]
Turtle 5 :[(-5,-5), (1,0), (1,1), (2,1), (3,1), (3,2), (3,3), (-5,-5)]

Shrinking Run 3
#Info# Executed steps before collision: 3, Found collision: true
Turtle 1 :[(-1,-1), (12,7), (11,7), (11,6), (11,5), (11,4), (10,4)]
Turtle 2 :[(-2,-2), (7,0), (8,0), (9,0), (10,0), (11,0), (12,0)]
Turtle 3 :[(-3,-3), (10,12), (9,12), (9,13), (8,13), (7,13), (7,14)]
Turtle 4 :[(-4,-4), (8,12), (8,13), (9,13), (9,14), (-4,-4), (-4,-4)]
Turtle 5 :[(-5,-5), (1,0), (1,1), (2,1), (3,1), (3,2), (3,3)]

Shrinking Run 4
#Info# Executed steps before collision: 3, Found collision: true
Turtle 1 :[(-1,-1), (12,7), (11,7), (11,6), (10,6), (10,5), (9,5), (-1,-1)]
Turtle 2 :[(-2,-2), (7,0), (8,0), (9,0), (10,0), (11,0), (12,0), (-2,-2)]
Turtle 3 :[(-3,-3), (10,12), (9,12), (9,13), (9,13), (8,13), (7,13), (7,14)]
Turtle 4 :[(-4,-4), (8,12), (8,13), (9,13), (9,14), (-4,-4), (-4,-4), (-4,-4)]
Turtle 5 :[(-5,-5), (1,0), (1,1), (2,1), (3,1), (3,2), (3,3), (-5,-5)]

Shrinking Run 5
#Info# Executed steps before collision: 3, Found collision: true
Turtle 1 :[(-1,-1), (12,7), (11,7), (11,6), (10,6), (9,6), (8,6)]
Turtle 2 :[(-2,-2), (7,0), (8,0), (9,0), (10,0), (11,0), (12,0)]
Turtle 3 :[(-3,-3), (10,12), (9,12), (9,13), (8,13), (7,13), (7,14)]
Turtle 4 :[(-4,-4), (8,12), (8,13), (9,13), (9,14), (-4,-4), (-4,-4)]
Turtle 5 :[(-5,-5), (1,0), (1,1), (2,1), (3,1), (3,2), (3,3)]

Shrinking Run 6
#Info# Executed steps before collision: 3, Found collision: true
Turtle 1 :[(-1,-1), (12,7), (11,7), (10,7), (9,7), (8,7), (8,6)]
Turtle 2 :[(-2,-2), (7,0), (8,0), (9,0), (10,0), (11,0), (12,0)]
Turtle 3 :[(-3,-3), (10,12), (9,12), (9,13), (8,13), (7,13), (7,14)]
Turtle 4 :[(-4,-4), (8,12), (8,13), (9,13), (9,14), (-4,-4), (-4,-4)]
Turtle 5 :[(-5,-5), (1,0), (1,1), (2,1), (3,1), (3,2), (3,3)]

Shrinking Run 7
#Info# Executed steps before collision: 3, Found collision: true
Turtle 1 :[(-1,-1), (12,7), (11,7), (10,7), (9,7), (8,7), (7,7)]
Turtle 2 :[(-2,-2), (7,0), (8,0), (9,0), (10,0), (11,0), (12,0)]
Turtle 3 :[(-3,-3), (10,12), (9,12), (9,13), (8,13), (7,13), (7,14)]
Turtle 4 :[(-4,-4), (8,12), (8,13), (9,13), (9,14), (-4,-4), (-4,-4)]
Turtle 5 :[(-5,-5), (1,0), (1,1), (2,1), (3,1), (3,2), (3,3)]

Shrinking Run 8
#Info# Executed steps before collision: 3, Found collision: true
Turtle 1 :[(-1,-1), (12,7), (11,7), (10,7), (9,7), (8,7), (7,7), (-1,-1)]
Turtle 2 :[(-2,-2), (7,0), (6,0), (5,0), (4,0), (3,0), (2,0), (-2,-2)]
Turtle 3 :[(-3,-3), (10,12), (9,12), (9,13), (9,13), (8,13), (7,13), (7,14)]
Turtle 4 :[(-4,-4), (8,12), (8,13), (9,13), (9,14), (-4,-4), (-4,-4), (-4,-4)]
Turtle 5 :[(-5,-5), (1,0), (1,1), (2,1), (3,1), (3,2), (3,3), (-5,-5)]

Shrinking Run 9
#Info# Executed steps before collision: 6, Found collision: false
Turtle 1 :[(-1,-1), (12,7), (11,7), (10,7), (9,7), (8,7), (7,7)]
Turtle 2 :[(-2,-2), (7,0), (6,0), (5,0), (4,0), (3,0), (2,0)]
Turtle 3 :[(-3,-3), (10,12), (9,12), (8,12), (7,12), (6,12), (6,13)]
Turtle 4 :[(-4,-4), (8,12), (8,13), (9,13), (9,14), (-4,-4), (-4,-4)]
Turtle 5 :[(-5,-5), (1,0), (1,1), (2,1), (3,1), (3,2), (3,3)]

Shrinking Run 10
#Info# Executed steps before collision: 3, Found collision: true
Turtle 1 :[(-1,-1), (12,7), (11,7), (10,7), (9,7), (8,7), (7,7)]
Turtle 2 :[(-2,-2), (7,0), (6,0), (5,0), (4,0), (3,0), (2,0)]
Turtle 3 :[(-3,-3), (10,12), (9,12), (8,12), (7,12), (7,13), (7,14)]
Turtle 4 :[(-4,-4), (8,12), (8,13), (8,12), (8,13), (8,14), (9,14)]
Turtle 5 :[(-5,-5), (1,0), (1,1), (2,1), (3,1), (3,2), (3,3)]

Shrinking Run 11
#Info# Executed steps before collision: 6, Found collision: false
Turtle 1 :[(-1,-1), (12,7), (11,7), (10,7), (9,7), (8,7), (7,7)]
Turtle 2 :[(-2,-2), (7,0), (6,0), (5,0), (4,0), (3,0), (2,0)]
Turtle 3 :[(-3,-3), (10,12), (9,12), (8,12), (8,13), (7,13), (6,13)]
Turtle 4 :[(-4,-4), (8,12), (8,13), (9,13), (9,14), (-4,-4), (-4,-4)]
Turtle 5 :[(-5,-5), (1,0), (1,1), (2,1), (3,1), (3,2), (3,3)]

Shrinking Run 12
#Info# Executed steps before collision: 6, Found collision: false
Turtle 1 :[(-1,-1), (12,7), (11,7), (10,7), (9,7), (8,7), (7,7)]
Turtle 2 :[(-2,-2), (7,0), (6,0), (5,0), (4,0), (3,0), (2,0)]
Turtle 3 :[(-3,-3), (10,12), (9,12), (8,12), (7,12), (7,13), (7,14)]
Turtle 4 :[(-4,-4), (8,12), (8,13), (9,13), (9,14), (-4,-4), (-4,-4)]
Turtle 5 :[(-5,-5), (1,0), (1,1), (2,1), (3,1), (3,2), (3,3)]

Shrinking Run 13
#Info# Executed steps before collision: 8, Found collision: false
Turtle 1 :[(-1,-1), (12,7), (11,7), (10,7), (9,7), (8,7), (7,7), (-1,-1), (-1,-1)]
Turtle 2 :[(-2,-2), (7,0), (6,0), (5,0), (4,0), (3,0), (2,0), (-2,-2), (-2,-2)]
Turtle 3 :[(-3,-3), (10,12), (9,12), (9,13), (9,12), (8,12), (8,13), (7,13), (7,14)]
Turtle 4 :[(-4,-4), (8,12), (8,13), (7,13), (7,14), (-4,-4), (-4,-4), (-4,-4), (-4,-4)]
Turtle 5 :[(-5,-5), (1,0), (1,1), (2,1), (3,1), (3,2), (3,3), (-5,-5), (-5,-5)]

Shrinking Run 14
#Info# Executed steps before collision: 6, Found collision: false
Turtle 1 :[(-1,-1), (12,7), (11,7), (10,7), (9,7), (8,7), (7,7)]
Turtle 2 :[(-2,-2), (7,0), (6,0), (5,0), (4,0), (3,0), (2,0)]
Turtle 3 :[(-3,-3), (10,12), (9,12), (9,13), (8,13), (7,13), (7,14)]
Turtle 4 :[(-4,-4), (8,12), (8,13), (8,14), (-4,-4), (-4,-4), (-4,-4)]
Turtle 5 :[(-5,-5), (1,0), (1,1), (2,1), (3,1), (3,2), (3,3)]

Shrinking Run 15
#Info# Executed steps before collision: 6, Found collision: false
Turtle 1 :[(-1,-1), (12,7), (11,7), (10,7), (9,7), (8,7), (7,7)]
Turtle 2 :[(-2,-2), (7,0), (6,0), (5,0), (4,0), (3,0), (2,0)]
Turtle 3 :[(-3,-3), (10,12), (9,12), (9,13), (8,13), (7,13), (7,14)]
Turtle 4 :[(-4,-4), (8,12), (8,11), (8,10), (9,10), (9,9), (9,8)]
Turtle 5 :[(-5,-5), (1,0), (1,1), (2,1), (3,1), (3,2), (3,3)]

Shrinking Run 16
#Info# Executed steps before collision: 2, Found collision: true
Turtle 1 :[(-1,-1), (12,7), (11,7), (10,7), (9,7), (8,7), (7,7)]
Turtle 2 :[(-2,-2), (7,0), (6,0), (5,0), (4,0), (3,0), (2,0)]
Turtle 3 :[(-3,-3), (10,12), (9,12), (9,13), (8,13), (7,13), (7,14)]
Turtle 4 :[(-4,-4), (8,12), (9,12), (9,11), (9,10), (9,9), (-4,-4)]
Turtle 5 :[(-5,-5), (1,0), (1,1), (2,1), (3,1), (3,2), (3,3)]

Shrinking Run 17
#Info# Executed steps before collision: 7, Found collision: false
Turtle 1 :[(-1,-1), (12,7), (11,7), (10,7), (9,7), (8,7), (7,7), (-1,-1)]
Turtle 2 :[(-2,-2), (7,0), (6,0), (5,0), (4,0), (3,0), (2,0), (-2,-2)]
Turtle 3 :[(-3,-3), (10,12), (9,12), (9,13), (8,13), (7,13), (7,14), (-3,-3)]
Turtle 4 :[(-4,-4), (8,12), (8,13), (8,12), (8,11), (8,10), (8,9), (9,9)]
Turtle 5 :[(-5,-5), (1,0), (1,1), (1,2), (0,2), (0,3), (0,4), (-5,-5)]

Shrinking Run 18
#Info# Executed steps before collision: 6, Found collision: false
Turtle 1 :[(-1,-1), (12,7), (11,7), (10,7), (9,7), (8,7), (7,7)]
Turtle 2 :[(-2,-2), (7,0), (6,0), (5,0), (4,0), (3,0), (2,0)]
Turtle 3 :[(-3,-3), (10,12), (9,12), (9,13), (8,13), (7,13), (7,14)]
Turtle 4 :[(-4,-4), (8,12), (8,11), (9,11), (9,10), (9,9), (-4,-4)]
Turtle 5 :[(-5,-5), (1,0), (1,1), (1,2), (2,2), (2,3), (2,4)]

Shrinking Run 19
#Info# Executed steps before collision: 5, Found collision: true
Turtle 1 :[(-1,-1), (12,7), (11,7), (10,7), (9,7), (8,7), (7,7)]
Turtle 2 :[(-2,-2), (7,0), (6,0), (5,0), (4,0), (3,0), (2,0)]
Turtle 3 :[(-3,-3), (10,12), (9,12), (9,13), (8,13), (7,13), (7,14)]
Turtle 4 :[(-4,-4), (8,12), (8,12), (9,12), (9,11), (9,10), (9,9)]
Turtle 5 :[(-5,-5), (1,0), (0,0), (1,0), (2,0), (3,0), (-5,-5)]

Shrinking Run 20
#Info# Executed steps before collision: 6, Found collision: false
Turtle 1 :[(-1,-1), (12,7), (11,7), (10,7), (9,7), (8,7), (7,7)]
Turtle 2 :[(-2,-2), (7,0), (6,0), (5,0), (4,0), (3,0), (2,0)]
Turtle 3 :[(-3,-3), (10,12), (9,12), (9,13), (8,13), (7,13), (7,14)]
Turtle 4 :[(-4,-4), (8,12), (8,11), (9,11), (9,10), (9,9), (-4,-4)]
Turtle 5 :[(-5,-5), (1,0), (0,0), (1,0), (0,0), (-5,-5), (-5,-5)]

Shrinking Run 21
#Info# Executed steps before collision: 7, Found collision: false
Turtle 1 :[(-1,-1), (12,7), (11,7), (10,7), (9,7), (8,7), (7,7), (-1,-1)]
Turtle 2 :[(-2,-2), (7,0), (6,0), (5,0), (4,0), (3,0), (2,0), (-2,-2)]
Turtle 3 :[(-3,-3), (10,12), (9,12), (9,13), (8,13), (7,13), (7,14), (-3,-3)]
Turtle 4 :[(-4,-4), (8,12), (7,12), (7,11), (8,11), (8,10), (8,9), (9,9)]
Turtle 5 :[(-5,-5), (1,0), (0,0), (1,0), (2,0), (-5,-5), (-5,-5), (-5,-5)]

Shrinking Run 22
#Info# Executed steps before collision: 2, Found collision: true
Turtle 1 :[(-1,-1), (12,7), (11,7), (10,7), (9,7), (8,7), (7,7)]
Turtle 2 :[(-2,-2), (7,0), (6,0), (5,0), (4,0), (3,0), (2,0)]
Turtle 3 :[(-3,-3), (10,12), (9,12), (9,13), (8,13), (7,13), (7,14)]
Turtle 4 :[(-4,-4), (8,12), (9,12), (9,11), (9,10), (9,9), (-4,-4)]
Turtle 5 :[(-5,-5), (1,0), (2,0), (3,0), (-5,-5), (-5,-5), (-5,-5)]

Shrinking Run 23
#Info# Executed steps before collision: 2, Found collision: true
Turtle 1 :[(-1,-1), (12,7), (11,7), (10,7), (9,7), (8,7), (7,7)]
Turtle 2 :[(-2,-2), (7,0), (6,0), (5,0), (4,0), (3,0), (2,0)]
Turtle 3 :[(-3,-3), (10,12), (9,12), (9,11), (8,11), (8,10), (8,9)]
Turtle 4 :[(-4,-4), (8,12), (9,12), (9,11), (9,10), (9,9), (-4,-4)]
Turtle 5 :[(-5,-5), (1,0), (2,0), (3,0), (-5,-5), (-5,-5), (-5,-5)]

Shrinking Run 24
#Info# Executed steps before collision: 9, Found collision: false
Turtle 1 :[(-1,-1), (12,7), (11,7), (10,7), (9,7), (8,7), (7,7), (-1,-1), (-1,-1), (-1,-1)]
Turtle 2 :[(-2,-2), (7,0), (6,0), (5,0), (5,0), (4,0), (3,0), (2,0), (-2,-2), (-2,-2)]
Turtle 3 :[(-3,-3), (10,12), (9,12), (9,11), (9,10), (8,10), (8,9), (-3,-3), (-3,-3), (-3,-3)]
Turtle 4 :[(-4,-4), (8,12), (8,12), (9,12), (8,12), (8,11), (8,11), (8,10), (9,10), (9,9)]
Turtle 5 :[(-5,-5), (1,0), (2,0), (3,0), (-5,-5), (-5,-5), (-5,-5), (-5,-5), (-5,-5), (-5,-5)]

Shrinking Run 25
#Info# Executed steps before collision: 3, Found collision: true
Turtle 1 :[(-1,-1), (12,7), (11,7), (10,7), (9,7), (8,7), (7,7), (-1,-1), (-1,-1)]
Turtle 2 :[(-2,-2), (7,0), (6,0), (5,0), (6,0), (5,0), (4,0), (3,0), (2,0)]
Turtle 3 :[(-3,-3), (10,12), (9,12), (9,12), (8,12), (8,11), (8,10), (8,9), (-3,-3)]
Turtle 4 :[(-4,-4), (8,12), (8,12), (9,12), (9,11), (9,10), (9,9), (-4,-4), (-4,-4)]
Turtle 5 :[(-5,-5), (1,0), (2,0), (3,0), (-5,-5), (-5,-5), (-5,-5), (-5,-5), (-5,-5)]

Shrinking Run 26
#Info# Executed steps before collision: 3, Found collision: true
Turtle 1 :[(-1,-1), (12,7), (11,7), (10,7), (9,7), (8,7), (7,7), (-1,-1)]
Turtle 2 :[(-2,-2), (7,0), (6,0), (5,0), (4,0), (3,0), (2,0), (-2,-2)]
Turtle 3 :[(-3,-3), (10,12), (9,12), (8,12), (7,12), (7,11), (7,10), (-3,-3)]
Turtle 4 :[(-4,-4), (8,12), (8,13), (8,12), (8,11), (8,10), (8,9), (9,9)]
Turtle 5 :[(-5,-5), (1,0), (2,0), (3,0), (-5,-5), (-5,-5), (-5,-5), (-5,-5)]

Shrinking Run 27
#Info# Executed steps before collision: 8, Found collision: false
Turtle 1 :[(-1,-1), (12,7), (11,7), (10,7), (9,7), (8,7), (7,7), (-1,-1), (-1,-1)]
Turtle 2 :[(-2,-2), (7,0), (6,0), (5,0), (4,0), (3,0), (2,0), (-2,-2), (-2,-2)]
Turtle 3 :[(-3,-3), (10,12), (9,12), (9,13), (9,12), (8,12), (8,11), (7,11), (6,11)]
Turtle 4 :[(-4,-4), (8,12), (8,12), (9,12), (9,11), (9,10), (9,9), (-4,-4), (-4,-4)]
Turtle 5 :[(-5,-5), (1,0), (2,0), (3,0), (-5,-5), (-5,-5), (-5,-5), (-5,-5), (-5,-5)]

Shrinking Run 28
#Info# Executed steps before collision: 3, Found collision: true
Turtle 1 :[(-1,-1), (12,7), (11,7), (10,7), (9,7), (8,7), (7,7)]
Turtle 2 :[(-2,-2), (7,0), (6,0), (5,0), (4,0), (3,0), (2,0)]
Turtle 3 :[(-3,-3), (10,12), (10,11), (9,11), (8,11), (7,11), (7,10)]
Turtle 4 :[(-4,-4), (8,12), (9,12), (9,11), (9,10), (9,9), (-4,-4)]
Turtle 5 :[(-5,-5), (1,0), (2,0), (3,0), (-5,-5), (-5,-5), (-5,-5)]

Shrinking Run 29
#Info# Executed steps before collision: 8, Found collision: false
Turtle 1 :[(-1,-1), (12,7), (11,7), (10,7), (9,7), (8,7), (7,7), (-1,-1), (-1,-1)]
Turtle 2 :[(-2,-2), (7,0), (6,0), (5,0), (6,0), (5,0), (4,0), (3,0), (2,0)]
Turtle 3 :[(-3,-3), (10,12), (10,11), (9,11), (8,11), (7,11), (7,10), (-3,-3), (-3,-3)]
Turtle 4 :[(-4,-4), (8,12), (7,12), (6,12), (5,12), (5,13), (4,13), (-4,-4), (-4,-4)]
Turtle 5 :[(-5,-5), (1,0), (2,0), (3,0), (-5,-5), (-5,-5), (-5,-5), (-5,-5), (-5,-5)]

Shrinking Run 30
#Info# Executed steps before collision: 6, Found collision: false
Turtle 1 :[(-1,-1), (12,7), (11,7), (10,7), (9,7), (8,7), (7,7)]
Turtle 2 :[(-2,-2), (7,0), (6,0), (5,0), (4,0), (3,0), (2,0)]
Turtle 3 :[(-3,-3), (10,12), (10,11), (9,11), (8,11), (7,11), (7,10)]
Turtle 4 :[(-4,-4), (8,12), (7,12), (6,12), (5,12), (5,13), (5,14)]
Turtle 5 :[(-5,-5), (1,0), (2,0), (3,0), (-5,-5), (-5,-5), (-5,-5)]

Shrinking Run 31
#Info# Executed steps before collision: 6, Found collision: false
Turtle 1 :[(-1,-1), (12,7), (11,7), (10,7), (9,7), (8,7), (7,7)]
Turtle 2 :[(-2,-2), (7,0), (6,0), (5,0), (4,0), (3,0), (2,0)]
Turtle 3 :[(-3,-3), (10,12), (10,11), (9,11), (8,11), (7,11), (7,10)]
Turtle 4 :[(-4,-4), (8,12), (8,13), (7,13), (7,14), (-4,-4), (-4,-4)]
Turtle 5 :[(-5,-5), (1,0), (2,0), (3,0), (-5,-5), (-5,-5), (-5,-5)]

Shrinking Run 32
#Info# Executed steps before collision: 6, Found collision: false
Turtle 1 :[(-1,-1), (12,7), (11,7), (10,7), (9,7), (8,7), (7,7)]
Turtle 2 :[(-2,-2), (7,0), (6,0), (5,0), (4,0), (3,0), (2,0)]
Turtle 3 :[(-3,-3), (10,12), (10,11), (9,11), (8,11), (7,11), (7,10)]
Turtle 4 :[(-4,-4), (8,12), (8,13), (8,14), (-4,-4), (-4,-4), (-4,-4)]
Turtle 5 :[(-5,-5), (1,0), (2,0), (3,0), (-5,-5), (-5,-5), (-5,-5)]

Shrinking Run 33
#Info# Executed steps before collision: 3, Found collision: true
Turtle 1 :[(-1,-1), (12,7), (11,7), (10,7), (9,7), (8,7), (7,7)]
Turtle 2 :[(-2,-2), (7,0), (6,0), (5,0), (4,0), (3,0), (2,0)]
Turtle 3 :[(-3,-3), (10,12), (10,11), (9,11), (8,11), (7,11), (7,10)]
Turtle 4 :[(-4,-4), (8,12), (9,12), (9,11), (9,10), (9,9), (9,8)]
Turtle 5 :[(-5,-5), (1,0), (2,0), (3,0), (-5,-5), (-5,-5), (-5,-5)]

Shrinking Run 34
#Info# Executed steps before collision: 6, Found collision: false
Turtle 1 :[(-1,-1), (12,7), (11,7), (10,7), (9,7), (8,7), (7,7)]
Turtle 2 :[(-2,-2), (7,0), (6,0), (5,0), (4,0), (3,0), (2,0)]
Turtle 3 :[(-3,-3), (10,12), (10,11), (9,11), (8,11), (7,11), (7,10)]
Turtle 4 :[(-4,-4), (8,12), (7,12), (6,12), (5,12), (5,11), (5,10)]
Turtle 5 :[(-5,-5), (1,0), (2,0), (3,0), (-5,-5), (-5,-5), (-5,-5)]

Shrinking Run 35
#Info# Executed steps before collision: 7, Found collision: false
Turtle 1 :[(-1,-1), (12,7), (11,7), (10,7), (9,7), (8,7), (7,7), (-1,-1)]
Turtle 2 :[(-2,-2), (7,0), (6,0), (5,0), (5,0), (4,0), (3,0), (2,0)]
Turtle 3 :[(-3,-3), (10,12), (10,11), (9,11), (8,11), (7,11), (7,10), (-3,-3)]
Turtle 4 :[(-4,-4), (8,12), (7,12), (7,11), (6,11), (6,10), (6,9), (-4,-4)]
Turtle 5 :[(-5,-5), (1,0), (2,0), (3,0), (-5,-5), (-5,-5), (-5,-5), (-5,-5)]

Shrinking Run 36
#Info# Executed steps before collision: 8, Found collision: false
Turtle 1 :[(-1,-1), (12,7), (11,7), (10,7), (9,7), (8,7), (7,7), (-1,-1), (-1,-1)]
Turtle 2 :[(-2,-2), (7,0), (6,0), (5,0), (5,1), (4,1), (3,1), (2,1), (2,0)]
Turtle 3 :[(-3,-3), (10,12), (10,11), (9,11), (8,11), (7,11), (7,10), (-3,-3), (-3,-3)]
Turtle 4 :[(-4,-4), (8,12), (7,12), (7,11), (7,10), (7,9), (7,8), (-4,-4), (-4,-4)]
Turtle 5 :[(-5,-5), (1,0), (2,0), (3,0), (-5,-5), (-5,-5), (-5,-5), (-5,-5), (-5,-5)]

Shrinking Run 37
#Info# Executed steps before collision: 8, Found collision: false
Turtle 1 :[(-1,-1), (12,7), (11,7), (10,7), (9,7), (8,7), (7,7), (-1,-1), (-1,-1)]
Turtle 2 :[(-2,-2), (7,0), (6,0), (5,0), (4,0), (3,0), (2,0), (-2,-2), (-2,-2)]
Turtle 3 :[(-3,-3), (10,12), (10,11), (9,11), (8,11), (7,11), (7,10), (-3,-3), (-3,-3)]
Turtle 4 :[(-4,-4), (8,12), (8,11), (8,10), (8,9), (8,8), (8,9), (8,8), (8,7)]
Turtle 5 :[(-5,-5), (1,0), (2,0), (3,0), (-5,-5), (-5,-5), (-5,-5), (-5,-5), (-5,-5)]

Shrinking Run 38
#Info# Executed steps before collision: 7, Found collision: false
Turtle 1 :[(-1,-1), (12,7), (11,7), (10,7), (9,7), (8,7), (7,7), (-1,-1)]
Turtle 2 :[(-2,-2), (7,0), (6,0), (5,0), (5,0), (4,0), (3,0), (2,0)]
Turtle 3 :[(-3,-3), (10,12), (10,11), (9,11), (9,11), (8,11), (7,11), (7,10)]
Turtle 4 :[(-4,-4), (8,12), (8,11), (8,10), (8,9), (9,9), (9,8), (-4,-4)]
Turtle 5 :[(-5,-5), (1,0), (2,0), (3,0), (-5,-5), (-5,-5), (-5,-5), (-5,-5)]

Shrinking Run 39
#Info# Executed steps before collision: 3, Found collision: true
Turtle 1 :[(-1,-1), (12,7), (11,7), (10,7), (9,7), (8,7), (7,7), (-1,-1), (-1,-1)]
Turtle 2 :[(-2,-2), (7,0), (6,0), (5,0), (4,0), (3,0), (2,0), (-2,-2), (-2,-2)]
Turtle 3 :[(-3,-3), (10,12), (10,11), (9,11), (9,12), (8,12), (8,11), (7,11), (7,10)]
Turtle 4 :[(-4,-4), (8,12), (9,12), (9,11), (9,10), (9,9), (9,8), (-4,-4), (-4,-4)]
Turtle 5 :[(-5,-5), (1,0), (1,1), (1,2), (0,2), (0,3), (0,4), (-5,-5), (-5,-5)]

Shrinking Run 40
#Info# Executed steps before collision: 3, Found collision: true
Turtle 1 :[(-1,-1), (12,7), (11,7), (10,7), (9,7), (8,7), (7,7), (-1,-1)]
Turtle 2 :[(-2,-2), (7,0), (6,0), (5,0), (4,0), (3,0), (2,0), (-2,-2)]
Turtle 3 :[(-3,-3), (10,12), (10,11), (9,11), (9,11), (8,11), (7,11), (7,10)]
Turtle 4 :[(-4,-4), (8,12), (9,12), (9,11), (9,10), (9,9), (9,8), (-4,-4)]
Turtle 5 :[(-5,-5), (1,0), (0,0), (1,0), (0,0), (-5,-5), (-5,-5), (-5,-5)]

Shrinking Run 41
#Info# Executed steps before collision: 3, Found collision: true
Turtle 1 :[(-1,-1), (12,7), (11,7), (10,7), (9,7), (8,7), (7,7), (-1,-1), (-1,-1), (-1,-1), (-1,-1), (-1,-1), (-1,-1)]
Turtle 2 :[(-2,-2), (7,0), (6,0), (5,0), (4,0), (3,0), (2,0), (-2,-2), (-2,-2), (-2,-2), (-2,-2), (-2,-2), (-2,-2)]
Turtle 3 :[(-3,-3), (10,12), (10,11), (9,11), (9,10), (8,10), (7,10), (-3,-3), (-3,-3), (-3,-3), (-3,-3), (-3,-3), (-3,-3)]
Turtle 4 :[(-4,-4), (8,12), (9,12), (9,11), (8,11), (7,11), (7,12), (7,11), (8,11), (8,10), (9,10), (9,9), (9,8)]
Turtle 5 :[(-5,-5), (1,0), (0,0), (-5,-5), (-5,-5), (-5,-5), (-5,-5), (-5,-5), (-5,-5), (-5,-5), (-5,-5), (-5,-5), (-5,-5)]

Shrinking Run 42
#Info# Executed steps before collision: 8, Found collision: false
Turtle 1 :[(-1,-1), (12,7), (11,7), (10,7), (9,7), (8,7), (7,7), (-1,-1), (-1,-1)]
Turtle 2 :[(-2,-2), (7,0), (6,0), (5,0), (4,0), (3,0), (2,0), (-2,-2), (-2,-2)]
Turtle 3 :[(-3,-3), (10,12), (9,12), (9,11), (9,10), (8,10), (8,9), (-3,-3), (-3,-3)]
Turtle 4 :[(-4,-4), (8,12), (8,11), (8,12), (8,11), (9,11), (9,10), (9,9), (9,8)]
Turtle 5 :[(-5,-5), (1,0), (0,0), (-5,-5), (-5,-5), (-5,-5), (-5,-5), (-5,-5), (-5,-5)]

Shrinking Run 43
#Info# Executed steps before collision: 2, Found collision: true
Turtle 1 :[(-1,-1), (12,7), (11,7), (10,7), (9,7), (8,7), (7,7)]
Turtle 2 :[(-2,-2), (7,0), (6,0), (5,0), (4,0), (3,0), (2,0)]
Turtle 3 :[(-3,-3), (10,12), (9,12), (8,12), (7,12), (7,11), (6,11)]
Turtle 4 :[(-4,-4), (8,12), (9,12), (9,11), (9,10), (9,9), (9,8)]
Turtle 5 :[(-5,-5), (1,0), (0,0), (-5,-5), (-5,-5), (-5,-5), (-5,-5)]

Shrinking Run 44
#Info# Executed steps before collision: 8, Found collision: false
Turtle 1 :[(-1,-1), (12,7), (11,7), (10,7), (9,7), (8,7), (7,7), (-1,-1), (-1,-1)]
Turtle 2 :[(-2,-2), (7,0), (6,0), (5,0), (4,0), (3,0), (2,0), (-2,-2), (-2,-2)]
Turtle 3 :[(-3,-3), (10,12), (10,11), (9,11), (8,11), (7,11), (6,11), (-3,-3), (-3,-3)]
Turtle 4 :[(-4,-4), (8,12), (9,12), (10,12), (10,11), (10,10), (9,10), (9,9), (9,8)]
Turtle 5 :[(-5,-5), (1,0), (0,0), (-5,-5), (-5,-5), (-5,-5), (-5,-5), (-5,-5), (-5,-5)]

Shrinking Run 45
#Info# Executed steps before collision: 10, Found collision: false
Turtle 1 :[(-1,-1), (12,7), (11,7), (10,7), (9,7), (8,7), (7,7), (-1,-1), (-1,-1), (-1,-1), (-1,-1)]
Turtle 2 :[(-2,-2), (7,0), (6,0), (5,0), (4,0), (3,0), (2,0), (-2,-2), (-2,-2), (-2,-2), (-2,-2)]
Turtle 3 :[(-3,-3), (10,12), (9,12), (9,11), (9,11), (8,11), (7,11), (6,11), (-3,-3), (-3,-3), (-3,-3)]
Turtle 4 :[(-4,-4), (8,12), (7,12), (8,12), (9,12), (10,12), (10,11), (10,10), (9,10), (9,9), (9,8)]
Turtle 5 :[(-5,-5), (1,0), (0,0), (-5,-5), (-5,-5), (-5,-5), (-5,-5), (-5,-5), (-5,-5), (-5,-5), (-5,-5)]

Shrinking Run 46
#Info# Executed steps before collision: 3, Found collision: true
Turtle 1 :[(-1,-1), (12,7), (11,7), (10,7), (9,7), (8,7), (7,7), (-1,-1)]
Turtle 2 :[(-2,-2), (7,0), (6,0), (5,0), (4,0), (3,0), (2,0), (-2,-2)]
Turtle 3 :[(-3,-3), (10,12), (9,12), (9,12), (8,12), (8,11), (7,11), (6,11)]
Turtle 4 :[(-4,-4), (8,12), (8,12), (9,12), (9,11), (9,10), (9,9), (9,8)]
Turtle 5 :[(-5,-5), (1,0), (0,0), (-5,-5), (-5,-5), (-5,-5), (-5,-5), (-5,-5)]

Shrinking Run 47
#Info# Executed steps before collision: 6, Found collision: false
Turtle 1 :[(-1,-1), (12,7), (11,7), (10,7), (9,7), (8,7), (7,7)]
Turtle 2 :[(-2,-2), (7,0), (6,0), (5,0), (4,0), (3,0), (2,0)]
Turtle 3 :[(-3,-3), (10,12), (9,12), (8,12), (8,11), (7,11), (6,11)]
Turtle 4 :[(-4,-4), (8,12), (7,12), (6,12), (5,12), (5,13), (4,13)]
Turtle 5 :[(-5,-5), (1,0), (0,0), (-5,-5), (-5,-5), (-5,-5), (-5,-5)]

Shrinking Run 48
#Info# Executed steps before collision: 6, Found collision: false
Turtle 1 :[(-1,-1), (12,7), (11,7), (10,7), (9,7), (8,7), (7,7)]
Turtle 2 :[(-2,-2), (7,0), (6,0), (5,0), (4,0), (3,0), (2,0)]
Turtle 3 :[(-3,-3), (10,12), (9,12), (8,12), (8,11), (7,11), (6,11)]
Turtle 4 :[(-4,-4), (8,12), (7,12), (6,12), (5,12), (5,13), (5,14)]
Turtle 5 :[(-5,-5), (1,0), (0,0), (-5,-5), (-5,-5), (-5,-5), (-5,-5)]

Shrinking Run 49
#Info# Executed steps before collision: 6, Found collision: false
Turtle 1 :[(-1,-1), (12,7), (11,7), (10,7), (9,7), (8,7), (7,7)]
Turtle 2 :[(-2,-2), (7,0), (6,0), (5,0), (4,0), (3,0), (2,0)]
Turtle 3 :[(-3,-3), (10,12), (9,12), (8,12), (8,11), (7,11), (6,11)]
Turtle 4 :[(-4,-4), (8,12), (8,13), (7,13), (7,14), (-4,-4), (-4,-4)]
Turtle 5 :[(-5,-5), (1,0), (0,0), (-5,-5), (-5,-5), (-5,-5), (-5,-5)]

Shrinking Run 50
#Info# Executed steps before collision: 6, Found collision: false
Turtle 1 :[(-1,-1), (12,7), (11,7), (10,7), (9,7), (8,7), (7,7)]
Turtle 2 :[(-2,-2), (7,0), (6,0), (5,0), (4,0), (3,0), (2,0)]
Turtle 3 :[(-3,-3), (10,12), (9,12), (8,12), (8,11), (7,11), (6,11)]
Turtle 4 :[(-4,-4), (8,12), (8,13), (8,14), (-4,-4), (-4,-4), (-4,-4)]
Turtle 5 :[(-5,-5), (1,0), (0,0), (-5,-5), (-5,-5), (-5,-5), (-5,-5)]

Shrinking Run 51
#Info# Executed steps before collision: 6, Found collision: false
Turtle 1 :[(-1,-1), (12,7), (11,7), (10,7), (9,7), (8,7), (7,7)]
Turtle 2 :[(-2,-2), (7,0), (6,0), (5,0), (4,0), (3,0), (2,0)]
Turtle 3 :[(-3,-3), (10,12), (9,12), (8,12), (8,11), (7,11), (6,11)]
Turtle 4 :[(-4,-4), (8,12), (7,12), (6,12), (5,12), (5,11), (5,10)]
Turtle 5 :[(-5,-5), (1,0), (0,0), (-5,-5), (-5,-5), (-5,-5), (-5,-5)]

Shrinking Run 52
#Info# Executed steps before collision: 6, Found collision: false
Turtle 1 :[(-1,-1), (12,7), (11,7), (10,7), (9,7), (8,7), (7,7)]
Turtle 2 :[(-2,-2), (7,0), (6,0), (5,0), (4,0), (3,0), (2,0)]
Turtle 3 :[(-3,-3), (10,12), (9,12), (8,12), (8,11), (7,11), (6,11)]
Turtle 4 :[(-4,-4), (8,12), (7,12), (7,11), (6,11), (6,10), (6,9)]
Turtle 5 :[(-5,-5), (1,0), (0,0), (-5,-5), (-5,-5), (-5,-5), (-5,-5)]

Shrinking Run 53
#Info# Executed steps before collision: 6, Found collision: false
Turtle 1 :[(-1,-1), (12,7), (11,7), (10,7), (9,7), (8,7), (7,7)]
Turtle 2 :[(-2,-2), (7,0), (6,0), (5,0), (4,0), (3,0), (2,0)]
Turtle 3 :[(-3,-3), (10,12), (9,12), (8,12), (8,11), (7,11), (6,11)]
Turtle 4 :[(-4,-4), (8,12), (7,12), (7,11), (7,10), (7,9), (7,8)]
Turtle 5 :[(-5,-5), (1,0), (0,0), (-5,-5), (-5,-5), (-5,-5), (-5,-5)]

Shrinking Run 54
#Info# Executed steps before collision: 7, Found collision: false
Turtle 1 :[(-1,-1), (12,7), (11,7), (10,7), (9,7), (8,7), (7,7), (-1,-1)]
Turtle 2 :[(-2,-2), (7,0), (6,0), (5,0), (4,0), (3,0), (2,0), (-2,-2)]
Turtle 3 :[(-3,-3), (10,12), (9,12), (8,12), (8,11), (7,11), (6,11), (-3,-3)]
Turtle 4 :[(-4,-4), (8,12), (8,11), (8,10), (8,9), (8,8), (8,8), (8,7)]
Turtle 5 :[(-5,-5), (1,0), (0,0), (-5,-5), (-5,-5), (-5,-5), (-5,-5), (-5,-5)]

Shrink Run 55
#Info# Executed steps before collision: 6, Found collision: false
Turtle 1 :[(-1,-1), (12,7), (11,7), (10,7), (9,7), (8,7), (7,7)]
Turtle 2 :[(-2,-2), (7,0), (6,0), (5,0), (4,0), (3,0), (2,0)]
Turtle 3 :[(-3,-3), (10,12), (9,12), (8,12), (8,11), (7,11), (6,11)]
Turtle 4 :[(-4,-4), (8,12), (8,11), (8,10), (8,9), (9,9), (9,8)]
Turtle 5 :[(-5,-5), (1,0), (0,0), (-5,-5), (-5,-5), (-5,-5), (-5,-5)]

