Shrinking Run 1
#Info# Executed steps before collision: 6, Found collision: false
Turtle 1 :[(-1,-1), (4,5), (4,4), (3,4), (3,3), (2,3), (2,2)]
Turtle 2 :[(-2,-2), (7,4), (6,4), (6,4), (5,4), (4,4), (4,3)]
Turtle 3 :[(-3,-3), (11,9), (11,10), (11,11), (12,11), (13,11), (14,11)]
Turtle 4 :[(-4,-4), (5,10), (5,9), (6,9), (6,8), (6,7), (6,6)]
Turtle 5 :[(-5,-5), (11,6), (11,7), (12,7), (13,7), (14,7), (14,7)]

Shrinking Run 2
#Info# Executed steps before collision: 3, Found collision: true
Turtle 1 :[(-1,-1), (4,5), (4,4), (5,4), (5,3), (5,2), (-1,-1)]
Turtle 2 :[(-2,-2), (7,4), (6,4), (5,4), (4,4), (4,3), (-2,-2)]
Turtle 3 :[(-3,-3), (11,9), (11,10), (11,11), (12,11), (13,11), (14,11)]
Turtle 4 :[(-4,-4), (5,10), (5,9), (6,9), (6,8), (6,7), (6,6)]
Turtle 5 :[(-5,-5), (11,6), (11,7), (12,7), (13,7), (14,7), (14,7)]

Shrinking Run 3
#Info# Executed steps before collision: 6, Found collision: false
Turtle 1 :[(-1,-1), (4,5), (4,4), (3,4), (3,3), (3,2), (-1,-1)]
Turtle 2 :[(-2,-2), (7,4), (6,4), (5,4), (4,4), (4,3), (-2,-2)]
Turtle 3 :[(-3,-3), (11,9), (11,10), (11,11), (12,11), (13,11), (14,11)]
Turtle 4 :[(-4,-4), (5,10), (5,9), (6,9), (6,8), (6,7), (6,6)]
Turtle 5 :[(-5,-5), (11,6), (11,7), (12,7), (13,7), (14,7), (14,7)]

Shrinking Run 4
#Info# Executed steps before collision: 6, Found collision: false
Turtle 1 :[(-1,-1), (4,5), (4,4), (4,3), (4,2), (-1,-1), (-1,-1)]
Turtle 2 :[(-2,-2), (7,4), (6,4), (5,4), (4,4), (4,3), (-2,-2)]
Turtle 3 :[(-3,-3), (11,9), (11,10), (11,11), (12,11), (13,11), (14,11)]
Turtle 4 :[(-4,-4), (5,10), (5,9), (6,9), (6,8), (6,7), (6,6)]
Turtle 5 :[(-5,-5), (11,6), (11,7), (12,7), (13,7), (14,7), (14,7)]

Shrinking Run 5
#Info# Executed steps before collision: 6, Found collision: false
Turtle 1 :[(-1,-1), (4,5), (4,4), (4,3), (4,2), (4,1), (4,0)]
Turtle 2 :[(-2,-2), (7,4), (6,4), (5,4), (4,4), (4,3), (-2,-2)]
Turtle 3 :[(-3,-3), (11,9), (11,10), (11,11), (12,11), (13,11), (14,11)]
Turtle 4 :[(-4,-4), (5,10), (5,9), (6,9), (6,8), (6,7), (6,6)]
Turtle 5 :[(-5,-5), (11,6), (11,7), (12,7), (13,7), (14,7), (14,7)]

Shrinking Run 6
#Info# Executed steps before collision: 3, Found collision: true
Turtle 1 :[(-1,-1), (4,5), (4,4), (5,4), (5,3), (5,2), (5,1)]
Turtle 2 :[(-2,-2), (7,4), (6,4), (5,4), (4,4), (4,3), (-2,-2)]
Turtle 3 :[(-3,-3), (11,9), (11,10), (11,11), (12,11), (13,11), (14,11)]
Turtle 4 :[(-4,-4), (5,10), (5,9), (6,9), (6,8), (6,7), (6,6)]
Turtle 5 :[(-5,-5), (11,6), (11,7), (12,7), (13,7), (14,7), (14,7)]

Shrinking Run 7
#Info# Executed steps before collision: 6, Found collision: false
Turtle 1 :[(-1,-1), (4,5), (4,4), (3,4), (3,3), (3,2), (3,1)]
Turtle 2 :[(-2,-2), (7,4), (6,4), (5,4), (4,4), (4,3), (-2,-2)]
Turtle 3 :[(-3,-3), (11,9), (11,10), (11,11), (12,11), (13,11), (14,11)]
Turtle 4 :[(-4,-4), (5,10), (5,9), (6,9), (6,8), (6,7), (6,6)]
Turtle 5 :[(-5,-5), (11,6), (11,7), (12,7), (13,7), (14,7), (14,7)]

Shrinking Run 8
#Info# Executed steps before collision: 6, Found collision: false
Turtle 1 :[(-1,-1), (4,5), (4,4), (4,3), (4,2), (4,1), (-1,-1)]
Turtle 2 :[(-2,-2), (7,4), (6,4), (5,4), (4,4), (4,3), (-2,-2)]
Turtle 3 :[(-3,-3), (11,9), (11,10), (11,11), (12,11), (13,11), (14,11)]
Turtle 4 :[(-4,-4), (5,10), (5,9), (6,9), (6,8), (6,7), (6,6)]
Turtle 5 :[(-5,-5), (11,6), (11,7), (12,7), (13,7), (14,7), (14,7)]

Shrinking Run 9
#Info# Executed steps before collision: 7, Found collision: false
Turtle 1 :[(-1,-1), (4,5), (5,5), (5,4), (5,3), (5,2), (5,1), (-1,-1)]
Turtle 2 :[(-2,-2), (7,4), (6,4), (6,5), (5,5), (5,4), (5,3), (4,3)]
Turtle 3 :[(-3,-3), (11,9), (11,10), (11,11), (12,11), (13,11), (14,11), (-3,-3)]
Turtle 4 :[(-4,-4), (5,10), (5,9), (6,9), (6,8), (6,7), (6,6), (-4,-4)]
Turtle 5 :[(-5,-5), (11,6), (11,7), (12,7), (13,7), (14,7), (14,7), (-5,-5)]

Shrinking Run 10
#Info# Executed steps before collision: 6, Found collision: false
Turtle 1 :[(-1,-1), (4,5), (4,4), (4,3), (5,3), (5,2), (5,1)]
Turtle 2 :[(-2,-2), (7,4), (6,4), (5,4), (4,4), (4,3), (-2,-2)]
Turtle 3 :[(-3,-3), (11,9), (11,10), (11,11), (12,11), (13,11), (14,11)]
Turtle 4 :[(-4,-4), (5,10), (5,9), (6,9), (6,8), (6,7), (6,6)]
Turtle 5 :[(-5,-5), (11,6), (11,7), (12,7), (13,7), (14,7), (14,7)]

Shrinking Run 11
#Info# Executed steps before collision: 8, Found collision: false
Turtle 1 :[(-1,-1), (4,5), (4,4), (5,4), (5,3), (5,2), (5,1), (-1,-1), (-1,-1)]
Turtle 2 :[(-2,-2), (7,4), (6,4), (6,3), (7,3), (6,3), (5,3), (4,3), (3,3)]
Turtle 3 :[(-3,-3), (11,9), (11,10), (11,11), (12,11), (13,11), (14,11), (-3,-3), (-3,-3)]
Turtle 4 :[(-4,-4), (5,10), (5,9), (6,9), (6,8), (6,7), (6,6), (-4,-4), (-4,-4)]
Turtle 5 :[(-5,-5), (11,6), (11,7), (12,7), (13,7), (14,7), (14,7), (-5,-5), (-5,-5)]

Shrinking Run 12
#Info# Executed steps before collision: 8, Found collision: false
Turtle 1 :[(-1,-1), (4,5), (4,4), (5,4), (5,3), (5,2), (5,1), (-1,-1), (-1,-1)]
Turtle 2 :[(-2,-2), (7,4), (6,4), (6,3), (7,3), (6,3), (6,2), (6,1), (5,1)]
Turtle 3 :[(-3,-3), (11,9), (11,10), (11,11), (12,11), (13,11), (14,11), (-3,-3), (-3,-3)]
Turtle 4 :[(-4,-4), (5,10), (5,9), (6,9), (6,8), (6,7), (6,6), (-4,-4), (-4,-4)]
Turtle 5 :[(-5,-5), (11,6), (11,7), (12,7), (13,7), (14,7), (14,7), (-5,-5), (-5,-5)]

Shrinking Run 13
#Info# Executed steps before collision: 8, Found collision: false
Turtle 1 :[(-1,-1), (4,5), (4,4), (5,4), (5,3), (5,2), (5,1), (-1,-1), (-1,-1)]
Turtle 2 :[(-2,-2), (7,4), (6,4), (6,3), (6,4), (5,4), (5,3), (4,3), (4,2)]
Turtle 3 :[(-3,-3), (11,9), (11,10), (11,11), (12,11), (13,11), (14,11), (-3,-3), (-3,-3)]
Turtle 4 :[(-4,-4), (5,10), (5,9), (6,9), (6,8), (6,7), (6,6), (-4,-4), (-4,-4)]
Turtle 5 :[(-5,-5), (11,6), (11,7), (12,7), (13,7), (14,7), (14,7), (-5,-5), (-5,-5)]

Shrinking Run 14
#Info# Executed steps before collision: 3, Found collision: true
Turtle 1 :[(-1,-1), (4,5), (4,4), (5,4), (5,3), (5,2), (5,1)]
Turtle 2 :[(-2,-2), (7,4), (6,4), (5,4), (4,4), (4,3), (-2,-2)]
Turtle 3 :[(-3,-3), (11,9), (11,10), (11,11), (10,11), (9,11), (8,11)]
Turtle 4 :[(-4,-4), (5,10), (5,9), (6,9), (6,8), (6,7), (6,6)]
Turtle 5 :[(-5,-5), (11,6), (11,7), (12,7), (13,7), (14,7), (14,7)]

Shrinking Run 15
#Info# Executed steps before collision: 3, Found collision: true
Turtle 1 :[(-1,-1), (4,5), (4,4), (5,4), (5,3), (5,2), (5,1)]
Turtle 2 :[(-2,-2), (7,4), (6,4), (5,4), (4,4), (4,3), (-2,-2)]
Turtle 3 :[(-3,-3), (11,9), (11,8), (10,8), (10,7), (9,7), (8,7)]
Turtle 4 :[(-4,-4), (5,10), (5,9), (6,9), (6,8), (6,7), (6,6)]
Turtle 5 :[(-5,-5), (11,6), (11,7), (12,7), (13,7), (14,7), (14,7)]

Shrinking Run 16
#Info# Executed steps before collision: 3, Found collision: true
Turtle 1 :[(-1,-1), (4,5), (4,4), (5,4), (5,3), (5,2), (5,1)]
Turtle 2 :[(-2,-2), (7,4), (6,4), (5,4), (4,4), (4,3), (-2,-2)]
Turtle 3 :[(-3,-3), (11,9), (11,8), (10,8), (10,7), (9,7), (8,7)]
Turtle 4 :[(-4,-4), (5,10), (5,9), (6,9), (6,8), (6,7), (6,6)]
Turtle 5 :[(-5,-5), (11,6), (11,7), (12,7), (13,7), (14,7), (14,7)]

Shrinking Run 17
#Info# Executed steps before collision: 3, Found collision: true
Turtle 1 :[(-1,-1), (4,5), (4,4), (5,4), (5,3), (5,2), (5,1)]
Turtle 2 :[(-2,-2), (7,4), (6,4), (5,4), (4,4), (4,3), (-2,-2)]
Turtle 3 :[(-3,-3), (11,9), (11,8), (10,8), (9,8), (8,8), (7,8)]
Turtle 4 :[(-4,-4), (5,10), (5,9), (6,9), (6,8), (6,7), (6,6)]
Turtle 5 :[(-5,-5), (11,6), (11,7), (12,7), (13,7), (14,7), (14,7)]

Shrinking Run 18
#Info# Executed steps before collision: 3, Found collision: true
Turtle 1 :[(-1,-1), (4,5), (4,4), (5,4), (5,3), (5,2), (5,1)]
Turtle 2 :[(-2,-2), (7,4), (6,4), (5,4), (4,4), (4,3), (-2,-2)]
Turtle 3 :[(-3,-3), (11,9), (10,9), (9,9), (8,9), (7,9), (6,9)]
Turtle 4 :[(-4,-4), (5,10), (5,9), (6,9), (6,8), (6,7), (6,6)]
Turtle 5 :[(-5,-5), (11,6), (11,7), (12,7), (13,7), (14,7), (14,7)]

Shrinking Run 19
#Info# Executed steps before collision: 3, Found collision: true
Turtle 1 :[(-1,-1), (4,5), (4,4), (5,4), (5,3), (5,2), (5,1)]
Turtle 2 :[(-2,-2), (7,4), (6,4), (5,4), (4,4), (4,3), (-2,-2)]
Turtle 3 :[(-3,-3), (11,9), (10,9), (9,9), (8,9), (7,9), (6,9)]
Turtle 4 :[(-4,-4), (5,10), (5,9), (4,9), (4,8), (4,7), (4,6)]
Turtle 5 :[(-5,-5), (11,6), (11,7), (12,7), (13,7), (14,7), (14,7)]

Shrinking Run 20
#Info# Executed steps before collision: 3, Found collision: true
Turtle 1 :[(-1,-1), (4,5), (4,4), (5,4), (5,3), (5,2), (5,1)]
Turtle 2 :[(-2,-2), (7,4), (6,4), (5,4), (4,4), (4,3), (-2,-2)]
Turtle 3 :[(-3,-3), (11,9), (10,9), (9,9), (8,9), (7,9), (6,9)]
Turtle 4 :[(-4,-4), (5,10), (4,10), (3,10), (3,9), (3,8), (3,7)]
Turtle 5 :[(-5,-5), (11,6), (11,7), (12,7), (13,7), (14,7), (14,7)]

Shrinking Run 21
#Info# Executed steps before collision: 3, Found collision: true
Turtle 1 :[(-1,-1), (4,5), (4,4), (5,4), (5,3), (5,2), (5,1)]
Turtle 2 :[(-2,-2), (7,4), (6,4), (5,4), (4,4), (4,3), (-2,-2)]
Turtle 3 :[(-3,-3), (11,9), (10,9), (9,9), (8,9), (7,9), (6,9)]
Turtle 4 :[(-4,-4), (5,10), (4,10), (3,10), (2,10), (2,9), (2,8)]
Turtle 5 :[(-5,-5), (11,6), (11,7), (12,7), (13,7), (14,7), (14,7)]

Shrinking Run 22
#Info# Executed steps before collision: 7, Found collision: false
Turtle 1 :[(-1,-1), (4,5), (4,4), (5,4), (5,3), (5,2), (5,1), (-1,-1)]
Turtle 2 :[(-2,-2), (7,4), (6,4), (7,4), (6,4), (5,4), (5,3), (4,3)]
Turtle 3 :[(-3,-3), (11,9), (10,9), (9,9), (8,9), (7,9), (6,9), (-3,-3)]
Turtle 4 :[(-4,-4), (5,10), (4,10), (3,10), (2,10), (1,10), (1,9), (-4,-4)]
Turtle 5 :[(-5,-5), (11,6), (11,7), (12,7), (13,7), (14,7), (14,7), (-5,-5)]

Shrinking Run 23
#Info# Executed steps before collision: 7, Found collision: false
Turtle 1 :[(-1,-1), (4,5), (4,4), (5,4), (5,3), (5,2), (5,1), (-1,-1)]
Turtle 2 :[(-2,-2), (7,4), (6,4), (6,3), (7,3), (6,3), (5,3), (4,3)]
Turtle 3 :[(-3,-3), (11,9), (10,9), (9,9), (8,9), (7,9), (6,9), (-3,-3)]
Turtle 4 :[(-4,-4), (5,10), (4,10), (3,10), (2,10), (2,9), (1,9), (-4,-4)]
Turtle 5 :[(-5,-5), (11,6), (11,7), (12,7), (13,7), (14,7), (14,7), (-5,-5)]

Shrinking Run 24
#Info# Executed steps before collision: 7, Found collision: false
Turtle 1 :[(-1,-1), (4,5), (4,4), (5,4), (5,3), (5,2), (5,1), (-1,-1)]
Turtle 2 :[(-2,-2), (7,4), (6,4), (6,5), (6,4), (5,4), (5,3), (4,3)]
Turtle 3 :[(-3,-3), (11,9), (10,9), (9,9), (8,9), (7,9), (6,9), (-3,-3)]
Turtle 4 :[(-4,-4), (5,10), (4,10), (3,10), (2,10), (2,9), (2,8), (-4,-4)]
Turtle 5 :[(-5,-5), (11,6), (11,7), (10,7), (9,7), (8,7), (7,7), (-5,-5)]

Shrinking Run 25
#Info# Executed steps before collision: 3, Found collision: true
Turtle 1 :[(-1,-1), (4,5), (4,4), (5,4), (5,3), (5,2), (5,1)]
Turtle 2 :[(-2,-2), (7,4), (6,4), (5,4), (4,4), (4,3), (-2,-2)]
Turtle 3 :[(-3,-3), (11,9), (10,9), (9,9), (8,9), (7,9), (6,9)]
Turtle 4 :[(-4,-4), (5,10), (4,10), (3,10), (2,10), (2,9), (2,8)]
Turtle 5 :[(-5,-5), (11,6), (11,7), (10,7), (9,7), (8,7), (-5,-5)]

Shrinking Run 26
#Info# Executed steps before collision: 3, Found collision: true
Turtle 1 :[(-1,-1), (4,5), (4,4), (5,4), (5,3), (5,2), (5,1)]
Turtle 2 :[(-2,-2), (7,4), (6,4), (5,4), (4,4), (4,3), (-2,-2)]
Turtle 3 :[(-3,-3), (11,9), (10,9), (9,9), (8,9), (7,9), (6,9)]
Turtle 4 :[(-4,-4), (5,10), (4,10), (3,10), (2,10), (2,9), (2,8)]
Turtle 5 :[(-5,-5), (11,6), (11,5), (11,4), (11,3), (11,2), (10,2)]

Shrinking Run 27
#Info# Executed steps before collision: 3, Found collision: true
Turtle 1 :[(-1,-1), (4,5), (4,4), (5,4), (5,3), (5,2), (5,1)]
Turtle 2 :[(-2,-2), (7,4), (6,4), (5,4), (4,4), (4,3), (-2,-2)]
Turtle 3 :[(-3,-3), (11,9), (10,9), (9,9), (8,9), (7,9), (6,9)]
Turtle 4 :[(-4,-4), (5,10), (4,10), (3,10), (2,10), (2,9), (2,8)]
Turtle 5 :[(-5,-5), (11,6), (10,6), (10,5), (10,4), (10,3), (9,3)]

Shrinking Run 28
#Info# Executed steps before collision: 3, Found collision: true
Turtle 1 :[(-1,-1), (4,5), (4,4), (5,4), (5,3), (5,2), (5,1)]
Turtle 2 :[(-2,-2), (7,4), (6,4), (5,4), (4,4), (4,3), (-2,-2)]
Turtle 3 :[(-3,-3), (11,9), (10,9), (9,9), (8,9), (7,9), (6,9)]
Turtle 4 :[(-4,-4), (5,10), (4,10), (3,10), (2,10), (2,9), (2,8)]
Turtle 5 :[(-5,-5), (11,6), (10,6), (9,6), (9,5), (9,4), (9,3)]

Shrinking Run 29
#Info# Executed steps before collision: 3, Found collision: true
Turtle 1 :[(-1,-1), (4,5), (4,4), (5,4), (5,3), (5,2), (5,1)]
Turtle 2 :[(-2,-2), (7,4), (6,4), (5,4), (4,4), (4,3), (-2,-2)]
Turtle 3 :[(-3,-3), (11,9), (10,9), (9,9), (8,9), (7,9), (6,9)]
Turtle 4 :[(-4,-4), (5,10), (4,10), (3,10), (2,10), (2,9), (2,8)]
Turtle 5 :[(-5,-5), (11,6), (10,6), (9,6), (9,5), (8,5), (8,4)]

Shrinking Run 30
#Info# Executed steps before collision: 8, Found collision: false
Turtle 1 :[(-1,-1), (4,5), (4,4), (5,4), (5,3), (5,2), (5,1), (-1,-1), (-1,-1)]
Turtle 2 :[(-2,-2), (7,4), (6,4), (6,4), (6,5), (5,5), (5,4), (4,4), (4,3)]
Turtle 3 :[(-3,-3), (11,9), (10,9), (9,9), (8,9), (7,9), (6,9), (-3,-3), (-3,-3)]
Turtle 4 :[(-4,-4), (5,10), (4,10), (3,10), (2,10), (2,9), (2,8), (-4,-4), (-4,-4)]
Turtle 5 :[(-5,-5), (11,6), (10,6), (9,6), (8,6), (7,6), (7,5), (-5,-5), (-5,-5)]

Shrinking Run 31
#Info# Executed steps before collision: 3, Found collision: true
Turtle 1 :[(-1,-1), (4,5), (4,4), (5,4), (5,3), (5,2), (5,1)]
Turtle 2 :[(-2,-2), (7,4), (6,4), (5,4), (4,4), (4,3), (-2,-2)]
Turtle 3 :[(-3,-3), (11,9), (10,9), (9,9), (8,9), (7,9), (6,9)]
Turtle 4 :[(-4,-4), (5,10), (4,10), (3,10), (2,10), (2,9), (2,8)]
Turtle 5 :[(-5,-5), (11,6), (10,6), (9,6), (9,5), (8,5), (7,5)]

Shrinking Run 32
#Info# Executed steps before collision: 8, Found collision: false
Turtle 1 :[(-1,-1), (4,5), (4,4), (5,4), (5,3), (5,2), (5,1), (-1,-1), (-1,-1)]
Turtle 2 :[(-2,-2), (7,4), (6,4), (6,4), (6,5), (5,5), (4,5), (4,4), (4,3)]
Turtle 3 :[(-3,-3), (11,9), (10,9), (9,9), (8,9), (7,9), (6,9), (-3,-3), (-3,-3)]
Turtle 4 :[(-4,-4), (5,10), (4,10), (3,10), (2,10), (2,9), (2,8), (-4,-4), (-4,-4)]
Turtle 5 :[(-5,-5), (11,6), (10,6), (9,6), (8,6), (8,5), (7,5), (-5,-5), (-5,-5)]

Shrinking Run 33
#Info# Executed steps before collision: 6, Found collision: false
Turtle 1 :[(-1,-1), (4,5), (4,4), (3,4), (3,3), (2,3), (2,2)]
Turtle 2 :[(-2,-2), (7,4), (6,4), (5,4), (4,4), (4,3), (-2,-2)]
Turtle 3 :[(-3,-3), (11,9), (10,9), (9,9), (8,9), (7,9), (6,9)]
Turtle 4 :[(-4,-4), (5,10), (4,10), (3,10), (2,10), (2,9), (2,8)]
Turtle 5 :[(-5,-5), (11,6), (10,6), (9,6), (9,5), (8,5), (7,5)]

Shrinking Run 34
#Info# Executed steps before collision: 6, Found collision: false
Turtle 1 :[(-1,-1), (4,5), (4,4), (3,4), (3,3), (3,2), (-1,-1)]
Turtle 2 :[(-2,-2), (7,4), (6,4), (5,4), (4,4), (4,3), (-2,-2)]
Turtle 3 :[(-3,-3), (11,9), (10,9), (9,9), (8,9), (7,9), (6,9)]
Turtle 4 :[(-4,-4), (5,10), (4,10), (3,10), (2,10), (2,9), (2,8)]
Turtle 5 :[(-5,-5), (11,6), (10,6), (9,6), (9,5), (8,5), (7,5)]

Shrinking Run 35
#Info# Executed steps before collision: 6, Found collision: false
Turtle 1 :[(-1,-1), (4,5), (4,4), (4,3), (4,2), (-1,-1), (-1,-1)]
Turtle 2 :[(-2,-2), (7,4), (6,4), (5,4), (4,4), (4,3), (-2,-2)]
Turtle 3 :[(-3,-3), (11,9), (10,9), (9,9), (8,9), (7,9), (6,9)]
Turtle 4 :[(-4,-4), (5,10), (4,10), (3,10), (2,10), (2,9), (2,8)]
Turtle 5 :[(-5,-5), (11,6), (10,6), (9,6), (9,5), (8,5), (7,5)]

Shrinking Run 36
#Info# Executed steps before collision: 6, Found collision: false
Turtle 1 :[(-1,-1), (4,5), (4,4), (4,3), (4,2), (4,1), (4,0)]
Turtle 2 :[(-2,-2), (7,4), (6,4), (5,4), (4,4), (4,3), (-2,-2)]
Turtle 3 :[(-3,-3), (11,9), (10,9), (9,9), (8,9), (7,9), (6,9)]
Turtle 4 :[(-4,-4), (5,10), (4,10), (3,10), (2,10), (2,9), (2,8)]
Turtle 5 :[(-5,-5), (11,6), (10,6), (9,6), (9,5), (8,5), (7,5)]

Shrinking Run 37
#Info# Executed steps before collision: 6, Found collision: false
Turtle 1 :[(-1,-1), (4,5), (4,4), (3,4), (3,3), (3,2), (3,1)]
Turtle 2 :[(-2,-2), (7,4), (6,4), (5,4), (4,4), (4,3), (-2,-2)]
Turtle 3 :[(-3,-3), (11,9), (10,9), (9,9), (8,9), (7,9), (6,9)]
Turtle 4 :[(-4,-4), (5,10), (4,10), (3,10), (2,10), (2,9), (2,8)]
Turtle 5 :[(-5,-5), (11,6), (10,6), (9,6), (9,5), (8,5), (7,5)]

Shrinking Run 38
#Info# Executed steps before collision: 6, Found collision: false
Turtle 1 :[(-1,-1), (4,5), (4,4), (4,3), (4,2), (4,1), (-1,-1)]
Turtle 2 :[(-2,-2), (7,4), (6,4), (5,4), (4,4), (4,3), (-2,-2)]
Turtle 3 :[(-3,-3), (11,9), (10,9), (9,9), (8,9), (7,9), (6,9)]
Turtle 4 :[(-4,-4), (5,10), (4,10), (3,10), (2,10), (2,9), (2,8)]
Turtle 5 :[(-5,-5), (11,6), (10,6), (9,6), (9,5), (8,5), (7,5)]

Shrinking Run 39
#Info# Executed steps before collision: 7, Found collision: false
Turtle 1 :[(-1,-1), (4,5), (5,5), (5,4), (5,3), (5,2), (5,1), (-1,-1)]
Turtle 2 :[(-2,-2), (7,4), (6,4), (6,3), (6,4), (5,4), (4,4), (4,3)]
Turtle 3 :[(-3,-3), (11,9), (10,9), (9,9), (8,9), (7,9), (6,9), (-3,-3)]
Turtle 4 :[(-4,-4), (5,10), (4,10), (3,10), (2,10), (2,9), (2,8), (-4,-4)]
Turtle 5 :[(-5,-5), (11,6), (10,6), (9,6), (9,5), (8,5), (7,5), (-5,-5)]

Shrinking Run 40
#Info# Executed steps before collision: 6, Found collision: false
Turtle 1 :[(-1,-1), (4,5), (4,4), (4,3), (5,3), (5,2), (5,1)]
Turtle 2 :[(-2,-2), (7,4), (6,4), (5,4), (4,4), (4,3), (-2,-2)]
Turtle 3 :[(-3,-3), (11,9), (10,9), (9,9), (8,9), (7,9), (6,9)]
Turtle 4 :[(-4,-4), (5,10), (4,10), (3,10), (2,10), (2,9), (2,8)]
Turtle 5 :[(-5,-5), (11,6), (10,6), (9,6), (9,5), (8,5), (7,5)]

Shrinking Run 41
#Info# Executed steps before collision: 8, Found collision: false
Turtle 1 :[(-1,-1), (4,5), (4,4), (5,4), (5,3), (5,2), (5,1), (-1,-1), (-1,-1)]
Turtle 2 :[(-2,-2), (7,4), (6,4), (6,3), (6,4), (5,4), (4,4), (4,3), (3,3)]
Turtle 3 :[(-3,-3), (11,9), (10,9), (9,9), (8,9), (7,9), (6,9), (-3,-3), (-3,-3)]
Turtle 4 :[(-4,-4), (5,10), (4,10), (3,10), (2,10), (2,9), (2,8), (-4,-4), (-4,-4)]
Turtle 5 :[(-5,-5), (11,6), (10,6), (9,6), (9,5), (8,5), (7,5), (-5,-5), (-5,-5)]

Shrinking Run 42
#Info# Executed steps before collision: 8, Found collision: false
Turtle 1 :[(-1,-1), (4,5), (4,4), (5,4), (5,3), (5,2), (5,1), (-1,-1), (-1,-1)]
Turtle 2 :[(-2,-2), (7,4), (6,4), (6,3), (7,3), (7,2), (6,2), (6,1), (5,1)]
Turtle 3 :[(-3,-3), (11,9), (10,9), (9,9), (8,9), (7,9), (6,9), (-3,-3), (-3,-3)]
Turtle 4 :[(-4,-4), (5,10), (4,10), (3,10), (2,10), (2,9), (2,8), (-4,-4), (-4,-4)]
Turtle 5 :[(-5,-5), (11,6), (10,6), (9,6), (9,5), (8,5), (7,5), (-5,-5), (-5,-5)]

Shrinking Run 43
#Info# Executed steps before collision: 8, Found collision: false
Turtle 1 :[(-1,-1), (4,5), (4,4), (5,4), (5,3), (5,2), (5,1), (-1,-1), (-1,-1)]
Turtle 2 :[(-2,-2), (7,4), (6,4), (6,3), (6,2), (6,1), (6,2), (5,2), (4,2)]
Turtle 3 :[(-3,-3), (11,9), (10,9), (9,9), (8,9), (7,9), (6,9), (-3,-3), (-3,-3)]
Turtle 4 :[(-4,-4), (5,10), (4,10), (3,10), (2,10), (2,9), (2,8), (-4,-4), (-4,-4)]
Turtle 5 :[(-5,-5), (11,6), (10,6), (9,6), (9,5), (8,5), (7,5), (-5,-5), (-5,-5)]

Shrinking Run 44
#Info# Executed steps before collision: 3, Found collision: true
Turtle 1 :[(-1,-1), (4,5), (4,4), (5,4), (5,3), (5,2), (5,1)]
Turtle 2 :[(-2,-2), (7,4), (6,4), (5,4), (4,4), (4,3), (-2,-2)]
Turtle 3 :[(-3,-3), (11,9), (10,9), (9,9), (8,9), (7,9), (6,9)]
Turtle 4 :[(-4,-4), (5,10), (4,10), (3,10), (2,10), (1,10), (1,9)]
Turtle 5 :[(-5,-5), (11,6), (10,6), (9,6), (9,5), (8,5), (7,5)]

Shrinking Run 45
#Info# Executed steps before collision: 3, Found collision: true
Turtle 1 :[(-1,-1), (4,5), (4,4), (5,4), (5,3), (5,2), (5,1)]
Turtle 2 :[(-2,-2), (7,4), (6,4), (5,4), (4,4), (4,3), (-2,-2)]
Turtle 3 :[(-3,-3), (11,9), (10,9), (9,9), (8,9), (7,9), (6,9)]
Turtle 4 :[(-4,-4), (5,10), (4,10), (3,10), (2,10), (1,10), (0,10)]
Turtle 5 :[(-5,-5), (11,6), (10,6), (9,6), (9,5), (8,5), (7,5)]

Shrinking Run 46
#Info# Executed steps before collision: 3, Found collision: true
Turtle 1 :[(-1,-1), (4,5), (4,4), (5,4), (5,3), (5,2), (5,1)]
Turtle 2 :[(-2,-2), (7,4), (6,4), (5,4), (4,4), (4,3), (-2,-2)]
Turtle 3 :[(-3,-3), (11,9), (10,9), (9,9), (8,9), (7,9), (6,9)]
Turtle 4 :[(-4,-4), (5,10), (4,10), (3,10), (2,10), (1,10), (0,10)]
Turtle 5 :[(-5,-5), (11,6), (11,7), (10,7), (9,7), (8,7), (7,7)]

Shrinking Run 47
#Info# Executed steps before collision: 3, Found collision: true
Turtle 1 :[(-1,-1), (4,5), (4,4), (5,4), (5,3), (5,2), (5,1)]
Turtle 2 :[(-2,-2), (7,4), (6,4), (5,4), (4,4), (4,3), (-2,-2)]
Turtle 3 :[(-3,-3), (11,9), (10,9), (9,9), (8,9), (7,9), (6,9)]
Turtle 4 :[(-4,-4), (5,10), (4,10), (3,10), (2,10), (1,10), (0,10)]
Turtle 5 :[(-5,-5), (11,6), (11,5), (11,4), (11,3), (11,2), (10,2)]

Shrinking Run 48
#Info# Executed steps before collision: 3, Found collision: true
Turtle 1 :[(-1,-1), (4,5), (4,4), (5,4), (5,3), (5,2), (5,1)]
Turtle 2 :[(-2,-2), (7,4), (6,4), (5,4), (4,4), (4,3), (-2,-2)]
Turtle 3 :[(-3,-3), (11,9), (10,9), (9,9), (8,9), (7,9), (6,9)]
Turtle 4 :[(-4,-4), (5,10), (4,10), (3,10), (2,10), (1,10), (0,10)]
Turtle 5 :[(-5,-5), (11,6), (10,6), (10,5), (10,4), (10,3), (9,3)]

Shrinking Run 49
#Info# Executed steps before collision: 3, Found collision: true
Turtle 1 :[(-1,-1), (4,5), (4,4), (5,4), (5,3), (5,2), (5,1)]
Turtle 2 :[(-2,-2), (7,4), (6,4), (5,4), (4,4), (4,3), (-2,-2)]
Turtle 3 :[(-3,-3), (11,9), (10,9), (9,9), (8,9), (7,9), (6,9)]
Turtle 4 :[(-4,-4), (5,10), (4,10), (3,10), (2,10), (1,10), (0,10)]
Turtle 5 :[(-5,-5), (11,6), (10,6), (9,6), (9,5), (9,4), (9,3)]

Shrinking Run 50
#Info# Executed steps before collision: 3, Found collision: true
Turtle 1 :[(-1,-1), (4,5), (4,4), (5,4), (5,3), (5,2), (5,1)]
Turtle 2 :[(-2,-2), (7,4), (6,4), (5,4), (4,4), (4,3), (-2,-2)]
Turtle 3 :[(-3,-3), (11,9), (10,9), (9,9), (8,9), (7,9), (6,9)]
Turtle 4 :[(-4,-4), (5,10), (4,10), (3,10), (2,10), (1,10), (0,10)]
Turtle 5 :[(-5,-5), (11,6), (10,6), (9,6), (9,5), (8,5), (8,4)]

Shrinking Run 51
#Info# Executed steps before collision: 3, Found collision: true
Turtle 1 :[(-1,-1), (4,5), (4,4), (5,4), (5,3), (5,2), (5,1)]
Turtle 2 :[(-2,-2), (7,4), (6,4), (5,4), (4,4), (4,3), (-2,-2)]
Turtle 3 :[(-3,-3), (11,9), (10,9), (9,9), (8,9), (7,9), (6,9)]
Turtle 4 :[(-4,-4), (5,10), (4,10), (3,10), (2,10), (1,10), (0,10)]
Turtle 5 :[(-5,-5), (11,6), (10,6), (9,6), (8,6), (7,6), (7,5)]

Shrinking Run 52
#Info# Executed steps before collision: 3, Found collision: true
Turtle 1 :[(-1,-1), (4,5), (4,4), (5,4), (5,3), (5,2), (5,1)]
Turtle 2 :[(-2,-2), (7,4), (6,4), (5,4), (4,4), (4,3), (-2,-2)]
Turtle 3 :[(-3,-3), (11,9), (10,9), (9,9), (8,9), (7,9), (6,9)]
Turtle 4 :[(-4,-4), (5,10), (4,10), (3,10), (2,10), (1,10), (0,10)]
Turtle 5 :[(-5,-5), (11,6), (10,6), (9,6), (8,6), (7,6), (6,6)]

Shrinking Run 53
#Info# Executed steps before collision: 6, Found collision: false
Turtle 1 :[(-1,-1), (4,5), (4,4), (3,4), (3,3), (2,3), (2,2)]
Turtle 2 :[(-2,-2), (7,4), (6,4), (5,4), (4,4), (4,3), (-2,-2)]
Turtle 3 :[(-3,-3), (11,9), (10,9), (9,9), (8,9), (7,9), (6,9)]
Turtle 4 :[(-4,-4), (5,10), (4,10), (3,10), (2,10), (1,10), (0,10)]
Turtle 5 :[(-5,-5), (11,6), (10,6), (9,6), (8,6), (7,6), (6,6)]

Shrinking Run 54
#Info# Executed steps before collision: 6, Found collision: false
Turtle 1 :[(-1,-1), (4,5), (4,4), (3,4), (3,3), (3,2), (-1,-1)]
Turtle 2 :[(-2,-2), (7,4), (6,4), (5,4), (4,4), (4,3), (-2,-2)]
Turtle 3 :[(-3,-3), (11,9), (10,9), (9,9), (8,9), (7,9), (6,9)]
Turtle 4 :[(-4,-4), (5,10), (4,10), (3,10), (2,10), (1,10), (0,10)]
Turtle 5 :[(-5,-5), (11,6), (10,6), (9,6), (8,6), (7,6), (6,6)]

Shrinking Run 55
#Info# Executed steps before collision: 6, Found collision: false
Turtle 1 :[(-1,-1), (4,5), (4,4), (4,3), (4,2), (-1,-1), (-1,-1)]
Turtle 2 :[(-2,-2), (7,4), (6,4), (5,4), (4,4), (4,3), (-2,-2)]
Turtle 3 :[(-3,-3), (11,9), (10,9), (9,9), (8,9), (7,9), (6,9)]
Turtle 4 :[(-4,-4), (5,10), (4,10), (3,10), (2,10), (1,10), (0,10)]
Turtle 5 :[(-5,-5), (11,6), (10,6), (9,6), (8,6), (7,6), (6,6)]

Shrinking Run 56
#Info# Executed steps before collision: 6, Found collision: false
Turtle 1 :[(-1,-1), (4,5), (4,4), (4,3), (4,2), (4,1), (4,0)]
Turtle 2 :[(-2,-2), (7,4), (6,4), (5,4), (4,4), (4,3), (-2,-2)]
Turtle 3 :[(-3,-3), (11,9), (10,9), (9,9), (8,9), (7,9), (6,9)]
Turtle 4 :[(-4,-4), (5,10), (4,10), (3,10), (2,10), (1,10), (0,10)]
Turtle 5 :[(-5,-5), (11,6), (10,6), (9,6), (8,6), (7,6), (6,6)]

Shrinking Run 57
#Info# Executed steps before collision: 7, Found collision: false
Turtle 1 :[(-1,-1), (4,5), (4,4), (3,4), (3,3), (3,2), (3,1), (-1,-1)]
Turtle 2 :[(-2,-2), (7,4), (6,4), (7,4), (7,3), (6,3), (5,3), (4,3)]
Turtle 3 :[(-3,-3), (11,9), (10,9), (9,9), (8,9), (7,9), (6,9), (-3,-3)]
Turtle 4 :[(-4,-4), (5,10), (4,10), (3,10), (2,10), (1,10), (0,10), (-4,-4)]
Turtle 5 :[(-5,-5), (11,6), (10,6), (9,6), (8,6), (7,6), (6,6), (-5,-5)]

Shrinking Run 58
#Info# Executed steps before collision: 6, Found collision: false
Turtle 1 :[(-1,-1), (4,5), (4,4), (4,3), (4,2), (4,1), (-1,-1)]
Turtle 2 :[(-2,-2), (7,4), (6,4), (5,4), (4,4), (4,3), (-2,-2)]
Turtle 3 :[(-3,-3), (11,9), (10,9), (9,9), (8,9), (7,9), (6,9)]
Turtle 4 :[(-4,-4), (5,10), (4,10), (3,10), (2,10), (1,10), (0,10)]
Turtle 5 :[(-5,-5), (11,6), (10,6), (9,6), (8,6), (7,6), (6,6)]

Shrinking Run 59
#Info# Executed steps before collision: 3, Found collision: true
Turtle 1 :[(-1,-1), (4,5), (5,5), (5,4), (5,3), (5,2), (5,1)]
Turtle 2 :[(-2,-2), (7,4), (6,4), (5,4), (4,4), (4,3), (-2,-2)]
Turtle 3 :[(-3,-3), (11,9), (10,9), (9,9), (8,9), (7,9), (6,9)]
Turtle 4 :[(-4,-4), (5,10), (4,10), (3,10), (2,10), (1,10), (0,10)]
Turtle 5 :[(-5,-5), (11,6), (10,6), (9,6), (8,6), (7,6), (6,6)]

Shrinking Run 60
#Info# Executed steps before collision: 10, Found collision: false
Turtle 1 :[(-1,-1), (4,5), (5,5), (5,4), (5,3), (5,2), (5,1), (-1,-1), (-1,-1), (-1,-1), (-1,-1)]
Turtle 2 :[(-2,-2), (7,4), (6,4), (6,3), (6,2), (6,1), (6,2), (5,2), (4,2), (3,2), (3,3)]
Turtle 3 :[(-3,-3), (11,9), (10,9), (9,9), (8,9), (7,9), (6,9), (-3,-3), (-3,-3), (-3,-3), (-3,-3)]
Turtle 4 :[(-4,-4), (5,10), (4,10), (3,10), (2,10), (1,10), (0,10), (-4,-4), (-4,-4), (-4,-4), (-4,-4)]
Turtle 5 :[(-5,-5), (11,6), (10,6), (9,6), (8,6), (7,6), (6,6), (-5,-5), (-5,-5), (-5,-5), (-5,-5)]

Shrinking Run 61
#Info# Executed steps before collision: 8, Found collision: false
Turtle 1 :[(-1,-1), (4,5), (5,5), (5,4), (5,3), (5,2), (5,1), (-1,-1), (-1,-1)]
Turtle 2 :[(-2,-2), (7,4), (6,4), (6,3), (6,4), (5,4), (5,3), (5,2), (5,1)]
Turtle 3 :[(-3,-3), (11,9), (10,9), (9,9), (8,9), (7,9), (6,9), (-3,-3), (-3,-3)]
Turtle 4 :[(-4,-4), (5,10), (4,10), (3,10), (2,10), (1,10), (0,10), (-4,-4), (-4,-4)]
Turtle 5 :[(-5,-5), (11,6), (10,6), (9,6), (8,6), (7,6), (6,6), (-5,-5), (-5,-5)]

Shrink Run 62
#Info# Executed steps before collision: 8, Found collision: false
Turtle 1 :[(-1,-1), (4,5), (5,5), (5,4), (5,3), (5,2), (5,1), (-1,-1), (-1,-1)]
Turtle 2 :[(-2,-2), (7,4), (6,4), (6,3), (6,4), (6,3), (6,2), (5,2), (4,2)]
Turtle 3 :[(-3,-3), (11,9), (10,9), (9,9), (8,9), (7,9), (6,9), (-3,-3), (-3,-3)]
Turtle 4 :[(-4,-4), (5,10), (4,10), (3,10), (2,10), (1,10), (0,10), (-4,-4), (-4,-4)]
Turtle 5 :[(-5,-5), (11,6), (10,6), (9,6), (8,6), (7,6), (6,6), (-5,-5), (-5,-5)]

