Detection Run 1
#Info# Executed steps before collision: 10, Found collision: false
Turtle 1 :[(-1,-1), (7,2), (8,2), (8,1), (9,1), (9,1), (9,0), (-1,-1), (-1,-1), (-1,-1), (-1,-1)]
Turtle 2 :[(-2,-2), (7,3), (7,4), (7,3), (7,2), (7,1), (8,1), (9,1), (-2,-2), (-2,-2), (-2,-2)]
Turtle 3 :[(-3,-3), (-3,-3), (-3,-3), (-3,-3), (-3,-3), (7,3), (6,3), (6,4), (5,4), (4,4), (4,5)]
Turtle 4 :[(-4,-4), (0,2), (0,1), (-4,-4), (-4,-4), (-4,-4), (-4,-4), (-4,-4), (-4,-4), (-4,-4), (-4,-4)]
Turtle 5 :[(-5,-5), (3,1), (2,1), (1,1), (1,2), (0,2), (-5,-5), (-5,-5), (-5,-5), (-5,-5), (-5,-5)]

Detection Run 2
#Info# Executed steps before collision: 6, Found collision: false
Turtle 1 :[(-1,-1), (0,1), (0,2), (1,2), (2,2), (3,2), (4,2)]
Turtle 2 :[(-2,-2), (6,5), (6,6), (5,6), (5,5), (4,5), (3,5)]
Turtle 3 :[(-3,-3), (7,1), (6,1), (5,1), (5,0), (4,0), (3,0)]
Turtle 4 :[(-4,-4), (4,2), (4,3), (3,3), (3,4), (2,4), (2,5)]
Turtle 5 :[(-5,-5), (9,0), (9,0), (-5,-5), (-5,-5), (-5,-5), (-5,-5)]

Detection Run 3
#Info# Executed steps before collision: 8, Found collision: false
Turtle 1 :[(-1,-1), (3,1), (4,1), (5,1), (5,0), (6,0), (-1,-1), (-1,-1), (-1,-1)]
Turtle 2 :[(-2,-2), (1,7), (2,7), (3,7), (4,7), (5,7), (-2,-2), (-2,-2), (-2,-2)]
Turtle 3 :[(-3,-3), (6,5), (7,5), (7,4), (8,4), (8,3), (8,2), (-3,-3), (-3,-3)]
Turtle 4 :[(-4,-4), (2,2), (1,2), (1,3), (0,3), (0,4), (0,5), (-4,-4), (-4,-4)]
Turtle 5 :[(-5,-5), (0,1), (1,1), (1,0), (2,0), (2,1), (2,2), (3,2), (3,3)]

Fault Detection Run 4
#Info# Executed steps before collision: 5, Found collision: true
Turtle 1 :[(-1,-1), (9,9), (9,8), (9,7), (9,7), (9,6), (9,5), (-1,-1)]
Turtle 2 :[(-2,-2), (7,5), (6,5), (6,4), (5,4), (4,4), (4,5), (4,6)]
Turtle 3 :[(-3,-3), (7,9), (7,9), (6,9), (5,9), (4,9), (3,9), (-3,-3)]
Turtle 4 :[(-4,-4), (0,0), (1,0), (2,0), (3,0), (4,0), (-4,-4), (-4,-4)]
Turtle 5 :[(-5,-5), (7,6), (6,6), (7,6), (8,6), (9,6), (-5,-5), (-5,-5)]

