Detection Run 1
#Info# Executed steps before collision: 8, Found collision: false
Turtle 1 :[(-1,-1), (0,1), (0,1), (1,1), (1,2), (-1,-1), (-1,-1), (-1,-1), (-1,-1)]
Turtle 2 :[(-2,-2), (8,1), (8,2), (9,2), (9,3), (9,4), (9,3), (10,3), (10,4)]
Turtle 3 :[(-3,-3), (12,6), (11,6), (10,6), (10,5), (10,4), (10,3), (-3,-3), (-3,-3)]
Turtle 4 :[(-4,-4), (14,16), (14,17), (14,18), (13,18), (-4,-4), (-4,-4), (-4,-4), (-4,-4)]
Turtle 5 :[(-5,-5), (4,5), (4,6), (5,6), (-5,-5), (-5,-5), (-5,-5), (-5,-5), (-5,-5)]

Detection Run 2
#Info# Executed steps before collision: 7, Found collision: false
Turtle 1 :[(-1,-1), (19,10), (19,11), (19,11), (19,12), (19,13), (19,14), (-1,-1)]
Turtle 2 :[(-2,-2), (17,10), (18,10), (18,11), (18,10), (18,11), (19,11), (19,12)]
Turtle 3 :[(-3,-3), (8,0), (9,0), (10,0), (11,0), (11,1), (11,2), (-3,-3)]
Turtle 4 :[(-4,-4), (14,12), (14,13), (13,13), (12,13), (11,13), (11,14), (-4,-4)]
Turtle 5 :[(-5,-5), (19,7), (19,6), (19,5), (19,4), (19,3), (-5,-5), (-5,-5)]

Detection Run 3
#Info# Executed steps before collision: 8, Found collision: false
Turtle 1 :[(-1,-1), (6,15), (7,15), (8,15), (8,16), (9,16), (9,17), (-1,-1), (-1,-1)]
Turtle 2 :[(-2,-2), (4,7), (4,6), (5,6), (5,7), (5,8), (5,9), (6,9), (7,9)]
Turtle 3 :[(-3,-3), (13,14), (13,13), (14,13), (14,12), (-3,-3), (-3,-3), (-3,-3), (-3,-3)]
Turtle 4 :[(-4,-4), (5,7), (5,6), (6,6), (6,5), (5,5), (-4,-4), (-4,-4), (-4,-4)]
Turtle 5 :[(-5,-5), (19,16), (19,15), (18,15), (-5,-5), (-5,-5), (-5,-5), (-5,-5), (-5,-5)]

Detection Run 4
#Info# Executed steps before collision: 6, Found collision: false
Turtle 1 :[(-1,-1), (10,19), (11,19), (11,18), (11,17), (11,16), (11,15)]
Turtle 2 :[(-2,-2), (14,11), (14,12), (14,11), (14,10), (14,9), (14,8)]
Turtle 3 :[(-3,-3), (1,7), (1,8), (0,8), (0,9), (0,10), (0,11)]
Turtle 4 :[(-4,-4), (4,1), (5,1), (6,1), (6,0), (7,0), (8,0)]
Turtle 5 :[(-5,-5), (16,6), (15,6), (14,6), (14,7), (14,8), (14,9)]

Detection Run 5
#Info# Executed steps before collision: 6, Found collision: false
Turtle 1 :[(-1,-1), (2,19), (2,18), (3,18), (3,17), (3,16), (-1,-1)]
Turtle 2 :[(-2,-2), (11,15), (11,14), (12,14), (13,14), (13,13), (14,13)]
Turtle 3 :[(-3,-3), (0,19), (1,19), (2,19), (3,19), (3,19), (4,19)]
Turtle 4 :[(-4,-4), (2,8), (1,8), (1,7), (1,6), (1,5), (0,5)]
Turtle 5 :[(-5,-5), (16,11), (15,11), (15,10), (15,9), (14,9), (14,8)]

Detection Run 6
#Info# Executed steps before collision: 6, Found collision: false
Turtle 1 :[(-1,-1), (1,16), (1,15), (1,14), (1,13), (0,13), (0,12)]
Turtle 2 :[(-2,-2), (9,15), (9,16), (10,16), (10,17), (11,17), (12,17)]
Turtle 3 :[(-3,-3), (13,10), (13,9), (14,9), (14,8), (14,7), (-3,-3)]
Turtle 4 :[(-4,-4), (10,17), (11,17), (12,17), (12,18), (13,18), (14,18)]
Turtle 5 :[(-5,-5), (8,4), (8,5), (8,6), (9,6), (9,7), (-5,-5)]

Detection Run 7
#Info# Executed steps before collision: 9, Found collision: false
Turtle 1 :[(-1,-1), (7,5), (7,4), (7,3), (7,2), (7,2), (7,1), (7,0), (-1,-1), (-1,-1)]
Turtle 2 :[(-2,-2), (13,8), (13,7), (13,6), (13,5), (13,4), (13,3), (-2,-2), (-2,-2), (-2,-2)]
Turtle 3 :[(-3,-3), (7,12), (8,12), (8,11), (8,10), (8,10), (8,10), (9,10), (10,10), (-3,-3)]
Turtle 4 :[(-4,-4), (12,10), (11,10), (10,10), (9,10), (9,10), (10,10), (10,9), (9,9), (8,9)]
Turtle 5 :[(-5,-5), (5,6), (6,6), (6,7), (6,8), (-5,-5), (-5,-5), (-5,-5), (-5,-5), (-5,-5)]

Detection Run 8
#Info# Executed steps before collision: 8, Found collision: false
Turtle 1 :[(-1,-1), (14,8), (14,9), (14,10), (13,10), (12,10), (12,10), (12,10), (12,11)]
Turtle 2 :[(-2,-2), (1,17), (2,17), (1,17), (2,17), (2,17), (2,16), (-2,-2), (-2,-2)]
Turtle 3 :[(-3,-3), (11,19), (11,18), (11,17), (11,16), (11,15), (11,14), (-3,-3), (-3,-3)]
Turtle 4 :[(-4,-4), (3,3), (4,3), (5,3), (6,3), (7,3), (7,2), (-4,-4), (-4,-4)]
Turtle 5 :[(-5,-5), (18,9), (18,10), (17,10), (16,10), (15,10), (14,10), (-5,-5), (-5,-5)]

Detection Run 9
#Info# Executed steps before collision: 8, Found collision: false
Turtle 1 :[(-1,-1), (12,6), (11,6), (11,5), (11,4), (11,3), (10,3), (-1,-1), (-1,-1)]
Turtle 2 :[(-2,-2), (14,4), (13,4), (13,5), (12,5), (12,6), (12,7), (-2,-2), (-2,-2)]
Turtle 3 :[(-3,-3), (17,15), (17,14), (18,14), (19,14), (19,13), (19,13), (-3,-3), (-3,-3)]
Turtle 4 :[(-4,-4), (17,7), (17,7), (16,7), (16,8), (15,8), (15,8), (15,8), (14,8)]
Turtle 5 :[(-5,-5), (4,9), (4,10), (5,10), (5,10), (6,10), (-5,-5), (-5,-5), (-5,-5)]

Fault Detection Run 10
#Info# Executed steps before collision: 8, Found collision: true
Turtle 1 :[(-1,-1), (4,4), (4,3), (4,4), (4,3), (5,3), (5,2), (-1,-1), (-1,-1), (-1,-1), (-1,-1), (-1,-1)]
Turtle 2 :[(-2,-2), (1,10), (0,10), (0,10), (0,9), (0,9), (0,8), (0,7), (0,6), (-2,-2), (-2,-2), (-2,-2)]
Turtle 3 :[(-3,-3), (7,4), (7,4), (8,4), (9,4), (10,4), (9,4), (9,5), (-3,-3), (-3,-3), (-3,-3), (-3,-3)]
Turtle 4 :[(-4,-4), (3,3), (3,3), (3,4), (3,5), (3,5), (3,6), (2,6), (1,6), (-4,-4), (-4,-4), (-4,-4)]
Turtle 5 :[(-5,-5), (1,5), (0,5), (0,6), (0,6), (0,7), (0,6), (0,5), (0,6), (0,7), (0,8), (0,9)]

