Detection Run 1
#Info# Executed steps before collision: 7, Found collision: false
Turtle 1 :[(-1,-1), (18,6), (18,7), (18,8), (18,9), (18,10), (17,10), (-1,-1)]
Turtle 2 :[(-2,-2), (16,17), (16,16), (16,15), (16,14), (15,14), (15,13), (-2,-2)]
Turtle 3 :[(-3,-3), (19,3), (18,3), (18,2), (19,2), (19,1), (19,0), (-3,-3)]
Turtle 4 :[(-4,-4), (7,13), (8,13), (8,14), (8,15), (9,15), (9,16), (-4,-4)]
Turtle 5 :[(-5,-5), (7,14), (7,14), (7,13), (7,12), (6,12), (5,12), (5,11)]

Detection Run 2
#Info# Executed steps before collision: 6, Found collision: false
Turtle 1 :[(-1,-1), (5,8), (5,7), (4,7), (3,7), (3,6), (3,5)]
Turtle 2 :[(-2,-2), (10,18), (9,18), (8,18), (7,18), (6,18), (5,18)]
Turtle 3 :[(-3,-3), (9,4), (9,5), (9,6), (8,6), (8,7), (8,8)]
Turtle 4 :[(-4,-4), (8,9), (8,8), (9,8), (9,7), (-4,-4), (-4,-4)]
Turtle 5 :[(-5,-5), (3,0), (4,0), (4,0), (3,0), (3,1), (4,1)]

Detection Run 3
#Info# Executed steps before collision: 6, Found collision: false
Turtle 1 :[(-1,-1), (11,8), (11,7), (11,6), (11,5), (10,5), (10,4)]
Turtle 2 :[(-2,-2), (14,8), (13,8), (12,8), (11,8), (10,8), (10,7)]
Turtle 3 :[(-3,-3), (1,8), (2,8), (3,8), (4,8), (4,9), (4,10)]
Turtle 4 :[(-4,-4), (15,1), (15,0), (16,0), (17,0), (18,0), (19,0)]
Turtle 5 :[(-5,-5), (19,13), (19,12), (19,12), (18,12), (19,12), (19,11)]

Detection Run 4
#Info# Executed steps before collision: 6, Found collision: false
Turtle 1 :[(-1,-1), (10,2), (11,2), (11,1), (11,0), (-1,-1), (-1,-1)]
Turtle 2 :[(-2,-2), (9,10), (8,10), (8,11), (8,12), (8,13), (8,14)]
Turtle 3 :[(-3,-3), (19,15), (18,15), (18,16), (17,16), (-3,-3), (-3,-3)]
Turtle 4 :[(-4,-4), (9,6), (10,6), (10,7), (10,8), (10,9), (10,10)]
Turtle 5 :[(-5,-5), (6,0), (7,0), (8,0), (9,0), (10,0), (11,0)]

Detection Run 5
#Info# Executed steps before collision: 6, Found collision: false
Turtle 1 :[(-1,-1), (9,6), (10,6), (10,7), (10,8), (11,8), (11,9)]
Turtle 2 :[(-2,-2), (4,9), (4,10), (4,11), (4,12), (3,12), (3,13)]
Turtle 3 :[(-3,-3), (11,19), (12,19), (12,18), (12,17), (11,17), (11,16)]
Turtle 4 :[(-4,-4), (3,4), (2,4), (2,3), (2,2), (1,2), (0,2)]
Turtle 5 :[(-5,-5), (12,18), (12,17), (11,17), (10,17), (9,17), (8,17)]

Detection Run 6
#Info# Executed steps before collision: 9, Found collision: false
Turtle 1 :[(-1,-1), (17,4), (18,4), (17,4), (18,4), (18,5), (18,6), (-1,-1), (-1,-1), (-1,-1)]
Turtle 2 :[(-2,-2), (11,10), (12,10), (13,10), (13,11), (14,11), (15,11), (-2,-2), (-2,-2), (-2,-2)]
Turtle 3 :[(-3,-3), (10,19), (10,18), (10,17), (10,16), (10,15), (-3,-3), (-3,-3), (-3,-3), (-3,-3)]
Turtle 4 :[(-4,-4), (10,11), (9,11), (9,12), (9,13), (9,14), (-4,-4), (-4,-4), (-4,-4), (-4,-4)]
Turtle 5 :[(-5,-5), (16,4), (16,5), (17,5), (16,5), (17,5), (17,4), (18,4), (18,3), (19,3)]

Detection Run 7
#Info# Executed steps before collision: 6, Found collision: false
Turtle 1 :[(-1,-1), (16,6), (16,5), (15,5), (15,4), (15,3), (14,3)]
Turtle 2 :[(-2,-2), (8,2), (9,2), (10,2), (11,2), (11,3), (11,4)]
Turtle 3 :[(-3,-3), (11,2), (11,3), (12,3), (13,3), (-3,-3), (-3,-3)]
Turtle 4 :[(-4,-4), (3,1), (4,1), (3,1), (3,2), (4,2), (-4,-4)]
Turtle 5 :[(-5,-5), (4,19), (3,19), (2,19), (1,19), (0,19), (0,18)]

Detection Run 8
#Info# Executed steps before collision: 7, Found collision: false
Turtle 1 :[(-1,-1), (1,9), (2,9), (2,10), (3,10), (4,10), (5,10), (-1,-1)]
Turtle 2 :[(-2,-2), (17,15), (17,16), (17,17), (17,17), (18,17), (19,17), (19,17)]
Turtle 3 :[(-3,-3), (11,11), (11,10), (11,9), (11,9), (12,9), (13,9), (13,8)]
Turtle 4 :[(-4,-4), (2,1), (3,1), (4,1), (4,1), (5,1), (5,0), (6,0)]
Turtle 5 :[(-5,-5), (18,16), (19,16), (19,17), (19,18), (19,19), (19,19), (-5,-5)]

Detection Run 9
#Info# Executed steps before collision: 7, Found collision: false
Turtle 1 :[(-1,-1), (6,17), (7,17), (7,16), (-1,-1), (-1,-1), (-1,-1), (-1,-1)]
Turtle 2 :[(-2,-2), (16,8), (17,8), (18,8), (18,9), (19,9), (19,9), (-2,-2)]
Turtle 3 :[(-3,-3), (6,16), (7,16), (8,16), (8,16), (9,16), (9,16), (10,16)]
Turtle 4 :[(-4,-4), (3,2), (4,2), (4,3), (5,3), (6,3), (6,4), (-4,-4)]
Turtle 5 :[(-5,-5), (16,7), (17,7), (17,6), (17,5), (17,4), (17,3), (-5,-5)]

Detection Run 10
#Info# Executed steps before collision: 7, Found collision: false
Turtle 1 :[(-1,-1), (10,9), (11,9), (12,9), (13,9), (14,9), (15,9), (-1,-1)]
Turtle 2 :[(-2,-2), (2,9), (2,10), (2,9), (2,10), (3,10), (-2,-2), (-2,-2)]
Turtle 3 :[(-3,-3), (8,15), (8,14), (8,13), (8,12), (8,11), (9,11), (-3,-3)]
Turtle 4 :[(-4,-4), (6,11), (7,11), (7,12), (7,11), (7,12), (8,12), (8,13)]
Turtle 5 :[(-5,-5), (3,12), (4,12), (4,11), (4,10), (4,9), (4,8), (-5,-5)]

Detection Run 11
#Info# Executed steps before collision: 9, Found collision: false
Turtle 1 :[(-1,-1), (16,4), (16,5), (16,6), (17,6), (17,7), (18,7), (-1,-1), (-1,-1), (-1,-1)]
Turtle 2 :[(-2,-2), (12,14), (12,13), (13,13), (13,12), (13,11), (12,11), (11,11), (-2,-2), (-2,-2)]
Turtle 3 :[(-3,-3), (12,13), (12,12), (12,13), (12,14), (12,15), (13,15), (14,15), (14,16), (-3,-3)]
Turtle 4 :[(-4,-4), (15,16), (15,15), (14,15), (-4,-4), (-4,-4), (-4,-4), (-4,-4), (-4,-4), (-4,-4)]
Turtle 5 :[(-5,-5), (0,14), (0,14), (0,15), (0,15), (0,15), (0,16), (0,17), (0,18), (0,19)]

Detection Run 12
#Info# Executed steps before collision: 7, Found collision: false
Turtle 1 :[(-1,-1), (12,14), (12,13), (11,13), (11,12), (10,12), (10,11), (-1,-1)]
Turtle 2 :[(-2,-2), (8,15), (8,14), (8,13), (8,13), (8,12), (8,11), (9,11)]
Turtle 3 :[(-3,-3), (8,13), (9,13), (10,13), (9,13), (10,13), (11,13), (12,13)]
Turtle 4 :[(-4,-4), (1,4), (2,4), (3,4), (2,4), (1,4), (2,4), (-4,-4)]
Turtle 5 :[(-5,-5), (7,0), (6,0), (5,0), (4,0), (3,0), (-5,-5), (-5,-5)]

Fault Detection Run 13
#Info# Executed steps before collision: 3, Found collision: true
Turtle 1 :[(-1,-1), (14,8), (14,9), (14,10), (13,10), (12,10), (11,10), (-1,-1), (-1,-1)]
Turtle 2 :[(-2,-2), (18,8), (18,8), (18,9), (19,9), (19,9), (19,9), (19,9), (19,10)]
Turtle 3 :[(-3,-3), (15,16), (15,17), (16,17), (16,18), (17,18), (18,18), (-3,-3), (-3,-3)]
Turtle 4 :[(-4,-4), (14,10), (14,11), (14,10), (14,9), (14,8), (15,8), (15,7), (15,6)]
Turtle 5 :[(-5,-5), (16,10), (15,10), (14,10), (13,10), (12,10), (-5,-5), (-5,-5), (-5,-5)]

