Shrinking Run 1
#Info# Executed steps before collision: 6, Found collision: false
Turtle 1 :[(-1,-1), (6,5), (6,6), (6,7), (5,7), (5,8), (4,8)]
Turtle 2 :[(-2,-2), (1,2), (1,1), (2,1), (3,1), (4,1), (5,1)]
Turtle 3 :[(-3,-3), (3,19), (3,18), (3,17), (3,16), (3,15), (3,14)]
Turtle 4 :[(-4,-4), (8,12), (8,11), (8,10), (8,9), (9,9), (9,8)]
Turtle 5 :[(-5,-5), (3,2), (2,2), (1,2), (0,2), (0,1), (-5,-5)]

Shrinking Run 2
#Info# Executed steps before collision: 6, Found collision: false
Turtle 1 :[(-1,-1), (6,5), (6,6), (6,7), (6,8), (6,9), (7,9)]
Turtle 2 :[(-2,-2), (1,2), (1,1), (2,1), (3,1), (4,1), (5,1)]
Turtle 3 :[(-3,-3), (3,19), (3,18), (3,17), (3,16), (3,15), (3,14)]
Turtle 4 :[(-4,-4), (8,12), (8,11), (8,10), (8,9), (9,9), (9,8)]
Turtle 5 :[(-5,-5), (3,2), (2,2), (1,2), (0,2), (0,1), (-5,-5)]

Shrinking Run 3
#Info# Executed steps before collision: 6, Found collision: false
Turtle 1 :[(-1,-1), (6,5), (6,4), (6,3), (7,3), (7,2), (8,2)]
Turtle 2 :[(-2,-2), (1,2), (1,1), (2,1), (3,1), (4,1), (5,1)]
Turtle 3 :[(-3,-3), (3,19), (3,18), (3,17), (3,16), (3,15), (3,14)]
Turtle 4 :[(-4,-4), (8,12), (8,11), (8,10), (8,9), (9,9), (9,8)]
Turtle 5 :[(-5,-5), (3,2), (2,2), (1,2), (0,2), (0,1), (-5,-5)]

Shrinking Run 4
#Info# Executed steps before collision: 6, Found collision: false
Turtle 1 :[(-1,-1), (6,5), (7,5), (7,6), (8,6), (-1,-1), (-1,-1)]
Turtle 2 :[(-2,-2), (1,2), (1,1), (2,1), (3,1), (4,1), (5,1)]
Turtle 3 :[(-3,-3), (3,19), (3,18), (3,17), (3,16), (3,15), (3,14)]
Turtle 4 :[(-4,-4), (8,12), (8,11), (8,10), (8,9), (9,9), (9,8)]
Turtle 5 :[(-5,-5), (3,2), (2,2), (1,2), (0,2), (0,1), (-5,-5)]

Shrinking Run 5
#Info# Executed steps before collision: 6, Found collision: false
Turtle 1 :[(-1,-1), (6,5), (7,5), (7,6), (7,7), (8,7), (-1,-1)]
Turtle 2 :[(-2,-2), (1,2), (1,1), (2,1), (3,1), (4,1), (5,1)]
Turtle 3 :[(-3,-3), (3,19), (3,18), (3,17), (3,16), (3,15), (3,14)]
Turtle 4 :[(-4,-4), (8,12), (8,11), (8,10), (8,9), (9,9), (9,8)]
Turtle 5 :[(-5,-5), (3,2), (2,2), (1,2), (0,2), (0,1), (-5,-5)]

Shrinking Run 6
#Info# Executed steps before collision: 6, Found collision: false
Turtle 1 :[(-1,-1), (6,5), (7,5), (7,6), (7,7), (7,8), (-1,-1)]
Turtle 2 :[(-2,-2), (1,2), (1,1), (2,1), (3,1), (4,1), (5,1)]
Turtle 3 :[(-3,-3), (3,19), (3,18), (3,17), (3,16), (3,15), (3,14)]
Turtle 4 :[(-4,-4), (8,12), (8,11), (8,10), (8,9), (9,9), (9,8)]
Turtle 5 :[(-5,-5), (3,2), (2,2), (1,2), (0,2), (0,1), (-5,-5)]

Shrinking Run 7
#Info# Executed steps before collision: 6, Found collision: false
Turtle 1 :[(-1,-1), (6,5), (6,6), (6,7), (6,8), (7,8), (8,8)]
Turtle 2 :[(-2,-2), (1,2), (1,1), (2,1), (3,1), (4,1), (5,1)]
Turtle 3 :[(-3,-3), (3,19), (3,18), (3,17), (3,16), (3,15), (3,14)]
Turtle 4 :[(-4,-4), (8,12), (8,11), (8,10), (8,9), (9,9), (9,8)]
Turtle 5 :[(-5,-5), (3,2), (2,2), (1,2), (0,2), (0,1), (-5,-5)]

Shrinking Run 8
#Info# Executed steps before collision: 8, Found collision: false
Turtle 1 :[(-1,-1), (6,5), (6,6), (7,6), (7,7), (7,8), (8,8), (-1,-1), (-1,-1)]
Turtle 2 :[(-2,-2), (1,2), (1,1), (0,1), (1,1), (2,1), (3,1), (4,1), (5,1)]
Turtle 3 :[(-3,-3), (3,19), (3,18), (3,17), (3,16), (3,15), (3,14), (-3,-3), (-3,-3)]
Turtle 4 :[(-4,-4), (8,12), (8,11), (8,10), (8,9), (9,9), (9,8), (-4,-4), (-4,-4)]
Turtle 5 :[(-5,-5), (3,2), (2,2), (1,2), (0,2), (0,1), (-5,-5), (-5,-5), (-5,-5)]

Shrinking Run 9
#Info# Executed steps before collision: 10, Found collision: false
Turtle 1 :[(-1,-1), (6,5), (7,5), (7,6), (8,6), (8,7), (8,8), (-1,-1), (-1,-1), (-1,-1), (-1,-1)]
Turtle 2 :[(-2,-2), (1,2), (1,1), (0,1), (0,2), (0,1), (1,1), (2,1), (3,1), (4,1), (5,1)]
Turtle 3 :[(-3,-3), (3,19), (3,18), (3,17), (3,16), (3,15), (3,14), (-3,-3), (-3,-3), (-3,-3), (-3,-3)]
Turtle 4 :[(-4,-4), (8,12), (8,11), (8,10), (8,9), (9,9), (9,8), (-4,-4), (-4,-4), (-4,-4), (-4,-4)]
Turtle 5 :[(-5,-5), (3,2), (2,2), (1,2), (1,1), (1,1), (1,2), (1,2), (1,1), (0,1), (-5,-5)]

Shrinking Run 10
#Info# Executed steps before collision: 6, Found collision: false
Turtle 1 :[(-1,-1), (6,5), (7,5), (7,6), (7,7), (7,8), (8,8)]
Turtle 2 :[(-2,-2), (1,2), (1,1), (2,1), (3,1), (4,1), (5,1)]
Turtle 3 :[(-3,-3), (3,19), (3,18), (3,17), (3,16), (3,15), (3,14)]
Turtle 4 :[(-4,-4), (8,12), (8,11), (8,10), (8,9), (9,9), (9,8)]
Turtle 5 :[(-5,-5), (3,2), (2,2), (1,2), (0,2), (0,1), (-5,-5)]

Shrinking Run 11
#Info# Executed steps before collision: 6, Found collision: false
Turtle 1 :[(-1,-1), (6,5), (6,6), (6,7), (7,7), (7,8), (8,8)]
Turtle 2 :[(-2,-2), (1,2), (1,1), (0,1), (0,0), (-2,-2), (-2,-2)]
Turtle 3 :[(-3,-3), (3,19), (3,18), (3,17), (3,16), (3,15), (3,14)]
Turtle 4 :[(-4,-4), (8,12), (8,11), (8,10), (8,9), (9,9), (9,8)]
Turtle 5 :[(-5,-5), (3,2), (2,2), (1,2), (0,2), (0,1), (-5,-5)]

Shrinking Run 12
#Info# Executed steps before collision: 6, Found collision: false
Turtle 1 :[(-1,-1), (6,5), (6,6), (6,7), (7,7), (7,8), (8,8)]
Turtle 2 :[(-2,-2), (1,2), (1,1), (2,1), (2,0), (-2,-2), (-2,-2)]
Turtle 3 :[(-3,-3), (3,19), (3,18), (3,17), (3,16), (3,15), (3,14)]
Turtle 4 :[(-4,-4), (8,12), (8,11), (8,10), (8,9), (9,9), (9,8)]
Turtle 5 :[(-5,-5), (3,2), (2,2), (1,2), (0,2), (0,1), (-5,-5)]

Shrinking Run 13
#Info# Executed steps before collision: 6, Found collision: false
Turtle 1 :[(-1,-1), (6,5), (6,6), (6,7), (7,7), (7,8), (8,8)]
Turtle 2 :[(-2,-2), (1,2), (2,2), (3,2), (4,2), (4,1), (4,0)]
Turtle 3 :[(-3,-3), (3,19), (3,18), (3,17), (3,16), (3,15), (3,14)]
Turtle 4 :[(-4,-4), (8,12), (8,11), (8,10), (8,9), (9,9), (9,8)]
Turtle 5 :[(-5,-5), (3,2), (3,1), (2,1), (1,1), (0,1), (-5,-5)]

Shrinking Run 14
#Info# Executed steps before collision: 6, Found collision: false
Turtle 1 :[(-1,-1), (6,5), (6,6), (6,7), (7,7), (7,8), (8,8)]
Turtle 2 :[(-2,-2), (1,2), (2,2), (3,2), (4,2), (5,2), (5,1)]
Turtle 3 :[(-3,-3), (3,19), (3,18), (3,17), (3,16), (3,15), (3,14)]
Turtle 4 :[(-4,-4), (8,12), (8,11), (8,10), (8,9), (9,9), (9,8)]
Turtle 5 :[(-5,-5), (3,2), (3,1), (2,1), (1,1), (0,1), (-5,-5)]

Shrinking Run 15
#Info# Executed steps before collision: 6, Found collision: false
Turtle 1 :[(-1,-1), (6,5), (6,6), (6,7), (7,7), (7,8), (8,8)]
Turtle 2 :[(-2,-2), (1,2), (2,2), (3,2), (4,2), (4,1), (5,1)]
Turtle 3 :[(-3,-3), (3,19), (3,18), (3,17), (3,16), (3,15), (3,14)]
Turtle 4 :[(-4,-4), (8,12), (8,11), (8,10), (8,9), (9,9), (9,8)]
Turtle 5 :[(-5,-5), (3,2), (3,2), (2,2), (1,2), (0,2), (0,1)]

Shrinking Run 16
#Info# Executed steps before collision: 9, Found collision: false
Turtle 1 :[(-1,-1), (6,5), (6,6), (6,7), (7,7), (7,8), (8,8), (-1,-1), (-1,-1), (-1,-1)]
Turtle 2 :[(-2,-2), (1,2), (1,1), (1,2), (1,2), (1,1), (2,1), (3,1), (4,1), (5,1)]
Turtle 3 :[(-3,-3), (3,19), (3,18), (3,17), (3,16), (3,15), (2,15), (-3,-3), (-3,-3), (-3,-3)]
Turtle 4 :[(-4,-4), (8,12), (8,11), (8,10), (8,9), (9,9), (9,8), (-4,-4), (-4,-4), (-4,-4)]
Turtle 5 :[(-5,-5), (3,2), (2,2), (2,1), (1,1), (0,1), (-5,-5), (-5,-5), (-5,-5), (-5,-5)]

Shrinking Run 17
#Info# Executed steps before collision: 7, Found collision: false
Turtle 1 :[(-1,-1), (6,5), (6,6), (6,7), (7,7), (7,8), (8,8), (-1,-1)]
Turtle 2 :[(-2,-2), (1,2), (1,1), (1,1), (2,1), (3,1), (4,1), (5,1)]
Turtle 3 :[(-3,-3), (3,19), (3,18), (3,17), (3,16), (2,16), (2,15), (-3,-3)]
Turtle 4 :[(-4,-4), (8,12), (8,11), (8,10), (8,9), (9,9), (9,8), (-4,-4)]
Turtle 5 :[(-5,-5), (3,2), (2,2), (1,2), (0,2), (0,1), (-5,-5), (-5,-5)]

Shrinking Run 18
#Info# Executed steps before collision: 6, Found collision: false
Turtle 1 :[(-1,-1), (6,5), (6,6), (6,7), (7,7), (7,8), (8,8)]
Turtle 2 :[(-2,-2), (1,2), (1,1), (2,1), (3,1), (4,1), (5,1)]
Turtle 3 :[(-3,-3), (3,19), (3,18), (2,18), (2,17), (2,16), (2,15)]
Turtle 4 :[(-4,-4), (8,12), (8,11), (8,10), (8,9), (9,9), (9,8)]
Turtle 5 :[(-5,-5), (3,2), (2,2), (1,2), (0,2), (0,1), (-5,-5)]

Shrinking Run 19
#Info# Executed steps before collision: 7, Found collision: false
Turtle 1 :[(-1,-1), (6,5), (6,6), (6,7), (7,7), (7,8), (8,8), (-1,-1)]
Turtle 2 :[(-2,-2), (1,2), (1,1), (1,1), (2,1), (3,1), (4,1), (5,1)]
Turtle 3 :[(-3,-3), (3,19), (3,18), (3,17), (2,17), (2,16), (2,15), (-3,-3)]
Turtle 4 :[(-4,-4), (8,12), (8,11), (8,10), (8,9), (9,9), (9,8), (-4,-4)]
Turtle 5 :[(-5,-5), (3,2), (2,2), (1,2), (0,2), (0,1), (-5,-5), (-5,-5)]

Shrinking Run 20
#Info# Executed steps before collision: 6, Found collision: false
Turtle 1 :[(-1,-1), (6,5), (6,6), (6,7), (7,7), (7,8), (8,8)]
Turtle 2 :[(-2,-2), (1,2), (1,1), (2,1), (3,1), (4,1), (5,1)]
Turtle 3 :[(-3,-3), (3,19), (2,19), (2,18), (2,17), (2,16), (2,15)]
Turtle 4 :[(-4,-4), (8,12), (8,11), (8,10), (8,9), (9,9), (9,8)]
Turtle 5 :[(-5,-5), (3,2), (2,2), (1,2), (0,2), (0,1), (-5,-5)]

Shrinking Run 21
#Info# Executed steps before collision: 6, Found collision: false
Turtle 1 :[(-1,-1), (6,5), (6,6), (6,7), (7,7), (7,8), (8,8)]
Turtle 2 :[(-2,-2), (1,2), (1,1), (2,1), (3,1), (4,1), (5,1)]
Turtle 3 :[(-3,-3), (3,19), (3,18), (3,17), (3,16), (3,15), (3,14)]
Turtle 4 :[(-4,-4), (8,12), (7,12), (7,11), (6,11), (5,11), (4,11)]
Turtle 5 :[(-5,-5), (3,2), (2,2), (1,2), (0,2), (0,1), (-5,-5)]

Shrinking Run 22
#Info# Executed steps before collision: 6, Found collision: false
Turtle 1 :[(-1,-1), (6,5), (6,6), (6,7), (7,7), (7,8), (8,8)]
Turtle 2 :[(-2,-2), (1,2), (1,1), (2,1), (3,1), (4,1), (5,1)]
Turtle 3 :[(-3,-3), (3,19), (3,18), (3,17), (3,16), (3,15), (3,14)]
Turtle 4 :[(-4,-4), (8,12), (8,11), (8,10), (7,10), (6,10), (5,10)]
Turtle 5 :[(-5,-5), (3,2), (2,2), (1,2), (0,2), (0,1), (-5,-5)]

Shrinking Run 23
#Info# Executed steps before collision: 6, Found collision: false
Turtle 1 :[(-1,-1), (6,5), (6,6), (6,7), (7,7), (7,8), (8,8)]
Turtle 2 :[(-2,-2), (1,2), (1,1), (2,1), (3,1), (4,1), (5,1)]
Turtle 3 :[(-3,-3), (3,19), (3,18), (3,17), (3,16), (3,15), (3,14)]
Turtle 4 :[(-4,-4), (8,12), (8,11), (8,10), (8,9), (7,9), (7,8)]
Turtle 5 :[(-5,-5), (3,2), (2,2), (1,2), (0,2), (0,1), (-5,-5)]

Shrinking Run 24
#Info# Executed steps before collision: 8, Found collision: false
Turtle 1 :[(-1,-1), (6,5), (6,6), (6,7), (7,7), (7,8), (7,7), (7,8), (8,8)]
Turtle 2 :[(-2,-2), (1,2), (1,1), (2,1), (3,1), (4,1), (5,1), (-2,-2), (-2,-2)]
Turtle 3 :[(-3,-3), (3,19), (3,18), (3,17), (3,16), (3,15), (3,14), (-3,-3), (-3,-3)]
Turtle 4 :[(-4,-4), (8,12), (8,11), (8,10), (8,9), (8,8), (8,7), (-4,-4), (-4,-4)]
Turtle 5 :[(-5,-5), (3,2), (2,2), (1,2), (0,2), (0,1), (-5,-5), (-5,-5), (-5,-5)]

Shrinking Run 25
#Info# Executed steps before collision: 7, Found collision: false
Turtle 1 :[(-1,-1), (6,5), (6,6), (6,7), (7,7), (7,8), (8,8), (-1,-1)]
Turtle 2 :[(-2,-2), (1,2), (1,1), (1,1), (2,1), (3,1), (4,1), (5,1)]
Turtle 3 :[(-3,-3), (3,19), (3,18), (3,17), (3,16), (3,15), (3,14), (-3,-3)]
Turtle 4 :[(-4,-4), (8,12), (8,11), (9,11), (9,10), (9,9), (9,8), (-4,-4)]
Turtle 5 :[(-5,-5), (3,2), (2,2), (1,2), (0,2), (0,1), (-5,-5), (-5,-5)]

Shrinking Run 26
#Info# Executed steps before collision: 6, Found collision: false
Turtle 1 :[(-1,-1), (6,5), (6,6), (6,7), (7,7), (7,8), (8,8)]
Turtle 2 :[(-2,-2), (1,2), (1,1), (2,1), (3,1), (4,1), (5,1)]
Turtle 3 :[(-3,-3), (3,19), (3,18), (3,17), (3,16), (3,15), (3,14)]
Turtle 4 :[(-4,-4), (8,12), (9,12), (9,11), (9,10), (9,9), (9,8)]
Turtle 5 :[(-5,-5), (3,2), (2,2), (1,2), (0,2), (0,1), (-5,-5)]

Shrinking Run 27
#Info# Executed steps before collision: 6, Found collision: false
Turtle 1 :[(-1,-1), (6,5), (6,6), (6,7), (7,7), (7,8), (8,8)]
Turtle 2 :[(-2,-2), (1,2), (1,1), (2,1), (3,1), (4,1), (5,1)]
Turtle 3 :[(-3,-3), (3,19), (3,18), (3,17), (3,16), (3,15), (3,14)]
Turtle 4 :[(-4,-4), (8,12), (8,11), (8,10), (9,10), (9,9), (9,8)]
Turtle 5 :[(-5,-5), (3,2), (2,2), (1,2), (0,2), (0,1), (-5,-5)]

Shrink Run 28
#Info# Executed steps before collision: 6, Found collision: false
Turtle 1 :[(-1,-1), (6,5), (6,6), (6,7), (7,7), (7,8), (8,8)]
Turtle 2 :[(-2,-2), (1,2), (1,1), (2,1), (3,1), (4,1), (5,1)]
Turtle 3 :[(-3,-3), (3,19), (3,18), (3,17), (3,16), (3,15), (3,14)]
Turtle 4 :[(-4,-4), (8,12), (8,11), (8,10), (8,9), (9,9), (9,8)]
Turtle 5 :[(-5,-5), (3,2), (2,2), (1,2), (1,1), (0,1), (0,0)]

