Shrinking Run 1
#Info# Executed steps before collision: 10, Found collision: false
Turtle 1 :[(-1,-1), (33,20), (32,20), (32,20), (31,20), (31,20), (30,20), (30,19), (29,19), (-1,-1), (-1,-1)]
Turtle 2 :[(-2,-2), (49,40), (49,40), (49,40), (49,41), (49,42), (48,42), (48,42), (47,42), (46,42), (-2,-2)]
Turtle 3 :[(-3,-3), (8,40), (8,39), (8,38), (8,38), (8,37), (8,36), (-3,-3), (-3,-3), (-3,-3), (-3,-3)]
Turtle 4 :[(-4,-4), (48,29), (48,30), (48,30), (47,30), (46,30), (46,30), (45,30), (44,30), (-4,-4), (-4,-4)]
Turtle 5 :[(-5,-5), (8,37), (8,37), (8,37), (8,37), (9,37), (8,37), (7,37), (6,37), (6,36), (5,36)]

Shrinking Run 2
#Info# Executed steps before collision: 9, Found collision: false
Turtle 1 :[(-1,-1), (33,20), (33,19), (33,19), (32,19), (32,19), (31,19), (30,19), (29,19), (-1,-1)]
Turtle 2 :[(-2,-2), (49,40), (49,40), (49,40), (49,41), (49,42), (48,42), (48,42), (47,42), (46,42)]
Turtle 3 :[(-3,-3), (8,40), (8,39), (8,38), (8,38), (8,37), (8,36), (-3,-3), (-3,-3), (-3,-3)]
Turtle 4 :[(-4,-4), (48,29), (48,30), (48,30), (47,30), (46,30), (46,30), (45,30), (44,30), (-4,-4)]
Turtle 5 :[(-5,-5), (8,37), (8,37), (8,37), (8,37), (7,37), (6,37), (5,37), (5,36), (-5,-5)]

Shrinking Run 3
#Info# Executed steps before collision: 3, Found collision: true
Turtle 1 :[(-1,-1), (33,20), (32,20), (31,20), (31,19), (31,18), (30,18), (-1,-1), (-1,-1), (-1,-1)]
Turtle 2 :[(-2,-2), (49,40), (49,40), (49,40), (49,41), (49,42), (48,42), (48,42), (47,42), (46,42)]
Turtle 3 :[(-3,-3), (8,40), (8,39), (8,38), (8,37), (8,36), (-3,-3), (-3,-3), (-3,-3), (-3,-3)]
Turtle 4 :[(-4,-4), (48,29), (48,30), (48,30), (47,30), (46,30), (46,30), (45,30), (44,30), (-4,-4)]
Turtle 5 :[(-5,-5), (8,37), (8,37), (8,38), (7,38), (6,38), (6,37), (5,37), (5,36), (-5,-5)]

Shrinking Run 4
#Info# Executed steps before collision: 9, Found collision: false
Turtle 1 :[(-1,-1), (33,20), (32,20), (32,19), (31,19), (31,18), (30,18), (-1,-1), (-1,-1), (-1,-1)]
Turtle 2 :[(-2,-2), (49,40), (49,40), (49,40), (49,41), (49,42), (48,42), (48,42), (47,42), (46,42)]
Turtle 3 :[(-3,-3), (8,40), (8,39), (8,38), (8,38), (8,37), (8,36), (-3,-3), (-3,-3), (-3,-3)]
Turtle 4 :[(-4,-4), (48,29), (48,30), (48,30), (47,30), (46,30), (46,30), (45,30), (44,30), (-4,-4)]
Turtle 5 :[(-5,-5), (8,37), (8,37), (8,37), (8,37), (7,37), (7,36), (6,36), (5,36), (-5,-5)]

Shrinking Run 5
#Info# Executed steps before collision: 5, Found collision: true
Turtle 1 :[(-1,-1), (33,20), (32,20), (31,20), (31,19), (31,18), (30,18), (-1,-1), (-1,-1), (-1,-1), (-1,-1), (-1,-1), (-1,-1)]
Turtle 2 :[(-2,-2), (49,40), (49,40), (49,40), (49,39), (49,38), (48,38), (48,38), (48,37), (47,37), (-2,-2), (-2,-2), (-2,-2)]
Turtle 3 :[(-3,-3), (8,40), (8,39), (8,38), (8,38), (8,37), (8,36), (-3,-3), (-3,-3), (-3,-3), (-3,-3), (-3,-3), (-3,-3)]
Turtle 4 :[(-4,-4), (48,29), (48,30), (48,30), (47,30), (46,30), (46,30), (45,30), (44,30), (-4,-4), (-4,-4), (-4,-4), (-4,-4)]
Turtle 5 :[(-5,-5), (8,37), (8,37), (8,37), (8,37), (8,37), (8,37), (8,37), (7,37), (6,37), (6,37), (5,37), (5,36)]

Shrinking Run 6
#Info# Executed steps before collision: 9, Found collision: false
Turtle 1 :[(-1,-1), (33,20), (32,20), (31,20), (31,19), (31,18), (30,18), (-1,-1), (-1,-1), (-1,-1)]
Turtle 2 :[(-2,-2), (49,40), (49,40), (49,40), (48,40), (48,39), (47,39), (47,39), (47,38), (47,37)]
Turtle 3 :[(-3,-3), (8,40), (8,39), (8,38), (8,38), (8,37), (8,36), (-3,-3), (-3,-3), (-3,-3)]
Turtle 4 :[(-4,-4), (48,29), (48,30), (48,30), (47,30), (46,30), (46,30), (45,30), (44,30), (-4,-4)]
Turtle 5 :[(-5,-5), (8,37), (8,37), (7,37), (6,37), (6,36), (5,36), (-5,-5), (-5,-5), (-5,-5)]

Shrinking Run 7
#Info# Executed steps before collision: 11, Found collision: false
Turtle 1 :[(-1,-1), (33,20), (32,20), (31,20), (31,19), (31,18), (30,18), (-1,-1), (-1,-1), (-1,-1), (-1,-1), (-1,-1)]
Turtle 2 :[(-2,-2), (49,40), (49,40), (49,40), (49,39), (49,38), (48,38), (48,38), (47,38), (47,37), (-2,-2), (-2,-2)]
Turtle 3 :[(-3,-3), (8,40), (8,39), (8,38), (8,38), (8,37), (8,36), (-3,-3), (-3,-3), (-3,-3), (-3,-3), (-3,-3)]
Turtle 4 :[(-4,-4), (48,29), (48,30), (48,30), (47,30), (46,30), (46,30), (45,30), (44,30), (-4,-4), (-4,-4), (-4,-4)]
Turtle 5 :[(-5,-5), (8,37), (8,37), (8,37), (8,37), (9,37), (9,37), (8,37), (8,36), (7,36), (6,36), (5,36)]

Shrinking Run 8
#Info# Executed steps before collision: 10, Found collision: false
Turtle 1 :[(-1,-1), (33,20), (32,20), (31,20), (31,19), (31,18), (30,18), (-1,-1), (-1,-1), (-1,-1), (-1,-1)]
Turtle 2 :[(-2,-2), (49,40), (49,40), (49,40), (49,39), (48,39), (47,39), (47,39), (47,38), (47,37), (-2,-2)]
Turtle 3 :[(-3,-3), (8,40), (8,39), (8,38), (8,38), (8,37), (8,36), (-3,-3), (-3,-3), (-3,-3), (-3,-3)]
Turtle 4 :[(-4,-4), (48,29), (48,30), (48,30), (47,30), (46,30), (46,30), (45,30), (44,30), (-4,-4), (-4,-4)]
Turtle 5 :[(-5,-5), (8,37), (8,37), (8,37), (8,37), (9,37), (9,36), (8,36), (7,36), (6,36), (5,36)]

Shrinking Run 9
#Info# Executed steps before collision: 10, Found collision: false
Turtle 1 :[(-1,-1), (33,20), (32,20), (31,20), (31,19), (31,18), (30,18), (-1,-1), (-1,-1), (-1,-1), (-1,-1)]
Turtle 2 :[(-2,-2), (49,40), (49,39), (48,39), (48,38), (48,37), (47,37), (-2,-2), (-2,-2), (-2,-2), (-2,-2)]
Turtle 3 :[(-3,-3), (8,40), (8,39), (8,38), (8,38), (8,37), (8,36), (-3,-3), (-3,-3), (-3,-3), (-3,-3)]
Turtle 4 :[(-4,-4), (48,29), (48,30), (48,30), (47,30), (46,30), (46,30), (45,30), (44,30), (-4,-4), (-4,-4)]
Turtle 5 :[(-5,-5), (8,37), (8,37), (8,37), (8,37), (9,37), (8,37), (7,37), (7,36), (6,36), (5,36)]

Shrinking Run 10
#Info# Executed steps before collision: 5, Found collision: true
Turtle 1 :[(-1,-1), (33,20), (32,20), (31,20), (31,19), (31,18), (30,18), (-1,-1), (-1,-1), (-1,-1), (-1,-1), (-1,-1)]
Turtle 2 :[(-2,-2), (49,40), (49,40), (49,39), (49,38), (48,38), (48,37), (47,37), (-2,-2), (-2,-2), (-2,-2), (-2,-2)]
Turtle 3 :[(-3,-3), (8,40), (8,39), (8,38), (8,38), (8,37), (8,36), (-3,-3), (-3,-3), (-3,-3), (-3,-3), (-3,-3)]
Turtle 4 :[(-4,-4), (48,29), (48,30), (48,30), (47,30), (46,30), (46,30), (45,30), (44,30), (-4,-4), (-4,-4), (-4,-4)]
Turtle 5 :[(-5,-5), (8,37), (8,37), (8,37), (8,37), (8,37), (8,38), (8,37), (7,37), (7,36), (6,36), (5,36)]

Shrinking Run 11
#Info# Executed steps before collision: 10, Found collision: false
Turtle 1 :[(-1,-1), (33,20), (32,20), (31,20), (31,19), (31,18), (30,18), (-1,-1), (-1,-1), (-1,-1), (-1,-1)]
Turtle 2 :[(-2,-2), (49,40), (49,39), (49,39), (49,38), (49,37), (48,37), (47,37), (-2,-2), (-2,-2), (-2,-2)]
Turtle 3 :[(-3,-3), (8,40), (8,39), (8,38), (8,38), (8,37), (8,36), (-3,-3), (-3,-3), (-3,-3), (-3,-3)]
Turtle 4 :[(-4,-4), (48,29), (48,30), (48,30), (47,30), (46,30), (46,30), (45,30), (44,30), (-4,-4), (-4,-4)]
Turtle 5 :[(-5,-5), (8,37), (8,37), (8,37), (8,37), (9,37), (9,36), (8,36), (7,36), (6,36), (5,36)]

Shrinking Run 12
#Info# Executed steps before collision: 5, Found collision: true
Turtle 1 :[(-1,-1), (33,20), (32,20), (31,20), (31,19), (31,18), (30,18), (-1,-1), (-1,-1), (-1,-1), (-1,-1), (-1,-1), (-1,-1)]
Turtle 2 :[(-2,-2), (49,40), (48,40), (48,40), (48,39), (48,38), (48,37), (47,37), (-2,-2), (-2,-2), (-2,-2), (-2,-2), (-2,-2)]
Turtle 3 :[(-3,-3), (8,40), (8,39), (8,38), (8,38), (8,37), (8,36), (-3,-3), (-3,-3), (-3,-3), (-3,-3), (-3,-3), (-3,-3)]
Turtle 4 :[(-4,-4), (48,29), (48,30), (48,30), (47,30), (46,30), (46,30), (45,30), (44,30), (-4,-4), (-4,-4), (-4,-4), (-4,-4)]
Turtle 5 :[(-5,-5), (8,37), (8,37), (8,37), (8,37), (8,37), (8,37), (8,37), (7,37), (6,37), (6,37), (5,37), (5,36)]

Shrinking Run 13
#Info# Executed steps before collision: 8, Found collision: false
Turtle 1 :[(-1,-1), (33,20), (32,20), (31,20), (31,19), (31,18), (30,18), (-1,-1), (-1,-1)]
Turtle 2 :[(-2,-2), (49,40), (48,40), (48,39), (48,38), (48,38), (48,37), (47,37), (-2,-2)]
Turtle 3 :[(-3,-3), (8,40), (8,39), (8,38), (8,38), (8,37), (8,36), (-3,-3), (-3,-3)]
Turtle 4 :[(-4,-4), (48,29), (48,30), (48,30), (47,30), (46,30), (46,30), (45,30), (44,30)]
Turtle 5 :[(-5,-5), (8,37), (8,37), (8,37), (8,37), (7,37), (7,36), (6,36), (5,36)]

Shrinking Run 14
#Info# Executed steps before collision: 9, Found collision: false
Turtle 1 :[(-1,-1), (33,20), (32,20), (31,20), (31,19), (31,18), (30,18), (-1,-1), (-1,-1), (-1,-1)]
Turtle 2 :[(-2,-2), (49,40), (48,40), (48,40), (48,39), (48,38), (48,37), (47,37), (-2,-2), (-2,-2)]
Turtle 3 :[(-3,-3), (8,40), (8,39), (8,38), (7,38), (7,37), (7,36), (-3,-3), (-3,-3), (-3,-3)]
Turtle 4 :[(-4,-4), (48,29), (48,30), (48,30), (47,30), (46,30), (46,30), (45,30), (44,30), (-4,-4)]
Turtle 5 :[(-5,-5), (8,37), (8,37), (8,37), (8,37), (8,37), (7,37), (6,37), (5,37), (5,36)]

Shrinking Run 15
#Info# Executed steps before collision: 12, Found collision: false
Turtle 1 :[(-1,-1), (33,20), (32,20), (31,20), (31,19), (31,18), (30,18), (-1,-1), (-1,-1), (-1,-1), (-1,-1), (-1,-1), (-1,-1)]
Turtle 2 :[(-2,-2), (49,40), (48,40), (48,40), (48,39), (48,38), (48,37), (47,37), (-2,-2), (-2,-2), (-2,-2), (-2,-2), (-2,-2)]
Turtle 3 :[(-3,-3), (8,40), (8,39), (8,38), (8,38), (8,37), (8,36), (8,35), (-3,-3), (-3,-3), (-3,-3), (-3,-3), (-3,-3)]
Turtle 4 :[(-4,-4), (48,29), (48,30), (48,30), (47,30), (46,30), (46,30), (45,30), (44,30), (-4,-4), (-4,-4), (-4,-4), (-4,-4)]
Turtle 5 :[(-5,-5), (8,37), (8,37), (8,37), (8,37), (9,37), (9,36), (10,36), (9,36), (8,36), (7,36), (6,36), (5,36)]

Shrinking Run 16
#Info# Executed steps before collision: 11, Found collision: false
Turtle 1 :[(-1,-1), (33,20), (32,20), (31,20), (31,19), (31,18), (30,18), (-1,-1), (-1,-1), (-1,-1), (-1,-1), (-1,-1)]
Turtle 2 :[(-2,-2), (49,40), (48,40), (48,40), (48,39), (48,38), (48,37), (47,37), (-2,-2), (-2,-2), (-2,-2), (-2,-2)]
Turtle 3 :[(-3,-3), (8,40), (8,39), (8,38), (7,38), (7,37), (7,36), (8,36), (-3,-3), (-3,-3), (-3,-3), (-3,-3)]
Turtle 4 :[(-4,-4), (48,29), (48,30), (48,30), (47,30), (46,30), (46,30), (45,30), (44,30), (-4,-4), (-4,-4), (-4,-4)]
Turtle 5 :[(-5,-5), (8,37), (8,37), (8,37), (8,37), (8,37), (9,37), (8,37), (7,37), (6,37), (6,36), (5,36)]

Shrinking Run 17
#Info# Executed steps before collision: 8, Found collision: true
Turtle 1 :[(-1,-1), (33,20), (32,20), (31,20), (31,19), (31,18), (30,18), (-1,-1), (-1,-1), (-1,-1), (-1,-1), (-1,-1)]
Turtle 2 :[(-2,-2), (49,40), (48,40), (48,40), (48,39), (48,38), (48,37), (47,37), (-2,-2), (-2,-2), (-2,-2), (-2,-2)]
Turtle 3 :[(-3,-3), (8,40), (8,39), (8,38), (8,39), (8,38), (7,38), (6,38), (6,37), (7,37), (7,36), (8,36)]
Turtle 4 :[(-4,-4), (48,29), (48,30), (48,30), (47,30), (46,30), (46,30), (45,30), (44,30), (-4,-4), (-4,-4), (-4,-4)]
Turtle 5 :[(-5,-5), (8,37), (8,37), (8,37), (8,37), (8,37), (7,37), (6,37), (6,37), (5,37), (5,36), (-5,-5)]

Shrinking Run 18
#Info# Executed steps before collision: 10, Found collision: false
Turtle 1 :[(-1,-1), (33,20), (32,20), (31,20), (31,19), (31,18), (30,18), (-1,-1), (-1,-1), (-1,-1), (-1,-1)]
Turtle 2 :[(-2,-2), (49,40), (48,40), (48,40), (48,39), (48,38), (48,37), (47,37), (-2,-2), (-2,-2), (-2,-2)]
Turtle 3 :[(-3,-3), (8,40), (8,39), (8,38), (9,38), (9,37), (9,36), (8,36), (-3,-3), (-3,-3), (-3,-3)]
Turtle 4 :[(-4,-4), (48,29), (47,29), (47,29), (46,29), (45,29), (45,29), (44,29), (43,29), (-4,-4), (-4,-4)]
Turtle 5 :[(-5,-5), (8,37), (8,37), (8,37), (8,37), (8,37), (7,37), (6,37), (6,37), (5,37), (5,36)]

Shrinking Run 19
#Info# Executed steps before collision: 10, Found collision: false
Turtle 1 :[(-1,-1), (33,20), (32,20), (31,20), (31,19), (31,18), (30,18), (-1,-1), (-1,-1), (-1,-1), (-1,-1)]
Turtle 2 :[(-2,-2), (49,40), (48,40), (48,40), (48,39), (48,38), (48,37), (47,37), (-2,-2), (-2,-2), (-2,-2)]
Turtle 3 :[(-3,-3), (8,40), (8,39), (8,38), (8,39), (9,39), (9,38), (9,37), (9,36), (8,36), (-3,-3)]
Turtle 4 :[(-4,-4), (48,29), (48,28), (48,28), (47,28), (46,28), (46,28), (45,28), (44,28), (-4,-4), (-4,-4)]
Turtle 5 :[(-5,-5), (8,37), (8,37), (8,37), (8,37), (8,37), (7,37), (6,37), (6,37), (5,37), (5,36)]

Shrinking Run 20
#Info# Executed steps before collision: 8, Found collision: false
Turtle 1 :[(-1,-1), (33,20), (32,20), (31,20), (31,19), (31,18), (30,18), (-1,-1), (-1,-1)]
Turtle 2 :[(-2,-2), (49,40), (48,40), (48,40), (48,39), (48,38), (48,37), (47,37), (-2,-2)]
Turtle 3 :[(-3,-3), (8,40), (8,39), (8,38), (8,38), (8,37), (8,37), (8,36), (-3,-3)]
Turtle 4 :[(-4,-4), (48,29), (47,29), (47,29), (46,29), (45,29), (45,29), (44,29), (44,28)]
Turtle 5 :[(-5,-5), (8,37), (8,37), (8,37), (8,37), (7,37), (6,37), (5,37), (5,36)]

Shrinking Run 21
#Info# Executed steps before collision: 8, Found collision: false
Turtle 1 :[(-1,-1), (33,20), (32,20), (31,20), (31,19), (31,18), (30,18), (-1,-1), (-1,-1)]
Turtle 2 :[(-2,-2), (49,40), (48,40), (48,40), (48,39), (48,38), (48,37), (47,37), (-2,-2)]
Turtle 3 :[(-3,-3), (8,40), (8,39), (8,38), (8,38), (8,37), (8,37), (8,36), (-3,-3)]
Turtle 4 :[(-4,-4), (48,29), (47,29), (47,29), (46,29), (45,29), (45,29), (44,29), (44,30)]
Turtle 5 :[(-5,-5), (8,37), (8,37), (8,37), (8,37), (7,37), (6,37), (6,36), (5,36)]

Shrinking Run 22
#Info# Executed steps before collision: 8, Found collision: false
Turtle 1 :[(-1,-1), (33,20), (32,20), (31,20), (31,19), (31,18), (30,18), (-1,-1), (-1,-1)]
Turtle 2 :[(-2,-2), (49,40), (48,40), (48,40), (48,39), (48,38), (48,37), (47,37), (-2,-2)]
Turtle 3 :[(-3,-3), (8,40), (8,39), (8,38), (8,38), (8,37), (8,37), (8,36), (-3,-3)]
Turtle 4 :[(-4,-4), (48,29), (47,29), (47,30), (46,30), (45,30), (44,30), (-4,-4), (-4,-4)]
Turtle 5 :[(-5,-5), (8,37), (8,37), (8,37), (8,37), (8,36), (7,36), (6,36), (5,36)]

Shrinking Run 23
#Info# Executed steps before collision: 11, Found collision: false
Turtle 1 :[(-1,-1), (33,20), (32,20), (31,20), (31,19), (31,18), (30,18), (-1,-1), (-1,-1), (-1,-1), (-1,-1), (-1,-1)]
Turtle 2 :[(-2,-2), (49,40), (48,40), (48,40), (48,39), (48,38), (48,37), (47,37), (-2,-2), (-2,-2), (-2,-2), (-2,-2)]
Turtle 3 :[(-3,-3), (8,40), (8,39), (8,38), (7,38), (7,37), (7,37), (8,37), (8,36), (-3,-3), (-3,-3), (-3,-3)]
Turtle 4 :[(-4,-4), (48,29), (48,30), (48,30), (47,30), (46,30), (45,30), (44,30), (-4,-4), (-4,-4), (-4,-4), (-4,-4)]
Turtle 5 :[(-5,-5), (8,37), (8,37), (8,37), (8,37), (8,37), (8,38), (7,38), (6,38), (5,38), (5,37), (5,36)]

Shrinking Run 24
#Info# Executed steps before collision: 10, Found collision: false
Turtle 1 :[(-1,-1), (33,20), (32,20), (31,20), (31,19), (31,18), (30,18), (-1,-1), (-1,-1), (-1,-1), (-1,-1)]
Turtle 2 :[(-2,-2), (49,40), (48,40), (48,40), (48,39), (48,38), (48,37), (47,37), (-2,-2), (-2,-2), (-2,-2)]
Turtle 3 :[(-3,-3), (8,40), (8,39), (8,38), (7,38), (8,38), (9,38), (9,37), (8,37), (8,36), (-3,-3)]
Turtle 4 :[(-4,-4), (48,29), (47,29), (47,29), (46,29), (46,30), (46,30), (45,30), (44,30), (-4,-4), (-4,-4)]
Turtle 5 :[(-5,-5), (8,37), (8,37), (8,37), (8,37), (8,37), (7,37), (6,37), (6,37), (5,37), (5,36)]

Shrinking Run 25
#Info# Executed steps before collision: 11, Found collision: false
Turtle 1 :[(-1,-1), (33,20), (32,20), (31,20), (31,19), (31,18), (30,18), (-1,-1), (-1,-1), (-1,-1), (-1,-1), (-1,-1)]
Turtle 2 :[(-2,-2), (49,40), (48,40), (48,40), (48,39), (48,38), (48,37), (47,37), (-2,-2), (-2,-2), (-2,-2), (-2,-2)]
Turtle 3 :[(-3,-3), (8,40), (8,39), (8,38), (8,39), (8,38), (8,39), (8,38), (8,37), (8,36), (-3,-3), (-3,-3)]
Turtle 4 :[(-4,-4), (48,29), (48,30), (47,30), (46,30), (46,30), (46,30), (45,30), (44,30), (-4,-4), (-4,-4), (-4,-4)]
Turtle 5 :[(-5,-5), (8,37), (8,37), (8,37), (8,37), (8,37), (8,37), (7,37), (6,37), (6,37), (5,37), (5,36)]

Shrinking Run 26
#Info# Executed steps before collision: 8, Found collision: false
Turtle 1 :[(-1,-1), (33,20), (32,20), (31,20), (31,19), (31,18), (30,18), (-1,-1), (-1,-1)]
Turtle 2 :[(-2,-2), (49,40), (48,40), (48,40), (48,39), (48,38), (48,37), (47,37), (-2,-2)]
Turtle 3 :[(-3,-3), (8,40), (8,39), (8,38), (8,37), (8,37), (8,36), (-3,-3), (-3,-3)]
Turtle 4 :[(-4,-4), (48,29), (48,30), (48,30), (47,30), (46,30), (45,30), (45,30), (44,30)]
Turtle 5 :[(-5,-5), (8,37), (8,37), (8,36), (7,36), (6,36), (5,36), (-5,-5), (-5,-5)]

Shrinking Run 27
#Info# Executed steps before collision: 8, Found collision: false
Turtle 1 :[(-1,-1), (33,20), (32,20), (31,20), (31,19), (31,18), (30,18), (-1,-1), (-1,-1)]
Turtle 2 :[(-2,-2), (49,40), (48,40), (48,40), (48,39), (48,38), (48,37), (47,37), (-2,-2)]
Turtle 3 :[(-3,-3), (8,40), (8,39), (8,38), (8,37), (8,37), (8,36), (-3,-3), (-3,-3)]
Turtle 4 :[(-4,-4), (48,29), (48,30), (48,30), (47,30), (46,30), (46,30), (45,30), (44,30)]
Turtle 5 :[(-5,-5), (8,37), (7,37), (6,37), (6,37), (6,37), (5,37), (4,37), (4,36)]

Shrinking Run 28
#Info# Executed steps before collision: 8, Found collision: false
Turtle 1 :[(-1,-1), (33,20), (32,20), (31,20), (31,19), (31,18), (30,18), (-1,-1), (-1,-1)]
Turtle 2 :[(-2,-2), (49,40), (48,40), (48,40), (48,39), (48,38), (48,37), (47,37), (-2,-2)]
Turtle 3 :[(-3,-3), (8,40), (8,39), (8,38), (8,37), (8,37), (8,36), (-3,-3), (-3,-3)]
Turtle 4 :[(-4,-4), (48,29), (48,30), (48,30), (47,30), (46,30), (46,30), (45,30), (44,30)]
Turtle 5 :[(-5,-5), (8,37), (7,37), (7,36), (7,36), (7,36), (7,35), (6,35), (6,34)]

Shrinking Run 29
#Info# Executed steps before collision: 8, Found collision: false
Turtle 1 :[(-1,-1), (33,20), (32,20), (31,20), (31,19), (31,18), (30,18), (-1,-1), (-1,-1)]
Turtle 2 :[(-2,-2), (49,40), (48,40), (48,40), (48,39), (48,38), (48,37), (47,37), (-2,-2)]
Turtle 3 :[(-3,-3), (8,40), (8,39), (8,38), (8,37), (8,37), (8,36), (-3,-3), (-3,-3)]
Turtle 4 :[(-4,-4), (48,29), (48,30), (48,30), (47,30), (46,30), (46,30), (45,30), (44,30)]
Turtle 5 :[(-5,-5), (8,37), (7,37), (6,37), (6,37), (6,37), (6,36), (5,36), (5,35)]

Shrinking Run 30
#Info# Executed steps before collision: 8, Found collision: false
Turtle 1 :[(-1,-1), (33,20), (32,20), (31,20), (31,19), (31,18), (30,18), (-1,-1), (-1,-1)]
Turtle 2 :[(-2,-2), (49,40), (48,40), (48,40), (48,39), (48,38), (48,37), (47,37), (-2,-2)]
Turtle 3 :[(-3,-3), (8,40), (8,39), (8,38), (8,37), (8,37), (8,36), (-3,-3), (-3,-3)]
Turtle 4 :[(-4,-4), (48,29), (48,30), (48,30), (47,30), (46,30), (46,30), (45,30), (44,30)]
Turtle 5 :[(-5,-5), (8,37), (7,37), (6,37), (5,37), (5,36), (-5,-5), (-5,-5), (-5,-5)]

Shrinking Run 31
#Info# Executed steps before collision: 8, Found collision: false
Turtle 1 :[(-1,-1), (33,20), (32,20), (31,20), (31,19), (31,18), (30,18), (-1,-1), (-1,-1)]
Turtle 2 :[(-2,-2), (49,40), (48,40), (48,40), (48,39), (48,38), (48,37), (47,37), (-2,-2)]
Turtle 3 :[(-3,-3), (8,40), (8,39), (8,38), (8,37), (8,37), (8,36), (-3,-3), (-3,-3)]
Turtle 4 :[(-4,-4), (48,29), (48,30), (48,30), (47,30), (46,30), (46,30), (45,30), (44,30)]
Turtle 5 :[(-5,-5), (8,37), (7,37), (6,37), (6,37), (5,37), (5,36), (-5,-5), (-5,-5)]

Shrinking Run 32
#Info# Executed steps before collision: 8, Found collision: false
Turtle 1 :[(-1,-1), (33,20), (32,20), (31,20), (31,19), (31,18), (30,18), (-1,-1), (-1,-1)]
Turtle 2 :[(-2,-2), (49,40), (48,40), (48,40), (48,39), (48,38), (48,37), (47,37), (-2,-2)]
Turtle 3 :[(-3,-3), (8,40), (8,39), (8,38), (8,37), (8,37), (8,36), (-3,-3), (-3,-3)]
Turtle 4 :[(-4,-4), (48,29), (48,30), (48,30), (47,30), (46,30), (46,30), (45,30), (44,30)]
Turtle 5 :[(-5,-5), (8,37), (7,37), (6,37), (6,37), (6,37), (5,37), (5,36), (-5,-5)]

Shrinking Run 33
#Info# Executed steps before collision: 9, Found collision: false
Turtle 1 :[(-1,-1), (33,20), (32,20), (31,20), (31,19), (31,18), (30,18), (-1,-1), (-1,-1), (-1,-1)]
Turtle 2 :[(-2,-2), (49,40), (48,40), (48,40), (48,39), (48,38), (48,37), (47,37), (-2,-2), (-2,-2)]
Turtle 3 :[(-3,-3), (8,40), (8,39), (8,38), (8,37), (8,37), (8,36), (-3,-3), (-3,-3), (-3,-3)]
Turtle 4 :[(-4,-4), (48,29), (48,30), (48,30), (47,30), (46,30), (46,30), (45,30), (44,30), (-4,-4)]
Turtle 5 :[(-5,-5), (8,37), (8,37), (7,37), (7,37), (7,37), (6,37), (5,37), (5,37), (5,36)]

Shrinking Run 34
#Info# Executed steps before collision: 8, Found collision: false
Turtle 1 :[(-1,-1), (33,20), (32,20), (31,20), (31,19), (31,18), (30,18), (-1,-1), (-1,-1)]
Turtle 2 :[(-2,-2), (49,40), (48,40), (48,40), (48,39), (48,38), (48,37), (47,37), (-2,-2)]
Turtle 3 :[(-3,-3), (8,40), (8,39), (8,38), (8,37), (9,37), (8,37), (8,36), (-3,-3)]
Turtle 4 :[(-4,-4), (48,29), (48,30), (48,30), (47,30), (46,30), (46,30), (45,30), (44,30)]
Turtle 5 :[(-5,-5), (8,37), (8,37), (7,37), (7,37), (7,37), (6,37), (5,37), (5,36)]

Shrinking Run 35
#Info# Executed steps before collision: 10, Found collision: false
Turtle 1 :[(-1,-1), (33,20), (32,20), (31,20), (31,19), (31,18), (30,18), (-1,-1), (-1,-1), (-1,-1), (-1,-1)]
Turtle 2 :[(-2,-2), (49,40), (48,40), (48,40), (48,39), (48,38), (48,37), (47,37), (-2,-2), (-2,-2), (-2,-2)]
Turtle 3 :[(-3,-3), (8,40), (8,39), (8,38), (8,37), (8,37), (8,37), (8,36), (-3,-3), (-3,-3), (-3,-3)]
Turtle 4 :[(-4,-4), (48,29), (48,30), (48,30), (47,30), (46,30), (46,30), (45,30), (44,30), (-4,-4), (-4,-4)]
Turtle 5 :[(-5,-5), (8,37), (7,37), (7,37), (7,37), (7,37), (6,37), (5,37), (5,37), (5,37), (5,36)]

Shrinking Run 36
#Info# Executed steps before collision: 10, Found collision: false
Turtle 1 :[(-1,-1), (33,20), (32,20), (31,20), (31,19), (31,18), (30,18), (-1,-1), (-1,-1), (-1,-1), (-1,-1)]
Turtle 2 :[(-2,-2), (49,40), (48,40), (48,40), (48,39), (48,38), (48,37), (47,37), (-2,-2), (-2,-2), (-2,-2)]
Turtle 3 :[(-3,-3), (8,40), (8,39), (8,38), (8,37), (8,37), (8,36), (-3,-3), (-3,-3), (-3,-3), (-3,-3)]
Turtle 4 :[(-4,-4), (48,29), (48,30), (48,30), (47,30), (46,30), (46,30), (45,30), (44,30), (-4,-4), (-4,-4)]
Turtle 5 :[(-5,-5), (8,37), (8,37), (7,37), (7,37), (7,37), (6,37), (5,37), (5,37), (5,37), (5,36)]

Shrinking Run 37
#Info# Executed steps before collision: 10, Found collision: false
Turtle 1 :[(-1,-1), (33,20), (32,20), (31,20), (31,19), (31,18), (30,18), (-1,-1), (-1,-1), (-1,-1), (-1,-1)]
Turtle 2 :[(-2,-2), (49,40), (48,40), (48,40), (48,39), (48,38), (48,37), (47,37), (-2,-2), (-2,-2), (-2,-2)]
Turtle 3 :[(-3,-3), (8,40), (8,39), (8,38), (8,38), (8,37), (8,37), (8,36), (-3,-3), (-3,-3), (-3,-3)]
Turtle 4 :[(-4,-4), (48,29), (48,30), (48,30), (47,30), (46,30), (46,30), (45,30), (44,30), (-4,-4), (-4,-4)]
Turtle 5 :[(-5,-5), (8,37), (8,37), (8,37), (7,37), (7,37), (6,37), (5,37), (5,37), (5,37), (5,36)]

Shrinking Run 38
#Info# Executed steps before collision: 10, Found collision: false
Turtle 1 :[(-1,-1), (33,20), (32,20), (31,20), (31,19), (31,18), (30,18), (-1,-1), (-1,-1), (-1,-1), (-1,-1)]
Turtle 2 :[(-2,-2), (49,40), (48,40), (48,40), (48,39), (48,38), (48,37), (47,37), (-2,-2), (-2,-2), (-2,-2)]
Turtle 3 :[(-3,-3), (8,40), (8,39), (8,38), (8,38), (8,37), (8,37), (8,36), (-3,-3), (-3,-3), (-3,-3)]
Turtle 4 :[(-4,-4), (48,29), (48,30), (48,30), (47,30), (46,30), (46,30), (45,30), (44,30), (-4,-4), (-4,-4)]
Turtle 5 :[(-5,-5), (8,37), (8,37), (8,37), (8,37), (7,37), (6,37), (5,37), (5,37), (5,37), (5,36)]

Shrinking Run 39
#Info# Executed steps before collision: 5, Found collision: true
Turtle 1 :[(-1,-1), (33,20), (32,20), (31,20), (31,19), (31,18), (30,18), (-1,-1), (-1,-1), (-1,-1), (-1,-1), (-1,-1), (-1,-1), (-1,-1)]
Turtle 2 :[(-2,-2), (49,40), (48,40), (48,40), (48,39), (48,38), (48,37), (47,37), (-2,-2), (-2,-2), (-2,-2), (-2,-2), (-2,-2), (-2,-2)]
Turtle 3 :[(-3,-3), (8,40), (8,39), (8,38), (8,38), (8,37), (7,37), (8,37), (8,36), (-3,-3), (-3,-3), (-3,-3), (-3,-3), (-3,-3)]
Turtle 4 :[(-4,-4), (48,29), (48,30), (48,30), (47,30), (46,30), (46,30), (45,30), (44,30), (-4,-4), (-4,-4), (-4,-4), (-4,-4), (-4,-4)]
Turtle 5 :[(-5,-5), (8,37), (8,37), (8,37), (8,37), (8,37), (8,36), (8,37), (9,37), (8,37), (7,37), (6,37), (6,36), (5,36)]

Shrinking Run 40
#Info# Executed steps before collision: 10, Found collision: false
Turtle 1 :[(-1,-1), (33,20), (32,20), (32,20), (31,20), (31,20), (30,20), (30,19), (29,19), (-1,-1), (-1,-1)]
Turtle 2 :[(-2,-2), (49,40), (48,40), (48,40), (48,39), (48,38), (48,37), (47,37), (-2,-2), (-2,-2), (-2,-2)]
Turtle 3 :[(-3,-3), (8,40), (8,39), (8,38), (8,39), (8,38), (8,38), (8,37), (8,36), (-3,-3), (-3,-3)]
Turtle 4 :[(-4,-4), (48,29), (48,30), (48,30), (47,30), (46,30), (46,30), (45,30), (44,30), (-4,-4), (-4,-4)]
Turtle 5 :[(-5,-5), (8,37), (8,37), (8,37), (8,37), (8,37), (7,37), (6,37), (5,37), (5,37), (5,36)]

Shrinking Run 41
#Info# Executed steps before collision: 11, Found collision: false
Turtle 1 :[(-1,-1), (33,20), (33,19), (33,19), (32,19), (32,19), (31,19), (30,19), (29,19), (-1,-1), (-1,-1), (-1,-1)]
Turtle 2 :[(-2,-2), (49,40), (48,40), (48,40), (48,39), (48,38), (48,37), (47,37), (-2,-2), (-2,-2), (-2,-2), (-2,-2)]
Turtle 3 :[(-3,-3), (8,40), (8,39), (8,38), (8,39), (8,38), (7,38), (7,39), (8,39), (8,38), (8,37), (8,36)]
Turtle 4 :[(-4,-4), (48,29), (48,30), (48,30), (47,30), (46,30), (46,30), (45,30), (44,30), (-4,-4), (-4,-4), (-4,-4)]
Turtle 5 :[(-5,-5), (8,37), (8,37), (8,37), (8,37), (8,37), (7,37), (6,37), (5,37), (5,37), (5,36), (-5,-5)]

Shrinking Run 42
#Info# Executed steps before collision: 15, Found collision: false
Turtle 1 :[(-1,-1), (33,20), (32,20), (32,19), (31,19), (31,18), (30,18), (-1,-1), (-1,-1), (-1,-1), (-1,-1), (-1,-1), (-1,-1), (-1,-1), (-1,-1), (-1,-1)]
Turtle 2 :[(-2,-2), (49,40), (48,40), (48,40), (48,39), (48,38), (48,37), (47,37), (-2,-2), (-2,-2), (-2,-2), (-2,-2), (-2,-2), (-2,-2), (-2,-2), (-2,-2)]
Turtle 3 :[(-3,-3), (8,40), (8,39), (8,38), (9,38), (8,38), (7,38), (6,38), (5,38), (4,38), (5,38), (6,38), (7,38), (7,37), (8,37), (8,36)]
Turtle 4 :[(-4,-4), (48,29), (48,30), (48,30), (47,30), (46,30), (46,30), (45,30), (44,30), (-4,-4), (-4,-4), (-4,-4), (-4,-4), (-4,-4), (-4,-4), (-4,-4)]
Turtle 5 :[(-5,-5), (8,37), (8,37), (8,37), (8,37), (8,37), (7,37), (6,37), (5,37), (5,37), (5,36), (-5,-5), (-5,-5), (-5,-5), (-5,-5), (-5,-5)]

Shrinking Run 43
#Info# Executed steps before collision: 10, Found collision: false
Turtle 1 :[(-1,-1), (33,20), (32,20), (31,20), (31,19), (31,18), (30,18), (-1,-1), (-1,-1), (-1,-1), (-1,-1)]
Turtle 2 :[(-2,-2), (49,40), (49,40), (49,40), (48,40), (48,39), (47,39), (47,39), (47,38), (47,37), (-2,-2)]
Turtle 3 :[(-3,-3), (8,40), (8,39), (8,38), (7,38), (8,38), (7,38), (7,37), (7,36), (8,36), (-3,-3)]
Turtle 4 :[(-4,-4), (48,29), (48,30), (48,30), (47,30), (46,30), (46,30), (45,30), (44,30), (-4,-4), (-4,-4)]
Turtle 5 :[(-5,-5), (8,37), (8,37), (8,37), (8,37), (8,37), (7,37), (6,37), (5,37), (5,37), (5,36)]

Shrinking Run 44
#Info# Executed steps before collision: 10, Found collision: false
Turtle 1 :[(-1,-1), (33,20), (32,20), (31,20), (31,19), (31,18), (30,18), (-1,-1), (-1,-1), (-1,-1), (-1,-1)]
Turtle 2 :[(-2,-2), (49,40), (49,40), (49,40), (49,39), (49,38), (48,38), (48,38), (47,38), (47,37), (-2,-2)]
Turtle 3 :[(-3,-3), (8,40), (8,39), (8,38), (9,38), (9,37), (10,37), (9,37), (9,36), (8,36), (-3,-3)]
Turtle 4 :[(-4,-4), (48,29), (48,30), (48,30), (47,30), (46,30), (46,30), (45,30), (44,30), (-4,-4), (-4,-4)]
Turtle 5 :[(-5,-5), (8,37), (8,37), (8,37), (8,37), (8,37), (7,37), (6,37), (5,37), (5,37), (5,36)]

Shrinking Run 45
#Info# Executed steps before collision: 9, Found collision: false
Turtle 1 :[(-1,-1), (33,20), (32,20), (31,20), (31,19), (31,18), (30,18), (-1,-1), (-1,-1), (-1,-1)]
Turtle 2 :[(-2,-2), (49,40), (49,40), (49,40), (49,39), (48,39), (47,39), (47,39), (47,38), (47,37)]
Turtle 3 :[(-3,-3), (8,40), (8,39), (8,38), (8,37), (8,37), (8,36), (-3,-3), (-3,-3), (-3,-3)]
Turtle 4 :[(-4,-4), (48,29), (48,30), (48,30), (47,30), (46,30), (46,30), (45,30), (44,30), (-4,-4)]
Turtle 5 :[(-5,-5), (8,37), (8,37), (8,36), (7,36), (6,36), (5,36), (-5,-5), (-5,-5), (-5,-5)]

Shrinking Run 46
#Info# Executed steps before collision: 8, Found collision: false
Turtle 1 :[(-1,-1), (33,20), (32,20), (31,20), (31,19), (31,18), (30,18), (-1,-1), (-1,-1)]
Turtle 2 :[(-2,-2), (49,40), (49,39), (48,39), (48,38), (48,37), (47,37), (-2,-2), (-2,-2)]
Turtle 3 :[(-3,-3), (8,40), (8,39), (8,38), (8,38), (8,37), (8,37), (8,36), (-3,-3)]
Turtle 4 :[(-4,-4), (48,29), (48,30), (48,30), (47,30), (46,30), (46,30), (45,30), (44,30)]
Turtle 5 :[(-5,-5), (8,37), (8,37), (8,37), (8,37), (8,36), (7,36), (6,36), (5,36)]

Shrinking Run 47
#Info# Executed steps before collision: 10, Found collision: false
Turtle 1 :[(-1,-1), (33,20), (32,20), (31,20), (31,19), (31,18), (30,18), (-1,-1), (-1,-1), (-1,-1), (-1,-1)]
Turtle 2 :[(-2,-2), (49,40), (49,39), (49,39), (49,38), (49,37), (48,37), (47,37), (-2,-2), (-2,-2), (-2,-2)]
Turtle 3 :[(-3,-3), (8,40), (8,39), (8,38), (9,38), (9,39), (9,38), (8,38), (8,37), (8,36), (-3,-3)]
Turtle 4 :[(-4,-4), (48,29), (48,30), (48,30), (47,30), (46,30), (46,30), (45,30), (44,30), (-4,-4), (-4,-4)]
Turtle 5 :[(-5,-5), (8,37), (8,37), (8,37), (8,37), (8,37), (7,37), (6,37), (5,37), (5,37), (5,36)]

Shrinking Run 48
#Info# Executed steps before collision: 10, Found collision: false
Turtle 1 :[(-1,-1), (33,20), (32,20), (31,20), (31,19), (31,18), (30,18), (-1,-1), (-1,-1), (-1,-1), (-1,-1)]
Turtle 2 :[(-2,-2), (49,40), (48,40), (48,39), (48,38), (48,38), (48,37), (47,37), (-2,-2), (-2,-2), (-2,-2)]
Turtle 3 :[(-3,-3), (8,40), (8,39), (8,38), (9,38), (8,38), (9,38), (9,37), (9,36), (8,36), (-3,-3)]
Turtle 4 :[(-4,-4), (48,29), (48,30), (48,30), (47,30), (46,30), (46,30), (45,30), (44,30), (-4,-4), (-4,-4)]
Turtle 5 :[(-5,-5), (8,37), (8,37), (8,37), (8,37), (8,37), (7,37), (6,37), (5,37), (5,37), (5,36)]

Shrinking Run 49
#Info# Executed steps before collision: 11, Found collision: false
Turtle 1 :[(-1,-1), (33,20), (32,20), (31,20), (31,19), (31,18), (30,18), (-1,-1), (-1,-1), (-1,-1), (-1,-1), (-1,-1)]
Turtle 2 :[(-2,-2), (49,40), (48,40), (48,40), (48,39), (48,38), (48,37), (47,37), (-2,-2), (-2,-2), (-2,-2), (-2,-2)]
Turtle 3 :[(-3,-3), (8,40), (8,39), (8,38), (7,38), (7,37), (7,36), (-3,-3), (-3,-3), (-3,-3), (-3,-3), (-3,-3)]
Turtle 4 :[(-4,-4), (48,29), (48,30), (48,30), (47,30), (46,30), (46,30), (45,30), (44,30), (-4,-4), (-4,-4), (-4,-4)]
Turtle 5 :[(-5,-5), (8,37), (8,37), (8,37), (8,37), (8,37), (9,37), (8,37), (7,37), (6,37), (6,36), (5,36)]

Shrinking Run 50
#Info# Executed steps before collision: 8, Found collision: false
Turtle 1 :[(-1,-1), (33,20), (32,20), (31,20), (31,19), (31,18), (30,18), (-1,-1), (-1,-1)]
Turtle 2 :[(-2,-2), (49,40), (48,40), (48,40), (48,39), (48,38), (48,37), (47,37), (-2,-2)]
Turtle 3 :[(-3,-3), (8,40), (8,39), (8,38), (8,38), (8,37), (8,36), (8,35), (-3,-3)]
Turtle 4 :[(-4,-4), (48,29), (48,30), (48,30), (47,30), (46,30), (46,30), (45,30), (44,30)]
Turtle 5 :[(-5,-5), (8,37), (8,37), (8,37), (8,37), (7,37), (7,36), (6,36), (5,36)]

Shrinking Run 51
#Info# Executed steps before collision: 10, Found collision: false
Turtle 1 :[(-1,-1), (33,20), (32,20), (31,20), (31,19), (31,18), (30,18), (-1,-1), (-1,-1), (-1,-1), (-1,-1)]
Turtle 2 :[(-2,-2), (49,40), (48,40), (48,40), (48,39), (48,38), (48,37), (47,37), (-2,-2), (-2,-2), (-2,-2)]
Turtle 3 :[(-3,-3), (8,40), (8,39), (8,38), (9,38), (9,37), (10,37), (10,36), (9,36), (8,36), (-3,-3)]
Turtle 4 :[(-4,-4), (48,29), (48,30), (48,30), (47,30), (46,30), (46,30), (45,30), (44,30), (-4,-4), (-4,-4)]
Turtle 5 :[(-5,-5), (8,37), (8,37), (8,37), (8,37), (8,37), (7,37), (6,37), (5,37), (5,37), (5,36)]

Shrinking Run 52
#Info# Executed steps before collision: 10, Found collision: false
Turtle 1 :[(-1,-1), (33,20), (32,20), (31,20), (31,19), (31,18), (30,18), (-1,-1), (-1,-1), (-1,-1), (-1,-1)]
Turtle 2 :[(-2,-2), (49,40), (48,40), (48,40), (48,39), (48,38), (48,37), (47,37), (-2,-2), (-2,-2), (-2,-2)]
Turtle 3 :[(-3,-3), (8,40), (8,39), (8,38), (8,39), (8,38), (9,38), (8,38), (8,37), (8,36), (-3,-3)]
Turtle 4 :[(-4,-4), (48,29), (47,29), (47,29), (46,29), (45,29), (45,29), (44,29), (43,29), (-4,-4), (-4,-4)]
Turtle 5 :[(-5,-5), (8,37), (8,37), (8,37), (8,37), (8,37), (7,37), (6,37), (5,37), (5,37), (5,36)]

Shrinking Run 53
#Info# Executed steps before collision: 3, Found collision: true
Turtle 1 :[(-1,-1), (33,20), (32,20), (31,20), (31,19), (31,18), (30,18), (-1,-1), (-1,-1), (-1,-1), (-1,-1), (-1,-1), (-1,-1)]
Turtle 2 :[(-2,-2), (49,40), (48,40), (48,40), (48,39), (48,38), (48,37), (47,37), (-2,-2), (-2,-2), (-2,-2), (-2,-2), (-2,-2)]
Turtle 3 :[(-3,-3), (8,40), (8,39), (8,38), (8,37), (8,37), (8,36), (-3,-3), (-3,-3), (-3,-3), (-3,-3), (-3,-3), (-3,-3)]
Turtle 4 :[(-4,-4), (48,29), (48,28), (48,28), (47,28), (46,28), (46,28), (45,28), (44,28), (-4,-4), (-4,-4), (-4,-4), (-4,-4)]
Turtle 5 :[(-5,-5), (8,37), (8,37), (8,38), (8,39), (8,38), (9,38), (9,37), (8,37), (8,36), (7,36), (6,36), (5,36)]

Shrinking Run 54
#Info# Executed steps before collision: 10, Found collision: false
Turtle 1 :[(-1,-1), (33,20), (32,20), (31,20), (31,19), (31,18), (30,18), (-1,-1), (-1,-1), (-1,-1), (-1,-1)]
Turtle 2 :[(-2,-2), (49,40), (48,40), (48,40), (48,39), (48,38), (48,37), (47,37), (-2,-2), (-2,-2), (-2,-2)]
Turtle 3 :[(-3,-3), (8,40), (8,39), (8,38), (8,39), (8,38), (8,38), (8,37), (8,36), (-3,-3), (-3,-3)]
Turtle 4 :[(-4,-4), (48,29), (47,29), (47,29), (46,29), (45,29), (45,29), (44,29), (44,28), (-4,-4), (-4,-4)]
Turtle 5 :[(-5,-5), (8,37), (8,37), (8,37), (8,37), (8,37), (7,37), (6,37), (5,37), (5,37), (5,36)]

Shrinking Run 55
#Info# Executed steps before collision: 7, Found collision: false
Turtle 1 :[(-1,-1), (33,20), (32,20), (31,20), (31,19), (31,18), (30,18), (-1,-1)]
Turtle 2 :[(-2,-2), (49,40), (48,40), (48,40), (48,39), (48,38), (48,37), (47,37)]
Turtle 3 :[(-3,-3), (8,40), (8,39), (8,38), (8,37), (8,37), (8,36), (-3,-3)]
Turtle 4 :[(-4,-4), (48,29), (47,29), (47,28), (46,28), (45,28), (44,28), (-4,-4)]
Turtle 5 :[(-5,-5), (8,37), (8,37), (7,37), (6,37), (5,37), (5,36), (-5,-5)]

Shrinking Run 56
#Info# Executed steps before collision: 10, Found collision: false
Turtle 1 :[(-1,-1), (33,20), (32,20), (31,20), (31,19), (31,18), (30,18), (-1,-1), (-1,-1), (-1,-1), (-1,-1)]
Turtle 2 :[(-2,-2), (49,40), (48,40), (48,40), (48,39), (48,38), (48,37), (47,37), (-2,-2), (-2,-2), (-2,-2)]
Turtle 3 :[(-3,-3), (8,40), (8,39), (8,38), (8,39), (7,39), (8,39), (8,38), (8,37), (8,36), (-3,-3)]
Turtle 4 :[(-4,-4), (48,29), (48,28), (48,28), (47,28), (46,28), (45,28), (44,28), (-4,-4), (-4,-4), (-4,-4)]
Turtle 5 :[(-5,-5), (8,37), (8,37), (8,37), (8,37), (8,37), (7,37), (6,37), (5,37), (5,37), (5,36)]

Shrinking Run 57
#Info# Executed steps before collision: 10, Found collision: false
Turtle 1 :[(-1,-1), (33,20), (32,20), (31,20), (31,19), (31,18), (30,18), (-1,-1), (-1,-1), (-1,-1), (-1,-1)]
Turtle 2 :[(-2,-2), (49,40), (48,40), (48,40), (48,39), (48,38), (48,37), (47,37), (-2,-2), (-2,-2), (-2,-2)]
Turtle 3 :[(-3,-3), (8,40), (8,39), (8,38), (9,38), (9,37), (9,36), (8,36), (-3,-3), (-3,-3), (-3,-3)]
Turtle 4 :[(-4,-4), (48,29), (47,29), (47,29), (46,29), (46,28), (46,28), (45,28), (44,28), (-4,-4), (-4,-4)]
Turtle 5 :[(-5,-5), (8,37), (8,37), (8,37), (8,37), (8,37), (7,37), (6,37), (5,37), (5,37), (5,36)]

Shrinking Run 58
#Info# Executed steps before collision: 8, Found collision: false
Turtle 1 :[(-1,-1), (33,20), (32,20), (31,20), (31,19), (31,18), (30,18), (-1,-1), (-1,-1)]
Turtle 2 :[(-2,-2), (49,40), (48,40), (48,40), (48,39), (48,38), (48,37), (47,37), (-2,-2)]
Turtle 3 :[(-3,-3), (8,40), (8,39), (8,38), (8,38), (8,37), (8,37), (8,36), (-3,-3)]
Turtle 4 :[(-4,-4), (48,29), (48,28), (47,28), (46,28), (46,28), (46,28), (45,28), (44,28)]
Turtle 5 :[(-5,-5), (8,37), (8,37), (8,37), (8,37), (7,37), (7,36), (6,36), (5,36)]

Shrinking Run 59
#Info# Executed steps before collision: 10, Found collision: false
Turtle 1 :[(-1,-1), (33,20), (32,20), (31,20), (31,19), (31,18), (30,18), (-1,-1), (-1,-1), (-1,-1), (-1,-1)]
Turtle 2 :[(-2,-2), (49,40), (48,40), (48,40), (48,39), (48,38), (48,37), (47,37), (-2,-2), (-2,-2), (-2,-2)]
Turtle 3 :[(-3,-3), (8,40), (8,39), (8,38), (9,38), (9,37), (9,36), (8,36), (-3,-3), (-3,-3), (-3,-3)]
Turtle 4 :[(-4,-4), (48,29), (48,28), (48,28), (47,28), (46,28), (45,28), (45,28), (44,28), (-4,-4), (-4,-4)]
Turtle 5 :[(-5,-5), (8,37), (8,37), (8,37), (8,37), (8,37), (7,37), (6,37), (5,37), (5,37), (5,36)]

Shrinking Run 60
#Info# Executed steps before collision: 8, Found collision: false
Turtle 1 :[(-1,-1), (33,20), (32,20), (31,20), (31,19), (31,18), (30,18), (-1,-1), (-1,-1)]
Turtle 2 :[(-2,-2), (49,40), (48,40), (48,40), (48,39), (48,38), (48,37), (47,37), (-2,-2)]
Turtle 3 :[(-3,-3), (8,40), (8,39), (8,38), (8,37), (8,37), (8,36), (-3,-3), (-3,-3)]
Turtle 4 :[(-4,-4), (48,29), (48,28), (48,28), (47,28), (46,28), (46,28), (45,28), (44,28)]
Turtle 5 :[(-5,-5), (8,37), (7,37), (6,37), (6,37), (6,37), (5,37), (4,37), (4,36)]

Shrinking Run 61
#Info# Executed steps before collision: 8, Found collision: false
Turtle 1 :[(-1,-1), (33,20), (32,20), (31,20), (31,19), (31,18), (30,18), (-1,-1), (-1,-1)]
Turtle 2 :[(-2,-2), (49,40), (48,40), (48,40), (48,39), (48,38), (48,37), (47,37), (-2,-2)]
Turtle 3 :[(-3,-3), (8,40), (8,39), (8,38), (8,37), (8,37), (8,36), (-3,-3), (-3,-3)]
Turtle 4 :[(-4,-4), (48,29), (48,28), (48,28), (47,28), (46,28), (46,28), (45,28), (44,28)]
Turtle 5 :[(-5,-5), (8,37), (7,37), (7,36), (7,36), (7,36), (7,35), (6,35), (6,34)]

Shrinking Run 62
#Info# Executed steps before collision: 8, Found collision: false
Turtle 1 :[(-1,-1), (33,20), (32,20), (31,20), (31,19), (31,18), (30,18), (-1,-1), (-1,-1)]
Turtle 2 :[(-2,-2), (49,40), (48,40), (48,40), (48,39), (48,38), (48,37), (47,37), (-2,-2)]
Turtle 3 :[(-3,-3), (8,40), (8,39), (8,38), (8,37), (8,37), (8,36), (-3,-3), (-3,-3)]
Turtle 4 :[(-4,-4), (48,29), (48,28), (48,28), (47,28), (46,28), (46,28), (45,28), (44,28)]
Turtle 5 :[(-5,-5), (8,37), (7,37), (6,37), (6,37), (6,37), (6,36), (5,36), (5,35)]

Shrinking Run 63
#Info# Executed steps before collision: 8, Found collision: false
Turtle 1 :[(-1,-1), (33,20), (32,20), (31,20), (31,19), (31,18), (30,18), (-1,-1), (-1,-1)]
Turtle 2 :[(-2,-2), (49,40), (48,40), (48,40), (48,39), (48,38), (48,37), (47,37), (-2,-2)]
Turtle 3 :[(-3,-3), (8,40), (8,39), (8,38), (8,37), (8,37), (8,36), (-3,-3), (-3,-3)]
Turtle 4 :[(-4,-4), (48,29), (48,28), (48,28), (47,28), (46,28), (46,28), (45,28), (44,28)]
Turtle 5 :[(-5,-5), (8,37), (7,37), (6,37), (5,37), (5,36), (-5,-5), (-5,-5), (-5,-5)]

Shrinking Run 64
#Info# Executed steps before collision: 8, Found collision: false
Turtle 1 :[(-1,-1), (33,20), (32,20), (31,20), (31,19), (31,18), (30,18), (-1,-1), (-1,-1)]
Turtle 2 :[(-2,-2), (49,40), (48,40), (48,40), (48,39), (48,38), (48,37), (47,37), (-2,-2)]
Turtle 3 :[(-3,-3), (8,40), (8,39), (8,38), (8,37), (8,37), (8,36), (-3,-3), (-3,-3)]
Turtle 4 :[(-4,-4), (48,29), (48,28), (48,28), (47,28), (46,28), (46,28), (45,28), (44,28)]
Turtle 5 :[(-5,-5), (8,37), (7,37), (6,37), (6,37), (5,37), (5,36), (-5,-5), (-5,-5)]

Shrinking Run 65
#Info# Executed steps before collision: 8, Found collision: false
Turtle 1 :[(-1,-1), (33,20), (32,20), (31,20), (31,19), (31,18), (30,18), (-1,-1), (-1,-1)]
Turtle 2 :[(-2,-2), (49,40), (48,40), (48,40), (48,39), (48,38), (48,37), (47,37), (-2,-2)]
Turtle 3 :[(-3,-3), (8,40), (8,39), (8,38), (8,37), (8,37), (8,36), (-3,-3), (-3,-3)]
Turtle 4 :[(-4,-4), (48,29), (48,28), (48,28), (47,28), (46,28), (46,28), (45,28), (44,28)]
Turtle 5 :[(-5,-5), (8,37), (7,37), (6,37), (6,37), (6,37), (5,37), (5,36), (-5,-5)]

Shrinking Run 66
#Info# Executed steps before collision: 9, Found collision: false
Turtle 1 :[(-1,-1), (33,20), (32,20), (31,20), (31,19), (31,18), (30,18), (-1,-1), (-1,-1), (-1,-1)]
Turtle 2 :[(-2,-2), (49,40), (48,40), (48,40), (48,39), (48,38), (48,37), (47,37), (-2,-2), (-2,-2)]
Turtle 3 :[(-3,-3), (8,40), (8,39), (8,38), (8,37), (8,37), (8,36), (-3,-3), (-3,-3), (-3,-3)]
Turtle 4 :[(-4,-4), (48,29), (48,28), (48,28), (47,28), (46,28), (46,28), (45,28), (44,28), (-4,-4)]
Turtle 5 :[(-5,-5), (8,37), (8,37), (7,37), (7,37), (7,37), (6,37), (5,37), (5,37), (5,36)]

Shrinking Run 67
#Info# Executed steps before collision: 8, Found collision: false
Turtle 1 :[(-1,-1), (33,20), (32,20), (31,20), (31,19), (31,18), (30,18), (-1,-1), (-1,-1)]
Turtle 2 :[(-2,-2), (49,40), (48,40), (48,40), (48,39), (48,38), (48,37), (47,37), (-2,-2)]
Turtle 3 :[(-3,-3), (8,40), (8,39), (8,38), (8,37), (8,37), (8,36), (-3,-3), (-3,-3)]
Turtle 4 :[(-4,-4), (48,29), (48,28), (48,28), (47,28), (46,28), (46,28), (45,28), (44,28)]
Turtle 5 :[(-5,-5), (8,37), (8,37), (7,37), (7,37), (7,37), (6,37), (5,37), (5,36)]

Shrinking Run 68
#Info# Executed steps before collision: 10, Found collision: false
Turtle 1 :[(-1,-1), (33,20), (32,20), (31,20), (31,19), (31,18), (30,18), (-1,-1), (-1,-1), (-1,-1), (-1,-1)]
Turtle 2 :[(-2,-2), (49,40), (48,40), (48,40), (48,39), (48,38), (48,37), (47,37), (-2,-2), (-2,-2), (-2,-2)]
Turtle 3 :[(-3,-3), (8,40), (8,39), (8,38), (8,37), (8,37), (8,36), (-3,-3), (-3,-3), (-3,-3), (-3,-3)]
Turtle 4 :[(-4,-4), (48,29), (48,28), (48,28), (47,28), (46,28), (46,28), (45,28), (44,28), (-4,-4), (-4,-4)]
Turtle 5 :[(-5,-5), (8,37), (7,37), (7,37), (7,37), (7,37), (6,37), (5,37), (5,37), (5,37), (5,36)]

Shrinking Run 69
#Info# Executed steps before collision: 10, Found collision: false
Turtle 1 :[(-1,-1), (33,20), (32,20), (31,20), (31,19), (31,18), (30,18), (-1,-1), (-1,-1), (-1,-1), (-1,-1)]
Turtle 2 :[(-2,-2), (49,40), (48,40), (48,40), (48,39), (48,38), (48,37), (47,37), (-2,-2), (-2,-2), (-2,-2)]
Turtle 3 :[(-3,-3), (8,40), (8,39), (8,38), (8,37), (8,37), (8,36), (-3,-3), (-3,-3), (-3,-3), (-3,-3)]
Turtle 4 :[(-4,-4), (48,29), (48,28), (48,28), (47,28), (46,28), (46,28), (45,28), (44,28), (-4,-4), (-4,-4)]
Turtle 5 :[(-5,-5), (8,37), (8,37), (7,37), (7,37), (7,37), (6,37), (5,37), (5,37), (5,37), (5,36)]

Shrinking Run 70
#Info# Executed steps before collision: 8, Found collision: false
Turtle 1 :[(-1,-1), (33,20), (32,20), (31,20), (31,19), (31,18), (30,18), (-1,-1), (-1,-1)]
Turtle 2 :[(-2,-2), (49,40), (48,40), (48,40), (48,39), (48,38), (48,37), (47,37), (-2,-2)]
Turtle 3 :[(-3,-3), (8,40), (8,39), (8,38), (8,37), (8,37), (8,36), (-3,-3), (-3,-3)]
Turtle 4 :[(-4,-4), (48,29), (48,28), (48,28), (47,28), (46,28), (46,28), (45,28), (44,28)]
Turtle 5 :[(-5,-5), (8,37), (8,37), (7,37), (7,36), (6,36), (5,36), (-5,-5), (-5,-5)]

Shrinking Run 71
#Info# Executed steps before collision: 12, Found collision: false
Turtle 1 :[(-1,-1), (33,20), (32,20), (31,20), (31,19), (31,18), (30,18), (-1,-1), (-1,-1), (-1,-1), (-1,-1), (-1,-1), (-1,-1)]
Turtle 2 :[(-2,-2), (49,40), (48,40), (48,40), (48,39), (48,38), (48,37), (47,37), (-2,-2), (-2,-2), (-2,-2), (-2,-2), (-2,-2)]
Turtle 3 :[(-3,-3), (8,40), (8,39), (8,38), (7,38), (7,37), (8,37), (8,36), (-3,-3), (-3,-3), (-3,-3), (-3,-3), (-3,-3)]
Turtle 4 :[(-4,-4), (48,29), (48,28), (48,28), (47,28), (46,28), (46,28), (45,28), (44,28), (-4,-4), (-4,-4), (-4,-4), (-4,-4)]
Turtle 5 :[(-5,-5), (8,37), (8,37), (8,37), (8,37), (9,37), (9,38), (8,38), (8,37), (8,36), (7,36), (6,36), (5,36)]

Shrinking Run 72
#Info# Executed steps before collision: 10, Found collision: false
Turtle 1 :[(-1,-1), (33,20), (32,20), (32,20), (31,20), (31,20), (30,20), (30,19), (29,19), (-1,-1), (-1,-1)]
Turtle 2 :[(-2,-2), (49,40), (48,40), (48,40), (48,39), (48,38), (48,37), (47,37), (-2,-2), (-2,-2), (-2,-2)]
Turtle 3 :[(-3,-3), (8,40), (8,39), (8,38), (8,39), (8,38), (8,39), (8,38), (8,37), (8,36), (-3,-3)]
Turtle 4 :[(-4,-4), (48,29), (48,28), (48,28), (47,28), (46,28), (46,28), (45,28), (44,28), (-4,-4), (-4,-4)]
Turtle 5 :[(-5,-5), (8,37), (8,37), (8,37), (8,37), (8,37), (7,37), (6,37), (5,37), (5,37), (5,36)]

Shrinking Run 73
#Info# Executed steps before collision: 8, Found collision: false
Turtle 1 :[(-1,-1), (33,20), (33,19), (33,19), (32,19), (32,19), (31,19), (30,19), (29,19)]
Turtle 2 :[(-2,-2), (49,40), (48,40), (48,40), (48,39), (48,38), (48,37), (47,37), (-2,-2)]
Turtle 3 :[(-3,-3), (8,40), (8,39), (8,38), (8,37), (8,37), (8,36), (-3,-3), (-3,-3)]
Turtle 4 :[(-4,-4), (48,29), (48,28), (48,28), (47,28), (46,28), (46,28), (45,28), (44,28)]
Turtle 5 :[(-5,-5), (8,37), (8,37), (8,36), (7,36), (6,36), (5,36), (-5,-5), (-5,-5)]

Shrinking Run 74
#Info# Executed steps before collision: 8, Found collision: false
Turtle 1 :[(-1,-1), (33,20), (32,20), (32,19), (31,19), (31,18), (30,18), (-1,-1), (-1,-1)]
Turtle 2 :[(-2,-2), (49,40), (48,40), (48,40), (48,39), (48,38), (48,37), (47,37), (-2,-2)]
Turtle 3 :[(-3,-3), (8,40), (8,39), (8,38), (8,37), (8,37), (8,36), (-3,-3), (-3,-3)]
Turtle 4 :[(-4,-4), (48,29), (48,28), (48,28), (47,28), (46,28), (46,28), (45,28), (44,28)]
Turtle 5 :[(-5,-5), (8,37), (8,37), (8,36), (7,36), (6,36), (5,36), (-5,-5), (-5,-5)]

Shrinking Run 75
#Info# Executed steps before collision: 9, Found collision: false
Turtle 1 :[(-1,-1), (33,20), (32,20), (31,20), (31,19), (31,18), (30,18), (-1,-1), (-1,-1), (-1,-1)]
Turtle 2 :[(-2,-2), (49,40), (49,40), (49,40), (48,40), (48,39), (47,39), (47,39), (47,38), (47,37)]
Turtle 3 :[(-3,-3), (8,40), (8,39), (8,38), (8,37), (8,37), (8,36), (-3,-3), (-3,-3), (-3,-3)]
Turtle 4 :[(-4,-4), (48,29), (48,28), (48,28), (47,28), (46,28), (46,28), (45,28), (44,28), (-4,-4)]
Turtle 5 :[(-5,-5), (8,37), (8,37), (8,36), (7,36), (6,36), (5,36), (-5,-5), (-5,-5), (-5,-5)]

Shrinking Run 76
#Info# Executed steps before collision: 11, Found collision: false
Turtle 1 :[(-1,-1), (33,20), (32,20), (31,20), (31,19), (31,18), (30,18), (-1,-1), (-1,-1), (-1,-1), (-1,-1), (-1,-1)]
Turtle 2 :[(-2,-2), (49,40), (49,40), (49,40), (49,39), (49,38), (48,38), (48,38), (47,38), (47,37), (-2,-2), (-2,-2)]
Turtle 3 :[(-3,-3), (8,40), (8,39), (8,38), (8,38), (8,37), (8,37), (8,36), (-3,-3), (-3,-3), (-3,-3), (-3,-3)]
Turtle 4 :[(-4,-4), (48,29), (48,28), (48,28), (47,28), (46,28), (46,28), (45,28), (44,28), (-4,-4), (-4,-4), (-4,-4)]
Turtle 5 :[(-5,-5), (8,37), (8,37), (8,37), (8,37), (9,37), (9,37), (8,37), (8,36), (7,36), (6,36), (5,36)]

Shrinking Run 77
#Info# Executed steps before collision: 7, Found collision: true
Turtle 1 :[(-1,-1), (33,20), (32,20), (31,20), (31,19), (31,18), (30,18), (-1,-1), (-1,-1), (-1,-1), (-1,-1), (-1,-1)]
Turtle 2 :[(-2,-2), (49,40), (49,40), (49,40), (49,39), (48,39), (47,39), (47,39), (47,38), (47,37), (-2,-2), (-2,-2)]
Turtle 3 :[(-3,-3), (8,40), (8,39), (8,38), (7,38), (8,38), (7,38), (7,37), (8,37), (8,36), (-3,-3), (-3,-3)]
Turtle 4 :[(-4,-4), (48,29), (48,28), (48,28), (47,28), (46,28), (46,28), (45,28), (44,28), (-4,-4), (-4,-4), (-4,-4)]
Turtle 5 :[(-5,-5), (8,37), (8,37), (8,37), (8,37), (8,37), (8,37), (7,37), (6,37), (5,37), (5,37), (5,36)]

Shrinking Run 78
#Info# Executed steps before collision: 11, Found collision: false
Turtle 1 :[(-1,-1), (33,20), (32,20), (31,20), (31,19), (31,18), (30,18), (-1,-1), (-1,-1), (-1,-1), (-1,-1), (-1,-1)]
Turtle 2 :[(-2,-2), (49,40), (49,40), (49,40), (49,39), (48,39), (47,39), (47,39), (47,38), (46,38), (-2,-2), (-2,-2)]
Turtle 3 :[(-3,-3), (8,40), (8,39), (8,38), (9,38), (8,38), (8,39), (8,38), (8,37), (8,36), (-3,-3), (-3,-3)]
Turtle 4 :[(-4,-4), (48,29), (48,28), (48,28), (47,28), (46,28), (46,28), (45,28), (44,28), (-4,-4), (-4,-4), (-4,-4)]
Turtle 5 :[(-5,-5), (8,37), (8,37), (8,37), (8,37), (8,37), (8,37), (7,37), (6,37), (5,37), (5,37), (5,36)]

Shrinking Run 79
#Info# Executed steps before collision: 8, Found collision: true
Turtle 1 :[(-1,-1), (33,20), (32,20), (31,20), (31,19), (31,18), (30,18), (-1,-1), (-1,-1), (-1,-1), (-1,-1), (-1,-1)]
Turtle 2 :[(-2,-2), (49,40), (48,40), (47,40), (47,39), (47,38), (47,37), (-2,-2), (-2,-2), (-2,-2), (-2,-2), (-2,-2)]
Turtle 3 :[(-3,-3), (8,40), (8,39), (8,38), (7,38), (7,37), (7,37), (8,37), (8,36), (-3,-3), (-3,-3), (-3,-3)]
Turtle 4 :[(-4,-4), (48,29), (48,28), (48,28), (47,28), (46,28), (46,28), (45,28), (44,28), (-4,-4), (-4,-4), (-4,-4)]
Turtle 5 :[(-5,-5), (8,37), (8,37), (8,37), (8,37), (8,37), (8,36), (9,36), (8,36), (7,36), (6,36), (5,36)]

Shrinking Run 80
#Info# Executed steps before collision: 10, Found collision: false
Turtle 1 :[(-1,-1), (33,20), (32,20), (31,20), (31,19), (31,18), (30,18), (-1,-1), (-1,-1), (-1,-1), (-1,-1)]
Turtle 2 :[(-2,-2), (49,40), (49,39), (48,39), (48,38), (47,38), (47,37), (-2,-2), (-2,-2), (-2,-2), (-2,-2)]
Turtle 3 :[(-3,-3), (8,40), (8,39), (8,38), (7,38), (8,38), (9,38), (8,38), (8,37), (8,36), (-3,-3)]
Turtle 4 :[(-4,-4), (48,29), (48,28), (48,28), (47,28), (46,28), (46,28), (45,28), (44,28), (-4,-4), (-4,-4)]
Turtle 5 :[(-5,-5), (8,37), (8,37), (8,37), (8,37), (8,37), (7,37), (6,37), (5,37), (5,37), (5,36)]

Shrinking Run 81
#Info# Executed steps before collision: 8, Found collision: false
Turtle 1 :[(-1,-1), (33,20), (32,20), (31,20), (31,19), (31,18), (30,18), (-1,-1), (-1,-1)]
Turtle 2 :[(-2,-2), (49,40), (48,40), (48,39), (48,38), (47,38), (47,37), (-2,-2), (-2,-2)]
Turtle 3 :[(-3,-3), (8,40), (8,39), (8,38), (8,38), (8,37), (8,37), (8,36), (-3,-3)]
Turtle 4 :[(-4,-4), (48,29), (48,28), (48,28), (47,28), (46,28), (46,28), (45,28), (44,28)]
Turtle 5 :[(-5,-5), (8,37), (8,37), (8,37), (8,37), (7,37), (6,37), (5,37), (5,36)]

Shrinking Run 82
#Info# Executed steps before collision: 10, Found collision: false
Turtle 1 :[(-1,-1), (33,20), (32,20), (31,20), (31,19), (31,18), (30,18), (-1,-1), (-1,-1), (-1,-1), (-1,-1)]
Turtle 2 :[(-2,-2), (49,40), (48,40), (47,40), (47,39), (47,38), (47,37), (-2,-2), (-2,-2), (-2,-2), (-2,-2)]
Turtle 3 :[(-3,-3), (8,40), (8,39), (8,38), (7,38), (7,39), (7,38), (7,38), (7,37), (7,36), (-3,-3)]
Turtle 4 :[(-4,-4), (48,29), (48,28), (48,28), (47,28), (46,28), (46,28), (45,28), (44,28), (-4,-4), (-4,-4)]
Turtle 5 :[(-5,-5), (8,37), (8,37), (8,37), (8,37), (8,37), (7,37), (6,37), (5,37), (5,37), (5,36)]

Shrinking Run 83
#Info# Executed steps before collision: 4, Found collision: true
Turtle 1 :[(-1,-1), (33,20), (32,20), (31,20), (31,19), (31,18), (30,18), (-1,-1), (-1,-1)]
Turtle 2 :[(-2,-2), (49,40), (48,40), (47,40), (47,39), (47,38), (47,37), (-2,-2), (-2,-2)]
Turtle 3 :[(-3,-3), (8,40), (8,39), (8,38), (8,37), (8,38), (8,37), (8,36), (8,35)]
Turtle 4 :[(-4,-4), (48,29), (48,28), (48,28), (47,28), (46,28), (46,28), (45,28), (44,28)]
Turtle 5 :[(-5,-5), (8,37), (8,37), (9,37), (8,37), (7,37), (6,37), (6,36), (5,36)]

Shrinking Run 84
#Info# Executed steps before collision: 9, Found collision: false
Turtle 1 :[(-1,-1), (33,20), (32,20), (31,20), (31,19), (31,18), (30,18), (-1,-1), (-1,-1), (-1,-1)]
Turtle 2 :[(-2,-2), (49,40), (48,40), (47,40), (47,39), (47,38), (47,37), (-2,-2), (-2,-2), (-2,-2)]
Turtle 3 :[(-3,-3), (8,40), (8,39), (8,38), (7,38), (7,37), (6,37), (-3,-3), (-3,-3), (-3,-3)]
Turtle 4 :[(-4,-4), (48,29), (48,28), (48,28), (47,28), (46,28), (46,28), (45,28), (44,28), (-4,-4)]
Turtle 5 :[(-5,-5), (8,37), (8,37), (8,37), (8,37), (8,37), (8,36), (7,36), (6,36), (5,36)]

Shrinking Run 85
#Info# Executed steps before collision: 10, Found collision: false
Turtle 1 :[(-1,-1), (33,20), (32,20), (31,20), (31,19), (31,18), (30,18), (-1,-1), (-1,-1), (-1,-1), (-1,-1)]
Turtle 2 :[(-2,-2), (49,40), (48,40), (47,40), (47,39), (47,38), (47,37), (-2,-2), (-2,-2), (-2,-2), (-2,-2)]
Turtle 3 :[(-3,-3), (8,40), (8,39), (8,38), (8,39), (8,38), (8,39), (8,38), (8,37), (8,36), (8,35)]
Turtle 4 :[(-4,-4), (48,29), (47,29), (47,29), (46,29), (45,29), (45,29), (44,29), (43,29), (-4,-4), (-4,-4)]
Turtle 5 :[(-5,-5), (8,37), (8,37), (8,37), (8,37), (8,37), (7,37), (6,37), (5,37), (5,37), (5,36)]

Shrinking Run 86
#Info# Executed steps before collision: 10, Found collision: false
Turtle 1 :[(-1,-1), (33,20), (32,20), (31,20), (31,19), (31,18), (30,18), (-1,-1), (-1,-1), (-1,-1), (-1,-1)]
Turtle 2 :[(-2,-2), (49,40), (48,40), (47,40), (47,39), (47,38), (47,37), (-2,-2), (-2,-2), (-2,-2), (-2,-2)]
Turtle 3 :[(-3,-3), (8,40), (8,39), (8,38), (9,38), (9,37), (9,36), (9,35), (8,35), (-3,-3), (-3,-3)]
Turtle 4 :[(-4,-4), (48,29), (47,29), (47,29), (46,29), (45,29), (45,29), (44,29), (44,28), (-4,-4), (-4,-4)]
Turtle 5 :[(-5,-5), (8,37), (8,37), (8,37), (8,37), (8,37), (7,37), (6,37), (5,37), (5,37), (5,36)]

Shrinking Run 87
#Info# Executed steps before collision: 10, Found collision: false
Turtle 1 :[(-1,-1), (33,20), (32,20), (31,20), (31,19), (31,18), (30,18), (-1,-1), (-1,-1), (-1,-1), (-1,-1)]
Turtle 2 :[(-2,-2), (49,40), (48,40), (47,40), (47,39), (47,38), (47,37), (-2,-2), (-2,-2), (-2,-2), (-2,-2)]
Turtle 3 :[(-3,-3), (8,40), (8,39), (8,38), (8,39), (8,38), (8,38), (8,37), (8,36), (8,35), (-3,-3)]
Turtle 4 :[(-4,-4), (48,29), (47,29), (47,28), (46,28), (45,28), (44,28), (-4,-4), (-4,-4), (-4,-4), (-4,-4)]
Turtle 5 :[(-5,-5), (8,37), (8,37), (8,37), (8,37), (8,37), (7,37), (6,37), (5,37), (5,37), (5,36)]

Shrinking Run 88
#Info# Executed steps before collision: 5, Found collision: true
Turtle 1 :[(-1,-1), (33,20), (32,20), (31,20), (31,19), (31,18), (30,18), (-1,-1), (-1,-1), (-1,-1)]
Turtle 2 :[(-2,-2), (49,40), (48,40), (47,40), (47,39), (47,38), (47,37), (-2,-2), (-2,-2), (-2,-2)]
Turtle 3 :[(-3,-3), (8,40), (8,39), (8,38), (8,38), (8,37), (8,36), (8,35), (-3,-3), (-3,-3)]
Turtle 4 :[(-4,-4), (48,29), (48,28), (48,28), (47,28), (46,28), (45,28), (44,28), (-4,-4), (-4,-4)]
Turtle 5 :[(-5,-5), (8,37), (8,37), (8,37), (8,37), (8,37), (7,37), (6,37), (5,37), (5,36)]

Shrinking Run 89
#Info# Executed steps before collision: 10, Found collision: false
Turtle 1 :[(-1,-1), (33,20), (32,20), (31,20), (31,19), (31,18), (30,18), (-1,-1), (-1,-1), (-1,-1), (-1,-1)]
Turtle 2 :[(-2,-2), (49,40), (48,40), (47,40), (47,39), (47,38), (47,37), (-2,-2), (-2,-2), (-2,-2), (-2,-2)]
Turtle 3 :[(-3,-3), (8,40), (8,39), (8,38), (8,39), (8,38), (9,38), (9,37), (9,36), (9,35), (8,35)]
Turtle 4 :[(-4,-4), (48,29), (47,29), (47,29), (46,29), (46,28), (45,28), (44,28), (-4,-4), (-4,-4), (-4,-4)]
Turtle 5 :[(-5,-5), (8,37), (8,37), (8,37), (8,37), (8,37), (7,37), (6,37), (5,37), (5,37), (5,36)]

Shrinking Run 90
#Info# Executed steps before collision: 5, Found collision: true
Turtle 1 :[(-1,-1), (33,20), (32,20), (31,20), (31,19), (31,18), (30,18), (-1,-1), (-1,-1), (-1,-1), (-1,-1), (-1,-1), (-1,-1)]
Turtle 2 :[(-2,-2), (49,40), (48,40), (47,40), (47,39), (47,38), (47,37), (-2,-2), (-2,-2), (-2,-2), (-2,-2), (-2,-2), (-2,-2)]
Turtle 3 :[(-3,-3), (8,40), (8,39), (8,38), (8,38), (8,37), (8,36), (8,35), (-3,-3), (-3,-3), (-3,-3), (-3,-3), (-3,-3)]
Turtle 4 :[(-4,-4), (48,29), (48,28), (47,28), (46,28), (46,28), (45,28), (44,28), (-4,-4), (-4,-4), (-4,-4), (-4,-4), (-4,-4)]
Turtle 5 :[(-5,-5), (8,37), (8,37), (8,37), (8,37), (8,37), (8,37), (8,37), (7,37), (6,37), (5,37), (5,37), (5,36)]

Shrinking Run 91
#Info# Executed steps before collision: 9, Found collision: false
Turtle 1 :[(-1,-1), (33,20), (32,20), (31,20), (31,19), (31,18), (30,18), (-1,-1), (-1,-1), (-1,-1)]
Turtle 2 :[(-2,-2), (49,40), (48,40), (47,40), (47,39), (47,38), (47,37), (-2,-2), (-2,-2), (-2,-2)]
Turtle 3 :[(-3,-3), (8,40), (8,39), (8,38), (8,38), (8,37), (8,38), (8,37), (8,36), (8,35)]
Turtle 4 :[(-4,-4), (48,29), (48,28), (47,28), (46,28), (45,28), (45,28), (44,28), (-4,-4), (-4,-4)]
Turtle 5 :[(-5,-5), (8,37), (8,37), (8,37), (8,37), (8,36), (7,36), (6,36), (5,36), (-5,-5)]

Shrinking Run 92
#Info# Executed steps before collision: 8, Found collision: false
Turtle 1 :[(-1,-1), (33,20), (32,20), (31,20), (31,19), (31,18), (30,18), (-1,-1), (-1,-1)]
Turtle 2 :[(-2,-2), (49,40), (48,40), (47,40), (47,39), (47,38), (47,37), (-2,-2), (-2,-2)]
Turtle 3 :[(-3,-3), (8,40), (8,39), (8,38), (8,37), (8,36), (8,35), (-3,-3), (-3,-3)]
Turtle 4 :[(-4,-4), (48,29), (48,28), (47,28), (46,28), (46,28), (45,28), (44,28), (-4,-4)]
Turtle 5 :[(-5,-5), (8,37), (7,37), (6,37), (6,37), (6,37), (5,37), (4,37), (4,36)]

Shrinking Run 93
#Info# Executed steps before collision: 8, Found collision: false
Turtle 1 :[(-1,-1), (33,20), (32,20), (31,20), (31,19), (31,18), (30,18), (-1,-1), (-1,-1)]
Turtle 2 :[(-2,-2), (49,40), (48,40), (47,40), (47,39), (47,38), (47,37), (-2,-2), (-2,-2)]
Turtle 3 :[(-3,-3), (8,40), (8,39), (8,38), (8,37), (8,36), (8,35), (-3,-3), (-3,-3)]
Turtle 4 :[(-4,-4), (48,29), (48,28), (47,28), (46,28), (46,28), (45,28), (44,28), (-4,-4)]
Turtle 5 :[(-5,-5), (8,37), (7,37), (7,36), (7,36), (7,36), (7,35), (6,35), (6,34)]

Shrinking Run 94
#Info# Executed steps before collision: 8, Found collision: false
Turtle 1 :[(-1,-1), (33,20), (32,20), (31,20), (31,19), (31,18), (30,18), (-1,-1), (-1,-1)]
Turtle 2 :[(-2,-2), (49,40), (48,40), (47,40), (47,39), (47,38), (47,37), (-2,-2), (-2,-2)]
Turtle 3 :[(-3,-3), (8,40), (8,39), (8,38), (8,37), (8,36), (8,35), (-3,-3), (-3,-3)]
Turtle 4 :[(-4,-4), (48,29), (48,28), (47,28), (46,28), (46,28), (45,28), (44,28), (-4,-4)]
Turtle 5 :[(-5,-5), (8,37), (7,37), (6,37), (6,37), (6,37), (6,36), (5,36), (5,35)]

Shrinking Run 95
#Info# Executed steps before collision: 7, Found collision: false
Turtle 1 :[(-1,-1), (33,20), (32,20), (31,20), (31,19), (31,18), (30,18), (-1,-1)]
Turtle 2 :[(-2,-2), (49,40), (48,40), (47,40), (47,39), (47,38), (47,37), (-2,-2)]
Turtle 3 :[(-3,-3), (8,40), (8,39), (8,38), (8,37), (8,36), (8,35), (-3,-3)]
Turtle 4 :[(-4,-4), (48,29), (48,28), (47,28), (46,28), (46,28), (45,28), (44,28)]
Turtle 5 :[(-5,-5), (8,37), (7,37), (6,37), (5,37), (5,36), (-5,-5), (-5,-5)]

Shrinking Run 96
#Info# Executed steps before collision: 7, Found collision: false
Turtle 1 :[(-1,-1), (33,20), (32,20), (31,20), (31,19), (31,18), (30,18), (-1,-1)]
Turtle 2 :[(-2,-2), (49,40), (48,40), (47,40), (47,39), (47,38), (47,37), (-2,-2)]
Turtle 3 :[(-3,-3), (8,40), (8,39), (8,38), (8,37), (8,36), (8,35), (-3,-3)]
Turtle 4 :[(-4,-4), (48,29), (48,28), (47,28), (46,28), (46,28), (45,28), (44,28)]
Turtle 5 :[(-5,-5), (8,37), (7,37), (6,37), (6,37), (5,37), (5,36), (-5,-5)]

Shrinking Run 97
#Info# Executed steps before collision: 7, Found collision: false
Turtle 1 :[(-1,-1), (33,20), (32,20), (31,20), (31,19), (31,18), (30,18), (-1,-1)]
Turtle 2 :[(-2,-2), (49,40), (48,40), (47,40), (47,39), (47,38), (47,37), (-2,-2)]
Turtle 3 :[(-3,-3), (8,40), (8,39), (8,38), (8,37), (8,36), (8,35), (-3,-3)]
Turtle 4 :[(-4,-4), (48,29), (48,28), (47,28), (46,28), (46,28), (45,28), (44,28)]
Turtle 5 :[(-5,-5), (8,37), (7,37), (6,37), (6,37), (6,37), (5,37), (5,36)]

Shrinking Run 98
#Info# Executed steps before collision: 9, Found collision: false
Turtle 1 :[(-1,-1), (33,20), (32,20), (31,20), (31,19), (31,18), (30,18), (-1,-1), (-1,-1), (-1,-1)]
Turtle 2 :[(-2,-2), (49,40), (48,40), (47,40), (47,39), (47,38), (47,37), (-2,-2), (-2,-2), (-2,-2)]
Turtle 3 :[(-3,-3), (8,40), (8,39), (8,38), (8,37), (8,36), (8,35), (-3,-3), (-3,-3), (-3,-3)]
Turtle 4 :[(-4,-4), (48,29), (48,28), (47,28), (46,28), (46,28), (45,28), (44,28), (-4,-4), (-4,-4)]
Turtle 5 :[(-5,-5), (8,37), (8,37), (7,37), (7,37), (7,37), (6,37), (5,37), (5,37), (5,36)]

Shrinking Run 99
#Info# Executed steps before collision: 8, Found collision: false
Turtle 1 :[(-1,-1), (33,20), (32,20), (31,20), (31,19), (31,18), (30,18), (-1,-1), (-1,-1)]
Turtle 2 :[(-2,-2), (49,40), (48,40), (47,40), (47,39), (47,38), (47,37), (-2,-2), (-2,-2)]
Turtle 3 :[(-3,-3), (8,40), (8,39), (8,38), (8,37), (8,36), (8,35), (-3,-3), (-3,-3)]
Turtle 4 :[(-4,-4), (48,29), (48,28), (47,28), (46,28), (46,28), (45,28), (44,28), (-4,-4)]
Turtle 5 :[(-5,-5), (8,37), (8,37), (7,37), (7,37), (7,37), (6,37), (5,37), (5,36)]

Shrinking Run 100
#Info# Executed steps before collision: 10, Found collision: false
Turtle 1 :[(-1,-1), (33,20), (32,20), (31,20), (31,19), (31,18), (30,18), (-1,-1), (-1,-1), (-1,-1), (-1,-1)]
Turtle 2 :[(-2,-2), (49,40), (48,40), (47,40), (47,39), (47,38), (47,37), (-2,-2), (-2,-2), (-2,-2), (-2,-2)]
Turtle 3 :[(-3,-3), (8,40), (8,39), (8,38), (8,37), (8,36), (8,35), (-3,-3), (-3,-3), (-3,-3), (-3,-3)]
Turtle 4 :[(-4,-4), (48,29), (48,28), (47,28), (46,28), (46,28), (45,28), (44,28), (-4,-4), (-4,-4), (-4,-4)]
Turtle 5 :[(-5,-5), (8,37), (7,37), (7,37), (7,37), (7,37), (6,37), (5,37), (5,37), (5,37), (5,36)]

Shrinking Run 101
#Info# Executed steps before collision: 10, Found collision: false
Turtle 1 :[(-1,-1), (33,20), (32,20), (31,20), (31,19), (31,18), (30,18), (-1,-1), (-1,-1), (-1,-1), (-1,-1)]
Turtle 2 :[(-2,-2), (49,40), (48,40), (47,40), (47,39), (47,38), (47,37), (-2,-2), (-2,-2), (-2,-2), (-2,-2)]
Turtle 3 :[(-3,-3), (8,40), (8,39), (8,38), (8,37), (8,36), (8,35), (-3,-3), (-3,-3), (-3,-3), (-3,-3)]
Turtle 4 :[(-4,-4), (48,29), (48,28), (47,28), (46,28), (46,28), (45,28), (44,28), (-4,-4), (-4,-4), (-4,-4)]
Turtle 5 :[(-5,-5), (8,37), (8,37), (7,37), (7,37), (7,37), (6,37), (5,37), (5,37), (5,37), (5,36)]

Shrinking Run 102
#Info# Executed steps before collision: 11, Found collision: false
Turtle 1 :[(-1,-1), (33,20), (32,20), (31,20), (31,19), (31,18), (30,18), (-1,-1), (-1,-1), (-1,-1), (-1,-1), (-1,-1)]
Turtle 2 :[(-2,-2), (49,40), (48,40), (47,40), (47,39), (47,38), (47,37), (-2,-2), (-2,-2), (-2,-2), (-2,-2), (-2,-2)]
Turtle 3 :[(-3,-3), (8,40), (8,39), (8,38), (9,38), (9,37), (9,36), (9,35), (8,35), (-3,-3), (-3,-3), (-3,-3)]
Turtle 4 :[(-4,-4), (48,29), (48,28), (47,28), (46,28), (46,28), (45,28), (44,28), (-4,-4), (-4,-4), (-4,-4), (-4,-4)]
Turtle 5 :[(-5,-5), (8,37), (8,37), (8,37), (8,37), (7,37), (7,37), (6,37), (5,37), (5,37), (5,37), (5,36)]

Shrinking Run 103
#Info# Executed steps before collision: 10, Found collision: false
Turtle 1 :[(-1,-1), (33,20), (32,20), (31,20), (31,19), (31,18), (30,18), (-1,-1), (-1,-1), (-1,-1), (-1,-1)]
Turtle 2 :[(-2,-2), (49,40), (48,40), (47,40), (47,39), (47,38), (47,37), (-2,-2), (-2,-2), (-2,-2), (-2,-2)]
Turtle 3 :[(-3,-3), (8,40), (8,39), (8,38), (8,39), (8,38), (8,37), (8,36), (8,35), (-3,-3), (-3,-3)]
Turtle 4 :[(-4,-4), (48,29), (48,28), (47,28), (46,28), (46,28), (45,28), (44,28), (-4,-4), (-4,-4), (-4,-4)]
Turtle 5 :[(-5,-5), (8,37), (8,37), (8,37), (8,37), (7,37), (6,37), (5,37), (5,37), (5,37), (5,36)]

Shrinking Run 104
#Info# Executed steps before collision: 9, Found collision: false
Turtle 1 :[(-1,-1), (33,20), (32,20), (32,20), (31,20), (31,20), (30,20), (30,19), (29,19), (-1,-1)]
Turtle 2 :[(-2,-2), (49,40), (48,40), (47,40), (47,39), (47,38), (47,37), (-2,-2), (-2,-2), (-2,-2)]
Turtle 3 :[(-3,-3), (8,40), (8,39), (8,38), (8,38), (8,37), (7,37), (8,37), (8,36), (8,35)]
Turtle 4 :[(-4,-4), (48,29), (48,28), (47,28), (46,28), (46,28), (45,28), (44,28), (-4,-4), (-4,-4)]
Turtle 5 :[(-5,-5), (8,37), (8,37), (8,37), (8,37), (8,36), (7,36), (6,36), (5,36), (-5,-5)]

Shrinking Run 105
#Info# Executed steps before collision: 8, Found collision: false
Turtle 1 :[(-1,-1), (33,20), (33,19), (33,19), (32,19), (32,19), (31,19), (30,19), (29,19)]
Turtle 2 :[(-2,-2), (49,40), (48,40), (47,40), (47,39), (47,38), (47,37), (-2,-2), (-2,-2)]
Turtle 3 :[(-3,-3), (8,40), (8,39), (8,38), (8,37), (8,36), (8,35), (-3,-3), (-3,-3)]
Turtle 4 :[(-4,-4), (48,29), (48,28), (47,28), (46,28), (46,28), (45,28), (44,28), (-4,-4)]
Turtle 5 :[(-5,-5), (8,37), (8,37), (8,36), (7,36), (6,36), (5,36), (-5,-5), (-5,-5)]

Shrinking Run 106
#Info# Executed steps before collision: 10, Found collision: false
Turtle 1 :[(-1,-1), (33,20), (32,20), (32,19), (31,19), (31,18), (30,18), (-1,-1), (-1,-1), (-1,-1), (-1,-1)]
Turtle 2 :[(-2,-2), (49,40), (48,40), (47,40), (47,39), (47,38), (47,37), (-2,-2), (-2,-2), (-2,-2), (-2,-2)]
Turtle 3 :[(-3,-3), (8,40), (8,39), (8,38), (8,39), (8,38), (8,38), (8,37), (8,36), (8,35), (-3,-3)]
Turtle 4 :[(-4,-4), (48,29), (48,28), (47,28), (46,28), (46,28), (45,28), (44,28), (-4,-4), (-4,-4), (-4,-4)]
Turtle 5 :[(-5,-5), (8,37), (8,37), (8,37), (8,37), (8,37), (7,37), (6,37), (5,37), (5,37), (5,36)]

Shrinking Run 107
#Info# Executed steps before collision: 10, Found collision: false
Turtle 1 :[(-1,-1), (33,20), (32,20), (31,20), (31,19), (31,18), (30,18), (-1,-1), (-1,-1), (-1,-1), (-1,-1)]
Turtle 2 :[(-2,-2), (49,40), (49,40), (49,40), (48,40), (48,39), (47,39), (47,39), (47,38), (47,37), (-2,-2)]
Turtle 3 :[(-3,-3), (8,40), (8,39), (8,38), (8,39), (8,38), (8,38), (8,37), (8,36), (8,35), (-3,-3)]
Turtle 4 :[(-4,-4), (48,29), (48,28), (47,28), (46,28), (46,28), (45,28), (44,28), (-4,-4), (-4,-4), (-4,-4)]
Turtle 5 :[(-5,-5), (8,37), (8,37), (8,37), (8,37), (8,37), (7,37), (6,37), (5,37), (5,37), (5,36)]

Shrinking Run 108
#Info# Executed steps before collision: 10, Found collision: false
Turtle 1 :[(-1,-1), (33,20), (32,20), (31,20), (31,19), (31,18), (30,18), (-1,-1), (-1,-1), (-1,-1), (-1,-1)]
Turtle 2 :[(-2,-2), (49,40), (49,40), (49,40), (49,39), (49,38), (48,38), (48,38), (47,38), (47,37), (-2,-2)]
Turtle 3 :[(-3,-3), (8,40), (8,39), (8,38), (9,38), (9,37), (9,36), (8,36), (8,35), (-3,-3), (-3,-3)]
Turtle 4 :[(-4,-4), (48,29), (48,28), (47,28), (46,28), (46,28), (45,28), (44,28), (-4,-4), (-4,-4), (-4,-4)]
Turtle 5 :[(-5,-5), (8,37), (8,37), (8,37), (8,37), (8,37), (7,37), (6,37), (5,37), (5,37), (5,36)]

Shrinking Run 109
#Info# Executed steps before collision: 7, Found collision: true
Turtle 1 :[(-1,-1), (33,20), (32,20), (31,20), (31,19), (31,18), (30,18), (-1,-1), (-1,-1), (-1,-1), (-1,-1)]
Turtle 2 :[(-2,-2), (49,40), (49,40), (49,40), (49,39), (48,39), (47,39), (47,39), (47,38), (46,38), (-2,-2)]
Turtle 3 :[(-3,-3), (8,40), (8,39), (8,38), (7,38), (7,37), (7,38), (7,37), (8,37), (8,36), (8,35)]
Turtle 4 :[(-4,-4), (48,29), (48,28), (47,28), (46,28), (46,28), (45,28), (44,28), (-4,-4), (-4,-4), (-4,-4)]
Turtle 5 :[(-5,-5), (8,37), (8,37), (8,37), (8,37), (8,37), (8,37), (7,37), (6,37), (5,37), (5,36)]

Shrinking Run 110
#Info# Executed steps before collision: 10, Found collision: false
Turtle 1 :[(-1,-1), (33,20), (32,20), (31,20), (31,19), (31,18), (30,18), (-1,-1), (-1,-1), (-1,-1), (-1,-1)]
Turtle 2 :[(-2,-2), (49,40), (48,40), (47,40), (47,39), (47,38), (46,38), (-2,-2), (-2,-2), (-2,-2), (-2,-2)]
Turtle 3 :[(-3,-3), (8,40), (8,39), (8,38), (9,38), (8,38), (8,38), (8,37), (8,36), (8,35), (-3,-3)]
Turtle 4 :[(-4,-4), (48,29), (48,28), (47,28), (46,28), (46,28), (45,28), (44,28), (-4,-4), (-4,-4), (-4,-4)]
Turtle 5 :[(-5,-5), (8,37), (8,37), (8,37), (8,37), (8,37), (7,37), (6,37), (5,37), (5,37), (5,36)]

Shrinking Run 111
#Info# Executed steps before collision: 9, Found collision: false
Turtle 1 :[(-1,-1), (33,20), (32,20), (31,20), (31,19), (31,18), (30,18), (-1,-1), (-1,-1), (-1,-1)]
Turtle 2 :[(-2,-2), (49,40), (49,40), (48,40), (48,39), (47,39), (47,38), (46,38), (-2,-2), (-2,-2)]
Turtle 3 :[(-3,-3), (8,40), (8,39), (8,38), (7,38), (7,37), (7,36), (7,35), (8,35), (-3,-3)]
Turtle 4 :[(-4,-4), (48,29), (48,28), (47,28), (46,28), (46,28), (45,28), (44,28), (-4,-4), (-4,-4)]
Turtle 5 :[(-5,-5), (8,37), (8,37), (8,37), (8,37), (8,37), (8,36), (7,36), (6,36), (5,36)]

Shrinking Run 112
#Info# Executed steps before collision: 10, Found collision: false
Turtle 1 :[(-1,-1), (33,20), (32,20), (31,20), (31,19), (31,18), (30,18), (-1,-1), (-1,-1), (-1,-1), (-1,-1)]
Turtle 2 :[(-2,-2), (49,40), (49,40), (49,40), (49,39), (48,39), (48,38), (47,38), (46,38), (-2,-2), (-2,-2)]
Turtle 3 :[(-3,-3), (8,40), (8,39), (8,38), (8,39), (8,38), (9,38), (8,38), (8,37), (8,36), (8,35)]
Turtle 4 :[(-4,-4), (48,29), (48,28), (47,28), (46,28), (46,28), (45,28), (44,28), (-4,-4), (-4,-4), (-4,-4)]
Turtle 5 :[(-5,-5), (8,37), (8,37), (8,37), (8,37), (8,37), (7,37), (6,37), (5,37), (5,37), (5,36)]

Shrinking Run 113
#Info# Executed steps before collision: 9, Found collision: false
Turtle 1 :[(-1,-1), (33,20), (32,20), (31,20), (31,19), (31,18), (30,18), (-1,-1), (-1,-1), (-1,-1)]
Turtle 2 :[(-2,-2), (49,40), (49,39), (49,39), (49,38), (49,38), (48,38), (48,38), (47,38), (46,38)]
Turtle 3 :[(-3,-3), (8,40), (8,39), (8,38), (7,38), (7,37), (7,36), (7,35), (8,35), (-3,-3)]
Turtle 4 :[(-4,-4), (48,29), (48,28), (47,28), (46,28), (46,28), (45,28), (44,28), (-4,-4), (-4,-4)]
Turtle 5 :[(-5,-5), (8,37), (8,37), (8,37), (8,37), (8,37), (7,37), (6,37), (6,36), (5,36)]

Shrinking Run 114
#Info# Executed steps before collision: 12, Found collision: false
Turtle 1 :[(-1,-1), (33,20), (32,20), (31,20), (31,19), (31,18), (30,18), (-1,-1), (-1,-1), (-1,-1), (-1,-1), (-1,-1), (-1,-1)]
Turtle 2 :[(-2,-2), (49,40), (48,40), (48,40), (48,39), (48,39), (47,39), (47,39), (47,38), (46,38), (-2,-2), (-2,-2), (-2,-2)]
Turtle 3 :[(-3,-3), (8,40), (8,39), (8,38), (7,38), (7,37), (7,36), (8,36), (8,35), (-3,-3), (-3,-3), (-3,-3), (-3,-3)]
Turtle 4 :[(-4,-4), (48,29), (48,28), (47,28), (46,28), (46,28), (45,28), (44,28), (-4,-4), (-4,-4), (-4,-4), (-4,-4), (-4,-4)]
Turtle 5 :[(-5,-5), (8,37), (8,37), (8,37), (8,37), (8,37), (8,37), (8,38), (7,38), (6,38), (6,37), (6,36), (5,36)]

Shrinking Run 115
#Info# Executed steps before collision: 11, Found collision: false
Turtle 1 :[(-1,-1), (33,20), (32,20), (31,20), (31,19), (31,18), (30,18), (-1,-1), (-1,-1), (-1,-1), (-1,-1), (-1,-1)]
Turtle 2 :[(-2,-2), (49,40), (49,40), (49,39), (49,38), (49,38), (48,38), (48,38), (47,38), (46,38), (-2,-2), (-2,-2)]
Turtle 3 :[(-3,-3), (8,40), (8,39), (8,38), (7,38), (7,37), (6,37), (6,36), (7,36), (7,35), (8,35), (-3,-3)]
Turtle 4 :[(-4,-4), (48,29), (48,28), (47,28), (46,28), (46,28), (45,28), (44,28), (-4,-4), (-4,-4), (-4,-4), (-4,-4)]
Turtle 5 :[(-5,-5), (8,37), (8,37), (8,37), (8,37), (8,37), (8,37), (7,37), (6,37), (5,37), (5,37), (5,36)]

Shrinking Run 116
#Info# Executed steps before collision: 10, Found collision: false
Turtle 1 :[(-1,-1), (33,20), (32,20), (31,20), (31,19), (31,18), (30,18), (-1,-1), (-1,-1), (-1,-1), (-1,-1)]
Turtle 2 :[(-2,-2), (49,40), (49,40), (48,40), (48,39), (48,39), (47,39), (47,39), (47,38), (46,38), (-2,-2)]
Turtle 3 :[(-3,-3), (8,40), (8,39), (8,38), (8,38), (8,37), (8,36), (8,35), (-3,-3), (-3,-3), (-3,-3)]
Turtle 4 :[(-4,-4), (48,29), (48,28), (47,28), (46,28), (46,28), (45,28), (44,28), (-4,-4), (-4,-4), (-4,-4)]
Turtle 5 :[(-5,-5), (8,37), (8,37), (8,37), (8,37), (9,37), (9,36), (8,36), (7,36), (6,36), (5,36)]

Shrinking Run 117
#Info# Executed steps before collision: 8, Found collision: true
Turtle 1 :[(-1,-1), (33,20), (32,20), (31,20), (31,19), (31,18), (30,18), (-1,-1), (-1,-1), (-1,-1), (-1,-1), (-1,-1)]
Turtle 2 :[(-2,-2), (49,40), (49,40), (49,40), (49,39), (49,38), (48,38), (48,38), (47,38), (46,38), (-2,-2), (-2,-2)]
Turtle 3 :[(-3,-3), (8,40), (8,39), (8,38), (7,38), (7,37), (7,36), (6,36), (6,36), (7,36), (7,35), (8,35)]
Turtle 4 :[(-4,-4), (48,29), (48,28), (47,28), (46,28), (46,28), (45,28), (44,28), (-4,-4), (-4,-4), (-4,-4), (-4,-4)]
Turtle 5 :[(-5,-5), (8,37), (8,37), (8,37), (8,37), (8,37), (8,36), (7,36), (6,36), (5,36), (-5,-5), (-5,-5)]

Shrinking Run 118
#Info# Executed steps before collision: 12, Found collision: false
Turtle 1 :[(-1,-1), (33,20), (32,20), (31,20), (31,19), (31,18), (30,18), (-1,-1), (-1,-1), (-1,-1), (-1,-1), (-1,-1), (-1,-1)]
Turtle 2 :[(-2,-2), (49,40), (49,40), (49,40), (49,39), (49,38), (48,38), (47,38), (47,38), (46,38), (-2,-2), (-2,-2), (-2,-2)]
Turtle 3 :[(-3,-3), (8,40), (8,39), (8,38), (8,38), (8,37), (8,36), (8,35), (-3,-3), (-3,-3), (-3,-3), (-3,-3), (-3,-3)]
Turtle 4 :[(-4,-4), (48,29), (48,28), (47,28), (46,28), (46,28), (45,28), (44,28), (-4,-4), (-4,-4), (-4,-4), (-4,-4), (-4,-4)]
Turtle 5 :[(-5,-5), (8,37), (8,37), (8,37), (8,37), (9,37), (10,37), (9,37), (8,37), (7,37), (6,37), (5,37), (5,36)]

Shrinking Run 119
#Info# Executed steps before collision: 9, Found collision: false
Turtle 1 :[(-1,-1), (33,20), (32,20), (31,20), (31,19), (31,18), (30,18), (-1,-1), (-1,-1), (-1,-1)]
Turtle 2 :[(-2,-2), (49,40), (49,40), (49,40), (49,39), (49,38), (48,38), (48,38), (47,38), (46,38)]
Turtle 3 :[(-3,-3), (8,40), (8,39), (8,38), (7,38), (7,37), (7,36), (-3,-3), (-3,-3), (-3,-3)]
Turtle 4 :[(-4,-4), (48,29), (48,28), (47,28), (46,28), (46,28), (45,28), (44,28), (-4,-4), (-4,-4)]
Turtle 5 :[(-5,-5), (8,37), (8,37), (8,37), (8,37), (8,37), (8,36), (7,36), (6,36), (5,36)]

Shrinking Run 120
#Info# Executed steps before collision: 3, Found collision: true
Turtle 1 :[(-1,-1), (33,20), (32,20), (31,20), (31,19), (31,18), (30,18), (-1,-1), (-1,-1), (-1,-1), (-1,-1)]
Turtle 2 :[(-2,-2), (49,40), (49,40), (49,40), (49,39), (49,38), (48,38), (48,38), (47,38), (46,38), (-2,-2)]
Turtle 3 :[(-3,-3), (8,40), (8,39), (8,38), (7,38), (7,37), (6,37), (-3,-3), (-3,-3), (-3,-3), (-3,-3)]
Turtle 4 :[(-4,-4), (48,29), (48,28), (47,28), (46,28), (46,28), (45,28), (44,28), (-4,-4), (-4,-4), (-4,-4)]
Turtle 5 :[(-5,-5), (8,37), (8,37), (8,38), (9,38), (8,38), (8,37), (7,37), (6,37), (5,37), (5,36)]

Shrinking Run 121
#Info# Executed steps before collision: 9, Found collision: false
Turtle 1 :[(-1,-1), (33,20), (32,20), (31,20), (31,19), (31,18), (30,18), (-1,-1), (-1,-1), (-1,-1)]
Turtle 2 :[(-2,-2), (49,40), (49,40), (49,40), (49,39), (49,38), (48,38), (48,38), (47,38), (46,38)]
Turtle 3 :[(-3,-3), (8,40), (8,39), (8,38), (8,37), (7,37), (6,37), (-3,-3), (-3,-3), (-3,-3)]
Turtle 4 :[(-4,-4), (48,29), (48,28), (47,28), (46,28), (46,28), (45,28), (44,28), (-4,-4), (-4,-4)]
Turtle 5 :[(-5,-5), (8,37), (8,37), (7,37), (7,36), (6,36), (5,36), (-5,-5), (-5,-5), (-5,-5)]

Shrinking Run 122
#Info# Executed steps before collision: 11, Found collision: false
Turtle 1 :[(-1,-1), (33,20), (32,20), (31,20), (31,19), (31,18), (30,18), (-1,-1), (-1,-1), (-1,-1), (-1,-1), (-1,-1)]
Turtle 2 :[(-2,-2), (49,40), (49,40), (49,40), (49,39), (49,38), (48,38), (48,38), (47,38), (46,38), (-2,-2), (-2,-2)]
Turtle 3 :[(-3,-3), (8,40), (8,39), (8,38), (7,38), (7,37), (6,37), (-3,-3), (-3,-3), (-3,-3), (-3,-3), (-3,-3)]
Turtle 4 :[(-4,-4), (48,29), (47,29), (47,29), (46,29), (45,29), (45,29), (44,29), (43,29), (-4,-4), (-4,-4), (-4,-4)]
Turtle 5 :[(-5,-5), (8,37), (8,37), (8,37), (8,37), (8,37), (9,37), (9,36), (8,36), (7,36), (6,36), (5,36)]

Shrinking Run 123
#Info# Executed steps before collision: 3, Found collision: true
Turtle 1 :[(-1,-1), (33,20), (32,20), (31,20), (31,19), (31,18), (30,18), (-1,-1), (-1,-1), (-1,-1)]
Turtle 2 :[(-2,-2), (49,40), (49,40), (49,40), (49,39), (49,38), (48,38), (48,38), (47,38), (46,38)]
Turtle 3 :[(-3,-3), (8,40), (8,39), (8,38), (7,38), (7,37), (6,37), (-3,-3), (-3,-3), (-3,-3)]
Turtle 4 :[(-4,-4), (48,29), (47,29), (47,29), (46,29), (45,29), (45,29), (44,29), (44,28), (-4,-4)]
Turtle 5 :[(-5,-5), (8,37), (8,37), (8,38), (7,38), (6,38), (5,38), (5,37), (5,36), (-5,-5)]

Shrinking Run 124
#Info# Executed steps before collision: 11, Found collision: false
Turtle 1 :[(-1,-1), (33,20), (32,20), (31,20), (31,19), (31,18), (30,18), (-1,-1), (-1,-1), (-1,-1), (-1,-1), (-1,-1)]
Turtle 2 :[(-2,-2), (49,40), (49,40), (49,40), (49,39), (49,38), (48,38), (48,38), (47,38), (46,38), (-2,-2), (-2,-2)]
Turtle 3 :[(-3,-3), (8,40), (8,39), (8,38), (7,38), (7,37), (6,37), (-3,-3), (-3,-3), (-3,-3), (-3,-3), (-3,-3)]
Turtle 4 :[(-4,-4), (48,29), (47,29), (46,29), (45,29), (44,29), (44,28), (-4,-4), (-4,-4), (-4,-4), (-4,-4), (-4,-4)]
Turtle 5 :[(-5,-5), (8,37), (8,37), (8,37), (8,37), (8,37), (9,37), (8,37), (7,37), (6,37), (6,36), (5,36)]

Shrinking Run 125
#Info# Executed steps before collision: 10, Found collision: false
Turtle 1 :[(-1,-1), (33,20), (32,20), (31,20), (31,19), (31,18), (30,18), (-1,-1), (-1,-1), (-1,-1), (-1,-1)]
Turtle 2 :[(-2,-2), (49,40), (49,40), (49,40), (49,39), (49,38), (48,38), (48,38), (47,38), (46,38), (-2,-2)]
Turtle 3 :[(-3,-3), (8,40), (8,39), (8,38), (7,38), (7,39), (7,38), (6,38), (6,38), (6,37), (-3,-3)]
Turtle 4 :[(-4,-4), (48,29), (47,29), (47,29), (46,29), (45,29), (44,29), (44,28), (-4,-4), (-4,-4), (-4,-4)]
Turtle 5 :[(-5,-5), (8,37), (8,37), (8,37), (8,37), (8,37), (7,37), (6,37), (5,37), (5,37), (5,36)]

Shrinking Run 126
#Info# Executed steps before collision: 10, Found collision: false
Turtle 1 :[(-1,-1), (33,20), (32,20), (31,20), (31,19), (31,18), (30,18), (-1,-1), (-1,-1), (-1,-1), (-1,-1)]
Turtle 2 :[(-2,-2), (49,40), (49,40), (49,40), (49,39), (49,38), (48,38), (48,38), (47,38), (46,38), (-2,-2)]
Turtle 3 :[(-3,-3), (8,40), (8,39), (8,38), (7,38), (6,38), (6,37), (-3,-3), (-3,-3), (-3,-3), (-3,-3)]
Turtle 4 :[(-4,-4), (48,29), (47,29), (46,29), (45,29), (45,29), (45,29), (44,29), (44,28), (-4,-4), (-4,-4)]
Turtle 5 :[(-5,-5), (8,37), (8,37), (8,37), (8,37), (8,37), (7,37), (6,37), (5,37), (5,37), (5,36)]

Shrinking Run 127
#Info# Executed steps before collision: 9, Found collision: false
Turtle 1 :[(-1,-1), (33,20), (32,20), (31,20), (31,19), (31,18), (30,18), (-1,-1), (-1,-1), (-1,-1)]
Turtle 2 :[(-2,-2), (49,40), (49,40), (49,40), (49,39), (49,38), (48,38), (48,38), (47,38), (46,38)]
Turtle 3 :[(-3,-3), (8,40), (8,39), (8,38), (7,38), (7,37), (6,37), (-3,-3), (-3,-3), (-3,-3)]
Turtle 4 :[(-4,-4), (48,29), (47,29), (47,29), (46,29), (45,29), (44,29), (44,29), (44,28), (-4,-4)]
Turtle 5 :[(-5,-5), (8,37), (8,37), (8,37), (8,37), (8,37), (8,36), (7,36), (6,36), (5,36)]

Shrinking Run 128
#Info# Executed steps before collision: 9, Found collision: false
Turtle 1 :[(-1,-1), (33,20), (32,20), (31,20), (31,19), (31,18), (30,18), (-1,-1), (-1,-1), (-1,-1)]
Turtle 2 :[(-2,-2), (49,40), (49,40), (49,40), (49,39), (49,38), (48,38), (48,38), (47,38), (46,38)]
Turtle 3 :[(-3,-3), (8,40), (8,39), (8,38), (7,38), (7,37), (7,38), (6,38), (6,37), (-3,-3)]
Turtle 4 :[(-4,-4), (48,29), (47,29), (47,29), (46,29), (45,29), (45,29), (44,29), (44,28), (-4,-4)]
Turtle 5 :[(-5,-5), (8,37), (7,37), (6,37), (6,37), (6,37), (5,37), (4,37), (4,36), (-5,-5)]

Shrinking Run 129
#Info# Executed steps before collision: 9, Found collision: false
Turtle 1 :[(-1,-1), (33,20), (32,20), (31,20), (31,19), (31,18), (30,18), (-1,-1), (-1,-1), (-1,-1)]
Turtle 2 :[(-2,-2), (49,40), (49,40), (49,40), (49,39), (49,38), (48,38), (48,38), (47,38), (46,38)]
Turtle 3 :[(-3,-3), (8,40), (8,39), (8,38), (7,38), (7,37), (6,37), (-3,-3), (-3,-3), (-3,-3)]
Turtle 4 :[(-4,-4), (48,29), (47,29), (47,29), (46,29), (45,29), (45,29), (44,29), (44,28), (-4,-4)]
Turtle 5 :[(-5,-5), (8,37), (7,37), (7,36), (7,36), (7,36), (7,35), (6,35), (6,34), (-5,-5)]

Shrinking Run 130
#Info# Executed steps before collision: 9, Found collision: false
Turtle 1 :[(-1,-1), (33,20), (32,20), (31,20), (31,19), (31,18), (30,18), (-1,-1), (-1,-1), (-1,-1)]
Turtle 2 :[(-2,-2), (49,40), (49,40), (49,40), (49,39), (49,38), (48,38), (48,38), (47,38), (46,38)]
Turtle 3 :[(-3,-3), (8,40), (8,39), (8,38), (7,38), (7,37), (7,38), (6,38), (6,37), (-3,-3)]
Turtle 4 :[(-4,-4), (48,29), (47,29), (47,29), (46,29), (45,29), (45,29), (44,29), (44,28), (-4,-4)]
Turtle 5 :[(-5,-5), (8,37), (7,37), (6,37), (6,37), (6,37), (6,36), (5,36), (5,35), (-5,-5)]

Shrinking Run 131
#Info# Executed steps before collision: 9, Found collision: false
Turtle 1 :[(-1,-1), (33,20), (32,20), (31,20), (31,19), (31,18), (30,18), (-1,-1), (-1,-1), (-1,-1)]
Turtle 2 :[(-2,-2), (49,40), (49,40), (49,40), (49,39), (49,38), (48,38), (48,38), (47,38), (46,38)]
Turtle 3 :[(-3,-3), (8,40), (8,39), (8,38), (7,38), (7,37), (6,37), (-3,-3), (-3,-3), (-3,-3)]
Turtle 4 :[(-4,-4), (48,29), (47,29), (47,29), (46,29), (45,29), (45,29), (44,29), (44,28), (-4,-4)]
Turtle 5 :[(-5,-5), (8,37), (7,37), (6,37), (5,37), (5,36), (-5,-5), (-5,-5), (-5,-5), (-5,-5)]

Shrinking Run 132
#Info# Executed steps before collision: 9, Found collision: false
Turtle 1 :[(-1,-1), (33,20), (32,20), (31,20), (31,19), (31,18), (30,18), (-1,-1), (-1,-1), (-1,-1)]
Turtle 2 :[(-2,-2), (49,40), (49,40), (49,40), (49,39), (49,38), (48,38), (48,38), (47,38), (46,38)]
Turtle 3 :[(-3,-3), (8,40), (8,39), (8,38), (7,38), (7,37), (6,37), (-3,-3), (-3,-3), (-3,-3)]
Turtle 4 :[(-4,-4), (48,29), (47,29), (47,29), (46,29), (45,29), (45,29), (44,29), (44,28), (-4,-4)]
Turtle 5 :[(-5,-5), (8,37), (7,37), (6,37), (6,37), (5,37), (5,36), (-5,-5), (-5,-5), (-5,-5)]

Shrinking Run 133
#Info# Executed steps before collision: 9, Found collision: false
Turtle 1 :[(-1,-1), (33,20), (32,20), (31,20), (31,19), (31,18), (30,18), (-1,-1), (-1,-1), (-1,-1)]
Turtle 2 :[(-2,-2), (49,40), (49,40), (49,40), (49,39), (49,38), (48,38), (48,38), (47,38), (46,38)]
Turtle 3 :[(-3,-3), (8,40), (8,39), (8,38), (7,38), (7,37), (7,36), (7,37), (6,37), (-3,-3)]
Turtle 4 :[(-4,-4), (48,29), (47,29), (47,29), (46,29), (45,29), (45,29), (44,29), (44,28), (-4,-4)]
Turtle 5 :[(-5,-5), (8,37), (7,37), (6,37), (6,37), (6,37), (5,37), (5,36), (-5,-5), (-5,-5)]

Shrinking Run 134
#Info# Executed steps before collision: 9, Found collision: false
Turtle 1 :[(-1,-1), (33,20), (32,20), (31,20), (31,19), (31,18), (30,18), (-1,-1), (-1,-1), (-1,-1)]
Turtle 2 :[(-2,-2), (49,40), (49,40), (49,40), (49,39), (49,38), (48,38), (48,38), (47,38), (46,38)]
Turtle 3 :[(-3,-3), (8,40), (8,39), (8,38), (7,38), (7,37), (6,37), (-3,-3), (-3,-3), (-3,-3)]
Turtle 4 :[(-4,-4), (48,29), (47,29), (47,29), (46,29), (45,29), (45,29), (44,29), (44,28), (-4,-4)]
Turtle 5 :[(-5,-5), (8,37), (8,37), (7,37), (7,37), (7,36), (6,36), (5,36), (-5,-5), (-5,-5)]

Shrinking Run 135
#Info# Executed steps before collision: 9, Found collision: false
Turtle 1 :[(-1,-1), (33,20), (32,20), (31,20), (31,19), (31,18), (30,18), (-1,-1), (-1,-1), (-1,-1)]
Turtle 2 :[(-2,-2), (49,40), (49,40), (49,40), (49,39), (49,38), (48,38), (48,38), (47,38), (46,38)]
Turtle 3 :[(-3,-3), (8,40), (8,39), (8,38), (7,38), (7,37), (7,38), (6,38), (6,37), (-3,-3)]
Turtle 4 :[(-4,-4), (48,29), (47,29), (47,29), (46,29), (45,29), (45,29), (44,29), (44,28), (-4,-4)]
Turtle 5 :[(-5,-5), (8,37), (8,37), (7,37), (7,37), (6,37), (5,37), (5,36), (-5,-5), (-5,-5)]

Shrinking Run 136
#Info# Executed steps before collision: 5, Found collision: true
Turtle 1 :[(-1,-1), (33,20), (32,20), (31,20), (31,19), (31,18), (30,18), (-1,-1), (-1,-1), (-1,-1)]
Turtle 2 :[(-2,-2), (49,40), (49,40), (49,40), (49,39), (49,38), (48,38), (48,38), (47,38), (46,38)]
Turtle 3 :[(-3,-3), (8,40), (8,39), (8,38), (7,38), (7,37), (6,37), (-3,-3), (-3,-3), (-3,-3)]
Turtle 4 :[(-4,-4), (48,29), (47,29), (47,29), (46,29), (45,29), (45,29), (44,29), (44,28), (-4,-4)]
Turtle 5 :[(-5,-5), (8,37), (7,37), (7,37), (7,37), (7,37), (7,36), (6,36), (5,36), (-5,-5)]

Shrinking Run 137
#Info# Executed steps before collision: 9, Found collision: false
Turtle 1 :[(-1,-1), (33,20), (32,20), (31,20), (31,19), (31,18), (30,18), (-1,-1), (-1,-1), (-1,-1)]
Turtle 2 :[(-2,-2), (49,40), (49,40), (49,40), (49,39), (49,38), (48,38), (48,38), (47,38), (46,38)]
Turtle 3 :[(-3,-3), (8,40), (8,39), (8,38), (7,38), (7,37), (7,37), (7,37), (6,37), (-3,-3)]
Turtle 4 :[(-4,-4), (48,29), (47,29), (47,29), (46,29), (45,29), (45,29), (44,29), (44,28), (-4,-4)]
Turtle 5 :[(-5,-5), (8,37), (7,37), (6,37), (6,37), (6,37), (6,37), (5,37), (5,36), (-5,-5)]

Shrinking Run 138
#Info# Executed steps before collision: 10, Found collision: false
Turtle 1 :[(-1,-1), (33,20), (32,20), (31,20), (31,19), (31,18), (30,18), (-1,-1), (-1,-1), (-1,-1), (-1,-1)]
Turtle 2 :[(-2,-2), (49,40), (49,40), (49,40), (49,39), (49,38), (48,38), (48,38), (47,38), (46,38), (-2,-2)]
Turtle 3 :[(-3,-3), (8,40), (8,39), (8,38), (7,38), (8,38), (8,37), (7,37), (6,37), (-3,-3), (-3,-3)]
Turtle 4 :[(-4,-4), (48,29), (47,29), (47,29), (46,29), (45,29), (45,29), (44,29), (44,28), (-4,-4), (-4,-4)]
Turtle 5 :[(-5,-5), (8,37), (7,37), (7,37), (6,37), (6,37), (6,37), (5,37), (5,37), (5,37), (5,36)]

Shrinking Run 139
#Info# Executed steps before collision: 11, Found collision: false
Turtle 1 :[(-1,-1), (33,20), (32,20), (31,20), (31,19), (31,18), (30,18), (-1,-1), (-1,-1), (-1,-1), (-1,-1), (-1,-1)]
Turtle 2 :[(-2,-2), (49,40), (49,40), (49,40), (49,39), (49,38), (48,38), (48,38), (47,38), (46,38), (-2,-2), (-2,-2)]
Turtle 3 :[(-3,-3), (8,40), (8,39), (8,38), (7,38), (7,37), (7,38), (6,38), (6,37), (-3,-3), (-3,-3), (-3,-3)]
Turtle 4 :[(-4,-4), (48,29), (47,29), (47,29), (46,29), (45,29), (45,29), (44,29), (44,28), (-4,-4), (-4,-4), (-4,-4)]
Turtle 5 :[(-5,-5), (8,37), (7,37), (7,37), (7,37), (6,37), (6,37), (5,37), (5,37), (5,37), (5,37), (5,36)]

Shrinking Run 140
#Info# Executed steps before collision: 5, Found collision: true
Turtle 1 :[(-1,-1), (33,20), (32,20), (32,20), (31,20), (31,20), (30,20), (30,19), (29,19), (-1,-1), (-1,-1), (-1,-1), (-1,-1)]
Turtle 2 :[(-2,-2), (49,40), (49,40), (49,40), (49,39), (49,38), (48,38), (48,38), (47,38), (46,38), (-2,-2), (-2,-2), (-2,-2)]
Turtle 3 :[(-3,-3), (8,40), (8,39), (8,38), (7,38), (7,37), (6,37), (-3,-3), (-3,-3), (-3,-3), (-3,-3), (-3,-3), (-3,-3)]
Turtle 4 :[(-4,-4), (48,29), (47,29), (47,29), (46,29), (45,29), (45,29), (44,29), (44,28), (-4,-4), (-4,-4), (-4,-4), (-4,-4)]
Turtle 5 :[(-5,-5), (8,37), (7,37), (7,37), (7,37), (7,37), (8,37), (8,38), (7,38), (7,37), (6,37), (6,36), (5,36)]

Shrinking Run 141
#Info# Executed steps before collision: 5, Found collision: true
Turtle 1 :[(-1,-1), (33,20), (32,20), (32,20), (31,20), (31,20), (30,20), (29,20), (28,20), (-1,-1)]
Turtle 2 :[(-2,-2), (49,40), (49,40), (49,40), (49,39), (49,38), (48,38), (48,38), (47,38), (46,38)]
Turtle 3 :[(-3,-3), (8,40), (8,39), (8,38), (7,38), (7,37), (6,37), (-3,-3), (-3,-3), (-3,-3)]
Turtle 4 :[(-4,-4), (48,29), (47,29), (47,29), (46,29), (45,29), (45,29), (44,29), (44,28), (-4,-4)]
Turtle 5 :[(-5,-5), (8,37), (7,37), (7,37), (7,37), (7,37), (7,36), (6,36), (5,36), (-5,-5)]

Shrinking Run 142
#Info# Executed steps before collision: 5, Found collision: true
Turtle 1 :[(-1,-1), (33,20), (32,20), (31,20), (30,20), (29,20), (28,20), (-1,-1), (-1,-1), (-1,-1), (-1,-1), (-1,-1)]
Turtle 2 :[(-2,-2), (49,40), (49,40), (49,40), (49,39), (49,38), (48,38), (48,38), (47,38), (46,38), (-2,-2), (-2,-2)]
Turtle 3 :[(-3,-3), (8,40), (8,39), (8,38), (7,38), (7,37), (6,37), (-3,-3), (-3,-3), (-3,-3), (-3,-3), (-3,-3)]
Turtle 4 :[(-4,-4), (48,29), (47,29), (47,29), (46,29), (45,29), (45,29), (44,29), (44,28), (-4,-4), (-4,-4), (-4,-4)]
Turtle 5 :[(-5,-5), (8,37), (7,37), (7,37), (7,37), (7,37), (7,37), (7,38), (7,37), (6,37), (6,36), (5,36)]

Shrinking Run 143
#Info# Executed steps before collision: 5, Found collision: true
Turtle 1 :[(-1,-1), (33,20), (32,20), (31,20), (30,20), (29,20), (28,20), (-1,-1), (-1,-1), (-1,-1), (-1,-1)]
Turtle 2 :[(-2,-2), (49,40), (49,40), (49,40), (48,40), (48,39), (47,39), (47,39), (47,38), (47,37), (-2,-2)]
Turtle 3 :[(-3,-3), (8,40), (8,39), (8,38), (7,38), (7,37), (6,37), (-3,-3), (-3,-3), (-3,-3), (-3,-3)]
Turtle 4 :[(-4,-4), (48,29), (47,29), (47,29), (46,29), (45,29), (45,29), (44,29), (44,28), (-4,-4), (-4,-4)]
Turtle 5 :[(-5,-5), (8,37), (7,37), (7,37), (7,37), (7,37), (7,38), (7,37), (7,36), (6,36), (5,36)]

Shrinking Run 144
#Info# Executed steps before collision: 9, Found collision: false
Turtle 1 :[(-1,-1), (33,20), (32,20), (31,20), (30,20), (29,20), (28,20), (-1,-1), (-1,-1), (-1,-1)]
Turtle 2 :[(-2,-2), (49,40), (49,40), (49,40), (48,40), (48,39), (47,39), (47,39), (46,39), (46,38)]
Turtle 3 :[(-3,-3), (8,40), (8,39), (8,38), (7,38), (7,37), (6,37), (-3,-3), (-3,-3), (-3,-3)]
Turtle 4 :[(-4,-4), (48,29), (47,29), (47,29), (46,29), (45,29), (45,29), (44,29), (44,28), (-4,-4)]
Turtle 5 :[(-5,-5), (8,37), (7,37), (7,37), (7,37), (7,36), (6,36), (5,36), (-5,-5), (-5,-5)]

Shrinking Run 145
#Info# Executed steps before collision: 9, Found collision: false
Turtle 1 :[(-1,-1), (33,20), (32,20), (31,20), (30,20), (29,20), (28,20), (-1,-1), (-1,-1), (-1,-1)]
Turtle 2 :[(-2,-2), (49,40), (49,40), (49,40), (48,40), (47,40), (46,40), (46,40), (46,39), (46,38)]
Turtle 3 :[(-3,-3), (8,40), (8,39), (8,38), (7,38), (7,37), (8,37), (7,37), (6,37), (-3,-3)]
Turtle 4 :[(-4,-4), (48,29), (47,29), (47,29), (46,29), (45,29), (45,29), (44,29), (44,28), (-4,-4)]
Turtle 5 :[(-5,-5), (8,37), (7,37), (7,37), (7,37), (6,37), (6,36), (5,36), (-5,-5), (-5,-5)]

Shrinking Run 146
#Info# Executed steps before collision: 9, Found collision: false
Turtle 1 :[(-1,-1), (33,20), (32,20), (31,20), (30,20), (29,20), (28,20), (-1,-1), (-1,-1), (-1,-1)]
Turtle 2 :[(-2,-2), (49,40), (49,40), (49,40), (48,40), (48,39), (47,39), (47,39), (47,38), (46,38)]
Turtle 3 :[(-3,-3), (8,40), (8,39), (8,38), (7,38), (7,37), (8,37), (7,37), (6,37), (-3,-3)]
Turtle 4 :[(-4,-4), (48,29), (47,29), (47,29), (46,29), (45,29), (45,29), (44,29), (44,28), (-4,-4)]
Turtle 5 :[(-5,-5), (8,37), (7,37), (7,37), (7,37), (6,37), (6,36), (5,36), (-5,-5), (-5,-5)]

Shrinking Run 147
#Info# Executed steps before collision: 5, Found collision: true
Turtle 1 :[(-1,-1), (33,20), (32,20), (31,20), (30,20), (29,20), (28,20), (-1,-1), (-1,-1)]
Turtle 2 :[(-2,-2), (49,40), (49,39), (48,39), (47,39), (47,38), (47,37), (-2,-2), (-2,-2)]
Turtle 3 :[(-3,-3), (8,40), (8,39), (8,38), (7,38), (7,37), (6,37), (-3,-3), (-3,-3)]
Turtle 4 :[(-4,-4), (48,29), (47,29), (47,29), (46,29), (45,29), (45,29), (44,29), (44,28)]
Turtle 5 :[(-5,-5), (8,37), (7,37), (7,37), (7,37), (7,37), (7,36), (6,36), (5,36)]

Shrinking Run 148
#Info# Executed steps before collision: 9, Found collision: false
Turtle 1 :[(-1,-1), (33,20), (32,20), (31,20), (30,20), (29,20), (28,20), (-1,-1), (-1,-1), (-1,-1)]
Turtle 2 :[(-2,-2), (49,40), (48,40), (48,39), (48,38), (47,38), (47,37), (-2,-2), (-2,-2), (-2,-2)]
Turtle 3 :[(-3,-3), (8,40), (8,39), (8,38), (7,38), (7,37), (6,37), (-3,-3), (-3,-3), (-3,-3)]
Turtle 4 :[(-4,-4), (48,29), (47,29), (47,29), (46,29), (45,29), (45,29), (44,29), (44,28), (-4,-4)]
Turtle 5 :[(-5,-5), (8,37), (7,37), (7,37), (7,37), (8,37), (8,36), (7,36), (6,36), (5,36)]

Shrinking Run 149
#Info# Executed steps before collision: 8, Found collision: false
Turtle 1 :[(-1,-1), (33,20), (32,20), (31,20), (30,20), (29,20), (28,20), (-1,-1), (-1,-1)]
Turtle 2 :[(-2,-2), (49,40), (48,40), (48,39), (47,39), (47,38), (47,37), (-2,-2), (-2,-2)]
Turtle 3 :[(-3,-3), (8,40), (8,39), (8,38), (7,38), (7,37), (7,36), (7,37), (6,37)]
Turtle 4 :[(-4,-4), (48,29), (47,29), (47,29), (46,29), (45,29), (45,29), (44,29), (44,28)]
Turtle 5 :[(-5,-5), (8,37), (7,37), (7,37), (7,37), (6,37), (5,37), (5,36), (-5,-5)]

Shrinking Run 150
#Info# Executed steps before collision: 5, Found collision: true
Turtle 1 :[(-1,-1), (33,20), (32,20), (31,20), (30,20), (29,20), (28,20), (-1,-1), (-1,-1), (-1,-1), (-1,-1)]
Turtle 2 :[(-2,-2), (49,40), (49,39), (48,39), (48,38), (47,38), (47,37), (-2,-2), (-2,-2), (-2,-2), (-2,-2)]
Turtle 3 :[(-3,-3), (8,40), (8,39), (8,38), (7,38), (7,37), (6,37), (-3,-3), (-3,-3), (-3,-3), (-3,-3)]
Turtle 4 :[(-4,-4), (48,29), (47,29), (47,29), (46,29), (45,29), (45,29), (44,29), (44,28), (-4,-4), (-4,-4)]
Turtle 5 :[(-5,-5), (8,37), (7,37), (7,37), (7,37), (7,37), (8,37), (8,36), (7,36), (6,36), (5,36)]

Shrinking Run 151
#Info# Executed steps before collision: 9, Found collision: false
Turtle 1 :[(-1,-1), (33,20), (32,20), (31,20), (30,20), (29,20), (28,20), (-1,-1), (-1,-1), (-1,-1)]
Turtle 2 :[(-2,-2), (49,40), (49,39), (48,39), (48,38), (47,38), (47,37), (-2,-2), (-2,-2), (-2,-2)]
Turtle 3 :[(-3,-3), (8,40), (8,39), (8,38), (7,38), (7,37), (7,36), (-3,-3), (-3,-3), (-3,-3)]
Turtle 4 :[(-4,-4), (48,29), (47,29), (47,29), (46,29), (45,29), (45,29), (44,29), (44,28), (-4,-4)]
Turtle 5 :[(-5,-5), (8,37), (7,37), (7,37), (7,37), (8,37), (7,37), (7,36), (6,36), (5,36)]

Shrinking Run 152
#Info# Executed steps before collision: 8, Found collision: false
Turtle 1 :[(-1,-1), (33,20), (32,20), (31,20), (30,20), (29,20), (28,20), (-1,-1), (-1,-1)]
Turtle 2 :[(-2,-2), (49,40), (49,39), (48,39), (48,38), (47,38), (47,37), (-2,-2), (-2,-2)]
Turtle 3 :[(-3,-3), (8,40), (8,39), (8,38), (8,37), (7,37), (8,37), (7,37), (6,37)]
Turtle 4 :[(-4,-4), (48,29), (47,29), (47,29), (46,29), (45,29), (45,29), (44,29), (44,28)]
Turtle 5 :[(-5,-5), (8,37), (7,37), (7,37), (7,37), (6,37), (5,37), (5,36), (-5,-5)]

Shrinking Run 153
#Info# Executed steps before collision: 10, Found collision: false
Turtle 1 :[(-1,-1), (33,20), (32,20), (31,20), (30,20), (29,20), (28,20), (-1,-1), (-1,-1), (-1,-1), (-1,-1)]
Turtle 2 :[(-2,-2), (49,40), (49,39), (48,39), (48,38), (47,38), (47,37), (-2,-2), (-2,-2), (-2,-2), (-2,-2)]
Turtle 3 :[(-3,-3), (8,40), (8,39), (8,38), (7,38), (7,37), (6,37), (-3,-3), (-3,-3), (-3,-3), (-3,-3)]
Turtle 4 :[(-4,-4), (48,29), (47,29), (47,29), (46,29), (45,29), (45,29), (44,29), (43,29), (-4,-4), (-4,-4)]
Turtle 5 :[(-5,-5), (8,37), (7,37), (7,37), (7,37), (8,37), (8,37), (7,37), (6,37), (6,36), (5,36)]

Shrinking Run 154
#Info# Executed steps before collision: 11, Found collision: false
Turtle 1 :[(-1,-1), (33,20), (32,20), (31,20), (30,20), (29,20), (28,20), (-1,-1), (-1,-1), (-1,-1), (-1,-1), (-1,-1)]
Turtle 2 :[(-2,-2), (49,40), (49,39), (48,39), (48,38), (47,38), (47,37), (-2,-2), (-2,-2), (-2,-2), (-2,-2), (-2,-2)]
Turtle 3 :[(-3,-3), (8,40), (8,39), (8,38), (7,38), (7,37), (6,37), (-3,-3), (-3,-3), (-3,-3), (-3,-3), (-3,-3)]
Turtle 4 :[(-4,-4), (48,29), (47,29), (46,29), (45,29), (44,29), (44,28), (-4,-4), (-4,-4), (-4,-4), (-4,-4), (-4,-4)]
Turtle 5 :[(-5,-5), (8,37), (7,37), (7,37), (7,37), (8,37), (8,38), (8,37), (8,36), (7,36), (6,36), (5,36)]

Shrinking Run 155
#Info# Executed steps before collision: 8, Found collision: false
Turtle 1 :[(-1,-1), (33,20), (32,20), (31,20), (30,20), (29,20), (28,20), (-1,-1), (-1,-1)]
Turtle 2 :[(-2,-2), (49,40), (49,39), (48,39), (48,38), (47,38), (47,37), (-2,-2), (-2,-2)]
Turtle 3 :[(-3,-3), (8,40), (8,39), (8,38), (7,38), (7,37), (8,37), (7,37), (6,37)]
Turtle 4 :[(-4,-4), (48,29), (47,29), (47,29), (46,29), (45,29), (44,29), (44,28), (-4,-4)]
Turtle 5 :[(-5,-5), (8,37), (7,37), (7,37), (7,37), (6,37), (6,36), (5,36), (-5,-5)]

Shrinking Run 156
#Info# Executed steps before collision: 8, Found collision: false
Turtle 1 :[(-1,-1), (33,20), (32,20), (31,20), (30,20), (29,20), (28,20), (-1,-1), (-1,-1)]
Turtle 2 :[(-2,-2), (49,40), (49,39), (48,39), (48,38), (47,38), (47,37), (-2,-2), (-2,-2)]
Turtle 3 :[(-3,-3), (8,40), (8,39), (8,38), (7,38), (7,37), (6,37), (-3,-3), (-3,-3)]
Turtle 4 :[(-4,-4), (48,29), (47,29), (46,29), (45,29), (45,29), (45,29), (44,29), (44,28)]
Turtle 5 :[(-5,-5), (8,37), (7,37), (7,37), (7,37), (7,36), (6,36), (5,36), (-5,-5)]

Shrinking Run 157
#Info# Executed steps before collision: 8, Found collision: false
Turtle 1 :[(-1,-1), (33,20), (32,20), (31,20), (30,20), (29,20), (28,20), (-1,-1), (-1,-1)]
Turtle 2 :[(-2,-2), (49,40), (49,39), (48,39), (48,38), (47,38), (47,37), (-2,-2), (-2,-2)]
Turtle 3 :[(-3,-3), (8,40), (8,39), (8,38), (7,38), (7,37), (6,37), (-3,-3), (-3,-3)]
Turtle 4 :[(-4,-4), (48,29), (47,29), (47,29), (46,29), (45,29), (44,29), (44,29), (44,28)]
Turtle 5 :[(-5,-5), (8,37), (7,37), (7,37), (7,37), (7,36), (6,36), (5,36), (-5,-5)]

Shrinking Run 158
#Info# Executed steps before collision: 8, Found collision: false
Turtle 1 :[(-1,-1), (33,20), (32,20), (31,20), (30,20), (29,20), (28,20), (-1,-1), (-1,-1)]
Turtle 2 :[(-2,-2), (49,40), (49,39), (48,39), (48,38), (47,38), (47,37), (-2,-2), (-2,-2)]
Turtle 3 :[(-3,-3), (8,40), (8,39), (8,38), (7,38), (7,37), (7,38), (7,37), (6,37)]
Turtle 4 :[(-4,-4), (48,29), (47,29), (47,29), (46,29), (45,29), (45,29), (44,29), (44,28)]
Turtle 5 :[(-5,-5), (8,37), (7,37), (6,37), (6,37), (6,37), (5,37), (4,37), (4,36)]

Shrinking Run 159
#Info# Executed steps before collision: 8, Found collision: false
Turtle 1 :[(-1,-1), (33,20), (32,20), (31,20), (30,20), (29,20), (28,20), (-1,-1), (-1,-1)]
Turtle 2 :[(-2,-2), (49,40), (49,39), (48,39), (48,38), (47,38), (47,37), (-2,-2), (-2,-2)]
Turtle 3 :[(-3,-3), (8,40), (8,39), (8,38), (7,38), (7,37), (6,37), (-3,-3), (-3,-3)]
Turtle 4 :[(-4,-4), (48,29), (47,29), (47,29), (46,29), (45,29), (45,29), (44,29), (44,28)]
Turtle 5 :[(-5,-5), (8,37), (7,37), (7,36), (7,36), (7,36), (7,35), (6,35), (6,34)]

Shrinking Run 160
#Info# Executed steps before collision: 8, Found collision: false
Turtle 1 :[(-1,-1), (33,20), (32,20), (31,20), (30,20), (29,20), (28,20), (-1,-1), (-1,-1)]
Turtle 2 :[(-2,-2), (49,40), (49,39), (48,39), (48,38), (47,38), (47,37), (-2,-2), (-2,-2)]
Turtle 3 :[(-3,-3), (8,40), (8,39), (8,38), (7,38), (7,37), (7,37), (6,37), (-3,-3)]
Turtle 4 :[(-4,-4), (48,29), (47,29), (47,29), (46,29), (45,29), (45,29), (44,29), (44,28)]
Turtle 5 :[(-5,-5), (8,37), (7,37), (6,37), (6,37), (6,37), (6,36), (5,36), (5,35)]

Shrinking Run 161
#Info# Executed steps before collision: 8, Found collision: false
Turtle 1 :[(-1,-1), (33,20), (32,20), (31,20), (30,20), (29,20), (28,20), (-1,-1), (-1,-1)]
Turtle 2 :[(-2,-2), (49,40), (49,39), (48,39), (48,38), (47,38), (47,37), (-2,-2), (-2,-2)]
Turtle 3 :[(-3,-3), (8,40), (8,39), (8,38), (7,38), (7,37), (6,37), (-3,-3), (-3,-3)]
Turtle 4 :[(-4,-4), (48,29), (47,29), (47,29), (46,29), (45,29), (45,29), (44,29), (44,28)]
Turtle 5 :[(-5,-5), (8,37), (7,37), (6,37), (5,37), (5,36), (-5,-5), (-5,-5), (-5,-5)]

Shrinking Run 162
#Info# Executed steps before collision: 8, Found collision: false
Turtle 1 :[(-1,-1), (33,20), (32,20), (31,20), (30,20), (29,20), (28,20), (-1,-1), (-1,-1)]
Turtle 2 :[(-2,-2), (49,40), (49,39), (48,39), (48,38), (47,38), (47,37), (-2,-2), (-2,-2)]
Turtle 3 :[(-3,-3), (8,40), (8,39), (8,38), (7,38), (7,37), (6,37), (-3,-3), (-3,-3)]
Turtle 4 :[(-4,-4), (48,29), (47,29), (47,29), (46,29), (45,29), (45,29), (44,29), (44,28)]
Turtle 5 :[(-5,-5), (8,37), (7,37), (6,37), (6,37), (5,37), (5,36), (-5,-5), (-5,-5)]

Shrinking Run 163
#Info# Executed steps before collision: 8, Found collision: false
Turtle 1 :[(-1,-1), (33,20), (32,20), (31,20), (30,20), (29,20), (28,20), (-1,-1), (-1,-1)]
Turtle 2 :[(-2,-2), (49,40), (49,39), (48,39), (48,38), (47,38), (47,37), (-2,-2), (-2,-2)]
Turtle 3 :[(-3,-3), (8,40), (8,39), (8,38), (7,38), (7,38), (7,37), (6,37), (-3,-3)]
Turtle 4 :[(-4,-4), (48,29), (47,29), (47,29), (46,29), (45,29), (45,29), (44,29), (44,28)]
Turtle 5 :[(-5,-5), (8,37), (7,37), (6,37), (6,37), (6,37), (5,37), (5,36), (-5,-5)]

Shrinking Run 164
#Info# Executed steps before collision: 8, Found collision: false
Turtle 1 :[(-1,-1), (33,20), (32,20), (31,20), (30,20), (29,20), (28,20), (-1,-1), (-1,-1)]
Turtle 2 :[(-2,-2), (49,40), (49,39), (48,39), (48,38), (47,38), (47,37), (-2,-2), (-2,-2)]
Turtle 3 :[(-3,-3), (8,40), (8,39), (8,38), (7,38), (7,37), (7,37), (6,37), (-3,-3)]
Turtle 4 :[(-4,-4), (48,29), (47,29), (47,29), (46,29), (45,29), (45,29), (44,29), (44,28)]
Turtle 5 :[(-5,-5), (8,37), (8,37), (7,37), (7,37), (6,37), (6,36), (5,36), (-5,-5)]

Shrinking Run 165
#Info# Executed steps before collision: 8, Found collision: false
Turtle 1 :[(-1,-1), (33,20), (32,20), (31,20), (30,20), (29,20), (28,20), (-1,-1), (-1,-1)]
Turtle 2 :[(-2,-2), (49,40), (49,39), (48,39), (48,38), (47,38), (47,37), (-2,-2), (-2,-2)]
Turtle 3 :[(-3,-3), (8,40), (8,39), (8,38), (7,38), (7,37), (6,37), (-3,-3), (-3,-3)]
Turtle 4 :[(-4,-4), (48,29), (47,29), (47,29), (46,29), (45,29), (45,29), (44,29), (44,28)]
Turtle 5 :[(-5,-5), (8,37), (8,37), (7,37), (7,37), (7,36), (6,36), (5,36), (-5,-5)]

Shrinking Run 166
#Info# Executed steps before collision: 10, Found collision: false
Turtle 1 :[(-1,-1), (33,20), (32,20), (31,20), (30,20), (29,20), (28,20), (-1,-1), (-1,-1), (-1,-1), (-1,-1)]
Turtle 2 :[(-2,-2), (49,40), (49,39), (48,39), (48,38), (47,38), (47,37), (-2,-2), (-2,-2), (-2,-2), (-2,-2)]
Turtle 3 :[(-3,-3), (8,40), (8,39), (8,38), (7,38), (7,37), (7,38), (6,38), (6,37), (-3,-3), (-3,-3)]
Turtle 4 :[(-4,-4), (48,29), (47,29), (47,29), (46,29), (45,29), (45,29), (44,29), (44,28), (-4,-4), (-4,-4)]
Turtle 5 :[(-5,-5), (8,37), (7,37), (6,37), (6,37), (6,37), (6,37), (5,37), (5,37), (5,37), (5,36)]

Shrinking Run 167
#Info# Executed steps before collision: 10, Found collision: false
Turtle 1 :[(-1,-1), (33,20), (32,20), (31,20), (30,20), (29,20), (28,20), (-1,-1), (-1,-1), (-1,-1), (-1,-1)]
Turtle 2 :[(-2,-2), (49,40), (49,39), (48,39), (48,38), (47,38), (47,37), (-2,-2), (-2,-2), (-2,-2), (-2,-2)]
Turtle 3 :[(-3,-3), (8,40), (8,39), (8,38), (7,38), (7,37), (7,38), (6,38), (6,37), (-3,-3), (-3,-3)]
Turtle 4 :[(-4,-4), (48,29), (47,29), (47,29), (46,29), (45,29), (45,29), (44,29), (44,28), (-4,-4), (-4,-4)]
Turtle 5 :[(-5,-5), (8,37), (7,37), (7,37), (6,37), (6,37), (6,37), (5,37), (5,37), (5,37), (5,36)]

Shrink Run 168
#Info# Executed steps before collision: 10, Found collision: false
Turtle 1 :[(-1,-1), (33,20), (32,20), (31,20), (30,20), (29,20), (28,20), (-1,-1), (-1,-1), (-1,-1), (-1,-1)]
Turtle 2 :[(-2,-2), (49,40), (49,39), (48,39), (48,38), (47,38), (47,37), (-2,-2), (-2,-2), (-2,-2), (-2,-2)]
Turtle 3 :[(-3,-3), (8,40), (8,39), (8,38), (7,38), (7,37), (7,36), (6,36), (6,37), (-3,-3), (-3,-3)]
Turtle 4 :[(-4,-4), (48,29), (47,29), (47,29), (46,29), (45,29), (45,29), (44,29), (44,28), (-4,-4), (-4,-4)]
Turtle 5 :[(-5,-5), (8,37), (7,37), (7,37), (7,37), (6,37), (6,37), (5,37), (5,37), (5,37), (5,36)]

