Shrinking Run 1
#Info# Executed steps before collision: 6, Found collision: true
Turtle 1 :[(-1,-1), (0,1), (0,0), (0,1), (0,0), (-1,-1), (-1,-1)]
Turtle 2 :[(-2,-2), (1,3), (0,3), (0,4), (0,5), (0,6), (0,7)]
Turtle 3 :[(-3,-3), (14,15), (14,14), (14,13), (15,13), (15,12), (15,11)]
Turtle 4 :[(-4,-4), (8,0), (8,0), (8,0), (7,0), (-4,-4), (-4,-4)]
Turtle 5 :[(-5,-5), (0,12), (0,11), (0,10), (0,9), (0,8), (0,7)]

Shrinking Run 2
#Info# Executed steps before collision: 9, Found collision: false
Turtle 1 :[(-1,-1), (0,1), (0,0), (-1,-1), (-1,-1), (-1,-1), (-1,-1), (-1,-1), (-1,-1), (-1,-1)]
Turtle 2 :[(-2,-2), (1,3), (0,3), (0,4), (0,5), (0,6), (0,7), (-2,-2), (-2,-2), (-2,-2)]
Turtle 3 :[(-3,-3), (14,15), (14,14), (14,13), (15,13), (15,12), (15,11), (-3,-3), (-3,-3), (-3,-3)]
Turtle 4 :[(-4,-4), (8,0), (8,0), (8,0), (7,0), (-4,-4), (-4,-4), (-4,-4), (-4,-4), (-4,-4)]
Turtle 5 :[(-5,-5), (0,12), (0,11), (0,10), (0,9), (0,8), (0,8), (1,8), (1,7), (0,7)]

Shrinking Run 3
#Info# Executed steps before collision: 9, Found collision: false
Turtle 1 :[(-1,-1), (0,1), (0,1), (1,1), (1,0), (-1,-1), (-1,-1), (-1,-1), (-1,-1), (-1,-1)]
Turtle 2 :[(-2,-2), (1,3), (0,3), (0,4), (0,5), (0,6), (0,7), (-2,-2), (-2,-2), (-2,-2)]
Turtle 3 :[(-3,-3), (14,15), (14,14), (14,13), (15,13), (15,12), (15,11), (-3,-3), (-3,-3), (-3,-3)]
Turtle 4 :[(-4,-4), (8,0), (8,0), (8,0), (7,0), (-4,-4), (-4,-4), (-4,-4), (-4,-4), (-4,-4)]
Turtle 5 :[(-5,-5), (0,12), (0,11), (0,10), (0,9), (0,8), (0,8), (0,9), (0,8), (0,7)]

Shrinking Run 4
#Info# Executed steps before collision: 6, Found collision: true
Turtle 1 :[(-1,-1), (0,1), (0,2), (0,1), (0,0), (-1,-1), (-1,-1)]
Turtle 2 :[(-2,-2), (1,3), (0,3), (0,4), (0,5), (0,6), (0,7)]
Turtle 3 :[(-3,-3), (14,15), (14,14), (14,13), (15,13), (15,12), (15,11)]
Turtle 4 :[(-4,-4), (8,0), (8,0), (8,0), (7,0), (-4,-4), (-4,-4)]
Turtle 5 :[(-5,-5), (0,12), (0,11), (0,10), (0,9), (0,8), (0,7)]

Shrinking Run 5
#Info# Executed steps before collision: 7, Found collision: false
Turtle 1 :[(-1,-1), (0,1), (0,2), (0,1), (0,0), (-1,-1), (-1,-1), (-1,-1)]
Turtle 2 :[(-2,-2), (1,3), (0,3), (0,2), (0,3), (0,2), (0,1), (0,0)]
Turtle 3 :[(-3,-3), (14,15), (14,14), (14,13), (15,13), (15,12), (15,11), (-3,-3)]
Turtle 4 :[(-4,-4), (8,0), (8,0), (8,0), (7,0), (-4,-4), (-4,-4), (-4,-4)]
Turtle 5 :[(-5,-5), (0,12), (0,11), (0,10), (0,9), (0,8), (0,7), (-5,-5)]

Shrinking Run 6
#Info# Executed steps before collision: 9, Found collision: false
Turtle 1 :[(-1,-1), (0,1), (0,2), (0,1), (0,0), (-1,-1), (-1,-1), (-1,-1), (-1,-1), (-1,-1)]
Turtle 2 :[(-2,-2), (1,3), (0,3), (0,4), (0,5), (0,6), (0,7), (-2,-2), (-2,-2), (-2,-2)]
Turtle 3 :[(-3,-3), (14,15), (14,14), (13,14), (12,14), (12,13), (12,12), (-3,-3), (-3,-3), (-3,-3)]
Turtle 4 :[(-4,-4), (8,0), (8,0), (8,0), (7,0), (-4,-4), (-4,-4), (-4,-4), (-4,-4), (-4,-4)]
Turtle 5 :[(-5,-5), (0,12), (0,11), (0,10), (0,9), (0,8), (0,8), (1,8), (0,8), (0,7)]

Shrinking Run 7
#Info# Executed steps before collision: 6, Found collision: true
Turtle 1 :[(-1,-1), (0,1), (0,2), (0,1), (0,0), (-1,-1), (-1,-1)]
Turtle 2 :[(-2,-2), (1,3), (0,3), (0,4), (0,5), (0,6), (0,7)]
Turtle 3 :[(-3,-3), (14,15), (14,14), (14,13), (13,13), (13,12), (13,11)]
Turtle 4 :[(-4,-4), (8,0), (8,0), (8,0), (7,0), (-4,-4), (-4,-4)]
Turtle 5 :[(-5,-5), (0,12), (0,11), (0,10), (0,9), (0,8), (0,7)]

Shrinking Run 8
#Info# Executed steps before collision: 6, Found collision: true
Turtle 1 :[(-1,-1), (0,1), (0,2), (0,1), (0,0), (-1,-1), (-1,-1)]
Turtle 2 :[(-2,-2), (1,3), (0,3), (0,4), (0,5), (0,6), (0,7)]
Turtle 3 :[(-3,-3), (14,15), (13,15), (13,14), (13,13), (13,12), (13,11)]
Turtle 4 :[(-4,-4), (8,0), (8,0), (8,0), (7,0), (-4,-4), (-4,-4)]
Turtle 5 :[(-5,-5), (0,12), (0,11), (0,10), (0,9), (0,8), (0,7)]

Shrinking Run 9
#Info# Executed steps before collision: 6, Found collision: true
Turtle 1 :[(-1,-1), (0,1), (0,2), (0,1), (0,0), (-1,-1), (-1,-1), (-1,-1), (-1,-1)]
Turtle 2 :[(-2,-2), (1,3), (0,3), (0,4), (0,5), (0,6), (0,7), (-2,-2), (-2,-2)]
Turtle 3 :[(-3,-3), (14,15), (13,15), (13,14), (13,13), (13,12), (13,11), (-3,-3), (-3,-3)]
Turtle 4 :[(-4,-4), (8,0), (7,0), (7,0), (6,0), (5,0), (4,0), (4,0), (3,0)]
Turtle 5 :[(-5,-5), (0,12), (0,11), (0,10), (0,9), (0,8), (0,7), (-5,-5), (-5,-5)]

Shrinking Run 10
#Info# Executed steps before collision: 8, Found collision: false
Turtle 1 :[(-1,-1), (0,1), (0,2), (0,1), (0,0), (-1,-1), (-1,-1), (-1,-1), (-1,-1)]
Turtle 2 :[(-2,-2), (1,3), (0,3), (0,4), (0,5), (0,6), (0,7), (-2,-2), (-2,-2)]
Turtle 3 :[(-3,-3), (14,15), (13,15), (13,14), (13,13), (13,12), (13,11), (-3,-3), (-3,-3)]
Turtle 4 :[(-4,-4), (8,0), (7,0), (6,0), (5,0), (4,0), (3,0), (-4,-4), (-4,-4)]
Turtle 5 :[(-5,-5), (0,12), (0,11), (0,10), (0,9), (0,8), (0,9), (0,8), (0,7)]

Shrinking Run 11
#Info# Executed steps before collision: 6, Found collision: true
Turtle 1 :[(-1,-1), (0,1), (0,2), (0,1), (0,0), (-1,-1), (-1,-1), (-1,-1)]
Turtle 2 :[(-2,-2), (1,3), (0,3), (0,4), (0,5), (0,6), (0,7), (-2,-2)]
Turtle 3 :[(-3,-3), (14,15), (13,15), (13,14), (13,13), (13,12), (13,11), (-3,-3)]
Turtle 4 :[(-4,-4), (8,0), (7,0), (7,0), (6,0), (5,0), (4,0), (3,0)]
Turtle 5 :[(-5,-5), (0,12), (0,11), (0,10), (0,9), (0,8), (0,7), (-5,-5)]

Shrinking Run 12
#Info# Executed steps before collision: 6, Found collision: true
Turtle 1 :[(-1,-1), (0,1), (0,2), (0,1), (0,0), (-1,-1), (-1,-1), (-1,-1)]
Turtle 2 :[(-2,-2), (1,3), (0,3), (0,4), (0,5), (0,6), (0,7), (-2,-2)]
Turtle 3 :[(-3,-3), (14,15), (13,15), (13,14), (13,13), (13,12), (13,11), (-3,-3)]
Turtle 4 :[(-4,-4), (8,0), (7,0), (6,0), (5,0), (4,0), (4,0), (3,0)]
Turtle 5 :[(-5,-5), (0,12), (0,11), (0,10), (0,9), (0,8), (0,7), (-5,-5)]

Shrinking Run 13
#Info# Executed steps before collision: 6, Found collision: true
Turtle 1 :[(-1,-1), (0,1), (0,0), (-1,-1), (-1,-1), (-1,-1), (-1,-1), (-1,-1)]
Turtle 2 :[(-2,-2), (1,3), (0,3), (0,4), (0,5), (0,6), (0,7), (-2,-2)]
Turtle 3 :[(-3,-3), (14,15), (13,15), (13,14), (13,13), (13,12), (13,11), (-3,-3)]
Turtle 4 :[(-4,-4), (8,0), (7,0), (6,0), (5,0), (4,0), (4,0), (3,0)]
Turtle 5 :[(-5,-5), (0,12), (0,11), (0,10), (0,9), (0,8), (0,7), (-5,-5)]

Shrinking Run 14
#Info# Executed steps before collision: 7, Found collision: false
Turtle 1 :[(-1,-1), (0,1), (0,0), (-1,-1), (-1,-1), (-1,-1), (-1,-1), (-1,-1)]
Turtle 2 :[(-2,-2), (1,3), (0,3), (0,2), (0,1), (0,0), (-2,-2), (-2,-2)]
Turtle 3 :[(-3,-3), (14,15), (13,15), (13,14), (13,13), (13,12), (13,11), (-3,-3)]
Turtle 4 :[(-4,-4), (8,0), (7,0), (6,0), (5,0), (4,0), (4,0), (3,0)]
Turtle 5 :[(-5,-5), (0,12), (0,11), (0,10), (0,9), (0,8), (0,7), (-5,-5)]

Shrinking Run 15
#Info# Executed steps before collision: 8, Found collision: false
Turtle 1 :[(-1,-1), (0,1), (0,0), (-1,-1), (-1,-1), (-1,-1), (-1,-1), (-1,-1), (-1,-1)]
Turtle 2 :[(-2,-2), (1,3), (0,3), (0,4), (0,5), (0,6), (0,7), (-2,-2), (-2,-2)]
Turtle 3 :[(-3,-3), (14,15), (14,14), (13,14), (12,14), (12,13), (12,12), (-3,-3), (-3,-3)]
Turtle 4 :[(-4,-4), (8,0), (7,0), (6,0), (5,0), (4,0), (4,0), (3,0), (-4,-4)]
Turtle 5 :[(-5,-5), (0,12), (0,11), (0,10), (0,9), (0,8), (1,8), (0,8), (0,7)]

Shrink Run 16
#Info# Executed steps before collision: 8, Found collision: false
Turtle 1 :[(-1,-1), (0,1), (0,0), (-1,-1), (-1,-1), (-1,-1), (-1,-1), (-1,-1), (-1,-1)]
Turtle 2 :[(-2,-2), (1,3), (0,3), (0,4), (0,5), (0,6), (0,7), (-2,-2), (-2,-2)]
Turtle 3 :[(-3,-3), (14,15), (13,15), (13,14), (13,13), (13,12), (13,11), (-3,-3), (-3,-3)]
Turtle 4 :[(-4,-4), (8,0), (7,0), (6,0), (5,0), (4,0), (3,0), (-4,-4), (-4,-4)]
Turtle 5 :[(-5,-5), (0,12), (0,11), (0,10), (0,9), (0,8), (1,8), (0,8), (0,7)]

