Detection Run 1
#Info# Executed steps before collision: 6, Found collision: false
Turtle 1 :[(-1,-1), (12,12), (12,13), (11,13), (11,14), (10,14), (10,14)]
Turtle 2 :[(-2,-2), (5,7), (4,7), (3,7), (3,8), (3,9), (3,10)]
Turtle 3 :[(-3,-3), (7,5), (8,5), (8,4), (8,3), (-3,-3), (-3,-3)]
Turtle 4 :[(-4,-4), (11,9), (11,10), (12,10), (12,11), (12,12), (12,13)]
Turtle 5 :[(-5,-5), (9,9), (9,8), (9,7), (-5,-5), (-5,-5), (-5,-5)]

Detection Run 2
#Info# Executed steps before collision: 6, Found collision: false
Turtle 1 :[(-1,-1), (3,7), (2,7), (2,8), (1,8), (1,9), (1,10)]
Turtle 2 :[(-2,-2), (13,5), (12,5), (12,6), (12,7), (-2,-2), (-2,-2)]
Turtle 3 :[(-3,-3), (14,13), (14,12), (14,11), (14,10), (14,9), (-3,-3)]
Turtle 4 :[(-4,-4), (1,1), (1,2), (1,3), (1,4), (1,5), (2,5)]
Turtle 5 :[(-5,-5), (14,8), (14,9), (13,9), (12,9), (-5,-5), (-5,-5)]

Detection Run 3
#Info# Executed steps before collision: 6, Found collision: false
Turtle 1 :[(-1,-1), (1,4), (1,3), (1,2), (0,2), (-1,-1), (-1,-1)]
Turtle 2 :[(-2,-2), (5,2), (6,2), (6,1), (7,1), (7,0), (8,0)]
Turtle 3 :[(-3,-3), (7,2), (8,2), (9,2), (9,3), (10,3), (11,3)]
Turtle 4 :[(-4,-4), (1,9), (1,10), (1,11), (0,11), (0,12), (0,13)]
Turtle 5 :[(-5,-5), (12,8), (11,8), (11,9), (10,9), (-5,-5), (-5,-5)]

Detection Run 4
#Info# Executed steps before collision: 6, Found collision: false
Turtle 1 :[(-1,-1), (11,8), (12,8), (12,7), (12,6), (13,6), (-1,-1)]
Turtle 2 :[(-2,-2), (5,5), (5,4), (5,3), (5,2), (-2,-2), (-2,-2)]
Turtle 3 :[(-3,-3), (2,12), (3,12), (3,13), (3,14), (3,14), (4,14)]
Turtle 4 :[(-4,-4), (10,14), (11,14), (11,14), (12,14), (13,14), (-4,-4)]
Turtle 5 :[(-5,-5), (1,13), (2,13), (1,13), (2,13), (3,13), (4,13)]

Detection Run 5
#Info# Executed steps before collision: 8, Found collision: false
Turtle 1 :[(-1,-1), (2,8), (2,9), (1,9), (1,10), (0,10), (0,11), (-1,-1), (-1,-1)]
Turtle 2 :[(-2,-2), (1,9), (1,8), (1,7), (1,6), (2,6), (3,6), (-2,-2), (-2,-2)]
Turtle 3 :[(-3,-3), (13,2), (13,3), (13,4), (13,5), (14,5), (14,6), (-3,-3), (-3,-3)]
Turtle 4 :[(-4,-4), (2,13), (2,12), (2,11), (1,11), (2,11), (2,10), (1,10), (0,10)]
Turtle 5 :[(-5,-5), (8,10), (8,9), (8,8), (9,8), (-5,-5), (-5,-5), (-5,-5), (-5,-5)]

Detection Run 6
#Info# Executed steps before collision: 8, Found collision: false
Turtle 1 :[(-1,-1), (0,5), (1,5), (2,5), (3,5), (3,4), (3,3), (-1,-1), (-1,-1)]
Turtle 2 :[(-2,-2), (0,11), (1,11), (1,12), (1,13), (2,13), (-2,-2), (-2,-2), (-2,-2)]
Turtle 3 :[(-3,-3), (10,6), (10,7), (10,8), (9,8), (9,9), (8,9), (-3,-3), (-3,-3)]
Turtle 4 :[(-4,-4), (8,10), (9,10), (9,11), (10,11), (10,12), (10,13), (-4,-4), (-4,-4)]
Turtle 5 :[(-5,-5), (12,13), (12,12), (11,12), (12,12), (12,11), (11,11), (10,11), (9,11)]

Fault Detection Run 7
#Info# Executed steps before collision: 5, Found collision: true
Turtle 1 :[(-1,-1), (14,6), (13,6), (12,6), (11,6), (10,6), (10,7)]
Turtle 2 :[(-2,-2), (8,7), (8,8), (8,9), (8,10), (-2,-2), (-2,-2)]
Turtle 3 :[(-3,-3), (13,8), (14,8), (13,8), (13,7), (-3,-3), (-3,-3)]
Turtle 4 :[(-4,-4), (2,3), (2,4), (2,5), (2,4), (2,5), (-4,-4)]
Turtle 5 :[(-5,-5), (6,6), (7,6), (8,6), (9,6), (10,6), (-5,-5)]

