Detection Run 1
#Info# Executed steps before collision: 6, Found collision: false
Turtle 1 :[(-1,-1), (15,15), (15,14), (15,13), (14,13), (14,12), (13,12)]
Turtle 2 :[(-2,-2), (13,4), (12,4), (11,4), (10,4), (10,5), (10,6)]
Turtle 3 :[(-3,-3), (0,13), (0,13), (0,12), (1,12), (1,11), (-3,-3)]
Turtle 4 :[(-4,-4), (16,14), (17,14), (18,14), (19,14), (19,14), (-4,-4)]
Turtle 5 :[(-5,-5), (14,0), (13,0), (13,1), (13,2), (13,3), (13,4)]

Detection Run 2
#Info# Executed steps before collision: 7, Found collision: false
Turtle 1 :[(-1,-1), (16,5), (15,5), (14,5), (13,5), (13,4), (13,3), (-1,-1)]
Turtle 2 :[(-2,-2), (6,5), (6,4), (6,5), (5,5), (-2,-2), (-2,-2), (-2,-2)]
Turtle 3 :[(-3,-3), (16,8), (15,8), (14,8), (14,9), (13,9), (13,10), (-3,-3)]
Turtle 4 :[(-4,-4), (12,16), (12,17), (12,18), (12,19), (12,19), (-4,-4), (-4,-4)]
Turtle 5 :[(-5,-5), (14,10), (14,9), (15,9), (15,8), (14,8), (14,7), (14,6)]

Detection Run 3
#Info# Executed steps before collision: 7, Found collision: false
Turtle 1 :[(-1,-1), (7,1), (8,1), (8,2), (9,2), (10,2), (10,3), (-1,-1)]
Turtle 2 :[(-2,-2), (5,4), (5,5), (4,5), (3,5), (3,6), (3,7), (-2,-2)]
Turtle 3 :[(-3,-3), (4,14), (3,14), (3,13), (3,12), (3,11), (2,11), (-3,-3)]
Turtle 4 :[(-4,-4), (3,4), (4,4), (4,4), (4,4), (4,5), (4,6), (4,7)]
Turtle 5 :[(-5,-5), (7,19), (7,19), (6,19), (5,19), (4,19), (-5,-5), (-5,-5)]

Detection Run 4
#Info# Executed steps before collision: 6, Found collision: false
Turtle 1 :[(-1,-1), (7,14), (7,15), (7,16), (7,17), (8,17), (-1,-1)]
Turtle 2 :[(-2,-2), (17,1), (17,2), (17,3), (16,3), (15,3), (15,4)]
Turtle 3 :[(-3,-3), (2,9), (2,10), (1,10), (1,11), (1,12), (0,12)]
Turtle 4 :[(-4,-4), (14,7), (14,8), (14,9), (14,10), (13,10), (-4,-4)]
Turtle 5 :[(-5,-5), (15,4), (14,4), (13,4), (12,4), (12,3), (12,2)]

Detection Run 5
#Info# Executed steps before collision: 6, Found collision: false
Turtle 1 :[(-1,-1), (7,1), (6,1), (7,1), (7,0), (6,0), (-1,-1)]
Turtle 2 :[(-2,-2), (18,8), (17,8), (16,8), (16,7), (15,7), (14,7)]
Turtle 3 :[(-3,-3), (18,17), (18,18), (19,18), (19,19), (-3,-3), (-3,-3)]
Turtle 4 :[(-4,-4), (17,19), (18,19), (18,19), (-4,-4), (-4,-4), (-4,-4)]
Turtle 5 :[(-5,-5), (8,3), (7,3), (7,4), (7,5), (7,6), (6,6)]

Fault Detection Run 6
#Info# Executed steps before collision: 3, Found collision: true
Turtle 1 :[(-1,-1), (9,4), (10,4), (11,4), (12,4), (12,3), (12,2)]
Turtle 2 :[(-2,-2), (14,3), (13,3), (13,2), (13,1), (12,1), (12,0)]
Turtle 3 :[(-3,-3), (18,6), (17,6), (17,7), (16,7), (15,7), (-3,-3)]
Turtle 4 :[(-4,-4), (5,16), (5,17), (5,18), (5,19), (6,19), (6,19)]
Turtle 5 :[(-5,-5), (12,1), (12,2), (13,2), (13,3), (14,3), (15,3)]

