Shrinking Run 1
#Info# Executed steps before collision: 6, Found collision: true
Turtle 1 :[(-1,-1), (0,14), (0,13), (0,12), (0,12), (0,11), (0,10), (0,9), (-1,-1), (-1,-1), (-1,-1), (-1,-1), (-1,-1)]
Turtle 2 :[(-2,-2), (3,18), (4,18), (5,18), (5,18), (6,18), (6,18), (6,17), (7,17), (8,17), (8,18), (8,19), (7,19)]
Turtle 3 :[(-3,-3), (14,19), (14,18), (15,18), (15,17), (15,17), (15,16), (16,16), (-3,-3), (-3,-3), (-3,-3), (-3,-3), (-3,-3)]
Turtle 4 :[(-4,-4), (6,18), (6,18), (6,17), (6,18), (6,19), (6,18), (6,18), (7,18), (7,17), (7,16), (6,16), (-4,-4)]
Turtle 5 :[(-5,-5), (12,1), (12,2), (12,2), (12,2), (12,3), (12,3), (12,3), (12,3), (11,3), (11,4), (-5,-5), (-5,-5)]

Shrinking Run 2
#Info# Executed steps before collision: 5, Found collision: true
Turtle 1 :[(-1,-1), (0,14), (0,13), (0,12), (0,11), (0,10), (0,9), (-1,-1), (-1,-1), (-1,-1), (-1,-1)]
Turtle 2 :[(-2,-2), (3,18), (4,18), (5,18), (5,18), (6,18), (5,18), (5,19), (6,19), (7,19), (-2,-2)]
Turtle 3 :[(-3,-3), (14,19), (14,18), (15,18), (15,17), (15,17), (15,16), (16,16), (-3,-3), (-3,-3), (-3,-3)]
Turtle 4 :[(-4,-4), (6,18), (6,18), (6,17), (6,18), (6,18), (6,18), (6,18), (6,18), (6,17), (6,16)]
Turtle 5 :[(-5,-5), (12,1), (12,2), (12,2), (12,2), (12,3), (12,3), (12,3), (12,3), (11,3), (11,4)]

Shrinking Run 3
#Info# Executed steps before collision: 4, Found collision: true
Turtle 1 :[(-1,-1), (0,14), (0,13), (0,12), (0,11), (0,10), (0,9), (-1,-1), (-1,-1), (-1,-1), (-1,-1)]
Turtle 2 :[(-2,-2), (3,18), (4,18), (5,18), (6,18), (6,18), (6,19), (-2,-2), (-2,-2), (-2,-2), (-2,-2)]
Turtle 3 :[(-3,-3), (14,19), (14,18), (15,18), (15,17), (15,17), (15,16), (16,16), (-3,-3), (-3,-3), (-3,-3)]
Turtle 4 :[(-4,-4), (6,18), (6,18), (6,17), (6,18), (6,18), (6,18), (6,18), (6,18), (6,17), (6,16)]
Turtle 5 :[(-5,-5), (12,1), (12,2), (12,2), (12,2), (12,3), (12,3), (12,3), (12,3), (11,3), (11,4)]

Shrinking Run 4
#Info# Executed steps before collision: 9, Found collision: true
Turtle 1 :[(-1,-1), (0,14), (0,13), (0,12), (0,11), (0,10), (0,9), (-1,-1), (-1,-1), (-1,-1), (-1,-1)]
Turtle 2 :[(-2,-2), (3,18), (4,18), (5,18), (5,18), (5,17), (5,17), (5,17), (6,17), (6,17), (6,16)]
Turtle 3 :[(-3,-3), (14,19), (14,18), (15,18), (15,17), (15,17), (15,16), (16,16), (-3,-3), (-3,-3), (-3,-3)]
Turtle 4 :[(-4,-4), (6,18), (6,18), (6,17), (6,18), (6,18), (6,18), (6,18), (6,18), (6,17), (6,16)]
Turtle 5 :[(-5,-5), (12,1), (12,2), (12,2), (12,2), (12,3), (12,3), (12,3), (12,3), (11,3), (11,4)]

Shrinking Run 5
#Info# Executed steps before collision: 5, Found collision: true
Turtle 1 :[(-1,-1), (0,14), (0,13), (0,12), (0,11), (0,10), (0,9), (-1,-1), (-1,-1), (-1,-1), (-1,-1)]
Turtle 2 :[(-2,-2), (3,18), (4,18), (5,18), (5,18), (6,18), (5,18), (5,17), (5,16), (6,16), (-2,-2)]
Turtle 3 :[(-3,-3), (14,19), (14,18), (15,18), (15,17), (15,17), (15,16), (16,16), (-3,-3), (-3,-3), (-3,-3)]
Turtle 4 :[(-4,-4), (6,18), (6,18), (6,17), (6,17), (6,18), (6,17), (6,16), (-4,-4), (-4,-4), (-4,-4)]
Turtle 5 :[(-5,-5), (12,1), (12,2), (12,2), (12,2), (12,3), (12,3), (12,3), (12,3), (11,3), (11,4)]

Shrinking Run 6
#Info# Executed steps before collision: 9, Found collision: true
Turtle 1 :[(-1,-1), (0,14), (0,13), (0,12), (0,11), (0,10), (0,9), (-1,-1), (-1,-1), (-1,-1), (-1,-1), (-1,-1), (-1,-1)]
Turtle 2 :[(-2,-2), (3,18), (3,17), (4,17), (4,17), (5,17), (5,17), (5,17), (6,17), (6,17), (6,16), (-2,-2), (-2,-2)]
Turtle 3 :[(-3,-3), (14,19), (14,18), (15,18), (15,17), (15,17), (15,16), (16,16), (-3,-3), (-3,-3), (-3,-3), (-3,-3), (-3,-3)]
Turtle 4 :[(-4,-4), (6,18), (6,18), (6,17), (6,18), (6,18), (6,18), (6,18), (6,18), (6,17), (5,17), (5,16), (6,16)]
Turtle 5 :[(-5,-5), (12,1), (12,2), (12,2), (12,2), (12,3), (12,3), (12,3), (12,3), (11,3), (11,4), (-5,-5), (-5,-5)]

Shrinking Run 7
#Info# Executed steps before collision: 4, Found collision: true
Turtle 1 :[(-1,-1), (0,14), (0,13), (0,12), (0,11), (0,10), (0,9), (-1,-1), (-1,-1), (-1,-1), (-1,-1)]
Turtle 2 :[(-2,-2), (3,18), (4,18), (5,18), (6,18), (6,17), (6,16), (-2,-2), (-2,-2), (-2,-2), (-2,-2)]
Turtle 3 :[(-3,-3), (14,19), (14,18), (15,18), (15,17), (15,17), (15,16), (16,16), (-3,-3), (-3,-3), (-3,-3)]
Turtle 4 :[(-4,-4), (6,18), (6,18), (6,17), (6,18), (7,18), (6,18), (6,17), (6,16), (-4,-4), (-4,-4)]
Turtle 5 :[(-5,-5), (12,1), (12,2), (12,2), (12,2), (12,3), (12,3), (12,3), (12,3), (11,3), (11,4)]

Shrinking Run 8
#Info# Executed steps before collision: 10, Found collision: false
Turtle 1 :[(-1,-1), (0,14), (0,13), (0,12), (0,11), (0,10), (0,9), (-1,-1), (-1,-1), (-1,-1), (-1,-1)]
Turtle 2 :[(-2,-2), (3,18), (4,18), (5,18), (5,17), (6,17), (6,16), (-2,-2), (-2,-2), (-2,-2), (-2,-2)]
Turtle 3 :[(-3,-3), (14,19), (13,19), (12,19), (12,18), (12,18), (12,17), (11,17), (-3,-3), (-3,-3), (-3,-3)]
Turtle 4 :[(-4,-4), (6,18), (6,18), (6,17), (6,16), (-4,-4), (-4,-4), (-4,-4), (-4,-4), (-4,-4), (-4,-4)]
Turtle 5 :[(-5,-5), (12,1), (12,2), (12,2), (12,2), (12,3), (12,3), (12,3), (12,3), (11,3), (11,4)]

Shrinking Run 9
#Info# Executed steps before collision: 5, Found collision: true
Turtle 1 :[(-1,-1), (0,14), (0,13), (0,12), (0,11), (0,10), (0,9), (-1,-1), (-1,-1), (-1,-1), (-1,-1)]
Turtle 2 :[(-2,-2), (3,18), (4,18), (4,18), (5,18), (6,18), (6,17), (6,16), (-2,-2), (-2,-2), (-2,-2)]
Turtle 3 :[(-3,-3), (14,19), (14,18), (13,18), (13,17), (13,17), (13,16), (12,16), (-3,-3), (-3,-3), (-3,-3)]
Turtle 4 :[(-4,-4), (6,18), (6,18), (6,17), (6,17), (6,18), (6,18), (5,18), (6,18), (6,17), (6,16)]
Turtle 5 :[(-5,-5), (12,1), (12,2), (12,2), (12,2), (12,3), (12,3), (12,3), (12,3), (11,3), (11,4)]

Shrinking Run 10
#Info# Executed steps before collision: 4, Found collision: true
Turtle 1 :[(-1,-1), (0,14), (0,13), (0,12), (0,11), (0,10), (0,9), (-1,-1), (-1,-1), (-1,-1), (-1,-1)]
Turtle 2 :[(-2,-2), (3,18), (4,18), (5,18), (6,18), (6,17), (6,16), (-2,-2), (-2,-2), (-2,-2), (-2,-2)]
Turtle 3 :[(-3,-3), (14,19), (14,18), (13,18), (13,17), (13,17), (12,17), (11,17), (-3,-3), (-3,-3), (-3,-3)]
Turtle 4 :[(-4,-4), (6,18), (6,18), (6,17), (6,18), (5,18), (5,17), (5,16), (6,16), (-4,-4), (-4,-4)]
Turtle 5 :[(-5,-5), (12,1), (12,2), (12,2), (12,2), (12,3), (12,3), (12,3), (12,3), (11,3), (11,4)]

Shrinking Run 11
#Info# Executed steps before collision: 4, Found collision: true
Turtle 1 :[(-1,-1), (0,14), (0,13), (0,12), (0,11), (0,10), (0,9), (-1,-1), (-1,-1), (-1,-1), (-1,-1)]
Turtle 2 :[(-2,-2), (3,18), (4,18), (5,18), (6,18), (6,17), (6,16), (-2,-2), (-2,-2), (-2,-2), (-2,-2)]
Turtle 3 :[(-3,-3), (14,19), (14,18), (14,17), (13,17), (13,17), (12,17), (11,17), (-3,-3), (-3,-3), (-3,-3)]
Turtle 4 :[(-4,-4), (6,18), (6,18), (6,17), (6,18), (6,18), (6,18), (6,18), (6,18), (6,17), (6,16)]
Turtle 5 :[(-5,-5), (12,1), (12,2), (12,2), (12,2), (12,3), (12,3), (12,3), (12,3), (11,3), (11,4)]

Shrinking Run 12
#Info# Executed steps before collision: 4, Found collision: true
Turtle 1 :[(-1,-1), (0,14), (0,13), (0,12), (0,11), (0,10), (0,9), (-1,-1), (-1,-1), (-1,-1), (-1,-1)]
Turtle 2 :[(-2,-2), (3,18), (4,18), (5,18), (6,18), (6,17), (6,16), (-2,-2), (-2,-2), (-2,-2), (-2,-2)]
Turtle 3 :[(-3,-3), (14,19), (14,18), (13,18), (12,18), (12,18), (11,18), (11,17), (-3,-3), (-3,-3), (-3,-3)]
Turtle 4 :[(-4,-4), (6,18), (6,18), (6,17), (6,18), (7,18), (6,18), (6,17), (6,16), (-4,-4), (-4,-4)]
Turtle 5 :[(-5,-5), (12,1), (12,2), (12,2), (12,2), (12,3), (12,3), (12,3), (12,3), (11,3), (11,4)]

Shrinking Run 13
#Info# Executed steps before collision: 4, Found collision: true
Turtle 1 :[(-1,-1), (0,14), (0,13), (0,12), (0,11), (0,10), (0,9), (-1,-1), (-1,-1), (-1,-1), (-1,-1), (-1,-1)]
Turtle 2 :[(-2,-2), (3,18), (4,18), (5,18), (6,18), (5,18), (5,18), (6,18), (6,17), (6,16), (-2,-2), (-2,-2)]
Turtle 3 :[(-3,-3), (14,19), (14,18), (13,18), (12,18), (12,18), (11,18), (10,18), (-3,-3), (-3,-3), (-3,-3), (-3,-3)]
Turtle 4 :[(-4,-4), (6,18), (6,18), (6,17), (6,18), (6,18), (6,18), (6,18), (6,19), (6,18), (6,17), (6,16)]
Turtle 5 :[(-5,-5), (12,1), (12,2), (12,2), (12,2), (12,3), (12,3), (12,3), (12,3), (11,3), (11,4), (-5,-5)]

Shrinking Run 14
#Info# Executed steps before collision: 4, Found collision: true
Turtle 1 :[(-1,-1), (0,14), (0,13), (0,12), (0,11), (0,10), (0,9), (-1,-1), (-1,-1), (-1,-1), (-1,-1)]
Turtle 2 :[(-2,-2), (3,18), (4,18), (5,18), (6,18), (6,18), (5,18), (5,17), (6,17), (6,16), (-2,-2)]
Turtle 3 :[(-3,-3), (14,19), (14,18), (13,18), (12,18), (11,18), (10,18), (-3,-3), (-3,-3), (-3,-3), (-3,-3)]
Turtle 4 :[(-4,-4), (6,18), (6,18), (6,17), (6,18), (6,17), (6,16), (-4,-4), (-4,-4), (-4,-4), (-4,-4)]
Turtle 5 :[(-5,-5), (12,1), (12,2), (12,2), (12,2), (12,3), (12,3), (12,3), (12,3), (11,3), (11,4)]

Shrinking Run 15
#Info# Executed steps before collision: 4, Found collision: true
Turtle 1 :[(-1,-1), (0,14), (0,13), (0,12), (0,11), (0,10), (0,9), (-1,-1), (-1,-1), (-1,-1), (-1,-1)]
Turtle 2 :[(-2,-2), (3,18), (4,18), (5,18), (5,18), (6,18), (6,17), (6,16), (-2,-2), (-2,-2), (-2,-2)]
Turtle 3 :[(-3,-3), (14,19), (14,18), (13,18), (12,18), (11,18), (10,18), (-3,-3), (-3,-3), (-3,-3), (-3,-3)]
Turtle 4 :[(-4,-4), (6,18), (6,18), (6,18), (5,18), (4,18), (4,17), (3,17), (2,17), (-4,-4), (-4,-4)]
Turtle 5 :[(-5,-5), (12,1), (12,2), (12,2), (12,2), (12,3), (12,3), (12,3), (12,3), (11,3), (11,4)]

Shrinking Run 16
#Info# Executed steps before collision: 10, Found collision: false
Turtle 1 :[(-1,-1), (0,14), (0,13), (0,12), (0,11), (0,10), (0,9), (-1,-1), (-1,-1), (-1,-1), (-1,-1)]
Turtle 2 :[(-2,-2), (3,18), (4,18), (5,18), (6,18), (6,17), (6,16), (-2,-2), (-2,-2), (-2,-2), (-2,-2)]
Turtle 3 :[(-3,-3), (14,19), (14,18), (13,18), (12,18), (11,18), (10,18), (-3,-3), (-3,-3), (-3,-3), (-3,-3)]
Turtle 4 :[(-4,-4), (6,18), (6,17), (7,17), (6,17), (5,17), (4,17), (3,17), (2,17), (2,18), (1,18)]
Turtle 5 :[(-5,-5), (12,1), (12,2), (12,2), (12,2), (12,3), (12,3), (12,3), (12,3), (11,3), (11,4)]

Shrinking Run 17
#Info# Executed steps before collision: 10, Found collision: false
Turtle 1 :[(-1,-1), (0,14), (0,13), (0,12), (0,11), (0,10), (0,9), (-1,-1), (-1,-1), (-1,-1), (-1,-1)]
Turtle 2 :[(-2,-2), (3,18), (4,18), (5,18), (6,18), (6,17), (6,16), (-2,-2), (-2,-2), (-2,-2), (-2,-2)]
Turtle 3 :[(-3,-3), (14,19), (14,18), (13,18), (12,18), (11,18), (10,18), (-3,-3), (-3,-3), (-3,-3), (-3,-3)]
Turtle 4 :[(-4,-4), (6,18), (5,18), (4,18), (3,18), (3,17), (2,17), (-4,-4), (-4,-4), (-4,-4), (-4,-4)]
Turtle 5 :[(-5,-5), (12,1), (12,2), (12,2), (12,2), (12,3), (12,3), (12,3), (12,3), (11,3), (11,4)]

Shrinking Run 18
#Info# Executed steps before collision: 11, Found collision: false
Turtle 1 :[(-1,-1), (0,14), (0,13), (0,12), (0,11), (0,10), (0,9), (-1,-1), (-1,-1), (-1,-1), (-1,-1), (-1,-1)]
Turtle 2 :[(-2,-2), (3,18), (4,18), (5,18), (6,18), (6,17), (6,16), (-2,-2), (-2,-2), (-2,-2), (-2,-2), (-2,-2)]
Turtle 3 :[(-3,-3), (14,19), (14,18), (13,18), (12,18), (11,18), (10,18), (-3,-3), (-3,-3), (-3,-3), (-3,-3), (-3,-3)]
Turtle 4 :[(-4,-4), (6,18), (5,18), (4,18), (4,17), (3,17), (2,17), (-4,-4), (-4,-4), (-4,-4), (-4,-4), (-4,-4)]
Turtle 5 :[(-5,-5), (12,1), (11,1), (11,1), (11,2), (10,2), (10,2), (10,2), (10,2), (9,2), (9,2), (9,3)]

Shrinking Run 19
#Info# Executed steps before collision: 11, Found collision: false
Turtle 1 :[(-1,-1), (0,14), (0,13), (0,12), (0,11), (0,10), (0,9), (-1,-1), (-1,-1), (-1,-1), (-1,-1), (-1,-1)]
Turtle 2 :[(-2,-2), (3,18), (4,18), (5,18), (6,18), (6,17), (6,16), (-2,-2), (-2,-2), (-2,-2), (-2,-2), (-2,-2)]
Turtle 3 :[(-3,-3), (14,19), (14,18), (13,18), (12,18), (11,18), (10,18), (-3,-3), (-3,-3), (-3,-3), (-3,-3), (-3,-3)]
Turtle 4 :[(-4,-4), (6,18), (5,18), (4,18), (4,17), (3,17), (2,17), (-4,-4), (-4,-4), (-4,-4), (-4,-4), (-4,-4)]
Turtle 5 :[(-5,-5), (12,1), (11,1), (11,1), (11,2), (11,3), (11,3), (11,3), (11,3), (10,3), (10,3), (10,4)]

Shrinking Run 20
#Info# Executed steps before collision: 8, Found collision: false
Turtle 1 :[(-1,-1), (0,14), (0,13), (0,12), (0,11), (0,10), (0,9), (-1,-1), (-1,-1)]
Turtle 2 :[(-2,-2), (3,18), (4,18), (5,18), (6,18), (6,17), (6,16), (-2,-2), (-2,-2)]
Turtle 3 :[(-3,-3), (14,19), (14,18), (13,18), (12,18), (11,18), (10,18), (-3,-3), (-3,-3)]
Turtle 4 :[(-4,-4), (6,18), (6,17), (5,17), (4,17), (3,17), (2,17), (-4,-4), (-4,-4)]
Turtle 5 :[(-5,-5), (12,1), (12,1), (12,1), (12,1), (11,1), (11,1), (11,1), (11,0)]

Shrinking Run 21
#Info# Executed steps before collision: 8, Found collision: false
Turtle 1 :[(-1,-1), (0,14), (0,13), (0,12), (0,11), (0,10), (0,9), (-1,-1), (-1,-1)]
Turtle 2 :[(-2,-2), (3,18), (4,18), (5,18), (6,18), (6,17), (6,16), (-2,-2), (-2,-2)]
Turtle 3 :[(-3,-3), (14,19), (14,18), (13,18), (12,18), (11,18), (10,18), (-3,-3), (-3,-3)]
Turtle 4 :[(-4,-4), (6,18), (5,18), (4,18), (4,17), (3,17), (2,17), (-4,-4), (-4,-4)]
Turtle 5 :[(-5,-5), (12,1), (12,1), (12,1), (12,1), (11,1), (11,1), (11,1), (11,2)]

Shrinking Run 22
#Info# Executed steps before collision: 9, Found collision: false
Turtle 1 :[(-1,-1), (0,14), (0,13), (0,12), (0,11), (0,10), (0,9), (-1,-1), (-1,-1), (-1,-1)]
Turtle 2 :[(-2,-2), (3,18), (4,18), (5,18), (6,18), (6,17), (6,16), (-2,-2), (-2,-2), (-2,-2)]
Turtle 3 :[(-3,-3), (14,19), (14,18), (13,18), (12,18), (11,18), (10,18), (-3,-3), (-3,-3), (-3,-3)]
Turtle 4 :[(-4,-4), (6,18), (5,18), (4,18), (4,17), (3,17), (2,17), (-4,-4), (-4,-4), (-4,-4)]
Turtle 5 :[(-5,-5), (12,1), (12,2), (12,2), (12,2), (12,2), (12,2), (12,2), (11,2), (11,3)]

Shrinking Run 23
#Info# Executed steps before collision: 6, Found collision: false
Turtle 1 :[(-1,-1), (0,14), (0,13), (0,12), (0,11), (0,10), (0,9)]
Turtle 2 :[(-2,-2), (3,18), (4,18), (5,18), (6,18), (6,17), (6,16)]
Turtle 3 :[(-3,-3), (14,19), (14,18), (13,18), (12,18), (11,18), (10,18)]
Turtle 4 :[(-4,-4), (6,18), (5,18), (4,18), (4,17), (3,17), (2,17)]
Turtle 5 :[(-5,-5), (12,1), (11,1), (11,2), (11,3), (11,4), (-5,-5)]

Shrinking Run 24
#Info# Executed steps before collision: 6, Found collision: false
Turtle 1 :[(-1,-1), (0,14), (0,13), (0,12), (0,11), (0,10), (0,9)]
Turtle 2 :[(-2,-2), (3,18), (4,18), (5,18), (6,18), (6,17), (6,16)]
Turtle 3 :[(-3,-3), (14,19), (14,18), (13,18), (12,18), (11,18), (10,18)]
Turtle 4 :[(-4,-4), (6,18), (5,18), (4,18), (4,17), (3,17), (2,17)]
Turtle 5 :[(-5,-5), (12,1), (11,1), (11,2), (11,3), (11,3), (11,4)]

Shrinking Run 25
#Info# Executed steps before collision: 10, Found collision: false
Turtle 1 :[(-1,-1), (0,14), (0,13), (0,12), (0,11), (0,10), (0,9), (-1,-1), (-1,-1), (-1,-1), (-1,-1)]
Turtle 2 :[(-2,-2), (3,18), (4,18), (5,18), (4,18), (4,17), (5,17), (5,16), (6,16), (-2,-2), (-2,-2)]
Turtle 3 :[(-3,-3), (14,19), (14,18), (13,18), (12,18), (11,18), (10,18), (-3,-3), (-3,-3), (-3,-3), (-3,-3)]
Turtle 4 :[(-4,-4), (6,18), (5,18), (6,18), (6,19), (5,19), (4,19), (3,19), (2,19), (2,18), (2,17)]
Turtle 5 :[(-5,-5), (12,1), (12,2), (12,2), (12,3), (11,3), (11,3), (11,4), (-5,-5), (-5,-5), (-5,-5)]

Shrinking Run 26
#Info# Executed steps before collision: 9, Found collision: false
Turtle 1 :[(-1,-1), (0,14), (0,13), (0,12), (0,11), (0,10), (0,9), (-1,-1), (-1,-1), (-1,-1)]
Turtle 2 :[(-2,-2), (3,18), (4,18), (5,18), (6,18), (6,17), (6,16), (-2,-2), (-2,-2), (-2,-2)]
Turtle 3 :[(-3,-3), (14,19), (14,18), (13,18), (12,18), (11,18), (10,18), (-3,-3), (-3,-3), (-3,-3)]
Turtle 4 :[(-4,-4), (6,18), (5,18), (4,18), (4,17), (3,17), (2,17), (-4,-4), (-4,-4), (-4,-4)]
Turtle 5 :[(-5,-5), (12,1), (12,2), (12,2), (12,3), (12,3), (12,3), (12,3), (11,3), (11,4)]

Shrinking Run 27
#Info# Executed steps before collision: 8, Found collision: false
Turtle 1 :[(-1,-1), (0,14), (0,13), (0,12), (0,11), (0,10), (0,9), (-1,-1), (-1,-1)]
Turtle 2 :[(-2,-2), (3,18), (4,18), (5,18), (6,18), (6,17), (6,16), (-2,-2), (-2,-2)]
Turtle 3 :[(-3,-3), (14,19), (14,18), (13,18), (12,18), (11,18), (10,18), (-3,-3), (-3,-3)]
Turtle 4 :[(-4,-4), (6,18), (5,18), (4,18), (4,17), (3,17), (2,17), (-4,-4), (-4,-4)]
Turtle 5 :[(-5,-5), (12,1), (12,2), (12,2), (12,3), (11,3), (11,3), (11,3), (11,4)]

Shrinking Run 28
#Info# Executed steps before collision: 10, Found collision: false
Turtle 1 :[(-1,-1), (0,14), (0,13), (0,12), (0,11), (0,10), (0,9), (-1,-1), (-1,-1), (-1,-1), (-1,-1)]
Turtle 2 :[(-2,-2), (3,18), (4,18), (5,18), (6,18), (6,17), (6,16), (-2,-2), (-2,-2), (-2,-2), (-2,-2)]
Turtle 3 :[(-3,-3), (14,19), (14,18), (13,18), (12,18), (11,18), (10,18), (-3,-3), (-3,-3), (-3,-3), (-3,-3)]
Turtle 4 :[(-4,-4), (6,18), (5,18), (4,18), (4,17), (3,17), (2,17), (-4,-4), (-4,-4), (-4,-4), (-4,-4)]
Turtle 5 :[(-5,-5), (12,1), (11,1), (11,1), (11,1), (11,2), (11,2), (11,2), (11,2), (11,3), (11,4)]

Shrinking Run 29
#Info# Executed steps before collision: 10, Found collision: false
Turtle 1 :[(-1,-1), (0,14), (0,13), (0,12), (0,11), (0,10), (0,9), (-1,-1), (-1,-1), (-1,-1), (-1,-1)]
Turtle 2 :[(-2,-2), (3,18), (4,18), (5,18), (6,18), (6,17), (6,16), (-2,-2), (-2,-2), (-2,-2), (-2,-2)]
Turtle 3 :[(-3,-3), (14,19), (14,18), (13,18), (12,18), (11,18), (10,18), (-3,-3), (-3,-3), (-3,-3), (-3,-3)]
Turtle 4 :[(-4,-4), (6,18), (5,18), (4,18), (4,17), (3,17), (2,17), (-4,-4), (-4,-4), (-4,-4), (-4,-4)]
Turtle 5 :[(-5,-5), (12,1), (12,2), (11,2), (11,2), (11,2), (11,2), (11,2), (11,2), (11,3), (11,4)]

Shrinking Run 30
#Info# Executed steps before collision: 10, Found collision: false
Turtle 1 :[(-1,-1), (0,14), (0,13), (0,12), (0,11), (0,10), (0,9), (-1,-1), (-1,-1), (-1,-1), (-1,-1)]
Turtle 2 :[(-2,-2), (3,18), (4,18), (5,18), (6,18), (6,17), (6,16), (-2,-2), (-2,-2), (-2,-2), (-2,-2)]
Turtle 3 :[(-3,-3), (14,19), (14,18), (13,18), (12,18), (11,18), (10,18), (-3,-3), (-3,-3), (-3,-3), (-3,-3)]
Turtle 4 :[(-4,-4), (6,18), (5,18), (4,18), (3,18), (3,17), (2,17), (-4,-4), (-4,-4), (-4,-4), (-4,-4)]
Turtle 5 :[(-5,-5), (12,1), (12,2), (12,3), (12,3), (12,3), (12,3), (12,3), (12,3), (11,3), (11,4)]

Shrinking Run 31
#Info# Executed steps before collision: 10, Found collision: false
Turtle 1 :[(-1,-1), (0,14), (0,13), (0,12), (0,11), (0,10), (0,9), (-1,-1), (-1,-1), (-1,-1), (-1,-1)]
Turtle 2 :[(-2,-2), (3,18), (4,18), (5,18), (6,18), (6,17), (6,16), (-2,-2), (-2,-2), (-2,-2), (-2,-2)]
Turtle 3 :[(-3,-3), (14,19), (14,18), (13,18), (12,18), (11,18), (10,18), (-3,-3), (-3,-3), (-3,-3), (-3,-3)]
Turtle 4 :[(-4,-4), (6,18), (5,18), (5,19), (5,19), (5,18), (4,18), (3,18), (3,17), (2,17), (-4,-4)]
Turtle 5 :[(-5,-5), (12,1), (12,2), (12,2), (11,2), (11,2), (11,2), (11,2), (11,2), (11,3), (11,4)]

Shrinking Run 32
#Info# Executed steps before collision: 10, Found collision: false
Turtle 1 :[(-1,-1), (0,14), (0,13), (0,12), (0,11), (0,10), (0,9), (-1,-1), (-1,-1), (-1,-1), (-1,-1)]
Turtle 2 :[(-2,-2), (3,18), (4,18), (5,18), (6,18), (6,17), (6,16), (-2,-2), (-2,-2), (-2,-2), (-2,-2)]
Turtle 3 :[(-3,-3), (14,19), (14,18), (13,18), (12,18), (11,18), (10,18), (-3,-3), (-3,-3), (-3,-3), (-3,-3)]
Turtle 4 :[(-4,-4), (6,18), (5,18), (4,18), (4,17), (3,17), (2,17), (-4,-4), (-4,-4), (-4,-4), (-4,-4)]
Turtle 5 :[(-5,-5), (12,1), (12,2), (12,2), (12,3), (12,3), (12,3), (12,3), (12,3), (11,3), (11,4)]

Shrinking Run 33
#Info# Executed steps before collision: 10, Found collision: false
Turtle 1 :[(-1,-1), (0,14), (0,13), (0,12), (0,11), (0,10), (0,9), (-1,-1), (-1,-1), (-1,-1), (-1,-1)]
Turtle 2 :[(-2,-2), (3,18), (4,18), (5,18), (6,18), (6,17), (6,16), (-2,-2), (-2,-2), (-2,-2), (-2,-2)]
Turtle 3 :[(-3,-3), (14,19), (14,18), (13,18), (12,18), (11,18), (10,18), (-3,-3), (-3,-3), (-3,-3), (-3,-3)]
Turtle 4 :[(-4,-4), (6,18), (5,18), (4,18), (4,17), (3,17), (2,17), (-4,-4), (-4,-4), (-4,-4), (-4,-4)]
Turtle 5 :[(-5,-5), (12,1), (12,2), (12,2), (12,2), (11,2), (11,2), (11,2), (11,2), (11,3), (11,4)]

Shrinking Run 34
#Info# Executed steps before collision: 10, Found collision: false
Turtle 1 :[(-1,-1), (0,14), (0,13), (0,12), (0,11), (0,10), (0,9), (-1,-1), (-1,-1), (-1,-1), (-1,-1)]
Turtle 2 :[(-2,-2), (3,18), (4,18), (5,18), (6,18), (6,17), (6,16), (-2,-2), (-2,-2), (-2,-2), (-2,-2)]
Turtle 3 :[(-3,-3), (14,19), (14,18), (13,18), (12,18), (11,18), (10,18), (-3,-3), (-3,-3), (-3,-3), (-3,-3)]
Turtle 4 :[(-4,-4), (6,18), (5,18), (4,18), (4,17), (3,17), (2,17), (-4,-4), (-4,-4), (-4,-4), (-4,-4)]
Turtle 5 :[(-5,-5), (12,1), (12,2), (12,2), (12,2), (12,3), (11,3), (11,3), (11,3), (11,3), (11,4)]

Shrinking Run 35
#Info# Executed steps before collision: 10, Found collision: false
Turtle 1 :[(-1,-1), (0,14), (0,13), (0,12), (0,11), (0,10), (0,9), (-1,-1), (-1,-1), (-1,-1), (-1,-1)]
Turtle 2 :[(-2,-2), (3,18), (4,18), (5,18), (6,18), (6,17), (6,16), (-2,-2), (-2,-2), (-2,-2), (-2,-2)]
Turtle 3 :[(-3,-3), (14,19), (14,18), (13,18), (12,18), (11,18), (10,18), (-3,-3), (-3,-3), (-3,-3), (-3,-3)]
Turtle 4 :[(-4,-4), (6,18), (6,19), (5,19), (5,18), (5,17), (4,17), (3,17), (2,17), (-4,-4), (-4,-4)]
Turtle 5 :[(-5,-5), (12,1), (12,2), (12,2), (12,2), (12,3), (12,3), (11,3), (11,3), (11,3), (11,4)]

Shrinking Run 36
#Info# Executed steps before collision: 10, Found collision: false
Turtle 1 :[(-1,-1), (0,14), (0,13), (0,12), (0,11), (0,10), (0,9), (-1,-1), (-1,-1), (-1,-1), (-1,-1)]
Turtle 2 :[(-2,-2), (3,18), (4,18), (5,18), (6,18), (6,17), (6,16), (-2,-2), (-2,-2), (-2,-2), (-2,-2)]
Turtle 3 :[(-3,-3), (14,19), (14,18), (13,18), (12,18), (11,18), (10,18), (-3,-3), (-3,-3), (-3,-3), (-3,-3)]
Turtle 4 :[(-4,-4), (6,18), (5,18), (4,18), (4,17), (3,17), (2,17), (-4,-4), (-4,-4), (-4,-4), (-4,-4)]
Turtle 5 :[(-5,-5), (12,1), (12,2), (12,2), (12,2), (12,3), (12,3), (12,3), (11,3), (11,3), (11,4)]

Shrinking Run 37
#Info# Executed steps before collision: 3, Found collision: true
Turtle 1 :[(-1,-1), (0,14), (0,13), (0,12), (0,11), (0,10), (0,9), (-1,-1), (-1,-1), (-1,-1), (-1,-1)]
Turtle 2 :[(-2,-2), (3,18), (3,18), (4,18), (4,19), (3,19), (4,19), (-2,-2), (-2,-2), (-2,-2), (-2,-2)]
Turtle 3 :[(-3,-3), (14,19), (14,18), (13,18), (12,18), (11,18), (10,18), (-3,-3), (-3,-3), (-3,-3), (-3,-3)]
Turtle 4 :[(-4,-4), (6,18), (5,18), (4,18), (4,17), (3,17), (2,17), (-4,-4), (-4,-4), (-4,-4), (-4,-4)]
Turtle 5 :[(-5,-5), (12,1), (12,2), (12,2), (12,2), (12,3), (12,3), (12,3), (12,3), (11,3), (11,4)]

Shrinking Run 38
#Info# Executed steps before collision: 4, Found collision: true
Turtle 1 :[(-1,-1), (0,14), (0,13), (0,12), (0,11), (0,10), (0,9), (-1,-1), (-1,-1), (-1,-1), (-1,-1)]
Turtle 2 :[(-2,-2), (3,18), (3,17), (4,17), (4,17), (4,16), (4,16), (4,16), (4,15), (4,15), (4,14)]
Turtle 3 :[(-3,-3), (14,19), (14,18), (13,18), (12,18), (11,18), (10,18), (-3,-3), (-3,-3), (-3,-3), (-3,-3)]
Turtle 4 :[(-4,-4), (6,18), (5,18), (4,18), (4,17), (3,17), (2,17), (-4,-4), (-4,-4), (-4,-4), (-4,-4)]
Turtle 5 :[(-5,-5), (12,1), (12,2), (12,2), (12,2), (12,3), (12,3), (12,3), (12,3), (11,3), (11,4)]

Shrinking Run 39
#Info# Executed steps before collision: 10, Found collision: false
Turtle 1 :[(-1,-1), (0,14), (0,13), (0,12), (0,11), (0,10), (0,9), (-1,-1), (-1,-1), (-1,-1), (-1,-1)]
Turtle 2 :[(-2,-2), (3,18), (3,17), (2,17), (2,17), (2,16), (2,16), (2,16), (2,15), (2,15), (2,14)]
Turtle 3 :[(-3,-3), (14,19), (14,18), (13,18), (12,18), (11,18), (10,18), (-3,-3), (-3,-3), (-3,-3), (-3,-3)]
Turtle 4 :[(-4,-4), (6,18), (5,18), (4,18), (4,17), (3,17), (2,17), (-4,-4), (-4,-4), (-4,-4), (-4,-4)]
Turtle 5 :[(-5,-5), (12,1), (12,2), (12,2), (12,2), (12,3), (12,3), (12,3), (12,3), (11,3), (11,4)]

Shrinking Run 40
#Info# Executed steps before collision: 10, Found collision: false
Turtle 1 :[(-1,-1), (0,14), (0,13), (0,12), (0,11), (0,10), (0,9), (-1,-1), (-1,-1), (-1,-1), (-1,-1)]
Turtle 2 :[(-2,-2), (3,18), (3,17), (3,16), (3,16), (3,15), (3,15), (3,15), (3,14), (3,14), (3,13)]
Turtle 3 :[(-3,-3), (14,19), (14,18), (13,18), (12,18), (11,18), (10,18), (-3,-3), (-3,-3), (-3,-3), (-3,-3)]
Turtle 4 :[(-4,-4), (6,18), (5,18), (4,18), (4,17), (3,17), (2,17), (-4,-4), (-4,-4), (-4,-4), (-4,-4)]
Turtle 5 :[(-5,-5), (12,1), (12,2), (12,2), (12,2), (12,3), (12,3), (12,3), (12,3), (11,3), (11,4)]

Shrinking Run 41
#Info# Executed steps before collision: 10, Found collision: false
Turtle 1 :[(-1,-1), (0,14), (0,13), (0,12), (0,11), (0,10), (0,9), (-1,-1), (-1,-1), (-1,-1), (-1,-1)]
Turtle 2 :[(-2,-2), (3,18), (3,17), (4,17), (4,16), (4,15), (4,14), (-2,-2), (-2,-2), (-2,-2), (-2,-2)]
Turtle 3 :[(-3,-3), (14,19), (14,18), (13,18), (12,18), (11,18), (10,18), (-3,-3), (-3,-3), (-3,-3), (-3,-3)]
Turtle 4 :[(-4,-4), (6,18), (5,18), (4,18), (4,17), (3,17), (2,17), (-4,-4), (-4,-4), (-4,-4), (-4,-4)]
Turtle 5 :[(-5,-5), (12,1), (12,2), (12,2), (12,2), (12,3), (12,3), (12,3), (12,3), (11,3), (11,4)]

Shrinking Run 42
#Info# Executed steps before collision: 10, Found collision: false
Turtle 1 :[(-1,-1), (0,14), (0,13), (0,12), (0,11), (0,10), (0,9), (-1,-1), (-1,-1), (-1,-1), (-1,-1)]
Turtle 2 :[(-2,-2), (3,18), (3,17), (4,17), (4,16), (4,15), (4,15), (4,14), (-2,-2), (-2,-2), (-2,-2)]
Turtle 3 :[(-3,-3), (14,19), (14,18), (13,18), (12,18), (11,18), (10,18), (-3,-3), (-3,-3), (-3,-3), (-3,-3)]
Turtle 4 :[(-4,-4), (6,18), (5,18), (4,18), (4,17), (3,17), (2,17), (-4,-4), (-4,-4), (-4,-4), (-4,-4)]
Turtle 5 :[(-5,-5), (12,1), (12,2), (12,2), (12,2), (12,3), (12,3), (12,3), (12,3), (11,3), (11,4)]

Shrinking Run 43
#Info# Executed steps before collision: 10, Found collision: false
Turtle 1 :[(-1,-1), (0,14), (0,13), (0,12), (0,11), (0,10), (0,9), (-1,-1), (-1,-1), (-1,-1), (-1,-1)]
Turtle 2 :[(-2,-2), (3,18), (3,17), (4,17), (4,16), (4,15), (4,15), (4,15), (4,14), (-2,-2), (-2,-2)]
Turtle 3 :[(-3,-3), (14,19), (14,18), (13,18), (12,18), (11,18), (10,18), (-3,-3), (-3,-3), (-3,-3), (-3,-3)]
Turtle 4 :[(-4,-4), (6,18), (5,18), (4,18), (4,17), (3,17), (2,17), (-4,-4), (-4,-4), (-4,-4), (-4,-4)]
Turtle 5 :[(-5,-5), (12,1), (12,2), (12,2), (12,2), (12,3), (12,3), (12,3), (12,3), (11,3), (11,4)]

Shrinking Run 44
#Info# Executed steps before collision: 4, Found collision: true
Turtle 1 :[(-1,-1), (0,14), (0,13), (0,12), (0,11), (0,10), (0,9), (-1,-1), (-1,-1), (-1,-1), (-1,-1)]
Turtle 2 :[(-2,-2), (3,18), (3,17), (4,17), (4,17), (3,17), (3,16), (4,16), (4,15), (4,14), (-2,-2)]
Turtle 3 :[(-3,-3), (14,19), (14,18), (13,18), (12,18), (11,18), (10,18), (-3,-3), (-3,-3), (-3,-3), (-3,-3)]
Turtle 4 :[(-4,-4), (6,18), (5,18), (4,18), (4,17), (4,16), (3,16), (3,17), (2,17), (-4,-4), (-4,-4)]
Turtle 5 :[(-5,-5), (12,1), (12,2), (12,2), (12,2), (12,3), (12,3), (12,3), (12,3), (11,3), (11,4)]

Shrinking Run 45
#Info# Executed steps before collision: 10, Found collision: false
Turtle 1 :[(-1,-1), (0,14), (0,13), (0,12), (0,11), (0,10), (0,9), (-1,-1), (-1,-1), (-1,-1), (-1,-1)]
Turtle 2 :[(-2,-2), (3,18), (4,18), (4,17), (4,17), (4,16), (4,16), (4,16), (4,15), (4,14), (-2,-2)]
Turtle 3 :[(-3,-3), (14,19), (14,18), (13,18), (12,18), (11,18), (10,18), (-3,-3), (-3,-3), (-3,-3), (-3,-3)]
Turtle 4 :[(-4,-4), (6,18), (5,18), (5,19), (5,18), (4,18), (3,18), (3,17), (2,17), (-4,-4), (-4,-4)]
Turtle 5 :[(-5,-5), (12,1), (12,2), (12,2), (12,2), (12,3), (12,3), (12,3), (12,3), (11,3), (11,4)]

Shrinking Run 46
#Info# Executed steps before collision: 10, Found collision: false
Turtle 1 :[(-1,-1), (0,14), (0,13), (0,12), (0,11), (0,10), (0,9), (-1,-1), (-1,-1), (-1,-1), (-1,-1)]
Turtle 2 :[(-2,-2), (3,18), (3,17), (4,17), (4,16), (4,15), (4,15), (4,15), (4,15), (4,14), (-2,-2)]
Turtle 3 :[(-3,-3), (14,19), (14,18), (13,18), (12,18), (11,18), (10,18), (-3,-3), (-3,-3), (-3,-3), (-3,-3)]
Turtle 4 :[(-4,-4), (6,18), (5,18), (4,18), (4,17), (3,17), (2,17), (-4,-4), (-4,-4), (-4,-4), (-4,-4)]
Turtle 5 :[(-5,-5), (12,1), (12,2), (12,2), (12,2), (12,3), (12,3), (12,3), (12,3), (11,3), (11,4)]

Shrinking Run 47
#Info# Executed steps before collision: 10, Found collision: false
Turtle 1 :[(-1,-1), (0,14), (0,13), (0,12), (0,11), (0,10), (0,9), (-1,-1), (-1,-1), (-1,-1), (-1,-1)]
Turtle 2 :[(-2,-2), (3,18), (3,17), (4,17), (4,17), (4,16), (4,15), (4,15), (4,15), (4,14), (-2,-2)]
Turtle 3 :[(-3,-3), (14,19), (14,18), (13,18), (12,18), (11,18), (10,18), (-3,-3), (-3,-3), (-3,-3), (-3,-3)]
Turtle 4 :[(-4,-4), (6,18), (5,18), (5,19), (4,19), (3,19), (3,18), (2,18), (2,17), (-4,-4), (-4,-4)]
Turtle 5 :[(-5,-5), (12,1), (12,2), (12,2), (12,2), (12,3), (12,3), (12,3), (12,3), (11,3), (11,4)]

Shrinking Run 48
#Info# Executed steps before collision: 10, Found collision: false
Turtle 1 :[(-1,-1), (0,14), (0,13), (0,12), (0,11), (0,10), (0,9), (-1,-1), (-1,-1), (-1,-1), (-1,-1)]
Turtle 2 :[(-2,-2), (3,18), (3,17), (4,17), (4,17), (4,16), (4,16), (4,15), (4,15), (4,14), (-2,-2)]
Turtle 3 :[(-3,-3), (14,19), (14,18), (13,18), (12,18), (11,18), (10,18), (-3,-3), (-3,-3), (-3,-3), (-3,-3)]
Turtle 4 :[(-4,-4), (6,18), (5,18), (5,18), (4,18), (4,17), (3,17), (2,17), (-4,-4), (-4,-4), (-4,-4)]
Turtle 5 :[(-5,-5), (12,1), (12,2), (12,2), (12,2), (12,3), (12,3), (12,3), (12,3), (11,3), (11,4)]

Shrinking Run 49
#Info# Executed steps before collision: 4, Found collision: true
Turtle 1 :[(-1,-1), (0,14), (0,13), (0,12), (0,11), (0,10), (0,9), (-1,-1), (-1,-1), (-1,-1), (-1,-1)]
Turtle 2 :[(-2,-2), (3,18), (3,17), (4,17), (4,17), (4,16), (4,16), (4,16), (4,15), (4,14), (-2,-2)]
Turtle 3 :[(-3,-3), (14,19), (13,19), (12,19), (12,18), (12,18), (12,17), (11,17), (-3,-3), (-3,-3), (-3,-3)]
Turtle 4 :[(-4,-4), (6,18), (5,18), (4,18), (4,17), (3,17), (2,17), (-4,-4), (-4,-4), (-4,-4), (-4,-4)]
Turtle 5 :[(-5,-5), (12,1), (12,2), (12,2), (12,2), (12,3), (12,3), (12,3), (12,3), (11,3), (11,4)]

Shrinking Run 50
#Info# Executed steps before collision: 4, Found collision: true
Turtle 1 :[(-1,-1), (0,14), (0,13), (0,12), (0,11), (0,10), (0,9), (-1,-1), (-1,-1), (-1,-1), (-1,-1)]
Turtle 2 :[(-2,-2), (3,18), (3,17), (4,17), (4,17), (4,16), (4,16), (4,16), (4,15), (4,14), (-2,-2)]
Turtle 3 :[(-3,-3), (14,19), (14,18), (13,18), (13,17), (13,17), (13,16), (12,16), (-3,-3), (-3,-3), (-3,-3)]
Turtle 4 :[(-4,-4), (6,18), (5,18), (4,18), (4,17), (3,17), (2,17), (-4,-4), (-4,-4), (-4,-4), (-4,-4)]
Turtle 5 :[(-5,-5), (12,1), (12,2), (12,2), (12,2), (12,3), (12,3), (12,3), (12,3), (11,3), (11,4)]

Shrinking Run 51
#Info# Executed steps before collision: 4, Found collision: true
Turtle 1 :[(-1,-1), (0,14), (0,13), (0,12), (0,11), (0,10), (0,9), (-1,-1), (-1,-1), (-1,-1), (-1,-1)]
Turtle 2 :[(-2,-2), (3,18), (3,17), (4,17), (4,17), (4,16), (4,16), (4,16), (4,15), (4,14), (-2,-2)]
Turtle 3 :[(-3,-3), (14,19), (13,19), (13,18), (13,17), (13,17), (12,17), (11,17), (-3,-3), (-3,-3), (-3,-3)]
Turtle 4 :[(-4,-4), (6,18), (5,18), (4,18), (4,17), (3,17), (2,17), (-4,-4), (-4,-4), (-4,-4), (-4,-4)]
Turtle 5 :[(-5,-5), (12,1), (12,2), (12,2), (12,2), (12,3), (12,3), (12,3), (12,3), (11,3), (11,4)]

Shrinking Run 52
#Info# Executed steps before collision: 4, Found collision: true
Turtle 1 :[(-1,-1), (0,14), (0,13), (0,12), (0,11), (0,10), (0,9), (-1,-1), (-1,-1), (-1,-1), (-1,-1)]
Turtle 2 :[(-2,-2), (3,18), (3,17), (4,17), (4,17), (4,16), (4,16), (4,16), (4,15), (4,14), (-2,-2)]
Turtle 3 :[(-3,-3), (14,19), (13,19), (13,18), (12,18), (12,18), (11,18), (11,17), (-3,-3), (-3,-3), (-3,-3)]
Turtle 4 :[(-4,-4), (6,18), (5,18), (4,18), (4,17), (3,17), (2,17), (-4,-4), (-4,-4), (-4,-4), (-4,-4)]
Turtle 5 :[(-5,-5), (12,1), (12,2), (12,2), (12,2), (12,3), (12,3), (12,3), (12,3), (11,3), (11,4)]

Shrinking Run 53
#Info# Executed steps before collision: 4, Found collision: true
Turtle 1 :[(-1,-1), (0,14), (0,13), (0,12), (0,11), (0,10), (0,9), (-1,-1), (-1,-1), (-1,-1), (-1,-1)]
Turtle 2 :[(-2,-2), (3,18), (3,17), (4,17), (4,17), (4,16), (4,16), (4,16), (4,15), (4,14), (-2,-2)]
Turtle 3 :[(-3,-3), (14,19), (13,19), (12,19), (11,19), (11,19), (10,19), (10,18), (-3,-3), (-3,-3), (-3,-3)]
Turtle 4 :[(-4,-4), (6,18), (5,18), (4,18), (4,17), (3,17), (2,17), (-4,-4), (-4,-4), (-4,-4), (-4,-4)]
Turtle 5 :[(-5,-5), (12,1), (12,2), (12,2), (12,2), (12,3), (12,3), (12,3), (12,3), (11,3), (11,4)]

Shrinking Run 54
#Info# Executed steps before collision: 10, Found collision: false
Turtle 1 :[(-1,-1), (0,14), (0,13), (0,12), (0,11), (0,10), (0,9), (-1,-1), (-1,-1), (-1,-1), (-1,-1)]
Turtle 2 :[(-2,-2), (3,18), (3,17), (4,17), (4,17), (4,16), (4,16), (4,16), (4,15), (4,14), (-2,-2)]
Turtle 3 :[(-3,-3), (14,19), (13,19), (12,19), (11,19), (11,19), (10,19), (9,19), (-3,-3), (-3,-3), (-3,-3)]
Turtle 4 :[(-4,-4), (6,18), (5,18), (6,18), (5,18), (4,18), (3,18), (2,18), (2,17), (-4,-4), (-4,-4)]
Turtle 5 :[(-5,-5), (12,1), (12,2), (12,2), (12,2), (12,3), (12,3), (12,3), (12,3), (11,3), (11,4)]

Shrinking Run 55
#Info# Executed steps before collision: 4, Found collision: true
Turtle 1 :[(-1,-1), (0,14), (0,13), (0,12), (0,11), (0,10), (0,9), (-1,-1), (-1,-1), (-1,-1), (-1,-1)]
Turtle 2 :[(-2,-2), (3,18), (3,17), (4,17), (4,17), (4,16), (4,16), (4,16), (4,15), (4,14), (-2,-2)]
Turtle 3 :[(-3,-3), (14,19), (13,19), (12,19), (11,19), (10,19), (10,18), (-3,-3), (-3,-3), (-3,-3), (-3,-3)]
Turtle 4 :[(-4,-4), (6,18), (5,18), (4,18), (4,17), (3,17), (2,17), (-4,-4), (-4,-4), (-4,-4), (-4,-4)]
Turtle 5 :[(-5,-5), (12,1), (12,2), (12,2), (12,2), (12,3), (12,3), (12,3), (12,3), (11,3), (11,4)]

Shrinking Run 56
#Info# Executed steps before collision: 10, Found collision: false
Turtle 1 :[(-1,-1), (0,14), (0,13), (0,12), (0,11), (0,10), (0,9), (-1,-1), (-1,-1), (-1,-1), (-1,-1)]
Turtle 2 :[(-2,-2), (3,18), (3,17), (4,17), (4,17), (4,16), (4,16), (4,16), (4,15), (4,14), (-2,-2)]
Turtle 3 :[(-3,-3), (14,19), (13,19), (12,19), (11,19), (10,19), (10,18), (-3,-3), (-3,-3), (-3,-3), (-3,-3)]
Turtle 4 :[(-4,-4), (6,18), (5,18), (4,18), (3,18), (2,18), (1,18), (-4,-4), (-4,-4), (-4,-4), (-4,-4)]
Turtle 5 :[(-5,-5), (12,1), (12,2), (12,2), (12,2), (12,3), (12,3), (12,3), (12,3), (11,3), (11,4)]

Shrinking Run 57
#Info# Executed steps before collision: 10, Found collision: false
Turtle 1 :[(-1,-1), (0,14), (0,13), (0,12), (0,11), (0,10), (0,9), (-1,-1), (-1,-1), (-1,-1), (-1,-1)]
Turtle 2 :[(-2,-2), (3,18), (3,17), (4,17), (4,17), (4,16), (4,16), (4,16), (4,15), (4,14), (-2,-2)]
Turtle 3 :[(-3,-3), (14,19), (13,19), (12,19), (11,19), (10,19), (10,18), (-3,-3), (-3,-3), (-3,-3), (-3,-3)]
Turtle 4 :[(-4,-4), (6,18), (5,18), (5,18), (4,18), (3,18), (3,17), (2,17), (-4,-4), (-4,-4), (-4,-4)]
Turtle 5 :[(-5,-5), (12,1), (12,2), (12,2), (12,2), (12,3), (12,3), (12,3), (12,3), (11,3), (11,4)]

Shrinking Run 58
#Info# Executed steps before collision: 4, Found collision: true
Turtle 1 :[(-1,-1), (0,14), (0,13), (0,12), (0,11), (0,10), (0,9), (-1,-1), (-1,-1), (-1,-1), (-1,-1), (-1,-1)]
Turtle 2 :[(-2,-2), (3,18), (3,17), (4,17), (4,17), (4,16), (4,15), (4,14), (-2,-2), (-2,-2), (-2,-2), (-2,-2)]
Turtle 3 :[(-3,-3), (14,19), (13,19), (12,19), (11,19), (10,19), (10,18), (-3,-3), (-3,-3), (-3,-3), (-3,-3), (-3,-3)]
Turtle 4 :[(-4,-4), (6,18), (5,18), (4,18), (4,17), (3,17), (2,17), (-4,-4), (-4,-4), (-4,-4), (-4,-4), (-4,-4)]
Turtle 5 :[(-5,-5), (12,1), (11,1), (11,1), (11,2), (10,2), (10,2), (10,2), (10,2), (9,2), (9,2), (9,3)]

Shrinking Run 59
#Info# Executed steps before collision: 11, Found collision: false
Turtle 1 :[(-1,-1), (0,14), (0,13), (0,12), (0,11), (0,10), (0,9), (-1,-1), (-1,-1), (-1,-1), (-1,-1), (-1,-1)]
Turtle 2 :[(-2,-2), (3,18), (3,17), (4,17), (4,17), (4,16), (4,16), (4,16), (4,15), (4,14), (-2,-2), (-2,-2)]
Turtle 3 :[(-3,-3), (14,19), (13,19), (12,19), (11,19), (10,19), (10,18), (-3,-3), (-3,-3), (-3,-3), (-3,-3), (-3,-3)]
Turtle 4 :[(-4,-4), (6,18), (5,18), (5,18), (4,18), (4,18), (4,17), (3,17), (2,17), (-4,-4), (-4,-4), (-4,-4)]
Turtle 5 :[(-5,-5), (12,1), (11,1), (11,1), (10,1), (9,1), (9,1), (9,1), (9,1), (8,1), (8,1), (8,0)]

Shrinking Run 60
#Info# Executed steps before collision: 4, Found collision: true
Turtle 1 :[(-1,-1), (0,14), (0,13), (0,12), (0,11), (0,10), (0,9), (-1,-1), (-1,-1), (-1,-1), (-1,-1), (-1,-1)]
Turtle 2 :[(-2,-2), (3,18), (3,17), (4,17), (4,17), (4,16), (4,16), (4,16), (4,15), (4,14), (-2,-2), (-2,-2)]
Turtle 3 :[(-3,-3), (14,19), (13,19), (12,19), (11,19), (10,19), (10,18), (-3,-3), (-3,-3), (-3,-3), (-3,-3), (-3,-3)]
Turtle 4 :[(-4,-4), (6,18), (5,18), (4,18), (4,17), (3,17), (2,17), (-4,-4), (-4,-4), (-4,-4), (-4,-4), (-4,-4)]
Turtle 5 :[(-5,-5), (12,1), (11,1), (11,1), (10,1), (9,1), (9,1), (9,1), (9,1), (8,1), (8,1), (8,2)]

Shrinking Run 61
#Info# Executed steps before collision: 4, Found collision: true
Turtle 1 :[(-1,-1), (0,14), (0,13), (0,12), (0,11), (0,10), (0,9), (-1,-1), (-1,-1), (-1,-1), (-1,-1), (-1,-1)]
Turtle 2 :[(-2,-2), (3,18), (3,17), (4,17), (4,17), (4,16), (4,16), (4,16), (4,15), (4,14), (-2,-2), (-2,-2)]
Turtle 3 :[(-3,-3), (14,19), (13,19), (12,19), (11,19), (10,19), (10,18), (-3,-3), (-3,-3), (-3,-3), (-3,-3), (-3,-3)]
Turtle 4 :[(-4,-4), (6,18), (5,18), (4,18), (4,17), (3,17), (2,17), (-4,-4), (-4,-4), (-4,-4), (-4,-4), (-4,-4)]
Turtle 5 :[(-5,-5), (12,1), (11,1), (11,1), (10,1), (9,1), (9,1), (9,1), (9,1), (8,1), (8,1), (7,1)]

Shrinking Run 62
#Info# Executed steps before collision: 4, Found collision: true
Turtle 1 :[(-1,-1), (0,14), (0,13), (0,12), (0,11), (0,10), (0,9), (-1,-1)]
Turtle 2 :[(-2,-2), (3,18), (3,17), (4,17), (4,17), (4,16), (4,15), (4,14)]
Turtle 3 :[(-3,-3), (14,19), (13,19), (12,19), (11,19), (10,19), (10,18), (-3,-3)]
Turtle 4 :[(-4,-4), (6,18), (5,18), (4,18), (4,17), (3,17), (2,17), (-4,-4)]
Turtle 5 :[(-5,-5), (12,1), (11,1), (10,1), (9,1), (8,1), (7,1), (-5,-5)]

Shrinking Run 63
#Info# Executed steps before collision: 10, Found collision: false
Turtle 1 :[(-1,-1), (0,14), (0,13), (0,12), (0,11), (0,10), (0,9), (-1,-1), (-1,-1), (-1,-1), (-1,-1)]
Turtle 2 :[(-2,-2), (3,18), (3,17), (2,17), (2,17), (2,16), (2,16), (2,16), (2,15), (2,15), (2,14)]
Turtle 3 :[(-3,-3), (14,19), (13,19), (12,19), (11,19), (10,19), (10,18), (-3,-3), (-3,-3), (-3,-3), (-3,-3)]
Turtle 4 :[(-4,-4), (6,18), (5,18), (4,18), (4,17), (3,17), (3,18), (3,17), (2,17), (-4,-4), (-4,-4)]
Turtle 5 :[(-5,-5), (12,1), (11,1), (10,1), (9,1), (8,1), (7,1), (-5,-5), (-5,-5), (-5,-5), (-5,-5)]

Shrinking Run 64
#Info# Executed steps before collision: 10, Found collision: false
Turtle 1 :[(-1,-1), (0,14), (0,13), (0,12), (0,11), (0,10), (0,9), (-1,-1), (-1,-1), (-1,-1), (-1,-1)]
Turtle 2 :[(-2,-2), (3,18), (3,17), (3,16), (3,16), (3,15), (3,15), (3,15), (3,14), (3,14), (3,13)]
Turtle 3 :[(-3,-3), (14,19), (13,19), (12,19), (11,19), (10,19), (10,18), (-3,-3), (-3,-3), (-3,-3), (-3,-3)]
Turtle 4 :[(-4,-4), (6,18), (5,18), (4,18), (4,17), (3,17), (2,17), (-4,-4), (-4,-4), (-4,-4), (-4,-4)]
Turtle 5 :[(-5,-5), (12,1), (11,1), (10,1), (9,1), (8,1), (7,1), (-5,-5), (-5,-5), (-5,-5), (-5,-5)]

Shrinking Run 65
#Info# Executed steps before collision: 6, Found collision: false
Turtle 1 :[(-1,-1), (0,14), (0,13), (0,12), (0,11), (0,10), (0,9)]
Turtle 2 :[(-2,-2), (3,18), (3,17), (4,17), (4,16), (4,15), (4,14)]
Turtle 3 :[(-3,-3), (14,19), (13,19), (12,19), (11,19), (10,19), (10,18)]
Turtle 4 :[(-4,-4), (6,18), (5,18), (4,18), (4,17), (3,17), (2,17)]
Turtle 5 :[(-5,-5), (12,1), (11,1), (10,1), (9,1), (8,1), (7,1)]

Shrinking Run 66
#Info# Executed steps before collision: 7, Found collision: false
Turtle 1 :[(-1,-1), (0,14), (0,13), (0,12), (0,11), (0,10), (0,9), (-1,-1)]
Turtle 2 :[(-2,-2), (3,18), (3,17), (4,17), (4,16), (4,15), (4,15), (4,14)]
Turtle 3 :[(-3,-3), (14,19), (13,19), (12,19), (11,19), (10,19), (10,18), (-3,-3)]
Turtle 4 :[(-4,-4), (6,18), (5,18), (4,18), (4,17), (3,17), (2,17), (-4,-4)]
Turtle 5 :[(-5,-5), (12,1), (11,1), (10,1), (9,1), (8,1), (7,1), (-5,-5)]

Shrinking Run 67
#Info# Executed steps before collision: 8, Found collision: false
Turtle 1 :[(-1,-1), (0,14), (0,13), (0,12), (0,11), (0,10), (0,9), (-1,-1), (-1,-1)]
Turtle 2 :[(-2,-2), (3,18), (3,17), (4,17), (4,16), (4,15), (4,15), (4,15), (4,14)]
Turtle 3 :[(-3,-3), (14,19), (13,19), (12,19), (11,19), (10,19), (10,18), (-3,-3), (-3,-3)]
Turtle 4 :[(-4,-4), (6,18), (5,18), (4,18), (4,17), (3,17), (2,17), (-4,-4), (-4,-4)]
Turtle 5 :[(-5,-5), (12,1), (11,1), (10,1), (9,1), (8,1), (7,1), (-5,-5), (-5,-5)]

Shrinking Run 68
#Info# Executed steps before collision: 4, Found collision: true
Turtle 1 :[(-1,-1), (0,14), (0,13), (0,12), (0,11), (0,10), (0,9), (-1,-1), (-1,-1), (-1,-1)]
Turtle 2 :[(-2,-2), (3,18), (4,18), (4,17), (4,17), (4,16), (4,16), (4,16), (4,15), (4,14)]
Turtle 3 :[(-3,-3), (14,19), (13,19), (12,19), (11,19), (10,19), (10,18), (-3,-3), (-3,-3), (-3,-3)]
Turtle 4 :[(-4,-4), (6,18), (5,18), (4,18), (4,17), (3,17), (2,17), (-4,-4), (-4,-4), (-4,-4)]
Turtle 5 :[(-5,-5), (12,1), (11,1), (10,1), (9,1), (8,1), (7,1), (-5,-5), (-5,-5), (-5,-5)]

Shrinking Run 69
#Info# Executed steps before collision: 9, Found collision: false
Turtle 1 :[(-1,-1), (0,14), (0,13), (0,12), (0,11), (0,10), (0,9), (-1,-1), (-1,-1), (-1,-1)]
Turtle 2 :[(-2,-2), (3,18), (4,18), (4,17), (4,16), (4,15), (4,15), (4,15), (4,15), (4,14)]
Turtle 3 :[(-3,-3), (14,19), (13,19), (12,19), (11,19), (10,19), (10,18), (-3,-3), (-3,-3), (-3,-3)]
Turtle 4 :[(-4,-4), (6,18), (6,18), (5,18), (5,17), (4,17), (3,17), (2,17), (-4,-4), (-4,-4)]
Turtle 5 :[(-5,-5), (12,1), (11,1), (10,1), (9,1), (8,1), (7,1), (-5,-5), (-5,-5), (-5,-5)]

Shrinking Run 70
#Info# Executed steps before collision: 4, Found collision: true
Turtle 1 :[(-1,-1), (0,14), (0,13), (0,12), (0,11), (0,10), (0,9), (-1,-1), (-1,-1), (-1,-1)]
Turtle 2 :[(-2,-2), (3,18), (4,18), (4,17), (4,17), (4,16), (4,15), (4,15), (4,15), (4,14)]
Turtle 3 :[(-3,-3), (14,19), (13,19), (12,19), (11,19), (10,19), (10,18), (-3,-3), (-3,-3), (-3,-3)]
Turtle 4 :[(-4,-4), (6,18), (5,18), (4,18), (4,17), (3,17), (2,17), (-4,-4), (-4,-4), (-4,-4)]
Turtle 5 :[(-5,-5), (12,1), (11,1), (10,1), (9,1), (8,1), (7,1), (-5,-5), (-5,-5), (-5,-5)]

Shrinking Run 71
#Info# Executed steps before collision: 4, Found collision: true
Turtle 1 :[(-1,-1), (0,14), (0,13), (0,12), (0,11), (0,10), (0,9), (-1,-1), (-1,-1), (-1,-1)]
Turtle 2 :[(-2,-2), (3,18), (4,18), (4,17), (4,17), (4,16), (4,15), (4,15), (4,15), (4,14)]
Turtle 3 :[(-3,-3), (14,19), (13,19), (12,19), (11,19), (11,19), (10,19), (9,19), (-3,-3), (-3,-3)]
Turtle 4 :[(-4,-4), (6,18), (5,18), (4,18), (4,17), (3,17), (2,17), (-4,-4), (-4,-4), (-4,-4)]
Turtle 5 :[(-5,-5), (12,1), (11,1), (10,1), (9,1), (8,1), (7,1), (-5,-5), (-5,-5), (-5,-5)]

Shrinking Run 72
#Info# Executed steps before collision: 9, Found collision: false
Turtle 1 :[(-1,-1), (0,14), (0,13), (0,12), (0,11), (0,10), (0,9), (-1,-1), (-1,-1), (-1,-1)]
Turtle 2 :[(-2,-2), (3,18), (4,18), (4,17), (4,17), (4,16), (4,15), (4,15), (4,15), (4,14)]
Turtle 3 :[(-3,-3), (14,19), (13,19), (12,19), (11,19), (10,19), (9,19), (-3,-3), (-3,-3), (-3,-3)]
Turtle 4 :[(-4,-4), (6,18), (5,18), (5,19), (4,19), (4,18), (3,18), (3,17), (2,17), (-4,-4)]
Turtle 5 :[(-5,-5), (12,1), (11,1), (10,1), (9,1), (8,1), (7,1), (-5,-5), (-5,-5), (-5,-5)]

Shrinking Run 73
#Info# Executed steps before collision: 4, Found collision: true
Turtle 1 :[(-1,-1), (0,14), (0,13), (0,12), (0,11), (0,10), (0,9), (-1,-1), (-1,-1), (-1,-1)]
Turtle 2 :[(-2,-2), (3,18), (4,18), (4,17), (4,17), (4,16), (4,15), (4,15), (4,15), (4,14)]
Turtle 3 :[(-3,-3), (14,19), (13,19), (12,19), (11,19), (10,19), (10,19), (9,19), (-3,-3), (-3,-3)]
Turtle 4 :[(-4,-4), (6,18), (5,18), (4,18), (4,17), (3,17), (2,17), (-4,-4), (-4,-4), (-4,-4)]
Turtle 5 :[(-5,-5), (12,1), (11,1), (10,1), (9,1), (8,1), (7,1), (-5,-5), (-5,-5), (-5,-5)]

Shrinking Run 74
#Info# Executed steps before collision: 9, Found collision: false
Turtle 1 :[(-1,-1), (0,14), (0,13), (0,12), (0,11), (0,10), (0,9), (-1,-1), (-1,-1), (-1,-1)]
Turtle 2 :[(-2,-2), (3,18), (4,18), (4,17), (4,17), (4,16), (4,15), (4,15), (4,15), (4,14)]
Turtle 3 :[(-3,-3), (14,19), (13,19), (12,19), (11,19), (10,19), (10,19), (9,19), (-3,-3), (-3,-3)]
Turtle 4 :[(-4,-4), (6,18), (5,18), (6,18), (5,18), (4,18), (3,18), (2,18), (1,18), (-4,-4)]
Turtle 5 :[(-5,-5), (12,1), (11,1), (10,1), (9,1), (8,1), (7,1), (-5,-5), (-5,-5), (-5,-5)]

Shrinking Run 75
#Info# Executed steps before collision: 9, Found collision: false
Turtle 1 :[(-1,-1), (0,14), (0,13), (0,12), (0,11), (0,10), (0,9), (-1,-1), (-1,-1), (-1,-1)]
Turtle 2 :[(-2,-2), (3,18), (4,18), (4,17), (4,17), (4,16), (4,15), (4,15), (4,15), (4,14)]
Turtle 3 :[(-3,-3), (14,19), (13,19), (12,19), (11,19), (10,19), (10,19), (9,19), (-3,-3), (-3,-3)]
Turtle 4 :[(-4,-4), (6,18), (5,18), (4,18), (3,18), (3,17), (2,17), (-4,-4), (-4,-4), (-4,-4)]
Turtle 5 :[(-5,-5), (12,1), (11,1), (10,1), (9,1), (8,1), (7,1), (-5,-5), (-5,-5), (-5,-5)]

Shrinking Run 76
#Info# Executed steps before collision: 4, Found collision: true
Turtle 1 :[(-1,-1), (0,14), (0,13), (0,12), (0,11), (0,10), (0,9), (-1,-1), (-1,-1), (-1,-1), (-1,-1), (-1,-1)]
Turtle 2 :[(-2,-2), (3,18), (4,18), (4,17), (4,17), (4,16), (4,15), (4,15), (4,15), (4,14), (-2,-2), (-2,-2)]
Turtle 3 :[(-3,-3), (14,19), (13,19), (12,19), (11,19), (10,19), (10,19), (9,19), (-3,-3), (-3,-3), (-3,-3), (-3,-3)]
Turtle 4 :[(-4,-4), (6,18), (5,18), (4,18), (4,17), (3,17), (2,17), (-4,-4), (-4,-4), (-4,-4), (-4,-4), (-4,-4)]
Turtle 5 :[(-5,-5), (12,1), (11,1), (11,1), (10,1), (9,1), (9,1), (9,1), (9,1), (8,1), (8,1), (8,0)]

Shrinking Run 77
#Info# Executed steps before collision: 4, Found collision: true
Turtle 1 :[(-1,-1), (0,14), (0,13), (0,12), (0,11), (0,10), (0,9), (-1,-1), (-1,-1), (-1,-1), (-1,-1), (-1,-1)]
Turtle 2 :[(-2,-2), (3,18), (4,18), (4,17), (4,17), (4,16), (4,15), (4,15), (4,15), (4,14), (-2,-2), (-2,-2)]
Turtle 3 :[(-3,-3), (14,19), (13,19), (12,19), (11,19), (10,19), (10,19), (9,19), (-3,-3), (-3,-3), (-3,-3), (-3,-3)]
Turtle 4 :[(-4,-4), (6,18), (5,18), (5,17), (4,17), (3,17), (2,17), (-4,-4), (-4,-4), (-4,-4), (-4,-4), (-4,-4)]
Turtle 5 :[(-5,-5), (12,1), (11,1), (11,1), (10,1), (9,1), (9,1), (9,1), (9,1), (8,1), (8,1), (7,1)]

Shrinking Run 78
#Info# Executed steps before collision: 10, Found collision: false
Turtle 1 :[(-1,-1), (0,14), (0,13), (0,12), (0,11), (0,10), (0,9), (-1,-1), (-1,-1), (-1,-1), (-1,-1)]
Turtle 2 :[(-2,-2), (3,18), (3,17), (2,17), (2,17), (2,16), (2,16), (2,16), (2,15), (2,15), (2,14)]
Turtle 3 :[(-3,-3), (14,19), (13,19), (12,19), (11,19), (10,19), (10,19), (9,19), (-3,-3), (-3,-3), (-3,-3)]
Turtle 4 :[(-4,-4), (6,18), (5,18), (4,18), (4,17), (3,17), (2,17), (-4,-4), (-4,-4), (-4,-4), (-4,-4)]
Turtle 5 :[(-5,-5), (12,1), (11,1), (10,1), (9,1), (8,1), (7,1), (-5,-5), (-5,-5), (-5,-5), (-5,-5)]

Shrinking Run 79
#Info# Executed steps before collision: 10, Found collision: false
Turtle 1 :[(-1,-1), (0,14), (0,13), (0,12), (0,11), (0,10), (0,9), (-1,-1), (-1,-1), (-1,-1), (-1,-1)]
Turtle 2 :[(-2,-2), (3,18), (3,17), (3,16), (3,16), (3,15), (3,15), (3,15), (3,14), (3,14), (3,13)]
Turtle 3 :[(-3,-3), (14,19), (13,19), (12,19), (11,19), (10,19), (10,19), (9,19), (-3,-3), (-3,-3), (-3,-3)]
Turtle 4 :[(-4,-4), (6,18), (5,18), (4,18), (4,17), (3,17), (2,17), (-4,-4), (-4,-4), (-4,-4), (-4,-4)]
Turtle 5 :[(-5,-5), (12,1), (11,1), (10,1), (9,1), (8,1), (7,1), (-5,-5), (-5,-5), (-5,-5), (-5,-5)]

Shrinking Run 80
#Info# Executed steps before collision: 7, Found collision: false
Turtle 1 :[(-1,-1), (0,14), (0,13), (0,12), (0,11), (0,10), (0,9), (-1,-1)]
Turtle 2 :[(-2,-2), (3,18), (3,17), (4,17), (4,16), (4,15), (4,14), (-2,-2)]
Turtle 3 :[(-3,-3), (14,19), (13,19), (12,19), (11,19), (10,19), (10,19), (9,19)]
Turtle 4 :[(-4,-4), (6,18), (5,18), (4,18), (4,17), (3,17), (2,17), (-4,-4)]
Turtle 5 :[(-5,-5), (12,1), (11,1), (10,1), (9,1), (8,1), (7,1), (-5,-5)]

Shrinking Run 81
#Info# Executed steps before collision: 7, Found collision: false
Turtle 1 :[(-1,-1), (0,14), (0,13), (0,12), (0,11), (0,10), (0,9), (-1,-1)]
Turtle 2 :[(-2,-2), (3,18), (3,17), (4,17), (4,16), (4,15), (4,15), (4,14)]
Turtle 3 :[(-3,-3), (14,19), (13,19), (12,19), (11,19), (10,19), (10,19), (9,19)]
Turtle 4 :[(-4,-4), (6,18), (5,18), (4,18), (4,17), (3,17), (2,17), (-4,-4)]
Turtle 5 :[(-5,-5), (12,1), (11,1), (10,1), (9,1), (8,1), (7,1), (-5,-5)]

Shrinking Run 82
#Info# Executed steps before collision: 8, Found collision: false
Turtle 1 :[(-1,-1), (0,14), (0,13), (0,12), (0,11), (0,10), (0,9), (-1,-1), (-1,-1)]
Turtle 2 :[(-2,-2), (3,18), (3,17), (4,17), (4,16), (4,15), (4,15), (4,15), (4,14)]
Turtle 3 :[(-3,-3), (14,19), (13,19), (12,19), (11,19), (10,19), (10,19), (9,19), (-3,-3)]
Turtle 4 :[(-4,-4), (6,18), (5,18), (4,18), (4,17), (3,17), (2,17), (-4,-4), (-4,-4)]
Turtle 5 :[(-5,-5), (12,1), (11,1), (10,1), (9,1), (8,1), (7,1), (-5,-5), (-5,-5)]

Shrinking Run 83
#Info# Executed steps before collision: 9, Found collision: false
Turtle 1 :[(-1,-1), (0,14), (0,13), (0,12), (0,11), (0,10), (0,9), (-1,-1), (-1,-1), (-1,-1)]
Turtle 2 :[(-2,-2), (3,18), (4,18), (4,17), (4,16), (4,15), (4,15), (4,15), (4,15), (4,14)]
Turtle 3 :[(-3,-3), (14,19), (13,19), (12,19), (11,19), (10,19), (10,19), (9,19), (-3,-3), (-3,-3)]
Turtle 4 :[(-4,-4), (6,18), (5,18), (4,18), (4,17), (3,17), (2,17), (-4,-4), (-4,-4), (-4,-4)]
Turtle 5 :[(-5,-5), (12,1), (11,1), (10,1), (9,1), (8,1), (7,1), (-5,-5), (-5,-5), (-5,-5)]

Shrink Run 84
#Info# Executed steps before collision: 9, Found collision: false
Turtle 1 :[(-1,-1), (0,14), (0,13), (0,12), (0,11), (0,10), (0,9), (-1,-1), (-1,-1), (-1,-1)]
Turtle 2 :[(-2,-2), (3,18), (4,18), (4,17), (4,17), (4,16), (4,15), (4,15), (4,15), (4,14)]
Turtle 3 :[(-3,-3), (14,19), (13,19), (12,19), (11,19), (10,19), (10,19), (9,19), (-3,-3), (-3,-3)]
Turtle 4 :[(-4,-4), (6,18), (5,18), (4,18), (3,18), (2,18), (2,17), (-4,-4), (-4,-4), (-4,-4)]
Turtle 5 :[(-5,-5), (12,1), (11,1), (10,1), (9,1), (8,1), (7,1), (-5,-5), (-5,-5), (-5,-5)]

