Shrinking Run 1
#Info# Executed steps before collision: 2, Found collision: true
Turtle 1 :[(-1,-1), (11,13), (10,13), (10,12), (10,11), (9,11), (9,11), (9,10)]
Turtle 2 :[(-2,-2), (0,15), (0,16), (-2,-2), (-2,-2), (-2,-2), (-2,-2), (-2,-2)]
Turtle 3 :[(-3,-3), (14,5), (13,5), (13,6), (13,7), (12,7), (12,8), (-3,-3)]
Turtle 4 :[(-4,-4), (18,17), (18,17), (19,17), (19,18), (19,18), (19,18), (-4,-4)]
Turtle 5 :[(-5,-5), (13,6), (13,5), (13,4), (13,3), (13,2), (13,1), (-5,-5)]

Shrinking Run 2
#Info# Executed steps before collision: 2, Found collision: true
Turtle 1 :[(-1,-1), (11,13), (10,13), (10,12), (9,12), (8,12), (8,12), (8,11)]
Turtle 2 :[(-2,-2), (0,15), (0,16), (-2,-2), (-2,-2), (-2,-2), (-2,-2), (-2,-2)]
Turtle 3 :[(-3,-3), (14,5), (13,5), (13,6), (13,7), (12,7), (12,8), (-3,-3)]
Turtle 4 :[(-4,-4), (18,17), (18,17), (19,17), (19,18), (19,18), (19,18), (-4,-4)]
Turtle 5 :[(-5,-5), (13,6), (13,5), (13,4), (13,3), (13,2), (13,1), (-5,-5)]

Shrinking Run 3
#Info# Executed steps before collision: 2, Found collision: true
Turtle 1 :[(-1,-1), (11,13), (10,13), (9,13), (8,13), (7,13), (7,13), (7,12)]
Turtle 2 :[(-2,-2), (0,15), (0,16), (-2,-2), (-2,-2), (-2,-2), (-2,-2), (-2,-2)]
Turtle 3 :[(-3,-3), (14,5), (13,5), (13,6), (13,7), (12,7), (12,8), (-3,-3)]
Turtle 4 :[(-4,-4), (18,17), (18,17), (19,17), (19,18), (19,18), (19,18), (-4,-4)]
Turtle 5 :[(-5,-5), (13,6), (13,5), (13,4), (13,3), (13,2), (13,1), (-5,-5)]

Shrinking Run 4
#Info# Executed steps before collision: 2, Found collision: true
Turtle 1 :[(-1,-1), (11,13), (10,13), (9,13), (8,13), (7,13), (7,13), (6,13)]
Turtle 2 :[(-2,-2), (0,15), (0,16), (-2,-2), (-2,-2), (-2,-2), (-2,-2), (-2,-2)]
Turtle 3 :[(-3,-3), (14,5), (13,5), (13,6), (13,7), (12,7), (12,8), (-3,-3)]
Turtle 4 :[(-4,-4), (18,17), (18,17), (19,17), (19,18), (19,18), (19,18), (-4,-4)]
Turtle 5 :[(-5,-5), (13,6), (13,5), (13,4), (13,3), (13,2), (13,1), (-5,-5)]

Shrinking Run 5
#Info# Executed steps before collision: 2, Found collision: true
Turtle 1 :[(-1,-1), (11,13), (10,13), (9,13), (8,13), (7,13), (6,13)]
Turtle 2 :[(-2,-2), (0,15), (0,16), (-2,-2), (-2,-2), (-2,-2), (-2,-2)]
Turtle 3 :[(-3,-3), (14,5), (13,5), (13,6), (13,7), (12,7), (12,8)]
Turtle 4 :[(-4,-4), (18,17), (18,17), (19,17), (19,18), (19,18), (19,18)]
Turtle 5 :[(-5,-5), (13,6), (13,5), (13,4), (13,3), (13,2), (13,1)]

Shrinking Run 6
#Info# Executed steps before collision: 2, Found collision: true
Turtle 1 :[(-1,-1), (11,13), (10,13), (9,13), (8,13), (7,13), (6,13), (-1,-1), (-1,-1)]
Turtle 2 :[(-2,-2), (0,15), (0,15), (0,14), (0,13), (0,12), (0,12), (0,11), (0,10)]
Turtle 3 :[(-3,-3), (14,5), (13,5), (13,6), (13,7), (12,7), (12,8), (-3,-3), (-3,-3)]
Turtle 4 :[(-4,-4), (18,17), (18,17), (19,17), (19,18), (19,18), (19,18), (-4,-4), (-4,-4)]
Turtle 5 :[(-5,-5), (13,6), (13,5), (13,4), (13,3), (13,2), (13,1), (-5,-5), (-5,-5)]

Shrinking Run 7
#Info# Executed steps before collision: 2, Found collision: true
Turtle 1 :[(-1,-1), (11,13), (10,13), (9,13), (8,13), (7,13), (6,13)]
Turtle 2 :[(-2,-2), (0,15), (0,14), (0,13), (0,12), (0,11), (0,10)]
Turtle 3 :[(-3,-3), (14,5), (13,5), (13,6), (13,7), (12,7), (12,8)]
Turtle 4 :[(-4,-4), (18,17), (18,17), (19,17), (19,18), (19,18), (19,18)]
Turtle 5 :[(-5,-5), (13,6), (13,5), (13,4), (13,3), (13,2), (13,1)]

Shrinking Run 8
#Info# Executed steps before collision: 2, Found collision: true
Turtle 1 :[(-1,-1), (11,13), (10,13), (9,13), (8,13), (7,13), (6,13)]
Turtle 2 :[(-2,-2), (0,15), (0,14), (0,13), (0,12), (0,11), (0,10)]
Turtle 3 :[(-3,-3), (14,5), (13,5), (13,6), (13,7), (12,7), (11,7)]
Turtle 4 :[(-4,-4), (18,17), (18,17), (19,17), (19,18), (19,18), (19,18)]
Turtle 5 :[(-5,-5), (13,6), (13,5), (13,4), (13,3), (13,2), (13,1)]

Shrinking Run 9
#Info# Executed steps before collision: 2, Found collision: true
Turtle 1 :[(-1,-1), (11,13), (10,13), (9,13), (8,13), (7,13), (6,13), (-1,-1), (-1,-1)]
Turtle 2 :[(-2,-2), (0,15), (0,14), (0,13), (0,12), (0,11), (0,10), (-2,-2), (-2,-2)]
Turtle 3 :[(-3,-3), (14,5), (13,5), (13,4), (13,3), (12,3), (11,3), (-3,-3), (-3,-3)]
Turtle 4 :[(-4,-4), (18,17), (18,17), (19,17), (19,18), (19,18), (19,18), (-4,-4), (-4,-4)]
Turtle 5 :[(-5,-5), (13,6), (13,5), (13,4), (14,4), (14,3), (14,2), (14,1), (13,1)]

Shrinking Run 10
#Info# Executed steps before collision: 2, Found collision: true
Turtle 1 :[(-1,-1), (11,13), (10,13), (9,13), (8,13), (7,13), (6,13)]
Turtle 2 :[(-2,-2), (0,15), (0,14), (0,13), (0,12), (0,11), (0,10)]
Turtle 3 :[(-3,-3), (14,5), (13,5), (12,5), (12,4), (11,4), (10,4)]
Turtle 4 :[(-4,-4), (18,17), (18,17), (19,17), (19,18), (19,18), (19,18)]
Turtle 5 :[(-5,-5), (13,6), (13,5), (13,4), (13,3), (13,2), (13,1)]

Shrinking Run 11
#Info# Executed steps before collision: 8, Found collision: false
Turtle 1 :[(-1,-1), (11,13), (10,13), (9,13), (8,13), (7,13), (6,13), (-1,-1), (-1,-1)]
Turtle 2 :[(-2,-2), (0,15), (0,14), (0,13), (0,12), (0,11), (0,10), (-2,-2), (-2,-2)]
Turtle 3 :[(-3,-3), (14,5), (13,5), (12,5), (11,5), (10,5), (9,5), (-3,-3), (-3,-3)]
Turtle 4 :[(-4,-4), (18,17), (18,17), (19,17), (19,18), (19,18), (19,18), (-4,-4), (-4,-4)]
Turtle 5 :[(-5,-5), (13,6), (14,6), (13,6), (13,5), (13,4), (13,3), (13,2), (13,1)]

Shrinking Run 12
#Info# Executed steps before collision: 3, Found collision: true
Turtle 1 :[(-1,-1), (11,13), (10,13), (9,13), (8,13), (7,13), (6,13), (-1,-1), (-1,-1)]
Turtle 2 :[(-2,-2), (0,15), (0,14), (0,13), (0,12), (0,11), (0,10), (-2,-2), (-2,-2)]
Turtle 3 :[(-3,-3), (14,5), (13,5), (12,5), (11,5), (12,5), (11,5), (10,5), (10,4)]
Turtle 4 :[(-4,-4), (18,17), (18,17), (19,17), (19,18), (19,18), (19,18), (-4,-4), (-4,-4)]
Turtle 5 :[(-5,-5), (13,6), (12,6), (12,5), (12,4), (12,3), (12,2), (12,1), (13,1)]

Shrinking Run 13
#Info# Executed steps before collision: 2, Found collision: true
Turtle 1 :[(-1,-1), (11,13), (10,13), (9,13), (8,13), (7,13), (6,13)]
Turtle 2 :[(-2,-2), (0,15), (0,14), (0,13), (0,12), (0,11), (0,10)]
Turtle 3 :[(-3,-3), (14,5), (13,5), (12,5), (11,5), (11,4), (10,4)]
Turtle 4 :[(-4,-4), (18,17), (17,17), (16,17), (15,17), (14,17), (14,18)]
Turtle 5 :[(-5,-5), (13,6), (13,5), (13,4), (13,3), (13,2), (13,1)]

Shrinking Run 14
#Info# Executed steps before collision: 2, Found collision: true
Turtle 1 :[(-1,-1), (11,13), (10,13), (9,13), (8,13), (7,13), (6,13)]
Turtle 2 :[(-2,-2), (0,15), (0,14), (0,13), (0,12), (0,11), (0,10)]
Turtle 3 :[(-3,-3), (14,5), (13,5), (12,5), (11,5), (11,4), (10,4)]
Turtle 4 :[(-4,-4), (18,17), (17,17), (17,16), (17,15), (16,15), (16,14)]
Turtle 5 :[(-5,-5), (13,6), (13,5), (13,4), (13,3), (13,2), (13,1)]

Shrinking Run 15
#Info# Executed steps before collision: 2, Found collision: true
Turtle 1 :[(-1,-1), (11,13), (10,13), (9,13), (8,13), (7,13), (6,13)]
Turtle 2 :[(-2,-2), (0,15), (0,14), (0,13), (0,12), (0,11), (0,10)]
Turtle 3 :[(-3,-3), (14,5), (13,5), (12,5), (11,5), (11,4), (10,4)]
Turtle 4 :[(-4,-4), (18,17), (17,17), (17,16), (16,16), (15,16), (15,15)]
Turtle 5 :[(-5,-5), (13,6), (13,5), (13,4), (13,3), (13,2), (13,1)]

Shrinking Run 16
#Info# Executed steps before collision: 2, Found collision: true
Turtle 1 :[(-1,-1), (11,13), (10,13), (9,13), (8,13), (7,13), (6,13)]
Turtle 2 :[(-2,-2), (0,15), (0,14), (0,13), (0,12), (0,11), (0,10)]
Turtle 3 :[(-3,-3), (14,5), (13,5), (12,5), (11,5), (11,4), (10,4)]
Turtle 4 :[(-4,-4), (18,17), (17,17), (16,17), (15,17), (14,17), (14,16)]
Turtle 5 :[(-5,-5), (13,6), (13,5), (13,4), (13,3), (13,2), (13,1)]

Shrinking Run 17
#Info# Executed steps before collision: 2, Found collision: true
Turtle 1 :[(-1,-1), (11,13), (10,13), (9,13), (8,13), (7,13), (6,13)]
Turtle 2 :[(-2,-2), (0,15), (0,14), (0,13), (0,12), (0,11), (0,10)]
Turtle 3 :[(-3,-3), (14,5), (13,5), (12,5), (11,5), (11,4), (10,4)]
Turtle 4 :[(-4,-4), (18,17), (17,17), (16,17), (15,17), (14,17), (13,17)]
Turtle 5 :[(-5,-5), (13,6), (13,5), (13,4), (13,3), (13,2), (13,1)]

Shrinking Run 18
#Info# Executed steps before collision: 2, Found collision: true
Turtle 1 :[(-1,-1), (11,13), (10,13), (9,13), (8,13), (7,13), (6,13), (-1,-1)]
Turtle 2 :[(-2,-2), (0,15), (0,14), (0,13), (0,12), (0,11), (0,10), (-2,-2)]
Turtle 3 :[(-3,-3), (14,5), (13,5), (12,5), (11,5), (11,4), (10,4), (-3,-3)]
Turtle 4 :[(-4,-4), (18,17), (17,17), (16,17), (15,17), (14,17), (13,17), (-4,-4)]
Turtle 5 :[(-5,-5), (13,6), (13,5), (12,5), (12,5), (12,4), (12,3), (11,3)]

Shrinking Run 19
#Info# Executed steps before collision: 8, Found collision: false
Turtle 1 :[(-1,-1), (11,13), (10,13), (9,13), (8,13), (7,13), (6,13), (-1,-1), (-1,-1)]
Turtle 2 :[(-2,-2), (0,15), (0,14), (0,13), (0,12), (0,11), (0,10), (-2,-2), (-2,-2)]
Turtle 3 :[(-3,-3), (14,5), (13,5), (12,5), (11,5), (11,4), (11,5), (11,4), (10,4)]
Turtle 4 :[(-4,-4), (18,17), (17,17), (16,17), (15,17), (14,17), (13,17), (-4,-4), (-4,-4)]
Turtle 5 :[(-5,-5), (13,6), (12,6), (11,6), (10,6), (10,5), (10,4), (-5,-5), (-5,-5)]

Shrinking Run 20
#Info# Executed steps before collision: 2, Found collision: true
Turtle 1 :[(-1,-1), (11,13), (10,13), (9,13), (8,13), (7,13), (6,13), (-1,-1), (-1,-1)]
Turtle 2 :[(-2,-2), (0,15), (0,14), (0,13), (0,12), (0,11), (0,10), (-2,-2), (-2,-2)]
Turtle 3 :[(-3,-3), (14,5), (13,5), (12,5), (11,5), (11,4), (10,4), (-3,-3), (-3,-3)]
Turtle 4 :[(-4,-4), (18,17), (17,17), (16,17), (15,17), (14,17), (13,17), (-4,-4), (-4,-4)]
Turtle 5 :[(-5,-5), (13,6), (13,5), (13,4), (12,4), (12,4), (12,4), (11,4), (10,4)]

Shrinking Run 21
#Info# Executed steps before collision: 2, Found collision: true
Turtle 1 :[(-1,-1), (11,13), (10,13), (9,13), (8,13), (7,13), (6,13), (-1,-1)]
Turtle 2 :[(-2,-2), (0,15), (0,14), (0,13), (0,12), (0,11), (0,10), (-2,-2)]
Turtle 3 :[(-3,-3), (14,5), (13,5), (12,5), (11,5), (11,4), (11,4), (10,4)]
Turtle 4 :[(-4,-4), (18,17), (17,17), (16,17), (15,17), (14,17), (13,17), (-4,-4)]
Turtle 5 :[(-5,-5), (13,6), (13,5), (12,5), (11,5), (10,5), (9,5), (-5,-5)]

Shrinking Run 22
#Info# Executed steps before collision: 10, Found collision: false
Turtle 1 :[(-1,-1), (11,13), (10,13), (9,13), (8,13), (7,13), (6,13), (-1,-1), (-1,-1), (-1,-1), (-1,-1)]
Turtle 2 :[(-2,-2), (0,15), (0,14), (0,13), (0,12), (0,11), (0,10), (-2,-2), (-2,-2), (-2,-2), (-2,-2)]
Turtle 3 :[(-3,-3), (14,5), (13,5), (12,5), (11,5), (11,4), (10,4), (-3,-3), (-3,-3), (-3,-3), (-3,-3)]
Turtle 4 :[(-4,-4), (18,17), (17,17), (16,17), (15,17), (14,17), (13,17), (-4,-4), (-4,-4), (-4,-4), (-4,-4)]
Turtle 5 :[(-5,-5), (13,6), (12,6), (11,6), (12,6), (11,6), (11,5), (11,4), (11,5), (10,5), (9,5)]

Shrinking Run 23
#Info# Executed steps before collision: 2, Found collision: true
Turtle 1 :[(-1,-1), (11,13), (10,13), (9,13), (8,13), (7,13), (6,13), (-1,-1), (-1,-1)]
Turtle 2 :[(-2,-2), (0,15), (0,14), (0,13), (0,12), (0,11), (0,10), (-2,-2), (-2,-2)]
Turtle 3 :[(-3,-3), (14,5), (13,5), (12,5), (11,5), (10,5), (9,5), (-3,-3), (-3,-3)]
Turtle 4 :[(-4,-4), (18,17), (17,17), (16,17), (15,17), (14,17), (13,17), (-4,-4), (-4,-4)]
Turtle 5 :[(-5,-5), (13,6), (13,5), (12,5), (12,5), (12,5), (11,5), (10,5), (9,5)]

Shrinking Run 24
#Info# Executed steps before collision: 7, Found collision: false
Turtle 1 :[(-1,-1), (11,13), (10,13), (9,13), (8,13), (7,13), (6,13), (-1,-1)]
Turtle 2 :[(-2,-2), (0,15), (0,14), (0,13), (0,12), (0,11), (0,10), (-2,-2)]
Turtle 3 :[(-3,-3), (14,5), (13,5), (12,5), (11,5), (10,5), (9,5), (-3,-3)]
Turtle 4 :[(-4,-4), (18,17), (17,17), (16,17), (15,17), (14,17), (13,17), (-4,-4)]
Turtle 5 :[(-5,-5), (13,6), (12,6), (11,6), (10,6), (10,6), (10,5), (10,4)]

Shrink Run 25
#Info# Executed steps before collision: 8, Found collision: false
Turtle 1 :[(-1,-1), (11,13), (10,13), (9,13), (8,13), (7,13), (6,13), (-1,-1), (-1,-1)]
Turtle 2 :[(-2,-2), (0,15), (0,14), (0,13), (0,12), (0,11), (0,10), (-2,-2), (-2,-2)]
Turtle 3 :[(-3,-3), (14,5), (13,5), (12,5), (11,5), (10,5), (9,5), (-3,-3), (-3,-3)]
Turtle 4 :[(-4,-4), (18,17), (17,17), (16,17), (15,17), (14,17), (13,17), (-4,-4), (-4,-4)]
Turtle 5 :[(-5,-5), (13,6), (12,6), (11,6), (11,7), (10,7), (10,6), (10,5), (9,5)]

