Shrinking Run 1
#Info# Executed steps before collision: 3, Found collision: true
Turtle 1 :[(-1,-1), (11,10), (10,10), (9,10), (9,11), (8,11), (7,11), (-1,-1), (-1,-1), (-1,-1)]
Turtle 2 :[(-2,-2), (19,10), (19,10), (19,11), (19,12), (19,13), (-2,-2), (-2,-2), (-2,-2), (-2,-2)]
Turtle 3 :[(-3,-3), (10,2), (11,2), (11,1), (12,1), (13,1), (14,1), (-3,-3), (-3,-3), (-3,-3)]
Turtle 4 :[(-4,-4), (19,12), (18,12), (17,12), (17,11), (16,11), (16,10), (-4,-4), (-4,-4), (-4,-4)]
Turtle 5 :[(-5,-5), (9,1), (10,1), (11,1), (11,1), (11,0), (12,0), (13,0), (13,1), (14,1)]

Shrinking Run 2
#Info# Executed steps before collision: 3, Found collision: true
Turtle 1 :[(-1,-1), (11,10), (10,10), (9,10), (9,9), (8,9), (7,9), (-1,-1), (-1,-1)]
Turtle 2 :[(-2,-2), (19,10), (19,10), (19,11), (19,12), (19,13), (-2,-2), (-2,-2), (-2,-2)]
Turtle 3 :[(-3,-3), (10,2), (11,2), (11,1), (12,1), (13,1), (14,1), (-3,-3), (-3,-3)]
Turtle 4 :[(-4,-4), (19,12), (18,12), (17,12), (17,11), (16,11), (16,10), (-4,-4), (-4,-4)]
Turtle 5 :[(-5,-5), (9,1), (10,1), (11,1), (12,1), (12,0), (12,1), (13,1), (14,1)]

Shrinking Run 3
#Info# Executed steps before collision: 8, Found collision: false
Turtle 1 :[(-1,-1), (11,10), (10,10), (10,9), (9,9), (8,9), (7,9), (-1,-1), (-1,-1)]
Turtle 2 :[(-2,-2), (19,10), (19,10), (19,11), (19,12), (19,13), (-2,-2), (-2,-2), (-2,-2)]
Turtle 3 :[(-3,-3), (10,2), (11,2), (12,2), (13,2), (13,1), (14,1), (-3,-3), (-3,-3)]
Turtle 4 :[(-4,-4), (19,12), (18,12), (17,12), (17,11), (16,11), (16,10), (-4,-4), (-4,-4)]
Turtle 5 :[(-5,-5), (9,1), (10,1), (11,1), (12,1), (12,2), (12,1), (13,1), (14,1)]

Shrinking Run 4
#Info# Executed steps before collision: 3, Found collision: true
Turtle 1 :[(-1,-1), (11,10), (11,9), (10,9), (9,9), (8,9), (7,9), (-1,-1), (-1,-1), (-1,-1), (-1,-1)]
Turtle 2 :[(-2,-2), (19,10), (19,10), (19,11), (19,12), (19,13), (-2,-2), (-2,-2), (-2,-2), (-2,-2), (-2,-2)]
Turtle 3 :[(-3,-3), (10,2), (11,2), (11,1), (12,1), (13,1), (14,1), (-3,-3), (-3,-3), (-3,-3), (-3,-3)]
Turtle 4 :[(-4,-4), (19,12), (18,12), (17,12), (17,11), (16,11), (16,10), (-4,-4), (-4,-4), (-4,-4), (-4,-4)]
Turtle 5 :[(-5,-5), (9,1), (10,1), (11,1), (10,1), (11,1), (12,1), (12,0), (12,1), (13,1), (14,1)]

Shrinking Run 5
#Info# Executed steps before collision: 3, Found collision: true
Turtle 1 :[(-1,-1), (11,10), (11,9), (10,9), (9,9), (8,9), (7,9), (-1,-1), (-1,-1)]
Turtle 2 :[(-2,-2), (19,10), (19,11), (18,11), (18,12), (17,12), (17,13), (-2,-2), (-2,-2)]
Turtle 3 :[(-3,-3), (10,2), (11,2), (11,1), (12,1), (13,1), (14,1), (-3,-3), (-3,-3)]
Turtle 4 :[(-4,-4), (19,12), (18,12), (17,12), (17,11), (16,11), (16,10), (-4,-4), (-4,-4)]
Turtle 5 :[(-5,-5), (9,1), (10,1), (11,1), (11,0), (12,0), (13,0), (14,0), (14,1)]

Shrinking Run 6
#Info# Executed steps before collision: 8, Found collision: true
Turtle 1 :[(-1,-1), (11,10), (11,9), (10,9), (9,9), (8,9), (7,9), (-1,-1), (-1,-1)]
Turtle 2 :[(-2,-2), (19,10), (19,9), (18,9), (18,8), (17,8), (17,7), (-2,-2), (-2,-2)]
Turtle 3 :[(-3,-3), (10,2), (11,2), (11,3), (12,3), (13,3), (13,2), (13,1), (14,1)]
Turtle 4 :[(-4,-4), (19,12), (18,12), (17,12), (17,11), (16,11), (16,10), (-4,-4), (-4,-4)]
Turtle 5 :[(-5,-5), (9,1), (10,1), (10,0), (11,0), (12,0), (13,0), (14,0), (14,1)]

Shrinking Run 7
#Info# Executed steps before collision: 3, Found collision: true
Turtle 1 :[(-1,-1), (11,10), (11,9), (10,9), (9,9), (8,9), (7,9), (-1,-1), (-1,-1), (-1,-1)]
Turtle 2 :[(-2,-2), (19,10), (18,10), (17,10), (17,9), (16,9), (16,8), (-2,-2), (-2,-2), (-2,-2)]
Turtle 3 :[(-3,-3), (10,2), (11,2), (11,1), (12,1), (13,1), (14,1), (-3,-3), (-3,-3), (-3,-3)]
Turtle 4 :[(-4,-4), (19,12), (18,12), (17,12), (17,11), (16,11), (16,10), (-4,-4), (-4,-4), (-4,-4)]
Turtle 5 :[(-5,-5), (9,1), (10,1), (11,1), (11,1), (11,2), (11,1), (12,1), (13,1), (14,1)]

Shrinking Run 8
#Info# Executed steps before collision: 10, Found collision: false
Turtle 1 :[(-1,-1), (11,10), (11,9), (10,9), (9,9), (8,9), (7,9), (-1,-1), (-1,-1), (-1,-1), (-1,-1)]
Turtle 2 :[(-2,-2), (19,10), (18,10), (17,10), (16,10), (15,10), (15,9), (-2,-2), (-2,-2), (-2,-2), (-2,-2)]
Turtle 3 :[(-3,-3), (10,2), (11,2), (11,2), (11,1), (12,1), (13,1), (14,1), (-3,-3), (-3,-3), (-3,-3)]
Turtle 4 :[(-4,-4), (19,12), (18,12), (17,12), (17,11), (16,11), (16,10), (-4,-4), (-4,-4), (-4,-4), (-4,-4)]
Turtle 5 :[(-5,-5), (9,1), (10,1), (10,0), (11,0), (10,0), (11,0), (12,0), (13,0), (14,0), (14,1)]

Shrinking Run 9
#Info# Executed steps before collision: 3, Found collision: true
Turtle 1 :[(-1,-1), (11,10), (11,9), (10,9), (9,9), (8,9), (7,9), (-1,-1), (-1,-1)]
Turtle 2 :[(-2,-2), (19,10), (18,10), (17,10), (17,9), (16,9), (15,9), (-2,-2), (-2,-2)]
Turtle 3 :[(-3,-3), (10,2), (11,2), (11,1), (12,1), (13,1), (14,1), (-3,-3), (-3,-3)]
Turtle 4 :[(-4,-4), (19,12), (18,12), (17,12), (17,11), (16,11), (16,10), (-4,-4), (-4,-4)]
Turtle 5 :[(-5,-5), (9,1), (10,1), (11,1), (12,1), (12,0), (13,0), (13,1), (14,1)]

Shrinking Run 10
#Info# Executed steps before collision: 3, Found collision: true
Turtle 1 :[(-1,-1), (11,10), (11,9), (10,9), (9,9), (8,9), (7,9), (-1,-1), (-1,-1)]
Turtle 2 :[(-2,-2), (19,10), (18,10), (17,10), (16,10), (16,9), (15,9), (-2,-2), (-2,-2)]
Turtle 3 :[(-3,-3), (10,2), (11,2), (11,1), (12,1), (13,1), (14,1), (-3,-3), (-3,-3)]
Turtle 4 :[(-4,-4), (19,12), (18,12), (17,12), (17,11), (16,11), (16,10), (-4,-4), (-4,-4)]
Turtle 5 :[(-5,-5), (9,1), (10,1), (11,1), (11,2), (12,2), (13,2), (13,1), (14,1)]

Shrinking Run 11
#Info# Executed steps before collision: 6, Found collision: false
Turtle 1 :[(-1,-1), (11,10), (11,9), (10,9), (9,9), (8,9), (7,9)]
Turtle 2 :[(-2,-2), (19,10), (18,10), (17,10), (16,10), (16,9), (15,9)]
Turtle 3 :[(-3,-3), (10,2), (9,2), (9,1), (8,1), (7,1), (6,1)]
Turtle 4 :[(-4,-4), (19,12), (18,12), (17,12), (17,11), (16,11), (16,10)]
Turtle 5 :[(-5,-5), (9,1), (10,1), (11,1), (12,1), (13,1), (14,1)]

Shrinking Run 12
#Info# Executed steps before collision: 7, Found collision: false
Turtle 1 :[(-1,-1), (11,10), (11,9), (10,9), (9,9), (8,9), (7,9), (-1,-1)]
Turtle 2 :[(-2,-2), (19,10), (18,10), (17,10), (16,10), (16,9), (15,9), (-2,-2)]
Turtle 3 :[(-3,-3), (10,2), (9,2), (9,3), (9,2), (9,1), (8,1), (7,1)]
Turtle 4 :[(-4,-4), (19,12), (18,12), (17,12), (17,11), (16,11), (16,10), (-4,-4)]
Turtle 5 :[(-5,-5), (9,1), (10,1), (11,1), (12,1), (13,1), (14,1), (-5,-5)]

Shrinking Run 13
#Info# Executed steps before collision: 6, Found collision: false
Turtle 1 :[(-1,-1), (11,10), (11,9), (10,9), (9,9), (8,9), (7,9)]
Turtle 2 :[(-2,-2), (19,10), (18,10), (17,10), (16,10), (16,9), (15,9)]
Turtle 3 :[(-3,-3), (10,2), (11,2), (11,3), (11,2), (11,1), (-3,-3)]
Turtle 4 :[(-4,-4), (19,12), (18,12), (17,12), (17,11), (16,11), (16,10)]
Turtle 5 :[(-5,-5), (9,1), (10,1), (11,1), (12,1), (13,1), (14,1)]

Shrinking Run 14
#Info# Executed steps before collision: 3, Found collision: true
Turtle 1 :[(-1,-1), (11,10), (11,9), (10,9), (9,9), (8,9), (7,9), (-1,-1), (-1,-1)]
Turtle 2 :[(-2,-2), (19,10), (18,10), (17,10), (16,10), (16,9), (15,9), (-2,-2), (-2,-2)]
Turtle 3 :[(-3,-3), (10,2), (11,2), (11,1), (12,1), (13,1), (-3,-3), (-3,-3), (-3,-3)]
Turtle 4 :[(-4,-4), (19,12), (18,12), (17,12), (17,11), (16,11), (16,10), (-4,-4), (-4,-4)]
Turtle 5 :[(-5,-5), (9,1), (10,1), (11,1), (12,1), (11,1), (12,1), (13,1), (14,1)]

Shrinking Run 15
#Info# Executed steps before collision: 3, Found collision: true
Turtle 1 :[(-1,-1), (11,10), (11,9), (10,9), (9,9), (8,9), (7,9)]
Turtle 2 :[(-2,-2), (19,10), (18,10), (17,10), (16,10), (16,9), (15,9)]
Turtle 3 :[(-3,-3), (10,2), (11,2), (11,1), (12,1), (-3,-3), (-3,-3)]
Turtle 4 :[(-4,-4), (19,12), (18,12), (17,12), (17,11), (16,11), (16,10)]
Turtle 5 :[(-5,-5), (9,1), (10,1), (11,1), (12,1), (13,1), (14,1)]

Shrinking Run 16
#Info# Executed steps before collision: 3, Found collision: true
Turtle 1 :[(-1,-1), (11,10), (11,9), (10,9), (9,9), (8,9), (7,9)]
Turtle 2 :[(-2,-2), (19,10), (18,10), (17,10), (16,10), (16,9), (15,9)]
Turtle 3 :[(-3,-3), (10,2), (11,2), (11,1), (11,0), (12,0), (-3,-3)]
Turtle 4 :[(-4,-4), (19,12), (18,12), (17,12), (17,11), (16,11), (16,10)]
Turtle 5 :[(-5,-5), (9,1), (10,1), (11,1), (12,1), (13,1), (14,1)]

Shrinking Run 17
#Info# Executed steps before collision: 6, Found collision: false
Turtle 1 :[(-1,-1), (11,10), (11,9), (10,9), (9,9), (8,9), (7,9)]
Turtle 2 :[(-2,-2), (19,10), (18,10), (17,10), (16,10), (16,9), (15,9)]
Turtle 3 :[(-3,-3), (10,2), (9,2), (9,1), (8,1), (7,1), (7,0)]
Turtle 4 :[(-4,-4), (19,12), (18,12), (17,12), (17,11), (16,11), (16,10)]
Turtle 5 :[(-5,-5), (9,1), (10,1), (11,1), (12,1), (13,1), (14,1)]

Shrinking Run 18
#Info# Executed steps before collision: 3, Found collision: true
Turtle 1 :[(-1,-1), (11,10), (11,9), (10,9), (9,9), (8,9), (7,9)]
Turtle 2 :[(-2,-2), (19,10), (18,10), (17,10), (16,10), (16,9), (15,9)]
Turtle 3 :[(-3,-3), (10,2), (11,2), (11,1), (11,0), (-3,-3), (-3,-3)]
Turtle 4 :[(-4,-4), (19,12), (18,12), (17,12), (17,11), (16,11), (16,10)]
Turtle 5 :[(-5,-5), (9,1), (10,1), (11,1), (12,1), (13,1), (14,1)]

Shrinking Run 19
#Info# Executed steps before collision: 6, Found collision: false
Turtle 1 :[(-1,-1), (11,10), (11,9), (10,9), (9,9), (8,9), (7,9)]
Turtle 2 :[(-2,-2), (19,10), (18,10), (17,10), (16,10), (16,9), (15,9)]
Turtle 3 :[(-3,-3), (10,2), (9,2), (9,1), (9,0), (-3,-3), (-3,-3)]
Turtle 4 :[(-4,-4), (19,12), (18,12), (17,12), (17,11), (16,11), (16,10)]
Turtle 5 :[(-5,-5), (9,1), (10,1), (11,1), (12,1), (13,1), (14,1)]

Shrinking Run 20
#Info# Executed steps before collision: 11, Found collision: false
Turtle 1 :[(-1,-1), (11,10), (11,9), (10,9), (9,9), (8,9), (7,9), (-1,-1), (-1,-1), (-1,-1), (-1,-1), (-1,-1)]
Turtle 2 :[(-2,-2), (19,10), (18,10), (17,10), (16,10), (16,9), (15,9), (-2,-2), (-2,-2), (-2,-2), (-2,-2), (-2,-2)]
Turtle 3 :[(-3,-3), (10,2), (10,1), (10,2), (10,1), (10,0), (-3,-3), (-3,-3), (-3,-3), (-3,-3), (-3,-3), (-3,-3)]
Turtle 4 :[(-4,-4), (19,12), (18,12), (17,12), (17,11), (16,11), (16,10), (-4,-4), (-4,-4), (-4,-4), (-4,-4), (-4,-4)]
Turtle 5 :[(-5,-5), (9,1), (8,1), (9,1), (9,1), (9,0), (10,0), (11,0), (11,1), (12,1), (13,1), (14,1)]

Shrinking Run 21
#Info# Executed steps before collision: 3, Found collision: true
Turtle 1 :[(-1,-1), (11,10), (11,9), (10,9), (9,9), (8,9), (7,9)]
Turtle 2 :[(-2,-2), (19,10), (18,10), (17,10), (16,10), (16,9), (15,9)]
Turtle 3 :[(-3,-3), (10,2), (11,2), (11,1), (11,0), (-3,-3), (-3,-3)]
Turtle 4 :[(-4,-4), (19,12), (19,11), (18,11), (18,10), (17,10), (17,9)]
Turtle 5 :[(-5,-5), (9,1), (10,1), (11,1), (12,1), (13,1), (14,1)]

Shrinking Run 22
#Info# Executed steps before collision: 3, Found collision: true
Turtle 1 :[(-1,-1), (11,10), (11,9), (10,9), (9,9), (8,9), (7,9), (-1,-1)]
Turtle 2 :[(-2,-2), (19,10), (18,10), (17,10), (16,10), (16,9), (15,9), (-2,-2)]
Turtle 3 :[(-3,-3), (10,2), (11,2), (11,1), (11,0), (-3,-3), (-3,-3), (-3,-3)]
Turtle 4 :[(-4,-4), (19,12), (19,11), (19,11), (18,11), (17,11), (16,11), (16,10)]
Turtle 5 :[(-5,-5), (9,1), (10,1), (11,1), (12,1), (13,1), (14,1), (-5,-5)]

Shrinking Run 23
#Info# Executed steps before collision: 6, Found collision: false
Turtle 1 :[(-1,-1), (11,10), (11,9), (10,9), (9,9), (8,9), (7,9)]
Turtle 2 :[(-2,-2), (19,10), (18,10), (17,10), (16,10), (16,9), (15,9)]
Turtle 3 :[(-3,-3), (10,2), (11,2), (11,2), (11,2), (11,1), (11,0)]
Turtle 4 :[(-4,-4), (19,12), (18,12), (17,12), (16,12), (15,12), (15,11)]
Turtle 5 :[(-5,-5), (9,1), (10,1), (11,1), (12,1), (13,1), (14,1)]

Shrinking Run 24
#Info# Executed steps before collision: 3, Found collision: true
Turtle 1 :[(-1,-1), (11,10), (11,9), (10,9), (9,9), (8,9), (7,9)]
Turtle 2 :[(-2,-2), (19,10), (18,10), (17,10), (16,10), (16,9), (15,9)]
Turtle 3 :[(-3,-3), (10,2), (11,2), (11,1), (11,0), (-3,-3), (-3,-3)]
Turtle 4 :[(-4,-4), (19,12), (19,11), (18,11), (17,11), (16,11), (15,11)]
Turtle 5 :[(-5,-5), (9,1), (10,1), (11,1), (12,1), (13,1), (14,1)]

Shrinking Run 25
#Info# Executed steps before collision: 6, Found collision: false
Turtle 1 :[(-1,-1), (11,10), (11,9), (10,9), (9,9), (8,9), (7,9)]
Turtle 2 :[(-2,-2), (19,10), (18,10), (17,10), (16,10), (16,9), (15,9)]
Turtle 3 :[(-3,-3), (10,2), (11,2), (11,3), (11,2), (11,1), (11,0)]
Turtle 4 :[(-4,-4), (19,12), (18,12), (17,12), (17,11), (16,11), (15,11)]
Turtle 5 :[(-5,-5), (9,1), (10,1), (11,1), (12,1), (13,1), (14,1)]

Shrinking Run 26
#Info# Executed steps before collision: 6, Found collision: false
Turtle 1 :[(-1,-1), (11,10), (11,9), (10,9), (9,9), (8,9), (7,9)]
Turtle 2 :[(-2,-2), (19,10), (18,10), (17,10), (16,10), (16,9), (15,9)]
Turtle 3 :[(-3,-3), (10,2), (11,2), (11,3), (11,2), (11,1), (11,0)]
Turtle 4 :[(-4,-4), (19,12), (19,11), (18,11), (17,11), (16,11), (15,11)]
Turtle 5 :[(-5,-5), (9,1), (10,1), (11,1), (12,1), (-5,-5), (-5,-5)]

Shrinking Run 27
#Info# Executed steps before collision: 3, Found collision: true
Turtle 1 :[(-1,-1), (11,10), (11,9), (10,9), (9,9), (8,9), (7,9)]
Turtle 2 :[(-2,-2), (19,10), (18,10), (17,10), (16,10), (16,9), (15,9)]
Turtle 3 :[(-3,-3), (10,2), (11,2), (11,1), (11,0), (-3,-3), (-3,-3)]
Turtle 4 :[(-4,-4), (19,12), (19,11), (18,11), (17,11), (16,11), (15,11)]
Turtle 5 :[(-5,-5), (9,1), (10,1), (11,1), (12,1), (13,1), (-5,-5)]

Shrinking Run 28
#Info# Executed steps before collision: 4, Found collision: true
Turtle 1 :[(-1,-1), (11,10), (11,9), (10,9), (9,9), (8,9), (7,9)]
Turtle 2 :[(-2,-2), (19,10), (18,10), (17,10), (16,10), (16,9), (15,9)]
Turtle 3 :[(-3,-3), (10,2), (11,2), (11,1), (11,0), (-3,-3), (-3,-3)]
Turtle 4 :[(-4,-4), (19,12), (19,11), (18,11), (17,11), (16,11), (15,11)]
Turtle 5 :[(-5,-5), (9,1), (10,1), (10,0), (11,0), (12,0), (13,0)]

Shrinking Run 29
#Info# Executed steps before collision: 4, Found collision: true
Turtle 1 :[(-1,-1), (11,10), (11,9), (10,9), (9,9), (8,9), (7,9)]
Turtle 2 :[(-2,-2), (19,10), (18,10), (17,10), (16,10), (16,9), (15,9)]
Turtle 3 :[(-3,-3), (10,2), (11,2), (11,1), (11,0), (-3,-3), (-3,-3)]
Turtle 4 :[(-4,-4), (19,12), (19,11), (18,11), (17,11), (16,11), (15,11)]
Turtle 5 :[(-5,-5), (9,1), (9,0), (10,0), (11,0), (12,0), (-5,-5)]

Shrinking Run 30
#Info# Executed steps before collision: 7, Found collision: false
Turtle 1 :[(-1,-1), (11,10), (11,9), (10,9), (9,9), (8,9), (7,9), (-1,-1)]
Turtle 2 :[(-2,-2), (19,10), (18,10), (17,10), (16,10), (16,9), (15,9), (-2,-2)]
Turtle 3 :[(-3,-3), (10,2), (11,2), (11,1), (11,0), (-3,-3), (-3,-3), (-3,-3)]
Turtle 4 :[(-4,-4), (19,12), (19,11), (19,11), (18,11), (17,11), (16,11), (15,11)]
Turtle 5 :[(-5,-5), (9,1), (10,1), (10,0), (10,1), (10,0), (11,0), (-5,-5)]

Shrinking Run 31
#Info# Executed steps before collision: 6, Found collision: false
Turtle 1 :[(-1,-1), (11,10), (11,9), (10,9), (9,9), (8,9), (7,9)]
Turtle 2 :[(-2,-2), (19,10), (18,10), (17,10), (16,10), (16,9), (15,9)]
Turtle 3 :[(-3,-3), (10,2), (11,2), (11,3), (11,2), (11,1), (11,0)]
Turtle 4 :[(-4,-4), (19,12), (19,11), (18,11), (17,11), (16,11), (15,11)]
Turtle 5 :[(-5,-5), (9,1), (10,1), (11,1), (12,1), (12,0), (-5,-5)]

Shrinking Run 32
#Info# Executed steps before collision: 7, Found collision: false
Turtle 1 :[(-1,-1), (11,10), (11,9), (10,9), (9,9), (8,9), (7,9), (-1,-1)]
Turtle 2 :[(-2,-2), (19,10), (18,10), (17,10), (16,10), (16,9), (15,9), (-2,-2)]
Turtle 3 :[(-3,-3), (10,2), (11,2), (11,1), (11,0), (-3,-3), (-3,-3), (-3,-3)]
Turtle 4 :[(-4,-4), (19,12), (19,11), (18,11), (17,11), (16,11), (15,11), (-4,-4)]
Turtle 5 :[(-5,-5), (9,1), (10,1), (10,0), (10,1), (11,1), (11,0), (12,0)]

Shrinking Run 33
#Info# Executed steps before collision: 8, Found collision: false
Turtle 1 :[(-1,-1), (11,10), (10,10), (10,9), (9,9), (8,9), (7,9), (-1,-1), (-1,-1)]
Turtle 2 :[(-2,-2), (19,10), (18,10), (17,10), (16,10), (16,9), (15,9), (-2,-2), (-2,-2)]
Turtle 3 :[(-3,-3), (10,2), (11,2), (11,1), (11,0), (-3,-3), (-3,-3), (-3,-3), (-3,-3)]
Turtle 4 :[(-4,-4), (19,12), (19,11), (19,12), (18,12), (17,12), (16,12), (15,12), (15,11)]
Turtle 5 :[(-5,-5), (9,1), (9,0), (10,0), (9,0), (10,0), (11,0), (12,0), (-5,-5)]

Shrinking Run 34
#Info# Executed steps before collision: 8, Found collision: false
Turtle 1 :[(-1,-1), (11,10), (11,9), (10,9), (9,9), (8,9), (7,9), (-1,-1), (-1,-1)]
Turtle 2 :[(-2,-2), (19,10), (18,10), (17,10), (16,10), (15,10), (15,9), (-2,-2), (-2,-2)]
Turtle 3 :[(-3,-3), (10,2), (11,2), (11,1), (11,0), (-3,-3), (-3,-3), (-3,-3), (-3,-3)]
Turtle 4 :[(-4,-4), (19,12), (19,11), (19,10), (18,10), (17,10), (17,11), (16,11), (15,11)]
Turtle 5 :[(-5,-5), (9,1), (9,0), (10,0), (10,0), (9,0), (10,0), (11,0), (12,0)]

Shrinking Run 35
#Info# Executed steps before collision: 8, Found collision: false
Turtle 1 :[(-1,-1), (11,10), (11,9), (10,9), (9,9), (8,9), (7,9), (-1,-1), (-1,-1)]
Turtle 2 :[(-2,-2), (19,10), (18,10), (17,10), (16,10), (16,9), (15,9), (-2,-2), (-2,-2)]
Turtle 3 :[(-3,-3), (10,2), (9,2), (9,3), (9,2), (8,2), (7,2), (6,2), (6,1)]
Turtle 4 :[(-4,-4), (19,12), (19,11), (18,11), (17,11), (16,11), (15,11), (-4,-4), (-4,-4)]
Turtle 5 :[(-5,-5), (9,1), (9,0), (10,0), (11,0), (12,0), (-5,-5), (-5,-5), (-5,-5)]

Shrinking Run 36
#Info# Executed steps before collision: 6, Found collision: false
Turtle 1 :[(-1,-1), (11,10), (11,9), (10,9), (9,9), (8,9), (7,9)]
Turtle 2 :[(-2,-2), (19,10), (18,10), (17,10), (16,10), (16,9), (15,9)]
Turtle 3 :[(-3,-3), (10,2), (9,2), (9,1), (8,1), (7,1), (-3,-3)]
Turtle 4 :[(-4,-4), (19,12), (19,11), (18,11), (17,11), (16,11), (15,11)]
Turtle 5 :[(-5,-5), (9,1), (9,0), (10,0), (11,0), (12,0), (-5,-5)]

Shrinking Run 37
#Info# Executed steps before collision: 6, Found collision: false
Turtle 1 :[(-1,-1), (11,10), (11,9), (10,9), (9,9), (8,9), (7,9)]
Turtle 2 :[(-2,-2), (19,10), (18,10), (17,10), (16,10), (16,9), (15,9)]
Turtle 3 :[(-3,-3), (10,2), (9,2), (9,1), (8,1), (7,1), (7,0)]
Turtle 4 :[(-4,-4), (19,12), (19,11), (18,11), (17,11), (16,11), (15,11)]
Turtle 5 :[(-5,-5), (9,1), (9,0), (10,0), (11,0), (12,0), (-5,-5)]

Shrinking Run 38
#Info# Executed steps before collision: 8, Found collision: false
Turtle 1 :[(-1,-1), (11,10), (11,9), (10,9), (9,9), (8,9), (7,9), (-1,-1), (-1,-1)]
Turtle 2 :[(-2,-2), (19,10), (18,10), (17,10), (16,10), (16,9), (15,9), (-2,-2), (-2,-2)]
Turtle 3 :[(-3,-3), (10,2), (9,2), (9,1), (9,0), (-3,-3), (-3,-3), (-3,-3), (-3,-3)]
Turtle 4 :[(-4,-4), (19,12), (19,11), (19,12), (18,12), (17,12), (16,12), (16,11), (15,11)]
Turtle 5 :[(-5,-5), (9,1), (9,0), (10,0), (11,0), (12,0), (-5,-5), (-5,-5), (-5,-5)]

Shrinking Run 39
#Info# Executed steps before collision: 6, Found collision: false
Turtle 1 :[(-1,-1), (11,10), (11,9), (10,9), (9,9), (8,9), (7,9)]
Turtle 2 :[(-2,-2), (19,10), (18,10), (17,10), (16,10), (16,9), (15,9)]
Turtle 3 :[(-3,-3), (10,2), (10,1), (10,2), (10,1), (10,0), (-3,-3)]
Turtle 4 :[(-4,-4), (19,12), (19,11), (18,11), (17,11), (16,11), (15,11)]
Turtle 5 :[(-5,-5), (9,1), (9,0), (10,0), (11,0), (12,0), (-5,-5)]

Shrinking Run 40
#Info# Executed steps before collision: 7, Found collision: false
Turtle 1 :[(-1,-1), (11,10), (11,9), (10,9), (9,9), (8,9), (7,9), (-1,-1)]
Turtle 2 :[(-2,-2), (19,10), (18,10), (17,10), (16,10), (16,9), (15,9), (-2,-2)]
Turtle 3 :[(-3,-3), (10,2), (11,2), (11,1), (11,0), (-3,-3), (-3,-3), (-3,-3)]
Turtle 4 :[(-4,-4), (19,12), (18,12), (17,12), (16,12), (15,12), (15,11), (-4,-4)]
Turtle 5 :[(-5,-5), (9,1), (9,0), (10,0), (10,0), (10,0), (11,0), (12,0)]

Shrink Run 41
#Info# Executed steps before collision: 7, Found collision: false
Turtle 1 :[(-1,-1), (11,10), (11,9), (10,9), (9,9), (8,9), (7,9), (-1,-1)]
Turtle 2 :[(-2,-2), (19,10), (18,10), (17,10), (16,10), (16,9), (15,9), (-2,-2)]
Turtle 3 :[(-3,-3), (10,2), (11,2), (11,1), (11,0), (-3,-3), (-3,-3), (-3,-3)]
Turtle 4 :[(-4,-4), (19,12), (18,12), (17,12), (17,11), (16,11), (15,11), (-4,-4)]
Turtle 5 :[(-5,-5), (9,1), (9,0), (10,0), (10,0), (10,0), (11,0), (12,0)]

