Shrinking Run 1
#Info# Executed steps before collision: 3, Found collision: true
Turtle 1 :[(-1,-1), (23,13), (22,13), (21,13), (20,13), (20,12), (20,11), (-1,-1), (-1,-1), (-1,-1), (-1,-1)]
Turtle 2 :[(-2,-2), (7,5), (7,5), (7,6), (8,6), (7,6), (7,7), (8,7), (-2,-2), (-2,-2), (-2,-2)]
Turtle 3 :[(-3,-3), (19,29), (19,29), (19,29), (19,29), (19,29), (19,29), (19,28), (-3,-3), (-3,-3), (-3,-3)]
Turtle 4 :[(-4,-4), (-4,-4), (-4,-4), (-4,-4), (7,5), (6,5), (6,5), (6,4), (5,4), (5,3), (5,2)]
Turtle 5 :[(-5,-5), (21,12), (21,12), (21,13), (20,13), (20,13), (20,13), (19,13), (19,14), (-5,-5), (-5,-5)]

Shrinking Run 2
#Info# Executed steps before collision: 10, Found collision: false
Turtle 1 :[(-1,-1), (23,13), (22,13), (21,13), (20,13), (19,13), (19,12), (-1,-1), (-1,-1), (-1,-1), (-1,-1)]
Turtle 2 :[(-2,-2), (7,5), (7,5), (7,6), (8,6), (7,6), (7,7), (8,7), (-2,-2), (-2,-2), (-2,-2)]
Turtle 3 :[(-3,-3), (19,29), (19,29), (19,29), (19,29), (19,29), (19,29), (19,28), (-3,-3), (-3,-3), (-3,-3)]
Turtle 4 :[(-4,-4), (-4,-4), (-4,-4), (-4,-4), (7,5), (6,5), (6,5), (6,4), (5,4), (5,3), (5,2)]
Turtle 5 :[(-5,-5), (21,12), (21,12), (20,12), (21,12), (21,13), (20,13), (20,14), (19,14), (-5,-5), (-5,-5)]

Shrinking Run 3
#Info# Executed steps before collision: 10, Found collision: false
Turtle 1 :[(-1,-1), (23,13), (22,13), (22,13), (22,12), (21,12), (20,12), (19,12), (-1,-1), (-1,-1), (-1,-1)]
Turtle 2 :[(-2,-2), (7,5), (7,5), (7,6), (8,6), (8,7), (-2,-2), (-2,-2), (-2,-2), (-2,-2), (-2,-2)]
Turtle 3 :[(-3,-3), (19,29), (19,29), (19,29), (19,29), (19,29), (19,29), (19,28), (-3,-3), (-3,-3), (-3,-3)]
Turtle 4 :[(-4,-4), (-4,-4), (-4,-4), (-4,-4), (7,5), (6,5), (6,5), (6,4), (5,4), (5,3), (5,2)]
Turtle 5 :[(-5,-5), (21,12), (21,12), (21,13), (20,13), (20,13), (19,13), (19,14), (-5,-5), (-5,-5), (-5,-5)]

Shrinking Run 4
#Info# Executed steps before collision: 3, Found collision: true
Turtle 1 :[(-1,-1), (23,13), (22,13), (21,13), (20,13), (20,12), (20,11), (-1,-1), (-1,-1), (-1,-1), (-1,-1)]
Turtle 2 :[(-2,-2), (7,5), (6,5), (6,6), (5,6), (5,7), (4,7), (-2,-2), (-2,-2), (-2,-2), (-2,-2)]
Turtle 3 :[(-3,-3), (19,29), (19,29), (19,29), (19,29), (19,29), (19,29), (19,28), (-3,-3), (-3,-3), (-3,-3)]
Turtle 4 :[(-4,-4), (-4,-4), (-4,-4), (7,5), (7,6), (7,5), (7,4), (7,3), (6,3), (6,2), (5,2)]
Turtle 5 :[(-5,-5), (21,12), (21,12), (21,13), (20,13), (20,12), (20,13), (20,14), (19,14), (-5,-5), (-5,-5)]

Shrinking Run 5
#Info# Executed steps before collision: 3, Found collision: true
Turtle 1 :[(-1,-1), (23,13), (22,13), (21,13), (20,13), (20,12), (20,11), (-1,-1), (-1,-1), (-1,-1)]
Turtle 2 :[(-2,-2), (7,5), (6,5), (6,4), (6,3), (6,2), (6,1), (-2,-2), (-2,-2), (-2,-2)]
Turtle 3 :[(-3,-3), (19,29), (19,29), (19,29), (19,29), (19,29), (19,29), (19,28), (-3,-3), (-3,-3)]
Turtle 4 :[(-4,-4), (-4,-4), (-4,-4), (7,5), (6,5), (6,5), (6,4), (5,4), (5,3), (5,2)]
Turtle 5 :[(-5,-5), (21,12), (21,12), (21,13), (21,13), (21,14), (20,14), (19,14), (-5,-5), (-5,-5)]

Shrinking Run 6
#Info# Executed steps before collision: 3, Found collision: true
Turtle 1 :[(-1,-1), (23,13), (22,13), (21,13), (20,13), (20,12), (20,11), (-1,-1), (-1,-1), (-1,-1)]
Turtle 2 :[(-2,-2), (7,5), (7,4), (6,4), (6,3), (6,2), (6,1), (-2,-2), (-2,-2), (-2,-2)]
Turtle 3 :[(-3,-3), (19,29), (19,29), (19,29), (19,29), (19,29), (19,29), (19,28), (-3,-3), (-3,-3)]
Turtle 4 :[(-4,-4), (-4,-4), (-4,-4), (7,5), (6,5), (6,5), (6,4), (5,4), (5,3), (5,2)]
Turtle 5 :[(-5,-5), (21,12), (21,12), (21,13), (20,13), (20,12), (19,12), (19,13), (19,14), (-5,-5)]

Shrinking Run 7
#Info# Executed steps before collision: 3, Found collision: true
Turtle 1 :[(-1,-1), (23,13), (22,13), (21,13), (20,13), (20,12), (20,11), (-1,-1), (-1,-1), (-1,-1)]
Turtle 2 :[(-2,-2), (7,5), (6,5), (5,5), (5,4), (5,3), (5,2), (-2,-2), (-2,-2), (-2,-2)]
Turtle 3 :[(-3,-3), (19,29), (19,29), (19,29), (19,29), (19,29), (19,29), (19,28), (-3,-3), (-3,-3)]
Turtle 4 :[(-4,-4), (-4,-4), (-4,-4), (7,5), (6,5), (6,5), (6,4), (5,4), (5,3), (5,2)]
Turtle 5 :[(-5,-5), (21,12), (21,12), (21,13), (21,14), (20,14), (19,14), (-5,-5), (-5,-5), (-5,-5)]

Shrinking Run 8
#Info# Executed steps before collision: 3, Found collision: true
Turtle 1 :[(-1,-1), (23,13), (22,13), (21,13), (20,13), (20,12), (20,11), (-1,-1), (-1,-1), (-1,-1), (-1,-1)]
Turtle 2 :[(-2,-2), (7,5), (6,5), (5,5), (5,4), (4,4), (4,3), (-2,-2), (-2,-2), (-2,-2), (-2,-2)]
Turtle 3 :[(-3,-3), (19,29), (19,29), (19,29), (19,29), (19,29), (19,29), (19,28), (-3,-3), (-3,-3), (-3,-3)]
Turtle 4 :[(-4,-4), (-4,-4), (-4,-4), (7,5), (7,6), (7,5), (7,4), (7,3), (7,2), (6,2), (5,2)]
Turtle 5 :[(-5,-5), (21,12), (21,12), (21,13), (20,13), (20,12), (20,13), (20,14), (19,14), (-5,-5), (-5,-5)]

Shrinking Run 9
#Info# Executed steps before collision: 4, Found collision: true
Turtle 1 :[(-1,-1), (23,13), (22,13), (21,13), (20,13), (20,12), (20,11), (-1,-1), (-1,-1), (-1,-1)]
Turtle 2 :[(-2,-2), (7,5), (6,5), (5,5), (4,5), (3,5), (3,4), (-2,-2), (-2,-2), (-2,-2)]
Turtle 3 :[(-3,-3), (19,29), (19,29), (19,29), (19,29), (19,29), (19,29), (19,28), (-3,-3), (-3,-3)]
Turtle 4 :[(-4,-4), (-4,-4), (-4,-4), (7,5), (6,5), (6,5), (6,4), (5,4), (5,3), (5,2)]
Turtle 5 :[(-5,-5), (21,12), (21,12), (20,12), (20,13), (19,13), (19,14), (-5,-5), (-5,-5), (-5,-5)]

Shrinking Run 10
#Info# Executed steps before collision: 9, Found collision: false
Turtle 1 :[(-1,-1), (23,13), (22,13), (21,13), (20,13), (20,12), (20,11), (-1,-1), (-1,-1), (-1,-1)]
Turtle 2 :[(-2,-2), (7,5), (6,5), (5,5), (4,5), (3,5), (2,5), (-2,-2), (-2,-2), (-2,-2)]
Turtle 3 :[(-3,-3), (19,29), (19,29), (19,29), (19,29), (19,29), (19,29), (19,28), (-3,-3), (-3,-3)]
Turtle 4 :[(-4,-4), (-4,-4), (-4,-4), (7,5), (6,5), (6,5), (6,4), (5,4), (5,3), (5,2)]
Turtle 5 :[(-5,-5), (21,12), (21,12), (21,12), (21,13), (22,13), (21,13), (21,14), (20,14), (19,14)]

Shrinking Run 11
#Info# Executed steps before collision: 3, Found collision: true
Turtle 1 :[(-1,-1), (23,13), (22,13), (21,13), (20,13), (20,12), (20,11), (-1,-1), (-1,-1), (-1,-1)]
Turtle 2 :[(-2,-2), (7,5), (6,5), (5,5), (4,5), (3,5), (3,4), (-2,-2), (-2,-2), (-2,-2)]
Turtle 3 :[(-3,-3), (19,29), (19,28), (18,28), (18,28), (18,28), (17,28), (16,28), (15,28), (-3,-3)]
Turtle 4 :[(-4,-4), (-4,-4), (-4,-4), (7,5), (6,5), (6,5), (6,4), (5,4), (5,3), (5,2)]
Turtle 5 :[(-5,-5), (21,12), (21,12), (21,13), (20,13), (21,13), (20,13), (20,14), (19,14), (-5,-5)]

Shrinking Run 12
#Info# Executed steps before collision: 3, Found collision: true
Turtle 1 :[(-1,-1), (23,13), (22,13), (21,13), (20,13), (20,12), (20,11), (-1,-1), (-1,-1), (-1,-1)]
Turtle 2 :[(-2,-2), (7,5), (6,5), (5,5), (4,5), (3,5), (3,4), (-2,-2), (-2,-2), (-2,-2)]
Turtle 3 :[(-3,-3), (19,29), (19,28), (19,27), (19,27), (19,27), (18,27), (17,27), (16,27), (-3,-3)]
Turtle 4 :[(-4,-4), (-4,-4), (-4,-4), (7,5), (6,5), (6,5), (6,4), (5,4), (5,3), (5,2)]
Turtle 5 :[(-5,-5), (21,12), (21,12), (21,13), (20,13), (20,14), (19,14), (-5,-5), (-5,-5), (-5,-5)]

Shrinking Run 13
#Info# Executed steps before collision: 9, Found collision: false
Turtle 1 :[(-1,-1), (23,13), (22,13), (22,12), (22,11), (21,11), (20,11), (-1,-1), (-1,-1), (-1,-1)]
Turtle 2 :[(-2,-2), (7,5), (6,5), (5,5), (4,5), (3,5), (3,4), (-2,-2), (-2,-2), (-2,-2)]
Turtle 3 :[(-3,-3), (19,29), (18,29), (17,29), (17,29), (17,29), (16,29), (15,29), (14,29), (-3,-3)]
Turtle 4 :[(-4,-4), (-4,-4), (-4,-4), (7,5), (6,5), (6,5), (6,4), (5,4), (5,3), (5,2)]
Turtle 5 :[(-5,-5), (21,12), (21,12), (21,13), (20,13), (20,13), (19,13), (19,14), (-5,-5), (-5,-5)]

Shrinking Run 14
#Info# Executed steps before collision: 3, Found collision: true
Turtle 1 :[(-1,-1), (23,13), (22,13), (21,13), (20,13), (20,12), (20,11), (-1,-1), (-1,-1), (-1,-1)]
Turtle 2 :[(-2,-2), (7,5), (6,5), (5,5), (4,5), (3,5), (3,4), (-2,-2), (-2,-2), (-2,-2)]
Turtle 3 :[(-3,-3), (19,29), (18,29), (17,29), (17,28), (16,28), (15,28), (-3,-3), (-3,-3), (-3,-3)]
Turtle 4 :[(-4,-4), (-4,-4), (-4,-4), (7,5), (6,5), (6,5), (6,4), (5,4), (5,3), (5,2)]
Turtle 5 :[(-5,-5), (21,12), (21,12), (21,13), (20,13), (21,13), (20,13), (20,14), (19,14), (-5,-5)]

Shrinking Run 15
#Info# Executed steps before collision: 3, Found collision: true
Turtle 1 :[(-1,-1), (23,13), (22,13), (21,13), (20,13), (20,12), (20,11), (-1,-1), (-1,-1), (-1,-1)]
Turtle 2 :[(-2,-2), (7,5), (6,5), (5,5), (4,5), (3,5), (3,4), (-2,-2), (-2,-2), (-2,-2)]
Turtle 3 :[(-3,-3), (19,29), (18,29), (17,29), (16,29), (16,28), (15,28), (-3,-3), (-3,-3), (-3,-3)]
Turtle 4 :[(-4,-4), (-4,-4), (-4,-4), (7,5), (6,5), (6,5), (6,4), (5,4), (5,3), (5,2)]
Turtle 5 :[(-5,-5), (21,12), (21,12), (21,13), (20,13), (19,13), (19,14), (-5,-5), (-5,-5), (-5,-5)]

Shrinking Run 16
#Info# Executed steps before collision: 3, Found collision: true
Turtle 1 :[(-1,-1), (23,13), (22,13), (21,13), (20,13), (20,12), (20,11), (-1,-1), (-1,-1)]
Turtle 2 :[(-2,-2), (7,5), (6,5), (5,5), (4,5), (3,5), (3,4), (-2,-2), (-2,-2)]
Turtle 3 :[(-3,-3), (19,29), (18,29), (17,29), (16,29), (16,28), (15,28), (-3,-3), (-3,-3)]
Turtle 4 :[(-4,-4), (-4,-4), (-4,-4), (7,5), (7,4), (6,4), (6,3), (5,3), (4,3)]
Turtle 5 :[(-5,-5), (21,12), (21,12), (21,13), (20,13), (21,13), (20,13), (20,14), (19,14)]

Shrinking Run 17
#Info# Executed steps before collision: 3, Found collision: true
Turtle 1 :[(-1,-1), (23,13), (22,13), (21,13), (20,13), (20,12), (20,11), (-1,-1), (-1,-1), (-1,-1)]
Turtle 2 :[(-2,-2), (7,5), (6,5), (5,5), (4,5), (3,5), (3,4), (-2,-2), (-2,-2), (-2,-2)]
Turtle 3 :[(-3,-3), (19,29), (18,29), (17,29), (16,29), (16,28), (15,28), (-3,-3), (-3,-3), (-3,-3)]
Turtle 4 :[(-4,-4), (-4,-4), (-4,-4), (7,5), (6,5), (6,5), (5,5), (4,5), (3,5), (3,4)]
Turtle 5 :[(-5,-5), (21,12), (21,12), (21,13), (20,13), (19,13), (19,14), (-5,-5), (-5,-5), (-5,-5)]

Shrinking Run 18
#Info# Executed steps before collision: 10, Found collision: false
Turtle 1 :[(-1,-1), (23,13), (22,13), (21,13), (20,13), (20,12), (20,11), (-1,-1), (-1,-1), (-1,-1), (-1,-1)]
Turtle 2 :[(-2,-2), (7,5), (6,5), (5,5), (4,5), (3,5), (3,4), (-2,-2), (-2,-2), (-2,-2), (-2,-2)]
Turtle 3 :[(-3,-3), (19,29), (18,29), (17,29), (16,29), (16,28), (15,28), (-3,-3), (-3,-3), (-3,-3), (-3,-3)]
Turtle 4 :[(-4,-4), (-4,-4), (-4,-4), (7,5), (7,6), (6,6), (5,6), (4,6), (3,6), (2,6), (2,5)]
Turtle 5 :[(-5,-5), (21,12), (21,12), (22,12), (22,13), (21,13), (20,13), (19,13), (19,14), (-5,-5), (-5,-5)]

Shrinking Run 19
#Info# Executed steps before collision: 10, Found collision: false
Turtle 1 :[(-1,-1), (23,13), (22,13), (22,14), (22,13), (21,13), (21,12), (21,11), (20,11), (-1,-1), (-1,-1)]
Turtle 2 :[(-2,-2), (7,5), (6,5), (5,5), (4,5), (3,5), (3,4), (-2,-2), (-2,-2), (-2,-2), (-2,-2)]
Turtle 3 :[(-3,-3), (19,29), (18,29), (17,29), (16,29), (16,28), (15,28), (-3,-3), (-3,-3), (-3,-3), (-3,-3)]
Turtle 4 :[(-4,-4), (-4,-4), (-4,-4), (7,5), (8,5), (7,5), (6,5), (5,5), (4,5), (4,4), (3,4)]
Turtle 5 :[(-5,-5), (21,12), (21,12), (21,13), (20,13), (20,13), (19,13), (19,14), (-5,-5), (-5,-5), (-5,-5)]

Shrinking Run 20
#Info# Executed steps before collision: 3, Found collision: true
Turtle 1 :[(-1,-1), (23,13), (22,13), (21,13), (20,13), (20,12), (20,11), (-1,-1), (-1,-1), (-1,-1)]
Turtle 2 :[(-2,-2), (7,5), (6,5), (5,5), (4,5), (3,5), (3,4), (-2,-2), (-2,-2), (-2,-2)]
Turtle 3 :[(-3,-3), (19,29), (18,29), (17,29), (16,29), (16,28), (15,28), (-3,-3), (-3,-3), (-3,-3)]
Turtle 4 :[(-4,-4), (-4,-4), (-4,-4), (7,5), (6,5), (5,5), (4,5), (3,5), (3,5), (3,4)]
Turtle 5 :[(-5,-5), (21,12), (21,12), (21,13), (20,13), (20,12), (20,13), (19,13), (19,14), (-5,-5)]

Shrinking Run 21
#Info# Executed steps before collision: 9, Found collision: false
Turtle 1 :[(-1,-1), (23,13), (22,13), (21,13), (20,13), (20,12), (20,11), (-1,-1), (-1,-1), (-1,-1)]
Turtle 2 :[(-2,-2), (7,5), (6,5), (5,5), (4,5), (3,5), (3,4), (-2,-2), (-2,-2), (-2,-2)]
Turtle 3 :[(-3,-3), (19,29), (18,29), (17,29), (16,29), (16,28), (15,28), (-3,-3), (-3,-3), (-3,-3)]
Turtle 4 :[(-4,-4), (-4,-4), (-4,-4), (7,5), (6,5), (5,5), (4,5), (3,5), (3,5), (3,4)]
Turtle 5 :[(-5,-5), (21,12), (21,12), (20,12), (19,12), (18,12), (17,12), (17,12), (17,13), (-5,-5)]

Shrinking Run 22
#Info# Executed steps before collision: 9, Found collision: false
Turtle 1 :[(-1,-1), (23,13), (22,13), (23,13), (23,12), (22,12), (21,12), (21,11), (20,11), (-1,-1)]
Turtle 2 :[(-2,-2), (7,5), (6,5), (5,5), (4,5), (3,5), (3,4), (-2,-2), (-2,-2), (-2,-2)]
Turtle 3 :[(-3,-3), (19,29), (18,29), (17,29), (16,29), (16,28), (15,28), (-3,-3), (-3,-3), (-3,-3)]
Turtle 4 :[(-4,-4), (-4,-4), (-4,-4), (7,5), (6,5), (5,5), (4,5), (3,5), (3,5), (3,4)]
Turtle 5 :[(-5,-5), (21,12), (21,12), (20,12), (19,12), (19,13), (18,13), (18,13), (18,14), (-5,-5)]

Shrinking Run 23
#Info# Executed steps before collision: 9, Found collision: false
Turtle 1 :[(-1,-1), (23,13), (22,13), (21,13), (20,13), (20,12), (20,11), (-1,-1), (-1,-1), (-1,-1)]
Turtle 2 :[(-2,-2), (7,5), (6,5), (5,5), (4,5), (3,5), (3,4), (-2,-2), (-2,-2), (-2,-2)]
Turtle 3 :[(-3,-3), (19,29), (18,29), (17,29), (16,29), (16,28), (15,28), (-3,-3), (-3,-3), (-3,-3)]
Turtle 4 :[(-4,-4), (-4,-4), (-4,-4), (7,5), (6,5), (5,5), (4,5), (3,5), (3,5), (3,4)]
Turtle 5 :[(-5,-5), (21,12), (21,12), (20,12), (19,12), (19,11), (19,10), (19,10), (19,9), (-5,-5)]

Shrinking Run 24
#Info# Executed steps before collision: 10, Found collision: false
Turtle 1 :[(-1,-1), (23,13), (22,13), (21,13), (20,13), (20,12), (20,11), (-1,-1), (-1,-1), (-1,-1), (-1,-1)]
Turtle 2 :[(-2,-2), (7,5), (6,5), (5,5), (4,5), (3,5), (3,4), (-2,-2), (-2,-2), (-2,-2), (-2,-2)]
Turtle 3 :[(-3,-3), (19,29), (18,29), (17,29), (16,29), (16,28), (15,28), (-3,-3), (-3,-3), (-3,-3), (-3,-3)]
Turtle 4 :[(-4,-4), (-4,-4), (-4,-4), (7,5), (7,6), (6,6), (5,6), (5,5), (5,4), (4,4), (3,4)]
Turtle 5 :[(-5,-5), (21,12), (21,12), (21,11), (20,11), (20,10), (19,10), (19,10), (19,9), (-5,-5), (-5,-5)]

Shrinking Run 25
#Info# Executed steps before collision: 9, Found collision: false
Turtle 1 :[(-1,-1), (23,13), (22,13), (21,13), (20,13), (20,12), (20,11), (-1,-1), (-1,-1), (-1,-1)]
Turtle 2 :[(-2,-2), (7,5), (6,5), (5,5), (4,5), (3,5), (3,4), (-2,-2), (-2,-2), (-2,-2)]
Turtle 3 :[(-3,-3), (19,29), (18,29), (17,29), (16,29), (16,28), (15,28), (-3,-3), (-3,-3), (-3,-3)]
Turtle 4 :[(-4,-4), (-4,-4), (-4,-4), (7,5), (6,5), (5,5), (4,5), (3,5), (3,5), (3,4)]
Turtle 5 :[(-5,-5), (21,12), (20,12), (19,12), (18,12), (19,12), (19,13), (-5,-5), (-5,-5), (-5,-5)]

Shrinking Run 26
#Info# Executed steps before collision: 11, Found collision: false
Turtle 1 :[(-1,-1), (23,13), (22,13), (21,13), (20,13), (20,12), (20,11), (-1,-1), (-1,-1), (-1,-1), (-1,-1), (-1,-1)]
Turtle 2 :[(-2,-2), (7,5), (6,5), (5,5), (4,5), (3,5), (3,4), (-2,-2), (-2,-2), (-2,-2), (-2,-2), (-2,-2)]
Turtle 3 :[(-3,-3), (19,29), (18,29), (17,29), (16,29), (16,28), (15,28), (-3,-3), (-3,-3), (-3,-3), (-3,-3), (-3,-3)]
Turtle 4 :[(-4,-4), (-4,-4), (-4,-4), (7,5), (6,5), (5,5), (4,5), (3,5), (3,5), (3,4), (-4,-4), (-4,-4)]
Turtle 5 :[(-5,-5), (21,12), (21,13), (22,13), (21,13), (21,12), (22,12), (21,12), (20,12), (20,13), (20,14), (19,14)]

Shrinking Run 27
#Info# Executed steps before collision: 9, Found collision: false
Turtle 1 :[(-1,-1), (23,13), (22,13), (23,13), (22,13), (21,13), (21,12), (20,12), (20,11), (-1,-1)]
Turtle 2 :[(-2,-2), (7,5), (6,5), (5,5), (4,5), (3,5), (3,4), (-2,-2), (-2,-2), (-2,-2)]
Turtle 3 :[(-3,-3), (19,29), (18,29), (17,29), (16,29), (16,28), (15,28), (-3,-3), (-3,-3), (-3,-3)]
Turtle 4 :[(-4,-4), (-4,-4), (-4,-4), (7,5), (6,5), (5,5), (4,5), (3,5), (3,5), (3,4)]
Turtle 5 :[(-5,-5), (21,12), (21,12), (20,12), (19,12), (19,13), (19,14), (-5,-5), (-5,-5), (-5,-5)]

Shrinking Run 28
#Info# Executed steps before collision: 10, Found collision: false
Turtle 1 :[(-1,-1), (23,13), (22,13), (21,13), (20,13), (20,12), (20,11), (-1,-1), (-1,-1), (-1,-1), (-1,-1)]
Turtle 2 :[(-2,-2), (7,5), (6,5), (5,5), (4,5), (3,5), (3,4), (-2,-2), (-2,-2), (-2,-2), (-2,-2)]
Turtle 3 :[(-3,-3), (19,29), (18,29), (17,29), (16,29), (16,28), (15,28), (-3,-3), (-3,-3), (-3,-3), (-3,-3)]
Turtle 4 :[(-4,-4), (-4,-4), (-4,-4), (7,5), (7,6), (7,5), (6,5), (6,4), (5,4), (4,4), (3,4)]
Turtle 5 :[(-5,-5), (21,12), (20,12), (20,12), (19,12), (19,12), (19,13), (19,14), (-5,-5), (-5,-5), (-5,-5)]

Shrinking Run 29
#Info# Executed steps before collision: 3, Found collision: true
Turtle 1 :[(-1,-1), (23,13), (22,13), (21,13), (20,13), (20,12), (20,11), (-1,-1), (-1,-1), (-1,-1)]
Turtle 2 :[(-2,-2), (7,5), (6,5), (5,5), (4,5), (3,5), (3,4), (-2,-2), (-2,-2), (-2,-2)]
Turtle 3 :[(-3,-3), (19,29), (18,29), (17,29), (16,29), (16,28), (15,28), (-3,-3), (-3,-3), (-3,-3)]
Turtle 4 :[(-4,-4), (-4,-4), (-4,-4), (7,5), (6,5), (5,5), (4,5), (3,5), (3,5), (3,4)]
Turtle 5 :[(-5,-5), (21,12), (21,13), (21,13), (20,13), (20,14), (19,14), (-5,-5), (-5,-5), (-5,-5)]

Shrinking Run 30
#Info# Executed steps before collision: 9, Found collision: false
Turtle 1 :[(-1,-1), (23,13), (22,13), (21,13), (21,14), (20,14), (20,13), (20,12), (20,11), (-1,-1)]
Turtle 2 :[(-2,-2), (7,5), (6,5), (5,5), (4,5), (3,5), (3,4), (-2,-2), (-2,-2), (-2,-2)]
Turtle 3 :[(-3,-3), (19,29), (18,29), (17,29), (16,29), (16,28), (15,28), (-3,-3), (-3,-3), (-3,-3)]
Turtle 4 :[(-4,-4), (-4,-4), (-4,-4), (7,5), (6,5), (5,5), (4,5), (3,5), (3,5), (3,4)]
Turtle 5 :[(-5,-5), (21,12), (21,13), (20,13), (19,13), (19,13), (19,13), (19,14), (-5,-5), (-5,-5)]

Shrinking Run 31
#Info# Executed steps before collision: 9, Found collision: false
Turtle 1 :[(-1,-1), (23,13), (22,13), (21,13), (20,13), (20,12), (20,11), (-1,-1), (-1,-1), (-1,-1)]
Turtle 2 :[(-2,-2), (7,5), (6,5), (5,5), (4,5), (3,5), (3,4), (-2,-2), (-2,-2), (-2,-2)]
Turtle 3 :[(-3,-3), (19,29), (18,29), (17,29), (16,29), (16,28), (15,28), (-3,-3), (-3,-3), (-3,-3)]
Turtle 4 :[(-4,-4), (-4,-4), (-4,-4), (7,5), (6,5), (5,5), (4,5), (3,5), (3,5), (3,4)]
Turtle 5 :[(-5,-5), (21,12), (21,13), (21,12), (21,13), (21,14), (20,14), (19,14), (-5,-5), (-5,-5)]

Shrinking Run 32
#Info# Executed steps before collision: 9, Found collision: false
Turtle 1 :[(-1,-1), (23,13), (22,13), (21,13), (20,13), (19,13), (19,12), (-1,-1), (-1,-1), (-1,-1)]
Turtle 2 :[(-2,-2), (7,5), (6,5), (5,5), (4,5), (3,5), (3,4), (-2,-2), (-2,-2), (-2,-2)]
Turtle 3 :[(-3,-3), (19,29), (18,29), (17,29), (16,29), (16,28), (15,28), (-3,-3), (-3,-3), (-3,-3)]
Turtle 4 :[(-4,-4), (-4,-4), (-4,-4), (7,5), (6,5), (5,5), (4,5), (3,5), (3,5), (3,4)]
Turtle 5 :[(-5,-5), (21,12), (21,13), (22,13), (23,13), (23,14), (22,14), (21,14), (20,14), (19,14)]

Shrinking Run 33
#Info# Executed steps before collision: 3, Found collision: true
Turtle 1 :[(-1,-1), (23,13), (22,13), (21,13), (20,13), (20,12), (19,12), (-1,-1), (-1,-1), (-1,-1)]
Turtle 2 :[(-2,-2), (7,5), (6,5), (5,5), (4,5), (3,5), (3,4), (-2,-2), (-2,-2), (-2,-2)]
Turtle 3 :[(-3,-3), (19,29), (18,29), (17,29), (16,29), (16,28), (15,28), (-3,-3), (-3,-3), (-3,-3)]
Turtle 4 :[(-4,-4), (-4,-4), (-4,-4), (7,5), (6,5), (5,5), (4,5), (3,5), (3,5), (3,4)]
Turtle 5 :[(-5,-5), (21,12), (21,13), (21,13), (20,13), (20,13), (20,13), (19,13), (19,14), (-5,-5)]

Shrinking Run 34
#Info# Executed steps before collision: 9, Found collision: false
Turtle 1 :[(-1,-1), (23,13), (22,13), (21,13), (20,13), (20,12), (19,12), (-1,-1), (-1,-1), (-1,-1)]
Turtle 2 :[(-2,-2), (7,5), (6,5), (5,5), (4,5), (3,5), (2,5), (-2,-2), (-2,-2), (-2,-2)]
Turtle 3 :[(-3,-3), (19,29), (18,29), (17,29), (16,29), (16,28), (15,28), (-3,-3), (-3,-3), (-3,-3)]
Turtle 4 :[(-4,-4), (-4,-4), (-4,-4), (7,5), (6,5), (5,5), (4,5), (3,5), (3,5), (3,4)]
Turtle 5 :[(-5,-5), (21,12), (21,13), (22,13), (21,13), (21,14), (20,14), (19,14), (-5,-5), (-5,-5)]

Shrinking Run 35
#Info# Executed steps before collision: 3, Found collision: true
Turtle 1 :[(-1,-1), (23,13), (22,13), (21,13), (20,13), (20,12), (19,12), (-1,-1), (-1,-1), (-1,-1)]
Turtle 2 :[(-2,-2), (7,5), (6,5), (5,5), (4,5), (3,5), (3,4), (-2,-2), (-2,-2), (-2,-2)]
Turtle 3 :[(-3,-3), (19,29), (18,29), (17,29), (17,29), (17,29), (16,29), (15,29), (14,29), (-3,-3)]
Turtle 4 :[(-4,-4), (-4,-4), (-4,-4), (7,5), (6,5), (5,5), (4,5), (3,5), (3,5), (3,4)]
Turtle 5 :[(-5,-5), (21,12), (21,13), (21,13), (20,13), (19,13), (19,14), (-5,-5), (-5,-5), (-5,-5)]

Shrinking Run 36
#Info# Executed steps before collision: 3, Found collision: true
Turtle 1 :[(-1,-1), (23,13), (22,13), (21,13), (20,13), (20,12), (19,12), (-1,-1), (-1,-1), (-1,-1)]
Turtle 2 :[(-2,-2), (7,5), (6,5), (5,5), (4,5), (3,5), (3,4), (-2,-2), (-2,-2), (-2,-2)]
Turtle 3 :[(-3,-3), (19,29), (18,29), (17,29), (16,29), (15,29), (14,29), (-3,-3), (-3,-3), (-3,-3)]
Turtle 4 :[(-4,-4), (-4,-4), (-4,-4), (7,5), (6,5), (5,5), (4,5), (3,5), (3,5), (3,4)]
Turtle 5 :[(-5,-5), (21,12), (21,13), (21,13), (20,13), (20,13), (20,13), (19,13), (19,14), (-5,-5)]

Shrinking Run 37
#Info# Executed steps before collision: 3, Found collision: true
Turtle 1 :[(-1,-1), (23,13), (22,13), (21,13), (20,13), (20,12), (19,12), (-1,-1), (-1,-1), (-1,-1)]
Turtle 2 :[(-2,-2), (7,5), (6,5), (5,5), (4,5), (3,5), (3,4), (-2,-2), (-2,-2), (-2,-2)]
Turtle 3 :[(-3,-3), (19,29), (18,29), (17,29), (16,29), (15,29), (14,29), (-3,-3), (-3,-3), (-3,-3)]
Turtle 4 :[(-4,-4), (-4,-4), (-4,-4), (7,5), (6,5), (6,5), (5,5), (4,5), (3,5), (2,5)]
Turtle 5 :[(-5,-5), (21,12), (21,13), (21,13), (20,13), (20,12), (20,13), (19,13), (19,14), (-5,-5)]

Shrinking Run 38
#Info# Executed steps before collision: 9, Found collision: false
Turtle 1 :[(-1,-1), (23,13), (22,13), (21,13), (20,13), (20,12), (19,12), (-1,-1), (-1,-1), (-1,-1)]
Turtle 2 :[(-2,-2), (7,5), (6,5), (5,5), (4,5), (3,5), (3,4), (-2,-2), (-2,-2), (-2,-2)]
Turtle 3 :[(-3,-3), (19,29), (18,29), (17,29), (16,29), (15,29), (14,29), (-3,-3), (-3,-3), (-3,-3)]
Turtle 4 :[(-4,-4), (-4,-4), (-4,-4), (7,5), (7,5), (6,5), (5,5), (4,5), (3,5), (2,5)]
Turtle 5 :[(-5,-5), (21,12), (21,13), (21,12), (21,13), (21,14), (20,14), (19,14), (-5,-5), (-5,-5)]

Shrinking Run 39
#Info# Executed steps before collision: 3, Found collision: true
Turtle 1 :[(-1,-1), (23,13), (22,13), (21,13), (20,13), (20,12), (19,12), (-1,-1), (-1,-1), (-1,-1)]
Turtle 2 :[(-2,-2), (7,5), (6,5), (5,5), (4,5), (3,5), (3,4), (-2,-2), (-2,-2), (-2,-2)]
Turtle 3 :[(-3,-3), (19,29), (18,29), (17,29), (16,29), (15,29), (14,29), (-3,-3), (-3,-3), (-3,-3)]
Turtle 4 :[(-4,-4), (-4,-4), (-4,-4), (7,5), (6,5), (5,5), (4,5), (3,5), (3,5), (2,5)]
Turtle 5 :[(-5,-5), (21,12), (21,13), (21,13), (20,13), (20,14), (19,14), (-5,-5), (-5,-5), (-5,-5)]

Shrinking Run 40
#Info# Executed steps before collision: 9, Found collision: false
Turtle 1 :[(-1,-1), (23,13), (22,13), (21,13), (20,13), (20,12), (19,12), (-1,-1), (-1,-1), (-1,-1)]
Turtle 2 :[(-2,-2), (7,5), (6,5), (5,5), (4,5), (3,5), (3,4), (-2,-2), (-2,-2), (-2,-2)]
Turtle 3 :[(-3,-3), (19,29), (18,29), (17,29), (16,29), (15,29), (14,29), (-3,-3), (-3,-3), (-3,-3)]
Turtle 4 :[(-4,-4), (-4,-4), (-4,-4), (7,5), (6,5), (5,5), (4,5), (3,5), (3,5), (2,5)]
Turtle 5 :[(-5,-5), (21,12), (21,12), (20,12), (19,12), (18,12), (17,12), (17,12), (17,13), (-5,-5)]

Shrinking Run 41
#Info# Executed steps before collision: 9, Found collision: false
Turtle 1 :[(-1,-1), (23,13), (22,13), (21,13), (21,12), (20,12), (19,12), (-1,-1), (-1,-1), (-1,-1)]
Turtle 2 :[(-2,-2), (7,5), (6,5), (5,5), (4,5), (3,5), (3,4), (-2,-2), (-2,-2), (-2,-2)]
Turtle 3 :[(-3,-3), (19,29), (18,29), (17,29), (16,29), (15,29), (14,29), (-3,-3), (-3,-3), (-3,-3)]
Turtle 4 :[(-4,-4), (-4,-4), (-4,-4), (7,5), (6,5), (5,5), (4,5), (3,5), (3,5), (2,5)]
Turtle 5 :[(-5,-5), (21,12), (21,12), (20,12), (19,12), (19,13), (18,13), (18,13), (18,14), (-5,-5)]

Shrinking Run 42
#Info# Executed steps before collision: 9, Found collision: false
Turtle 1 :[(-1,-1), (23,13), (22,13), (21,13), (20,13), (20,12), (19,12), (-1,-1), (-1,-1), (-1,-1)]
Turtle 2 :[(-2,-2), (7,5), (6,5), (5,5), (4,5), (3,5), (3,4), (-2,-2), (-2,-2), (-2,-2)]
Turtle 3 :[(-3,-3), (19,29), (18,29), (17,29), (16,29), (15,29), (14,29), (-3,-3), (-3,-3), (-3,-3)]
Turtle 4 :[(-4,-4), (-4,-4), (-4,-4), (7,5), (6,5), (5,5), (4,5), (3,5), (3,5), (2,5)]
Turtle 5 :[(-5,-5), (21,12), (21,12), (20,12), (19,12), (19,11), (19,10), (19,10), (19,9), (-5,-5)]

Shrinking Run 43
#Info# Executed steps before collision: 9, Found collision: false
Turtle 1 :[(-1,-1), (23,13), (22,13), (21,13), (21,12), (20,12), (19,12), (-1,-1), (-1,-1), (-1,-1)]
Turtle 2 :[(-2,-2), (7,5), (6,5), (5,5), (4,5), (3,5), (3,4), (-2,-2), (-2,-2), (-2,-2)]
Turtle 3 :[(-3,-3), (19,29), (18,29), (17,29), (16,29), (15,29), (14,29), (-3,-3), (-3,-3), (-3,-3)]
Turtle 4 :[(-4,-4), (-4,-4), (-4,-4), (7,5), (6,5), (5,5), (4,5), (3,5), (3,5), (2,5)]
Turtle 5 :[(-5,-5), (21,12), (21,12), (21,11), (20,11), (20,10), (19,10), (19,10), (19,9), (-5,-5)]

Shrinking Run 44
#Info# Executed steps before collision: 10, Found collision: false
Turtle 1 :[(-1,-1), (23,13), (22,13), (21,13), (20,13), (20,12), (19,12), (-1,-1), (-1,-1), (-1,-1), (-1,-1)]
Turtle 2 :[(-2,-2), (7,5), (6,5), (5,5), (4,5), (3,5), (3,4), (-2,-2), (-2,-2), (-2,-2), (-2,-2)]
Turtle 3 :[(-3,-3), (19,29), (18,29), (17,29), (16,29), (15,29), (14,29), (-3,-3), (-3,-3), (-3,-3), (-3,-3)]
Turtle 4 :[(-4,-4), (-4,-4), (-4,-4), (7,5), (7,5), (6,5), (5,5), (4,5), (3,5), (3,5), (2,5)]
Turtle 5 :[(-5,-5), (21,12), (20,12), (19,12), (19,13), (-5,-5), (-5,-5), (-5,-5), (-5,-5), (-5,-5), (-5,-5)]

Shrinking Run 45
#Info# Executed steps before collision: 9, Found collision: false
Turtle 1 :[(-1,-1), (23,13), (22,13), (21,13), (20,13), (20,12), (19,12), (-1,-1), (-1,-1), (-1,-1)]
Turtle 2 :[(-2,-2), (7,5), (6,5), (5,5), (4,5), (3,5), (3,4), (-2,-2), (-2,-2), (-2,-2)]
Turtle 3 :[(-3,-3), (19,29), (18,29), (17,29), (16,29), (15,29), (14,29), (-3,-3), (-3,-3), (-3,-3)]
Turtle 4 :[(-4,-4), (-4,-4), (-4,-4), (7,5), (6,5), (5,5), (4,5), (3,5), (3,5), (2,5)]
Turtle 5 :[(-5,-5), (21,12), (21,13), (20,13), (19,13), (19,14), (-5,-5), (-5,-5), (-5,-5), (-5,-5)]

Shrinking Run 46
#Info# Executed steps before collision: 9, Found collision: false
Turtle 1 :[(-1,-1), (23,13), (22,13), (21,13), (20,13), (20,12), (19,12), (-1,-1), (-1,-1), (-1,-1)]
Turtle 2 :[(-2,-2), (7,5), (6,5), (5,5), (4,5), (3,5), (3,4), (-2,-2), (-2,-2), (-2,-2)]
Turtle 3 :[(-3,-3), (19,29), (18,29), (17,29), (16,29), (15,29), (14,29), (-3,-3), (-3,-3), (-3,-3)]
Turtle 4 :[(-4,-4), (-4,-4), (-4,-4), (7,5), (6,5), (5,5), (4,5), (3,5), (3,5), (2,5)]
Turtle 5 :[(-5,-5), (21,12), (21,12), (20,12), (19,12), (19,13), (19,14), (-5,-5), (-5,-5), (-5,-5)]

Shrinking Run 47
#Info# Executed steps before collision: 10, Found collision: false
Turtle 1 :[(-1,-1), (23,13), (22,13), (21,13), (20,13), (20,12), (21,12), (20,12), (19,12), (-1,-1), (-1,-1)]
Turtle 2 :[(-2,-2), (7,5), (6,5), (5,5), (4,5), (3,5), (3,4), (-2,-2), (-2,-2), (-2,-2), (-2,-2)]
Turtle 3 :[(-3,-3), (19,29), (18,29), (17,29), (16,29), (15,29), (14,29), (-3,-3), (-3,-3), (-3,-3), (-3,-3)]
Turtle 4 :[(-4,-4), (-4,-4), (-4,-4), (7,5), (8,5), (7,5), (6,5), (5,5), (4,5), (3,5), (2,5)]
Turtle 5 :[(-5,-5), (21,12), (20,12), (20,12), (19,12), (19,12), (19,13), (19,14), (-5,-5), (-5,-5), (-5,-5)]

Shrinking Run 48
#Info# Executed steps before collision: 9, Found collision: false
Turtle 1 :[(-1,-1), (23,13), (22,13), (21,13), (21,14), (21,13), (21,12), (20,12), (19,12), (-1,-1)]
Turtle 2 :[(-2,-2), (7,5), (6,5), (5,5), (4,5), (3,5), (3,4), (-2,-2), (-2,-2), (-2,-2)]
Turtle 3 :[(-3,-3), (19,29), (18,29), (17,29), (16,29), (15,29), (14,29), (-3,-3), (-3,-3), (-3,-3)]
Turtle 4 :[(-4,-4), (-4,-4), (-4,-4), (7,5), (6,5), (5,5), (4,5), (3,5), (3,5), (2,5)]
Turtle 5 :[(-5,-5), (21,12), (21,13), (20,13), (19,13), (19,13), (19,13), (19,14), (-5,-5), (-5,-5)]

Shrinking Run 49
#Info# Executed steps before collision: 3, Found collision: true
Turtle 1 :[(-1,-1), (23,13), (22,13), (21,13), (20,13), (20,12), (19,12), (-1,-1), (-1,-1), (-1,-1), (-1,-1)]
Turtle 2 :[(-2,-2), (7,5), (6,5), (5,5), (4,5), (3,5), (3,4), (-2,-2), (-2,-2), (-2,-2), (-2,-2)]
Turtle 3 :[(-3,-3), (19,29), (18,29), (17,29), (16,29), (15,29), (14,29), (-3,-3), (-3,-3), (-3,-3), (-3,-3)]
Turtle 4 :[(-4,-4), (-4,-4), (-4,-4), (7,5), (7,6), (6,6), (5,6), (4,6), (3,6), (3,5), (2,5)]
Turtle 5 :[(-5,-5), (21,12), (21,13), (21,13), (20,13), (19,13), (19,13), (19,14), (-5,-5), (-5,-5), (-5,-5)]

Shrinking Run 50
#Info# Executed steps before collision: 9, Found collision: false
Turtle 1 :[(-1,-1), (23,13), (22,13), (21,13), (20,13), (19,13), (19,12), (-1,-1), (-1,-1), (-1,-1)]
Turtle 2 :[(-2,-2), (7,5), (6,5), (5,5), (4,5), (3,5), (3,4), (-2,-2), (-2,-2), (-2,-2)]
Turtle 3 :[(-3,-3), (19,29), (18,29), (17,29), (16,29), (15,29), (14,29), (-3,-3), (-3,-3), (-3,-3)]
Turtle 4 :[(-4,-4), (-4,-4), (-4,-4), (7,5), (6,5), (5,5), (4,5), (3,5), (3,5), (2,5)]
Turtle 5 :[(-5,-5), (21,12), (21,13), (22,13), (21,13), (21,12), (20,12), (20,13), (20,14), (19,14)]

Shrinking Run 51
#Info# Executed steps before collision: 3, Found collision: true
Turtle 1 :[(-1,-1), (23,13), (22,13), (21,13), (20,13), (20,12), (19,12), (-1,-1), (-1,-1), (-1,-1), (-1,-1)]
Turtle 2 :[(-2,-2), (7,5), (6,5), (5,5), (4,5), (3,5), (2,5), (-2,-2), (-2,-2), (-2,-2), (-2,-2)]
Turtle 3 :[(-3,-3), (19,29), (18,29), (17,29), (16,29), (15,29), (14,29), (-3,-3), (-3,-3), (-3,-3), (-3,-3)]
Turtle 4 :[(-4,-4), (-4,-4), (-4,-4), (7,5), (7,4), (6,4), (6,5), (5,5), (4,5), (3,5), (2,5)]
Turtle 5 :[(-5,-5), (21,12), (21,13), (21,13), (20,13), (19,13), (19,13), (19,14), (-5,-5), (-5,-5), (-5,-5)]

Shrinking Run 52
#Info# Executed steps before collision: 3, Found collision: true
Turtle 1 :[(-1,-1), (23,13), (22,13), (21,13), (20,13), (20,12), (19,12), (-1,-1), (-1,-1)]
Turtle 2 :[(-2,-2), (7,5), (6,5), (5,5), (4,5), (3,5), (2,5), (-2,-2), (-2,-2)]
Turtle 3 :[(-3,-3), (19,29), (18,29), (17,29), (16,29), (15,29), (14,29), (-3,-3), (-3,-3)]
Turtle 4 :[(-4,-4), (-4,-4), (-4,-4), (7,5), (6,5), (5,5), (4,5), (3,5), (2,5)]
Turtle 5 :[(-5,-5), (21,12), (21,13), (21,13), (20,13), (19,13), (19,13), (19,14), (-5,-5)]

Shrinking Run 53
#Info# Executed steps before collision: 8, Found collision: false
Turtle 1 :[(-1,-1), (23,13), (22,13), (21,13), (20,13), (20,12), (19,12), (-1,-1), (-1,-1)]
Turtle 2 :[(-2,-2), (7,5), (6,5), (5,5), (4,5), (3,5), (2,5), (-2,-2), (-2,-2)]
Turtle 3 :[(-3,-3), (19,29), (18,29), (17,29), (16,29), (15,29), (14,29), (-3,-3), (-3,-3)]
Turtle 4 :[(-4,-4), (-4,-4), (-4,-4), (7,5), (6,5), (5,5), (4,5), (3,5), (2,5)]
Turtle 5 :[(-5,-5), (21,12), (21,12), (20,12), (19,12), (18,12), (17,12), (17,12), (17,13)]

Shrinking Run 54
#Info# Executed steps before collision: 8, Found collision: false
Turtle 1 :[(-1,-1), (23,13), (22,13), (21,13), (20,13), (20,12), (19,12), (-1,-1), (-1,-1)]
Turtle 2 :[(-2,-2), (7,5), (6,5), (5,5), (4,5), (3,5), (2,5), (-2,-2), (-2,-2)]
Turtle 3 :[(-3,-3), (19,29), (18,29), (17,29), (16,29), (15,29), (14,29), (-3,-3), (-3,-3)]
Turtle 4 :[(-4,-4), (-4,-4), (-4,-4), (7,5), (6,5), (5,5), (4,5), (3,5), (2,5)]
Turtle 5 :[(-5,-5), (21,12), (21,12), (20,12), (19,12), (19,13), (18,13), (18,13), (18,14)]

Shrinking Run 55
#Info# Executed steps before collision: 8, Found collision: false
Turtle 1 :[(-1,-1), (23,13), (22,13), (21,13), (21,12), (20,12), (19,12), (-1,-1), (-1,-1)]
Turtle 2 :[(-2,-2), (7,5), (6,5), (5,5), (4,5), (3,5), (2,5), (-2,-2), (-2,-2)]
Turtle 3 :[(-3,-3), (19,29), (18,29), (17,29), (16,29), (15,29), (14,29), (-3,-3), (-3,-3)]
Turtle 4 :[(-4,-4), (-4,-4), (-4,-4), (7,5), (6,5), (5,5), (4,5), (3,5), (2,5)]
Turtle 5 :[(-5,-5), (21,12), (21,12), (20,12), (19,12), (19,11), (19,10), (19,10), (19,9)]

Shrinking Run 56
#Info# Executed steps before collision: 8, Found collision: false
Turtle 1 :[(-1,-1), (23,13), (22,13), (21,13), (20,13), (20,12), (19,12), (-1,-1), (-1,-1)]
Turtle 2 :[(-2,-2), (7,5), (6,5), (5,5), (4,5), (3,5), (2,5), (-2,-2), (-2,-2)]
Turtle 3 :[(-3,-3), (19,29), (18,29), (17,29), (16,29), (15,29), (14,29), (-3,-3), (-3,-3)]
Turtle 4 :[(-4,-4), (-4,-4), (-4,-4), (7,5), (6,5), (5,5), (4,5), (3,5), (2,5)]
Turtle 5 :[(-5,-5), (21,12), (21,12), (21,11), (20,11), (20,10), (19,10), (19,10), (19,9)]

Shrinking Run 57
#Info# Executed steps before collision: 8, Found collision: false
Turtle 1 :[(-1,-1), (23,13), (22,13), (21,13), (20,13), (20,12), (19,12), (-1,-1), (-1,-1)]
Turtle 2 :[(-2,-2), (7,5), (6,5), (5,5), (4,5), (3,5), (2,5), (-2,-2), (-2,-2)]
Turtle 3 :[(-3,-3), (19,29), (18,29), (17,29), (16,29), (15,29), (14,29), (-3,-3), (-3,-3)]
Turtle 4 :[(-4,-4), (-4,-4), (-4,-4), (7,5), (6,5), (5,5), (4,5), (3,5), (2,5)]
Turtle 5 :[(-5,-5), (21,12), (20,12), (19,12), (19,13), (-5,-5), (-5,-5), (-5,-5), (-5,-5)]

Shrinking Run 58
#Info# Executed steps before collision: 10, Found collision: false
Turtle 1 :[(-1,-1), (23,13), (22,13), (21,13), (21,12), (20,12), (19,12), (-1,-1), (-1,-1), (-1,-1), (-1,-1)]
Turtle 2 :[(-2,-2), (7,5), (6,5), (5,5), (4,5), (3,5), (2,5), (-2,-2), (-2,-2), (-2,-2), (-2,-2)]
Turtle 3 :[(-3,-3), (19,29), (18,29), (17,29), (16,29), (15,29), (14,29), (-3,-3), (-3,-3), (-3,-3), (-3,-3)]
Turtle 4 :[(-4,-4), (-4,-4), (-4,-4), (7,5), (7,4), (6,4), (5,4), (4,4), (3,4), (2,4), (2,5)]
Turtle 5 :[(-5,-5), (21,12), (21,13), (20,13), (19,13), (19,14), (-5,-5), (-5,-5), (-5,-5), (-5,-5), (-5,-5)]

Shrinking Run 59
#Info# Executed steps before collision: 8, Found collision: false
Turtle 1 :[(-1,-1), (23,13), (22,13), (21,13), (20,13), (20,12), (19,12), (-1,-1), (-1,-1)]
Turtle 2 :[(-2,-2), (7,5), (6,5), (5,5), (4,5), (3,5), (2,5), (-2,-2), (-2,-2)]
Turtle 3 :[(-3,-3), (19,29), (18,29), (17,29), (16,29), (15,29), (14,29), (-3,-3), (-3,-3)]
Turtle 4 :[(-4,-4), (-4,-4), (-4,-4), (7,5), (6,5), (5,5), (4,5), (3,5), (2,5)]
Turtle 5 :[(-5,-5), (21,12), (21,12), (20,12), (19,12), (19,13), (19,14), (-5,-5), (-5,-5)]

Shrinking Run 60
#Info# Executed steps before collision: 8, Found collision: false
Turtle 1 :[(-1,-1), (23,13), (22,13), (21,13), (20,13), (20,12), (21,12), (20,12), (19,12)]
Turtle 2 :[(-2,-2), (7,5), (6,5), (5,5), (4,5), (3,5), (2,5), (-2,-2), (-2,-2)]
Turtle 3 :[(-3,-3), (19,29), (18,29), (17,29), (16,29), (15,29), (14,29), (-3,-3), (-3,-3)]
Turtle 4 :[(-4,-4), (-4,-4), (-4,-4), (7,5), (6,5), (5,5), (4,5), (3,5), (2,5)]
Turtle 5 :[(-5,-5), (21,12), (20,12), (20,12), (19,12), (19,12), (19,13), (19,14), (-5,-5)]

Shrinking Run 61
#Info# Executed steps before collision: 4, Found collision: true
Turtle 1 :[(-1,-1), (23,13), (22,13), (21,13), (20,13), (19,13), (19,12), (-1,-1), (-1,-1)]
Turtle 2 :[(-2,-2), (7,5), (6,5), (5,5), (4,5), (3,5), (2,5), (-2,-2), (-2,-2)]
Turtle 3 :[(-3,-3), (19,29), (18,29), (17,29), (16,29), (15,29), (14,29), (-3,-3), (-3,-3)]
Turtle 4 :[(-4,-4), (-4,-4), (-4,-4), (7,5), (6,5), (5,5), (4,5), (3,5), (2,5)]
Turtle 5 :[(-5,-5), (21,12), (21,13), (20,13), (20,13), (20,14), (19,14), (-5,-5), (-5,-5)]

Shrink Run 62
#Info# Executed steps before collision: 8, Found collision: false
Turtle 1 :[(-1,-1), (23,13), (22,13), (21,13), (22,13), (22,12), (21,12), (20,12), (19,12)]
Turtle 2 :[(-2,-2), (7,5), (6,5), (5,5), (4,5), (3,5), (2,5), (-2,-2), (-2,-2)]
Turtle 3 :[(-3,-3), (19,29), (18,29), (17,29), (16,29), (15,29), (14,29), (-3,-3), (-3,-3)]
Turtle 4 :[(-4,-4), (-4,-4), (-4,-4), (7,5), (6,5), (5,5), (4,5), (3,5), (2,5)]
Turtle 5 :[(-5,-5), (21,12), (21,13), (20,13), (19,13), (19,13), (19,13), (19,14), (-5,-5)]

