Detection Run 1
#Info# Executed steps before collision: 6, Found collision: false
Turtle 1 :[(-1,-1), (3,2), (3,1), (2,1), (2,0), (-1,-1), (-1,-1)]
Turtle 2 :[(-2,-2), (4,9), (5,9), (6,9), (7,9), (7,9), (8,9)]
Turtle 3 :[(-3,-3), (7,4), (7,3), (6,3), (5,3), (4,3), (3,3)]
Turtle 4 :[(-4,-4), (7,6), (8,6), (9,6), (-4,-4), (-4,-4), (-4,-4)]
Turtle 5 :[(-5,-5), (8,2), (8,3), (8,4), (9,4), (9,4), (-5,-5)]

Detection Run 2
#Info# Executed steps before collision: 6, Found collision: false
Turtle 1 :[(-1,-1), (2,9), (3,9), (4,9), (5,9), (5,8), (5,7)]
Turtle 2 :[(-2,-2), (1,5), (2,5), (1,5), (1,6), (1,7), (0,7)]
Turtle 3 :[(-3,-3), (0,8), (0,9), (1,9), (2,9), (-3,-3), (-3,-3)]
Turtle 4 :[(-4,-4), (6,9), (7,9), (7,9), (-4,-4), (-4,-4), (-4,-4)]
Turtle 5 :[(-5,-5), (0,1), (0,0), (0,0), (0,1), (0,2), (0,1)]

Fault Detection Run 3
#Info# Executed steps before collision: 5, Found collision: true
Turtle 1 :[(-1,-1), (2,1), (1,1), (0,1), (0,1), (1,1), (1,0), (-1,-1), (-1,-1), (-1,-1), (-1,-1)]
Turtle 2 :[(-2,-2), (7,8), (7,7), (7,6), (7,5), (8,5), (9,5), (-2,-2), (-2,-2), (-2,-2), (-2,-2)]
Turtle 3 :[(-3,-3), (1,5), (1,4), (1,3), (1,2), (1,1), (0,1), (0,0), (1,0), (-3,-3), (-3,-3)]
Turtle 4 :[(-4,-4), (10,8), (9,8), (9,7), (9,6), (9,7), (9,6), (9,7), (9,6), (9,5), (9,4)]
Turtle 5 :[(-5,-5), (8,2), (7,2), (6,2), (5,2), (5,3), (5,4), (-5,-5), (-5,-5), (-5,-5), (-5,-5)]

