Detection Run 1
#Info# Executed steps before collision: 5, Found collision: false
Turtle 1 :[(-1,-1), (0,3), (0,4), (0,5), (-1,-1), (-1,-1)]
Turtle 2 :[(-2,-2), (7,2), (7,1), (6,1), (7,1), (7,0)]
Turtle 3 :[(-3,-3), (3,0), (2,0), (-3,-3), (-3,-3), (-3,-3)]
Turtle 4 :[(-4,-4), (3,1), (3,0), (2,0), (-4,-4), (-4,-4)]
Turtle 5 :[(-5,-5), (1,4), (2,4), (2,3), (1,3), (-5,-5)]

Fault Detection Run 2
#Info# Executed steps before collision: 2, Found collision: true
Turtle 1 :[(-1,-1), (7,1), (8,1), (8,2), (8,3), (9,3), (9,3)]
Turtle 2 :[(-2,-2), (7,4), (7,5), (7,6), (8,6), (9,6), (-2,-2)]
Turtle 3 :[(-3,-3), (7,6), (7,5), (7,4), (7,3), (7,2), (8,2)]
Turtle 4 :[(-4,-4), (8,6), (7,6), (7,7), (7,8), (-4,-4), (-4,-4)]
Turtle 5 :[(-5,-5), (1,0), (2,0), (2,1), (2,0), (3,0), (4,0)]

