Shrinking Run 1
#Info# Executed steps before collision: 5, Found collision: true
Turtle 1 :[(-1,-1), (2,36), (2,36), (2,37), (2,38), (2,38), (2,39), (1,39), (1,39), (0,39), (-1,-1), (-1,-1), (-1,-1)]
Turtle 2 :[(-2,-2), (3,40), (3,40), (3,40), (3,39), (3,40), (2,40), (1,40), (1,41), (-2,-2), (-2,-2), (-2,-2), (-2,-2)]
Turtle 3 :[(-3,-3), (23,48), (23,47), (23,46), (23,46), (23,46), (23,46), (23,46), (23,46), (23,45), (22,45), (22,45), (21,45)]
Turtle 4 :[(-4,-4), (26,47), (25,47), (25,46), (24,46), (23,46), (22,46), (-4,-4), (-4,-4), (-4,-4), (-4,-4), (-4,-4), (-4,-4)]
Turtle 5 :[(-5,-5), (5,47), (6,47), (6,46), (6,45), (6,44), (-5,-5), (-5,-5), (-5,-5), (-5,-5), (-5,-5), (-5,-5), (-5,-5)]

Shrinking Run 2
#Info# Executed steps before collision: 5, Found collision: true
Turtle 1 :[(-1,-1), (2,36), (2,36), (2,35), (2,34), (2,34), (2,33), (2,32), (2,32), (1,32), (-1,-1)]
Turtle 2 :[(-2,-2), (3,40), (3,40), (3,40), (3,39), (3,40), (2,40), (1,40), (1,41), (-2,-2), (-2,-2)]
Turtle 3 :[(-3,-3), (23,48), (23,47), (23,46), (23,46), (23,46), (23,47), (22,47), (22,46), (21,46), (21,45)]
Turtle 4 :[(-4,-4), (26,47), (25,47), (25,46), (24,46), (23,46), (24,46), (23,46), (22,46), (-4,-4), (-4,-4)]
Turtle 5 :[(-5,-5), (5,47), (6,47), (6,46), (6,45), (6,44), (-5,-5), (-5,-5), (-5,-5), (-5,-5), (-5,-5)]

Shrinking Run 3
#Info# Executed steps before collision: 5, Found collision: true
Turtle 1 :[(-1,-1), (2,36), (2,36), (1,36), (1,35), (1,35), (1,34), (1,33), (1,33), (0,33)]
Turtle 2 :[(-2,-2), (3,40), (3,40), (3,40), (3,39), (3,40), (2,40), (1,40), (1,41), (-2,-2)]
Turtle 3 :[(-3,-3), (23,48), (23,47), (23,46), (23,46), (23,46), (23,45), (22,45), (21,45), (-3,-3)]
Turtle 4 :[(-4,-4), (26,47), (25,47), (25,46), (24,46), (23,46), (23,47), (22,47), (22,46), (-4,-4)]
Turtle 5 :[(-5,-5), (5,47), (6,47), (6,46), (6,45), (6,44), (-5,-5), (-5,-5), (-5,-5), (-5,-5)]

Shrinking Run 4
#Info# Executed steps before collision: 5, Found collision: true
Turtle 1 :[(-1,-1), (2,36), (2,36), (1,36), (1,35), (1,35), (1,34), (0,34), (0,34), (0,33), (-1,-1)]
Turtle 2 :[(-2,-2), (3,40), (3,40), (3,40), (3,39), (3,40), (2,40), (1,40), (1,41), (-2,-2), (-2,-2)]
Turtle 3 :[(-3,-3), (23,48), (23,47), (23,46), (23,46), (23,46), (24,46), (24,45), (23,45), (22,45), (21,45)]
Turtle 4 :[(-4,-4), (26,47), (25,47), (25,46), (24,46), (23,46), (24,46), (23,46), (22,46), (-4,-4), (-4,-4)]
Turtle 5 :[(-5,-5), (5,47), (6,47), (6,46), (6,45), (6,44), (-5,-5), (-5,-5), (-5,-5), (-5,-5), (-5,-5)]

Shrinking Run 5
#Info# Executed steps before collision: 5, Found collision: true
Turtle 1 :[(-1,-1), (2,36), (2,35), (1,35), (0,35), (0,34), (0,33), (-1,-1), (-1,-1)]
Turtle 2 :[(-2,-2), (3,40), (3,40), (3,40), (3,39), (3,40), (2,40), (1,40), (1,41)]
Turtle 3 :[(-3,-3), (23,48), (23,47), (23,46), (23,46), (23,46), (22,46), (21,46), (21,45)]
Turtle 4 :[(-4,-4), (26,47), (25,47), (25,46), (24,46), (23,46), (23,47), (22,47), (22,46)]
Turtle 5 :[(-5,-5), (5,47), (6,47), (6,46), (6,45), (6,44), (-5,-5), (-5,-5), (-5,-5)]

Shrinking Run 6
#Info# Executed steps before collision: 5, Found collision: true
Turtle 1 :[(-1,-1), (2,36), (1,36), (0,36), (0,35), (0,34), (0,33), (-1,-1), (-1,-1)]
Turtle 2 :[(-2,-2), (3,40), (3,40), (3,40), (3,39), (3,40), (2,40), (1,40), (1,41)]
Turtle 3 :[(-3,-3), (23,48), (23,47), (23,46), (23,46), (23,46), (23,45), (22,45), (21,45)]
Turtle 4 :[(-4,-4), (26,47), (25,47), (25,46), (24,46), (23,46), (23,47), (22,47), (22,46)]
Turtle 5 :[(-5,-5), (5,47), (6,47), (6,46), (6,45), (6,44), (-5,-5), (-5,-5), (-5,-5)]

Shrinking Run 7
#Info# Executed steps before collision: 5, Found collision: true
Turtle 1 :[(-1,-1), (2,36), (1,36), (0,36), (0,35), (0,34), (0,33), (-1,-1), (-1,-1)]
Turtle 2 :[(-2,-2), (3,40), (3,41), (3,41), (3,41), (2,41), (1,41), (0,41), (-2,-2)]
Turtle 3 :[(-3,-3), (23,48), (23,47), (23,46), (23,46), (23,46), (23,45), (22,45), (21,45)]
Turtle 4 :[(-4,-4), (26,47), (25,47), (25,46), (24,46), (23,46), (23,47), (22,47), (22,46)]
Turtle 5 :[(-5,-5), (5,47), (6,47), (6,46), (6,45), (6,44), (-5,-5), (-5,-5), (-5,-5)]

Shrinking Run 8
#Info# Executed steps before collision: 5, Found collision: true
Turtle 1 :[(-1,-1), (2,36), (1,36), (0,36), (0,35), (0,34), (0,33), (-1,-1), (-1,-1), (-1,-1), (-1,-1), (-1,-1), (-1,-1)]
Turtle 2 :[(-2,-2), (3,40), (3,39), (2,39), (1,39), (1,38), (1,37), (-2,-2), (-2,-2), (-2,-2), (-2,-2), (-2,-2), (-2,-2)]
Turtle 3 :[(-3,-3), (23,48), (23,47), (23,46), (23,46), (23,46), (23,46), (23,46), (23,46), (23,45), (22,45), (22,45), (21,45)]
Turtle 4 :[(-4,-4), (26,47), (25,47), (25,46), (24,46), (23,46), (22,46), (-4,-4), (-4,-4), (-4,-4), (-4,-4), (-4,-4), (-4,-4)]
Turtle 5 :[(-5,-5), (5,47), (6,47), (6,46), (6,45), (6,44), (-5,-5), (-5,-5), (-5,-5), (-5,-5), (-5,-5), (-5,-5), (-5,-5)]

Shrinking Run 9
#Info# Executed steps before collision: 5, Found collision: true
Turtle 1 :[(-1,-1), (2,36), (1,36), (0,36), (0,35), (0,34), (0,33), (-1,-1), (-1,-1)]
Turtle 2 :[(-2,-2), (3,40), (3,39), (3,38), (2,38), (1,38), (1,37), (-2,-2), (-2,-2)]
Turtle 3 :[(-3,-3), (23,48), (23,47), (23,46), (23,46), (23,46), (22,46), (21,46), (21,45)]
Turtle 4 :[(-4,-4), (26,47), (25,47), (25,46), (24,46), (23,46), (22,46), (-4,-4), (-4,-4)]
Turtle 5 :[(-5,-5), (5,47), (6,47), (6,46), (6,45), (6,44), (-5,-5), (-5,-5), (-5,-5)]

Shrinking Run 10
#Info# Executed steps before collision: 5, Found collision: true
Turtle 1 :[(-1,-1), (2,36), (1,36), (0,36), (0,35), (0,34), (0,33), (-1,-1), (-1,-1), (-1,-1), (-1,-1)]
Turtle 2 :[(-2,-2), (3,40), (3,39), (2,39), (2,38), (1,38), (1,37), (-2,-2), (-2,-2), (-2,-2), (-2,-2)]
Turtle 3 :[(-3,-3), (23,48), (23,47), (23,46), (23,46), (23,46), (24,46), (24,45), (23,45), (22,45), (21,45)]
Turtle 4 :[(-4,-4), (26,47), (25,47), (25,46), (24,46), (23,46), (23,47), (23,46), (22,46), (-4,-4), (-4,-4)]
Turtle 5 :[(-5,-5), (5,47), (6,47), (6,46), (6,45), (6,44), (-5,-5), (-5,-5), (-5,-5), (-5,-5), (-5,-5)]

Shrinking Run 11
#Info# Executed steps before collision: 5, Found collision: true
Turtle 1 :[(-1,-1), (2,36), (1,36), (0,36), (0,35), (0,34), (0,33), (-1,-1), (-1,-1), (-1,-1), (-1,-1)]
Turtle 2 :[(-2,-2), (3,40), (2,40), (1,40), (1,39), (0,39), (0,38), (-2,-2), (-2,-2), (-2,-2), (-2,-2)]
Turtle 3 :[(-3,-3), (23,48), (23,47), (23,46), (23,46), (23,46), (23,47), (22,47), (22,46), (21,46), (21,45)]
Turtle 4 :[(-4,-4), (26,47), (25,47), (25,46), (24,46), (23,46), (23,46), (23,46), (22,46), (-4,-4), (-4,-4)]
Turtle 5 :[(-5,-5), (5,47), (6,47), (6,46), (6,45), (6,44), (-5,-5), (-5,-5), (-5,-5), (-5,-5), (-5,-5)]

Shrinking Run 12
#Info# Executed steps before collision: 5, Found collision: true
Turtle 1 :[(-1,-1), (2,36), (1,36), (0,36), (0,35), (0,34), (0,33), (-1,-1), (-1,-1), (-1,-1), (-1,-1), (-1,-1), (-1,-1)]
Turtle 2 :[(-2,-2), (3,40), (2,40), (1,40), (0,40), (0,39), (0,38), (-2,-2), (-2,-2), (-2,-2), (-2,-2), (-2,-2), (-2,-2)]
Turtle 3 :[(-3,-3), (23,48), (23,47), (23,46), (23,46), (23,46), (23,46), (23,46), (23,46), (23,45), (22,45), (22,45), (21,45)]
Turtle 4 :[(-4,-4), (26,47), (25,47), (25,46), (24,46), (23,46), (23,45), (23,45), (23,46), (22,46), (-4,-4), (-4,-4), (-4,-4)]
Turtle 5 :[(-5,-5), (5,47), (6,47), (6,46), (6,45), (6,44), (-5,-5), (-5,-5), (-5,-5), (-5,-5), (-5,-5), (-5,-5), (-5,-5)]

Shrinking Run 13
#Info# Executed steps before collision: 11, Found collision: false
Turtle 1 :[(-1,-1), (2,36), (1,36), (0,36), (0,35), (0,34), (0,33), (-1,-1), (-1,-1), (-1,-1), (-1,-1), (-1,-1)]
Turtle 2 :[(-2,-2), (3,40), (2,40), (1,40), (0,40), (0,39), (0,38), (-2,-2), (-2,-2), (-2,-2), (-2,-2), (-2,-2)]
Turtle 3 :[(-3,-3), (23,48), (22,48), (22,47), (22,47), (22,47), (22,47), (22,47), (21,47), (20,47), (20,47), (19,47)]
Turtle 4 :[(-4,-4), (26,47), (25,47), (25,46), (24,46), (23,46), (23,46), (22,46), (-4,-4), (-4,-4), (-4,-4), (-4,-4)]
Turtle 5 :[(-5,-5), (5,47), (6,47), (6,46), (6,45), (6,44), (-5,-5), (-5,-5), (-5,-5), (-5,-5), (-5,-5), (-5,-5)]

Shrinking Run 14
#Info# Executed steps before collision: 12, Found collision: false
Turtle 1 :[(-1,-1), (2,36), (1,36), (0,36), (0,35), (0,34), (0,33), (-1,-1), (-1,-1), (-1,-1), (-1,-1), (-1,-1), (-1,-1)]
Turtle 2 :[(-2,-2), (3,40), (2,40), (1,40), (0,40), (0,39), (0,38), (-2,-2), (-2,-2), (-2,-2), (-2,-2), (-2,-2), (-2,-2)]
Turtle 3 :[(-3,-3), (23,48), (22,48), (22,47), (22,47), (22,47), (22,47), (22,47), (23,47), (22,47), (21,47), (21,46), (20,46)]
Turtle 4 :[(-4,-4), (26,47), (25,47), (25,46), (24,46), (23,46), (23,46), (22,46), (-4,-4), (-4,-4), (-4,-4), (-4,-4), (-4,-4)]
Turtle 5 :[(-5,-5), (5,47), (6,47), (6,46), (6,45), (6,44), (-5,-5), (-5,-5), (-5,-5), (-5,-5), (-5,-5), (-5,-5), (-5,-5)]

Shrinking Run 15
#Info# Executed steps before collision: 5, Found collision: true
Turtle 1 :[(-1,-1), (2,36), (1,36), (0,36), (0,35), (0,34), (0,33), (-1,-1), (-1,-1), (-1,-1), (-1,-1), (-1,-1), (-1,-1)]
Turtle 2 :[(-2,-2), (3,40), (2,40), (1,40), (0,40), (0,39), (0,38), (-2,-2), (-2,-2), (-2,-2), (-2,-2), (-2,-2), (-2,-2)]
Turtle 3 :[(-3,-3), (23,48), (23,47), (23,46), (23,46), (23,46), (24,46), (24,47), (23,47), (22,47), (21,47), (21,46), (20,46)]
Turtle 4 :[(-4,-4), (26,47), (25,47), (25,46), (24,46), (23,46), (23,46), (23,46), (22,46), (-4,-4), (-4,-4), (-4,-4), (-4,-4)]
Turtle 5 :[(-5,-5), (5,47), (6,47), (6,46), (6,45), (6,44), (-5,-5), (-5,-5), (-5,-5), (-5,-5), (-5,-5), (-5,-5), (-5,-5)]

Shrinking Run 16
#Info# Executed steps before collision: 11, Found collision: false
Turtle 1 :[(-1,-1), (2,36), (1,36), (0,36), (0,35), (0,34), (0,33), (-1,-1), (-1,-1), (-1,-1), (-1,-1), (-1,-1)]
Turtle 2 :[(-2,-2), (3,40), (2,40), (1,40), (0,40), (0,39), (0,38), (-2,-2), (-2,-2), (-2,-2), (-2,-2), (-2,-2)]
Turtle 3 :[(-3,-3), (23,48), (23,47), (22,47), (22,47), (22,47), (22,47), (22,47), (21,47), (20,47), (20,47), (19,47)]
Turtle 4 :[(-4,-4), (26,47), (25,47), (25,46), (24,46), (23,46), (23,46), (22,46), (-4,-4), (-4,-4), (-4,-4), (-4,-4)]
Turtle 5 :[(-5,-5), (5,47), (6,47), (6,46), (6,45), (6,44), (-5,-5), (-5,-5), (-5,-5), (-5,-5), (-5,-5), (-5,-5)]

Shrinking Run 17
#Info# Executed steps before collision: 7, Found collision: false
Turtle 1 :[(-1,-1), (2,36), (1,36), (0,36), (0,35), (0,34), (0,33), (-1,-1)]
Turtle 2 :[(-2,-2), (3,40), (2,40), (1,40), (0,40), (0,39), (0,38), (-2,-2)]
Turtle 3 :[(-3,-3), (23,48), (22,48), (21,48), (21,47), (21,46), (20,46), (-3,-3)]
Turtle 4 :[(-4,-4), (26,47), (25,47), (25,46), (24,46), (23,46), (23,46), (22,46)]
Turtle 5 :[(-5,-5), (5,47), (6,47), (6,46), (6,45), (6,44), (-5,-5), (-5,-5)]

Shrinking Run 18
#Info# Executed steps before collision: 7, Found collision: false
Turtle 1 :[(-1,-1), (2,36), (1,36), (0,36), (0,35), (0,34), (0,33), (-1,-1)]
Turtle 2 :[(-2,-2), (3,40), (2,40), (1,40), (0,40), (0,39), (0,38), (-2,-2)]
Turtle 3 :[(-3,-3), (23,48), (23,47), (22,47), (22,47), (21,47), (21,46), (20,46)]
Turtle 4 :[(-4,-4), (26,47), (25,47), (25,46), (24,46), (23,46), (23,46), (22,46)]
Turtle 5 :[(-5,-5), (5,47), (6,47), (6,46), (6,45), (6,44), (-5,-5), (-5,-5)]

Shrinking Run 19
#Info# Executed steps before collision: 8, Found collision: false
Turtle 1 :[(-1,-1), (2,36), (1,36), (0,36), (0,35), (0,34), (0,33), (-1,-1), (-1,-1)]
Turtle 2 :[(-2,-2), (3,40), (2,40), (1,40), (0,40), (0,39), (0,38), (-2,-2), (-2,-2)]
Turtle 3 :[(-3,-3), (23,48), (23,47), (22,47), (22,47), (22,46), (22,46), (21,46), (20,46)]
Turtle 4 :[(-4,-4), (26,47), (25,47), (25,46), (24,46), (25,46), (24,46), (23,46), (22,46)]
Turtle 5 :[(-5,-5), (5,47), (6,47), (6,46), (6,45), (6,44), (-5,-5), (-5,-5), (-5,-5)]

Shrinking Run 20
#Info# Executed steps before collision: 11, Found collision: false
Turtle 1 :[(-1,-1), (2,36), (1,36), (0,36), (0,35), (0,34), (0,33), (-1,-1), (-1,-1), (-1,-1), (-1,-1), (-1,-1)]
Turtle 2 :[(-2,-2), (3,40), (2,40), (1,40), (0,40), (0,39), (0,38), (-2,-2), (-2,-2), (-2,-2), (-2,-2), (-2,-2)]
Turtle 3 :[(-3,-3), (23,48), (23,47), (23,46), (23,46), (22,46), (22,46), (22,46), (22,46), (21,46), (20,46), (-3,-3)]
Turtle 4 :[(-4,-4), (26,47), (25,47), (25,46), (24,46), (23,46), (23,46), (23,47), (22,47), (23,47), (23,46), (22,46)]
Turtle 5 :[(-5,-5), (5,47), (6,47), (6,46), (6,45), (6,44), (-5,-5), (-5,-5), (-5,-5), (-5,-5), (-5,-5), (-5,-5)]

Shrinking Run 21
#Info# Executed steps before collision: 9, Found collision: false
Turtle 1 :[(-1,-1), (2,36), (1,36), (0,36), (0,35), (0,34), (0,33), (-1,-1), (-1,-1), (-1,-1)]
Turtle 2 :[(-2,-2), (3,40), (2,40), (1,40), (0,40), (0,39), (0,38), (-2,-2), (-2,-2), (-2,-2)]
Turtle 3 :[(-3,-3), (23,48), (23,47), (22,47), (22,47), (22,46), (22,46), (22,46), (21,46), (20,46)]
Turtle 4 :[(-4,-4), (26,47), (25,47), (25,46), (24,46), (24,46), (23,46), (23,46), (22,46), (-4,-4)]
Turtle 5 :[(-5,-5), (5,47), (6,47), (6,46), (6,45), (6,44), (-5,-5), (-5,-5), (-5,-5), (-5,-5)]

Shrinking Run 22
#Info# Executed steps before collision: 10, Found collision: false
Turtle 1 :[(-1,-1), (2,36), (1,36), (0,36), (0,35), (0,34), (0,33), (-1,-1), (-1,-1), (-1,-1), (-1,-1)]
Turtle 2 :[(-2,-2), (3,40), (2,40), (1,40), (0,40), (0,39), (0,38), (-2,-2), (-2,-2), (-2,-2), (-2,-2)]
Turtle 3 :[(-3,-3), (23,48), (23,47), (22,47), (22,47), (22,47), (22,47), (22,47), (22,46), (21,46), (20,46)]
Turtle 4 :[(-4,-4), (26,47), (25,47), (25,46), (24,46), (23,46), (23,46), (22,46), (-4,-4), (-4,-4), (-4,-4)]
Turtle 5 :[(-5,-5), (5,47), (6,47), (6,46), (6,45), (6,44), (-5,-5), (-5,-5), (-5,-5), (-5,-5), (-5,-5)]

Shrinking Run 23
#Info# Executed steps before collision: 11, Found collision: false
Turtle 1 :[(-1,-1), (2,36), (1,36), (0,36), (0,35), (0,34), (0,33), (-1,-1), (-1,-1), (-1,-1), (-1,-1), (-1,-1)]
Turtle 2 :[(-2,-2), (3,40), (2,40), (1,40), (0,40), (0,39), (0,38), (-2,-2), (-2,-2), (-2,-2), (-2,-2), (-2,-2)]
Turtle 3 :[(-3,-3), (23,48), (23,47), (23,46), (22,46), (22,46), (22,46), (22,46), (22,46), (21,46), (21,46), (20,46)]
Turtle 4 :[(-4,-4), (26,47), (25,47), (25,46), (24,46), (23,46), (23,46), (23,45), (23,46), (22,46), (-4,-4), (-4,-4)]
Turtle 5 :[(-5,-5), (5,47), (6,47), (6,46), (6,45), (6,44), (-5,-5), (-5,-5), (-5,-5), (-5,-5), (-5,-5), (-5,-5)]

Shrinking Run 24
#Info# Executed steps before collision: 8, Found collision: true
Turtle 1 :[(-1,-1), (2,36), (1,36), (0,36), (0,35), (0,34), (0,33), (-1,-1), (-1,-1), (-1,-1), (-1,-1), (-1,-1)]
Turtle 2 :[(-2,-2), (3,40), (2,40), (1,40), (0,40), (0,39), (0,38), (-2,-2), (-2,-2), (-2,-2), (-2,-2), (-2,-2)]
Turtle 3 :[(-3,-3), (23,48), (23,47), (23,46), (23,46), (22,46), (22,46), (22,46), (22,46), (21,46), (21,46), (20,46)]
Turtle 4 :[(-4,-4), (26,47), (25,47), (25,46), (24,46), (24,47), (24,46), (23,46), (22,46), (-4,-4), (-4,-4), (-4,-4)]
Turtle 5 :[(-5,-5), (5,47), (6,47), (6,46), (6,45), (6,44), (-5,-5), (-5,-5), (-5,-5), (-5,-5), (-5,-5), (-5,-5)]

Shrinking Run 25
#Info# Executed steps before collision: 11, Found collision: false
Turtle 1 :[(-1,-1), (2,36), (1,36), (0,36), (0,35), (0,34), (0,33), (-1,-1), (-1,-1), (-1,-1), (-1,-1), (-1,-1)]
Turtle 2 :[(-2,-2), (3,40), (2,40), (1,40), (0,40), (0,39), (0,38), (-2,-2), (-2,-2), (-2,-2), (-2,-2), (-2,-2)]
Turtle 3 :[(-3,-3), (23,48), (23,47), (23,46), (23,46), (22,46), (21,46), (21,46), (21,46), (21,46), (21,46), (20,46)]
Turtle 4 :[(-4,-4), (26,47), (25,47), (25,46), (24,46), (24,47), (24,46), (23,46), (23,46), (22,46), (-4,-4), (-4,-4)]
Turtle 5 :[(-5,-5), (5,47), (6,47), (6,46), (6,45), (6,44), (-5,-5), (-5,-5), (-5,-5), (-5,-5), (-5,-5), (-5,-5)]

Shrinking Run 26
#Info# Executed steps before collision: 11, Found collision: false
Turtle 1 :[(-1,-1), (2,36), (1,36), (0,36), (0,35), (0,34), (0,33), (-1,-1), (-1,-1), (-1,-1), (-1,-1), (-1,-1)]
Turtle 2 :[(-2,-2), (3,40), (2,40), (1,40), (0,40), (0,39), (0,38), (-2,-2), (-2,-2), (-2,-2), (-2,-2), (-2,-2)]
Turtle 3 :[(-3,-3), (23,48), (23,47), (23,46), (23,46), (22,46), (22,46), (21,46), (21,46), (21,46), (21,46), (20,46)]
Turtle 4 :[(-4,-4), (26,47), (25,47), (25,46), (24,46), (23,46), (23,46), (23,47), (22,47), (22,46), (-4,-4), (-4,-4)]
Turtle 5 :[(-5,-5), (5,47), (6,47), (6,46), (6,45), (6,44), (-5,-5), (-5,-5), (-5,-5), (-5,-5), (-5,-5), (-5,-5)]

Shrinking Run 27
#Info# Executed steps before collision: 11, Found collision: false
Turtle 1 :[(-1,-1), (2,36), (1,36), (0,36), (0,35), (0,34), (0,33), (-1,-1), (-1,-1), (-1,-1), (-1,-1), (-1,-1)]
Turtle 2 :[(-2,-2), (3,40), (2,40), (1,40), (0,40), (0,39), (0,38), (-2,-2), (-2,-2), (-2,-2), (-2,-2), (-2,-2)]
Turtle 3 :[(-3,-3), (23,48), (23,47), (23,46), (23,46), (22,46), (22,46), (22,46), (21,46), (21,46), (21,46), (20,46)]
Turtle 4 :[(-4,-4), (26,47), (25,47), (25,46), (24,46), (23,46), (23,46), (24,46), (24,47), (23,47), (22,47), (22,46)]
Turtle 5 :[(-5,-5), (5,47), (6,47), (6,46), (6,45), (6,44), (-5,-5), (-5,-5), (-5,-5), (-5,-5), (-5,-5), (-5,-5)]

Shrinking Run 28
#Info# Executed steps before collision: 11, Found collision: false
Turtle 1 :[(-1,-1), (2,36), (1,36), (0,36), (0,35), (0,34), (0,33), (-1,-1), (-1,-1), (-1,-1), (-1,-1), (-1,-1)]
Turtle 2 :[(-2,-2), (3,40), (2,40), (1,40), (0,40), (0,39), (0,38), (-2,-2), (-2,-2), (-2,-2), (-2,-2), (-2,-2)]
Turtle 3 :[(-3,-3), (23,48), (23,47), (23,46), (23,46), (22,46), (22,46), (22,46), (22,46), (21,46), (21,46), (20,46)]
Turtle 4 :[(-4,-4), (26,47), (25,47), (25,46), (24,46), (23,46), (23,46), (23,45), (-4,-4), (-4,-4), (-4,-4), (-4,-4)]
Turtle 5 :[(-5,-5), (5,47), (6,47), (6,46), (6,45), (6,44), (-5,-5), (-5,-5), (-5,-5), (-5,-5), (-5,-5), (-5,-5)]

Shrinking Run 29
#Info# Executed steps before collision: 11, Found collision: false
Turtle 1 :[(-1,-1), (2,36), (1,36), (0,36), (0,35), (0,34), (0,33), (-1,-1), (-1,-1), (-1,-1), (-1,-1), (-1,-1)]
Turtle 2 :[(-2,-2), (3,40), (2,40), (1,40), (0,40), (0,39), (0,38), (-2,-2), (-2,-2), (-2,-2), (-2,-2), (-2,-2)]
Turtle 3 :[(-3,-3), (23,48), (23,47), (23,46), (23,46), (22,46), (22,46), (22,46), (22,46), (21,46), (21,46), (20,46)]
Turtle 4 :[(-4,-4), (26,47), (25,47), (24,47), (23,47), (22,47), (22,47), (23,47), (23,46), (22,46), (-4,-4), (-4,-4)]
Turtle 5 :[(-5,-5), (5,47), (6,47), (6,46), (6,45), (6,44), (-5,-5), (-5,-5), (-5,-5), (-5,-5), (-5,-5), (-5,-5)]

Shrinking Run 30
#Info# Executed steps before collision: 8, Found collision: true
Turtle 1 :[(-1,-1), (2,36), (1,36), (0,36), (0,35), (0,34), (0,33), (-1,-1), (-1,-1), (-1,-1), (-1,-1), (-1,-1)]
Turtle 2 :[(-2,-2), (3,40), (2,40), (1,40), (0,40), (0,39), (0,38), (-2,-2), (-2,-2), (-2,-2), (-2,-2), (-2,-2)]
Turtle 3 :[(-3,-3), (23,48), (23,47), (23,46), (23,46), (22,46), (22,46), (22,46), (22,46), (21,46), (21,46), (20,46)]
Turtle 4 :[(-4,-4), (26,47), (25,47), (25,46), (24,46), (23,46), (24,46), (23,46), (22,46), (-4,-4), (-4,-4), (-4,-4)]
Turtle 5 :[(-5,-5), (5,47), (6,47), (6,46), (6,45), (6,44), (-5,-5), (-5,-5), (-5,-5), (-5,-5), (-5,-5), (-5,-5)]

Shrinking Run 31
#Info# Executed steps before collision: 8, Found collision: true
Turtle 1 :[(-1,-1), (2,36), (1,36), (0,36), (0,35), (0,34), (0,33), (-1,-1), (-1,-1), (-1,-1), (-1,-1), (-1,-1)]
Turtle 2 :[(-2,-2), (3,40), (2,40), (1,40), (0,40), (0,39), (0,38), (-2,-2), (-2,-2), (-2,-2), (-2,-2), (-2,-2)]
Turtle 3 :[(-3,-3), (23,48), (23,47), (23,46), (23,46), (22,46), (22,46), (22,46), (22,46), (21,46), (21,46), (20,46)]
Turtle 4 :[(-4,-4), (26,47), (25,47), (25,46), (24,46), (23,46), (24,46), (23,46), (22,46), (-4,-4), (-4,-4), (-4,-4)]
Turtle 5 :[(-5,-5), (5,47), (4,47), (3,47), (3,46), (2,46), (2,45), (-5,-5), (-5,-5), (-5,-5), (-5,-5), (-5,-5)]

Shrinking Run 32
#Info# Executed steps before collision: 8, Found collision: true
Turtle 1 :[(-1,-1), (2,36), (1,36), (0,36), (0,35), (0,34), (0,33), (-1,-1), (-1,-1), (-1,-1), (-1,-1), (-1,-1)]
Turtle 2 :[(-2,-2), (3,40), (2,40), (1,40), (0,40), (0,39), (0,38), (-2,-2), (-2,-2), (-2,-2), (-2,-2), (-2,-2)]
Turtle 3 :[(-3,-3), (23,48), (23,47), (23,46), (23,46), (22,46), (22,46), (22,46), (22,46), (21,46), (21,46), (20,46)]
Turtle 4 :[(-4,-4), (26,47), (25,47), (25,46), (24,46), (23,46), (23,47), (23,46), (22,46), (-4,-4), (-4,-4), (-4,-4)]
Turtle 5 :[(-5,-5), (5,47), (5,46), (4,46), (4,45), (4,44), (4,43), (-5,-5), (-5,-5), (-5,-5), (-5,-5), (-5,-5)]

Shrinking Run 33
#Info# Executed steps before collision: 8, Found collision: true
Turtle 1 :[(-1,-1), (2,36), (1,36), (0,36), (0,35), (0,34), (0,33), (-1,-1), (-1,-1), (-1,-1), (-1,-1), (-1,-1)]
Turtle 2 :[(-2,-2), (3,40), (2,40), (1,40), (0,40), (0,39), (0,38), (-2,-2), (-2,-2), (-2,-2), (-2,-2), (-2,-2)]
Turtle 3 :[(-3,-3), (23,48), (23,47), (23,46), (23,46), (22,46), (22,46), (22,46), (22,46), (21,46), (21,46), (20,46)]
Turtle 4 :[(-4,-4), (26,47), (25,47), (25,46), (24,46), (23,46), (23,47), (23,46), (22,46), (-4,-4), (-4,-4), (-4,-4)]
Turtle 5 :[(-5,-5), (5,47), (5,46), (4,46), (3,46), (3,45), (3,44), (-5,-5), (-5,-5), (-5,-5), (-5,-5), (-5,-5)]

Shrinking Run 34
#Info# Executed steps before collision: 8, Found collision: true
Turtle 1 :[(-1,-1), (2,36), (1,36), (0,36), (0,35), (0,34), (0,33), (-1,-1), (-1,-1), (-1,-1), (-1,-1), (-1,-1)]
Turtle 2 :[(-2,-2), (3,40), (2,40), (1,40), (0,40), (0,39), (0,38), (-2,-2), (-2,-2), (-2,-2), (-2,-2), (-2,-2)]
Turtle 3 :[(-3,-3), (23,48), (23,47), (23,46), (23,46), (22,46), (22,46), (22,46), (22,46), (21,46), (21,46), (20,46)]
Turtle 4 :[(-4,-4), (26,47), (25,47), (25,46), (24,46), (23,46), (23,45), (22,45), (22,46), (-4,-4), (-4,-4), (-4,-4)]
Turtle 5 :[(-5,-5), (5,47), (5,46), (4,46), (3,46), (2,46), (2,45), (-5,-5), (-5,-5), (-5,-5), (-5,-5), (-5,-5)]

Shrinking Run 35
#Info# Executed steps before collision: 8, Found collision: true
Turtle 1 :[(-1,-1), (2,36), (1,36), (0,36), (0,35), (0,34), (0,33), (-1,-1), (-1,-1), (-1,-1), (-1,-1), (-1,-1)]
Turtle 2 :[(-2,-2), (3,40), (2,40), (1,40), (0,40), (0,39), (0,38), (-2,-2), (-2,-2), (-2,-2), (-2,-2), (-2,-2)]
Turtle 3 :[(-3,-3), (23,48), (23,47), (23,46), (23,46), (22,46), (22,46), (22,46), (22,46), (21,46), (21,46), (20,46)]
Turtle 4 :[(-4,-4), (26,47), (25,47), (25,46), (24,46), (24,45), (24,46), (23,46), (22,46), (-4,-4), (-4,-4), (-4,-4)]
Turtle 5 :[(-5,-5), (5,47), (4,47), (3,47), (2,47), (1,47), (1,46), (-5,-5), (-5,-5), (-5,-5), (-5,-5), (-5,-5)]

Shrinking Run 36
#Info# Executed steps before collision: 11, Found collision: false
Turtle 1 :[(-1,-1), (2,36), (1,36), (0,36), (0,35), (0,34), (0,33), (-1,-1), (-1,-1), (-1,-1), (-1,-1), (-1,-1)]
Turtle 2 :[(-2,-2), (3,40), (2,40), (1,40), (0,40), (0,39), (0,38), (-2,-2), (-2,-2), (-2,-2), (-2,-2), (-2,-2)]
Turtle 3 :[(-3,-3), (23,48), (23,47), (23,46), (23,46), (22,46), (22,46), (22,46), (22,46), (21,46), (21,46), (20,46)]
Turtle 4 :[(-4,-4), (26,47), (25,47), (25,46), (24,46), (24,46), (23,46), (24,46), (23,46), (23,45), (22,45), (22,46)]
Turtle 5 :[(-5,-5), (5,47), (4,47), (3,47), (2,47), (1,47), (0,47), (-5,-5), (-5,-5), (-5,-5), (-5,-5), (-5,-5)]

Shrinking Run 37
#Info# Executed steps before collision: 11, Found collision: false
Turtle 1 :[(-1,-1), (2,36), (1,36), (0,36), (0,35), (0,34), (0,33), (-1,-1), (-1,-1), (-1,-1), (-1,-1), (-1,-1)]
Turtle 2 :[(-2,-2), (3,40), (2,40), (1,40), (0,40), (0,39), (0,38), (-2,-2), (-2,-2), (-2,-2), (-2,-2), (-2,-2)]
Turtle 3 :[(-3,-3), (23,48), (22,48), (22,47), (22,47), (22,47), (22,47), (22,47), (21,47), (20,47), (20,47), (19,47)]
Turtle 4 :[(-4,-4), (26,47), (25,47), (25,46), (24,46), (23,46), (22,46), (-4,-4), (-4,-4), (-4,-4), (-4,-4), (-4,-4)]
Turtle 5 :[(-5,-5), (5,47), (4,47), (3,47), (2,47), (1,47), (1,46), (-5,-5), (-5,-5), (-5,-5), (-5,-5), (-5,-5)]

Shrinking Run 38
#Info# Executed steps before collision: 11, Found collision: false
Turtle 1 :[(-1,-1), (2,36), (1,36), (0,36), (0,35), (0,34), (0,33), (-1,-1), (-1,-1), (-1,-1), (-1,-1), (-1,-1)]
Turtle 2 :[(-2,-2), (3,40), (2,40), (1,40), (0,40), (0,39), (0,38), (-2,-2), (-2,-2), (-2,-2), (-2,-2), (-2,-2)]
Turtle 3 :[(-3,-3), (23,48), (22,48), (22,47), (22,47), (22,47), (22,47), (22,47), (22,46), (21,46), (21,46), (20,46)]
Turtle 4 :[(-4,-4), (26,47), (25,47), (25,46), (24,46), (23,46), (22,46), (-4,-4), (-4,-4), (-4,-4), (-4,-4), (-4,-4)]
Turtle 5 :[(-5,-5), (5,47), (4,47), (3,47), (2,47), (1,47), (1,46), (-5,-5), (-5,-5), (-5,-5), (-5,-5), (-5,-5)]

Shrinking Run 39
#Info# Executed steps before collision: 11, Found collision: false
Turtle 1 :[(-1,-1), (2,36), (1,36), (0,36), (0,35), (0,34), (0,33), (-1,-1), (-1,-1), (-1,-1), (-1,-1), (-1,-1)]
Turtle 2 :[(-2,-2), (3,40), (2,40), (1,40), (0,40), (0,39), (0,38), (-2,-2), (-2,-2), (-2,-2), (-2,-2), (-2,-2)]
Turtle 3 :[(-3,-3), (23,48), (23,47), (22,47), (22,47), (22,47), (22,47), (22,47), (21,47), (20,47), (20,47), (19,47)]
Turtle 4 :[(-4,-4), (26,47), (25,47), (25,46), (24,46), (23,46), (22,46), (-4,-4), (-4,-4), (-4,-4), (-4,-4), (-4,-4)]
Turtle 5 :[(-5,-5), (5,47), (4,47), (3,47), (2,47), (1,47), (1,46), (-5,-5), (-5,-5), (-5,-5), (-5,-5), (-5,-5)]

Shrinking Run 40
#Info# Executed steps before collision: 6, Found collision: false
Turtle 1 :[(-1,-1), (2,36), (1,36), (0,36), (0,35), (0,34), (0,33)]
Turtle 2 :[(-2,-2), (3,40), (2,40), (1,40), (0,40), (0,39), (0,38)]
Turtle 3 :[(-3,-3), (23,48), (22,48), (21,48), (21,47), (21,46), (20,46)]
Turtle 4 :[(-4,-4), (26,47), (25,47), (25,46), (24,46), (23,46), (22,46)]
Turtle 5 :[(-5,-5), (5,47), (4,47), (3,47), (2,47), (1,47), (1,46)]

Shrinking Run 41
#Info# Executed steps before collision: 7, Found collision: false
Turtle 1 :[(-1,-1), (2,36), (1,36), (0,36), (0,35), (0,34), (0,33), (-1,-1)]
Turtle 2 :[(-2,-2), (3,40), (2,40), (1,40), (0,40), (0,39), (0,38), (-2,-2)]
Turtle 3 :[(-3,-3), (23,48), (23,47), (22,47), (22,47), (21,47), (21,46), (20,46)]
Turtle 4 :[(-4,-4), (26,47), (25,47), (25,46), (24,46), (23,46), (22,46), (-4,-4)]
Turtle 5 :[(-5,-5), (5,47), (4,47), (3,47), (2,47), (1,47), (1,46), (-5,-5)]

Shrinking Run 42
#Info# Executed steps before collision: 9, Found collision: false
Turtle 1 :[(-1,-1), (2,36), (1,36), (0,36), (0,35), (0,34), (0,33), (-1,-1), (-1,-1), (-1,-1)]
Turtle 2 :[(-2,-2), (3,40), (2,40), (1,40), (0,40), (0,39), (0,38), (-2,-2), (-2,-2), (-2,-2)]
Turtle 3 :[(-3,-3), (23,48), (23,47), (22,47), (22,47), (22,46), (22,46), (21,46), (20,46), (-3,-3)]
Turtle 4 :[(-4,-4), (26,47), (25,47), (25,46), (24,46), (23,46), (23,46), (23,45), (22,45), (22,46)]
Turtle 5 :[(-5,-5), (5,47), (4,47), (3,47), (2,47), (1,47), (1,46), (-5,-5), (-5,-5), (-5,-5)]

Shrinking Run 43
#Info# Executed steps before collision: 8, Found collision: true
Turtle 1 :[(-1,-1), (2,36), (1,36), (0,36), (0,35), (0,34), (0,33), (-1,-1), (-1,-1), (-1,-1), (-1,-1)]
Turtle 2 :[(-2,-2), (3,40), (2,40), (1,40), (0,40), (0,39), (0,38), (-2,-2), (-2,-2), (-2,-2), (-2,-2)]
Turtle 3 :[(-3,-3), (23,48), (23,47), (23,46), (23,46), (22,46), (22,46), (22,46), (22,46), (21,46), (20,46)]
Turtle 4 :[(-4,-4), (26,47), (25,47), (25,46), (24,46), (24,45), (23,45), (23,46), (22,46), (-4,-4), (-4,-4)]
Turtle 5 :[(-5,-5), (5,47), (4,47), (3,47), (2,47), (1,47), (1,46), (-5,-5), (-5,-5), (-5,-5), (-5,-5)]

Shrinking Run 44
#Info# Executed steps before collision: 9, Found collision: false
Turtle 1 :[(-1,-1), (2,36), (1,36), (0,36), (0,35), (0,34), (0,33), (-1,-1), (-1,-1), (-1,-1)]
Turtle 2 :[(-2,-2), (3,40), (2,40), (1,40), (0,40), (0,39), (0,38), (-2,-2), (-2,-2), (-2,-2)]
Turtle 3 :[(-3,-3), (23,48), (23,47), (22,47), (22,47), (22,46), (22,46), (22,46), (21,46), (20,46)]
Turtle 4 :[(-4,-4), (26,47), (25,47), (25,46), (24,46), (23,46), (24,46), (23,46), (23,46), (22,46)]
Turtle 5 :[(-5,-5), (5,47), (4,47), (3,47), (2,47), (1,47), (1,46), (-5,-5), (-5,-5), (-5,-5)]

Shrinking Run 45
#Info# Executed steps before collision: 11, Found collision: false
Turtle 1 :[(-1,-1), (2,36), (1,36), (0,36), (0,35), (0,34), (0,33), (-1,-1), (-1,-1), (-1,-1), (-1,-1), (-1,-1)]
Turtle 2 :[(-2,-2), (3,40), (2,40), (1,40), (0,40), (0,39), (0,38), (-2,-2), (-2,-2), (-2,-2), (-2,-2), (-2,-2)]
Turtle 3 :[(-3,-3), (23,48), (22,48), (22,47), (22,47), (22,46), (22,46), (22,46), (22,46), (21,46), (20,46), (-3,-3)]
Turtle 4 :[(-4,-4), (26,47), (25,47), (25,46), (24,46), (23,46), (23,46), (23,45), (22,45), (23,45), (22,45), (22,46)]
Turtle 5 :[(-5,-5), (5,47), (4,47), (3,47), (2,47), (1,47), (1,46), (-5,-5), (-5,-5), (-5,-5), (-5,-5), (-5,-5)]

Shrinking Run 46
#Info# Executed steps before collision: 8, Found collision: true
Turtle 1 :[(-1,-1), (2,36), (1,36), (0,36), (0,35), (0,34), (0,33), (-1,-1), (-1,-1), (-1,-1), (-1,-1)]
Turtle 2 :[(-2,-2), (3,40), (2,40), (1,40), (0,40), (0,39), (0,38), (-2,-2), (-2,-2), (-2,-2), (-2,-2)]
Turtle 3 :[(-3,-3), (23,48), (23,47), (22,47), (22,47), (22,46), (22,46), (22,46), (22,46), (21,46), (20,46)]
Turtle 4 :[(-4,-4), (26,47), (25,47), (25,46), (24,46), (24,47), (23,47), (22,47), (22,46), (-4,-4), (-4,-4)]
Turtle 5 :[(-5,-5), (5,47), (4,47), (3,47), (2,47), (1,47), (1,46), (-5,-5), (-5,-5), (-5,-5), (-5,-5)]

Shrinking Run 47
#Info# Executed steps before collision: 10, Found collision: false
Turtle 1 :[(-1,-1), (2,36), (1,36), (0,36), (0,35), (0,34), (0,33), (-1,-1), (-1,-1), (-1,-1), (-1,-1)]
Turtle 2 :[(-2,-2), (3,40), (2,40), (1,40), (0,40), (0,39), (0,38), (-2,-2), (-2,-2), (-2,-2), (-2,-2)]
Turtle 3 :[(-3,-3), (23,48), (23,47), (22,47), (21,47), (21,47), (21,47), (21,47), (21,47), (21,46), (20,46)]
Turtle 4 :[(-4,-4), (26,47), (25,47), (25,46), (24,46), (23,46), (22,46), (-4,-4), (-4,-4), (-4,-4), (-4,-4)]
Turtle 5 :[(-5,-5), (5,47), (4,47), (3,47), (2,47), (1,47), (1,46), (-5,-5), (-5,-5), (-5,-5), (-5,-5)]

Shrinking Run 48
#Info# Executed steps before collision: 8, Found collision: true
Turtle 1 :[(-1,-1), (2,36), (1,36), (0,36), (0,35), (0,34), (0,33), (-1,-1), (-1,-1), (-1,-1), (-1,-1)]
Turtle 2 :[(-2,-2), (3,40), (2,40), (1,40), (0,40), (0,39), (0,38), (-2,-2), (-2,-2), (-2,-2), (-2,-2)]
Turtle 3 :[(-3,-3), (23,48), (23,47), (22,47), (22,46), (22,46), (22,46), (22,46), (22,46), (21,46), (20,46)]
Turtle 4 :[(-4,-4), (26,47), (25,47), (25,46), (24,46), (23,46), (23,45), (23,46), (22,46), (-4,-4), (-4,-4)]
Turtle 5 :[(-5,-5), (5,47), (4,47), (3,47), (2,47), (1,47), (1,46), (-5,-5), (-5,-5), (-5,-5), (-5,-5)]

Shrinking Run 49
#Info# Executed steps before collision: 10, Found collision: false
Turtle 1 :[(-1,-1), (2,36), (1,36), (0,36), (0,35), (0,34), (0,33), (-1,-1), (-1,-1), (-1,-1), (-1,-1)]
Turtle 2 :[(-2,-2), (3,40), (2,40), (1,40), (0,40), (0,39), (0,38), (-2,-2), (-2,-2), (-2,-2), (-2,-2)]
Turtle 3 :[(-3,-3), (23,48), (23,47), (22,47), (22,46), (21,46), (21,46), (21,46), (21,46), (21,46), (20,46)]
Turtle 4 :[(-4,-4), (26,47), (25,47), (25,46), (24,46), (23,46), (22,46), (-4,-4), (-4,-4), (-4,-4), (-4,-4)]
Turtle 5 :[(-5,-5), (5,47), (4,47), (3,47), (2,47), (1,47), (1,46), (-5,-5), (-5,-5), (-5,-5), (-5,-5)]

Shrinking Run 50
#Info# Executed steps before collision: 10, Found collision: false
Turtle 1 :[(-1,-1), (2,36), (1,36), (0,36), (0,35), (0,34), (0,33), (-1,-1), (-1,-1), (-1,-1), (-1,-1)]
Turtle 2 :[(-2,-2), (3,40), (2,40), (1,40), (0,40), (0,39), (0,38), (-2,-2), (-2,-2), (-2,-2), (-2,-2)]
Turtle 3 :[(-3,-3), (23,48), (23,47), (22,47), (22,46), (22,46), (21,46), (21,46), (21,46), (21,46), (20,46)]
Turtle 4 :[(-4,-4), (26,47), (25,47), (25,46), (24,46), (25,46), (24,46), (23,46), (22,46), (-4,-4), (-4,-4)]
Turtle 5 :[(-5,-5), (5,47), (4,47), (3,47), (2,47), (1,47), (1,46), (-5,-5), (-5,-5), (-5,-5), (-5,-5)]

Shrinking Run 51
#Info# Executed steps before collision: 10, Found collision: false
Turtle 1 :[(-1,-1), (2,36), (1,36), (0,36), (0,35), (0,34), (0,33), (-1,-1), (-1,-1), (-1,-1), (-1,-1)]
Turtle 2 :[(-2,-2), (3,40), (2,40), (1,40), (0,40), (0,39), (0,38), (-2,-2), (-2,-2), (-2,-2), (-2,-2)]
Turtle 3 :[(-3,-3), (23,48), (23,47), (22,47), (22,46), (22,46), (22,46), (21,46), (21,46), (21,46), (20,46)]
Turtle 4 :[(-4,-4), (26,47), (25,47), (25,46), (24,46), (23,46), (23,46), (23,45), (23,46), (22,46), (-4,-4)]
Turtle 5 :[(-5,-5), (5,47), (4,47), (3,47), (2,47), (1,47), (1,46), (-5,-5), (-5,-5), (-5,-5), (-5,-5)]

Shrinking Run 52
#Info# Executed steps before collision: 10, Found collision: false
Turtle 1 :[(-1,-1), (2,36), (1,36), (0,36), (0,35), (0,34), (0,33), (-1,-1), (-1,-1), (-1,-1), (-1,-1)]
Turtle 2 :[(-2,-2), (3,40), (2,40), (1,40), (0,40), (0,39), (0,38), (-2,-2), (-2,-2), (-2,-2), (-2,-2)]
Turtle 3 :[(-3,-3), (23,48), (23,47), (22,47), (22,46), (22,46), (22,46), (22,46), (21,46), (21,46), (20,46)]
Turtle 4 :[(-4,-4), (26,47), (25,47), (25,46), (24,46), (25,46), (24,46), (23,46), (22,46), (-4,-4), (-4,-4)]
Turtle 5 :[(-5,-5), (5,47), (4,47), (3,47), (2,47), (1,47), (1,46), (-5,-5), (-5,-5), (-5,-5), (-5,-5)]

Shrinking Run 53
#Info# Executed steps before collision: 10, Found collision: false
Turtle 1 :[(-1,-1), (2,36), (1,36), (0,36), (0,35), (0,34), (0,33), (-1,-1), (-1,-1), (-1,-1), (-1,-1)]
Turtle 2 :[(-2,-2), (3,40), (2,40), (1,40), (0,40), (0,39), (0,38), (-2,-2), (-2,-2), (-2,-2), (-2,-2)]
Turtle 3 :[(-3,-3), (23,48), (23,47), (22,47), (22,46), (22,46), (22,46), (22,46), (22,46), (21,46), (20,46)]
Turtle 4 :[(-4,-4), (26,47), (25,47), (25,46), (24,46), (25,46), (25,45), (24,45), (23,45), (-4,-4), (-4,-4)]
Turtle 5 :[(-5,-5), (5,47), (4,47), (3,47), (2,47), (1,47), (1,46), (-5,-5), (-5,-5), (-5,-5), (-5,-5)]

Shrinking Run 54
#Info# Executed steps before collision: 10, Found collision: false
Turtle 1 :[(-1,-1), (2,36), (1,36), (0,36), (0,35), (0,34), (0,33), (-1,-1), (-1,-1), (-1,-1), (-1,-1)]
Turtle 2 :[(-2,-2), (3,40), (2,40), (1,40), (0,40), (0,39), (0,38), (-2,-2), (-2,-2), (-2,-2), (-2,-2)]
Turtle 3 :[(-3,-3), (23,48), (23,47), (22,47), (22,46), (22,46), (22,46), (22,46), (22,46), (21,46), (20,46)]
Turtle 4 :[(-4,-4), (26,47), (25,47), (24,47), (23,47), (22,47), (22,47), (22,48), (22,47), (22,47), (22,46)]
Turtle 5 :[(-5,-5), (5,47), (4,47), (3,47), (2,47), (1,47), (1,46), (-5,-5), (-5,-5), (-5,-5), (-5,-5)]

Shrinking Run 55
#Info# Executed steps before collision: 8, Found collision: true
Turtle 1 :[(-1,-1), (2,36), (1,36), (0,36), (0,35), (0,34), (0,33), (-1,-1), (-1,-1), (-1,-1), (-1,-1)]
Turtle 2 :[(-2,-2), (3,40), (2,40), (1,40), (0,40), (0,39), (0,38), (-2,-2), (-2,-2), (-2,-2), (-2,-2)]
Turtle 3 :[(-3,-3), (23,48), (23,47), (22,47), (22,46), (22,46), (22,46), (22,46), (22,46), (21,46), (20,46)]
Turtle 4 :[(-4,-4), (26,47), (25,47), (25,46), (24,46), (24,45), (23,45), (22,45), (22,46), (-4,-4), (-4,-4)]
Turtle 5 :[(-5,-5), (5,47), (4,47), (3,47), (2,47), (1,47), (0,47), (-5,-5), (-5,-5), (-5,-5), (-5,-5)]

Shrinking Run 56
#Info# Executed steps before collision: 11, Found collision: false
Turtle 1 :[(-1,-1), (2,36), (1,36), (0,36), (0,35), (0,34), (0,33), (-1,-1), (-1,-1), (-1,-1), (-1,-1), (-1,-1)]
Turtle 2 :[(-2,-2), (3,40), (2,40), (1,40), (0,40), (0,39), (0,38), (-2,-2), (-2,-2), (-2,-2), (-2,-2), (-2,-2)]
Turtle 3 :[(-3,-3), (23,48), (22,48), (22,47), (22,47), (22,47), (22,47), (22,47), (21,47), (20,47), (20,47), (19,47)]
Turtle 4 :[(-4,-4), (26,47), (25,47), (25,46), (24,46), (23,46), (22,46), (-4,-4), (-4,-4), (-4,-4), (-4,-4), (-4,-4)]
Turtle 5 :[(-5,-5), (5,47), (4,47), (3,47), (2,47), (1,47), (0,47), (-5,-5), (-5,-5), (-5,-5), (-5,-5), (-5,-5)]

Shrinking Run 57
#Info# Executed steps before collision: 11, Found collision: false
Turtle 1 :[(-1,-1), (2,36), (1,36), (0,36), (0,35), (0,34), (0,33), (-1,-1), (-1,-1), (-1,-1), (-1,-1), (-1,-1)]
Turtle 2 :[(-2,-2), (3,40), (2,40), (1,40), (0,40), (0,39), (0,38), (-2,-2), (-2,-2), (-2,-2), (-2,-2), (-2,-2)]
Turtle 3 :[(-3,-3), (23,48), (22,48), (22,47), (22,47), (22,47), (22,47), (22,47), (22,46), (21,46), (21,46), (20,46)]
Turtle 4 :[(-4,-4), (26,47), (25,47), (25,46), (24,46), (23,46), (22,46), (-4,-4), (-4,-4), (-4,-4), (-4,-4), (-4,-4)]
Turtle 5 :[(-5,-5), (5,47), (4,47), (3,47), (2,47), (1,47), (0,47), (-5,-5), (-5,-5), (-5,-5), (-5,-5), (-5,-5)]

Shrinking Run 58
#Info# Executed steps before collision: 11, Found collision: false
Turtle 1 :[(-1,-1), (2,36), (1,36), (0,36), (0,35), (0,34), (0,33), (-1,-1), (-1,-1), (-1,-1), (-1,-1), (-1,-1)]
Turtle 2 :[(-2,-2), (3,40), (2,40), (1,40), (0,40), (0,39), (0,38), (-2,-2), (-2,-2), (-2,-2), (-2,-2), (-2,-2)]
Turtle 3 :[(-3,-3), (23,48), (23,47), (22,47), (22,47), (22,47), (22,47), (22,47), (21,47), (20,47), (20,47), (19,47)]
Turtle 4 :[(-4,-4), (26,47), (25,47), (25,46), (24,46), (23,46), (22,46), (-4,-4), (-4,-4), (-4,-4), (-4,-4), (-4,-4)]
Turtle 5 :[(-5,-5), (5,47), (4,47), (3,47), (2,47), (1,47), (0,47), (-5,-5), (-5,-5), (-5,-5), (-5,-5), (-5,-5)]

Shrinking Run 59
#Info# Executed steps before collision: 6, Found collision: false
Turtle 1 :[(-1,-1), (2,36), (1,36), (0,36), (0,35), (0,34), (0,33)]
Turtle 2 :[(-2,-2), (3,40), (2,40), (1,40), (0,40), (0,39), (0,38)]
Turtle 3 :[(-3,-3), (23,48), (22,48), (21,48), (21,47), (21,46), (20,46)]
Turtle 4 :[(-4,-4), (26,47), (25,47), (25,46), (24,46), (23,46), (22,46)]
Turtle 5 :[(-5,-5), (5,47), (4,47), (3,47), (2,47), (1,47), (0,47)]

Shrinking Run 60
#Info# Executed steps before collision: 7, Found collision: false
Turtle 1 :[(-1,-1), (2,36), (1,36), (0,36), (0,35), (0,34), (0,33), (-1,-1)]
Turtle 2 :[(-2,-2), (3,40), (2,40), (1,40), (0,40), (0,39), (0,38), (-2,-2)]
Turtle 3 :[(-3,-3), (23,48), (23,47), (22,47), (22,47), (21,47), (21,46), (20,46)]
Turtle 4 :[(-4,-4), (26,47), (25,47), (25,46), (24,46), (23,46), (22,46), (-4,-4)]
Turtle 5 :[(-5,-5), (5,47), (4,47), (3,47), (2,47), (1,47), (0,47), (-5,-5)]

Shrinking Run 61
#Info# Executed steps before collision: 8, Found collision: false
Turtle 1 :[(-1,-1), (2,36), (1,36), (0,36), (0,35), (0,34), (0,33), (-1,-1), (-1,-1)]
Turtle 2 :[(-2,-2), (3,40), (2,40), (1,40), (0,40), (0,39), (0,38), (-2,-2), (-2,-2)]
Turtle 3 :[(-3,-3), (23,48), (23,47), (22,47), (22,47), (22,46), (22,46), (21,46), (20,46)]
Turtle 4 :[(-4,-4), (26,47), (25,47), (25,46), (24,46), (23,46), (23,47), (23,46), (22,46)]
Turtle 5 :[(-5,-5), (5,47), (4,47), (3,47), (2,47), (1,47), (0,47), (-5,-5), (-5,-5)]

Shrinking Run 62
#Info# Executed steps before collision: 9, Found collision: false
Turtle 1 :[(-1,-1), (2,36), (1,36), (0,36), (0,35), (0,34), (0,33), (-1,-1), (-1,-1), (-1,-1)]
Turtle 2 :[(-2,-2), (3,40), (2,40), (1,40), (0,40), (0,39), (0,38), (-2,-2), (-2,-2), (-2,-2)]
Turtle 3 :[(-3,-3), (23,48), (23,47), (22,47), (22,47), (22,46), (22,46), (22,46), (21,46), (20,46)]
Turtle 4 :[(-4,-4), (26,47), (25,47), (25,46), (24,46), (23,46), (23,46), (23,46), (22,46), (-4,-4)]
Turtle 5 :[(-5,-5), (5,47), (4,47), (3,47), (2,47), (1,47), (0,47), (-5,-5), (-5,-5), (-5,-5)]

Shrinking Run 63
#Info# Executed steps before collision: 8, Found collision: true
Turtle 1 :[(-1,-1), (2,36), (1,36), (0,36), (0,35), (0,34), (0,33), (-1,-1), (-1,-1), (-1,-1), (-1,-1)]
Turtle 2 :[(-2,-2), (3,40), (2,40), (1,40), (0,40), (0,39), (0,38), (-2,-2), (-2,-2), (-2,-2), (-2,-2)]
Turtle 3 :[(-3,-3), (23,48), (22,48), (22,47), (22,47), (22,46), (22,46), (22,46), (22,46), (21,46), (20,46)]
Turtle 4 :[(-4,-4), (26,47), (25,47), (25,46), (24,46), (23,46), (23,47), (23,46), (22,46), (-4,-4), (-4,-4)]
Turtle 5 :[(-5,-5), (5,47), (4,47), (3,47), (2,47), (1,47), (0,47), (-5,-5), (-5,-5), (-5,-5), (-5,-5)]

Shrinking Run 64
#Info# Executed steps before collision: 10, Found collision: false
Turtle 1 :[(-1,-1), (2,36), (1,36), (0,36), (0,35), (0,34), (0,33), (-1,-1), (-1,-1), (-1,-1), (-1,-1)]
Turtle 2 :[(-2,-2), (3,40), (2,40), (1,40), (0,40), (0,39), (0,38), (-2,-2), (-2,-2), (-2,-2), (-2,-2)]
Turtle 3 :[(-3,-3), (23,48), (22,48), (21,48), (21,48), (21,47), (21,47), (21,47), (21,47), (21,46), (20,46)]
Turtle 4 :[(-4,-4), (26,47), (25,47), (25,46), (24,46), (23,46), (22,46), (-4,-4), (-4,-4), (-4,-4), (-4,-4)]
Turtle 5 :[(-5,-5), (5,47), (4,47), (3,47), (2,47), (1,47), (0,47), (-5,-5), (-5,-5), (-5,-5), (-5,-5)]

Shrinking Run 65
#Info# Executed steps before collision: 10, Found collision: false
Turtle 1 :[(-1,-1), (2,36), (1,36), (0,36), (0,35), (0,34), (0,33), (-1,-1), (-1,-1), (-1,-1), (-1,-1)]
Turtle 2 :[(-2,-2), (3,40), (2,40), (1,40), (0,40), (0,39), (0,38), (-2,-2), (-2,-2), (-2,-2), (-2,-2)]
Turtle 3 :[(-3,-3), (23,48), (22,48), (22,47), (21,47), (21,47), (21,47), (21,47), (21,47), (21,46), (20,46)]
Turtle 4 :[(-4,-4), (26,47), (25,47), (25,46), (24,46), (23,46), (22,46), (-4,-4), (-4,-4), (-4,-4), (-4,-4)]
Turtle 5 :[(-5,-5), (5,47), (4,47), (3,47), (2,47), (1,47), (0,47), (-5,-5), (-5,-5), (-5,-5), (-5,-5)]

Shrinking Run 66
#Info# Executed steps before collision: 8, Found collision: true
Turtle 1 :[(-1,-1), (2,36), (1,36), (0,36), (0,35), (0,34), (0,33), (-1,-1), (-1,-1), (-1,-1), (-1,-1)]
Turtle 2 :[(-2,-2), (3,40), (2,40), (1,40), (0,40), (0,39), (0,38), (-2,-2), (-2,-2), (-2,-2), (-2,-2)]
Turtle 3 :[(-3,-3), (23,48), (22,48), (22,47), (22,46), (22,46), (22,46), (22,46), (22,46), (21,46), (20,46)]
Turtle 4 :[(-4,-4), (26,47), (25,47), (25,46), (24,46), (23,46), (23,45), (22,45), (22,46), (-4,-4), (-4,-4)]
Turtle 5 :[(-5,-5), (5,47), (4,47), (3,47), (2,47), (1,47), (0,47), (-5,-5), (-5,-5), (-5,-5), (-5,-5)]

Shrinking Run 67
#Info# Executed steps before collision: 10, Found collision: false
Turtle 1 :[(-1,-1), (2,36), (1,36), (0,36), (0,35), (0,34), (0,33), (-1,-1), (-1,-1), (-1,-1), (-1,-1)]
Turtle 2 :[(-2,-2), (3,40), (2,40), (1,40), (0,40), (0,39), (0,38), (-2,-2), (-2,-2), (-2,-2), (-2,-2)]
Turtle 3 :[(-3,-3), (23,48), (22,48), (22,47), (22,46), (21,46), (21,46), (21,46), (21,46), (21,46), (20,46)]
Turtle 4 :[(-4,-4), (26,47), (25,47), (25,46), (24,46), (23,46), (22,46), (-4,-4), (-4,-4), (-4,-4), (-4,-4)]
Turtle 5 :[(-5,-5), (5,47), (4,47), (3,47), (2,47), (1,47), (0,47), (-5,-5), (-5,-5), (-5,-5), (-5,-5)]

Shrinking Run 68
#Info# Executed steps before collision: 10, Found collision: false
Turtle 1 :[(-1,-1), (2,36), (1,36), (0,36), (0,35), (0,34), (0,33), (-1,-1), (-1,-1), (-1,-1), (-1,-1)]
Turtle 2 :[(-2,-2), (3,40), (2,40), (1,40), (0,40), (0,39), (0,38), (-2,-2), (-2,-2), (-2,-2), (-2,-2)]
Turtle 3 :[(-3,-3), (23,48), (22,48), (22,47), (22,46), (22,46), (21,46), (21,46), (21,46), (21,46), (20,46)]
Turtle 4 :[(-4,-4), (26,47), (25,47), (25,46), (24,46), (23,46), (23,45), (22,45), (22,46), (-4,-4), (-4,-4)]
Turtle 5 :[(-5,-5), (5,47), (4,47), (3,47), (2,47), (1,47), (0,47), (-5,-5), (-5,-5), (-5,-5), (-5,-5)]

Shrinking Run 69
#Info# Executed steps before collision: 10, Found collision: false
Turtle 1 :[(-1,-1), (2,36), (1,36), (0,36), (0,35), (0,34), (0,33), (-1,-1), (-1,-1), (-1,-1), (-1,-1)]
Turtle 2 :[(-2,-2), (3,40), (2,40), (1,40), (0,40), (0,39), (0,38), (-2,-2), (-2,-2), (-2,-2), (-2,-2)]
Turtle 3 :[(-3,-3), (23,48), (22,48), (22,47), (22,46), (22,46), (22,46), (21,46), (21,46), (21,46), (20,46)]
Turtle 4 :[(-4,-4), (26,47), (25,47), (25,46), (24,46), (23,46), (24,46), (23,46), (22,46), (-4,-4), (-4,-4)]
Turtle 5 :[(-5,-5), (5,47), (4,47), (3,47), (2,47), (1,47), (0,47), (-5,-5), (-5,-5), (-5,-5), (-5,-5)]

Shrinking Run 70
#Info# Executed steps before collision: 10, Found collision: false
Turtle 1 :[(-1,-1), (2,36), (1,36), (0,36), (0,35), (0,34), (0,33), (-1,-1), (-1,-1), (-1,-1), (-1,-1)]
Turtle 2 :[(-2,-2), (3,40), (2,40), (1,40), (0,40), (0,39), (0,38), (-2,-2), (-2,-2), (-2,-2), (-2,-2)]
Turtle 3 :[(-3,-3), (23,48), (22,48), (22,47), (22,46), (22,46), (22,46), (22,46), (21,46), (21,46), (20,46)]
Turtle 4 :[(-4,-4), (26,47), (25,47), (25,46), (24,46), (24,47), (23,47), (22,47), (22,46), (-4,-4), (-4,-4)]
Turtle 5 :[(-5,-5), (5,47), (4,47), (3,47), (2,47), (1,47), (0,47), (-5,-5), (-5,-5), (-5,-5), (-5,-5)]

Shrinking Run 71
#Info# Executed steps before collision: 10, Found collision: false
Turtle 1 :[(-1,-1), (2,36), (1,36), (0,36), (0,35), (0,34), (0,33), (-1,-1), (-1,-1), (-1,-1), (-1,-1)]
Turtle 2 :[(-2,-2), (3,40), (2,40), (1,40), (0,40), (0,39), (0,38), (-2,-2), (-2,-2), (-2,-2), (-2,-2)]
Turtle 3 :[(-3,-3), (23,48), (22,48), (22,47), (22,46), (22,46), (22,46), (22,46), (22,46), (21,46), (20,46)]
Turtle 4 :[(-4,-4), (26,47), (25,47), (25,46), (24,46), (24,45), (23,45), (-4,-4), (-4,-4), (-4,-4), (-4,-4)]
Turtle 5 :[(-5,-5), (5,47), (4,47), (3,47), (2,47), (1,47), (0,47), (-5,-5), (-5,-5), (-5,-5), (-5,-5)]

Shrink Run 72
#Info# Executed steps before collision: 10, Found collision: false
Turtle 1 :[(-1,-1), (2,36), (1,36), (0,36), (0,35), (0,34), (0,33), (-1,-1), (-1,-1), (-1,-1), (-1,-1)]
Turtle 2 :[(-2,-2), (3,40), (2,40), (1,40), (0,40), (0,39), (0,38), (-2,-2), (-2,-2), (-2,-2), (-2,-2)]
Turtle 3 :[(-3,-3), (23,48), (22,48), (22,47), (22,46), (22,46), (22,46), (22,46), (22,46), (21,46), (20,46)]
Turtle 4 :[(-4,-4), (26,47), (25,47), (24,47), (23,47), (22,47), (22,47), (23,47), (23,46), (23,46), (22,46)]
Turtle 5 :[(-5,-5), (5,47), (4,47), (3,47), (2,47), (1,47), (0,47), (-5,-5), (-5,-5), (-5,-5), (-5,-5)]

