Detection Run 1
#Info# Executed steps before collision: 6, Found collision: false
Turtle 1 :[(-1,-1), (8,37), (8,38), (8,39), (9,39), (10,39), (10,40)]
Turtle 2 :[(-2,-2), (49,14), (48,14), (47,14), (46,14), (-2,-2), (-2,-2)]
Turtle 3 :[(-3,-3), (0,26), (1,26), (2,26), (3,26), (4,26), (-3,-3)]
Turtle 4 :[(-4,-4), (16,41), (17,41), (18,41), (19,41), (20,41), (21,41)]
Turtle 5 :[(-5,-5), (2,31), (3,31), (4,31), (4,30), (5,30), (6,30)]

Detection Run 2
#Info# Executed steps before collision: 8, Found collision: false
Turtle 1 :[(-1,-1), (18,49), (19,49), (19,49), (20,49), (21,49), (22,49), (-1,-1), (-1,-1)]
Turtle 2 :[(-2,-2), (3,5), (3,4), (2,4), (1,4), (0,4), (-2,-2), (-2,-2), (-2,-2)]
Turtle 3 :[(-3,-3), (46,15), (47,15), (48,15), (49,15), (-3,-3), (-3,-3), (-3,-3), (-3,-3)]
Turtle 4 :[(-4,-4), (43,33), (43,32), (44,32), (45,32), (45,31), (46,31), (-4,-4), (-4,-4)]
Turtle 5 :[(-5,-5), (-5,-5), (-5,-5), (3,5), (4,5), (4,4), (4,3), (4,2), (5,2)]

Detection Run 3
#Info# Executed steps before collision: 6, Found collision: false
Turtle 1 :[(-1,-1), (48,48), (48,47), (47,47), (46,47), (45,47), (44,47)]
Turtle 2 :[(-2,-2), (3,39), (3,38), (4,38), (4,37), (5,37), (5,36)]
Turtle 3 :[(-3,-3), (7,30), (7,29), (7,30), (7,29), (7,30), (7,31)]
Turtle 4 :[(-4,-4), (30,37), (30,36), (30,35), (29,35), (28,35), (28,34)]
Turtle 5 :[(-5,-5), (26,34), (25,34), (24,34), (23,34), (23,33), (23,32)]

Detection Run 4
#Info# Executed steps before collision: 6, Found collision: false
Turtle 1 :[(-1,-1), (6,24), (6,25), (7,25), (8,25), (8,26), (9,26)]
Turtle 2 :[(-2,-2), (14,38), (15,38), (16,38), (16,39), (17,39), (17,40)]
Turtle 3 :[(-3,-3), (30,4), (30,3), (30,2), (29,2), (29,1), (29,0)]
Turtle 4 :[(-4,-4), (0,20), (0,19), (0,18), (1,18), (1,17), (2,17)]
Turtle 5 :[(-5,-5), (9,17), (9,16), (8,16), (7,16), (7,15), (6,15)]

Detection Run 5
#Info# Executed steps before collision: 6, Found collision: false
Turtle 1 :[(-1,-1), (3,36), (4,36), (4,37), (5,37), (5,38), (5,39)]
Turtle 2 :[(-2,-2), (46,6), (45,6), (44,6), (44,7), (44,8), (43,8)]
Turtle 3 :[(-3,-3), (37,45), (37,44), (36,44), (36,43), (36,42), (-3,-3)]
Turtle 4 :[(-4,-4), (31,37), (31,38), (31,39), (30,39), (30,40), (30,41)]
Turtle 5 :[(-5,-5), (3,45), (4,45), (5,45), (5,44), (5,43), (5,42)]

Detection Run 6
#Info# Executed steps before collision: 6, Found collision: false
Turtle 1 :[(-1,-1), (37,35), (38,35), (39,35), (40,35), (40,34), (41,34)]
Turtle 2 :[(-2,-2), (1,35), (1,36), (1,37), (2,37), (1,37), (2,37)]
Turtle 3 :[(-3,-3), (17,32), (18,32), (19,32), (20,32), (21,32), (22,32)]
Turtle 4 :[(-4,-4), (17,20), (17,19), (16,19), (16,18), (16,17), (-4,-4)]
Turtle 5 :[(-5,-5), (19,26), (19,25), (19,24), (18,24), (17,24), (-5,-5)]

Detection Run 7
#Info# Executed steps before collision: 6, Found collision: false
Turtle 1 :[(-1,-1), (0,17), (0,16), (0,17), (0,18), (0,19), (0,20)]
Turtle 2 :[(-2,-2), (31,15), (32,15), (32,16), (33,16), (33,17), (34,17)]
Turtle 3 :[(-3,-3), (37,21), (38,21), (-3,-3), (-3,-3), (-3,-3), (-3,-3)]
Turtle 4 :[(-4,-4), (44,24), (44,23), (45,23), (45,22), (45,21), (46,21)]
Turtle 5 :[(-5,-5), (23,0), (22,0), (22,1), (-5,-5), (-5,-5), (-5,-5)]

Detection Run 8
#Info# Executed steps before collision: 6, Found collision: false
Turtle 1 :[(-1,-1), (44,22), (43,22), (42,22), (41,22), (40,22), (-1,-1)]
Turtle 2 :[(-2,-2), (12,45), (13,45), (14,45), (15,45), (16,45), (16,46)]
Turtle 3 :[(-3,-3), (1,18), (1,17), (0,17), (0,16), (0,15), (-3,-3)]
Turtle 4 :[(-4,-4), (47,8), (48,8), (48,9), (49,9), (49,9), (49,10)]
Turtle 5 :[(-5,-5), (43,12), (44,12), (45,12), (46,12), (47,12), (47,11)]

Detection Run 9
#Info# Executed steps before collision: 7, Found collision: false
Turtle 1 :[(-1,-1), (27,5), (28,5), (28,6), (29,6), (29,7), (-1,-1), (-1,-1)]
Turtle 2 :[(-2,-2), (17,28), (17,29), (17,30), (16,30), (16,31), (16,32), (-2,-2)]
Turtle 3 :[(-3,-3), (7,9), (8,9), (8,10), (8,11), (9,11), (9,12), (-3,-3)]
Turtle 4 :[(-4,-4), (25,43), (26,43), (26,44), (27,44), (27,45), (27,45), (27,46)]
Turtle 5 :[(-5,-5), (21,39), (21,40), (22,40), (23,40), (23,41), (23,42), (-5,-5)]

Detection Run 10
#Info# Executed steps before collision: 7, Found collision: false
Turtle 1 :[(-1,-1), (29,24), (30,24), (31,24), (31,24), (32,24), (32,24), (32,25)]
Turtle 2 :[(-2,-2), (26,28), (26,28), (27,28), (27,29), (28,29), (29,29), (30,29)]
Turtle 3 :[(-3,-3), (38,41), (38,42), (38,42), (38,43), (37,43), (36,43), (36,44)]
Turtle 4 :[(-4,-4), (40,43), (40,42), (40,42), (40,41), (-4,-4), (-4,-4), (-4,-4)]
Turtle 5 :[(-5,-5), (17,8), (17,9), (18,9), (19,9), (19,10), (-5,-5), (-5,-5)]

Detection Run 11
#Info# Executed steps before collision: 8, Found collision: false
Turtle 1 :[(-1,-1), (32,36), (32,35), (32,34), (32,33), (33,33), (33,32), (-1,-1), (-1,-1)]
Turtle 2 :[(-2,-2), (19,19), (19,18), (19,17), (19,16), (19,15), (20,15), (-2,-2), (-2,-2)]
Turtle 3 :[(-3,-3), (42,24), (43,24), (43,25), (43,26), (44,26), (44,27), (-3,-3), (-3,-3)]
Turtle 4 :[(-4,-4), (30,38), (29,38), (29,38), (28,38), (27,38), (27,37), (27,36), (-4,-4)]
Turtle 5 :[(-5,-5), (16,29), (16,28), (16,27), (16,26), (16,26), (16,26), (17,26), (17,25)]

Detection Run 12
#Info# Executed steps before collision: 7, Found collision: false
Turtle 1 :[(-1,-1), (26,35), (25,35), (24,35), (23,35), (22,35), (21,35), (-1,-1)]
Turtle 2 :[(-2,-2), (6,7), (6,8), (6,9), (6,9), (6,10), (5,10), (4,10)]
Turtle 3 :[(-3,-3), (44,39), (44,38), (45,38), (46,38), (46,37), (-3,-3), (-3,-3)]
Turtle 4 :[(-4,-4), (1,36), (1,35), (2,35), (1,35), (0,35), (-4,-4), (-4,-4)]
Turtle 5 :[(-5,-5), (41,39), (41,40), (42,40), (43,40), (43,41), (44,41), (-5,-5)]

Detection Run 13
#Info# Executed steps before collision: 6, Found collision: false
Turtle 1 :[(-1,-1), (28,11), (28,10), (27,10), (27,9), (27,8), (27,7)]
Turtle 2 :[(-2,-2), (6,2), (6,1), (6,0), (7,0), (-2,-2), (-2,-2)]
Turtle 3 :[(-3,-3), (25,21), (25,22), (25,21), (25,20), (26,20), (-3,-3)]
Turtle 4 :[(-4,-4), (10,6), (9,6), (10,6), (9,6), (-4,-4), (-4,-4)]
Turtle 5 :[(-5,-5), (20,37), (19,37), (18,37), (17,37), (16,37), (15,37)]

Detection Run 14
#Info# Executed steps before collision: 6, Found collision: false
Turtle 1 :[(-1,-1), (25,47), (26,47), (27,47), (27,46), (-1,-1), (-1,-1)]
Turtle 2 :[(-2,-2), (15,19), (15,18), (15,17), (16,17), (-2,-2), (-2,-2)]
Turtle 3 :[(-3,-3), (49,48), (49,47), (49,46), (48,46), (47,46), (47,45)]
Turtle 4 :[(-4,-4), (11,18), (11,17), (10,17), (9,17), (9,16), (8,16)]
Turtle 5 :[(-5,-5), (33,37), (34,37), (35,37), (-5,-5), (-5,-5), (-5,-5)]

Detection Run 15
#Info# Executed steps before collision: 7, Found collision: false
Turtle 1 :[(-1,-1), (37,22), (37,23), (38,23), (39,23), (39,23), (39,24), (39,25)]
Turtle 2 :[(-2,-2), (39,26), (39,26), (38,26), (39,26), (40,26), (41,26), (-2,-2)]
Turtle 3 :[(-3,-3), (6,29), (6,28), (6,27), (6,28), (6,27), (-3,-3), (-3,-3)]
Turtle 4 :[(-4,-4), (47,8), (47,8), (47,9), (47,10), (47,11), (46,11), (45,11)]
Turtle 5 :[(-5,-5), (31,25), (31,26), (30,26), (29,26), (28,26), (28,27), (-5,-5)]

Detection Run 16
#Info# Executed steps before collision: 8, Found collision: false
Turtle 1 :[(-1,-1), (30,13), (31,13), (31,14), (31,14), (31,15), (31,16), (31,16), (31,17)]
Turtle 2 :[(-2,-2), (29,10), (29,11), (29,11), (28,11), (-2,-2), (-2,-2), (-2,-2), (-2,-2)]
Turtle 3 :[(-3,-3), (24,35), (23,35), (23,36), (22,36), (21,36), (20,36), (-3,-3), (-3,-3)]
Turtle 4 :[(-4,-4), (10,2), (10,2), (11,2), (10,2), (10,3), (-4,-4), (-4,-4), (-4,-4)]
Turtle 5 :[(-5,-5), (30,8), (30,8), (29,8), (29,8), (28,8), (28,7), (-5,-5), (-5,-5)]

Detection Run 17
#Info# Executed steps before collision: 9, Found collision: false
Turtle 1 :[(-1,-1), (27,25), (27,24), (27,23), (27,22), (27,21), (27,20), (-1,-1), (-1,-1), (-1,-1)]
Turtle 2 :[(-2,-2), (32,25), (31,25), (30,25), (30,24), (29,24), (28,24), (-2,-2), (-2,-2), (-2,-2)]
Turtle 3 :[(-3,-3), (8,22), (9,22), (10,22), (11,22), (11,21), (12,21), (-3,-3), (-3,-3), (-3,-3)]
Turtle 4 :[(-4,-4), (2,42), (2,43), (2,43), (1,43), (1,44), (1,44), (1,44), (1,45), (0,45)]
Turtle 5 :[(-5,-5), (5,19), (5,19), (5,18), (5,17), (6,17), (-5,-5), (-5,-5), (-5,-5), (-5,-5)]

Detection Run 18
#Info# Executed steps before collision: 9, Found collision: false
Turtle 1 :[(-1,-1), (3,36), (3,37), (3,38), (3,39), (3,40), (-1,-1), (-1,-1), (-1,-1), (-1,-1)]
Turtle 2 :[(-2,-2), (13,23), (13,24), (13,24), (14,24), (13,24), (13,24), (13,24), (13,23), (13,22)]
Turtle 3 :[(-3,-3), (30,24), (30,23), (30,23), (29,23), (29,22), (29,21), (29,21), (28,21), (-3,-3)]
Turtle 4 :[(-4,-4), (24,7), (24,6), (24,7), (24,6), (-4,-4), (-4,-4), (-4,-4), (-4,-4), (-4,-4)]
Turtle 5 :[(-5,-5), (23,19), (23,18), (24,18), (24,18), (24,18), (25,18), (26,18), (27,18), (-5,-5)]

Detection Run 19
#Info# Executed steps before collision: 8, Found collision: false
Turtle 1 :[(-1,-1), (5,11), (5,11), (4,11), (4,10), (4,9), (4,8), (4,8), (4,7)]
Turtle 2 :[(-2,-2), (6,7), (5,7), (5,8), (4,8), (3,8), (3,9), (-2,-2), (-2,-2)]
Turtle 3 :[(-3,-3), (7,32), (7,32), (7,32), (7,32), (8,32), (-3,-3), (-3,-3), (-3,-3)]
Turtle 4 :[(-4,-4), (49,10), (48,10), (48,10), (47,10), (46,10), (45,10), (44,10), (-4,-4)]
Turtle 5 :[(-5,-5), (47,2), (48,2), (48,1), (48,0), (49,0), (-5,-5), (-5,-5), (-5,-5)]

Detection Run 20
#Info# Executed steps before collision: 8, Found collision: false
Turtle 1 :[(-1,-1), (47,18), (46,18), (45,18), (45,17), (45,17), (44,17), (43,17), (-1,-1)]
Turtle 2 :[(-2,-2), (27,3), (27,3), (27,4), (27,4), (27,3), (26,3), (25,3), (-2,-2)]
Turtle 3 :[(-3,-3), (21,7), (22,7), (22,7), (22,8), (22,9), (22,9), (22,10), (22,11)]
Turtle 4 :[(-4,-4), (27,11), (26,11), (25,11), (26,11), (25,11), (-4,-4), (-4,-4), (-4,-4)]
Turtle 5 :[(-5,-5), (31,10), (31,11), (31,11), (31,10), (31,10), (31,11), (-5,-5), (-5,-5)]

Detection Run 21
#Info# Executed steps before collision: 7, Found collision: false
Turtle 1 :[(-1,-1), (37,9), (37,8), (36,8), (35,8), (34,8), (34,7), (-1,-1)]
Turtle 2 :[(-2,-2), (36,18), (37,18), (37,17), (37,16), (38,16), (38,15), (-2,-2)]
Turtle 3 :[(-3,-3), (37,36), (36,36), (35,36), (34,36), (-3,-3), (-3,-3), (-3,-3)]
Turtle 4 :[(-4,-4), (39,12), (38,12), (37,12), (37,13), (37,14), (36,14), (-4,-4)]
Turtle 5 :[(-5,-5), (25,4), (25,4), (24,4), (24,4), (24,4), (24,3), (24,2)]

Detection Run 22
#Info# Executed steps before collision: 8, Found collision: false
Turtle 1 :[(-1,-1), (30,9), (31,9), (30,9), (30,10), (-1,-1), (-1,-1), (-1,-1), (-1,-1)]
Turtle 2 :[(-2,-2), (39,20), (39,19), (39,20), (39,19), (40,19), (-2,-2), (-2,-2), (-2,-2)]
Turtle 3 :[(-3,-3), (43,20), (42,20), (42,20), (41,20), (41,20), (40,20), (41,20), (40,20)]
Turtle 4 :[(-4,-4), (1,28), (0,28), (0,27), (-4,-4), (-4,-4), (-4,-4), (-4,-4), (-4,-4)]
Turtle 5 :[(-5,-5), (16,31), (15,31), (15,32), (-5,-5), (-5,-5), (-5,-5), (-5,-5), (-5,-5)]

Detection Run 23
#Info# Executed steps before collision: 8, Found collision: false
Turtle 1 :[(-1,-1), (48,11), (48,12), (47,12), (46,12), (46,13), (46,14), (-1,-1), (-1,-1)]
Turtle 2 :[(-2,-2), (15,36), (16,36), (16,36), (17,36), (18,36), (19,36), (20,36), (-2,-2)]
Turtle 3 :[(-3,-3), (20,14), (20,13), (21,13), (22,13), (23,13), (23,12), (-3,-3), (-3,-3)]
Turtle 4 :[(-4,-4), (26,3), (26,4), (26,5), (26,6), (26,7), (27,7), (-4,-4), (-4,-4)]
Turtle 5 :[(-5,-5), (22,2), (22,1), (22,2), (22,2), (22,2), (22,3), (22,4), (23,4)]

Detection Run 24
#Info# Executed steps before collision: 10, Found collision: false
Turtle 1 :[(-1,-1), (3,4), (3,4), (3,4), (3,5), (3,5), (2,5), (2,6), (1,6), (0,6), (-1,-1)]
Turtle 2 :[(-2,-2), (35,13), (34,13), (35,13), (34,13), (34,12), (34,11), (-2,-2), (-2,-2), (-2,-2), (-2,-2)]
Turtle 3 :[(-3,-3), (43,43), (43,43), (43,44), (43,44), (43,45), (43,45), (43,46), (43,47), (43,48), (-3,-3)]
Turtle 4 :[(-4,-4), (25,31), (25,31), (24,31), (24,30), (24,29), (24,29), (24,29), (24,29), (23,29), (22,29)]
Turtle 5 :[(-5,-5), (38,42), (38,42), (38,41), (39,41), (-5,-5), (-5,-5), (-5,-5), (-5,-5), (-5,-5), (-5,-5)]

Detection Run 25
#Info# Executed steps before collision: 10, Found collision: false
Turtle 1 :[(-1,-1), (29,48), (29,48), (29,49), (29,49), (28,49), (29,49), (29,49), (29,49), (-1,-1), (-1,-1)]
Turtle 2 :[(-2,-2), (30,41), (30,41), (30,42), (30,43), (30,44), (30,44), (30,44), (30,44), (30,45), (30,46)]
Turtle 3 :[(-3,-3), (39,41), (39,41), (39,41), (40,41), (41,41), (42,41), (42,41), (42,41), (42,40), (-3,-3)]
Turtle 4 :[(-4,-4), (35,15), (35,14), (36,14), (37,14), (37,13), (38,13), (-4,-4), (-4,-4), (-4,-4), (-4,-4)]
Turtle 5 :[(-5,-5), (10,41), (11,41), (11,41), (12,41), (13,41), (14,41), (15,41), (-5,-5), (-5,-5), (-5,-5)]

Detection Run 26
#Info# Executed steps before collision: 9, Found collision: false
Turtle 1 :[(-1,-1), (37,29), (36,29), (35,29), (34,29), (34,30), (-1,-1), (-1,-1), (-1,-1), (-1,-1)]
Turtle 2 :[(-2,-2), (17,11), (17,10), (16,10), (16,9), (15,9), (15,9), (15,9), (15,8), (-2,-2)]
Turtle 3 :[(-3,-3), (6,26), (6,26), (6,27), (6,28), (5,28), (4,28), (4,28), (3,28), (-3,-3)]
Turtle 4 :[(-4,-4), (13,6), (13,7), (13,7), (12,7), (12,8), (12,9), (-4,-4), (-4,-4), (-4,-4)]
Turtle 5 :[(-5,-5), (13,20), (14,20), (14,20), (15,20), (16,20), (16,20), (16,20), (16,19), (16,18)]

Detection Run 27
#Info# Executed steps before collision: 9, Found collision: false
Turtle 1 :[(-1,-1), (45,48), (45,47), (45,46), (45,45), (45,44), (-1,-1), (-1,-1), (-1,-1), (-1,-1)]
Turtle 2 :[(-2,-2), (21,49), (21,49), (21,49), (21,49), (22,49), (22,49), (23,49), (24,49), (25,49)]
Turtle 3 :[(-3,-3), (11,47), (11,46), (10,46), (9,46), (8,46), (8,45), (-3,-3), (-3,-3), (-3,-3)]
Turtle 4 :[(-4,-4), (2,47), (3,47), (3,46), (3,45), (4,45), (5,45), (-4,-4), (-4,-4), (-4,-4)]
Turtle 5 :[(-5,-5), (32,31), (32,31), (33,31), (33,31), (33,30), (33,29), (34,29), (35,29), (-5,-5)]

Detection Run 28
#Info# Executed steps before collision: 9, Found collision: false
Turtle 1 :[(-1,-1), (36,22), (35,22), (35,23), (35,24), (35,25), (35,26), (-1,-1), (-1,-1), (-1,-1)]
Turtle 2 :[(-2,-2), (5,47), (5,47), (4,47), (4,47), (3,47), (2,47), (1,47), (1,47), (0,47)]
Turtle 3 :[(-3,-3), (32,17), (32,16), (31,16), (31,15), (32,15), (32,14), (-3,-3), (-3,-3), (-3,-3)]
Turtle 4 :[(-4,-4), (31,32), (32,32), (32,31), (32,30), (33,30), (33,29), (-4,-4), (-4,-4), (-4,-4)]
Turtle 5 :[(-5,-5), (19,20), (19,20), (19,20), (18,20), (18,19), (18,19), (18,18), (17,18), (16,18)]

Detection Run 29
#Info# Executed steps before collision: 8, Found collision: false
Turtle 1 :[(-1,-1), (30,21), (30,20), (30,19), (31,19), (32,19), (-1,-1), (-1,-1), (-1,-1)]
Turtle 2 :[(-2,-2), (34,11), (34,10), (34,9), (33,9), (33,8), (32,8), (-2,-2), (-2,-2)]
Turtle 3 :[(-3,-3), (4,34), (4,34), (5,34), (5,33), (6,33), (6,32), (6,32), (7,32)]
Turtle 4 :[(-4,-4), (34,12), (33,12), (33,11), (32,11), (-4,-4), (-4,-4), (-4,-4), (-4,-4)]
Turtle 5 :[(-5,-5), (14,27), (13,27), (13,28), (13,29), (12,29), (11,29), (-5,-5), (-5,-5)]

Detection Run 30
#Info# Executed steps before collision: 9, Found collision: false
Turtle 1 :[(-1,-1), (27,28), (27,28), (27,27), (27,27), (27,26), (27,25), (26,25), (26,25), (26,24)]
Turtle 2 :[(-2,-2), (1,48), (2,48), (2,49), (2,49), (3,49), (4,49), (-2,-2), (-2,-2), (-2,-2)]
Turtle 3 :[(-3,-3), (6,6), (6,7), (7,7), (8,7), (9,7), (10,7), (-3,-3), (-3,-3), (-3,-3)]
Turtle 4 :[(-4,-4), (29,13), (29,13), (28,13), (27,13), (28,13), (27,13), (27,13), (26,13), (-4,-4)]
Turtle 5 :[(-5,-5), (27,33), (27,33), (28,33), (28,32), (29,32), (30,32), (31,32), (-5,-5), (-5,-5)]

Detection Run 31
#Info# Executed steps before collision: 6, Found collision: false
Turtle 1 :[(-1,-1), (43,17), (43,17), (42,17), (42,16), (-1,-1), (-1,-1)]
Turtle 2 :[(-2,-2), (41,15), (40,15), (-2,-2), (-2,-2), (-2,-2), (-2,-2)]
Turtle 3 :[(-3,-3), (28,6), (27,6), (26,6), (27,6), (26,6), (25,6)]
Turtle 4 :[(-4,-4), (0,7), (0,7), (0,6), (0,7), (1,7), (1,6)]
Turtle 5 :[(-5,-5), (16,17), (16,16), (17,16), (-5,-5), (-5,-5), (-5,-5)]

Detection Run 32
#Info# Executed steps before collision: 9, Found collision: false
Turtle 1 :[(-1,-1), (11,30), (11,30), (10,30), (10,31), (10,32), (10,33), (10,33), (10,34), (-1,-1)]
Turtle 2 :[(-2,-2), (43,40), (43,39), (43,39), (43,39), (42,39), (42,38), (42,38), (41,38), (41,37)]
Turtle 3 :[(-3,-3), (0,24), (0,23), (0,23), (1,23), (0,23), (0,23), (0,23), (0,22), (0,21)]
Turtle 4 :[(-4,-4), (35,33), (35,34), (35,35), (35,35), (35,35), (35,34), (36,34), (37,34), (-4,-4)]
Turtle 5 :[(-5,-5), (34,22), (34,23), (34,24), (34,25), (-5,-5), (-5,-5), (-5,-5), (-5,-5), (-5,-5)]

Fault Detection Run 33
#Info# Executed steps before collision: 3, Found collision: true
Turtle 1 :[(-1,-1), (31,44), (31,44), (31,45), (31,44), (31,43), (-1,-1), (-1,-1), (-1,-1), (-1,-1), (-1,-1), (-1,-1), (-1,-1)]
Turtle 2 :[(-2,-2), (1,9), (0,9), (0,8), (0,7), (-2,-2), (-2,-2), (-2,-2), (-2,-2), (-2,-2), (-2,-2), (-2,-2), (-2,-2)]
Turtle 3 :[(-3,-3), (15,45), (14,45), (13,45), (13,44), (13,44), (12,44), (12,44), (11,44), (-3,-3), (-3,-3), (-3,-3), (-3,-3)]
Turtle 4 :[(-4,-4), (37,37), (37,37), (37,38), (36,38), (36,39), (35,39), (35,39), (35,39), (35,40), (-4,-4), (-4,-4), (-4,-4)]
Turtle 5 :[(-5,-5), (31,46), (31,45), (31,45), (31,45), (31,44), (31,44), (31,43), (31,43), (31,43), (30,43), (30,43), (30,42)]

