Shrinking Run 1
#Info# Executed steps before collision: 5, Found collision: true
Turtle 1 :[(-1,-1), (17,17), (16,17), (15,17), (15,18), (15,18), (15,19), (14,19)]
Turtle 2 :[(-2,-2), (2,19), (2,18), (2,18), (3,18), (4,18), (5,18), (5,17)]
Turtle 3 :[(-3,-3), (18,12), (18,11), (18,10), (17,10), (17,9), (17,8), (-3,-3)]
Turtle 4 :[(-4,-4), (10,15), (9,15), (9,14), (9,13), (8,13), (-4,-4), (-4,-4)]
Turtle 5 :[(-5,-5), (6,11), (6,12), (7,12), (8,12), (8,13), (9,13), (-5,-5)]

Shrinking Run 2
#Info# Executed steps before collision: 7, Found collision: false
Turtle 1 :[(-1,-1), (17,17), (16,17), (16,16), (16,15), (16,15), (16,14), (15,14)]
Turtle 2 :[(-2,-2), (2,19), (2,18), (2,18), (3,18), (4,18), (5,18), (5,17)]
Turtle 3 :[(-3,-3), (18,12), (18,11), (18,10), (17,10), (17,9), (17,8), (-3,-3)]
Turtle 4 :[(-4,-4), (10,15), (9,15), (9,14), (9,13), (8,13), (-4,-4), (-4,-4)]
Turtle 5 :[(-5,-5), (6,11), (6,12), (7,12), (8,12), (8,12), (9,12), (9,13)]

Shrinking Run 3
#Info# Executed steps before collision: 5, Found collision: true
Turtle 1 :[(-1,-1), (17,17), (16,17), (15,17), (15,16), (15,16), (15,15), (14,15)]
Turtle 2 :[(-2,-2), (2,19), (2,18), (2,18), (3,18), (4,18), (5,18), (5,17)]
Turtle 3 :[(-3,-3), (18,12), (18,11), (18,10), (17,10), (17,9), (17,8), (-3,-3)]
Turtle 4 :[(-4,-4), (10,15), (9,15), (9,14), (9,13), (8,13), (-4,-4), (-4,-4)]
Turtle 5 :[(-5,-5), (6,11), (6,12), (7,12), (8,12), (8,13), (9,13), (-5,-5)]

Shrinking Run 4
#Info# Executed steps before collision: 5, Found collision: true
Turtle 1 :[(-1,-1), (17,17), (16,17), (16,16), (15,16), (15,16), (15,15), (14,15)]
Turtle 2 :[(-2,-2), (2,19), (2,18), (2,18), (3,18), (4,18), (5,18), (5,17)]
Turtle 3 :[(-3,-3), (18,12), (18,11), (18,10), (17,10), (17,9), (17,8), (-3,-3)]
Turtle 4 :[(-4,-4), (10,15), (9,15), (9,14), (9,13), (8,13), (-4,-4), (-4,-4)]
Turtle 5 :[(-5,-5), (6,11), (6,12), (7,12), (8,12), (8,13), (9,13), (-5,-5)]

Shrinking Run 5
#Info# Executed steps before collision: 5, Found collision: true
Turtle 1 :[(-1,-1), (17,17), (16,17), (16,16), (15,16), (15,16), (14,16), (13,16)]
Turtle 2 :[(-2,-2), (2,19), (2,18), (2,18), (3,18), (4,18), (5,18), (5,17)]
Turtle 3 :[(-3,-3), (18,12), (18,11), (18,10), (17,10), (17,9), (17,8), (-3,-3)]
Turtle 4 :[(-4,-4), (10,15), (9,15), (9,14), (9,13), (8,13), (-4,-4), (-4,-4)]
Turtle 5 :[(-5,-5), (6,11), (6,12), (7,12), (8,12), (8,13), (9,13), (-5,-5)]

Shrinking Run 6
#Info# Executed steps before collision: 5, Found collision: true
Turtle 1 :[(-1,-1), (17,17), (16,17), (15,17), (14,17), (14,17), (13,17), (13,16)]
Turtle 2 :[(-2,-2), (2,19), (2,18), (2,18), (3,18), (4,18), (5,18), (5,17)]
Turtle 3 :[(-3,-3), (18,12), (18,11), (18,10), (17,10), (17,9), (17,8), (-3,-3)]
Turtle 4 :[(-4,-4), (10,15), (9,15), (9,14), (9,13), (8,13), (-4,-4), (-4,-4)]
Turtle 5 :[(-5,-5), (6,11), (6,12), (7,12), (8,12), (8,13), (9,13), (-5,-5)]

Shrinking Run 7
#Info# Executed steps before collision: 5, Found collision: true
Turtle 1 :[(-1,-1), (17,17), (16,17), (15,17), (14,17), (14,17), (13,17), (12,17)]
Turtle 2 :[(-2,-2), (2,19), (2,18), (2,18), (3,18), (4,18), (5,18), (5,17)]
Turtle 3 :[(-3,-3), (18,12), (18,11), (18,10), (17,10), (17,9), (17,8), (-3,-3)]
Turtle 4 :[(-4,-4), (10,15), (9,15), (9,14), (9,13), (8,13), (-4,-4), (-4,-4)]
Turtle 5 :[(-5,-5), (6,11), (6,12), (7,12), (8,12), (8,13), (9,13), (-5,-5)]

Shrinking Run 8
#Info# Executed steps before collision: 5, Found collision: true
Turtle 1 :[(-1,-1), (17,17), (16,17), (15,17), (14,17), (13,17), (12,17), (-1,-1)]
Turtle 2 :[(-2,-2), (2,19), (2,18), (2,18), (3,18), (4,18), (5,18), (5,17)]
Turtle 3 :[(-3,-3), (18,12), (18,11), (18,10), (17,10), (17,9), (17,8), (-3,-3)]
Turtle 4 :[(-4,-4), (10,15), (9,15), (9,14), (9,13), (8,13), (-4,-4), (-4,-4)]
Turtle 5 :[(-5,-5), (6,11), (6,12), (7,12), (8,12), (8,13), (9,13), (-5,-5)]

Shrinking Run 9
#Info# Executed steps before collision: 5, Found collision: true
Turtle 1 :[(-1,-1), (17,17), (16,17), (15,17), (14,17), (13,17), (12,17)]
Turtle 2 :[(-2,-2), (2,19), (2,19), (1,19), (1,18), (0,18), (0,17)]
Turtle 3 :[(-3,-3), (18,12), (18,11), (18,10), (17,10), (17,9), (17,8)]
Turtle 4 :[(-4,-4), (10,15), (9,15), (9,14), (9,13), (8,13), (-4,-4)]
Turtle 5 :[(-5,-5), (6,11), (6,12), (7,12), (8,12), (8,13), (9,13)]

Shrinking Run 10
#Info# Executed steps before collision: 5, Found collision: true
Turtle 1 :[(-1,-1), (17,17), (16,17), (15,17), (14,17), (13,17), (12,17), (-1,-1)]
Turtle 2 :[(-2,-2), (2,19), (2,18), (2,18), (2,17), (2,16), (1,16), (1,15)]
Turtle 3 :[(-3,-3), (18,12), (18,11), (18,10), (17,10), (17,9), (17,8), (-3,-3)]
Turtle 4 :[(-4,-4), (10,15), (9,15), (9,14), (9,13), (8,13), (-4,-4), (-4,-4)]
Turtle 5 :[(-5,-5), (6,11), (6,12), (7,12), (8,12), (8,13), (9,13), (-5,-5)]

Shrinking Run 11
#Info# Executed steps before collision: 5, Found collision: true
Turtle 1 :[(-1,-1), (17,17), (16,17), (15,17), (14,17), (13,17), (12,17), (-1,-1)]
Turtle 2 :[(-2,-2), (2,19), (2,18), (2,18), (1,18), (1,17), (0,17), (0,16)]
Turtle 3 :[(-3,-3), (18,12), (18,11), (18,10), (17,10), (17,9), (17,8), (-3,-3)]
Turtle 4 :[(-4,-4), (10,15), (9,15), (9,14), (9,13), (8,13), (-4,-4), (-4,-4)]
Turtle 5 :[(-5,-5), (6,11), (6,12), (7,12), (8,12), (8,13), (9,13), (-5,-5)]

Shrinking Run 12
#Info# Executed steps before collision: 5, Found collision: true
Turtle 1 :[(-1,-1), (17,17), (16,17), (15,17), (14,17), (13,17), (12,17), (-1,-1)]
Turtle 2 :[(-2,-2), (2,19), (2,18), (2,18), (1,18), (0,18), (0,17), (0,16)]
Turtle 3 :[(-3,-3), (18,12), (18,11), (18,10), (17,10), (17,9), (17,8), (-3,-3)]
Turtle 4 :[(-4,-4), (10,15), (9,15), (9,14), (9,13), (8,13), (-4,-4), (-4,-4)]
Turtle 5 :[(-5,-5), (6,11), (6,12), (7,12), (8,12), (8,13), (9,13), (-5,-5)]

Shrinking Run 13
#Info# Executed steps before collision: 5, Found collision: true
Turtle 1 :[(-1,-1), (17,17), (16,17), (15,17), (14,17), (13,17), (12,17)]
Turtle 2 :[(-2,-2), (2,19), (2,18), (2,17), (1,17), (0,17), (0,16)]
Turtle 3 :[(-3,-3), (18,12), (18,11), (18,10), (17,10), (17,9), (17,8)]
Turtle 4 :[(-4,-4), (10,15), (9,15), (9,14), (9,13), (8,13), (-4,-4)]
Turtle 5 :[(-5,-5), (6,11), (6,12), (7,12), (8,12), (8,13), (9,13)]

Shrinking Run 14
#Info# Executed steps before collision: 5, Found collision: true
Turtle 1 :[(-1,-1), (17,17), (16,17), (15,17), (14,17), (13,17), (12,17)]
Turtle 2 :[(-2,-2), (2,19), (1,19), (1,18), (0,18), (0,17), (0,16)]
Turtle 3 :[(-3,-3), (18,12), (18,11), (18,10), (17,10), (17,9), (17,8)]
Turtle 4 :[(-4,-4), (10,15), (9,15), (9,14), (9,13), (8,13), (-4,-4)]
Turtle 5 :[(-5,-5), (6,11), (6,12), (7,12), (8,12), (8,13), (9,13)]

Shrinking Run 15
#Info# Executed steps before collision: 5, Found collision: true
Turtle 1 :[(-1,-1), (17,17), (16,17), (15,17), (14,17), (13,17), (12,17)]
Turtle 2 :[(-2,-2), (2,19), (1,19), (0,19), (0,18), (0,17), (0,16)]
Turtle 3 :[(-3,-3), (18,12), (18,11), (18,10), (17,10), (17,9), (17,8)]
Turtle 4 :[(-4,-4), (10,15), (9,15), (9,14), (9,13), (8,13), (-4,-4)]
Turtle 5 :[(-5,-5), (6,11), (6,12), (7,12), (8,12), (8,13), (9,13)]

Shrinking Run 16
#Info# Executed steps before collision: 5, Found collision: true
Turtle 1 :[(-1,-1), (17,17), (16,17), (15,17), (14,17), (13,17), (12,17)]
Turtle 2 :[(-2,-2), (2,19), (1,19), (0,19), (0,18), (0,17), (0,16)]
Turtle 3 :[(-3,-3), (18,12), (18,11), (17,11), (16,11), (16,10), (16,9)]
Turtle 4 :[(-4,-4), (10,15), (9,15), (9,14), (9,13), (8,13), (-4,-4)]
Turtle 5 :[(-5,-5), (6,11), (6,12), (7,12), (8,12), (8,13), (9,13)]

Shrinking Run 17
#Info# Executed steps before collision: 5, Found collision: true
Turtle 1 :[(-1,-1), (17,17), (16,17), (15,17), (14,17), (13,17), (12,17)]
Turtle 2 :[(-2,-2), (2,19), (1,19), (0,19), (0,18), (0,17), (0,16)]
Turtle 3 :[(-3,-3), (18,12), (17,12), (16,12), (15,12), (15,11), (15,10)]
Turtle 4 :[(-4,-4), (10,15), (9,15), (9,14), (9,13), (8,13), (-4,-4)]
Turtle 5 :[(-5,-5), (6,11), (6,12), (7,12), (8,12), (8,13), (9,13)]

Shrinking Run 18
#Info# Executed steps before collision: 5, Found collision: true
Turtle 1 :[(-1,-1), (17,17), (16,17), (15,17), (14,17), (13,17), (12,17)]
Turtle 2 :[(-2,-2), (2,19), (1,19), (0,19), (0,18), (0,17), (0,16)]
Turtle 3 :[(-3,-3), (18,12), (17,12), (17,11), (16,11), (15,11), (15,10)]
Turtle 4 :[(-4,-4), (10,15), (9,15), (9,14), (9,13), (8,13), (-4,-4)]
Turtle 5 :[(-5,-5), (6,11), (6,12), (7,12), (8,12), (8,13), (9,13)]

Shrinking Run 19
#Info# Executed steps before collision: 5, Found collision: true
Turtle 1 :[(-1,-1), (17,17), (16,17), (15,17), (14,17), (13,17), (12,17)]
Turtle 2 :[(-2,-2), (2,19), (1,19), (0,19), (0,18), (0,17), (0,16)]
Turtle 3 :[(-3,-3), (18,12), (17,12), (16,12), (16,11), (15,11), (15,10)]
Turtle 4 :[(-4,-4), (10,15), (9,15), (9,14), (9,13), (8,13), (-4,-4)]
Turtle 5 :[(-5,-5), (6,11), (6,12), (7,12), (8,12), (8,13), (9,13)]

Shrinking Run 20
#Info# Executed steps before collision: 5, Found collision: true
Turtle 1 :[(-1,-1), (17,17), (16,17), (15,17), (14,17), (13,17), (12,17)]
Turtle 2 :[(-2,-2), (2,19), (1,19), (0,19), (0,18), (0,17), (0,16)]
Turtle 3 :[(-3,-3), (18,12), (17,12), (16,12), (15,12), (14,12), (14,11)]
Turtle 4 :[(-4,-4), (10,15), (9,15), (9,14), (9,13), (8,13), (-4,-4)]
Turtle 5 :[(-5,-5), (6,11), (6,12), (7,12), (8,12), (8,13), (9,13)]

Shrinking Run 21
#Info# Executed steps before collision: 5, Found collision: true
Turtle 1 :[(-1,-1), (17,17), (16,17), (15,17), (14,17), (13,17), (12,17)]
Turtle 2 :[(-2,-2), (2,19), (1,19), (0,19), (0,18), (0,17), (0,16)]
Turtle 3 :[(-3,-3), (18,12), (17,12), (16,12), (15,12), (14,12), (13,12)]
Turtle 4 :[(-4,-4), (10,15), (9,15), (9,14), (9,13), (8,13), (-4,-4)]
Turtle 5 :[(-5,-5), (6,11), (6,12), (7,12), (8,12), (8,13), (9,13)]

Shrinking Run 22
#Info# Executed steps before collision: 5, Found collision: true
Turtle 1 :[(-1,-1), (17,17), (16,17), (15,17), (14,17), (13,17), (12,17)]
Turtle 2 :[(-2,-2), (2,19), (1,19), (0,19), (0,18), (0,17), (0,16)]
Turtle 3 :[(-3,-3), (18,12), (17,12), (16,12), (15,12), (14,12), (13,12)]
Turtle 4 :[(-4,-4), (10,15), (10,14), (10,13), (9,13), (8,13), (7,13)]
Turtle 5 :[(-5,-5), (6,11), (6,12), (7,12), (8,12), (8,13), (9,13)]

Shrinking Run 23
#Info# Executed steps before collision: 6, Found collision: false
Turtle 1 :[(-1,-1), (17,17), (16,17), (15,17), (14,17), (13,17), (12,17)]
Turtle 2 :[(-2,-2), (2,19), (1,19), (0,19), (0,18), (0,17), (0,16)]
Turtle 3 :[(-3,-3), (18,12), (17,12), (16,12), (15,12), (14,12), (13,12)]
Turtle 4 :[(-4,-4), (10,15), (10,14), (10,13), (10,12), (9,12), (8,12)]
Turtle 5 :[(-5,-5), (6,11), (6,12), (7,12), (8,12), (8,13), (9,13)]

Shrinking Run 24
#Info# Executed steps before collision: 5, Found collision: true
Turtle 1 :[(-1,-1), (17,17), (16,17), (15,17), (14,17), (13,17), (12,17), (-1,-1), (-1,-1)]
Turtle 2 :[(-2,-2), (2,19), (1,19), (0,19), (0,18), (0,17), (0,16), (-2,-2), (-2,-2)]
Turtle 3 :[(-3,-3), (18,12), (17,12), (16,12), (15,12), (14,12), (13,12), (-3,-3), (-3,-3)]
Turtle 4 :[(-4,-4), (10,15), (10,14), (9,14), (9,13), (8,13), (8,12), (7,12), (7,13)]
Turtle 5 :[(-5,-5), (6,11), (6,12), (7,12), (8,12), (8,13), (9,13), (-5,-5), (-5,-5)]

Shrinking Run 25
#Info# Executed steps before collision: 5, Found collision: true
Turtle 1 :[(-1,-1), (17,17), (16,17), (15,17), (14,17), (13,17), (12,17), (-1,-1), (-1,-1), (-1,-1), (-1,-1), (-1,-1), (-1,-1)]
Turtle 2 :[(-2,-2), (2,19), (1,19), (0,19), (0,18), (0,17), (0,16), (-2,-2), (-2,-2), (-2,-2), (-2,-2), (-2,-2), (-2,-2)]
Turtle 3 :[(-3,-3), (18,12), (17,12), (16,12), (15,12), (14,12), (13,12), (-3,-3), (-3,-3), (-3,-3), (-3,-3), (-3,-3), (-3,-3)]
Turtle 4 :[(-4,-4), (10,15), (10,14), (9,14), (8,14), (8,13), (9,13), (9,14), (9,13), (9,12), (8,12), (7,12), (7,13)]
Turtle 5 :[(-5,-5), (6,11), (6,12), (7,12), (8,12), (8,13), (8,13), (7,13), (8,13), (9,13), (-5,-5), (-5,-5), (-5,-5)]

Shrinking Run 26
#Info# Executed steps before collision: 6, Found collision: false
Turtle 1 :[(-1,-1), (17,17), (16,17), (15,17), (14,17), (13,17), (12,17)]
Turtle 2 :[(-2,-2), (2,19), (1,19), (0,19), (0,18), (0,17), (0,16)]
Turtle 3 :[(-3,-3), (18,12), (17,12), (16,12), (15,12), (14,12), (13,12)]
Turtle 4 :[(-4,-4), (10,15), (9,15), (8,15), (7,15), (7,14), (6,14)]
Turtle 5 :[(-5,-5), (6,11), (6,12), (7,12), (8,12), (8,13), (9,13)]

Shrinking Run 27
#Info# Executed steps before collision: 6, Found collision: false
Turtle 1 :[(-1,-1), (17,17), (16,17), (15,17), (14,17), (13,17), (12,17)]
Turtle 2 :[(-2,-2), (2,19), (1,19), (0,19), (0,18), (0,17), (0,16)]
Turtle 3 :[(-3,-3), (18,12), (17,12), (16,12), (15,12), (14,12), (13,12)]
Turtle 4 :[(-4,-4), (10,15), (10,14), (9,14), (8,14), (7,14), (6,14)]
Turtle 5 :[(-5,-5), (6,11), (6,12), (7,12), (8,12), (8,13), (9,13)]

Shrinking Run 28
#Info# Executed steps before collision: 5, Found collision: true
Turtle 1 :[(-1,-1), (17,17), (16,17), (15,17), (14,17), (13,17), (12,17)]
Turtle 2 :[(-2,-2), (2,19), (1,19), (0,19), (0,18), (0,17), (0,16)]
Turtle 3 :[(-3,-3), (18,12), (17,12), (16,12), (15,12), (14,12), (13,12)]
Turtle 4 :[(-4,-4), (10,15), (9,15), (8,15), (8,14), (8,13), (7,13)]
Turtle 5 :[(-5,-5), (6,11), (6,12), (7,12), (8,12), (8,13), (9,13)]

Shrinking Run 29
#Info# Executed steps before collision: 6, Found collision: false
Turtle 1 :[(-1,-1), (17,17), (16,17), (15,17), (14,17), (13,17), (12,17)]
Turtle 2 :[(-2,-2), (2,19), (1,19), (0,19), (0,18), (0,17), (0,16)]
Turtle 3 :[(-3,-3), (18,12), (17,12), (16,12), (15,12), (14,12), (13,12)]
Turtle 4 :[(-4,-4), (10,15), (9,15), (8,15), (8,14), (8,13), (7,13)]
Turtle 5 :[(-5,-5), (6,11), (6,12), (5,12), (4,12), (4,13), (3,13)]

Shrinking Run 30
#Info# Executed steps before collision: 6, Found collision: false
Turtle 1 :[(-1,-1), (17,17), (16,17), (15,17), (14,17), (13,17), (12,17)]
Turtle 2 :[(-2,-2), (2,19), (1,19), (0,19), (0,18), (0,17), (0,16)]
Turtle 3 :[(-3,-3), (18,12), (17,12), (16,12), (15,12), (14,12), (13,12)]
Turtle 4 :[(-4,-4), (10,15), (9,15), (8,15), (8,14), (8,13), (7,13)]
Turtle 5 :[(-5,-5), (6,11), (6,12), (5,12), (5,13), (5,14), (4,14)]

Shrinking Run 31
#Info# Executed steps before collision: 7, Found collision: false
Turtle 1 :[(-1,-1), (17,17), (16,17), (15,17), (14,17), (13,17), (12,17), (-1,-1)]
Turtle 2 :[(-2,-2), (2,19), (1,19), (0,19), (0,18), (0,17), (0,16), (-2,-2)]
Turtle 3 :[(-3,-3), (18,12), (17,12), (16,12), (15,12), (14,12), (13,12), (-3,-3)]
Turtle 4 :[(-4,-4), (10,15), (9,15), (8,15), (8,14), (8,13), (7,13), (-4,-4)]
Turtle 5 :[(-5,-5), (6,11), (6,12), (7,12), (7,13), (7,13), (7,14), (7,15)]

Shrinking Run 32
#Info# Executed steps before collision: 6, Found collision: false
Turtle 1 :[(-1,-1), (17,17), (16,17), (15,17), (14,17), (13,17), (12,17)]
Turtle 2 :[(-2,-2), (2,19), (1,19), (0,19), (0,18), (0,17), (0,16)]
Turtle 3 :[(-3,-3), (18,12), (17,12), (16,12), (15,12), (14,12), (13,12)]
Turtle 4 :[(-4,-4), (10,15), (9,15), (8,15), (8,14), (8,13), (7,13)]
Turtle 5 :[(-5,-5), (6,11), (6,12), (7,12), (7,13), (7,14), (8,14)]

Shrinking Run 33
#Info# Executed steps before collision: 6, Found collision: false
Turtle 1 :[(-1,-1), (17,17), (16,17), (15,17), (14,17), (13,17), (12,17)]
Turtle 2 :[(-2,-2), (2,19), (1,19), (0,19), (0,18), (0,17), (0,16)]
Turtle 3 :[(-3,-3), (18,12), (17,12), (16,12), (15,12), (14,12), (13,12)]
Turtle 4 :[(-4,-4), (10,15), (9,15), (8,15), (8,14), (8,13), (7,13)]
Turtle 5 :[(-5,-5), (6,11), (6,10), (7,10), (8,10), (8,9), (9,9)]

Shrinking Run 34
#Info# Executed steps before collision: 6, Found collision: false
Turtle 1 :[(-1,-1), (17,17), (16,17), (15,17), (14,17), (13,17), (12,17)]
Turtle 2 :[(-2,-2), (2,19), (1,19), (0,19), (0,18), (0,17), (0,16)]
Turtle 3 :[(-3,-3), (18,12), (17,12), (16,12), (15,12), (14,12), (13,12)]
Turtle 4 :[(-4,-4), (10,15), (9,15), (8,15), (8,14), (8,13), (7,13)]
Turtle 5 :[(-5,-5), (6,11), (7,11), (8,11), (9,11), (9,12), (10,12)]

Shrinking Run 35
#Info# Executed steps before collision: 6, Found collision: false
Turtle 1 :[(-1,-1), (17,17), (16,17), (15,17), (14,17), (13,17), (12,17)]
Turtle 2 :[(-2,-2), (2,19), (1,19), (0,19), (0,18), (0,17), (0,16)]
Turtle 3 :[(-3,-3), (18,12), (17,12), (16,12), (15,12), (14,12), (13,12)]
Turtle 4 :[(-4,-4), (10,15), (9,15), (8,15), (8,14), (8,13), (7,13)]
Turtle 5 :[(-5,-5), (6,11), (6,12), (6,13), (7,13), (-5,-5), (-5,-5)]

Shrinking Run 36
#Info# Executed steps before collision: 5, Found collision: true
Turtle 1 :[(-1,-1), (17,17), (16,17), (15,17), (14,17), (13,17), (12,17)]
Turtle 2 :[(-2,-2), (2,19), (1,19), (0,19), (0,18), (0,17), (0,16)]
Turtle 3 :[(-3,-3), (18,12), (17,12), (16,12), (15,12), (14,12), (13,12)]
Turtle 4 :[(-4,-4), (10,15), (9,15), (8,15), (8,14), (8,13), (7,13)]
Turtle 5 :[(-5,-5), (6,11), (7,11), (7,12), (8,12), (8,13), (-5,-5)]

Shrinking Run 37
#Info# Executed steps before collision: 6, Found collision: false
Turtle 1 :[(-1,-1), (17,17), (16,17), (15,17), (14,17), (13,17), (12,17)]
Turtle 2 :[(-2,-2), (2,19), (1,19), (0,19), (0,18), (0,17), (0,16)]
Turtle 3 :[(-3,-3), (18,12), (17,12), (16,12), (15,12), (14,12), (13,12)]
Turtle 4 :[(-4,-4), (10,15), (9,15), (8,15), (8,14), (8,13), (7,13)]
Turtle 5 :[(-5,-5), (6,11), (6,10), (7,10), (7,9), (7,8), (8,8)]

Shrinking Run 38
#Info# Executed steps before collision: 6, Found collision: false
Turtle 1 :[(-1,-1), (17,17), (16,17), (15,17), (14,17), (13,17), (12,17)]
Turtle 2 :[(-2,-2), (2,19), (1,19), (0,19), (0,18), (0,17), (0,16)]
Turtle 3 :[(-3,-3), (18,12), (17,12), (16,12), (15,12), (14,12), (13,12)]
Turtle 4 :[(-4,-4), (10,15), (9,15), (8,15), (8,14), (8,13), (7,13)]
Turtle 5 :[(-5,-5), (6,11), (6,12), (7,12), (8,12), (-5,-5), (-5,-5)]

Shrinking Run 39
#Info# Executed steps before collision: 7, Found collision: false
Turtle 1 :[(-1,-1), (17,17), (16,17), (15,17), (14,17), (13,17), (12,17), (-1,-1)]
Turtle 2 :[(-2,-2), (2,19), (1,19), (0,19), (0,18), (0,17), (0,16), (-2,-2)]
Turtle 3 :[(-3,-3), (18,12), (17,12), (16,12), (15,12), (14,12), (13,12), (-3,-3)]
Turtle 4 :[(-4,-4), (10,15), (9,15), (8,15), (8,14), (8,13), (7,13), (-4,-4)]
Turtle 5 :[(-5,-5), (6,11), (6,12), (7,12), (8,12), (8,11), (8,12), (8,13)]

Shrinking Run 40
#Info# Executed steps before collision: 5, Found collision: true
Turtle 1 :[(-1,-1), (17,17), (16,17), (15,17), (14,17), (13,17), (12,17)]
Turtle 2 :[(-2,-2), (2,19), (1,19), (0,19), (0,18), (0,17), (0,16)]
Turtle 3 :[(-3,-3), (18,12), (17,12), (16,12), (15,12), (14,12), (13,12)]
Turtle 4 :[(-4,-4), (10,15), (9,15), (8,15), (8,14), (8,13), (7,13)]
Turtle 5 :[(-5,-5), (6,11), (7,11), (8,11), (8,12), (8,13), (-5,-5)]

Shrinking Run 41
#Info# Executed steps before collision: 5, Found collision: true
Turtle 1 :[(-1,-1), (17,17), (16,17), (16,16), (16,15), (16,15), (16,14), (15,14)]
Turtle 2 :[(-2,-2), (2,19), (1,19), (0,19), (0,18), (0,17), (0,16), (-2,-2)]
Turtle 3 :[(-3,-3), (18,12), (17,12), (16,12), (15,12), (14,12), (13,12), (-3,-3)]
Turtle 4 :[(-4,-4), (10,15), (9,15), (8,15), (8,14), (8,13), (7,13), (-4,-4)]
Turtle 5 :[(-5,-5), (6,11), (7,11), (7,12), (8,12), (8,13), (-5,-5), (-5,-5)]

Shrinking Run 42
#Info# Executed steps before collision: 5, Found collision: true
Turtle 1 :[(-1,-1), (17,17), (16,17), (16,16), (15,16), (15,16), (15,15), (14,15)]
Turtle 2 :[(-2,-2), (2,19), (1,19), (0,19), (0,18), (0,17), (0,16), (-2,-2)]
Turtle 3 :[(-3,-3), (18,12), (17,12), (16,12), (15,12), (14,12), (13,12), (-3,-3)]
Turtle 4 :[(-4,-4), (10,15), (9,15), (8,15), (8,14), (8,13), (7,13), (-4,-4)]
Turtle 5 :[(-5,-5), (6,11), (7,11), (7,12), (8,12), (8,13), (-5,-5), (-5,-5)]

Shrinking Run 43
#Info# Executed steps before collision: 5, Found collision: true
Turtle 1 :[(-1,-1), (17,17), (16,17), (16,16), (15,16), (15,16), (14,16), (13,16)]
Turtle 2 :[(-2,-2), (2,19), (1,19), (0,19), (0,18), (0,17), (0,16), (-2,-2)]
Turtle 3 :[(-3,-3), (18,12), (17,12), (16,12), (15,12), (14,12), (13,12), (-3,-3)]
Turtle 4 :[(-4,-4), (10,15), (9,15), (8,15), (8,14), (8,13), (7,13), (-4,-4)]
Turtle 5 :[(-5,-5), (6,11), (7,11), (7,12), (8,12), (8,13), (-5,-5), (-5,-5)]

Shrinking Run 44
#Info# Executed steps before collision: 5, Found collision: true
Turtle 1 :[(-1,-1), (17,17), (16,17), (15,17), (14,17), (14,17), (13,17), (13,16)]
Turtle 2 :[(-2,-2), (2,19), (1,19), (0,19), (0,18), (0,17), (0,16), (-2,-2)]
Turtle 3 :[(-3,-3), (18,12), (17,12), (16,12), (15,12), (14,12), (13,12), (-3,-3)]
Turtle 4 :[(-4,-4), (10,15), (9,15), (8,15), (8,14), (8,13), (7,13), (-4,-4)]
Turtle 5 :[(-5,-5), (6,11), (7,11), (7,12), (8,12), (8,13), (-5,-5), (-5,-5)]

Shrinking Run 45
#Info# Executed steps before collision: 5, Found collision: true
Turtle 1 :[(-1,-1), (17,17), (16,17), (15,17), (14,17), (14,17), (13,17), (12,17), (-1,-1)]
Turtle 2 :[(-2,-2), (2,19), (1,19), (0,19), (0,18), (0,17), (0,16), (-2,-2), (-2,-2)]
Turtle 3 :[(-3,-3), (18,12), (17,12), (16,12), (15,12), (14,12), (13,12), (-3,-3), (-3,-3)]
Turtle 4 :[(-4,-4), (10,15), (9,15), (8,15), (8,14), (8,13), (8,14), (8,13), (7,13)]
Turtle 5 :[(-5,-5), (6,11), (7,11), (7,12), (8,12), (8,13), (-5,-5), (-5,-5), (-5,-5)]

Shrinking Run 46
#Info# Executed steps before collision: 6, Found collision: false
Turtle 1 :[(-1,-1), (17,17), (16,17), (15,17), (14,17), (13,17), (12,17)]
Turtle 2 :[(-2,-2), (2,19), (1,19), (0,19), (0,18), (0,17), (0,16)]
Turtle 3 :[(-3,-3), (18,12), (17,12), (16,12), (15,12), (14,12), (13,12)]
Turtle 4 :[(-4,-4), (10,15), (10,14), (10,13), (10,12), (9,12), (8,12)]
Turtle 5 :[(-5,-5), (6,11), (7,11), (7,12), (8,12), (8,13), (-5,-5)]

Shrinking Run 47
#Info# Executed steps before collision: 6, Found collision: false
Turtle 1 :[(-1,-1), (17,17), (16,17), (15,17), (14,17), (13,17), (12,17)]
Turtle 2 :[(-2,-2), (2,19), (1,19), (0,19), (0,18), (0,17), (0,16)]
Turtle 3 :[(-3,-3), (18,12), (17,12), (16,12), (15,12), (14,12), (13,12)]
Turtle 4 :[(-4,-4), (10,15), (9,15), (8,15), (7,15), (7,14), (6,14)]
Turtle 5 :[(-5,-5), (6,11), (7,11), (7,12), (8,12), (8,13), (-5,-5)]

Shrinking Run 48
#Info# Executed steps before collision: 6, Found collision: false
Turtle 1 :[(-1,-1), (17,17), (16,17), (15,17), (14,17), (13,17), (12,17)]
Turtle 2 :[(-2,-2), (2,19), (1,19), (0,19), (0,18), (0,17), (0,16)]
Turtle 3 :[(-3,-3), (18,12), (17,12), (16,12), (15,12), (14,12), (13,12)]
Turtle 4 :[(-4,-4), (10,15), (10,14), (9,14), (8,14), (7,14), (6,14)]
Turtle 5 :[(-5,-5), (6,11), (7,11), (7,12), (8,12), (8,13), (-5,-5)]

Shrink Run 49
#Info# Executed steps before collision: 5, Found collision: true
Turtle 1 :[(-1,-1), (17,17), (16,17), (15,17), (14,17), (13,17), (12,17)]
Turtle 2 :[(-2,-2), (2,19), (1,19), (0,19), (0,18), (0,17), (0,16)]
Turtle 3 :[(-3,-3), (18,12), (17,12), (16,12), (15,12), (14,12), (13,12)]
Turtle 4 :[(-4,-4), (10,15), (9,15), (8,15), (8,14), (8,13), (7,13)]
Turtle 5 :[(-5,-5), (6,11), (7,11), (7,12), (8,12), (8,13), (-5,-5)]

