Shrinking Run 1
#Info# Executed steps before collision: 4, Found collision: true
Turtle 1 :[(-1,-1), (45,49), (45,49), (45,49), (45,49), (44,49), (44,49), (43,49), (42,49), (41,49), (40,49)]
Turtle 2 :[(-2,-2), (28,12), (28,12), (28,12), (29,12), (30,12), (31,12), (32,12), (-2,-2), (-2,-2), (-2,-2)]
Turtle 3 :[(-3,-3), (43,35), (43,36), (44,36), (44,37), (44,38), (44,39), (-3,-3), (-3,-3), (-3,-3), (-3,-3)]
Turtle 4 :[(-4,-4), (29,12), (29,12), (29,12), (29,12), (29,12), (29,12), (28,12), (-4,-4), (-4,-4), (-4,-4)]
Turtle 5 :[(-5,-5), (10,18), (10,17), (-5,-5), (-5,-5), (-5,-5), (-5,-5), (-5,-5), (-5,-5), (-5,-5), (-5,-5)]

Shrinking Run 2
#Info# Executed steps before collision: 10, Found collision: false
Turtle 1 :[(-1,-1), (45,49), (45,49), (45,49), (45,49), (44,49), (44,49), (43,49), (43,48), (43,47), (42,47)]
Turtle 2 :[(-2,-2), (28,12), (28,12), (28,12), (29,12), (30,12), (31,12), (32,12), (-2,-2), (-2,-2), (-2,-2)]
Turtle 3 :[(-3,-3), (43,35), (43,36), (44,36), (44,37), (44,38), (44,39), (-3,-3), (-3,-3), (-3,-3), (-3,-3)]
Turtle 4 :[(-4,-4), (29,12), (29,11), (28,11), (28,12), (-4,-4), (-4,-4), (-4,-4), (-4,-4), (-4,-4), (-4,-4)]
Turtle 5 :[(-5,-5), (10,18), (10,17), (-5,-5), (-5,-5), (-5,-5), (-5,-5), (-5,-5), (-5,-5), (-5,-5), (-5,-5)]

Shrinking Run 3
#Info# Executed steps before collision: 4, Found collision: true
Turtle 1 :[(-1,-1), (45,49), (45,49), (45,49), (45,49), (44,49), (44,49), (43,49), (43,48), (42,48), (41,48)]
Turtle 2 :[(-2,-2), (28,12), (28,12), (28,12), (29,12), (30,12), (31,12), (32,12), (-2,-2), (-2,-2), (-2,-2)]
Turtle 3 :[(-3,-3), (43,35), (43,36), (44,36), (44,37), (44,38), (44,39), (-3,-3), (-3,-3), (-3,-3), (-3,-3)]
Turtle 4 :[(-4,-4), (29,12), (29,12), (29,12), (29,12), (29,12), (29,12), (29,12), (28,12), (-4,-4), (-4,-4)]
Turtle 5 :[(-5,-5), (10,18), (10,17), (-5,-5), (-5,-5), (-5,-5), (-5,-5), (-5,-5), (-5,-5), (-5,-5), (-5,-5)]

Shrinking Run 4
#Info# Executed steps before collision: 4, Found collision: true
Turtle 1 :[(-1,-1), (45,49), (45,49), (45,49), (45,49), (44,49), (44,49), (43,49), (43,48), (42,48), (42,47)]
Turtle 2 :[(-2,-2), (28,12), (28,12), (28,12), (29,12), (30,12), (31,12), (32,12), (-2,-2), (-2,-2), (-2,-2)]
Turtle 3 :[(-3,-3), (43,35), (43,36), (44,36), (44,37), (44,38), (44,39), (-3,-3), (-3,-3), (-3,-3), (-3,-3)]
Turtle 4 :[(-4,-4), (29,12), (29,12), (29,12), (29,12), (28,12), (-4,-4), (-4,-4), (-4,-4), (-4,-4), (-4,-4)]
Turtle 5 :[(-5,-5), (10,18), (10,17), (-5,-5), (-5,-5), (-5,-5), (-5,-5), (-5,-5), (-5,-5), (-5,-5), (-5,-5)]

Shrinking Run 5
#Info# Executed steps before collision: 10, Found collision: false
Turtle 1 :[(-1,-1), (45,49), (45,49), (45,49), (45,49), (44,49), (44,49), (43,49), (42,49), (42,48), (42,47)]
Turtle 2 :[(-2,-2), (28,12), (28,12), (28,13), (29,13), (30,13), (29,13), (30,13), (31,13), (31,12), (32,12)]
Turtle 3 :[(-3,-3), (43,35), (43,36), (44,36), (44,37), (44,38), (44,39), (-3,-3), (-3,-3), (-3,-3), (-3,-3)]
Turtle 4 :[(-4,-4), (29,12), (29,12), (29,12), (29,12), (29,12), (29,12), (28,12), (-4,-4), (-4,-4), (-4,-4)]
Turtle 5 :[(-5,-5), (10,18), (10,17), (-5,-5), (-5,-5), (-5,-5), (-5,-5), (-5,-5), (-5,-5), (-5,-5), (-5,-5)]

Shrinking Run 6
#Info# Executed steps before collision: 2, Found collision: true
Turtle 1 :[(-1,-1), (45,49), (44,49), (43,49), (42,49), (42,48), (41,48), (-1,-1)]
Turtle 2 :[(-2,-2), (28,12), (28,12), (28,12), (29,12), (30,12), (31,12), (32,12)]
Turtle 3 :[(-3,-3), (43,35), (43,36), (44,36), (44,37), (44,38), (44,39), (-3,-3)]
Turtle 4 :[(-4,-4), (29,12), (28,12), (-4,-4), (-4,-4), (-4,-4), (-4,-4), (-4,-4)]
Turtle 5 :[(-5,-5), (10,18), (10,17), (-5,-5), (-5,-5), (-5,-5), (-5,-5), (-5,-5)]

Shrinking Run 7
#Info# Executed steps before collision: 4, Found collision: true
Turtle 1 :[(-1,-1), (45,49), (45,48), (44,48), (43,48), (42,48), (41,48), (-1,-1)]
Turtle 2 :[(-2,-2), (28,12), (28,12), (28,12), (29,12), (30,12), (31,12), (32,12)]
Turtle 3 :[(-3,-3), (43,35), (43,36), (44,36), (44,37), (44,38), (44,39), (-3,-3)]
Turtle 4 :[(-4,-4), (29,12), (29,12), (29,12), (29,12), (29,12), (29,12), (28,12)]
Turtle 5 :[(-5,-5), (10,18), (10,17), (-5,-5), (-5,-5), (-5,-5), (-5,-5), (-5,-5)]

Shrinking Run 8
#Info# Executed steps before collision: 2, Found collision: true
Turtle 1 :[(-1,-1), (45,49), (45,48), (44,48), (43,48), (42,48), (41,48), (-1,-1)]
Turtle 2 :[(-2,-2), (28,12), (28,12), (27,12), (26,12), (25,12), (24,12), (23,12)]
Turtle 3 :[(-3,-3), (43,35), (43,36), (44,36), (44,37), (44,38), (44,39), (-3,-3)]
Turtle 4 :[(-4,-4), (29,12), (28,12), (-4,-4), (-4,-4), (-4,-4), (-4,-4), (-4,-4)]
Turtle 5 :[(-5,-5), (10,18), (10,17), (-5,-5), (-5,-5), (-5,-5), (-5,-5), (-5,-5)]

Shrinking Run 9
#Info# Executed steps before collision: 2, Found collision: true
Turtle 1 :[(-1,-1), (45,49), (45,48), (44,48), (43,48), (42,48), (41,48), (-1,-1)]
Turtle 2 :[(-2,-2), (28,12), (28,12), (28,11), (27,11), (26,11), (25,11), (25,10)]
Turtle 3 :[(-3,-3), (43,35), (43,36), (44,36), (44,37), (44,38), (44,39), (-3,-3)]
Turtle 4 :[(-4,-4), (29,12), (28,12), (-4,-4), (-4,-4), (-4,-4), (-4,-4), (-4,-4)]
Turtle 5 :[(-5,-5), (10,18), (10,17), (-5,-5), (-5,-5), (-5,-5), (-5,-5), (-5,-5)]

Shrinking Run 10
#Info# Executed steps before collision: 7, Found collision: false
Turtle 1 :[(-1,-1), (45,49), (45,48), (44,48), (43,48), (42,48), (41,48), (-1,-1)]
Turtle 2 :[(-2,-2), (28,12), (28,12), (27,12), (26,12), (25,12), (24,12), (24,11)]
Turtle 3 :[(-3,-3), (43,35), (43,36), (44,36), (44,37), (44,38), (44,39), (-3,-3)]
Turtle 4 :[(-4,-4), (29,12), (29,13), (28,13), (28,12), (-4,-4), (-4,-4), (-4,-4)]
Turtle 5 :[(-5,-5), (10,18), (10,17), (-5,-5), (-5,-5), (-5,-5), (-5,-5), (-5,-5)]

Shrinking Run 11
#Info# Executed steps before collision: 2, Found collision: true
Turtle 1 :[(-1,-1), (45,49), (45,48), (44,48), (43,48), (42,48), (41,48), (-1,-1)]
Turtle 2 :[(-2,-2), (28,12), (28,12), (28,11), (27,11), (26,11), (25,11), (24,11)]
Turtle 3 :[(-3,-3), (43,35), (43,36), (44,36), (44,37), (44,38), (44,39), (-3,-3)]
Turtle 4 :[(-4,-4), (29,12), (28,12), (-4,-4), (-4,-4), (-4,-4), (-4,-4), (-4,-4)]
Turtle 5 :[(-5,-5), (10,18), (10,17), (-5,-5), (-5,-5), (-5,-5), (-5,-5), (-5,-5)]

Shrinking Run 12
#Info# Executed steps before collision: 7, Found collision: false
Turtle 1 :[(-1,-1), (45,49), (45,48), (44,48), (43,48), (42,48), (41,48), (-1,-1)]
Turtle 2 :[(-2,-2), (28,12), (28,11), (27,11), (26,11), (25,11), (24,11), (-2,-2)]
Turtle 3 :[(-3,-3), (43,35), (43,36), (44,36), (44,37), (44,38), (44,39), (-3,-3)]
Turtle 4 :[(-4,-4), (29,12), (29,12), (29,12), (29,12), (29,12), (29,12), (28,12)]
Turtle 5 :[(-5,-5), (10,18), (10,17), (-5,-5), (-5,-5), (-5,-5), (-5,-5), (-5,-5)]

Shrinking Run 13
#Info# Executed steps before collision: 7, Found collision: false
Turtle 1 :[(-1,-1), (45,49), (45,48), (44,48), (43,48), (42,48), (41,48), (-1,-1)]
Turtle 2 :[(-2,-2), (28,12), (27,12), (27,12), (27,11), (26,11), (25,11), (24,11)]
Turtle 3 :[(-3,-3), (43,35), (43,36), (44,36), (44,37), (44,38), (44,39), (-3,-3)]
Turtle 4 :[(-4,-4), (29,12), (29,11), (29,12), (28,12), (-4,-4), (-4,-4), (-4,-4)]
Turtle 5 :[(-5,-5), (10,18), (10,17), (-5,-5), (-5,-5), (-5,-5), (-5,-5), (-5,-5)]

Shrinking Run 14
#Info# Executed steps before collision: 7, Found collision: false
Turtle 1 :[(-1,-1), (45,49), (45,48), (44,48), (43,48), (42,48), (41,48), (-1,-1)]
Turtle 2 :[(-2,-2), (28,12), (28,11), (28,11), (27,11), (26,11), (25,11), (24,11)]
Turtle 3 :[(-3,-3), (43,35), (43,36), (44,36), (44,37), (44,38), (44,39), (-3,-3)]
Turtle 4 :[(-4,-4), (29,12), (29,12), (29,12), (29,12), (29,12), (29,12), (28,12)]
Turtle 5 :[(-5,-5), (10,18), (10,17), (-5,-5), (-5,-5), (-5,-5), (-5,-5), (-5,-5)]

Shrinking Run 15
#Info# Executed steps before collision: 7, Found collision: false
Turtle 1 :[(-1,-1), (45,49), (45,48), (44,48), (43,48), (42,48), (41,48), (-1,-1)]
Turtle 2 :[(-2,-2), (28,12), (28,12), (27,12), (26,12), (25,12), (24,12), (24,11)]
Turtle 3 :[(-3,-3), (43,35), (43,36), (44,36), (44,37), (44,38), (44,39), (-3,-3)]
Turtle 4 :[(-4,-4), (29,12), (29,11), (28,11), (28,12), (-4,-4), (-4,-4), (-4,-4)]
Turtle 5 :[(-5,-5), (10,18), (10,17), (-5,-5), (-5,-5), (-5,-5), (-5,-5), (-5,-5)]

Shrinking Run 16
#Info# Executed steps before collision: 7, Found collision: false
Turtle 1 :[(-1,-1), (45,49), (45,48), (44,48), (43,48), (42,48), (41,48), (-1,-1)]
Turtle 2 :[(-2,-2), (28,12), (28,12), (28,11), (27,11), (26,11), (25,11), (24,11)]
Turtle 3 :[(-3,-3), (43,35), (43,36), (42,36), (42,37), (42,38), (42,39), (-3,-3)]
Turtle 4 :[(-4,-4), (29,12), (29,11), (29,10), (29,11), (29,12), (28,12), (-4,-4)]
Turtle 5 :[(-5,-5), (10,18), (10,17), (-5,-5), (-5,-5), (-5,-5), (-5,-5), (-5,-5)]

Shrinking Run 17
#Info# Executed steps before collision: 7, Found collision: false
Turtle 1 :[(-1,-1), (45,49), (45,48), (44,48), (43,48), (42,48), (41,48), (-1,-1)]
Turtle 2 :[(-2,-2), (28,12), (28,12), (28,11), (27,11), (26,11), (25,11), (24,11)]
Turtle 3 :[(-3,-3), (43,35), (43,36), (43,37), (43,38), (43,39), (43,40), (-3,-3)]
Turtle 4 :[(-4,-4), (29,12), (29,12), (29,12), (29,12), (29,12), (29,12), (28,12)]
Turtle 5 :[(-5,-5), (10,18), (10,17), (-5,-5), (-5,-5), (-5,-5), (-5,-5), (-5,-5)]

Shrinking Run 18
#Info# Executed steps before collision: 7, Found collision: false
Turtle 1 :[(-1,-1), (45,49), (45,48), (44,48), (43,48), (42,48), (41,48), (-1,-1)]
Turtle 2 :[(-2,-2), (28,12), (28,12), (28,11), (27,11), (26,11), (25,11), (24,11)]
Turtle 3 :[(-3,-3), (43,35), (43,34), (44,34), (44,33), (44,32), (44,31), (-3,-3)]
Turtle 4 :[(-4,-4), (29,12), (29,12), (29,12), (29,12), (29,12), (29,12), (28,12)]
Turtle 5 :[(-5,-5), (10,18), (10,17), (-5,-5), (-5,-5), (-5,-5), (-5,-5), (-5,-5)]

Shrinking Run 19
#Info# Executed steps before collision: 7, Found collision: false
Turtle 1 :[(-1,-1), (45,49), (45,48), (44,48), (43,48), (42,48), (41,48), (-1,-1)]
Turtle 2 :[(-2,-2), (28,12), (28,12), (28,11), (27,11), (26,11), (25,11), (24,11)]
Turtle 3 :[(-3,-3), (43,35), (43,34), (44,34), (44,33), (45,33), (45,32), (-3,-3)]
Turtle 4 :[(-4,-4), (29,12), (29,12), (29,12), (29,12), (29,12), (29,12), (28,12)]
Turtle 5 :[(-5,-5), (10,18), (10,17), (-5,-5), (-5,-5), (-5,-5), (-5,-5), (-5,-5)]

Shrinking Run 20
#Info# Executed steps before collision: 7, Found collision: false
Turtle 1 :[(-1,-1), (45,49), (45,48), (44,48), (43,48), (42,48), (41,48), (-1,-1)]
Turtle 2 :[(-2,-2), (28,12), (28,12), (28,11), (27,11), (26,11), (25,11), (24,11)]
Turtle 3 :[(-3,-3), (43,35), (43,36), (44,36), (45,36), (45,36), (46,36), (-3,-3)]
Turtle 4 :[(-4,-4), (29,12), (29,12), (29,12), (29,12), (29,12), (29,12), (28,12)]
Turtle 5 :[(-5,-5), (10,18), (10,17), (-5,-5), (-5,-5), (-5,-5), (-5,-5), (-5,-5)]

Shrinking Run 21
#Info# Executed steps before collision: 7, Found collision: false
Turtle 1 :[(-1,-1), (45,49), (45,48), (44,48), (43,48), (42,48), (41,48), (-1,-1)]
Turtle 2 :[(-2,-2), (28,12), (28,12), (28,11), (27,11), (26,11), (25,11), (24,11)]
Turtle 3 :[(-3,-3), (43,35), (43,36), (44,36), (44,37), (45,37), (45,38), (-3,-3)]
Turtle 4 :[(-4,-4), (29,12), (29,12), (29,12), (29,12), (29,12), (29,12), (28,12)]
Turtle 5 :[(-5,-5), (10,18), (10,17), (-5,-5), (-5,-5), (-5,-5), (-5,-5), (-5,-5)]

Shrinking Run 22
#Info# Executed steps before collision: 7, Found collision: false
Turtle 1 :[(-1,-1), (45,49), (45,48), (44,48), (43,48), (42,48), (41,48), (-1,-1)]
Turtle 2 :[(-2,-2), (28,12), (28,12), (28,11), (27,11), (26,11), (25,11), (24,11)]
Turtle 3 :[(-3,-3), (43,35), (43,36), (42,36), (42,37), (41,37), (41,38), (-3,-3)]
Turtle 4 :[(-4,-4), (29,12), (29,12), (29,12), (29,12), (29,12), (29,12), (28,12)]
Turtle 5 :[(-5,-5), (10,18), (10,17), (-5,-5), (-5,-5), (-5,-5), (-5,-5), (-5,-5)]

Shrinking Run 23
#Info# Executed steps before collision: 7, Found collision: false
Turtle 1 :[(-1,-1), (45,49), (45,48), (44,48), (43,48), (42,48), (41,48), (-1,-1)]
Turtle 2 :[(-2,-2), (28,12), (28,12), (28,11), (27,11), (26,11), (25,11), (24,11)]
Turtle 3 :[(-3,-3), (43,35), (43,36), (43,37), (43,38), (43,39), (44,39), (-3,-3)]
Turtle 4 :[(-4,-4), (29,12), (29,12), (29,12), (29,12), (29,12), (29,12), (28,12)]
Turtle 5 :[(-5,-5), (10,18), (10,17), (-5,-5), (-5,-5), (-5,-5), (-5,-5), (-5,-5)]

Shrinking Run 24
#Info# Executed steps before collision: 7, Found collision: false
Turtle 1 :[(-1,-1), (45,49), (45,48), (44,48), (43,48), (42,48), (41,48), (-1,-1)]
Turtle 2 :[(-2,-2), (28,12), (28,12), (28,11), (27,11), (26,11), (25,11), (24,11)]
Turtle 3 :[(-3,-3), (43,35), (43,36), (43,37), (43,38), (44,38), (44,39), (-3,-3)]
Turtle 4 :[(-4,-4), (29,12), (29,12), (29,12), (29,12), (29,12), (29,12), (28,12)]
Turtle 5 :[(-5,-5), (10,18), (10,17), (-5,-5), (-5,-5), (-5,-5), (-5,-5), (-5,-5)]

Shrinking Run 25
#Info# Executed steps before collision: 2, Found collision: true
Turtle 1 :[(-1,-1), (45,49), (45,48), (44,48), (43,48), (42,48), (41,48), (-1,-1)]
Turtle 2 :[(-2,-2), (28,12), (28,12), (28,11), (27,11), (26,11), (25,11), (24,11)]
Turtle 3 :[(-3,-3), (43,35), (44,35), (44,36), (44,37), (44,38), (44,39), (-3,-3)]
Turtle 4 :[(-4,-4), (29,12), (28,12), (-4,-4), (-4,-4), (-4,-4), (-4,-4), (-4,-4)]
Turtle 5 :[(-5,-5), (10,18), (10,17), (-5,-5), (-5,-5), (-5,-5), (-5,-5), (-5,-5)]

Shrinking Run 26
#Info# Executed steps before collision: 7, Found collision: false
Turtle 1 :[(-1,-1), (45,49), (45,48), (44,48), (43,48), (42,48), (41,48), (-1,-1)]
Turtle 2 :[(-2,-2), (28,12), (28,12), (28,11), (27,11), (26,11), (25,11), (24,11)]
Turtle 3 :[(-3,-3), (43,35), (44,35), (45,35), (45,36), (45,37), (45,38), (-3,-3)]
Turtle 4 :[(-4,-4), (29,12), (29,12), (29,12), (29,12), (29,12), (29,12), (28,12)]
Turtle 5 :[(-5,-5), (10,18), (10,17), (-5,-5), (-5,-5), (-5,-5), (-5,-5), (-5,-5)]

Shrinking Run 27
#Info# Executed steps before collision: 7, Found collision: false
Turtle 1 :[(-1,-1), (45,49), (45,48), (44,48), (43,48), (42,48), (41,48), (-1,-1)]
Turtle 2 :[(-2,-2), (28,12), (28,12), (28,11), (27,11), (26,11), (25,11), (24,11)]
Turtle 3 :[(-3,-3), (43,35), (44,35), (44,36), (45,36), (45,37), (45,38), (-3,-3)]
Turtle 4 :[(-4,-4), (29,12), (29,12), (29,12), (29,12), (29,12), (29,12), (28,12)]
Turtle 5 :[(-5,-5), (10,18), (10,17), (-5,-5), (-5,-5), (-5,-5), (-5,-5), (-5,-5)]

Shrinking Run 28
#Info# Executed steps before collision: 7, Found collision: false
Turtle 1 :[(-1,-1), (45,49), (45,48), (44,48), (43,48), (42,48), (41,48), (-1,-1)]
Turtle 2 :[(-2,-2), (28,12), (28,12), (28,11), (27,11), (26,11), (25,11), (24,11)]
Turtle 3 :[(-3,-3), (43,35), (44,35), (44,36), (44,37), (45,37), (45,38), (-3,-3)]
Turtle 4 :[(-4,-4), (29,12), (29,13), (28,13), (28,12), (-4,-4), (-4,-4), (-4,-4)]
Turtle 5 :[(-5,-5), (10,18), (10,17), (-5,-5), (-5,-5), (-5,-5), (-5,-5), (-5,-5)]

Shrinking Run 29
#Info# Executed steps before collision: 7, Found collision: false
Turtle 1 :[(-1,-1), (45,49), (45,48), (44,48), (43,48), (42,48), (41,48), (-1,-1)]
Turtle 2 :[(-2,-2), (28,12), (28,12), (28,11), (27,11), (26,11), (25,11), (24,11)]
Turtle 3 :[(-3,-3), (43,35), (44,35), (44,36), (44,37), (44,38), (45,38), (-3,-3)]
Turtle 4 :[(-4,-4), (29,12), (29,12), (29,12), (29,12), (29,12), (29,12), (28,12)]
Turtle 5 :[(-5,-5), (10,18), (10,17), (-5,-5), (-5,-5), (-5,-5), (-5,-5), (-5,-5)]

Shrinking Run 30
#Info# Executed steps before collision: 11, Found collision: false
Turtle 1 :[(-1,-1), (45,49), (45,48), (44,48), (43,48), (42,48), (41,48), (-1,-1), (-1,-1), (-1,-1), (-1,-1), (-1,-1)]
Turtle 2 :[(-2,-2), (28,12), (28,12), (28,11), (27,11), (26,11), (25,11), (24,11), (-2,-2), (-2,-2), (-2,-2), (-2,-2)]
Turtle 3 :[(-3,-3), (43,35), (44,35), (44,36), (44,37), (44,38), (44,39), (-3,-3), (-3,-3), (-3,-3), (-3,-3), (-3,-3)]
Turtle 4 :[(-4,-4), (29,12), (29,12), (29,12), (29,12), (28,12), (27,12), (26,12), (26,12), (26,12), (25,12), (24,12)]
Turtle 5 :[(-5,-5), (10,18), (10,17), (-5,-5), (-5,-5), (-5,-5), (-5,-5), (-5,-5), (-5,-5), (-5,-5), (-5,-5), (-5,-5)]

Shrinking Run 31
#Info# Executed steps before collision: 9, Found collision: false
Turtle 1 :[(-1,-1), (45,49), (45,48), (44,48), (43,48), (42,48), (41,48), (-1,-1), (-1,-1), (-1,-1)]
Turtle 2 :[(-2,-2), (28,12), (28,12), (28,11), (27,11), (26,11), (25,11), (24,11), (-2,-2), (-2,-2)]
Turtle 3 :[(-3,-3), (43,35), (44,35), (44,36), (44,37), (44,38), (44,39), (-3,-3), (-3,-3), (-3,-3)]
Turtle 4 :[(-4,-4), (29,12), (29,12), (29,12), (29,12), (29,12), (28,12), (27,12), (27,12), (26,12)]
Turtle 5 :[(-5,-5), (10,18), (10,17), (-5,-5), (-5,-5), (-5,-5), (-5,-5), (-5,-5), (-5,-5), (-5,-5)]

Shrinking Run 32
#Info# Executed steps before collision: 9, Found collision: false
Turtle 1 :[(-1,-1), (45,49), (45,48), (44,48), (43,48), (42,48), (41,48), (-1,-1), (-1,-1), (-1,-1)]
Turtle 2 :[(-2,-2), (28,12), (28,12), (28,11), (27,11), (26,11), (25,11), (24,11), (-2,-2), (-2,-2)]
Turtle 3 :[(-3,-3), (43,35), (44,35), (44,36), (44,37), (44,38), (44,39), (-3,-3), (-3,-3), (-3,-3)]
Turtle 4 :[(-4,-4), (29,12), (29,12), (29,12), (29,12), (29,12), (29,12), (28,12), (28,12), (27,12)]
Turtle 5 :[(-5,-5), (10,18), (10,17), (-5,-5), (-5,-5), (-5,-5), (-5,-5), (-5,-5), (-5,-5), (-5,-5)]

Shrinking Run 33
#Info# Executed steps before collision: 12, Found collision: false
Turtle 1 :[(-1,-1), (45,49), (45,48), (44,48), (43,48), (42,48), (41,48), (-1,-1), (-1,-1), (-1,-1), (-1,-1), (-1,-1), (-1,-1)]
Turtle 2 :[(-2,-2), (28,12), (28,12), (28,11), (27,11), (26,11), (25,11), (24,11), (-2,-2), (-2,-2), (-2,-2), (-2,-2), (-2,-2)]
Turtle 3 :[(-3,-3), (43,35), (44,35), (44,36), (44,37), (44,38), (44,39), (-3,-3), (-3,-3), (-3,-3), (-3,-3), (-3,-3), (-3,-3)]
Turtle 4 :[(-4,-4), (29,12), (29,12), (29,12), (29,12), (29,12), (29,11), (29,10), (29,9), (29,9), (29,9), (28,9), (28,8)]
Turtle 5 :[(-5,-5), (10,18), (10,17), (-5,-5), (-5,-5), (-5,-5), (-5,-5), (-5,-5), (-5,-5), (-5,-5), (-5,-5), (-5,-5), (-5,-5)]

Shrinking Run 34
#Info# Executed steps before collision: 11, Found collision: false
Turtle 1 :[(-1,-1), (45,49), (45,48), (44,48), (43,48), (42,48), (41,48), (-1,-1), (-1,-1), (-1,-1), (-1,-1), (-1,-1)]
Turtle 2 :[(-2,-2), (28,12), (28,12), (28,11), (27,11), (26,11), (25,11), (24,11), (-2,-2), (-2,-2), (-2,-2), (-2,-2)]
Turtle 3 :[(-3,-3), (43,35), (44,35), (44,36), (44,37), (44,38), (44,39), (-3,-3), (-3,-3), (-3,-3), (-3,-3), (-3,-3)]
Turtle 4 :[(-4,-4), (29,12), (29,12), (29,12), (29,12), (29,12), (29,11), (29,10), (29,10), (29,10), (28,10), (28,9)]
Turtle 5 :[(-5,-5), (10,18), (10,17), (-5,-5), (-5,-5), (-5,-5), (-5,-5), (-5,-5), (-5,-5), (-5,-5), (-5,-5), (-5,-5)]

Shrinking Run 35
#Info# Executed steps before collision: 7, Found collision: false
Turtle 1 :[(-1,-1), (45,49), (45,48), (44,48), (43,48), (42,48), (41,48), (-1,-1)]
Turtle 2 :[(-2,-2), (28,12), (28,12), (28,11), (27,11), (26,11), (25,11), (24,11)]
Turtle 3 :[(-3,-3), (43,35), (44,35), (44,36), (44,37), (44,38), (44,39), (-3,-3)]
Turtle 4 :[(-4,-4), (29,12), (30,12), (29,12), (29,11), (28,11), (-4,-4), (-4,-4)]
Turtle 5 :[(-5,-5), (10,18), (10,17), (-5,-5), (-5,-5), (-5,-5), (-5,-5), (-5,-5)]

Shrinking Run 36
#Info# Executed steps before collision: 2, Found collision: true
Turtle 1 :[(-1,-1), (45,49), (45,48), (44,48), (43,48), (42,48), (41,48), (-1,-1)]
Turtle 2 :[(-2,-2), (28,12), (28,12), (28,11), (27,11), (26,11), (25,11), (24,11)]
Turtle 3 :[(-3,-3), (43,35), (44,35), (44,36), (44,37), (44,38), (44,39), (-3,-3)]
Turtle 4 :[(-4,-4), (29,12), (28,12), (-4,-4), (-4,-4), (-4,-4), (-4,-4), (-4,-4)]
Turtle 5 :[(-5,-5), (10,18), (10,17), (-5,-5), (-5,-5), (-5,-5), (-5,-5), (-5,-5)]

Shrinking Run 37
#Info# Executed steps before collision: 2, Found collision: true
Turtle 1 :[(-1,-1), (45,49), (45,48), (44,48), (43,48), (42,48), (41,48), (-1,-1)]
Turtle 2 :[(-2,-2), (28,12), (28,12), (28,11), (27,11), (26,11), (25,11), (24,11)]
Turtle 3 :[(-3,-3), (43,35), (44,35), (44,36), (44,37), (44,38), (44,39), (-3,-3)]
Turtle 4 :[(-4,-4), (29,12), (28,12), (-4,-4), (-4,-4), (-4,-4), (-4,-4), (-4,-4)]
Turtle 5 :[(-5,-5), (10,18), (10,17), (9,17), (8,17), (7,17), (6,17), (-5,-5)]

Shrinking Run 38
#Info# Executed steps before collision: 2, Found collision: true
Turtle 1 :[(-1,-1), (45,49), (45,48), (44,48), (43,48), (42,48), (41,48), (-1,-1)]
Turtle 2 :[(-2,-2), (28,12), (28,12), (28,11), (27,11), (26,11), (25,11), (24,11)]
Turtle 3 :[(-3,-3), (43,35), (44,35), (44,36), (44,37), (44,38), (44,39), (-3,-3)]
Turtle 4 :[(-4,-4), (29,12), (28,12), (-4,-4), (-4,-4), (-4,-4), (-4,-4), (-4,-4)]
Turtle 5 :[(-5,-5), (10,18), (9,18), (8,18), (7,18), (6,18), (6,17), (-5,-5)]

Shrinking Run 39
#Info# Executed steps before collision: 2, Found collision: true
Turtle 1 :[(-1,-1), (45,49), (45,48), (44,48), (43,48), (42,48), (41,48), (-1,-1)]
Turtle 2 :[(-2,-2), (28,12), (28,12), (28,11), (27,11), (26,11), (25,11), (24,11)]
Turtle 3 :[(-3,-3), (43,35), (44,35), (44,36), (44,37), (44,38), (44,39), (-3,-3)]
Turtle 4 :[(-4,-4), (29,12), (28,12), (-4,-4), (-4,-4), (-4,-4), (-4,-4), (-4,-4)]
Turtle 5 :[(-5,-5), (10,18), (9,18), (8,18), (7,18), (6,18), (5,18), (-5,-5)]

Shrinking Run 40
#Info# Executed steps before collision: 2, Found collision: true
Turtle 1 :[(-1,-1), (45,49), (45,49), (45,49), (45,49), (44,49), (44,49), (43,49), (43,48), (43,47), (42,47)]
Turtle 2 :[(-2,-2), (28,12), (28,12), (28,11), (27,11), (26,11), (25,11), (24,11), (-2,-2), (-2,-2), (-2,-2)]
Turtle 3 :[(-3,-3), (43,35), (44,35), (44,36), (44,37), (44,38), (44,39), (-3,-3), (-3,-3), (-3,-3), (-3,-3)]
Turtle 4 :[(-4,-4), (29,12), (28,12), (-4,-4), (-4,-4), (-4,-4), (-4,-4), (-4,-4), (-4,-4), (-4,-4), (-4,-4)]
Turtle 5 :[(-5,-5), (10,18), (9,18), (8,18), (7,18), (6,18), (5,18), (-5,-5), (-5,-5), (-5,-5), (-5,-5)]

Shrinking Run 41
#Info# Executed steps before collision: 2, Found collision: true
Turtle 1 :[(-1,-1), (45,49), (45,49), (45,49), (45,49), (44,49), (44,49), (43,49), (42,49), (42,48), (42,47)]
Turtle 2 :[(-2,-2), (28,12), (28,12), (28,11), (27,11), (26,11), (25,11), (24,11), (-2,-2), (-2,-2), (-2,-2)]
Turtle 3 :[(-3,-3), (43,35), (44,35), (44,36), (44,37), (44,38), (44,39), (-3,-3), (-3,-3), (-3,-3), (-3,-3)]
Turtle 4 :[(-4,-4), (29,12), (28,12), (-4,-4), (-4,-4), (-4,-4), (-4,-4), (-4,-4), (-4,-4), (-4,-4), (-4,-4)]
Turtle 5 :[(-5,-5), (10,18), (9,18), (8,18), (7,18), (6,18), (5,18), (-5,-5), (-5,-5), (-5,-5), (-5,-5)]

Shrinking Run 42
#Info# Executed steps before collision: 2, Found collision: true
Turtle 1 :[(-1,-1), (45,49), (45,49), (45,49), (45,49), (44,49), (44,49), (43,49), (42,49), (41,49), (41,48)]
Turtle 2 :[(-2,-2), (28,12), (28,12), (28,12), (28,11), (27,11), (26,11), (25,11), (24,11), (-2,-2), (-2,-2)]
Turtle 3 :[(-3,-3), (43,35), (44,35), (44,36), (44,37), (44,38), (44,39), (-3,-3), (-3,-3), (-3,-3), (-3,-3)]
Turtle 4 :[(-4,-4), (29,12), (28,12), (-4,-4), (-4,-4), (-4,-4), (-4,-4), (-4,-4), (-4,-4), (-4,-4), (-4,-4)]
Turtle 5 :[(-5,-5), (10,18), (9,18), (8,18), (7,18), (6,18), (5,18), (-5,-5), (-5,-5), (-5,-5), (-5,-5)]

Shrinking Run 43
#Info# Executed steps before collision: 2, Found collision: true
Turtle 1 :[(-1,-1), (45,49), (45,49), (45,49), (45,49), (44,49), (44,49), (43,49), (42,49), (41,49), (40,49)]
Turtle 2 :[(-2,-2), (28,12), (28,12), (28,11), (27,11), (26,11), (25,11), (24,11), (-2,-2), (-2,-2), (-2,-2)]
Turtle 3 :[(-3,-3), (43,35), (44,35), (44,36), (44,37), (44,38), (44,39), (-3,-3), (-3,-3), (-3,-3), (-3,-3)]
Turtle 4 :[(-4,-4), (29,12), (28,12), (-4,-4), (-4,-4), (-4,-4), (-4,-4), (-4,-4), (-4,-4), (-4,-4), (-4,-4)]
Turtle 5 :[(-5,-5), (10,18), (9,18), (8,18), (7,18), (6,18), (5,18), (-5,-5), (-5,-5), (-5,-5), (-5,-5)]

Shrinking Run 44
#Info# Executed steps before collision: 2, Found collision: true
Turtle 1 :[(-1,-1), (45,49), (44,49), (43,49), (42,49), (41,49), (40,49), (-1,-1)]
Turtle 2 :[(-2,-2), (28,12), (28,12), (28,11), (27,11), (26,11), (25,11), (24,11)]
Turtle 3 :[(-3,-3), (43,35), (44,35), (44,36), (44,37), (44,38), (44,39), (-3,-3)]
Turtle 4 :[(-4,-4), (29,12), (28,12), (-4,-4), (-4,-4), (-4,-4), (-4,-4), (-4,-4)]
Turtle 5 :[(-5,-5), (10,18), (9,18), (8,18), (7,18), (6,18), (5,18), (-5,-5)]

Shrinking Run 45
#Info# Executed steps before collision: 2, Found collision: true
Turtle 1 :[(-1,-1), (45,49), (44,49), (43,49), (42,49), (41,49), (40,49), (-1,-1)]
Turtle 2 :[(-2,-2), (28,12), (28,12), (27,12), (26,12), (25,12), (24,12), (24,11)]
Turtle 3 :[(-3,-3), (43,35), (44,35), (44,36), (44,37), (44,38), (44,39), (-3,-3)]
Turtle 4 :[(-4,-4), (29,12), (28,12), (-4,-4), (-4,-4), (-4,-4), (-4,-4), (-4,-4)]
Turtle 5 :[(-5,-5), (10,18), (9,18), (8,18), (7,18), (6,18), (5,18), (-5,-5)]

Shrinking Run 46
#Info# Executed steps before collision: 2, Found collision: true
Turtle 1 :[(-1,-1), (45,49), (44,49), (43,49), (42,49), (41,49), (40,49), (-1,-1)]
Turtle 2 :[(-2,-2), (28,12), (28,12), (27,12), (26,12), (25,12), (24,12), (23,12)]
Turtle 3 :[(-3,-3), (43,35), (44,35), (44,36), (44,37), (44,38), (44,39), (-3,-3)]
Turtle 4 :[(-4,-4), (29,12), (28,12), (-4,-4), (-4,-4), (-4,-4), (-4,-4), (-4,-4)]
Turtle 5 :[(-5,-5), (10,18), (9,18), (8,18), (7,18), (6,18), (5,18), (-5,-5)]

Shrinking Run 47
#Info# Executed steps before collision: 6, Found collision: false
Turtle 1 :[(-1,-1), (45,49), (44,49), (43,49), (42,49), (41,49), (40,49)]
Turtle 2 :[(-2,-2), (28,12), (27,12), (26,12), (25,12), (24,12), (23,12)]
Turtle 3 :[(-3,-3), (43,35), (44,35), (44,36), (44,37), (44,38), (44,39)]
Turtle 4 :[(-4,-4), (29,12), (28,12), (-4,-4), (-4,-4), (-4,-4), (-4,-4)]
Turtle 5 :[(-5,-5), (10,18), (9,18), (8,18), (7,18), (6,18), (5,18)]

Shrinking Run 48
#Info# Executed steps before collision: 7, Found collision: false
Turtle 1 :[(-1,-1), (45,49), (44,49), (43,49), (42,49), (41,49), (40,49), (-1,-1)]
Turtle 2 :[(-2,-2), (28,12), (27,12), (27,12), (26,12), (25,12), (24,12), (23,12)]
Turtle 3 :[(-3,-3), (43,35), (44,35), (44,36), (44,37), (44,38), (44,39), (-3,-3)]
Turtle 4 :[(-4,-4), (29,12), (28,12), (-4,-4), (-4,-4), (-4,-4), (-4,-4), (-4,-4)]
Turtle 5 :[(-5,-5), (10,18), (9,18), (8,18), (7,18), (6,18), (5,18), (-5,-5)]

Shrinking Run 49
#Info# Executed steps before collision: 2, Found collision: true
Turtle 1 :[(-1,-1), (45,49), (44,49), (43,49), (42,49), (41,49), (40,49), (-1,-1)]
Turtle 2 :[(-2,-2), (28,12), (28,12), (27,12), (26,12), (25,12), (24,12), (23,12)]
Turtle 3 :[(-3,-3), (43,35), (43,36), (42,36), (42,37), (42,38), (42,39), (-3,-3)]
Turtle 4 :[(-4,-4), (29,12), (28,12), (-4,-4), (-4,-4), (-4,-4), (-4,-4), (-4,-4)]
Turtle 5 :[(-5,-5), (10,18), (9,18), (8,18), (7,18), (6,18), (5,18), (-5,-5)]

Shrinking Run 50
#Info# Executed steps before collision: 2, Found collision: true
Turtle 1 :[(-1,-1), (45,49), (44,49), (43,49), (42,49), (41,49), (40,49), (-1,-1)]
Turtle 2 :[(-2,-2), (28,12), (28,12), (27,12), (26,12), (25,12), (24,12), (23,12)]
Turtle 3 :[(-3,-3), (43,35), (43,34), (42,34), (42,33), (42,32), (42,31), (-3,-3)]
Turtle 4 :[(-4,-4), (29,12), (28,12), (-4,-4), (-4,-4), (-4,-4), (-4,-4), (-4,-4)]
Turtle 5 :[(-5,-5), (10,18), (9,18), (8,18), (7,18), (6,18), (5,18), (-5,-5)]

Shrinking Run 51
#Info# Executed steps before collision: 2, Found collision: true
Turtle 1 :[(-1,-1), (45,49), (44,49), (43,49), (42,49), (41,49), (40,49), (-1,-1)]
Turtle 2 :[(-2,-2), (28,12), (28,12), (27,12), (26,12), (25,12), (24,12), (23,12)]
Turtle 3 :[(-3,-3), (43,35), (42,35), (41,35), (41,34), (41,33), (41,32), (-3,-3)]
Turtle 4 :[(-4,-4), (29,12), (28,12), (-4,-4), (-4,-4), (-4,-4), (-4,-4), (-4,-4)]
Turtle 5 :[(-5,-5), (10,18), (9,18), (8,18), (7,18), (6,18), (5,18), (-5,-5)]

Shrinking Run 52
#Info# Executed steps before collision: 2, Found collision: true
Turtle 1 :[(-1,-1), (45,49), (44,49), (43,49), (42,49), (41,49), (40,49), (-1,-1)]
Turtle 2 :[(-2,-2), (28,12), (28,12), (27,12), (26,12), (25,12), (24,12), (23,12)]
Turtle 3 :[(-3,-3), (43,35), (42,35), (41,35), (40,35), (40,34), (40,33), (-3,-3)]
Turtle 4 :[(-4,-4), (29,12), (28,12), (-4,-4), (-4,-4), (-4,-4), (-4,-4), (-4,-4)]
Turtle 5 :[(-5,-5), (10,18), (9,18), (8,18), (7,18), (6,18), (5,18), (-5,-5)]

Shrinking Run 53
#Info# Executed steps before collision: 2, Found collision: true
Turtle 1 :[(-1,-1), (45,49), (44,49), (43,49), (42,49), (41,49), (40,49), (-1,-1), (-1,-1), (-1,-1)]
Turtle 2 :[(-2,-2), (28,12), (28,12), (28,11), (27,11), (26,11), (25,11), (24,11), (23,11), (23,12)]
Turtle 3 :[(-3,-3), (43,35), (42,35), (41,35), (40,35), (39,35), (39,34), (-3,-3), (-3,-3), (-3,-3)]
Turtle 4 :[(-4,-4), (29,12), (28,12), (-4,-4), (-4,-4), (-4,-4), (-4,-4), (-4,-4), (-4,-4), (-4,-4)]
Turtle 5 :[(-5,-5), (10,18), (9,18), (8,18), (7,18), (6,18), (5,18), (-5,-5), (-5,-5), (-5,-5)]

Shrinking Run 54
#Info# Executed steps before collision: 2, Found collision: true
Turtle 1 :[(-1,-1), (45,49), (44,49), (43,49), (42,49), (41,49), (40,49), (-1,-1), (-1,-1)]
Turtle 2 :[(-2,-2), (28,12), (28,12), (28,12), (27,12), (26,12), (25,12), (24,12), (23,12)]
Turtle 3 :[(-3,-3), (43,35), (42,35), (41,35), (40,35), (39,35), (38,35), (-3,-3), (-3,-3)]
Turtle 4 :[(-4,-4), (29,12), (28,12), (-4,-4), (-4,-4), (-4,-4), (-4,-4), (-4,-4), (-4,-4)]
Turtle 5 :[(-5,-5), (10,18), (9,18), (8,18), (7,18), (6,18), (5,18), (-5,-5), (-5,-5)]

Shrinking Run 55
#Info# Executed steps before collision: 11, Found collision: false
Turtle 1 :[(-1,-1), (45,49), (44,49), (43,49), (42,49), (41,49), (40,49), (-1,-1), (-1,-1), (-1,-1), (-1,-1), (-1,-1)]
Turtle 2 :[(-2,-2), (28,12), (28,12), (27,12), (26,12), (25,12), (24,12), (23,12), (-2,-2), (-2,-2), (-2,-2), (-2,-2)]
Turtle 3 :[(-3,-3), (43,35), (42,35), (41,35), (40,35), (39,35), (38,35), (-3,-3), (-3,-3), (-3,-3), (-3,-3), (-3,-3)]
Turtle 4 :[(-4,-4), (29,12), (29,12), (29,12), (29,12), (28,12), (27,12), (26,12), (26,12), (26,12), (25,12), (24,12)]
Turtle 5 :[(-5,-5), (10,18), (9,18), (8,18), (7,18), (6,18), (5,18), (-5,-5), (-5,-5), (-5,-5), (-5,-5), (-5,-5)]

Shrinking Run 56
#Info# Executed steps before collision: 9, Found collision: false
Turtle 1 :[(-1,-1), (45,49), (44,49), (43,49), (42,49), (41,49), (40,49), (-1,-1), (-1,-1), (-1,-1)]
Turtle 2 :[(-2,-2), (28,12), (28,12), (27,12), (26,12), (25,12), (24,12), (23,12), (-2,-2), (-2,-2)]
Turtle 3 :[(-3,-3), (43,35), (42,35), (41,35), (40,35), (39,35), (38,35), (-3,-3), (-3,-3), (-3,-3)]
Turtle 4 :[(-4,-4), (29,12), (29,12), (29,12), (29,12), (29,12), (28,12), (27,12), (27,12), (26,12)]
Turtle 5 :[(-5,-5), (10,18), (9,18), (8,18), (7,18), (6,18), (5,18), (-5,-5), (-5,-5), (-5,-5)]

Shrinking Run 57
#Info# Executed steps before collision: 2, Found collision: true
Turtle 1 :[(-1,-1), (45,49), (44,49), (43,49), (42,49), (41,49), (40,49), (-1,-1), (-1,-1), (-1,-1)]
Turtle 2 :[(-2,-2), (28,12), (28,12), (29,12), (28,12), (27,12), (26,12), (25,12), (24,12), (23,12)]
Turtle 3 :[(-3,-3), (43,35), (42,35), (41,35), (40,35), (39,35), (38,35), (-3,-3), (-3,-3), (-3,-3)]
Turtle 4 :[(-4,-4), (29,12), (28,12), (27,12), (-4,-4), (-4,-4), (-4,-4), (-4,-4), (-4,-4), (-4,-4)]
Turtle 5 :[(-5,-5), (10,18), (9,18), (8,18), (7,18), (6,18), (5,18), (-5,-5), (-5,-5), (-5,-5)]

Shrinking Run 58
#Info# Executed steps before collision: 11, Found collision: false
Turtle 1 :[(-1,-1), (45,49), (44,49), (43,49), (42,49), (41,49), (40,49), (-1,-1), (-1,-1), (-1,-1), (-1,-1), (-1,-1)]
Turtle 2 :[(-2,-2), (28,12), (28,12), (27,12), (26,12), (25,12), (24,12), (23,12), (-2,-2), (-2,-2), (-2,-2), (-2,-2)]
Turtle 3 :[(-3,-3), (43,35), (42,35), (41,35), (40,35), (39,35), (38,35), (-3,-3), (-3,-3), (-3,-3), (-3,-3), (-3,-3)]
Turtle 4 :[(-4,-4), (29,12), (29,12), (29,12), (29,12), (29,11), (29,10), (29,9), (29,9), (29,9), (28,9), (28,8)]
Turtle 5 :[(-5,-5), (10,18), (9,18), (8,18), (7,18), (6,18), (5,18), (-5,-5), (-5,-5), (-5,-5), (-5,-5), (-5,-5)]

Shrinking Run 59
#Info# Executed steps before collision: 11, Found collision: false
Turtle 1 :[(-1,-1), (45,49), (44,49), (43,49), (42,49), (41,49), (40,49), (-1,-1), (-1,-1), (-1,-1), (-1,-1), (-1,-1)]
Turtle 2 :[(-2,-2), (28,12), (28,12), (27,12), (26,12), (25,12), (24,12), (23,12), (-2,-2), (-2,-2), (-2,-2), (-2,-2)]
Turtle 3 :[(-3,-3), (43,35), (42,35), (41,35), (40,35), (39,35), (38,35), (-3,-3), (-3,-3), (-3,-3), (-3,-3), (-3,-3)]
Turtle 4 :[(-4,-4), (29,12), (29,12), (29,12), (29,12), (29,11), (29,10), (29,9), (29,9), (29,9), (28,9), (27,9)]
Turtle 5 :[(-5,-5), (10,18), (9,18), (8,18), (7,18), (6,18), (5,18), (-5,-5), (-5,-5), (-5,-5), (-5,-5), (-5,-5)]

Shrinking Run 60
#Info# Executed steps before collision: 9, Found collision: false
Turtle 1 :[(-1,-1), (45,49), (44,49), (43,49), (42,49), (41,49), (40,49), (-1,-1), (-1,-1), (-1,-1)]
Turtle 2 :[(-2,-2), (28,12), (28,12), (27,12), (26,12), (25,12), (24,12), (23,12), (-2,-2), (-2,-2)]
Turtle 3 :[(-3,-3), (43,35), (42,35), (41,35), (40,35), (39,35), (38,35), (-3,-3), (-3,-3), (-3,-3)]
Turtle 4 :[(-4,-4), (29,12), (29,12), (29,12), (29,12), (29,12), (28,12), (27,12), (27,12), (27,11)]
Turtle 5 :[(-5,-5), (10,18), (9,18), (8,18), (7,18), (6,18), (5,18), (-5,-5), (-5,-5), (-5,-5)]

Shrinking Run 61
#Info# Executed steps before collision: 2, Found collision: true
Turtle 1 :[(-1,-1), (45,49), (44,49), (43,49), (42,49), (41,49), (40,49), (-1,-1)]
Turtle 2 :[(-2,-2), (28,12), (28,12), (27,12), (26,12), (25,12), (24,12), (23,12)]
Turtle 3 :[(-3,-3), (43,35), (42,35), (41,35), (40,35), (39,35), (38,35), (-3,-3)]
Turtle 4 :[(-4,-4), (29,12), (28,12), (28,12), (27,12), (-4,-4), (-4,-4), (-4,-4)]
Turtle 5 :[(-5,-5), (10,18), (9,18), (8,18), (7,18), (6,18), (5,18), (-5,-5)]

Shrinking Run 62
#Info# Executed steps before collision: 6, Found collision: false
Turtle 1 :[(-1,-1), (45,49), (44,49), (43,49), (42,49), (41,49), (40,49)]
Turtle 2 :[(-2,-2), (28,12), (27,12), (26,12), (25,12), (24,12), (23,12)]
Turtle 3 :[(-3,-3), (43,35), (42,35), (41,35), (40,35), (39,35), (38,35)]
Turtle 4 :[(-4,-4), (29,12), (28,12), (29,12), (28,12), (27,12), (-4,-4)]
Turtle 5 :[(-5,-5), (10,18), (9,18), (8,18), (7,18), (6,18), (5,18)]

Shrink Run 63
#Info# Executed steps before collision: 7, Found collision: false
Turtle 1 :[(-1,-1), (45,49), (44,49), (43,49), (42,49), (41,49), (40,49), (-1,-1)]
Turtle 2 :[(-2,-2), (28,12), (27,12), (27,12), (26,12), (25,12), (24,12), (23,12)]
Turtle 3 :[(-3,-3), (43,35), (42,35), (41,35), (40,35), (39,35), (38,35), (-3,-3)]
Turtle 4 :[(-4,-4), (29,12), (28,12), (28,11), (27,11), (27,12), (-4,-4), (-4,-4)]
Turtle 5 :[(-5,-5), (10,18), (9,18), (8,18), (7,18), (6,18), (5,18), (-5,-5)]

