Shrinking Run 1
#Info# Executed steps before collision: 2, Found collision: true
Turtle 1 :[(-1,-1), (1,4), (1,3), (1,2), (1,1), (0,1), (0,0), (-1,-1), (-1,-1), (-1,-1)]
Turtle 2 :[(-2,-2), (1,7), (1,8), (0,8), (0,7), (0,8), (-2,-2), (-2,-2), (-2,-2), (-2,-2)]
Turtle 3 :[(-3,-3), (13,3), (13,3), (13,2), (12,2), (11,2), (11,2), (11,2), (11,1), (10,1)]
Turtle 4 :[(-4,-4), (19,17), (19,17), (18,17), (18,17), (18,17), (18,17), (19,17), (19,17), (-4,-4)]
Turtle 5 :[(-5,-5), (14,3), (13,3), (13,3), (13,3), (13,3), (13,3), (12,3), (12,2), (-5,-5)]

Shrinking Run 2
#Info# Executed steps before collision: 2, Found collision: true
Turtle 1 :[(-1,-1), (1,4), (1,3), (0,3), (0,2), (0,1), (0,0), (-1,-1), (-1,-1), (-1,-1)]
Turtle 2 :[(-2,-2), (1,7), (1,8), (0,8), (0,7), (0,8), (-2,-2), (-2,-2), (-2,-2), (-2,-2)]
Turtle 3 :[(-3,-3), (13,3), (13,3), (13,2), (12,2), (11,2), (11,2), (11,2), (11,1), (10,1)]
Turtle 4 :[(-4,-4), (19,17), (19,17), (18,17), (18,17), (18,17), (18,17), (19,17), (19,17), (-4,-4)]
Turtle 5 :[(-5,-5), (14,3), (13,3), (13,3), (13,3), (13,3), (13,3), (12,3), (12,2), (-5,-5)]

Shrinking Run 3
#Info# Executed steps before collision: 2, Found collision: true
Turtle 1 :[(-1,-1), (1,4), (0,4), (0,3), (0,2), (0,1), (0,0), (-1,-1), (-1,-1), (-1,-1)]
Turtle 2 :[(-2,-2), (1,7), (1,8), (0,8), (0,7), (0,8), (-2,-2), (-2,-2), (-2,-2), (-2,-2)]
Turtle 3 :[(-3,-3), (13,3), (13,3), (13,2), (12,2), (11,2), (11,2), (11,2), (11,1), (10,1)]
Turtle 4 :[(-4,-4), (19,17), (19,17), (18,17), (18,17), (18,17), (18,17), (19,17), (19,17), (-4,-4)]
Turtle 5 :[(-5,-5), (14,3), (13,3), (13,3), (13,3), (13,3), (13,3), (12,3), (12,2), (-5,-5)]

Shrinking Run 4
#Info# Executed steps before collision: 2, Found collision: true
Turtle 1 :[(-1,-1), (1,4), (0,4), (0,3), (0,2), (0,1), (0,0), (-1,-1), (-1,-1), (-1,-1)]
Turtle 2 :[(-2,-2), (1,7), (1,6), (1,5), (0,5), (0,5), (0,5), (0,4), (0,4), (0,3)]
Turtle 3 :[(-3,-3), (13,3), (13,3), (13,2), (12,2), (11,2), (11,2), (11,2), (11,1), (10,1)]
Turtle 4 :[(-4,-4), (19,17), (19,17), (18,17), (18,17), (18,17), (18,17), (19,17), (19,17), (-4,-4)]
Turtle 5 :[(-5,-5), (14,3), (13,3), (13,3), (13,3), (13,3), (13,3), (12,3), (12,2), (-5,-5)]

Shrinking Run 5
#Info# Executed steps before collision: 2, Found collision: true
Turtle 1 :[(-1,-1), (1,4), (0,4), (0,3), (0,2), (0,1), (0,0), (-1,-1), (-1,-1), (-1,-1)]
Turtle 2 :[(-2,-2), (1,7), (1,6), (1,5), (1,4), (1,4), (1,4), (0,4), (0,4), (0,3)]
Turtle 3 :[(-3,-3), (13,3), (13,3), (13,2), (12,2), (11,2), (11,2), (11,2), (11,1), (10,1)]
Turtle 4 :[(-4,-4), (19,17), (19,17), (18,17), (18,17), (18,17), (18,17), (19,17), (19,17), (-4,-4)]
Turtle 5 :[(-5,-5), (14,3), (13,3), (13,3), (13,3), (13,3), (13,3), (12,3), (12,2), (-5,-5)]

Shrinking Run 6
#Info# Executed steps before collision: 2, Found collision: true
Turtle 1 :[(-1,-1), (1,4), (0,4), (0,3), (0,2), (0,1), (0,0), (-1,-1), (-1,-1), (-1,-1)]
Turtle 2 :[(-2,-2), (1,7), (1,6), (0,6), (0,5), (0,4), (0,3), (-2,-2), (-2,-2), (-2,-2)]
Turtle 3 :[(-3,-3), (13,3), (13,3), (13,2), (12,2), (11,2), (11,2), (11,2), (11,1), (10,1)]
Turtle 4 :[(-4,-4), (19,17), (19,17), (18,17), (18,17), (18,17), (18,17), (19,17), (19,17), (-4,-4)]
Turtle 5 :[(-5,-5), (14,3), (13,3), (13,3), (13,3), (13,3), (13,3), (12,3), (12,2), (-5,-5)]

Shrinking Run 7
#Info# Executed steps before collision: 2, Found collision: true
Turtle 1 :[(-1,-1), (1,4), (0,4), (0,3), (0,2), (0,1), (0,0), (-1,-1), (-1,-1), (-1,-1)]
Turtle 2 :[(-2,-2), (1,7), (0,7), (0,6), (0,5), (0,4), (0,3), (-2,-2), (-2,-2), (-2,-2)]
Turtle 3 :[(-3,-3), (13,3), (13,3), (13,2), (12,2), (11,2), (11,2), (11,2), (11,1), (10,1)]
Turtle 4 :[(-4,-4), (19,17), (19,17), (18,17), (18,17), (18,17), (18,17), (19,17), (19,17), (-4,-4)]
Turtle 5 :[(-5,-5), (14,3), (13,3), (13,3), (13,3), (13,3), (13,3), (12,3), (12,2), (-5,-5)]

Shrinking Run 8
#Info# Executed steps before collision: 2, Found collision: true
Turtle 1 :[(-1,-1), (1,4), (0,4), (0,3), (0,2), (0,1), (0,0), (-1,-1), (-1,-1), (-1,-1)]
Turtle 2 :[(-2,-2), (1,7), (0,7), (0,6), (0,5), (0,4), (0,3), (-2,-2), (-2,-2), (-2,-2)]
Turtle 3 :[(-3,-3), (13,3), (13,3), (13,2), (12,2), (11,2), (11,2), (11,2), (10,2), (10,1)]
Turtle 4 :[(-4,-4), (19,17), (19,17), (18,17), (18,17), (18,17), (18,17), (19,17), (19,17), (-4,-4)]
Turtle 5 :[(-5,-5), (14,3), (13,3), (13,3), (13,3), (13,3), (13,3), (12,3), (12,2), (-5,-5)]

Shrinking Run 9
#Info# Executed steps before collision: 2, Found collision: true
Turtle 1 :[(-1,-1), (1,4), (0,4), (0,3), (0,2), (0,1), (0,0), (-1,-1), (-1,-1), (-1,-1)]
Turtle 2 :[(-2,-2), (1,7), (0,7), (0,6), (0,5), (0,4), (0,3), (-2,-2), (-2,-2), (-2,-2)]
Turtle 3 :[(-3,-3), (13,3), (13,3), (12,3), (11,3), (11,2), (11,2), (11,2), (10,2), (10,1)]
Turtle 4 :[(-4,-4), (19,17), (19,17), (18,17), (18,17), (18,17), (18,17), (19,17), (19,17), (-4,-4)]
Turtle 5 :[(-5,-5), (14,3), (13,3), (13,4), (13,3), (12,3), (12,2), (-5,-5), (-5,-5), (-5,-5)]

Shrinking Run 10
#Info# Executed steps before collision: 2, Found collision: true
Turtle 1 :[(-1,-1), (1,4), (0,4), (0,3), (0,2), (0,1), (0,0), (-1,-1), (-1,-1), (-1,-1)]
Turtle 2 :[(-2,-2), (1,7), (0,7), (0,6), (0,5), (0,4), (0,3), (-2,-2), (-2,-2), (-2,-2)]
Turtle 3 :[(-3,-3), (13,3), (13,3), (12,3), (11,3), (10,3), (10,3), (10,3), (9,3), (9,2)]
Turtle 4 :[(-4,-4), (19,17), (19,17), (18,17), (18,17), (18,17), (18,17), (19,17), (19,17), (-4,-4)]
Turtle 5 :[(-5,-5), (14,3), (13,3), (13,3), (13,3), (13,3), (13,3), (12,3), (12,2), (-5,-5)]

Shrinking Run 11
#Info# Executed steps before collision: 2, Found collision: true
Turtle 1 :[(-1,-1), (1,4), (0,4), (0,3), (0,2), (0,1), (0,0), (-1,-1), (-1,-1), (-1,-1)]
Turtle 2 :[(-2,-2), (1,7), (0,7), (0,6), (0,5), (0,4), (0,3), (-2,-2), (-2,-2), (-2,-2)]
Turtle 3 :[(-3,-3), (13,3), (13,3), (12,3), (11,3), (10,3), (10,3), (10,3), (9,3), (8,3)]
Turtle 4 :[(-4,-4), (19,17), (19,17), (18,17), (18,17), (18,17), (18,17), (19,17), (19,17), (-4,-4)]
Turtle 5 :[(-5,-5), (14,3), (13,3), (13,3), (13,3), (13,3), (13,3), (12,3), (12,2), (-5,-5)]

Shrinking Run 12
#Info# Executed steps before collision: 8, Found collision: false
Turtle 1 :[(-1,-1), (1,4), (0,4), (0,3), (0,2), (0,1), (0,0), (-1,-1), (-1,-1)]
Turtle 2 :[(-2,-2), (1,7), (0,7), (0,6), (0,5), (0,4), (0,3), (-2,-2), (-2,-2)]
Turtle 3 :[(-3,-3), (13,3), (12,3), (11,3), (10,3), (9,3), (8,3), (-3,-3), (-3,-3)]
Turtle 4 :[(-4,-4), (19,17), (19,17), (18,17), (18,17), (18,17), (18,17), (19,17), (19,17)]
Turtle 5 :[(-5,-5), (14,3), (13,3), (12,3), (12,2), (-5,-5), (-5,-5), (-5,-5), (-5,-5)]

Shrinking Run 13
#Info# Executed steps before collision: 8, Found collision: false
Turtle 1 :[(-1,-1), (1,4), (0,4), (0,3), (0,2), (0,1), (0,0), (-1,-1), (-1,-1)]
Turtle 2 :[(-2,-2), (1,7), (0,7), (0,6), (0,5), (0,4), (0,3), (-2,-2), (-2,-2)]
Turtle 3 :[(-3,-3), (13,3), (12,3), (11,3), (10,3), (9,3), (9,3), (8,3), (-3,-3)]
Turtle 4 :[(-4,-4), (19,17), (19,17), (18,17), (18,17), (18,17), (18,17), (19,17), (19,17)]
Turtle 5 :[(-5,-5), (14,3), (13,3), (13,3), (13,3), (13,3), (13,3), (12,3), (12,2)]

Shrinking Run 14
#Info# Executed steps before collision: 2, Found collision: true
Turtle 1 :[(-1,-1), (1,4), (0,4), (0,3), (0,2), (0,1), (0,0), (-1,-1), (-1,-1)]
Turtle 2 :[(-2,-2), (1,7), (0,7), (0,6), (0,5), (0,4), (0,3), (-2,-2), (-2,-2)]
Turtle 3 :[(-3,-3), (13,3), (13,3), (12,3), (11,3), (10,3), (10,3), (9,3), (8,3)]
Turtle 4 :[(-4,-4), (19,17), (19,17), (18,17), (18,17), (18,17), (18,17), (19,17), (19,17)]
Turtle 5 :[(-5,-5), (14,3), (13,3), (13,3), (13,3), (13,3), (13,3), (12,3), (12,2)]

Shrinking Run 15
#Info# Executed steps before collision: 8, Found collision: false
Turtle 1 :[(-1,-1), (1,4), (0,4), (0,3), (0,2), (0,1), (0,0), (-1,-1), (-1,-1)]
Turtle 2 :[(-2,-2), (1,7), (0,7), (0,6), (0,5), (0,4), (0,3), (-2,-2), (-2,-2)]
Turtle 3 :[(-3,-3), (13,3), (12,3), (11,3), (11,3), (10,3), (10,3), (9,3), (8,3)]
Turtle 4 :[(-4,-4), (19,17), (19,17), (18,17), (18,17), (18,17), (18,17), (19,17), (19,17)]
Turtle 5 :[(-5,-5), (14,3), (13,3), (12,3), (12,2), (-5,-5), (-5,-5), (-5,-5), (-5,-5)]

Shrinking Run 16
#Info# Executed steps before collision: 2, Found collision: true
Turtle 1 :[(-1,-1), (1,4), (0,4), (0,3), (0,2), (0,1), (0,0), (-1,-1), (-1,-1)]
Turtle 2 :[(-2,-2), (1,7), (0,7), (0,6), (0,5), (0,4), (0,3), (-2,-2), (-2,-2)]
Turtle 3 :[(-3,-3), (13,3), (13,3), (12,3), (11,3), (10,3), (9,3), (9,3), (8,3)]
Turtle 4 :[(-4,-4), (19,17), (19,17), (18,17), (18,17), (18,17), (18,17), (19,17), (19,17)]
Turtle 5 :[(-5,-5), (14,3), (13,3), (13,3), (13,3), (13,3), (13,3), (12,3), (12,2)]

Shrinking Run 17
#Info# Executed steps before collision: 2, Found collision: true
Turtle 1 :[(-1,-1), (1,4), (0,4), (0,3), (0,2), (0,1), (0,0), (-1,-1), (-1,-1), (-1,-1)]
Turtle 2 :[(-2,-2), (1,7), (0,7), (0,6), (0,5), (0,4), (0,3), (-2,-2), (-2,-2), (-2,-2)]
Turtle 3 :[(-3,-3), (13,3), (13,3), (12,3), (11,3), (10,3), (9,3), (9,3), (8,3), (-3,-3)]
Turtle 4 :[(-4,-4), (19,17), (18,17), (18,17), (17,17), (16,17), (16,17), (16,17), (15,17), (14,17)]
Turtle 5 :[(-5,-5), (14,3), (13,3), (13,3), (13,3), (13,3), (13,3), (12,3), (12,2), (-5,-5)]

Shrinking Run 18
#Info# Executed steps before collision: 2, Found collision: true
Turtle 1 :[(-1,-1), (1,4), (0,4), (0,3), (0,2), (0,1), (0,0), (-1,-1), (-1,-1), (-1,-1)]
Turtle 2 :[(-2,-2), (1,7), (0,7), (0,6), (0,5), (0,4), (0,3), (-2,-2), (-2,-2), (-2,-2)]
Turtle 3 :[(-3,-3), (13,3), (13,3), (12,3), (11,3), (10,3), (9,3), (9,3), (8,3), (-3,-3)]
Turtle 4 :[(-4,-4), (19,17), (19,16), (19,16), (18,16), (17,16), (17,16), (17,16), (17,15), (17,14)]
Turtle 5 :[(-5,-5), (14,3), (13,3), (13,3), (13,3), (13,3), (13,3), (12,3), (12,2), (-5,-5)]

Shrinking Run 19
#Info# Executed steps before collision: 2, Found collision: true
Turtle 1 :[(-1,-1), (1,4), (0,4), (0,3), (0,2), (0,1), (0,0), (-1,-1), (-1,-1), (-1,-1)]
Turtle 2 :[(-2,-2), (1,7), (0,7), (0,6), (0,5), (0,4), (0,3), (-2,-2), (-2,-2), (-2,-2)]
Turtle 3 :[(-3,-3), (13,3), (13,3), (12,3), (11,3), (10,3), (9,3), (9,3), (8,3), (-3,-3)]
Turtle 4 :[(-4,-4), (19,17), (19,16), (19,16), (18,16), (17,16), (17,16), (17,16), (16,16), (16,15)]
Turtle 5 :[(-5,-5), (14,3), (13,3), (13,2), (12,2), (-5,-5), (-5,-5), (-5,-5), (-5,-5), (-5,-5)]

Shrinking Run 20
#Info# Executed steps before collision: 2, Found collision: true
Turtle 1 :[(-1,-1), (1,4), (0,4), (0,3), (0,2), (0,1), (0,0), (-1,-1), (-1,-1), (-1,-1)]
Turtle 2 :[(-2,-2), (1,7), (0,7), (0,6), (0,5), (0,4), (0,3), (-2,-2), (-2,-2), (-2,-2)]
Turtle 3 :[(-3,-3), (13,3), (13,3), (12,3), (11,3), (10,3), (9,3), (9,3), (8,3), (-3,-3)]
Turtle 4 :[(-4,-4), (19,17), (18,17), (18,17), (17,17), (16,17), (16,17), (16,17), (15,17), (15,16)]
Turtle 5 :[(-5,-5), (14,3), (13,3), (13,3), (13,3), (13,3), (13,3), (12,3), (12,2), (-5,-5)]

Shrinking Run 21
#Info# Executed steps before collision: 2, Found collision: true
Turtle 1 :[(-1,-1), (1,4), (0,4), (0,3), (0,2), (0,1), (0,0), (-1,-1), (-1,-1)]
Turtle 2 :[(-2,-2), (1,7), (0,7), (0,6), (0,5), (0,4), (0,3), (-2,-2), (-2,-2)]
Turtle 3 :[(-3,-3), (13,3), (13,3), (12,3), (11,3), (10,3), (9,3), (9,3), (8,3)]
Turtle 4 :[(-4,-4), (19,17), (18,17), (17,17), (16,17), (15,17), (14,17), (-4,-4), (-4,-4)]
Turtle 5 :[(-5,-5), (14,3), (13,3), (13,3), (13,3), (13,3), (13,3), (12,3), (12,2)]

Shrinking Run 22
#Info# Executed steps before collision: 2, Found collision: true
Turtle 1 :[(-1,-1), (1,4), (0,4), (0,3), (0,2), (0,1), (0,0), (-1,-1), (-1,-1)]
Turtle 2 :[(-2,-2), (1,7), (0,7), (0,6), (0,5), (0,4), (0,3), (-2,-2), (-2,-2)]
Turtle 3 :[(-3,-3), (13,3), (13,3), (12,3), (11,3), (10,3), (9,3), (9,3), (8,3)]
Turtle 4 :[(-4,-4), (19,17), (18,17), (17,17), (16,17), (15,17), (14,17), (-4,-4), (-4,-4)]
Turtle 5 :[(-5,-5), (14,3), (13,3), (13,2), (12,2), (11,2), (10,2), (-5,-5), (-5,-5)]

Shrinking Run 23
#Info# Executed steps before collision: 2, Found collision: true
Turtle 1 :[(-1,-1), (1,4), (0,4), (0,3), (0,2), (0,1), (0,0), (-1,-1), (-1,-1)]
Turtle 2 :[(-2,-2), (1,7), (0,7), (0,6), (0,5), (0,4), (0,3), (-2,-2), (-2,-2)]
Turtle 3 :[(-3,-3), (13,3), (13,3), (12,3), (11,3), (10,3), (9,3), (9,3), (8,3)]
Turtle 4 :[(-4,-4), (19,17), (18,17), (17,17), (16,17), (15,17), (14,17), (-4,-4), (-4,-4)]
Turtle 5 :[(-5,-5), (14,3), (13,3), (12,3), (12,2), (11,2), (11,3), (10,3), (9,3)]

Shrinking Run 24
#Info# Executed steps before collision: 8, Found collision: false
Turtle 1 :[(-1,-1), (1,4), (0,4), (0,3), (0,2), (0,1), (0,0), (-1,-1), (-1,-1)]
Turtle 2 :[(-2,-2), (1,7), (0,7), (0,6), (0,5), (0,4), (0,3), (-2,-2), (-2,-2)]
Turtle 3 :[(-3,-3), (13,3), (12,3), (11,3), (10,3), (9,3), (8,3), (-3,-3), (-3,-3)]
Turtle 4 :[(-4,-4), (19,17), (18,17), (17,17), (16,17), (15,17), (14,17), (-4,-4), (-4,-4)]
Turtle 5 :[(-5,-5), (14,3), (13,3), (13,4), (12,4), (11,4), (10,4), (10,3), (9,3)]

Shrinking Run 25
#Info# Executed steps before collision: 8, Found collision: false
Turtle 1 :[(-1,-1), (1,4), (0,4), (0,3), (0,2), (0,1), (0,0), (-1,-1), (-1,-1)]
Turtle 2 :[(-2,-2), (1,7), (0,7), (0,6), (0,5), (0,4), (0,3), (-2,-2), (-2,-2)]
Turtle 3 :[(-3,-3), (13,3), (12,3), (11,3), (10,3), (9,3), (9,3), (8,3), (-3,-3)]
Turtle 4 :[(-4,-4), (19,17), (18,17), (17,17), (16,17), (15,17), (14,17), (-4,-4), (-4,-4)]
Turtle 5 :[(-5,-5), (14,3), (13,3), (12,3), (12,2), (11,2), (10,2), (10,3), (9,3)]

Shrink Run 26
#Info# Executed steps before collision: 10, Found collision: false
Turtle 1 :[(-1,-1), (1,4), (0,4), (0,3), (0,2), (0,1), (0,0), (-1,-1), (-1,-1), (-1,-1), (-1,-1)]
Turtle 2 :[(-2,-2), (1,7), (0,7), (0,6), (0,5), (0,4), (0,3), (-2,-2), (-2,-2), (-2,-2), (-2,-2)]
Turtle 3 :[(-3,-3), (13,3), (12,3), (11,3), (11,3), (10,3), (10,3), (9,3), (8,3), (-3,-3), (-3,-3)]
Turtle 4 :[(-4,-4), (19,17), (18,17), (17,17), (16,17), (15,17), (14,17), (-4,-4), (-4,-4), (-4,-4), (-4,-4)]
Turtle 5 :[(-5,-5), (14,3), (13,3), (13,4), (13,3), (12,3), (11,3), (11,2), (10,2), (9,2), (9,3)]

