Shrinking Run 1
#Info# Executed steps before collision: 5, Found collision: true
Turtle 1 :[(-1,-1), (16,49), (16,48), (15,48), (14,48), (13,48), (12,48), (-1,-1), (-1,-1)]
Turtle 2 :[(-2,-2), (22,28), (22,29), (22,30), (22,31), (21,31), (20,31), (-2,-2), (-2,-2)]
Turtle 3 :[(-3,-3), (42,11), (42,10), (41,10), (40,10), (40,9), (40,8), (-3,-3), (-3,-3)]
Turtle 4 :[(-4,-4), (39,25), (40,25), (41,25), (41,26), (42,26), (43,26), (-4,-4), (-4,-4)]
Turtle 5 :[(-5,-5), (20,32), (21,32), (21,31), (20,31), (21,31), (22,31), (22,30), (23,30)]

Shrinking Run 2
#Info# Executed steps before collision: 4, Found collision: true
Turtle 1 :[(-1,-1), (16,49), (16,48), (16,47), (15,47), (15,46), (14,46)]
Turtle 2 :[(-2,-2), (22,28), (22,29), (22,30), (22,31), (21,31), (20,31)]
Turtle 3 :[(-3,-3), (42,11), (42,10), (41,10), (40,10), (40,9), (40,8)]
Turtle 4 :[(-4,-4), (39,25), (40,25), (41,25), (41,26), (42,26), (43,26)]
Turtle 5 :[(-5,-5), (20,32), (21,32), (21,31), (22,31), (23,31), (23,30)]

Shrinking Run 3
#Info# Executed steps before collision: 4, Found collision: true
Turtle 1 :[(-1,-1), (16,49), (15,49), (15,48), (14,48), (14,47), (13,47)]
Turtle 2 :[(-2,-2), (22,28), (22,29), (22,30), (22,31), (21,31), (20,31)]
Turtle 3 :[(-3,-3), (42,11), (42,10), (41,10), (40,10), (40,9), (40,8)]
Turtle 4 :[(-4,-4), (39,25), (40,25), (41,25), (41,26), (42,26), (43,26)]
Turtle 5 :[(-5,-5), (20,32), (21,32), (21,31), (22,31), (23,31), (23,30)]

Shrinking Run 4
#Info# Executed steps before collision: 4, Found collision: true
Turtle 1 :[(-1,-1), (16,49), (15,49), (15,48), (14,48), (13,48), (13,47)]
Turtle 2 :[(-2,-2), (22,28), (22,29), (22,30), (22,31), (21,31), (20,31)]
Turtle 3 :[(-3,-3), (42,11), (42,10), (41,10), (40,10), (40,9), (40,8)]
Turtle 4 :[(-4,-4), (39,25), (40,25), (41,25), (41,26), (42,26), (43,26)]
Turtle 5 :[(-5,-5), (20,32), (21,32), (21,31), (22,31), (23,31), (23,30)]

Shrinking Run 5
#Info# Executed steps before collision: 4, Found collision: true
Turtle 1 :[(-1,-1), (16,49), (15,49), (14,49), (13,49), (12,49), (12,48)]
Turtle 2 :[(-2,-2), (22,28), (22,29), (22,30), (22,31), (21,31), (20,31)]
Turtle 3 :[(-3,-3), (42,11), (42,10), (41,10), (40,10), (40,9), (40,8)]
Turtle 4 :[(-4,-4), (39,25), (40,25), (41,25), (41,26), (42,26), (43,26)]
Turtle 5 :[(-5,-5), (20,32), (21,32), (21,31), (22,31), (23,31), (23,30)]

Shrinking Run 6
#Info# Executed steps before collision: 4, Found collision: true
Turtle 1 :[(-1,-1), (16,49), (15,49), (14,49), (13,49), (12,49), (11,49)]
Turtle 2 :[(-2,-2), (22,28), (22,29), (22,30), (22,31), (21,31), (20,31)]
Turtle 3 :[(-3,-3), (42,11), (42,10), (41,10), (40,10), (40,9), (40,8)]
Turtle 4 :[(-4,-4), (39,25), (40,25), (41,25), (41,26), (42,26), (43,26)]
Turtle 5 :[(-5,-5), (20,32), (21,32), (21,31), (22,31), (23,31), (23,30)]

Shrinking Run 7
#Info# Executed steps before collision: 6, Found collision: false
Turtle 1 :[(-1,-1), (16,49), (15,49), (14,49), (13,49), (12,49), (11,49)]
Turtle 2 :[(-2,-2), (22,28), (21,28), (20,28), (20,29), (19,29), (19,30)]
Turtle 3 :[(-3,-3), (42,11), (42,10), (41,10), (40,10), (40,9), (40,8)]
Turtle 4 :[(-4,-4), (39,25), (40,25), (41,25), (41,26), (42,26), (43,26)]
Turtle 5 :[(-5,-5), (20,32), (21,32), (21,31), (22,31), (23,31), (23,30)]

Shrinking Run 8
#Info# Executed steps before collision: 6, Found collision: false
Turtle 1 :[(-1,-1), (16,49), (15,49), (14,49), (13,49), (12,49), (11,49)]
Turtle 2 :[(-2,-2), (22,28), (22,29), (21,29), (21,30), (20,30), (20,31)]
Turtle 3 :[(-3,-3), (42,11), (42,10), (41,10), (40,10), (40,9), (40,8)]
Turtle 4 :[(-4,-4), (39,25), (40,25), (41,25), (41,26), (42,26), (43,26)]
Turtle 5 :[(-5,-5), (20,32), (21,32), (21,31), (22,31), (23,31), (23,30)]

Shrinking Run 9
#Info# Executed steps before collision: 6, Found collision: false
Turtle 1 :[(-1,-1), (16,49), (15,49), (14,49), (13,49), (12,49), (11,49)]
Turtle 2 :[(-2,-2), (22,28), (22,27), (22,26), (22,25), (21,25), (21,24)]
Turtle 3 :[(-3,-3), (42,11), (42,10), (41,10), (40,10), (40,9), (40,8)]
Turtle 4 :[(-4,-4), (39,25), (40,25), (41,25), (41,26), (42,26), (43,26)]
Turtle 5 :[(-5,-5), (20,32), (21,32), (21,31), (22,31), (23,31), (23,30)]

Shrinking Run 10
#Info# Executed steps before collision: 6, Found collision: false
Turtle 1 :[(-1,-1), (16,49), (15,49), (14,49), (13,49), (12,49), (11,49)]
Turtle 2 :[(-2,-2), (22,28), (22,27), (22,26), (22,25), (21,25), (20,25)]
Turtle 3 :[(-3,-3), (42,11), (42,10), (41,10), (40,10), (40,9), (40,8)]
Turtle 4 :[(-4,-4), (39,25), (40,25), (41,25), (41,26), (42,26), (43,26)]
Turtle 5 :[(-5,-5), (20,32), (21,32), (21,31), (22,31), (23,31), (23,30)]

Shrinking Run 11
#Info# Executed steps before collision: 6, Found collision: false
Turtle 1 :[(-1,-1), (16,49), (15,49), (14,49), (13,49), (12,49), (11,49)]
Turtle 2 :[(-2,-2), (22,28), (22,29), (21,29), (20,29), (-2,-2), (-2,-2)]
Turtle 3 :[(-3,-3), (42,11), (42,10), (41,10), (40,10), (40,9), (40,8)]
Turtle 4 :[(-4,-4), (39,25), (40,25), (41,25), (41,26), (42,26), (43,26)]
Turtle 5 :[(-5,-5), (20,32), (21,32), (21,31), (22,31), (23,31), (23,30)]

Shrinking Run 12
#Info# Executed steps before collision: 6, Found collision: false
Turtle 1 :[(-1,-1), (16,49), (15,49), (14,49), (13,49), (12,49), (11,49)]
Turtle 2 :[(-2,-2), (22,28), (21,28), (20,28), (20,29), (20,30), (-2,-2)]
Turtle 3 :[(-3,-3), (42,11), (42,10), (41,10), (40,10), (40,9), (40,8)]
Turtle 4 :[(-4,-4), (39,25), (40,25), (41,25), (41,26), (42,26), (43,26)]
Turtle 5 :[(-5,-5), (20,32), (21,32), (21,31), (22,31), (23,31), (23,30)]

Shrinking Run 13
#Info# Executed steps before collision: 6, Found collision: false
Turtle 1 :[(-1,-1), (16,49), (15,49), (14,49), (13,49), (12,49), (11,49)]
Turtle 2 :[(-2,-2), (22,28), (22,29), (22,30), (21,30), (20,30), (20,31)]
Turtle 3 :[(-3,-3), (42,11), (42,10), (41,10), (40,10), (40,9), (40,8)]
Turtle 4 :[(-4,-4), (39,25), (40,25), (41,25), (41,26), (42,26), (43,26)]
Turtle 5 :[(-5,-5), (20,32), (21,32), (21,31), (22,31), (23,31), (23,30)]

Shrinking Run 14
#Info# Executed steps before collision: 6, Found collision: false
Turtle 1 :[(-1,-1), (16,49), (15,49), (14,49), (13,49), (12,49), (11,49)]
Turtle 2 :[(-2,-2), (22,28), (21,28), (21,29), (21,30), (20,30), (20,31)]
Turtle 3 :[(-3,-3), (42,11), (42,10), (41,10), (40,10), (40,9), (40,8)]
Turtle 4 :[(-4,-4), (39,25), (40,25), (41,25), (41,26), (42,26), (43,26)]
Turtle 5 :[(-5,-5), (20,32), (21,32), (21,31), (22,31), (23,31), (23,30)]

Shrinking Run 15
#Info# Executed steps before collision: 6, Found collision: false
Turtle 1 :[(-1,-1), (16,49), (15,49), (14,49), (13,49), (12,49), (11,49)]
Turtle 2 :[(-2,-2), (22,28), (22,29), (21,29), (21,30), (21,31), (20,31)]
Turtle 3 :[(-3,-3), (42,11), (42,10), (41,10), (40,10), (40,9), (40,8)]
Turtle 4 :[(-4,-4), (39,25), (40,25), (41,25), (41,26), (42,26), (43,26)]
Turtle 5 :[(-5,-5), (20,32), (21,32), (21,31), (22,31), (23,31), (23,30)]

Shrinking Run 16
#Info# Executed steps before collision: 6, Found collision: false
Turtle 1 :[(-1,-1), (16,49), (15,49), (14,49), (13,49), (12,49), (11,49)]
Turtle 2 :[(-2,-2), (22,28), (21,28), (21,29), (21,30), (21,31), (20,31)]
Turtle 3 :[(-3,-3), (42,11), (42,10), (41,10), (40,10), (40,9), (40,8)]
Turtle 4 :[(-4,-4), (39,25), (40,25), (41,25), (41,26), (42,26), (43,26)]
Turtle 5 :[(-5,-5), (20,32), (21,32), (21,31), (22,31), (23,31), (23,30)]

Shrinking Run 17
#Info# Executed steps before collision: 6, Found collision: false
Turtle 1 :[(-1,-1), (16,49), (15,49), (14,49), (13,49), (12,49), (11,49)]
Turtle 2 :[(-2,-2), (22,28), (22,29), (22,30), (22,31), (21,31), (20,31)]
Turtle 3 :[(-3,-3), (42,11), (42,10), (41,10), (40,10), (39,10), (39,9)]
Turtle 4 :[(-4,-4), (39,25), (40,25), (41,25), (41,26), (42,26), (43,26)]
Turtle 5 :[(-5,-5), (20,32), (21,32), (21,31), (21,30), (22,30), (23,30)]

Shrinking Run 18
#Info# Executed steps before collision: 4, Found collision: true
Turtle 1 :[(-1,-1), (16,49), (15,49), (14,49), (13,49), (12,49), (11,49)]
Turtle 2 :[(-2,-2), (22,28), (22,29), (22,30), (22,31), (21,31), (20,31)]
Turtle 3 :[(-3,-3), (42,11), (41,11), (40,11), (39,11), (39,10), (39,9)]
Turtle 4 :[(-4,-4), (39,25), (40,25), (41,25), (41,26), (42,26), (43,26)]
Turtle 5 :[(-5,-5), (20,32), (21,32), (21,31), (22,31), (23,31), (23,30)]

Shrinking Run 19
#Info# Executed steps before collision: 4, Found collision: true
Turtle 1 :[(-1,-1), (16,49), (15,49), (14,49), (13,49), (12,49), (11,49)]
Turtle 2 :[(-2,-2), (22,28), (22,29), (22,30), (22,31), (21,31), (20,31)]
Turtle 3 :[(-3,-3), (42,11), (41,11), (40,11), (39,11), (39,10), (38,10)]
Turtle 4 :[(-4,-4), (39,25), (40,25), (41,25), (41,26), (42,26), (43,26)]
Turtle 5 :[(-5,-5), (20,32), (21,32), (21,31), (22,31), (23,31), (23,30)]

Shrinking Run 20
#Info# Executed steps before collision: 6, Found collision: false
Turtle 1 :[(-1,-1), (16,49), (15,49), (14,49), (13,49), (12,49), (11,49)]
Turtle 2 :[(-2,-2), (22,28), (22,29), (22,30), (22,31), (21,31), (20,31)]
Turtle 3 :[(-3,-3), (42,11), (42,10), (41,10), (40,10), (39,10), (38,10)]
Turtle 4 :[(-4,-4), (39,25), (40,25), (41,25), (41,26), (42,26), (43,26)]
Turtle 5 :[(-5,-5), (20,32), (21,32), (21,31), (21,30), (22,30), (23,30)]

Shrinking Run 21
#Info# Executed steps before collision: 4, Found collision: true
Turtle 1 :[(-1,-1), (16,49), (15,49), (14,49), (13,49), (12,49), (11,49)]
Turtle 2 :[(-2,-2), (22,28), (22,29), (22,30), (22,31), (21,31), (20,31)]
Turtle 3 :[(-3,-3), (42,11), (41,11), (41,10), (40,10), (39,10), (38,10)]
Turtle 4 :[(-4,-4), (39,25), (40,25), (41,25), (41,26), (42,26), (43,26)]
Turtle 5 :[(-5,-5), (20,32), (21,32), (21,31), (22,31), (23,31), (23,30)]

Shrinking Run 22
#Info# Executed steps before collision: 4, Found collision: true
Turtle 1 :[(-1,-1), (16,49), (15,49), (14,49), (13,49), (12,49), (11,49)]
Turtle 2 :[(-2,-2), (22,28), (22,29), (22,30), (22,31), (21,31), (20,31)]
Turtle 3 :[(-3,-3), (42,11), (41,11), (41,10), (40,10), (39,10), (38,10)]
Turtle 4 :[(-4,-4), (39,25), (38,25), (37,25), (37,26), (36,26), (35,26)]
Turtle 5 :[(-5,-5), (20,32), (21,32), (21,31), (22,31), (23,31), (23,30)]

Shrinking Run 23
#Info# Executed steps before collision: 4, Found collision: true
Turtle 1 :[(-1,-1), (16,49), (15,49), (14,49), (13,49), (12,49), (11,49)]
Turtle 2 :[(-2,-2), (22,28), (22,29), (22,30), (22,31), (21,31), (20,31)]
Turtle 3 :[(-3,-3), (42,11), (41,11), (41,10), (40,10), (39,10), (38,10)]
Turtle 4 :[(-4,-4), (39,25), (38,25), (37,25), (37,24), (36,24), (35,24)]
Turtle 5 :[(-5,-5), (20,32), (21,32), (21,31), (22,31), (23,31), (23,30)]

Shrinking Run 24
#Info# Executed steps before collision: 8, Found collision: false
Turtle 1 :[(-1,-1), (16,49), (15,49), (14,49), (13,49), (12,49), (11,49), (-1,-1), (-1,-1)]
Turtle 2 :[(-2,-2), (22,28), (22,29), (22,30), (22,31), (23,31), (22,31), (21,31), (20,31)]
Turtle 3 :[(-3,-3), (42,11), (41,11), (41,10), (40,10), (39,10), (38,10), (-3,-3), (-3,-3)]
Turtle 4 :[(-4,-4), (39,25), (39,24), (38,24), (37,24), (36,24), (35,24), (-4,-4), (-4,-4)]
Turtle 5 :[(-5,-5), (20,32), (21,32), (21,31), (21,31), (21,30), (22,30), (23,30), (-5,-5)]

Shrinking Run 25
#Info# Executed steps before collision: 4, Found collision: true
Turtle 1 :[(-1,-1), (16,49), (15,49), (14,49), (13,49), (12,49), (11,49)]
Turtle 2 :[(-2,-2), (22,28), (22,29), (22,30), (22,31), (21,31), (20,31)]
Turtle 3 :[(-3,-3), (42,11), (41,11), (41,10), (40,10), (39,10), (38,10)]
Turtle 4 :[(-4,-4), (39,25), (38,25), (38,24), (37,24), (36,24), (35,24)]
Turtle 5 :[(-5,-5), (20,32), (21,32), (21,31), (22,31), (23,31), (23,30)]

Shrinking Run 26
#Info# Executed steps before collision: 6, Found collision: false
Turtle 1 :[(-1,-1), (16,49), (15,49), (14,49), (13,49), (12,49), (11,49)]
Turtle 2 :[(-2,-2), (22,28), (22,29), (22,30), (22,31), (21,31), (20,31)]
Turtle 3 :[(-3,-3), (42,11), (41,11), (41,10), (40,10), (39,10), (38,10)]
Turtle 4 :[(-4,-4), (39,25), (38,25), (38,24), (37,24), (36,24), (35,24)]
Turtle 5 :[(-5,-5), (20,32), (19,32), (19,31), (18,31), (17,31), (17,30)]

Shrinking Run 27
#Info# Executed steps before collision: 6, Found collision: false
Turtle 1 :[(-1,-1), (16,49), (15,49), (14,49), (13,49), (12,49), (11,49)]
Turtle 2 :[(-2,-2), (22,28), (22,29), (22,30), (22,31), (21,31), (20,31)]
Turtle 3 :[(-3,-3), (42,11), (41,11), (41,10), (40,10), (39,10), (38,10)]
Turtle 4 :[(-4,-4), (39,25), (38,25), (38,24), (37,24), (36,24), (35,24)]
Turtle 5 :[(-5,-5), (20,32), (19,32), (19,31), (18,31), (18,30), (18,29)]

Shrinking Run 28
#Info# Executed steps before collision: 6, Found collision: false
Turtle 1 :[(-1,-1), (16,49), (15,49), (14,49), (13,49), (12,49), (11,49)]
Turtle 2 :[(-2,-2), (22,28), (22,29), (22,30), (22,31), (21,31), (20,31)]
Turtle 3 :[(-3,-3), (42,11), (41,11), (41,10), (40,10), (39,10), (38,10)]
Turtle 4 :[(-4,-4), (39,25), (38,25), (38,24), (37,24), (36,24), (35,24)]
Turtle 5 :[(-5,-5), (20,32), (20,31), (20,30), (20,29), (21,29), (21,28)]

Shrinking Run 29
#Info# Executed steps before collision: 4, Found collision: true
Turtle 1 :[(-1,-1), (16,49), (15,49), (14,49), (13,49), (12,49), (11,49)]
Turtle 2 :[(-2,-2), (22,28), (22,29), (22,30), (22,31), (21,31), (20,31)]
Turtle 3 :[(-3,-3), (42,11), (41,11), (41,10), (40,10), (39,10), (38,10)]
Turtle 4 :[(-4,-4), (39,25), (38,25), (38,24), (37,24), (36,24), (35,24)]
Turtle 5 :[(-5,-5), (20,32), (21,32), (21,31), (22,31), (22,30), (22,29)]

Shrinking Run 30
#Info# Executed steps before collision: 6, Found collision: false
Turtle 1 :[(-1,-1), (16,49), (15,49), (14,49), (13,49), (12,49), (11,49)]
Turtle 2 :[(-2,-2), (22,28), (22,29), (22,30), (22,31), (21,31), (20,31)]
Turtle 3 :[(-3,-3), (42,11), (41,11), (41,10), (40,10), (39,10), (38,10)]
Turtle 4 :[(-4,-4), (39,25), (38,25), (38,24), (37,24), (36,24), (35,24)]
Turtle 5 :[(-5,-5), (20,32), (20,31), (20,30), (21,30), (22,30), (22,29)]

Shrinking Run 31
#Info# Executed steps before collision: 4, Found collision: true
Turtle 1 :[(-1,-1), (16,49), (15,49), (14,49), (13,49), (12,49), (11,49)]
Turtle 2 :[(-2,-2), (22,28), (22,29), (22,30), (22,31), (21,31), (20,31)]
Turtle 3 :[(-3,-3), (42,11), (41,11), (41,10), (40,10), (39,10), (38,10)]
Turtle 4 :[(-4,-4), (39,25), (38,25), (38,24), (37,24), (36,24), (35,24)]
Turtle 5 :[(-5,-5), (20,32), (20,31), (21,31), (22,31), (22,30), (22,29)]

Shrinking Run 32
#Info# Executed steps before collision: 6, Found collision: false
Turtle 1 :[(-1,-1), (16,49), (15,49), (14,49), (13,49), (12,49), (11,49)]
Turtle 2 :[(-2,-2), (22,28), (22,29), (22,30), (22,31), (21,31), (20,31)]
Turtle 3 :[(-3,-3), (42,11), (41,11), (41,10), (40,10), (39,10), (38,10)]
Turtle 4 :[(-4,-4), (39,25), (38,25), (38,24), (37,24), (36,24), (35,24)]
Turtle 5 :[(-5,-5), (20,32), (21,32), (22,32), (23,32), (23,31), (23,30)]

Shrinking Run 33
#Info# Executed steps before collision: 4, Found collision: true
Turtle 1 :[(-1,-1), (16,49), (15,49), (14,49), (13,49), (12,49), (11,49)]
Turtle 2 :[(-2,-2), (22,28), (22,29), (22,30), (22,31), (21,31), (20,31)]
Turtle 3 :[(-3,-3), (42,11), (41,11), (41,10), (40,10), (39,10), (38,10)]
Turtle 4 :[(-4,-4), (39,25), (38,25), (38,24), (37,24), (36,24), (35,24)]
Turtle 5 :[(-5,-5), (20,32), (20,31), (21,31), (22,31), (23,31), (23,30)]

Shrinking Run 34
#Info# Executed steps before collision: 4, Found collision: true
Turtle 1 :[(-1,-1), (16,49), (15,49), (14,49), (13,49), (12,49), (11,49)]
Turtle 2 :[(-2,-2), (22,28), (22,29), (22,30), (22,31), (21,31), (20,31)]
Turtle 3 :[(-3,-3), (42,11), (41,11), (41,10), (40,10), (39,10), (38,10)]
Turtle 4 :[(-4,-4), (39,25), (38,25), (38,24), (37,24), (36,24), (35,24)]
Turtle 5 :[(-5,-5), (20,32), (21,32), (22,32), (22,31), (23,31), (23,30)]

Shrinking Run 35
#Info# Executed steps before collision: 6, Found collision: false
Turtle 1 :[(-1,-1), (16,49), (15,49), (14,49), (13,49), (12,49), (11,49)]
Turtle 2 :[(-2,-2), (22,28), (21,28), (20,28), (20,29), (19,29), (19,30)]
Turtle 3 :[(-3,-3), (42,11), (41,11), (41,10), (40,10), (39,10), (38,10)]
Turtle 4 :[(-4,-4), (39,25), (38,25), (38,24), (37,24), (36,24), (35,24)]
Turtle 5 :[(-5,-5), (20,32), (21,32), (22,32), (22,31), (23,31), (23,30)]

Shrinking Run 36
#Info# Executed steps before collision: 6, Found collision: false
Turtle 1 :[(-1,-1), (16,49), (15,49), (14,49), (13,49), (12,49), (11,49)]
Turtle 2 :[(-2,-2), (22,28), (22,29), (21,29), (21,30), (20,30), (20,31)]
Turtle 3 :[(-3,-3), (42,11), (41,11), (41,10), (40,10), (39,10), (38,10)]
Turtle 4 :[(-4,-4), (39,25), (38,25), (38,24), (37,24), (36,24), (35,24)]
Turtle 5 :[(-5,-5), (20,32), (21,32), (22,32), (22,31), (23,31), (23,30)]

Shrinking Run 37
#Info# Executed steps before collision: 6, Found collision: false
Turtle 1 :[(-1,-1), (16,49), (15,49), (14,49), (13,49), (12,49), (11,49)]
Turtle 2 :[(-2,-2), (22,28), (22,27), (22,26), (22,25), (21,25), (21,24)]
Turtle 3 :[(-3,-3), (42,11), (41,11), (41,10), (40,10), (39,10), (38,10)]
Turtle 4 :[(-4,-4), (39,25), (38,25), (38,24), (37,24), (36,24), (35,24)]
Turtle 5 :[(-5,-5), (20,32), (21,32), (22,32), (22,31), (23,31), (23,30)]

Shrinking Run 38
#Info# Executed steps before collision: 6, Found collision: false
Turtle 1 :[(-1,-1), (16,49), (15,49), (14,49), (13,49), (12,49), (11,49)]
Turtle 2 :[(-2,-2), (22,28), (22,27), (22,26), (22,25), (21,25), (20,25)]
Turtle 3 :[(-3,-3), (42,11), (41,11), (41,10), (40,10), (39,10), (38,10)]
Turtle 4 :[(-4,-4), (39,25), (38,25), (38,24), (37,24), (36,24), (35,24)]
Turtle 5 :[(-5,-5), (20,32), (21,32), (22,32), (22,31), (23,31), (23,30)]

Shrinking Run 39
#Info# Executed steps before collision: 6, Found collision: false
Turtle 1 :[(-1,-1), (16,49), (15,49), (14,49), (13,49), (12,49), (11,49)]
Turtle 2 :[(-2,-2), (22,28), (22,29), (21,29), (20,29), (-2,-2), (-2,-2)]
Turtle 3 :[(-3,-3), (42,11), (41,11), (41,10), (40,10), (39,10), (38,10)]
Turtle 4 :[(-4,-4), (39,25), (38,25), (38,24), (37,24), (36,24), (35,24)]
Turtle 5 :[(-5,-5), (20,32), (21,32), (22,32), (22,31), (23,31), (23,30)]

Shrinking Run 40
#Info# Executed steps before collision: 6, Found collision: false
Turtle 1 :[(-1,-1), (16,49), (15,49), (14,49), (13,49), (12,49), (11,49)]
Turtle 2 :[(-2,-2), (22,28), (21,28), (20,28), (20,29), (20,30), (-2,-2)]
Turtle 3 :[(-3,-3), (42,11), (41,11), (41,10), (40,10), (39,10), (38,10)]
Turtle 4 :[(-4,-4), (39,25), (38,25), (38,24), (37,24), (36,24), (35,24)]
Turtle 5 :[(-5,-5), (20,32), (21,32), (22,32), (22,31), (23,31), (23,30)]

Shrinking Run 41
#Info# Executed steps before collision: 6, Found collision: false
Turtle 1 :[(-1,-1), (16,49), (15,49), (14,49), (13,49), (12,49), (11,49)]
Turtle 2 :[(-2,-2), (22,28), (22,29), (22,30), (21,30), (20,30), (20,31)]
Turtle 3 :[(-3,-3), (42,11), (41,11), (41,10), (40,10), (39,10), (38,10)]
Turtle 4 :[(-4,-4), (39,25), (38,25), (38,24), (37,24), (36,24), (35,24)]
Turtle 5 :[(-5,-5), (20,32), (21,32), (22,32), (22,31), (22,30), (23,30)]

Shrinking Run 42
#Info# Executed steps before collision: 6, Found collision: false
Turtle 1 :[(-1,-1), (16,49), (15,49), (14,49), (13,49), (12,49), (11,49)]
Turtle 2 :[(-2,-2), (22,28), (21,28), (21,29), (21,30), (20,30), (20,31)]
Turtle 3 :[(-3,-3), (42,11), (41,11), (41,10), (40,10), (39,10), (38,10)]
Turtle 4 :[(-4,-4), (39,25), (38,25), (38,24), (37,24), (36,24), (35,24)]
Turtle 5 :[(-5,-5), (20,32), (21,32), (22,32), (22,31), (23,31), (23,30)]

Shrinking Run 43
#Info# Executed steps before collision: 6, Found collision: false
Turtle 1 :[(-1,-1), (16,49), (15,49), (14,49), (13,49), (12,49), (11,49)]
Turtle 2 :[(-2,-2), (22,28), (22,29), (21,29), (21,30), (21,31), (20,31)]
Turtle 3 :[(-3,-3), (42,11), (41,11), (41,10), (40,10), (39,10), (38,10)]
Turtle 4 :[(-4,-4), (39,25), (38,25), (38,24), (37,24), (36,24), (35,24)]
Turtle 5 :[(-5,-5), (20,32), (21,32), (22,32), (22,31), (23,31), (23,30)]

Shrinking Run 44
#Info# Executed steps before collision: 6, Found collision: false
Turtle 1 :[(-1,-1), (16,49), (15,49), (14,49), (13,49), (12,49), (11,49)]
Turtle 2 :[(-2,-2), (22,28), (21,28), (21,29), (21,30), (21,31), (20,31)]
Turtle 3 :[(-3,-3), (42,11), (41,11), (41,10), (40,10), (39,10), (38,10)]
Turtle 4 :[(-4,-4), (39,25), (38,25), (38,24), (37,24), (36,24), (35,24)]
Turtle 5 :[(-5,-5), (20,32), (21,32), (22,32), (22,31), (23,31), (23,30)]

Shrinking Run 45
#Info# Executed steps before collision: 4, Found collision: true
Turtle 1 :[(-1,-1), (16,49), (15,49), (14,49), (13,49), (12,49), (11,49)]
Turtle 2 :[(-2,-2), (22,28), (22,29), (22,30), (22,31), (21,31), (20,31)]
Turtle 3 :[(-3,-3), (42,11), (42,10), (41,10), (40,10), (39,10), (39,9)]
Turtle 4 :[(-4,-4), (39,25), (38,25), (38,24), (37,24), (36,24), (35,24)]
Turtle 5 :[(-5,-5), (20,32), (21,32), (22,32), (22,31), (23,31), (23,30)]

Shrinking Run 46
#Info# Executed steps before collision: 4, Found collision: true
Turtle 1 :[(-1,-1), (16,49), (15,49), (14,49), (13,49), (12,49), (11,49)]
Turtle 2 :[(-2,-2), (22,28), (22,29), (22,30), (22,31), (21,31), (20,31)]
Turtle 3 :[(-3,-3), (42,11), (42,10), (41,10), (40,10), (40,9), (40,8)]
Turtle 4 :[(-4,-4), (39,25), (38,25), (38,24), (37,24), (36,24), (35,24)]
Turtle 5 :[(-5,-5), (20,32), (21,32), (22,32), (22,31), (23,31), (23,30)]

Shrinking Run 47
#Info# Executed steps before collision: 4, Found collision: true
Turtle 1 :[(-1,-1), (16,49), (15,49), (14,49), (13,49), (12,49), (11,49)]
Turtle 2 :[(-2,-2), (22,28), (22,29), (22,30), (22,31), (21,31), (20,31)]
Turtle 3 :[(-3,-3), (42,11), (41,11), (40,11), (39,11), (38,11), (38,10)]
Turtle 4 :[(-4,-4), (39,25), (38,25), (38,24), (37,24), (36,24), (35,24)]
Turtle 5 :[(-5,-5), (20,32), (21,32), (22,32), (22,31), (23,31), (23,30)]

Shrinking Run 48
#Info# Executed steps before collision: 4, Found collision: true
Turtle 1 :[(-1,-1), (16,49), (15,49), (14,49), (13,49), (12,49), (11,49)]
Turtle 2 :[(-2,-2), (22,28), (22,29), (22,30), (22,31), (21,31), (20,31)]
Turtle 3 :[(-3,-3), (42,11), (41,11), (40,11), (39,11), (38,11), (37,11)]
Turtle 4 :[(-4,-4), (39,25), (38,25), (38,24), (37,24), (36,24), (35,24)]
Turtle 5 :[(-5,-5), (20,32), (21,32), (22,32), (22,31), (23,31), (23,30)]

Shrinking Run 49
#Info# Executed steps before collision: 4, Found collision: true
Turtle 1 :[(-1,-1), (16,49), (15,49), (14,49), (13,49), (12,49), (11,49)]
Turtle 2 :[(-2,-2), (22,28), (22,29), (22,30), (22,31), (21,31), (20,31)]
Turtle 3 :[(-3,-3), (42,11), (41,11), (40,11), (39,11), (38,11), (37,11)]
Turtle 4 :[(-4,-4), (39,25), (39,24), (38,24), (37,24), (36,24), (35,24)]
Turtle 5 :[(-5,-5), (20,32), (21,32), (22,32), (22,31), (23,31), (23,30)]

Shrinking Run 50
#Info# Executed steps before collision: 4, Found collision: true
Turtle 1 :[(-1,-1), (16,49), (15,49), (14,49), (13,49), (12,49), (11,49)]
Turtle 2 :[(-2,-2), (22,28), (22,29), (22,30), (22,31), (21,31), (20,31)]
Turtle 3 :[(-3,-3), (42,11), (41,11), (40,11), (39,11), (38,11), (37,11)]
Turtle 4 :[(-4,-4), (39,25), (38,25), (37,25), (36,25), (35,25), (34,25)]
Turtle 5 :[(-5,-5), (20,32), (21,32), (22,32), (22,31), (23,31), (23,30)]

Shrinking Run 51
#Info# Executed steps before collision: 6, Found collision: false
Turtle 1 :[(-1,-1), (16,49), (15,49), (14,49), (13,49), (12,49), (11,49)]
Turtle 2 :[(-2,-2), (22,28), (22,29), (22,30), (22,31), (21,31), (20,31)]
Turtle 3 :[(-3,-3), (42,11), (41,11), (40,11), (39,11), (38,11), (37,11)]
Turtle 4 :[(-4,-4), (39,25), (38,25), (37,25), (36,25), (35,25), (34,25)]
Turtle 5 :[(-5,-5), (20,32), (19,32), (19,31), (18,31), (17,31), (17,30)]

Shrinking Run 52
#Info# Executed steps before collision: 6, Found collision: false
Turtle 1 :[(-1,-1), (16,49), (15,49), (14,49), (13,49), (12,49), (11,49)]
Turtle 2 :[(-2,-2), (22,28), (22,29), (22,30), (22,31), (21,31), (20,31)]
Turtle 3 :[(-3,-3), (42,11), (41,11), (40,11), (39,11), (38,11), (37,11)]
Turtle 4 :[(-4,-4), (39,25), (38,25), (37,25), (36,25), (35,25), (34,25)]
Turtle 5 :[(-5,-5), (20,32), (19,32), (19,31), (18,31), (18,30), (18,29)]

Shrinking Run 53
#Info# Executed steps before collision: 6, Found collision: false
Turtle 1 :[(-1,-1), (16,49), (15,49), (14,49), (13,49), (12,49), (11,49)]
Turtle 2 :[(-2,-2), (22,28), (22,29), (22,30), (22,31), (21,31), (20,31)]
Turtle 3 :[(-3,-3), (42,11), (41,11), (40,11), (39,11), (38,11), (37,11)]
Turtle 4 :[(-4,-4), (39,25), (38,25), (37,25), (36,25), (35,25), (34,25)]
Turtle 5 :[(-5,-5), (20,32), (20,31), (20,30), (20,29), (21,29), (21,28)]

Shrinking Run 54
#Info# Executed steps before collision: 6, Found collision: false
Turtle 1 :[(-1,-1), (16,49), (15,49), (14,49), (13,49), (12,49), (11,49)]
Turtle 2 :[(-2,-2), (22,28), (22,29), (22,30), (22,31), (21,31), (20,31)]
Turtle 3 :[(-3,-3), (42,11), (41,11), (40,11), (39,11), (38,11), (37,11)]
Turtle 4 :[(-4,-4), (39,25), (38,25), (37,25), (36,25), (35,25), (34,25)]
Turtle 5 :[(-5,-5), (20,32), (20,31), (20,30), (21,30), (22,30), (22,29)]

Shrinking Run 55
#Info# Executed steps before collision: 6, Found collision: false
Turtle 1 :[(-1,-1), (16,49), (15,49), (14,49), (13,49), (12,49), (11,49)]
Turtle 2 :[(-2,-2), (22,28), (22,29), (22,30), (22,31), (21,31), (20,31)]
Turtle 3 :[(-3,-3), (42,11), (41,11), (40,11), (39,11), (38,11), (37,11)]
Turtle 4 :[(-4,-4), (39,25), (38,25), (37,25), (36,25), (35,25), (34,25)]
Turtle 5 :[(-5,-5), (20,32), (21,32), (22,32), (23,32), (23,31), (23,30)]

Shrinking Run 56
#Info# Executed steps before collision: 6, Found collision: false
Turtle 1 :[(-1,-1), (16,49), (15,49), (14,49), (13,49), (12,49), (11,49)]
Turtle 2 :[(-2,-2), (22,28), (21,28), (20,28), (20,29), (19,29), (19,30)]
Turtle 3 :[(-3,-3), (42,11), (41,11), (40,11), (39,11), (38,11), (37,11)]
Turtle 4 :[(-4,-4), (39,25), (38,25), (37,25), (36,25), (35,25), (34,25)]
Turtle 5 :[(-5,-5), (20,32), (21,32), (22,32), (22,31), (23,31), (23,30)]

Shrinking Run 57
#Info# Executed steps before collision: 6, Found collision: false
Turtle 1 :[(-1,-1), (16,49), (15,49), (14,49), (13,49), (12,49), (11,49)]
Turtle 2 :[(-2,-2), (22,28), (22,29), (21,29), (21,30), (20,30), (20,31)]
Turtle 3 :[(-3,-3), (42,11), (41,11), (40,11), (39,11), (38,11), (37,11)]
Turtle 4 :[(-4,-4), (39,25), (38,25), (37,25), (36,25), (35,25), (34,25)]
Turtle 5 :[(-5,-5), (20,32), (21,32), (22,32), (22,31), (23,31), (23,30)]

Shrinking Run 58
#Info# Executed steps before collision: 6, Found collision: false
Turtle 1 :[(-1,-1), (16,49), (15,49), (14,49), (13,49), (12,49), (11,49)]
Turtle 2 :[(-2,-2), (22,28), (22,27), (22,26), (22,25), (21,25), (21,24)]
Turtle 3 :[(-3,-3), (42,11), (41,11), (40,11), (39,11), (38,11), (37,11)]
Turtle 4 :[(-4,-4), (39,25), (38,25), (37,25), (36,25), (35,25), (34,25)]
Turtle 5 :[(-5,-5), (20,32), (21,32), (22,32), (22,31), (23,31), (23,30)]

Shrinking Run 59
#Info# Executed steps before collision: 6, Found collision: false
Turtle 1 :[(-1,-1), (16,49), (15,49), (14,49), (13,49), (12,49), (11,49)]
Turtle 2 :[(-2,-2), (22,28), (22,27), (22,26), (22,25), (21,25), (20,25)]
Turtle 3 :[(-3,-3), (42,11), (41,11), (40,11), (39,11), (38,11), (37,11)]
Turtle 4 :[(-4,-4), (39,25), (38,25), (37,25), (36,25), (35,25), (34,25)]
Turtle 5 :[(-5,-5), (20,32), (21,32), (22,32), (22,31), (23,31), (23,30)]

Shrinking Run 60
#Info# Executed steps before collision: 6, Found collision: false
Turtle 1 :[(-1,-1), (16,49), (15,49), (14,49), (13,49), (12,49), (11,49)]
Turtle 2 :[(-2,-2), (22,28), (22,29), (21,29), (20,29), (-2,-2), (-2,-2)]
Turtle 3 :[(-3,-3), (42,11), (41,11), (40,11), (39,11), (38,11), (37,11)]
Turtle 4 :[(-4,-4), (39,25), (38,25), (37,25), (36,25), (35,25), (34,25)]
Turtle 5 :[(-5,-5), (20,32), (21,32), (22,32), (22,31), (23,31), (23,30)]

Shrinking Run 61
#Info# Executed steps before collision: 6, Found collision: false
Turtle 1 :[(-1,-1), (16,49), (15,49), (14,49), (13,49), (12,49), (11,49)]
Turtle 2 :[(-2,-2), (22,28), (21,28), (20,28), (20,29), (20,30), (-2,-2)]
Turtle 3 :[(-3,-3), (42,11), (41,11), (40,11), (39,11), (38,11), (37,11)]
Turtle 4 :[(-4,-4), (39,25), (38,25), (37,25), (36,25), (35,25), (34,25)]
Turtle 5 :[(-5,-5), (20,32), (21,32), (22,32), (22,31), (23,31), (23,30)]

Shrinking Run 62
#Info# Executed steps before collision: 6, Found collision: false
Turtle 1 :[(-1,-1), (16,49), (15,49), (14,49), (13,49), (12,49), (11,49)]
Turtle 2 :[(-2,-2), (22,28), (22,29), (22,30), (21,30), (20,30), (20,31)]
Turtle 3 :[(-3,-3), (42,11), (41,11), (40,11), (39,11), (38,11), (37,11)]
Turtle 4 :[(-4,-4), (39,25), (38,25), (37,25), (36,25), (35,25), (34,25)]
Turtle 5 :[(-5,-5), (20,32), (21,32), (22,32), (22,31), (23,31), (23,30)]

Shrinking Run 63
#Info# Executed steps before collision: 6, Found collision: false
Turtle 1 :[(-1,-1), (16,49), (15,49), (14,49), (13,49), (12,49), (11,49)]
Turtle 2 :[(-2,-2), (22,28), (21,28), (21,29), (21,30), (20,30), (20,31)]
Turtle 3 :[(-3,-3), (42,11), (41,11), (40,11), (39,11), (38,11), (37,11)]
Turtle 4 :[(-4,-4), (39,25), (38,25), (37,25), (36,25), (35,25), (34,25)]
Turtle 5 :[(-5,-5), (20,32), (21,32), (22,32), (22,31), (23,31), (23,30)]

Shrinking Run 64
#Info# Executed steps before collision: 6, Found collision: false
Turtle 1 :[(-1,-1), (16,49), (15,49), (14,49), (13,49), (12,49), (11,49)]
Turtle 2 :[(-2,-2), (22,28), (22,29), (21,29), (21,30), (21,31), (20,31)]
Turtle 3 :[(-3,-3), (42,11), (41,11), (40,11), (39,11), (38,11), (37,11)]
Turtle 4 :[(-4,-4), (39,25), (38,25), (37,25), (36,25), (35,25), (34,25)]
Turtle 5 :[(-5,-5), (20,32), (21,32), (22,32), (22,31), (23,31), (23,30)]

Shrink Run 65
#Info# Executed steps before collision: 6, Found collision: false
Turtle 1 :[(-1,-1), (16,49), (15,49), (14,49), (13,49), (12,49), (11,49)]
Turtle 2 :[(-2,-2), (22,28), (21,28), (21,29), (21,30), (21,31), (20,31)]
Turtle 3 :[(-3,-3), (42,11), (41,11), (40,11), (39,11), (38,11), (37,11)]
Turtle 4 :[(-4,-4), (39,25), (38,25), (37,25), (36,25), (35,25), (34,25)]
Turtle 5 :[(-5,-5), (20,32), (21,32), (22,32), (22,31), (23,31), (23,30)]

