Detection Run 1
#Info# Executed steps before collision: 8, Found collision: false
Turtle 1 :[(-1,-1), (0,13), (0,12), (1,12), (2,12), (3,12), (3,11), (-1,-1), (-1,-1)]
Turtle 2 :[(-2,-2), (12,15), (12,16), (12,17), (13,17), (14,17), (14,18), (-2,-2), (-2,-2)]
Turtle 3 :[(-3,-3), (-3,-3), (-3,-3), (0,13), (0,13), (0,14), (0,15), (1,15), (1,16)]
Turtle 4 :[(-4,-4), (7,19), (7,19), (8,19), (7,19), (6,19), (-4,-4), (-4,-4), (-4,-4)]
Turtle 5 :[(-5,-5), (2,2), (2,1), (2,0), (3,0), (4,0), (5,0), (-5,-5), (-5,-5)]

Fault Detection Run 2
#Info# Executed steps before collision: 6, Found collision: true
Turtle 1 :[(-1,-1), (6,16), (6,15), (5,15), (4,15), (4,14), (4,13), (-1,-1), (-1,-1), (-1,-1), (-1,-1)]
Turtle 2 :[(-2,-2), (0,0), (0,1), (1,1), (2,1), (3,1), (3,2), (-2,-2), (-2,-2), (-2,-2), (-2,-2)]
Turtle 3 :[(-3,-3), (9,17), (10,17), (11,17), (11,18), (11,19), (12,19), (-3,-3), (-3,-3), (-3,-3), (-3,-3)]
Turtle 4 :[(-4,-4), (4,2), (3,2), (2,2), (3,2), (3,3), (3,2), (3,3), (3,2), (3,1), (3,0)]
Turtle 5 :[(-5,-5), (6,7), (5,7), (5,8), (4,8), (4,9), (-5,-5), (-5,-5), (-5,-5), (-5,-5), (-5,-5)]

