Detection Run 1
#Info# Executed steps before collision: 6, Found collision: false
Turtle 1 :[(-1,-1), (0,41), (1,41), (1,42), (2,42), (3,42), (3,43)]
Turtle 2 :[(-2,-2), (42,17), (42,16), (43,16), (43,15), (43,14), (44,14)]
Turtle 3 :[(-3,-3), (10,24), (11,24), (12,24), (13,24), (-3,-3), (-3,-3)]
Turtle 4 :[(-4,-4), (44,19), (44,20), (44,19), (45,19), (45,20), (-4,-4)]
Turtle 5 :[(-5,-5), (3,42), (2,42), (2,43), (2,44), (2,45), (2,46)]

Detection Run 2
#Info# Executed steps before collision: 10, Found collision: false
Turtle 1 :[(-1,-1), (3,46), (3,46), (3,45), (3,44), (3,43), (3,42), (2,42), (-1,-1), (-1,-1), (-1,-1)]
Turtle 2 :[(-2,-2), (25,42), (24,42), (23,42), (-2,-2), (-2,-2), (-2,-2), (-2,-2), (-2,-2), (-2,-2), (-2,-2)]
Turtle 3 :[(-3,-3), (30,35), (30,36), (30,36), (29,36), (29,36), (29,37), (29,38), (29,39), (-3,-3), (-3,-3)]
Turtle 4 :[(-4,-4), (18,32), (19,32), (20,32), (21,32), (22,32), (22,31), (-4,-4), (-4,-4), (-4,-4), (-4,-4)]
Turtle 5 :[(-5,-5), (-5,-5), (-5,-5), (25,42), (25,42), (25,43), (25,44), (25,44), (26,44), (26,45), (27,45)]

Fault Detection Run 3
#Info# Executed steps before collision: 4, Found collision: true
Turtle 1 :[(-1,-1), (12,10), (11,10), (11,9), (-1,-1), (-1,-1), (-1,-1), (-1,-1), (-1,-1), (-1,-1)]
Turtle 2 :[(-2,-2), (38,11), (38,11), (37,11), (37,11), (36,11), (35,11), (34,11), (33,11), (-2,-2)]
Turtle 3 :[(-3,-3), (7,23), (7,22), (7,22), (7,22), (7,23), (7,24), (-3,-3), (-3,-3), (-3,-3)]
Turtle 4 :[(-4,-4), (22,9), (21,9), (20,9), (20,8), (20,8), (20,8), (19,8), (-4,-4), (-4,-4)]
Turtle 5 :[(-5,-5), (20,8), (20,8), (20,8), (20,8), (21,8), (21,7), (22,7), (22,6), (23,6)]

