Detection Run 1
#Info# Executed steps before collision: 6, Found collision: false
Turtle 1 :[(-1,-1), (33,22), (33,23), (33,24), (32,24), (32,25), (32,26)]
Turtle 2 :[(-2,-2), (7,23), (7,22), (7,21), (7,20), (8,20), (9,20)]
Turtle 3 :[(-3,-3), (3,17), (3,18), (3,19), (3,20), (4,20), (4,21)]
Turtle 4 :[(-4,-4), (7,21), (8,21), (8,20), (8,19), (9,19), (9,18)]
Turtle 5 :[(-5,-5), (8,24), (8,25), (9,25), (10,25), (-5,-5), (-5,-5)]

Detection Run 2
#Info# Executed steps before collision: 7, Found collision: false
Turtle 1 :[(-1,-1), (15,35), (15,36), (15,37), (15,38), (15,38), (14,38), (14,39)]
Turtle 2 :[(-2,-2), (18,6), (19,6), (20,6), (20,5), (21,5), (-2,-2), (-2,-2)]
Turtle 3 :[(-3,-3), (17,35), (16,35), (15,35), (15,34), (14,34), (13,34), (-3,-3)]
Turtle 4 :[(-4,-4), (42,35), (42,34), (41,34), (40,34), (40,34), (39,34), (39,33)]
Turtle 5 :[(-5,-5), (11,41), (11,42), (11,43), (11,43), (11,43), (11,44), (-5,-5)]

Detection Run 3
#Info# Executed steps before collision: 10, Found collision: false
Turtle 1 :[(-1,-1), (21,35), (21,35), (20,35), (19,35), (18,35), (17,35), (17,34), (-1,-1), (-1,-1), (-1,-1)]
Turtle 2 :[(-2,-2), (20,16), (20,16), (20,16), (20,15), (20,14), (21,14), (21,14), (22,14), (22,14), (22,13)]
Turtle 3 :[(-3,-3), (11,31), (11,30), (10,30), (9,30), (9,29), (9,28), (-3,-3), (-3,-3), (-3,-3), (-3,-3)]
Turtle 4 :[(-4,-4), (25,35), (25,35), (25,35), (24,35), (23,35), (22,35), (22,35), (21,35), (20,35), (-4,-4)]
Turtle 5 :[(-5,-5), (4,46), (4,47), (4,48), (4,48), (4,49), (-5,-5), (-5,-5), (-5,-5), (-5,-5), (-5,-5)]

Fault Detection Run 4
#Info# Executed steps before collision: 5, Found collision: true
Turtle 1 :[(-1,-1), (1,15), (2,15), (2,14), (3,14), (4,14), (-1,-1), (-1,-1), (-1,-1), (-1,-1), (-1,-1)]
Turtle 2 :[(-2,-2), (28,15), (27,15), (27,14), (27,14), (27,14), (26,14), (25,14), (25,14), (24,14), (-2,-2)]
Turtle 3 :[(-3,-3), (5,15), (5,15), (5,15), (5,14), (4,14), (3,14), (-3,-3), (-3,-3), (-3,-3), (-3,-3)]
Turtle 4 :[(-4,-4), (21,14), (21,13), (21,13), (20,13), (19,13), (19,12), (18,12), (-4,-4), (-4,-4), (-4,-4)]
Turtle 5 :[(-5,-5), (21,26), (21,26), (21,26), (21,25), (20,25), (19,25), (19,25), (18,25), (18,25), (18,24)]

