Shrinking Run 1
#Info# Executed steps before collision: 11, Found collision: false
Turtle 1 :[(-1,-1), (37,16), (36,16), (36,16), (35,16), (35,16), (35,15), (35,15), (34,15), (34,15), (34,15), (33,15)]
Turtle 2 :[(-2,-2), (45,37), (45,37), (45,37), (44,37), (44,38), (44,38), (43,38), (42,38), (42,38), (42,38), (42,39)]
Turtle 3 :[(-3,-3), (37,28), (37,27), (37,27), (37,27), (37,26), (37,26), (37,25), (-3,-3), (-3,-3), (-3,-3), (-3,-3)]
Turtle 4 :[(-4,-4), (34,32), (34,33), (34,34), (33,34), (33,34), (33,35), (33,35), (33,35), (32,35), (-4,-4), (-4,-4)]
Turtle 5 :[(-5,-5), (45,35), (45,36), (45,35), (45,36), (45,37), (45,38), (45,39), (44,39), (-5,-5), (-5,-5), (-5,-5)]

Shrinking Run 2
#Info# Executed steps before collision: 11, Found collision: false
Turtle 1 :[(-1,-1), (37,16), (37,16), (37,16), (36,16), (36,16), (36,15), (36,15), (35,15), (35,15), (34,15), (-1,-1)]
Turtle 2 :[(-2,-2), (45,37), (45,37), (45,37), (44,37), (44,38), (44,38), (43,38), (42,38), (42,38), (42,38), (42,39)]
Turtle 3 :[(-3,-3), (37,28), (37,27), (37,27), (37,27), (37,26), (37,26), (37,25), (-3,-3), (-3,-3), (-3,-3), (-3,-3)]
Turtle 4 :[(-4,-4), (34,32), (34,33), (34,34), (33,34), (33,34), (33,35), (33,35), (33,35), (32,35), (-4,-4), (-4,-4)]
Turtle 5 :[(-5,-5), (45,35), (45,36), (45,35), (45,36), (45,37), (44,37), (45,37), (45,38), (45,39), (44,39), (-5,-5)]

Shrinking Run 3
#Info# Executed steps before collision: 11, Found collision: false
Turtle 1 :[(-1,-1), (37,16), (37,16), (37,16), (37,16), (37,16), (37,15), (38,15), (-1,-1), (-1,-1), (-1,-1), (-1,-1)]
Turtle 2 :[(-2,-2), (45,37), (45,37), (45,37), (44,37), (44,38), (44,38), (43,38), (42,38), (42,38), (42,38), (42,39)]
Turtle 3 :[(-3,-3), (37,28), (37,27), (37,27), (37,27), (37,26), (37,26), (37,25), (-3,-3), (-3,-3), (-3,-3), (-3,-3)]
Turtle 4 :[(-4,-4), (34,32), (34,33), (34,34), (33,34), (33,34), (33,35), (33,35), (33,35), (32,35), (-4,-4), (-4,-4)]
Turtle 5 :[(-5,-5), (45,35), (45,36), (45,35), (44,35), (44,36), (44,37), (44,38), (44,39), (-5,-5), (-5,-5), (-5,-5)]

Shrinking Run 4
#Info# Executed steps before collision: 11, Found collision: false
Turtle 1 :[(-1,-1), (37,16), (37,15), (37,15), (38,15), (38,15), (38,14), (38,14), (38,13), (38,13), (38,13), (39,13)]
Turtle 2 :[(-2,-2), (45,37), (45,37), (45,37), (44,37), (44,38), (44,38), (43,38), (42,38), (42,38), (42,38), (42,39)]
Turtle 3 :[(-3,-3), (37,28), (37,27), (37,27), (37,27), (37,26), (37,26), (37,25), (-3,-3), (-3,-3), (-3,-3), (-3,-3)]
Turtle 4 :[(-4,-4), (34,32), (34,33), (34,34), (33,34), (33,34), (33,35), (33,35), (33,35), (32,35), (-4,-4), (-4,-4)]
Turtle 5 :[(-5,-5), (45,35), (45,36), (46,36), (45,36), (45,37), (45,38), (44,38), (44,39), (-5,-5), (-5,-5), (-5,-5)]

Shrinking Run 5
#Info# Executed steps before collision: 11, Found collision: false
Turtle 1 :[(-1,-1), (37,16), (37,16), (37,16), (38,16), (38,16), (38,15), (38,15), (38,14), (38,14), (39,14), (-1,-1)]
Turtle 2 :[(-2,-2), (45,37), (45,37), (45,37), (44,37), (44,38), (44,38), (43,38), (42,38), (42,38), (42,38), (42,39)]
Turtle 3 :[(-3,-3), (37,28), (37,27), (37,27), (37,27), (37,26), (37,26), (37,25), (-3,-3), (-3,-3), (-3,-3), (-3,-3)]
Turtle 4 :[(-4,-4), (34,32), (34,33), (34,34), (33,34), (33,34), (33,35), (33,35), (33,35), (32,35), (-4,-4), (-4,-4)]
Turtle 5 :[(-5,-5), (45,35), (45,36), (45,36), (45,37), (45,38), (45,39), (44,39), (-5,-5), (-5,-5), (-5,-5), (-5,-5)]

Shrinking Run 6
#Info# Executed steps before collision: 11, Found collision: false
Turtle 1 :[(-1,-1), (37,16), (37,16), (37,16), (37,15), (37,15), (38,15), (38,15), (39,15), (-1,-1), (-1,-1), (-1,-1)]
Turtle 2 :[(-2,-2), (45,37), (45,37), (45,37), (44,37), (44,38), (44,38), (43,38), (42,38), (42,38), (42,38), (42,39)]
Turtle 3 :[(-3,-3), (37,28), (37,27), (37,27), (37,27), (37,26), (37,26), (37,25), (-3,-3), (-3,-3), (-3,-3), (-3,-3)]
Turtle 4 :[(-4,-4), (34,32), (34,33), (34,34), (33,34), (33,34), (33,35), (33,35), (33,35), (32,35), (-4,-4), (-4,-4)]
Turtle 5 :[(-5,-5), (45,35), (45,36), (45,35), (45,34), (45,35), (45,36), (44,36), (44,37), (44,38), (44,39), (-5,-5)]

Shrinking Run 7
#Info# Executed steps before collision: 11, Found collision: false
Turtle 1 :[(-1,-1), (37,16), (37,15), (38,15), (39,15), (-1,-1), (-1,-1), (-1,-1), (-1,-1), (-1,-1), (-1,-1), (-1,-1)]
Turtle 2 :[(-2,-2), (45,37), (45,37), (45,37), (44,37), (44,38), (44,38), (43,38), (42,38), (42,38), (42,38), (42,39)]
Turtle 3 :[(-3,-3), (37,28), (37,27), (37,27), (37,27), (37,26), (37,26), (37,25), (-3,-3), (-3,-3), (-3,-3), (-3,-3)]
Turtle 4 :[(-4,-4), (34,32), (34,33), (34,34), (33,34), (33,34), (33,35), (33,35), (33,35), (32,35), (-4,-4), (-4,-4)]
Turtle 5 :[(-5,-5), (45,35), (45,36), (45,36), (45,37), (45,38), (46,38), (46,39), (45,39), (44,39), (-5,-5), (-5,-5)]

Shrinking Run 8
#Info# Executed steps before collision: 11, Found collision: false
Turtle 1 :[(-1,-1), (37,16), (38,16), (38,16), (38,15), (39,15), (-1,-1), (-1,-1), (-1,-1), (-1,-1), (-1,-1), (-1,-1)]
Turtle 2 :[(-2,-2), (45,37), (45,37), (45,37), (44,37), (44,38), (44,38), (43,38), (42,38), (42,38), (42,38), (42,39)]
Turtle 3 :[(-3,-3), (37,28), (37,27), (37,27), (37,27), (37,26), (37,26), (37,25), (-3,-3), (-3,-3), (-3,-3), (-3,-3)]
Turtle 4 :[(-4,-4), (34,32), (34,33), (34,34), (33,34), (33,34), (33,35), (33,35), (33,35), (32,35), (-4,-4), (-4,-4)]
Turtle 5 :[(-5,-5), (45,35), (45,36), (45,35), (45,36), (45,37), (45,38), (45,39), (44,39), (-5,-5), (-5,-5), (-5,-5)]

Shrinking Run 9
#Info# Executed steps before collision: 11, Found collision: false
Turtle 1 :[(-1,-1), (37,16), (38,16), (38,16), (38,15), (38,15), (39,15), (-1,-1), (-1,-1), (-1,-1), (-1,-1), (-1,-1)]
Turtle 2 :[(-2,-2), (45,37), (45,37), (45,37), (44,37), (44,38), (44,38), (43,38), (42,38), (42,38), (42,38), (42,39)]
Turtle 3 :[(-3,-3), (37,28), (37,27), (37,27), (37,27), (37,26), (37,26), (37,25), (-3,-3), (-3,-3), (-3,-3), (-3,-3)]
Turtle 4 :[(-4,-4), (34,32), (34,33), (34,34), (33,34), (33,34), (33,35), (33,35), (33,35), (32,35), (-4,-4), (-4,-4)]
Turtle 5 :[(-5,-5), (45,35), (45,36), (46,36), (46,35), (46,36), (46,37), (45,37), (45,38), (45,39), (44,39), (-5,-5)]

Shrinking Run 10
#Info# Executed steps before collision: 11, Found collision: false
Turtle 1 :[(-1,-1), (37,16), (38,16), (38,16), (38,16), (38,16), (38,15), (39,15), (-1,-1), (-1,-1), (-1,-1), (-1,-1)]
Turtle 2 :[(-2,-2), (45,37), (45,37), (45,37), (44,37), (44,38), (44,38), (43,38), (42,38), (42,38), (42,38), (42,39)]
Turtle 3 :[(-3,-3), (37,28), (37,27), (37,27), (37,27), (37,26), (37,26), (37,25), (-3,-3), (-3,-3), (-3,-3), (-3,-3)]
Turtle 4 :[(-4,-4), (34,32), (34,33), (34,34), (33,34), (33,34), (33,35), (33,35), (33,35), (32,35), (-4,-4), (-4,-4)]
Turtle 5 :[(-5,-5), (45,35), (45,36), (45,35), (45,36), (44,36), (44,37), (44,38), (44,39), (-5,-5), (-5,-5), (-5,-5)]

Shrinking Run 11
#Info# Executed steps before collision: 4, Found collision: true
Turtle 1 :[(-1,-1), (37,16), (37,15), (37,15), (37,15), (37,15), (38,15), (38,15), (39,15), (-1,-1), (-1,-1), (-1,-1)]
Turtle 2 :[(-2,-2), (45,37), (45,37), (45,37), (44,37), (44,38), (44,38), (43,38), (42,38), (42,38), (42,38), (42,39)]
Turtle 3 :[(-3,-3), (37,28), (37,27), (37,27), (37,27), (37,26), (37,26), (37,25), (-3,-3), (-3,-3), (-3,-3), (-3,-3)]
Turtle 4 :[(-4,-4), (34,32), (34,33), (34,34), (33,34), (33,34), (33,35), (33,35), (33,35), (32,35), (-4,-4), (-4,-4)]
Turtle 5 :[(-5,-5), (45,35), (45,36), (44,36), (44,37), (45,37), (45,38), (45,38), (44,38), (44,39), (-5,-5), (-5,-5)]

Shrinking Run 12
#Info# Executed steps before collision: 11, Found collision: false
Turtle 1 :[(-1,-1), (37,16), (37,15), (38,15), (38,15), (38,15), (38,15), (38,15), (39,15), (-1,-1), (-1,-1), (-1,-1)]
Turtle 2 :[(-2,-2), (45,37), (45,37), (45,37), (44,37), (44,38), (44,38), (43,38), (42,38), (42,38), (42,38), (42,39)]
Turtle 3 :[(-3,-3), (37,28), (37,27), (37,27), (37,27), (37,26), (37,26), (37,25), (-3,-3), (-3,-3), (-3,-3), (-3,-3)]
Turtle 4 :[(-4,-4), (34,32), (34,33), (34,34), (33,34), (33,34), (33,35), (33,35), (33,35), (32,35), (-4,-4), (-4,-4)]
Turtle 5 :[(-5,-5), (45,35), (45,36), (45,36), (45,37), (46,37), (45,37), (45,38), (44,38), (44,39), (-5,-5), (-5,-5)]

Shrinking Run 13
#Info# Executed steps before collision: 11, Found collision: false
Turtle 1 :[(-1,-1), (37,16), (37,15), (37,15), (38,15), (38,15), (38,15), (38,15), (39,15), (-1,-1), (-1,-1), (-1,-1)]
Turtle 2 :[(-2,-2), (45,37), (45,37), (45,37), (44,37), (44,38), (44,38), (43,38), (42,38), (42,38), (42,38), (42,39)]
Turtle 3 :[(-3,-3), (37,28), (37,27), (37,27), (37,27), (37,26), (37,26), (37,25), (-3,-3), (-3,-3), (-3,-3), (-3,-3)]
Turtle 4 :[(-4,-4), (34,32), (34,33), (34,34), (33,34), (33,34), (33,35), (33,35), (33,35), (32,35), (-4,-4), (-4,-4)]
Turtle 5 :[(-5,-5), (45,35), (45,36), (45,35), (45,36), (45,37), (45,38), (44,38), (44,39), (-5,-5), (-5,-5), (-5,-5)]

Shrinking Run 14
#Info# Executed steps before collision: 11, Found collision: false
Turtle 1 :[(-1,-1), (37,16), (37,15), (37,15), (37,15), (38,15), (38,15), (38,15), (39,15), (-1,-1), (-1,-1), (-1,-1)]
Turtle 2 :[(-2,-2), (45,37), (45,37), (45,37), (44,37), (44,38), (44,38), (43,38), (42,38), (42,38), (42,38), (42,39)]
Turtle 3 :[(-3,-3), (37,28), (37,27), (37,27), (37,27), (37,26), (37,26), (37,25), (-3,-3), (-3,-3), (-3,-3), (-3,-3)]
Turtle 4 :[(-4,-4), (34,32), (34,33), (34,34), (33,34), (33,34), (33,35), (33,35), (33,35), (32,35), (-4,-4), (-4,-4)]
Turtle 5 :[(-5,-5), (45,35), (45,36), (45,35), (45,36), (45,37), (45,38), (45,39), (44,39), (-5,-5), (-5,-5), (-5,-5)]

Shrinking Run 15
#Info# Executed steps before collision: 11, Found collision: false
Turtle 1 :[(-1,-1), (37,16), (37,15), (37,15), (37,15), (37,15), (38,15), (38,15), (39,15), (-1,-1), (-1,-1), (-1,-1)]
Turtle 2 :[(-2,-2), (45,37), (45,37), (45,37), (44,37), (44,36), (44,36), (43,36), (42,36), (42,36), (42,36), (42,35)]
Turtle 3 :[(-3,-3), (37,28), (37,27), (37,27), (37,27), (37,26), (37,26), (37,25), (-3,-3), (-3,-3), (-3,-3), (-3,-3)]
Turtle 4 :[(-4,-4), (34,32), (34,33), (34,34), (33,34), (33,34), (33,35), (33,35), (33,35), (32,35), (-4,-4), (-4,-4)]
Turtle 5 :[(-5,-5), (45,35), (45,36), (45,36), (45,37), (45,38), (45,39), (44,39), (-5,-5), (-5,-5), (-5,-5), (-5,-5)]

Shrinking Run 16
#Info# Executed steps before collision: 4, Found collision: true
Turtle 1 :[(-1,-1), (37,16), (37,15), (37,15), (37,15), (37,15), (38,15), (38,15), (39,15), (-1,-1), (-1,-1), (-1,-1)]
Turtle 2 :[(-2,-2), (45,37), (45,37), (45,37), (44,37), (44,38), (44,38), (43,38), (42,38), (42,38), (42,38), (41,38)]
Turtle 3 :[(-3,-3), (37,28), (37,27), (37,27), (37,27), (37,26), (37,26), (37,25), (-3,-3), (-3,-3), (-3,-3), (-3,-3)]
Turtle 4 :[(-4,-4), (34,32), (34,33), (34,34), (33,34), (33,34), (33,35), (33,35), (33,35), (32,35), (-4,-4), (-4,-4)]
Turtle 5 :[(-5,-5), (45,35), (45,36), (44,36), (44,37), (44,37), (43,37), (44,37), (44,38), (44,39), (-5,-5), (-5,-5)]

Shrinking Run 17
#Info# Executed steps before collision: 11, Found collision: false
Turtle 1 :[(-1,-1), (37,16), (37,15), (37,15), (37,15), (37,15), (38,15), (38,15), (39,15), (-1,-1), (-1,-1), (-1,-1)]
Turtle 2 :[(-2,-2), (45,37), (45,37), (45,37), (44,37), (44,36), (44,36), (43,36), (42,36), (42,36), (42,36), (41,36)]
Turtle 3 :[(-3,-3), (37,28), (37,27), (37,27), (37,27), (37,26), (37,26), (37,25), (-3,-3), (-3,-3), (-3,-3), (-3,-3)]
Turtle 4 :[(-4,-4), (34,32), (34,33), (34,34), (33,34), (33,34), (33,35), (33,35), (33,35), (32,35), (-4,-4), (-4,-4)]
Turtle 5 :[(-5,-5), (45,35), (45,36), (46,36), (46,37), (45,37), (45,38), (45,39), (44,39), (-5,-5), (-5,-5), (-5,-5)]

Shrinking Run 18
#Info# Executed steps before collision: 11, Found collision: false
Turtle 1 :[(-1,-1), (37,16), (37,15), (37,15), (37,15), (37,15), (38,15), (38,15), (39,15), (-1,-1), (-1,-1), (-1,-1)]
Turtle 2 :[(-2,-2), (45,37), (45,37), (45,37), (44,37), (43,37), (43,37), (42,37), (41,37), (41,37), (41,37), (40,37)]
Turtle 3 :[(-3,-3), (37,28), (37,27), (37,27), (37,27), (37,26), (37,26), (37,25), (-3,-3), (-3,-3), (-3,-3), (-3,-3)]
Turtle 4 :[(-4,-4), (34,32), (34,33), (34,34), (33,34), (33,34), (33,35), (33,35), (33,35), (32,35), (-4,-4), (-4,-4)]
Turtle 5 :[(-5,-5), (45,35), (45,36), (45,35), (45,36), (45,37), (45,38), (44,38), (44,39), (-5,-5), (-5,-5), (-5,-5)]

Shrinking Run 19
#Info# Executed steps before collision: 11, Found collision: false
Turtle 1 :[(-1,-1), (37,16), (37,15), (37,15), (37,15), (37,15), (38,15), (38,15), (39,15), (-1,-1), (-1,-1), (-1,-1)]
Turtle 2 :[(-2,-2), (45,37), (45,37), (45,37), (44,37), (43,37), (43,37), (42,37), (41,37), (41,37), (41,37), (41,38)]
Turtle 3 :[(-3,-3), (37,28), (37,27), (37,27), (37,27), (37,26), (37,26), (37,25), (-3,-3), (-3,-3), (-3,-3), (-3,-3)]
Turtle 4 :[(-4,-4), (34,32), (34,33), (34,34), (33,34), (33,34), (33,35), (33,35), (33,35), (32,35), (-4,-4), (-4,-4)]
Turtle 5 :[(-5,-5), (45,35), (45,36), (45,35), (45,36), (44,36), (44,37), (44,38), (44,39), (-5,-5), (-5,-5), (-5,-5)]

Shrinking Run 20
#Info# Executed steps before collision: 9, Found collision: false
Turtle 1 :[(-1,-1), (37,16), (37,15), (37,15), (37,15), (37,15), (38,15), (38,15), (39,15), (-1,-1)]
Turtle 2 :[(-2,-2), (45,37), (45,38), (44,38), (43,38), (42,38), (41,38), (-2,-2), (-2,-2), (-2,-2)]
Turtle 3 :[(-3,-3), (37,28), (37,27), (37,27), (37,27), (37,26), (37,26), (37,25), (-3,-3), (-3,-3)]
Turtle 4 :[(-4,-4), (34,32), (34,33), (34,34), (33,34), (33,34), (33,35), (33,35), (33,35), (32,35)]
Turtle 5 :[(-5,-5), (45,35), (45,36), (45,37), (44,37), (44,38), (44,39), (-5,-5), (-5,-5), (-5,-5)]

Shrinking Run 21
#Info# Executed steps before collision: 9, Found collision: false
Turtle 1 :[(-1,-1), (37,16), (37,15), (37,15), (37,15), (37,15), (38,15), (38,15), (39,15), (-1,-1)]
Turtle 2 :[(-2,-2), (45,37), (45,37), (45,38), (44,38), (43,38), (42,38), (41,38), (-2,-2), (-2,-2)]
Turtle 3 :[(-3,-3), (37,28), (37,27), (37,27), (37,27), (37,26), (37,26), (37,25), (-3,-3), (-3,-3)]
Turtle 4 :[(-4,-4), (34,32), (34,33), (34,34), (33,34), (33,34), (33,35), (33,35), (33,35), (32,35)]
Turtle 5 :[(-5,-5), (45,35), (45,36), (45,37), (45,38), (45,37), (45,38), (44,38), (44,39), (-5,-5)]

Shrinking Run 22
#Info# Executed steps before collision: 9, Found collision: false
Turtle 1 :[(-1,-1), (37,16), (37,15), (37,15), (37,15), (37,15), (38,15), (38,15), (39,15), (-1,-1)]
Turtle 2 :[(-2,-2), (45,37), (45,37), (45,38), (44,38), (43,38), (43,38), (42,38), (41,38), (-2,-2)]
Turtle 3 :[(-3,-3), (37,28), (37,27), (37,27), (37,27), (37,26), (37,26), (37,25), (-3,-3), (-3,-3)]
Turtle 4 :[(-4,-4), (34,32), (34,33), (34,34), (33,34), (33,34), (33,35), (33,35), (33,35), (32,35)]
Turtle 5 :[(-5,-5), (45,35), (45,36), (45,37), (45,38), (45,38), (44,38), (44,39), (-5,-5), (-5,-5)]

Shrinking Run 23
#Info# Executed steps before collision: 10, Found collision: false
Turtle 1 :[(-1,-1), (37,16), (37,15), (37,15), (37,15), (37,15), (38,15), (38,15), (39,15), (-1,-1), (-1,-1)]
Turtle 2 :[(-2,-2), (45,37), (45,37), (45,37), (44,37), (44,38), (44,38), (43,38), (42,38), (42,38), (41,38)]
Turtle 3 :[(-3,-3), (37,28), (37,27), (37,27), (37,27), (37,26), (37,26), (37,25), (-3,-3), (-3,-3), (-3,-3)]
Turtle 4 :[(-4,-4), (34,32), (34,33), (34,34), (33,34), (33,34), (33,35), (33,35), (33,35), (32,35), (-4,-4)]
Turtle 5 :[(-5,-5), (45,35), (45,36), (45,36), (45,37), (45,37), (44,37), (43,37), (44,37), (44,38), (44,39)]

Shrinking Run 24
#Info# Executed steps before collision: 9, Found collision: false
Turtle 1 :[(-1,-1), (37,16), (37,15), (37,15), (37,15), (37,15), (38,15), (38,15), (39,15), (-1,-1)]
Turtle 2 :[(-2,-2), (45,37), (45,37), (45,37), (44,37), (43,37), (43,38), (42,38), (42,38), (41,38)]
Turtle 3 :[(-3,-3), (37,28), (37,27), (37,27), (37,27), (37,26), (37,26), (37,25), (-3,-3), (-3,-3)]
Turtle 4 :[(-4,-4), (34,32), (34,33), (34,34), (33,34), (33,34), (33,35), (33,35), (33,35), (32,35)]
Turtle 5 :[(-5,-5), (45,35), (45,36), (46,36), (46,37), (46,38), (45,38), (45,39), (44,39), (-5,-5)]

Shrinking Run 25
#Info# Executed steps before collision: 11, Found collision: false
Turtle 1 :[(-1,-1), (37,16), (37,15), (37,15), (37,15), (37,15), (38,15), (38,15), (39,15), (-1,-1), (-1,-1), (-1,-1)]
Turtle 2 :[(-2,-2), (45,37), (44,37), (44,37), (43,37), (43,37), (43,37), (43,38), (42,38), (42,38), (42,38), (41,38)]
Turtle 3 :[(-3,-3), (37,28), (37,27), (37,27), (37,27), (37,26), (37,26), (37,25), (-3,-3), (-3,-3), (-3,-3), (-3,-3)]
Turtle 4 :[(-4,-4), (34,32), (34,33), (34,34), (33,34), (33,34), (33,35), (33,35), (33,35), (32,35), (-4,-4), (-4,-4)]
Turtle 5 :[(-5,-5), (45,35), (45,36), (45,37), (44,37), (44,38), (44,39), (-5,-5), (-5,-5), (-5,-5), (-5,-5), (-5,-5)]

Shrinking Run 26
#Info# Executed steps before collision: 11, Found collision: false
Turtle 1 :[(-1,-1), (37,16), (37,15), (37,15), (37,15), (37,15), (38,15), (38,15), (39,15), (-1,-1), (-1,-1), (-1,-1)]
Turtle 2 :[(-2,-2), (45,37), (45,38), (45,38), (44,38), (44,38), (44,38), (43,38), (42,38), (42,38), (42,38), (41,38)]
Turtle 3 :[(-3,-3), (37,28), (37,27), (37,27), (37,27), (37,26), (37,26), (37,25), (-3,-3), (-3,-3), (-3,-3), (-3,-3)]
Turtle 4 :[(-4,-4), (34,32), (34,33), (34,34), (33,34), (33,34), (33,35), (33,35), (33,35), (32,35), (-4,-4), (-4,-4)]
Turtle 5 :[(-5,-5), (45,35), (45,36), (45,37), (44,37), (44,37), (44,36), (44,37), (44,38), (44,39), (-5,-5), (-5,-5)]

Shrinking Run 27
#Info# Executed steps before collision: 11, Found collision: false
Turtle 1 :[(-1,-1), (37,16), (37,15), (37,15), (37,15), (37,15), (38,15), (38,15), (39,15), (-1,-1), (-1,-1), (-1,-1)]
Turtle 2 :[(-2,-2), (45,37), (45,37), (44,37), (43,37), (43,37), (43,37), (43,38), (42,38), (42,38), (42,38), (41,38)]
Turtle 3 :[(-3,-3), (37,28), (37,27), (37,27), (37,27), (37,26), (37,26), (37,25), (-3,-3), (-3,-3), (-3,-3), (-3,-3)]
Turtle 4 :[(-4,-4), (34,32), (34,33), (34,34), (33,34), (33,34), (33,35), (33,35), (33,35), (32,35), (-4,-4), (-4,-4)]
Turtle 5 :[(-5,-5), (45,35), (45,36), (45,37), (45,38), (45,39), (44,39), (-5,-5), (-5,-5), (-5,-5), (-5,-5), (-5,-5)]

Shrinking Run 28
#Info# Executed steps before collision: 7, Found collision: true
Turtle 1 :[(-1,-1), (37,16), (37,15), (37,15), (37,15), (37,15), (38,15), (38,15), (39,15), (-1,-1), (-1,-1), (-1,-1)]
Turtle 2 :[(-2,-2), (45,37), (45,37), (45,38), (44,38), (44,38), (44,38), (43,38), (42,38), (42,38), (42,38), (41,38)]
Turtle 3 :[(-3,-3), (37,28), (37,27), (37,27), (37,27), (37,26), (37,26), (37,25), (-3,-3), (-3,-3), (-3,-3), (-3,-3)]
Turtle 4 :[(-4,-4), (34,32), (34,33), (34,34), (33,34), (33,34), (33,35), (33,35), (33,35), (32,35), (-4,-4), (-4,-4)]
Turtle 5 :[(-5,-5), (45,35), (45,36), (45,36), (45,37), (44,37), (43,37), (43,38), (44,38), (44,39), (-5,-5), (-5,-5)]

Shrinking Run 29
#Info# Executed steps before collision: 11, Found collision: false
Turtle 1 :[(-1,-1), (37,16), (37,15), (37,15), (37,15), (37,15), (38,15), (38,15), (39,15), (-1,-1), (-1,-1), (-1,-1)]
Turtle 2 :[(-2,-2), (45,37), (45,37), (45,38), (44,38), (43,38), (43,38), (43,38), (42,38), (42,38), (42,38), (41,38)]
Turtle 3 :[(-3,-3), (37,28), (37,27), (37,27), (37,27), (37,26), (37,26), (37,25), (-3,-3), (-3,-3), (-3,-3), (-3,-3)]
Turtle 4 :[(-4,-4), (34,32), (34,33), (34,34), (33,34), (33,34), (33,35), (33,35), (33,35), (32,35), (-4,-4), (-4,-4)]
Turtle 5 :[(-5,-5), (45,35), (45,36), (44,36), (45,36), (45,37), (45,38), (45,39), (44,39), (-5,-5), (-5,-5), (-5,-5)]

Shrinking Run 30
#Info# Executed steps before collision: 11, Found collision: false
Turtle 1 :[(-1,-1), (37,16), (37,15), (37,15), (37,15), (37,15), (38,15), (38,15), (39,15), (-1,-1), (-1,-1), (-1,-1)]
Turtle 2 :[(-2,-2), (45,37), (45,37), (45,38), (44,38), (44,38), (43,38), (43,38), (42,38), (42,38), (42,38), (41,38)]
Turtle 3 :[(-3,-3), (37,28), (37,27), (37,27), (37,27), (37,26), (37,26), (37,25), (-3,-3), (-3,-3), (-3,-3), (-3,-3)]
Turtle 4 :[(-4,-4), (34,32), (34,33), (34,34), (33,34), (33,34), (33,35), (33,35), (33,35), (32,35), (-4,-4), (-4,-4)]
Turtle 5 :[(-5,-5), (45,35), (45,36), (45,36), (45,36), (45,37), (44,37), (44,38), (44,39), (-5,-5), (-5,-5), (-5,-5)]

Shrinking Run 31
#Info# Executed steps before collision: 11, Found collision: false
Turtle 1 :[(-1,-1), (37,16), (37,15), (37,15), (37,15), (37,15), (38,15), (38,15), (39,15), (-1,-1), (-1,-1), (-1,-1)]
Turtle 2 :[(-2,-2), (45,37), (45,37), (45,38), (44,38), (44,38), (44,38), (43,38), (42,38), (42,38), (42,38), (41,38)]
Turtle 3 :[(-3,-3), (37,28), (37,27), (36,27), (35,27), (34,27), (33,27), (-3,-3), (-3,-3), (-3,-3), (-3,-3), (-3,-3)]
Turtle 4 :[(-4,-4), (34,32), (34,33), (34,34), (33,34), (33,34), (33,35), (33,35), (33,35), (32,35), (-4,-4), (-4,-4)]
Turtle 5 :[(-5,-5), (45,35), (45,36), (45,36), (45,37), (45,38), (45,39), (44,39), (-5,-5), (-5,-5), (-5,-5), (-5,-5)]

Shrinking Run 32
#Info# Executed steps before collision: 11, Found collision: false
Turtle 1 :[(-1,-1), (37,16), (37,15), (37,15), (37,15), (37,15), (38,15), (38,15), (39,15), (-1,-1), (-1,-1), (-1,-1)]
Turtle 2 :[(-2,-2), (45,37), (45,37), (45,38), (44,38), (44,38), (44,38), (43,38), (42,38), (42,38), (42,38), (41,38)]
Turtle 3 :[(-3,-3), (37,28), (37,27), (36,27), (35,27), (35,26), (34,26), (-3,-3), (-3,-3), (-3,-3), (-3,-3), (-3,-3)]
Turtle 4 :[(-4,-4), (34,32), (34,33), (34,34), (33,34), (33,34), (33,35), (33,35), (33,35), (32,35), (-4,-4), (-4,-4)]
Turtle 5 :[(-5,-5), (45,35), (45,36), (45,37), (44,37), (44,36), (44,37), (44,38), (44,39), (-5,-5), (-5,-5), (-5,-5)]

Shrinking Run 33
#Info# Executed steps before collision: 11, Found collision: false
Turtle 1 :[(-1,-1), (37,16), (37,15), (37,15), (37,15), (37,15), (38,15), (38,15), (39,15), (-1,-1), (-1,-1), (-1,-1)]
Turtle 2 :[(-2,-2), (45,37), (45,37), (45,38), (44,38), (44,38), (44,38), (43,38), (42,38), (42,38), (42,38), (41,38)]
Turtle 3 :[(-3,-3), (37,28), (37,27), (37,27), (36,27), (36,27), (36,26), (36,26), (36,25), (-3,-3), (-3,-3), (-3,-3)]
Turtle 4 :[(-4,-4), (34,32), (34,33), (34,34), (33,34), (33,34), (33,35), (33,35), (33,35), (32,35), (-4,-4), (-4,-4)]
Turtle 5 :[(-5,-5), (45,35), (45,36), (45,37), (45,37), (44,37), (44,36), (44,37), (44,38), (44,39), (-5,-5), (-5,-5)]

Shrinking Run 34
#Info# Executed steps before collision: 11, Found collision: false
Turtle 1 :[(-1,-1), (37,16), (37,15), (37,15), (37,15), (37,15), (38,15), (38,15), (39,15), (-1,-1), (-1,-1), (-1,-1)]
Turtle 2 :[(-2,-2), (45,37), (45,37), (45,38), (44,38), (44,38), (44,38), (43,38), (42,38), (42,38), (42,38), (41,38)]
Turtle 3 :[(-3,-3), (37,28), (37,27), (37,26), (37,25), (37,24), (37,23), (-3,-3), (-3,-3), (-3,-3), (-3,-3), (-3,-3)]
Turtle 4 :[(-4,-4), (34,32), (34,33), (34,34), (33,34), (33,34), (33,35), (33,35), (33,35), (32,35), (-4,-4), (-4,-4)]
Turtle 5 :[(-5,-5), (45,35), (45,36), (44,36), (44,37), (45,37), (45,38), (45,39), (44,39), (-5,-5), (-5,-5), (-5,-5)]

Shrinking Run 35
#Info# Executed steps before collision: 12, Found collision: false
Turtle 1 :[(-1,-1), (37,16), (37,15), (37,15), (37,15), (37,15), (38,15), (38,15), (39,15), (-1,-1), (-1,-1), (-1,-1), (-1,-1)]
Turtle 2 :[(-2,-2), (45,37), (45,37), (45,38), (44,38), (44,38), (44,38), (43,38), (42,38), (42,38), (42,38), (41,38), (-2,-2)]
Turtle 3 :[(-3,-3), (37,28), (37,27), (37,27), (37,26), (37,26), (37,25), (37,25), (37,24), (-3,-3), (-3,-3), (-3,-3), (-3,-3)]
Turtle 4 :[(-4,-4), (34,32), (34,33), (34,34), (33,34), (33,34), (33,35), (33,35), (33,35), (32,35), (-4,-4), (-4,-4), (-4,-4)]
Turtle 5 :[(-5,-5), (45,35), (45,36), (44,36), (44,37), (44,36), (44,37), (43,37), (43,36), (43,37), (43,38), (44,38), (44,39)]

Shrinking Run 36
#Info# Executed steps before collision: 11, Found collision: false
Turtle 1 :[(-1,-1), (37,16), (37,15), (37,15), (37,15), (37,15), (38,15), (38,15), (39,15), (-1,-1), (-1,-1), (-1,-1)]
Turtle 2 :[(-2,-2), (45,37), (45,37), (45,38), (44,38), (44,38), (44,38), (43,38), (42,38), (42,38), (42,38), (41,38)]
Turtle 3 :[(-3,-3), (37,28), (37,27), (37,26), (37,25), (-3,-3), (-3,-3), (-3,-3), (-3,-3), (-3,-3), (-3,-3), (-3,-3)]
Turtle 4 :[(-4,-4), (34,32), (34,33), (34,34), (33,34), (33,34), (33,35), (33,35), (33,35), (32,35), (-4,-4), (-4,-4)]
Turtle 5 :[(-5,-5), (45,35), (45,36), (46,36), (46,37), (46,38), (46,39), (45,39), (44,39), (-5,-5), (-5,-5), (-5,-5)]

Shrinking Run 37
#Info# Executed steps before collision: 11, Found collision: false
Turtle 1 :[(-1,-1), (37,16), (37,15), (37,15), (37,15), (37,15), (38,15), (38,15), (39,15), (-1,-1), (-1,-1), (-1,-1)]
Turtle 2 :[(-2,-2), (45,37), (45,37), (45,38), (44,38), (44,38), (44,38), (43,38), (42,38), (42,38), (42,38), (41,38)]
Turtle 3 :[(-3,-3), (37,28), (37,27), (37,27), (37,26), (37,25), (-3,-3), (-3,-3), (-3,-3), (-3,-3), (-3,-3), (-3,-3)]
Turtle 4 :[(-4,-4), (34,32), (34,33), (34,34), (33,34), (33,34), (33,35), (33,35), (33,35), (32,35), (-4,-4), (-4,-4)]
Turtle 5 :[(-5,-5), (45,35), (45,36), (45,35), (45,36), (45,37), (45,38), (44,38), (44,39), (-5,-5), (-5,-5), (-5,-5)]

Shrinking Run 38
#Info# Executed steps before collision: 11, Found collision: false
Turtle 1 :[(-1,-1), (37,16), (37,15), (37,15), (37,15), (37,15), (38,15), (38,15), (39,15), (-1,-1), (-1,-1), (-1,-1)]
Turtle 2 :[(-2,-2), (45,37), (45,37), (45,38), (44,38), (44,38), (44,38), (43,38), (42,38), (42,38), (42,38), (41,38)]
Turtle 3 :[(-3,-3), (37,28), (37,27), (37,27), (37,26), (37,26), (37,25), (-3,-3), (-3,-3), (-3,-3), (-3,-3), (-3,-3)]
Turtle 4 :[(-4,-4), (34,32), (34,33), (34,34), (33,34), (33,34), (33,35), (33,35), (33,35), (32,35), (-4,-4), (-4,-4)]
Turtle 5 :[(-5,-5), (45,35), (45,36), (45,37), (45,38), (45,39), (44,39), (-5,-5), (-5,-5), (-5,-5), (-5,-5), (-5,-5)]

Shrinking Run 39
#Info# Executed steps before collision: 11, Found collision: false
Turtle 1 :[(-1,-1), (37,16), (37,15), (37,15), (37,15), (37,15), (38,15), (38,15), (39,15), (-1,-1), (-1,-1), (-1,-1)]
Turtle 2 :[(-2,-2), (45,37), (45,37), (45,38), (44,38), (44,38), (44,38), (43,38), (42,38), (42,38), (42,38), (41,38)]
Turtle 3 :[(-3,-3), (37,28), (37,27), (37,26), (37,26), (37,26), (37,26), (37,25), (-3,-3), (-3,-3), (-3,-3), (-3,-3)]
Turtle 4 :[(-4,-4), (34,32), (34,33), (34,34), (33,34), (33,34), (33,35), (33,35), (33,35), (32,35), (-4,-4), (-4,-4)]
Turtle 5 :[(-5,-5), (45,35), (45,36), (46,36), (45,36), (45,37), (45,38), (44,38), (44,39), (-5,-5), (-5,-5), (-5,-5)]

Shrinking Run 40
#Info# Executed steps before collision: 11, Found collision: false
Turtle 1 :[(-1,-1), (37,16), (37,15), (37,15), (37,15), (37,15), (38,15), (38,15), (39,15), (-1,-1), (-1,-1), (-1,-1)]
Turtle 2 :[(-2,-2), (45,37), (45,37), (45,38), (44,38), (44,38), (44,38), (43,38), (42,38), (42,38), (42,38), (41,38)]
Turtle 3 :[(-3,-3), (37,28), (37,27), (37,27), (37,26), (37,26), (37,26), (37,25), (-3,-3), (-3,-3), (-3,-3), (-3,-3)]
Turtle 4 :[(-4,-4), (34,32), (34,33), (34,34), (33,34), (33,34), (33,35), (33,35), (33,35), (32,35), (-4,-4), (-4,-4)]
Turtle 5 :[(-5,-5), (45,35), (45,36), (45,35), (45,36), (44,36), (44,37), (44,38), (44,39), (-5,-5), (-5,-5), (-5,-5)]

Shrinking Run 41
#Info# Executed steps before collision: 7, Found collision: true
Turtle 1 :[(-1,-1), (37,16), (37,15), (37,15), (37,15), (37,15), (38,15), (38,15), (39,15), (-1,-1), (-1,-1), (-1,-1)]
Turtle 2 :[(-2,-2), (45,37), (45,37), (45,38), (44,38), (44,38), (44,38), (43,38), (42,38), (42,38), (42,38), (41,38)]
Turtle 3 :[(-3,-3), (37,28), (37,27), (37,27), (37,27), (37,26), (37,26), (37,25), (-3,-3), (-3,-3), (-3,-3), (-3,-3)]
Turtle 4 :[(-4,-4), (34,32), (34,33), (34,34), (33,34), (33,34), (32,34), (32,34), (32,34), (32,35), (-4,-4), (-4,-4)]
Turtle 5 :[(-5,-5), (45,35), (45,36), (45,36), (45,37), (44,37), (43,37), (43,38), (43,39), (44,39), (-5,-5), (-5,-5)]

Shrinking Run 42
#Info# Executed steps before collision: 11, Found collision: false
Turtle 1 :[(-1,-1), (37,16), (37,15), (37,15), (37,15), (37,15), (38,15), (38,15), (39,15), (-1,-1), (-1,-1), (-1,-1)]
Turtle 2 :[(-2,-2), (45,37), (45,37), (45,38), (44,38), (44,38), (44,38), (43,38), (42,38), (42,38), (42,38), (41,38)]
Turtle 3 :[(-3,-3), (37,28), (37,27), (37,27), (37,27), (37,26), (37,26), (37,25), (-3,-3), (-3,-3), (-3,-3), (-3,-3)]
Turtle 4 :[(-4,-4), (34,32), (34,31), (34,30), (33,30), (33,30), (32,30), (32,30), (32,30), (32,29), (-4,-4), (-4,-4)]
Turtle 5 :[(-5,-5), (45,35), (45,36), (44,36), (44,37), (44,36), (44,37), (44,38), (44,39), (-5,-5), (-5,-5), (-5,-5)]

Shrinking Run 43
#Info# Executed steps before collision: 11, Found collision: false
Turtle 1 :[(-1,-1), (37,16), (37,15), (37,15), (37,15), (37,15), (38,15), (38,15), (39,15), (-1,-1), (-1,-1), (-1,-1)]
Turtle 2 :[(-2,-2), (45,37), (45,37), (45,38), (44,38), (44,38), (44,38), (43,38), (42,38), (42,38), (42,38), (41,38)]
Turtle 3 :[(-3,-3), (37,28), (37,27), (37,27), (37,27), (37,26), (37,26), (37,25), (-3,-3), (-3,-3), (-3,-3), (-3,-3)]
Turtle 4 :[(-4,-4), (34,32), (33,32), (33,31), (32,31), (32,31), (31,31), (31,31), (31,31), (31,30), (-4,-4), (-4,-4)]
Turtle 5 :[(-5,-5), (45,35), (45,36), (45,35), (45,36), (44,36), (44,37), (44,38), (44,39), (-5,-5), (-5,-5), (-5,-5)]

Shrinking Run 44
#Info# Executed steps before collision: 11, Found collision: false
Turtle 1 :[(-1,-1), (37,16), (37,15), (37,15), (37,15), (37,15), (38,15), (38,15), (39,15), (-1,-1), (-1,-1), (-1,-1)]
Turtle 2 :[(-2,-2), (45,37), (45,37), (45,38), (44,38), (44,38), (44,38), (43,38), (42,38), (42,38), (42,38), (41,38)]
Turtle 3 :[(-3,-3), (37,28), (37,27), (37,27), (37,27), (37,26), (37,26), (37,25), (-3,-3), (-3,-3), (-3,-3), (-3,-3)]
Turtle 4 :[(-4,-4), (34,32), (33,32), (33,33), (32,33), (32,33), (31,33), (31,33), (31,33), (30,33), (-4,-4), (-4,-4)]
Turtle 5 :[(-5,-5), (45,35), (45,36), (45,36), (45,35), (45,36), (45,37), (45,38), (44,38), (44,39), (-5,-5), (-5,-5)]

Shrinking Run 45
#Info# Executed steps before collision: 11, Found collision: false
Turtle 1 :[(-1,-1), (37,16), (37,15), (37,15), (37,15), (37,15), (38,15), (38,15), (39,15), (-1,-1), (-1,-1), (-1,-1)]
Turtle 2 :[(-2,-2), (45,37), (45,37), (45,38), (44,38), (44,38), (44,38), (43,38), (42,38), (42,38), (42,38), (41,38)]
Turtle 3 :[(-3,-3), (37,28), (37,27), (37,27), (37,27), (37,26), (37,26), (37,25), (-3,-3), (-3,-3), (-3,-3), (-3,-3)]
Turtle 4 :[(-4,-4), (34,32), (33,32), (33,33), (32,33), (32,33), (31,33), (31,33), (31,33), (31,34), (-4,-4), (-4,-4)]
Turtle 5 :[(-5,-5), (45,35), (45,36), (45,35), (45,36), (45,37), (45,38), (44,38), (44,39), (-5,-5), (-5,-5), (-5,-5)]

Shrinking Run 46
#Info# Executed steps before collision: 11, Found collision: false
Turtle 1 :[(-1,-1), (37,16), (37,15), (37,15), (37,15), (37,15), (38,15), (38,15), (39,15), (-1,-1), (-1,-1), (-1,-1)]
Turtle 2 :[(-2,-2), (45,37), (45,37), (45,38), (44,38), (44,38), (44,38), (43,38), (42,38), (42,38), (42,38), (41,38)]
Turtle 3 :[(-3,-3), (37,28), (37,27), (37,27), (37,27), (37,26), (37,26), (37,25), (-3,-3), (-3,-3), (-3,-3), (-3,-3)]
Turtle 4 :[(-4,-4), (34,32), (34,33), (34,34), (33,34), (33,34), (32,34), (32,34), (32,34), (31,34), (-4,-4), (-4,-4)]
Turtle 5 :[(-5,-5), (45,35), (45,36), (45,37), (45,38), (45,39), (44,39), (-5,-5), (-5,-5), (-5,-5), (-5,-5), (-5,-5)]

Shrinking Run 47
#Info# Executed steps before collision: 11, Found collision: false
Turtle 1 :[(-1,-1), (37,16), (37,15), (37,15), (37,15), (37,15), (38,15), (38,15), (39,15), (-1,-1), (-1,-1), (-1,-1)]
Turtle 2 :[(-2,-2), (45,37), (45,37), (45,38), (44,38), (44,38), (44,38), (43,38), (42,38), (42,38), (42,38), (41,38)]
Turtle 3 :[(-3,-3), (37,28), (37,27), (37,27), (37,27), (37,26), (37,26), (37,25), (-3,-3), (-3,-3), (-3,-3), (-3,-3)]
Turtle 4 :[(-4,-4), (34,32), (33,32), (33,33), (32,33), (32,33), (32,34), (32,34), (32,34), (32,35), (-4,-4), (-4,-4)]
Turtle 5 :[(-5,-5), (45,35), (45,36), (44,36), (44,37), (45,37), (44,37), (44,38), (44,39), (-5,-5), (-5,-5), (-5,-5)]

Shrinking Run 48
#Info# Executed steps before collision: 11, Found collision: false
Turtle 1 :[(-1,-1), (37,16), (37,15), (37,15), (37,15), (37,15), (38,15), (38,15), (39,15), (-1,-1), (-1,-1), (-1,-1)]
Turtle 2 :[(-2,-2), (45,37), (45,37), (45,38), (44,38), (44,38), (44,38), (43,38), (42,38), (42,38), (42,38), (41,38)]
Turtle 3 :[(-3,-3), (37,28), (37,27), (37,27), (37,27), (37,26), (37,26), (37,25), (-3,-3), (-3,-3), (-3,-3), (-3,-3)]
Turtle 4 :[(-4,-4), (34,32), (34,33), (33,33), (32,33), (32,33), (31,33), (31,33), (31,33), (31,34), (-4,-4), (-4,-4)]
Turtle 5 :[(-5,-5), (45,35), (45,36), (45,37), (46,37), (45,37), (44,37), (44,38), (44,39), (-5,-5), (-5,-5), (-5,-5)]

Shrinking Run 49
#Info# Executed steps before collision: 11, Found collision: false
Turtle 1 :[(-1,-1), (37,16), (37,15), (37,15), (37,15), (37,15), (38,15), (38,15), (39,15), (-1,-1), (-1,-1), (-1,-1)]
Turtle 2 :[(-2,-2), (45,37), (45,37), (45,38), (44,38), (44,38), (44,38), (43,38), (42,38), (42,38), (42,38), (41,38)]
Turtle 3 :[(-3,-3), (37,28), (37,27), (37,27), (37,27), (37,26), (37,26), (37,25), (-3,-3), (-3,-3), (-3,-3), (-3,-3)]
Turtle 4 :[(-4,-4), (34,32), (34,33), (33,33), (32,33), (32,34), (32,35), (-4,-4), (-4,-4), (-4,-4), (-4,-4), (-4,-4)]
Turtle 5 :[(-5,-5), (45,35), (45,36), (45,37), (44,37), (45,37), (45,38), (44,38), (44,39), (-5,-5), (-5,-5), (-5,-5)]

Shrinking Run 50
#Info# Executed steps before collision: 11, Found collision: false
Turtle 1 :[(-1,-1), (37,16), (37,15), (37,15), (37,15), (37,15), (38,15), (38,15), (39,15), (-1,-1), (-1,-1), (-1,-1)]
Turtle 2 :[(-2,-2), (45,37), (45,37), (45,38), (44,38), (44,38), (44,38), (43,38), (42,38), (42,38), (42,38), (41,38)]
Turtle 3 :[(-3,-3), (37,28), (37,27), (37,27), (37,27), (37,26), (37,26), (37,25), (-3,-3), (-3,-3), (-3,-3), (-3,-3)]
Turtle 4 :[(-4,-4), (34,32), (34,33), (33,33), (32,33), (32,33), (32,34), (32,35), (-4,-4), (-4,-4), (-4,-4), (-4,-4)]
Turtle 5 :[(-5,-5), (45,35), (45,36), (44,36), (44,37), (45,37), (45,38), (44,38), (44,39), (-5,-5), (-5,-5), (-5,-5)]

Shrinking Run 51
#Info# Executed steps before collision: 11, Found collision: false
Turtle 1 :[(-1,-1), (37,16), (37,15), (37,15), (37,15), (37,15), (38,15), (38,15), (39,15), (-1,-1), (-1,-1), (-1,-1)]
Turtle 2 :[(-2,-2), (45,37), (45,37), (45,38), (44,38), (44,38), (44,38), (43,38), (42,38), (42,38), (42,38), (41,38)]
Turtle 3 :[(-3,-3), (37,28), (37,27), (37,27), (37,27), (37,26), (37,26), (37,25), (-3,-3), (-3,-3), (-3,-3), (-3,-3)]
Turtle 4 :[(-4,-4), (34,32), (34,33), (33,33), (33,34), (33,34), (32,34), (32,34), (32,35), (-4,-4), (-4,-4), (-4,-4)]
Turtle 5 :[(-5,-5), (45,35), (45,36), (45,37), (45,38), (46,38), (45,38), (45,39), (44,39), (-5,-5), (-5,-5), (-5,-5)]

Shrinking Run 52
#Info# Executed steps before collision: 11, Found collision: false
Turtle 1 :[(-1,-1), (37,16), (37,15), (37,15), (37,15), (37,15), (38,15), (38,15), (39,15), (-1,-1), (-1,-1), (-1,-1)]
Turtle 2 :[(-2,-2), (45,37), (45,37), (45,38), (44,38), (44,38), (44,38), (43,38), (42,38), (42,38), (42,38), (41,38)]
Turtle 3 :[(-3,-3), (37,28), (37,27), (37,27), (37,27), (37,26), (37,26), (37,25), (-3,-3), (-3,-3), (-3,-3), (-3,-3)]
Turtle 4 :[(-4,-4), (34,32), (34,33), (33,33), (33,34), (33,34), (32,34), (32,34), (32,34), (32,35), (-4,-4), (-4,-4)]
Turtle 5 :[(-5,-5), (45,35), (45,36), (44,36), (44,37), (44,36), (44,37), (44,38), (44,39), (-5,-5), (-5,-5), (-5,-5)]

Shrinking Run 53
#Info# Executed steps before collision: 11, Found collision: false
Turtle 1 :[(-1,-1), (37,16), (37,15), (37,15), (37,15), (37,15), (38,15), (38,15), (39,15), (-1,-1), (-1,-1), (-1,-1)]
Turtle 2 :[(-2,-2), (45,37), (45,37), (45,38), (44,38), (44,38), (44,38), (43,38), (42,38), (42,38), (42,38), (41,38)]
Turtle 3 :[(-3,-3), (37,28), (37,27), (37,27), (37,27), (37,26), (37,26), (37,25), (-3,-3), (-3,-3), (-3,-3), (-3,-3)]
Turtle 4 :[(-4,-4), (34,32), (34,33), (34,34), (33,34), (32,34), (32,34), (32,34), (32,34), (32,35), (-4,-4), (-4,-4)]
Turtle 5 :[(-5,-5), (45,35), (45,36), (44,36), (44,37), (45,37), (45,38), (45,39), (44,39), (-5,-5), (-5,-5), (-5,-5)]

Shrinking Run 54
#Info# Executed steps before collision: 9, Found collision: false
Turtle 1 :[(-1,-1), (37,16), (37,15), (37,15), (37,15), (37,15), (38,15), (38,15), (39,15), (-1,-1)]
Turtle 2 :[(-2,-2), (45,37), (45,37), (45,38), (44,38), (44,38), (44,38), (43,38), (42,38), (41,38)]
Turtle 3 :[(-3,-3), (37,28), (37,27), (37,27), (37,27), (37,26), (37,26), (37,25), (-3,-3), (-3,-3)]
Turtle 4 :[(-4,-4), (34,32), (34,33), (34,34), (33,34), (33,34), (32,34), (32,34), (32,34), (32,35)]
Turtle 5 :[(-5,-5), (45,35), (44,35), (44,36), (43,36), (43,37), (43,38), (-5,-5), (-5,-5), (-5,-5)]

Shrinking Run 55
#Info# Executed steps before collision: 11, Found collision: false
Turtle 1 :[(-1,-1), (37,16), (37,15), (37,15), (37,15), (37,15), (38,15), (38,15), (39,15), (-1,-1), (-1,-1), (-1,-1)]
Turtle 2 :[(-2,-2), (45,37), (45,37), (45,38), (44,38), (44,38), (44,38), (43,38), (42,38), (42,38), (42,38), (41,38)]
Turtle 3 :[(-3,-3), (37,28), (37,27), (37,27), (37,27), (37,26), (37,26), (37,25), (-3,-3), (-3,-3), (-3,-3), (-3,-3)]
Turtle 4 :[(-4,-4), (34,32), (34,33), (34,34), (33,34), (33,34), (32,34), (32,34), (32,34), (32,35), (-4,-4), (-4,-4)]
Turtle 5 :[(-5,-5), (45,35), (45,34), (45,33), (44,33), (44,32), (44,31), (-5,-5), (-5,-5), (-5,-5), (-5,-5), (-5,-5)]

Shrinking Run 56
#Info# Executed steps before collision: 11, Found collision: false
Turtle 1 :[(-1,-1), (37,16), (37,15), (37,15), (37,15), (37,15), (38,15), (38,15), (39,15), (-1,-1), (-1,-1), (-1,-1)]
Turtle 2 :[(-2,-2), (45,37), (45,37), (45,38), (44,38), (44,38), (44,38), (43,38), (42,38), (42,38), (42,38), (41,38)]
Turtle 3 :[(-3,-3), (37,28), (37,27), (37,27), (37,27), (37,26), (37,26), (37,25), (-3,-3), (-3,-3), (-3,-3), (-3,-3)]
Turtle 4 :[(-4,-4), (34,32), (34,33), (34,34), (33,34), (33,34), (32,34), (32,34), (32,34), (32,35), (-4,-4), (-4,-4)]
Turtle 5 :[(-5,-5), (45,35), (44,35), (44,34), (43,34), (43,33), (43,32), (-5,-5), (-5,-5), (-5,-5), (-5,-5), (-5,-5)]

Shrinking Run 57
#Info# Executed steps before collision: 11, Found collision: false
Turtle 1 :[(-1,-1), (37,16), (37,15), (37,15), (37,15), (37,15), (38,15), (38,15), (39,15), (-1,-1), (-1,-1), (-1,-1)]
Turtle 2 :[(-2,-2), (45,37), (45,37), (45,38), (44,38), (44,38), (44,38), (43,38), (42,38), (42,38), (42,38), (41,38)]
Turtle 3 :[(-3,-3), (37,28), (37,27), (37,27), (37,27), (37,26), (37,26), (37,25), (-3,-3), (-3,-3), (-3,-3), (-3,-3)]
Turtle 4 :[(-4,-4), (34,32), (34,33), (34,34), (33,34), (33,34), (32,34), (32,34), (32,34), (32,35), (-4,-4), (-4,-4)]
Turtle 5 :[(-5,-5), (45,35), (44,35), (44,36), (43,36), (42,36), (41,36), (-5,-5), (-5,-5), (-5,-5), (-5,-5), (-5,-5)]

Shrinking Run 58
#Info# Executed steps before collision: 11, Found collision: false
Turtle 1 :[(-1,-1), (37,16), (37,15), (37,15), (37,15), (37,15), (38,15), (38,15), (39,15), (-1,-1), (-1,-1), (-1,-1)]
Turtle 2 :[(-2,-2), (45,37), (45,37), (45,38), (44,38), (44,38), (44,38), (44,39), (43,39), (42,39), (42,38), (41,38)]
Turtle 3 :[(-3,-3), (37,28), (37,27), (37,27), (37,27), (37,26), (37,26), (37,25), (-3,-3), (-3,-3), (-3,-3), (-3,-3)]
Turtle 4 :[(-4,-4), (34,32), (34,33), (34,34), (33,34), (33,34), (32,34), (32,34), (32,34), (32,35), (-4,-4), (-4,-4)]
Turtle 5 :[(-5,-5), (45,35), (45,36), (44,36), (43,36), (43,37), (43,38), (-5,-5), (-5,-5), (-5,-5), (-5,-5), (-5,-5)]

Shrinking Run 59
#Info# Executed steps before collision: 7, Found collision: true
Turtle 1 :[(-1,-1), (37,16), (37,15), (37,15), (37,15), (37,15), (38,15), (38,15), (39,15), (-1,-1), (-1,-1), (-1,-1)]
Turtle 2 :[(-2,-2), (45,37), (45,37), (45,38), (44,38), (44,38), (44,38), (43,38), (42,38), (42,38), (42,38), (41,38)]
Turtle 3 :[(-3,-3), (37,28), (37,27), (37,27), (37,27), (37,26), (37,26), (37,25), (-3,-3), (-3,-3), (-3,-3), (-3,-3)]
Turtle 4 :[(-4,-4), (34,32), (34,33), (34,34), (33,34), (33,34), (32,34), (32,34), (32,34), (32,35), (-4,-4), (-4,-4)]
Turtle 5 :[(-5,-5), (45,35), (45,36), (45,36), (45,37), (44,37), (43,37), (43,38), (-5,-5), (-5,-5), (-5,-5), (-5,-5)]

Shrinking Run 60
#Info# Executed steps before collision: 11, Found collision: false
Turtle 1 :[(-1,-1), (37,16), (37,15), (37,15), (37,15), (37,15), (38,15), (38,15), (39,15), (-1,-1), (-1,-1), (-1,-1)]
Turtle 2 :[(-2,-2), (45,37), (45,37), (45,38), (44,38), (44,38), (44,38), (43,38), (42,38), (42,38), (42,38), (41,38)]
Turtle 3 :[(-3,-3), (37,28), (37,27), (37,27), (37,27), (37,26), (37,26), (37,25), (-3,-3), (-3,-3), (-3,-3), (-3,-3)]
Turtle 4 :[(-4,-4), (34,32), (34,33), (34,34), (33,34), (33,34), (32,34), (32,34), (32,34), (32,35), (-4,-4), (-4,-4)]
Turtle 5 :[(-5,-5), (45,35), (44,35), (44,36), (43,36), (42,36), (42,37), (-5,-5), (-5,-5), (-5,-5), (-5,-5), (-5,-5)]

Shrinking Run 61
#Info# Executed steps before collision: 11, Found collision: false
Turtle 1 :[(-1,-1), (37,16), (37,15), (37,15), (37,15), (37,15), (38,15), (38,15), (39,15), (-1,-1), (-1,-1), (-1,-1)]
Turtle 2 :[(-2,-2), (45,37), (45,37), (45,38), (44,38), (44,38), (44,38), (43,38), (42,38), (42,38), (42,38), (41,38)]
Turtle 3 :[(-3,-3), (37,28), (37,27), (37,27), (37,27), (37,26), (37,26), (37,25), (-3,-3), (-3,-3), (-3,-3), (-3,-3)]
Turtle 4 :[(-4,-4), (34,32), (34,33), (34,34), (33,34), (33,34), (32,34), (32,34), (32,34), (32,35), (-4,-4), (-4,-4)]
Turtle 5 :[(-5,-5), (45,35), (45,36), (45,35), (44,35), (43,35), (43,36), (42,36), (42,37), (-5,-5), (-5,-5), (-5,-5)]

Shrinking Run 62
#Info# Executed steps before collision: 11, Found collision: false
Turtle 1 :[(-1,-1), (37,16), (36,16), (36,16), (35,16), (35,16), (35,15), (35,15), (34,15), (34,15), (34,15), (33,15)]
Turtle 2 :[(-2,-2), (45,37), (45,37), (45,38), (44,38), (44,38), (44,38), (43,38), (42,38), (42,38), (42,38), (41,38)]
Turtle 3 :[(-3,-3), (37,28), (37,27), (37,27), (37,27), (37,26), (37,26), (37,25), (-3,-3), (-3,-3), (-3,-3), (-3,-3)]
Turtle 4 :[(-4,-4), (34,32), (34,33), (34,34), (33,34), (33,34), (32,34), (32,34), (32,34), (32,35), (-4,-4), (-4,-4)]
Turtle 5 :[(-5,-5), (45,35), (45,36), (45,35), (44,35), (44,36), (44,37), (44,38), (44,38), (43,38), (-5,-5), (-5,-5)]

Shrinking Run 63
#Info# Executed steps before collision: 7, Found collision: true
Turtle 1 :[(-1,-1), (37,16), (37,16), (37,16), (36,16), (36,16), (36,15), (36,15), (35,15), (35,15), (34,15), (-1,-1)]
Turtle 2 :[(-2,-2), (45,37), (45,37), (45,38), (44,38), (44,38), (44,38), (43,38), (42,38), (42,38), (42,38), (41,38)]
Turtle 3 :[(-3,-3), (37,28), (37,27), (37,27), (37,27), (37,26), (37,26), (37,25), (-3,-3), (-3,-3), (-3,-3), (-3,-3)]
Turtle 4 :[(-4,-4), (34,32), (34,33), (34,34), (33,34), (33,34), (32,34), (32,34), (32,34), (32,35), (-4,-4), (-4,-4)]
Turtle 5 :[(-5,-5), (45,35), (45,36), (45,36), (45,37), (44,37), (43,37), (43,38), (-5,-5), (-5,-5), (-5,-5), (-5,-5)]

Shrinking Run 64
#Info# Executed steps before collision: 11, Found collision: false
Turtle 1 :[(-1,-1), (37,16), (37,15), (37,15), (36,15), (36,15), (36,14), (36,14), (36,13), (36,13), (36,13), (35,13)]
Turtle 2 :[(-2,-2), (45,37), (45,37), (45,38), (44,38), (44,38), (44,38), (43,38), (42,38), (42,38), (42,38), (41,38)]
Turtle 3 :[(-3,-3), (37,28), (37,27), (37,27), (37,27), (37,26), (37,26), (37,25), (-3,-3), (-3,-3), (-3,-3), (-3,-3)]
Turtle 4 :[(-4,-4), (34,32), (34,33), (34,34), (33,34), (33,34), (32,34), (32,34), (32,34), (32,35), (-4,-4), (-4,-4)]
Turtle 5 :[(-5,-5), (45,35), (45,36), (45,35), (45,36), (44,36), (44,37), (43,37), (43,38), (-5,-5), (-5,-5), (-5,-5)]

Shrinking Run 65
#Info# Executed steps before collision: 11, Found collision: false
Turtle 1 :[(-1,-1), (37,16), (36,16), (36,16), (35,16), (35,16), (35,15), (35,15), (35,14), (35,14), (35,14), (34,14)]
Turtle 2 :[(-2,-2), (45,37), (45,37), (45,38), (44,38), (44,38), (44,38), (43,38), (42,38), (42,38), (42,38), (41,38)]
Turtle 3 :[(-3,-3), (37,28), (37,27), (37,27), (37,27), (37,26), (37,26), (37,25), (-3,-3), (-3,-3), (-3,-3), (-3,-3)]
Turtle 4 :[(-4,-4), (34,32), (34,33), (34,34), (33,34), (33,34), (32,34), (32,34), (32,34), (32,35), (-4,-4), (-4,-4)]
Turtle 5 :[(-5,-5), (45,35), (45,36), (45,35), (45,36), (44,36), (43,36), (43,37), (43,37), (43,38), (-5,-5), (-5,-5)]

Shrinking Run 66
#Info# Executed steps before collision: 11, Found collision: false
Turtle 1 :[(-1,-1), (37,16), (37,16), (37,16), (36,16), (36,16), (35,16), (35,16), (35,15), (35,15), (34,15), (-1,-1)]
Turtle 2 :[(-2,-2), (45,37), (45,37), (45,38), (44,38), (44,38), (44,38), (44,37), (43,37), (42,37), (42,38), (41,38)]
Turtle 3 :[(-3,-3), (37,28), (37,27), (37,27), (37,27), (37,26), (37,26), (37,25), (-3,-3), (-3,-3), (-3,-3), (-3,-3)]
Turtle 4 :[(-4,-4), (34,32), (34,33), (34,34), (33,34), (33,34), (32,34), (32,34), (32,34), (32,35), (-4,-4), (-4,-4)]
Turtle 5 :[(-5,-5), (45,35), (45,36), (44,36), (43,36), (43,37), (43,38), (-5,-5), (-5,-5), (-5,-5), (-5,-5), (-5,-5)]

Shrinking Run 67
#Info# Executed steps before collision: 11, Found collision: false
Turtle 1 :[(-1,-1), (37,16), (36,16), (35,16), (35,15), (34,15), (-1,-1), (-1,-1), (-1,-1), (-1,-1), (-1,-1), (-1,-1)]
Turtle 2 :[(-2,-2), (45,37), (45,37), (45,38), (44,38), (44,38), (44,38), (43,38), (42,38), (42,38), (42,38), (41,38)]
Turtle 3 :[(-3,-3), (37,28), (37,27), (37,27), (37,27), (37,26), (37,26), (37,25), (-3,-3), (-3,-3), (-3,-3), (-3,-3)]
Turtle 4 :[(-4,-4), (34,32), (34,33), (34,34), (33,34), (33,34), (32,34), (32,34), (32,34), (32,35), (-4,-4), (-4,-4)]
Turtle 5 :[(-5,-5), (45,35), (45,36), (46,36), (46,37), (46,38), (45,38), (44,38), (44,38), (43,38), (-5,-5), (-5,-5)]

Shrinking Run 68
#Info# Executed steps before collision: 9, Found collision: false
Turtle 1 :[(-1,-1), (37,16), (36,16), (36,16), (36,15), (35,15), (34,15), (-1,-1), (-1,-1), (-1,-1)]
Turtle 2 :[(-2,-2), (45,37), (45,37), (45,38), (44,38), (44,38), (44,38), (43,38), (42,38), (41,38)]
Turtle 3 :[(-3,-3), (37,28), (37,27), (37,27), (37,27), (37,26), (37,26), (37,25), (-3,-3), (-3,-3)]
Turtle 4 :[(-4,-4), (34,32), (34,33), (34,34), (33,34), (33,34), (32,34), (32,34), (32,34), (32,35)]
Turtle 5 :[(-5,-5), (45,35), (45,36), (44,36), (43,36), (43,37), (43,38), (-5,-5), (-5,-5), (-5,-5)]

Shrinking Run 69
#Info# Executed steps before collision: 11, Found collision: false
Turtle 1 :[(-1,-1), (37,16), (36,16), (36,16), (35,16), (35,16), (35,15), (34,15), (-1,-1), (-1,-1), (-1,-1), (-1,-1)]
Turtle 2 :[(-2,-2), (45,37), (45,37), (45,38), (44,38), (44,38), (44,38), (43,38), (42,38), (42,38), (42,38), (41,38)]
Turtle 3 :[(-3,-3), (37,28), (37,27), (37,27), (37,27), (37,26), (37,26), (37,25), (-3,-3), (-3,-3), (-3,-3), (-3,-3)]
Turtle 4 :[(-4,-4), (34,32), (34,33), (34,34), (33,34), (33,34), (32,34), (32,34), (32,34), (32,35), (-4,-4), (-4,-4)]
Turtle 5 :[(-5,-5), (45,35), (45,36), (46,36), (45,36), (44,36), (44,37), (44,38), (44,39), (44,38), (43,38), (-5,-5)]

Shrinking Run 70
#Info# Executed steps before collision: 11, Found collision: false
Turtle 1 :[(-1,-1), (37,16), (36,16), (36,16), (35,16), (35,16), (35,15), (35,15), (35,15), (34,15), (-1,-1), (-1,-1)]
Turtle 2 :[(-2,-2), (45,37), (45,37), (45,38), (44,38), (44,38), (44,38), (43,38), (42,38), (42,38), (42,38), (41,38)]
Turtle 3 :[(-3,-3), (37,28), (37,27), (37,27), (37,27), (37,26), (37,26), (37,25), (-3,-3), (-3,-3), (-3,-3), (-3,-3)]
Turtle 4 :[(-4,-4), (34,32), (34,33), (34,34), (33,34), (33,34), (32,34), (32,34), (32,34), (32,35), (-4,-4), (-4,-4)]
Turtle 5 :[(-5,-5), (45,35), (45,36), (45,36), (45,37), (44,37), (43,37), (43,36), (43,37), (43,37), (43,38), (-5,-5)]

Shrinking Run 71
#Info# Executed steps before collision: 11, Found collision: false
Turtle 1 :[(-1,-1), (37,16), (36,16), (36,16), (35,16), (35,16), (35,15), (35,15), (34,15), (-1,-1), (-1,-1), (-1,-1)]
Turtle 2 :[(-2,-2), (45,37), (45,37), (45,38), (44,38), (44,38), (44,38), (43,38), (42,38), (42,38), (42,38), (41,38)]
Turtle 3 :[(-3,-3), (37,28), (37,27), (37,27), (37,27), (37,26), (37,26), (37,25), (-3,-3), (-3,-3), (-3,-3), (-3,-3)]
Turtle 4 :[(-4,-4), (34,32), (34,33), (34,34), (33,34), (33,34), (32,34), (32,34), (32,34), (32,35), (-4,-4), (-4,-4)]
Turtle 5 :[(-5,-5), (45,35), (45,36), (46,36), (45,36), (45,37), (45,38), (44,38), (44,37), (43,37), (43,38), (-5,-5)]

Shrinking Run 72
#Info# Executed steps before collision: 12, Found collision: false
Turtle 1 :[(-1,-1), (37,16), (37,15), (37,15), (37,15), (37,15), (36,15), (36,15), (35,15), (35,15), (34,15), (-1,-1), (-1,-1)]
Turtle 2 :[(-2,-2), (45,37), (45,37), (45,38), (44,38), (44,38), (44,38), (44,38), (43,38), (42,38), (42,38), (42,38), (41,38)]
Turtle 3 :[(-3,-3), (37,28), (37,27), (37,27), (37,27), (37,26), (37,26), (37,25), (-3,-3), (-3,-3), (-3,-3), (-3,-3), (-3,-3)]
Turtle 4 :[(-4,-4), (34,32), (34,33), (34,34), (33,34), (33,34), (32,34), (32,34), (32,34), (32,35), (-4,-4), (-4,-4), (-4,-4)]
Turtle 5 :[(-5,-5), (45,35), (45,36), (44,36), (44,37), (43,37), (43,38), (-5,-5), (-5,-5), (-5,-5), (-5,-5), (-5,-5), (-5,-5)]

Shrinking Run 73
#Info# Executed steps before collision: 11, Found collision: false
Turtle 1 :[(-1,-1), (37,16), (36,16), (36,16), (36,16), (36,16), (36,15), (36,15), (35,15), (35,15), (34,15), (-1,-1)]
Turtle 2 :[(-2,-2), (45,37), (45,37), (45,38), (44,38), (44,38), (44,38), (43,38), (42,38), (42,38), (42,38), (41,38)]
Turtle 3 :[(-3,-3), (37,28), (37,27), (37,27), (37,27), (37,26), (37,26), (37,25), (-3,-3), (-3,-3), (-3,-3), (-3,-3)]
Turtle 4 :[(-4,-4), (34,32), (34,33), (34,34), (33,34), (33,34), (32,34), (32,34), (32,34), (32,35), (-4,-4), (-4,-4)]
Turtle 5 :[(-5,-5), (45,35), (45,36), (46,36), (45,36), (44,36), (44,37), (44,38), (44,38), (43,38), (-5,-5), (-5,-5)]

Shrinking Run 74
#Info# Executed steps before collision: 11, Found collision: false
Turtle 1 :[(-1,-1), (37,16), (37,16), (37,15), (37,15), (37,15), (36,15), (36,15), (35,15), (35,15), (34,15), (-1,-1)]
Turtle 2 :[(-2,-2), (45,37), (45,37), (45,38), (44,38), (44,38), (44,38), (43,38), (42,38), (42,38), (42,38), (41,38)]
Turtle 3 :[(-3,-3), (37,28), (37,27), (37,27), (37,27), (37,26), (37,26), (37,25), (-3,-3), (-3,-3), (-3,-3), (-3,-3)]
Turtle 4 :[(-4,-4), (34,32), (34,33), (34,34), (33,34), (33,34), (32,34), (32,34), (32,34), (32,35), (-4,-4), (-4,-4)]
Turtle 5 :[(-5,-5), (45,35), (45,36), (45,35), (45,36), (45,37), (45,38), (44,38), (45,38), (44,38), (43,38), (-5,-5)]

Shrinking Run 75
#Info# Executed steps before collision: 11, Found collision: false
Turtle 1 :[(-1,-1), (37,16), (37,16), (36,16), (36,16), (36,16), (36,15), (36,15), (35,15), (35,15), (34,15), (-1,-1)]
Turtle 2 :[(-2,-2), (45,37), (45,37), (45,38), (44,38), (44,38), (44,38), (43,38), (42,38), (42,38), (42,38), (41,38)]
Turtle 3 :[(-3,-3), (37,28), (37,27), (37,27), (37,27), (37,26), (37,26), (37,25), (-3,-3), (-3,-3), (-3,-3), (-3,-3)]
Turtle 4 :[(-4,-4), (34,32), (34,33), (34,34), (33,34), (33,34), (32,34), (32,34), (32,34), (32,35), (-4,-4), (-4,-4)]
Turtle 5 :[(-5,-5), (45,35), (45,36), (45,37), (45,38), (46,38), (45,38), (44,38), (44,37), (43,37), (43,38), (-5,-5)]

Shrinking Run 76
#Info# Executed steps before collision: 11, Found collision: false
Turtle 1 :[(-1,-1), (37,16), (37,16), (37,16), (37,15), (37,15), (36,15), (36,15), (35,15), (35,15), (34,15), (-1,-1)]
Turtle 2 :[(-2,-2), (45,37), (45,37), (45,38), (44,38), (44,38), (44,38), (45,38), (44,38), (43,38), (42,38), (41,38)]
Turtle 3 :[(-3,-3), (37,28), (37,27), (37,27), (37,27), (37,26), (37,26), (37,25), (-3,-3), (-3,-3), (-3,-3), (-3,-3)]
Turtle 4 :[(-4,-4), (34,32), (34,33), (34,34), (33,34), (33,34), (32,34), (32,34), (32,34), (32,35), (-4,-4), (-4,-4)]
Turtle 5 :[(-5,-5), (45,35), (45,36), (44,36), (44,37), (43,37), (43,38), (-5,-5), (-5,-5), (-5,-5), (-5,-5), (-5,-5)]

Shrinking Run 77
#Info# Executed steps before collision: 11, Found collision: false
Turtle 1 :[(-1,-1), (37,16), (37,16), (37,16), (36,16), (36,15), (35,15), (35,15), (35,15), (35,15), (34,15), (-1,-1)]
Turtle 2 :[(-2,-2), (45,37), (45,37), (45,38), (44,38), (44,38), (44,38), (43,38), (42,38), (42,38), (42,38), (41,38)]
Turtle 3 :[(-3,-3), (37,28), (37,27), (37,27), (37,27), (37,26), (37,26), (37,25), (-3,-3), (-3,-3), (-3,-3), (-3,-3)]
Turtle 4 :[(-4,-4), (34,32), (34,33), (34,34), (33,34), (33,34), (32,34), (32,34), (32,34), (32,35), (-4,-4), (-4,-4)]
Turtle 5 :[(-5,-5), (45,35), (45,36), (46,36), (45,36), (44,36), (44,37), (43,37), (43,36), (43,37), (43,38), (-5,-5)]

Shrinking Run 78
#Info# Executed steps before collision: 11, Found collision: false
Turtle 1 :[(-1,-1), (37,16), (37,16), (37,16), (36,16), (35,16), (35,15), (35,15), (35,15), (35,15), (34,15), (-1,-1)]
Turtle 2 :[(-2,-2), (45,37), (45,37), (45,38), (44,38), (44,38), (44,38), (43,38), (42,38), (42,38), (42,38), (41,38)]
Turtle 3 :[(-3,-3), (37,28), (37,27), (37,27), (37,27), (37,26), (37,26), (37,25), (-3,-3), (-3,-3), (-3,-3), (-3,-3)]
Turtle 4 :[(-4,-4), (34,32), (34,33), (34,34), (33,34), (33,34), (32,34), (32,34), (32,34), (32,35), (-4,-4), (-4,-4)]
Turtle 5 :[(-5,-5), (45,35), (45,36), (45,37), (45,37), (44,37), (44,37), (44,38), (43,38), (-5,-5), (-5,-5), (-5,-5)]

Shrinking Run 79
#Info# Executed steps before collision: 11, Found collision: false
Turtle 1 :[(-1,-1), (37,16), (37,16), (37,16), (36,16), (36,16), (36,15), (35,15), (35,15), (35,15), (34,15), (-1,-1)]
Turtle 2 :[(-2,-2), (45,37), (45,37), (45,38), (44,38), (44,38), (44,38), (43,38), (42,38), (42,38), (42,38), (41,38)]
Turtle 3 :[(-3,-3), (37,28), (37,27), (37,27), (37,27), (37,26), (37,26), (37,25), (-3,-3), (-3,-3), (-3,-3), (-3,-3)]
Turtle 4 :[(-4,-4), (34,32), (34,33), (34,34), (33,34), (33,34), (32,34), (32,34), (32,34), (32,35), (-4,-4), (-4,-4)]
Turtle 5 :[(-5,-5), (45,35), (45,36), (46,36), (45,36), (45,37), (45,38), (44,38), (44,38), (43,38), (-5,-5), (-5,-5)]

Shrinking Run 80
#Info# Executed steps before collision: 11, Found collision: false
Turtle 1 :[(-1,-1), (37,16), (37,16), (37,16), (36,16), (36,16), (36,15), (36,15), (35,15), (35,15), (34,15), (-1,-1)]
Turtle 2 :[(-2,-2), (45,37), (45,37), (45,37), (44,37), (44,36), (44,36), (43,36), (42,36), (42,36), (42,36), (42,35)]
Turtle 3 :[(-3,-3), (37,28), (37,27), (37,27), (37,27), (37,26), (37,26), (37,25), (-3,-3), (-3,-3), (-3,-3), (-3,-3)]
Turtle 4 :[(-4,-4), (34,32), (34,33), (34,34), (33,34), (33,34), (32,34), (32,34), (32,34), (32,35), (-4,-4), (-4,-4)]
Turtle 5 :[(-5,-5), (45,35), (45,36), (46,36), (46,37), (45,37), (44,37), (43,37), (43,38), (-5,-5), (-5,-5), (-5,-5)]

Shrinking Run 81
#Info# Executed steps before collision: 12, Found collision: false
Turtle 1 :[(-1,-1), (37,16), (37,16), (37,16), (36,16), (36,16), (36,15), (36,15), (35,15), (35,15), (34,15), (-1,-1), (-1,-1)]
Turtle 2 :[(-2,-2), (45,37), (45,37), (45,37), (44,37), (44,36), (44,36), (43,36), (43,35), (42,35), (41,35), (41,36), (-2,-2)]
Turtle 3 :[(-3,-3), (37,28), (37,27), (37,27), (37,27), (37,26), (37,26), (37,25), (-3,-3), (-3,-3), (-3,-3), (-3,-3), (-3,-3)]
Turtle 4 :[(-4,-4), (34,32), (34,33), (34,34), (33,34), (33,34), (32,34), (32,34), (32,34), (32,35), (-4,-4), (-4,-4), (-4,-4)]
Turtle 5 :[(-5,-5), (45,35), (45,36), (45,35), (44,35), (43,35), (43,36), (42,36), (41,36), (41,37), (42,37), (42,38), (43,38)]

Shrinking Run 82
#Info# Executed steps before collision: 11, Found collision: false
Turtle 1 :[(-1,-1), (37,16), (37,16), (37,16), (36,16), (36,16), (36,15), (36,15), (35,15), (35,15), (34,15), (-1,-1)]
Turtle 2 :[(-2,-2), (45,37), (45,37), (45,37), (44,37), (43,37), (43,37), (42,37), (41,37), (41,37), (41,37), (40,37)]
Turtle 3 :[(-3,-3), (37,28), (37,27), (37,27), (37,27), (37,26), (37,26), (37,25), (-3,-3), (-3,-3), (-3,-3), (-3,-3)]
Turtle 4 :[(-4,-4), (34,32), (34,33), (34,34), (33,34), (33,34), (32,34), (32,34), (32,34), (32,35), (-4,-4), (-4,-4)]
Turtle 5 :[(-5,-5), (45,35), (45,36), (45,36), (45,37), (45,38), (44,38), (43,38), (-5,-5), (-5,-5), (-5,-5), (-5,-5)]

Shrinking Run 83
#Info# Executed steps before collision: 11, Found collision: false
Turtle 1 :[(-1,-1), (37,16), (37,16), (37,16), (36,16), (36,16), (36,15), (36,15), (35,15), (35,15), (34,15), (-1,-1)]
Turtle 2 :[(-2,-2), (45,37), (45,37), (45,37), (44,37), (43,37), (43,37), (42,37), (41,37), (41,37), (41,37), (41,38)]
Turtle 3 :[(-3,-3), (37,28), (37,27), (37,27), (37,27), (37,26), (37,26), (37,25), (-3,-3), (-3,-3), (-3,-3), (-3,-3)]
Turtle 4 :[(-4,-4), (34,32), (34,33), (34,34), (33,34), (33,34), (32,34), (32,34), (32,34), (32,35), (-4,-4), (-4,-4)]
Turtle 5 :[(-5,-5), (45,35), (45,36), (46,36), (47,36), (47,37), (46,37), (45,37), (45,38), (44,38), (43,38), (-5,-5)]

Shrinking Run 84
#Info# Executed steps before collision: 10, Found collision: false
Turtle 1 :[(-1,-1), (37,16), (37,16), (37,16), (36,16), (36,16), (36,15), (36,15), (35,15), (35,15), (34,15)]
Turtle 2 :[(-2,-2), (45,37), (45,38), (44,38), (43,38), (42,38), (41,38), (-2,-2), (-2,-2), (-2,-2), (-2,-2)]
Turtle 3 :[(-3,-3), (37,28), (37,27), (37,27), (37,27), (37,26), (37,26), (37,25), (-3,-3), (-3,-3), (-3,-3)]
Turtle 4 :[(-4,-4), (34,32), (34,33), (34,34), (33,34), (33,34), (32,34), (32,34), (32,34), (32,35), (-4,-4)]
Turtle 5 :[(-5,-5), (45,35), (45,36), (45,37), (46,37), (45,37), (44,37), (44,38), (43,38), (-5,-5), (-5,-5)]

Shrinking Run 85
#Info# Executed steps before collision: 10, Found collision: false
Turtle 1 :[(-1,-1), (37,16), (37,16), (37,16), (36,16), (36,16), (36,15), (36,15), (35,15), (35,15), (34,15)]
Turtle 2 :[(-2,-2), (45,37), (45,37), (45,38), (44,38), (43,38), (42,38), (41,38), (-2,-2), (-2,-2), (-2,-2)]
Turtle 3 :[(-3,-3), (37,28), (37,27), (37,27), (37,27), (37,26), (37,26), (37,25), (-3,-3), (-3,-3), (-3,-3)]
Turtle 4 :[(-4,-4), (34,32), (34,33), (34,34), (33,34), (33,34), (32,34), (32,34), (32,34), (32,35), (-4,-4)]
Turtle 5 :[(-5,-5), (45,35), (45,36), (45,37), (45,36), (45,37), (45,38), (44,38), (43,38), (-5,-5), (-5,-5)]

Shrinking Run 86
#Info# Executed steps before collision: 7, Found collision: true
Turtle 1 :[(-1,-1), (37,16), (37,16), (37,16), (36,16), (36,16), (36,15), (36,15), (35,15), (35,15), (34,15)]
Turtle 2 :[(-2,-2), (45,37), (45,37), (45,38), (44,38), (43,38), (43,38), (42,38), (41,38), (-2,-2), (-2,-2)]
Turtle 3 :[(-3,-3), (37,28), (37,27), (37,27), (37,27), (37,26), (37,26), (37,25), (-3,-3), (-3,-3), (-3,-3)]
Turtle 4 :[(-4,-4), (34,32), (34,33), (34,34), (33,34), (33,34), (32,34), (32,34), (32,34), (32,35), (-4,-4)]
Turtle 5 :[(-5,-5), (45,35), (45,36), (45,37), (44,37), (43,37), (42,37), (42,38), (43,38), (-5,-5), (-5,-5)]

Shrinking Run 87
#Info# Executed steps before collision: 10, Found collision: false
Turtle 1 :[(-1,-1), (37,16), (37,16), (37,16), (36,16), (36,16), (36,15), (36,15), (35,15), (35,15), (34,15)]
Turtle 2 :[(-2,-2), (45,37), (44,37), (44,37), (43,37), (43,38), (43,38), (42,38), (41,38), (-2,-2), (-2,-2)]
Turtle 3 :[(-3,-3), (37,28), (37,27), (37,27), (37,27), (37,26), (37,26), (37,25), (-3,-3), (-3,-3), (-3,-3)]
Turtle 4 :[(-4,-4), (34,32), (34,33), (34,34), (33,34), (33,34), (32,34), (32,34), (32,34), (32,35), (-4,-4)]
Turtle 5 :[(-5,-5), (45,35), (45,36), (45,37), (44,37), (44,36), (43,36), (44,36), (44,37), (43,37), (43,38)]

Shrinking Run 88
#Info# Executed steps before collision: 10, Found collision: false
Turtle 1 :[(-1,-1), (37,16), (37,16), (37,16), (36,16), (36,16), (36,15), (36,15), (35,15), (35,15), (34,15)]
Turtle 2 :[(-2,-2), (45,37), (45,38), (45,38), (44,38), (43,38), (43,38), (42,38), (41,38), (-2,-2), (-2,-2)]
Turtle 3 :[(-3,-3), (37,28), (37,27), (37,27), (37,27), (37,26), (37,26), (37,25), (-3,-3), (-3,-3), (-3,-3)]
Turtle 4 :[(-4,-4), (34,32), (34,33), (34,34), (33,34), (33,34), (32,34), (32,34), (32,34), (32,35), (-4,-4)]
Turtle 5 :[(-5,-5), (45,35), (45,36), (45,37), (44,37), (43,37), (43,36), (43,37), (43,38), (-5,-5), (-5,-5)]

Shrinking Run 89
#Info# Executed steps before collision: 10, Found collision: false
Turtle 1 :[(-1,-1), (37,16), (37,16), (37,16), (36,16), (36,16), (36,15), (36,15), (35,15), (35,15), (34,15)]
Turtle 2 :[(-2,-2), (45,37), (45,37), (44,37), (43,37), (43,38), (43,38), (42,38), (41,38), (-2,-2), (-2,-2)]
Turtle 3 :[(-3,-3), (37,28), (37,27), (37,27), (37,27), (37,26), (37,26), (37,25), (-3,-3), (-3,-3), (-3,-3)]
Turtle 4 :[(-4,-4), (34,32), (34,33), (34,34), (33,34), (33,34), (32,34), (32,34), (32,34), (32,35), (-4,-4)]
Turtle 5 :[(-5,-5), (45,35), (45,36), (44,36), (44,37), (44,38), (44,38), (43,38), (-5,-5), (-5,-5), (-5,-5)]

Shrinking Run 90
#Info# Executed steps before collision: 10, Found collision: false
Turtle 1 :[(-1,-1), (37,16), (37,16), (37,16), (36,16), (36,16), (36,15), (36,15), (35,15), (35,15), (34,15)]
Turtle 2 :[(-2,-2), (45,37), (45,37), (45,38), (44,38), (43,38), (42,38), (42,38), (41,38), (-2,-2), (-2,-2)]
Turtle 3 :[(-3,-3), (37,28), (37,27), (37,27), (37,27), (37,26), (37,26), (37,25), (-3,-3), (-3,-3), (-3,-3)]
Turtle 4 :[(-4,-4), (34,32), (34,33), (34,34), (33,34), (33,34), (32,34), (32,34), (32,34), (32,35), (-4,-4)]
Turtle 5 :[(-5,-5), (45,35), (45,36), (46,36), (45,36), (44,36), (43,36), (43,37), (43,38), (-5,-5), (-5,-5)]

Shrinking Run 91
#Info# Executed steps before collision: 10, Found collision: false
Turtle 1 :[(-1,-1), (37,16), (37,16), (37,16), (36,16), (36,16), (36,15), (36,15), (35,15), (35,15), (34,15)]
Turtle 2 :[(-2,-2), (45,37), (45,37), (45,38), (44,38), (43,38), (43,38), (42,38), (41,38), (-2,-2), (-2,-2)]
Turtle 3 :[(-3,-3), (37,28), (37,27), (36,27), (35,27), (34,27), (33,27), (-3,-3), (-3,-3), (-3,-3), (-3,-3)]
Turtle 4 :[(-4,-4), (34,32), (34,33), (34,34), (33,34), (33,34), (32,34), (32,34), (32,34), (32,35), (-4,-4)]
Turtle 5 :[(-5,-5), (45,35), (45,36), (44,36), (44,36), (44,37), (44,38), (44,37), (43,37), (43,38), (-5,-5)]

Shrinking Run 92
#Info# Executed steps before collision: 10, Found collision: false
Turtle 1 :[(-1,-1), (37,16), (37,16), (37,16), (36,16), (36,16), (36,15), (36,15), (35,15), (35,15), (34,15)]
Turtle 2 :[(-2,-2), (45,37), (45,37), (45,38), (44,38), (43,38), (43,38), (42,38), (41,38), (-2,-2), (-2,-2)]
Turtle 3 :[(-3,-3), (37,28), (37,27), (36,27), (35,27), (35,26), (34,26), (-3,-3), (-3,-3), (-3,-3), (-3,-3)]
Turtle 4 :[(-4,-4), (34,32), (34,33), (34,34), (33,34), (33,34), (32,34), (32,34), (32,34), (32,35), (-4,-4)]
Turtle 5 :[(-5,-5), (45,35), (45,36), (46,36), (45,36), (45,37), (45,38), (44,38), (43,38), (-5,-5), (-5,-5)]

Shrinking Run 93
#Info# Executed steps before collision: 10, Found collision: false
Turtle 1 :[(-1,-1), (37,16), (37,16), (37,16), (36,16), (36,16), (36,15), (36,15), (35,15), (35,15), (34,15)]
Turtle 2 :[(-2,-2), (45,37), (45,37), (45,38), (44,38), (43,38), (43,38), (42,38), (41,38), (-2,-2), (-2,-2)]
Turtle 3 :[(-3,-3), (37,28), (37,27), (37,27), (36,27), (36,27), (36,26), (36,26), (36,25), (-3,-3), (-3,-3)]
Turtle 4 :[(-4,-4), (34,32), (34,33), (34,34), (33,34), (33,34), (32,34), (32,34), (32,34), (32,35), (-4,-4)]
Turtle 5 :[(-5,-5), (45,35), (45,36), (45,37), (45,38), (45,38), (44,38), (45,38), (44,38), (43,38), (-5,-5)]

Shrinking Run 94
#Info# Executed steps before collision: 10, Found collision: false
Turtle 1 :[(-1,-1), (37,16), (37,16), (37,16), (36,16), (36,16), (36,15), (36,15), (35,15), (35,15), (34,15)]
Turtle 2 :[(-2,-2), (45,37), (45,37), (45,38), (44,38), (43,38), (43,38), (42,38), (41,38), (-2,-2), (-2,-2)]
Turtle 3 :[(-3,-3), (37,28), (37,27), (37,26), (37,25), (37,24), (37,23), (-3,-3), (-3,-3), (-3,-3), (-3,-3)]
Turtle 4 :[(-4,-4), (34,32), (34,33), (34,34), (33,34), (33,34), (32,34), (32,34), (32,34), (32,35), (-4,-4)]
Turtle 5 :[(-5,-5), (45,35), (45,36), (45,35), (45,36), (45,37), (44,37), (43,37), (43,38), (-5,-5), (-5,-5)]

Shrinking Run 95
#Info# Executed steps before collision: 10, Found collision: false
Turtle 1 :[(-1,-1), (37,16), (37,16), (37,16), (36,16), (36,16), (36,15), (36,15), (35,15), (35,15), (34,15)]
Turtle 2 :[(-2,-2), (45,37), (45,37), (45,38), (44,38), (43,38), (43,38), (42,38), (41,38), (-2,-2), (-2,-2)]
Turtle 3 :[(-3,-3), (37,28), (37,27), (37,27), (37,26), (37,26), (37,25), (37,25), (37,24), (-3,-3), (-3,-3)]
Turtle 4 :[(-4,-4), (34,32), (34,33), (34,34), (33,34), (33,34), (32,34), (32,34), (32,34), (32,35), (-4,-4)]
Turtle 5 :[(-5,-5), (45,35), (45,36), (46,36), (45,36), (44,36), (43,36), (43,37), (43,38), (-5,-5), (-5,-5)]

Shrinking Run 96
#Info# Executed steps before collision: 10, Found collision: false
Turtle 1 :[(-1,-1), (37,16), (37,16), (37,16), (36,16), (36,16), (36,15), (36,15), (35,15), (35,15), (34,15)]
Turtle 2 :[(-2,-2), (45,37), (45,37), (45,38), (44,38), (43,38), (43,38), (42,38), (41,38), (-2,-2), (-2,-2)]
Turtle 3 :[(-3,-3), (37,28), (37,27), (37,26), (37,25), (-3,-3), (-3,-3), (-3,-3), (-3,-3), (-3,-3), (-3,-3)]
Turtle 4 :[(-4,-4), (34,32), (34,33), (34,34), (33,34), (33,34), (32,34), (32,34), (32,34), (32,35), (-4,-4)]
Turtle 5 :[(-5,-5), (45,35), (45,36), (45,37), (44,37), (44,36), (44,37), (44,38), (43,38), (-5,-5), (-5,-5)]

Shrinking Run 97
#Info# Executed steps before collision: 10, Found collision: false
Turtle 1 :[(-1,-1), (37,16), (37,16), (37,16), (36,16), (36,16), (36,15), (36,15), (35,15), (35,15), (34,15)]
Turtle 2 :[(-2,-2), (45,37), (45,37), (45,38), (44,38), (43,38), (43,38), (42,38), (41,38), (-2,-2), (-2,-2)]
Turtle 3 :[(-3,-3), (37,28), (37,27), (37,27), (37,26), (37,25), (-3,-3), (-3,-3), (-3,-3), (-3,-3), (-3,-3)]
Turtle 4 :[(-4,-4), (34,32), (34,33), (34,34), (33,34), (33,34), (32,34), (32,34), (32,34), (32,35), (-4,-4)]
Turtle 5 :[(-5,-5), (45,35), (45,36), (46,36), (45,36), (44,36), (43,36), (43,37), (43,38), (-5,-5), (-5,-5)]

Shrinking Run 98
#Info# Executed steps before collision: 10, Found collision: false
Turtle 1 :[(-1,-1), (37,16), (37,16), (37,16), (36,16), (36,16), (36,15), (36,15), (35,15), (35,15), (34,15)]
Turtle 2 :[(-2,-2), (45,37), (45,37), (45,38), (44,38), (43,38), (43,38), (42,38), (41,38), (-2,-2), (-2,-2)]
Turtle 3 :[(-3,-3), (37,28), (37,27), (37,27), (37,26), (37,26), (37,25), (-3,-3), (-3,-3), (-3,-3), (-3,-3)]
Turtle 4 :[(-4,-4), (34,32), (34,33), (34,34), (33,34), (33,34), (32,34), (32,34), (32,34), (32,35), (-4,-4)]
Turtle 5 :[(-5,-5), (45,35), (45,36), (44,36), (43,36), (43,37), (42,37), (42,36), (43,36), (43,37), (43,38)]

Shrinking Run 99
#Info# Executed steps before collision: 10, Found collision: false
Turtle 1 :[(-1,-1), (37,16), (37,16), (37,16), (36,16), (36,16), (36,15), (36,15), (35,15), (35,15), (34,15)]
Turtle 2 :[(-2,-2), (45,37), (45,37), (45,38), (44,38), (43,38), (43,38), (42,38), (41,38), (-2,-2), (-2,-2)]
Turtle 3 :[(-3,-3), (37,28), (37,27), (37,26), (37,26), (37,26), (37,26), (37,25), (-3,-3), (-3,-3), (-3,-3)]
Turtle 4 :[(-4,-4), (34,32), (34,33), (34,34), (33,34), (33,34), (32,34), (32,34), (32,34), (32,35), (-4,-4)]
Turtle 5 :[(-5,-5), (45,35), (45,36), (45,36), (46,36), (45,36), (45,37), (45,38), (44,38), (43,38), (-5,-5)]

Shrinking Run 100
#Info# Executed steps before collision: 10, Found collision: false
Turtle 1 :[(-1,-1), (37,16), (37,16), (37,16), (36,16), (36,16), (36,15), (36,15), (35,15), (35,15), (34,15)]
Turtle 2 :[(-2,-2), (45,37), (45,37), (45,38), (44,38), (43,38), (43,38), (42,38), (41,38), (-2,-2), (-2,-2)]
Turtle 3 :[(-3,-3), (37,28), (37,27), (37,27), (37,26), (37,26), (37,26), (37,25), (-3,-3), (-3,-3), (-3,-3)]
Turtle 4 :[(-4,-4), (34,32), (34,33), (34,34), (33,34), (33,34), (32,34), (32,34), (32,34), (32,35), (-4,-4)]
Turtle 5 :[(-5,-5), (45,35), (45,36), (45,35), (45,36), (45,37), (44,37), (44,37), (44,38), (43,38), (-5,-5)]

Shrinking Run 101
#Info# Executed steps before collision: 10, Found collision: false
Turtle 1 :[(-1,-1), (37,16), (37,16), (37,16), (36,16), (36,16), (36,15), (36,15), (35,15), (35,15), (34,15)]
Turtle 2 :[(-2,-2), (45,37), (45,37), (45,38), (44,38), (43,38), (43,38), (42,38), (41,38), (-2,-2), (-2,-2)]
Turtle 3 :[(-3,-3), (37,28), (37,27), (37,27), (37,27), (37,26), (37,26), (37,25), (-3,-3), (-3,-3), (-3,-3)]
Turtle 4 :[(-4,-4), (34,32), (34,31), (34,30), (33,30), (33,30), (32,30), (32,30), (32,30), (32,29), (-4,-4)]
Turtle 5 :[(-5,-5), (45,35), (45,36), (45,36), (45,37), (44,37), (43,37), (44,37), (43,37), (43,38), (-5,-5)]

Shrinking Run 102
#Info# Executed steps before collision: 10, Found collision: false
Turtle 1 :[(-1,-1), (37,16), (37,16), (37,16), (36,16), (36,16), (36,15), (36,15), (35,15), (35,15), (34,15)]
Turtle 2 :[(-2,-2), (45,37), (45,37), (45,38), (44,38), (43,38), (43,38), (42,38), (41,38), (-2,-2), (-2,-2)]
Turtle 3 :[(-3,-3), (37,28), (37,27), (37,27), (37,27), (37,26), (37,26), (37,25), (-3,-3), (-3,-3), (-3,-3)]
Turtle 4 :[(-4,-4), (34,32), (33,32), (33,31), (32,31), (32,31), (31,31), (31,31), (31,31), (31,30), (-4,-4)]
Turtle 5 :[(-5,-5), (45,35), (45,36), (45,36), (46,36), (46,37), (45,37), (45,38), (44,38), (43,38), (-5,-5)]

Shrinking Run 103
#Info# Executed steps before collision: 10, Found collision: false
Turtle 1 :[(-1,-1), (37,16), (37,16), (37,16), (36,16), (36,16), (36,15), (36,15), (35,15), (35,15), (34,15)]
Turtle 2 :[(-2,-2), (45,37), (45,37), (45,38), (44,38), (43,38), (43,38), (42,38), (41,38), (-2,-2), (-2,-2)]
Turtle 3 :[(-3,-3), (37,28), (37,27), (37,27), (37,27), (37,26), (37,26), (37,25), (-3,-3), (-3,-3), (-3,-3)]
Turtle 4 :[(-4,-4), (34,32), (33,32), (33,33), (32,33), (32,33), (31,33), (31,33), (31,33), (30,33), (-4,-4)]
Turtle 5 :[(-5,-5), (45,35), (45,36), (45,36), (45,37), (44,37), (43,37), (43,38), (-5,-5), (-5,-5), (-5,-5)]

Shrinking Run 104
#Info# Executed steps before collision: 10, Found collision: false
Turtle 1 :[(-1,-1), (37,16), (37,16), (37,16), (36,16), (36,16), (36,15), (36,15), (35,15), (35,15), (34,15)]
Turtle 2 :[(-2,-2), (45,37), (45,37), (45,38), (44,38), (43,38), (43,38), (42,38), (41,38), (-2,-2), (-2,-2)]
Turtle 3 :[(-3,-3), (37,28), (37,27), (37,27), (37,27), (37,26), (37,26), (37,25), (-3,-3), (-3,-3), (-3,-3)]
Turtle 4 :[(-4,-4), (34,32), (33,32), (33,33), (32,33), (32,33), (31,33), (31,33), (31,33), (31,34), (-4,-4)]
Turtle 5 :[(-5,-5), (45,35), (45,36), (45,35), (45,36), (45,37), (45,38), (44,38), (43,38), (-5,-5), (-5,-5)]

Shrinking Run 105
#Info# Executed steps before collision: 10, Found collision: false
Turtle 1 :[(-1,-1), (37,16), (37,16), (37,16), (36,16), (36,16), (36,15), (36,15), (35,15), (35,15), (34,15)]
Turtle 2 :[(-2,-2), (45,37), (45,37), (45,38), (44,38), (43,38), (43,38), (42,38), (41,38), (-2,-2), (-2,-2)]
Turtle 3 :[(-3,-3), (37,28), (37,27), (37,27), (37,27), (37,26), (37,26), (37,25), (-3,-3), (-3,-3), (-3,-3)]
Turtle 4 :[(-4,-4), (34,32), (34,33), (34,34), (33,34), (33,34), (32,34), (32,34), (32,34), (31,34), (-4,-4)]
Turtle 5 :[(-5,-5), (45,35), (45,36), (44,36), (44,37), (43,37), (44,37), (43,37), (43,38), (-5,-5), (-5,-5)]

Shrinking Run 106
#Info# Executed steps before collision: 10, Found collision: false
Turtle 1 :[(-1,-1), (37,16), (37,16), (37,16), (36,16), (36,16), (36,15), (36,15), (35,15), (35,15), (34,15)]
Turtle 2 :[(-2,-2), (45,37), (45,37), (45,38), (44,38), (43,38), (43,38), (42,38), (41,38), (-2,-2), (-2,-2)]
Turtle 3 :[(-3,-3), (37,28), (37,27), (37,27), (37,27), (37,26), (37,26), (37,25), (-3,-3), (-3,-3), (-3,-3)]
Turtle 4 :[(-4,-4), (34,32), (33,32), (33,33), (32,33), (32,33), (32,34), (32,34), (32,34), (32,35), (-4,-4)]
Turtle 5 :[(-5,-5), (45,35), (45,36), (45,35), (44,35), (44,36), (43,36), (43,37), (43,38), (-5,-5), (-5,-5)]

Shrinking Run 107
#Info# Executed steps before collision: 10, Found collision: false
Turtle 1 :[(-1,-1), (37,16), (37,16), (37,16), (36,16), (36,16), (36,15), (36,15), (35,15), (35,15), (34,15)]
Turtle 2 :[(-2,-2), (45,37), (45,37), (45,38), (44,38), (43,38), (43,38), (42,38), (41,38), (-2,-2), (-2,-2)]
Turtle 3 :[(-3,-3), (37,28), (37,27), (37,27), (37,27), (37,26), (37,26), (37,25), (-3,-3), (-3,-3), (-3,-3)]
Turtle 4 :[(-4,-4), (34,32), (34,33), (33,33), (32,33), (32,33), (31,33), (31,33), (31,33), (31,34), (-4,-4)]
Turtle 5 :[(-5,-5), (45,35), (45,36), (46,36), (46,37), (45,37), (45,38), (44,38), (43,38), (-5,-5), (-5,-5)]

Shrinking Run 108
#Info# Executed steps before collision: 10, Found collision: false
Turtle 1 :[(-1,-1), (37,16), (37,16), (37,16), (36,16), (36,16), (36,15), (36,15), (35,15), (35,15), (34,15)]
Turtle 2 :[(-2,-2), (45,37), (45,37), (45,38), (44,38), (43,38), (43,38), (42,38), (41,38), (-2,-2), (-2,-2)]
Turtle 3 :[(-3,-3), (37,28), (37,27), (37,27), (37,27), (37,26), (37,26), (37,25), (-3,-3), (-3,-3), (-3,-3)]
Turtle 4 :[(-4,-4), (34,32), (34,33), (33,33), (32,33), (32,34), (32,35), (-4,-4), (-4,-4), (-4,-4), (-4,-4)]
Turtle 5 :[(-5,-5), (45,35), (45,36), (45,36), (45,37), (44,37), (43,37), (43,38), (-5,-5), (-5,-5), (-5,-5)]

Shrinking Run 109
#Info# Executed steps before collision: 10, Found collision: false
Turtle 1 :[(-1,-1), (37,16), (37,16), (37,16), (36,16), (36,16), (36,15), (36,15), (35,15), (35,15), (34,15)]
Turtle 2 :[(-2,-2), (45,37), (45,37), (45,38), (44,38), (43,38), (43,38), (42,38), (41,38), (-2,-2), (-2,-2)]
Turtle 3 :[(-3,-3), (37,28), (37,27), (37,27), (37,27), (37,26), (37,26), (37,25), (-3,-3), (-3,-3), (-3,-3)]
Turtle 4 :[(-4,-4), (34,32), (34,33), (33,33), (32,33), (32,33), (32,34), (32,35), (-4,-4), (-4,-4), (-4,-4)]
Turtle 5 :[(-5,-5), (45,35), (45,36), (44,36), (44,37), (44,36), (43,36), (43,37), (43,38), (-5,-5), (-5,-5)]

Shrinking Run 110
#Info# Executed steps before collision: 10, Found collision: false
Turtle 1 :[(-1,-1), (37,16), (37,16), (37,16), (36,16), (36,16), (36,15), (36,15), (35,15), (35,15), (34,15)]
Turtle 2 :[(-2,-2), (45,37), (45,37), (45,38), (44,38), (43,38), (43,38), (42,38), (41,38), (-2,-2), (-2,-2)]
Turtle 3 :[(-3,-3), (37,28), (37,27), (37,27), (37,27), (37,26), (37,26), (37,25), (-3,-3), (-3,-3), (-3,-3)]
Turtle 4 :[(-4,-4), (34,32), (34,33), (33,33), (33,34), (33,34), (32,34), (32,34), (32,35), (-4,-4), (-4,-4)]
Turtle 5 :[(-5,-5), (45,35), (45,36), (46,36), (46,37), (45,37), (45,38), (44,38), (43,38), (-5,-5), (-5,-5)]

Shrinking Run 111
#Info# Executed steps before collision: 10, Found collision: false
Turtle 1 :[(-1,-1), (37,16), (37,16), (37,16), (36,16), (36,16), (36,15), (36,15), (35,15), (35,15), (34,15)]
Turtle 2 :[(-2,-2), (45,37), (45,37), (45,38), (44,38), (43,38), (43,38), (42,38), (41,38), (-2,-2), (-2,-2)]
Turtle 3 :[(-3,-3), (37,28), (37,27), (37,27), (37,27), (37,26), (37,26), (37,25), (-3,-3), (-3,-3), (-3,-3)]
Turtle 4 :[(-4,-4), (34,32), (34,33), (33,33), (33,34), (33,34), (32,34), (32,34), (32,34), (32,35), (-4,-4)]
Turtle 5 :[(-5,-5), (45,35), (45,36), (45,37), (44,37), (43,37), (43,36), (43,37), (43,38), (-5,-5), (-5,-5)]

Shrinking Run 112
#Info# Executed steps before collision: 10, Found collision: false
Turtle 1 :[(-1,-1), (37,16), (37,16), (37,16), (36,16), (36,16), (36,15), (36,15), (35,15), (35,15), (34,15)]
Turtle 2 :[(-2,-2), (45,37), (45,37), (45,38), (44,38), (43,38), (43,38), (42,38), (41,38), (-2,-2), (-2,-2)]
Turtle 3 :[(-3,-3), (37,28), (37,27), (37,27), (37,27), (37,26), (37,26), (37,25), (-3,-3), (-3,-3), (-3,-3)]
Turtle 4 :[(-4,-4), (34,32), (34,33), (34,34), (33,34), (32,34), (32,34), (32,34), (32,34), (32,35), (-4,-4)]
Turtle 5 :[(-5,-5), (45,35), (45,36), (44,36), (44,37), (43,37), (43,37), (43,38), (-5,-5), (-5,-5), (-5,-5)]

Shrinking Run 113
#Info# Executed steps before collision: 10, Found collision: false
Turtle 1 :[(-1,-1), (37,16), (37,16), (37,16), (36,16), (36,16), (36,15), (36,15), (35,15), (35,15), (34,15)]
Turtle 2 :[(-2,-2), (45,37), (45,37), (45,38), (44,38), (43,38), (43,38), (42,38), (41,38), (-2,-2), (-2,-2)]
Turtle 3 :[(-3,-3), (37,28), (37,27), (37,27), (37,27), (37,26), (37,26), (37,25), (-3,-3), (-3,-3), (-3,-3)]
Turtle 4 :[(-4,-4), (34,32), (34,33), (34,34), (33,34), (33,34), (32,34), (32,34), (32,34), (32,35), (-4,-4)]
Turtle 5 :[(-5,-5), (45,35), (44,35), (44,36), (43,36), (43,37), (43,37), (43,38), (-5,-5), (-5,-5), (-5,-5)]

Shrinking Run 114
#Info# Executed steps before collision: 10, Found collision: false
Turtle 1 :[(-1,-1), (37,16), (37,16), (37,16), (36,16), (36,16), (36,15), (36,15), (35,15), (35,15), (34,15)]
Turtle 2 :[(-2,-2), (45,37), (45,37), (45,38), (44,38), (43,38), (43,38), (42,38), (41,38), (-2,-2), (-2,-2)]
Turtle 3 :[(-3,-3), (37,28), (37,27), (37,27), (37,27), (37,26), (37,26), (37,25), (-3,-3), (-3,-3), (-3,-3)]
Turtle 4 :[(-4,-4), (34,32), (34,33), (34,34), (33,34), (33,34), (32,34), (32,34), (32,34), (32,35), (-4,-4)]
Turtle 5 :[(-5,-5), (45,35), (45,34), (45,33), (44,33), (44,32), (44,31), (-5,-5), (-5,-5), (-5,-5), (-5,-5)]

Shrinking Run 115
#Info# Executed steps before collision: 10, Found collision: false
Turtle 1 :[(-1,-1), (37,16), (37,16), (37,16), (36,16), (36,16), (36,15), (36,15), (35,15), (35,15), (34,15)]
Turtle 2 :[(-2,-2), (45,37), (45,37), (45,38), (44,38), (43,38), (43,38), (42,38), (41,38), (-2,-2), (-2,-2)]
Turtle 3 :[(-3,-3), (37,28), (37,27), (37,27), (37,27), (37,26), (37,26), (37,25), (-3,-3), (-3,-3), (-3,-3)]
Turtle 4 :[(-4,-4), (34,32), (34,33), (34,34), (33,34), (33,34), (32,34), (32,34), (32,34), (32,35), (-4,-4)]
Turtle 5 :[(-5,-5), (45,35), (44,35), (44,34), (43,34), (43,33), (43,32), (-5,-5), (-5,-5), (-5,-5), (-5,-5)]

Shrinking Run 116
#Info# Executed steps before collision: 10, Found collision: false
Turtle 1 :[(-1,-1), (37,16), (37,16), (37,16), (36,16), (36,16), (36,15), (36,15), (35,15), (35,15), (34,15)]
Turtle 2 :[(-2,-2), (45,37), (45,37), (45,38), (44,38), (43,38), (43,38), (42,38), (41,38), (-2,-2), (-2,-2)]
Turtle 3 :[(-3,-3), (37,28), (37,27), (37,27), (37,27), (37,26), (37,26), (37,25), (-3,-3), (-3,-3), (-3,-3)]
Turtle 4 :[(-4,-4), (34,32), (34,33), (34,34), (33,34), (33,34), (32,34), (32,34), (32,34), (32,35), (-4,-4)]
Turtle 5 :[(-5,-5), (45,35), (44,35), (44,36), (43,36), (42,36), (41,36), (-5,-5), (-5,-5), (-5,-5), (-5,-5)]

Shrinking Run 117
#Info# Executed steps before collision: 10, Found collision: false
Turtle 1 :[(-1,-1), (37,16), (37,16), (37,16), (36,16), (36,16), (36,15), (36,15), (35,15), (35,15), (34,15)]
Turtle 2 :[(-2,-2), (45,37), (45,37), (45,38), (44,38), (43,38), (43,38), (42,38), (41,38), (-2,-2), (-2,-2)]
Turtle 3 :[(-3,-3), (37,28), (37,27), (37,27), (37,27), (37,26), (37,26), (37,25), (-3,-3), (-3,-3), (-3,-3)]
Turtle 4 :[(-4,-4), (34,32), (34,33), (34,34), (33,34), (33,34), (32,34), (32,34), (32,34), (32,35), (-4,-4)]
Turtle 5 :[(-5,-5), (45,35), (45,36), (44,36), (43,36), (43,37), (43,36), (43,37), (43,38), (-5,-5), (-5,-5)]

Shrinking Run 118
#Info# Executed steps before collision: 10, Found collision: false
Turtle 1 :[(-1,-1), (37,16), (37,16), (37,16), (36,16), (36,16), (36,15), (36,15), (35,15), (35,15), (34,15)]
Turtle 2 :[(-2,-2), (45,37), (45,37), (45,38), (44,38), (43,38), (43,38), (42,38), (41,38), (-2,-2), (-2,-2)]
Turtle 3 :[(-3,-3), (37,28), (37,27), (37,27), (37,27), (37,26), (37,26), (37,25), (-3,-3), (-3,-3), (-3,-3)]
Turtle 4 :[(-4,-4), (34,32), (34,33), (34,34), (33,34), (33,34), (32,34), (32,34), (32,34), (32,35), (-4,-4)]
Turtle 5 :[(-5,-5), (45,35), (44,35), (44,36), (43,36), (42,36), (42,37), (-5,-5), (-5,-5), (-5,-5), (-5,-5)]

Shrinking Run 119
#Info# Executed steps before collision: 10, Found collision: false
Turtle 1 :[(-1,-1), (37,16), (37,16), (37,16), (36,16), (36,16), (36,15), (36,15), (35,15), (35,15), (34,15)]
Turtle 2 :[(-2,-2), (45,37), (45,37), (45,38), (44,38), (43,38), (43,38), (42,38), (41,38), (-2,-2), (-2,-2)]
Turtle 3 :[(-3,-3), (37,28), (37,27), (37,27), (37,27), (37,26), (37,26), (37,25), (-3,-3), (-3,-3), (-3,-3)]
Turtle 4 :[(-4,-4), (34,32), (34,33), (34,34), (33,34), (33,34), (32,34), (32,34), (32,34), (32,35), (-4,-4)]
Turtle 5 :[(-5,-5), (45,35), (45,36), (45,35), (44,35), (44,36), (43,36), (43,37), (42,37), (-5,-5), (-5,-5)]

Shrinking Run 120
#Info# Executed steps before collision: 11, Found collision: false
Turtle 1 :[(-1,-1), (37,16), (36,16), (36,16), (35,16), (35,16), (35,15), (35,15), (34,15), (34,15), (34,15), (33,15)]
Turtle 2 :[(-2,-2), (45,37), (45,37), (45,38), (44,38), (43,38), (43,38), (42,38), (41,38), (-2,-2), (-2,-2), (-2,-2)]
Turtle 3 :[(-3,-3), (37,28), (37,27), (37,27), (37,27), (37,26), (37,26), (37,25), (-3,-3), (-3,-3), (-3,-3), (-3,-3)]
Turtle 4 :[(-4,-4), (34,32), (34,33), (34,34), (33,34), (33,34), (32,34), (32,34), (32,34), (32,35), (-4,-4), (-4,-4)]
Turtle 5 :[(-5,-5), (45,35), (45,36), (44,36), (43,36), (43,37), (44,37), (43,37), (43,38), (-5,-5), (-5,-5), (-5,-5)]

Shrinking Run 121
#Info# Executed steps before collision: 11, Found collision: false
Turtle 1 :[(-1,-1), (37,16), (37,15), (37,15), (36,15), (36,15), (36,14), (36,14), (36,13), (36,13), (36,13), (35,13)]
Turtle 2 :[(-2,-2), (45,37), (45,37), (45,38), (44,38), (43,38), (43,38), (42,38), (41,38), (-2,-2), (-2,-2), (-2,-2)]
Turtle 3 :[(-3,-3), (37,28), (37,27), (37,27), (37,27), (37,26), (37,26), (37,25), (-3,-3), (-3,-3), (-3,-3), (-3,-3)]
Turtle 4 :[(-4,-4), (34,32), (34,33), (34,34), (33,34), (33,34), (32,34), (32,34), (32,34), (32,35), (-4,-4), (-4,-4)]
Turtle 5 :[(-5,-5), (45,35), (45,36), (44,36), (43,36), (43,37), (43,36), (42,36), (42,37), (43,37), (43,38), (-5,-5)]

Shrinking Run 122
#Info# Executed steps before collision: 11, Found collision: false
Turtle 1 :[(-1,-1), (37,16), (36,16), (36,16), (35,16), (35,16), (35,15), (35,15), (35,14), (35,14), (35,14), (34,14)]
Turtle 2 :[(-2,-2), (45,37), (45,37), (45,38), (44,38), (43,38), (43,38), (42,38), (41,38), (-2,-2), (-2,-2), (-2,-2)]
Turtle 3 :[(-3,-3), (37,28), (37,27), (37,27), (37,27), (37,26), (37,26), (37,25), (-3,-3), (-3,-3), (-3,-3), (-3,-3)]
Turtle 4 :[(-4,-4), (34,32), (34,33), (34,34), (33,34), (33,34), (32,34), (32,34), (32,34), (32,35), (-4,-4), (-4,-4)]
Turtle 5 :[(-5,-5), (45,35), (45,36), (45,36), (45,37), (44,37), (43,37), (43,38), (-5,-5), (-5,-5), (-5,-5), (-5,-5)]

Shrinking Run 123
#Info# Executed steps before collision: 10, Found collision: false
Turtle 1 :[(-1,-1), (37,16), (37,16), (37,16), (36,16), (36,16), (35,16), (35,16), (35,15), (35,15), (34,15)]
Turtle 2 :[(-2,-2), (45,37), (45,37), (45,38), (44,38), (43,38), (43,38), (42,38), (41,38), (-2,-2), (-2,-2)]
Turtle 3 :[(-3,-3), (37,28), (37,27), (37,27), (37,27), (37,26), (37,26), (37,25), (-3,-3), (-3,-3), (-3,-3)]
Turtle 4 :[(-4,-4), (34,32), (34,33), (34,34), (33,34), (33,34), (32,34), (32,34), (32,34), (32,35), (-4,-4)]
Turtle 5 :[(-5,-5), (45,35), (45,36), (44,36), (43,36), (43,37), (44,37), (44,38), (43,38), (-5,-5), (-5,-5)]

Shrinking Run 124
#Info# Executed steps before collision: 9, Found collision: false
Turtle 1 :[(-1,-1), (37,16), (36,16), (35,16), (35,15), (34,15), (-1,-1), (-1,-1), (-1,-1), (-1,-1)]
Turtle 2 :[(-2,-2), (45,37), (45,37), (45,38), (44,38), (43,38), (43,38), (42,38), (41,38), (-2,-2)]
Turtle 3 :[(-3,-3), (37,28), (37,27), (37,27), (37,27), (37,26), (37,26), (37,25), (-3,-3), (-3,-3)]
Turtle 4 :[(-4,-4), (34,32), (34,33), (34,34), (33,34), (33,34), (32,34), (32,34), (32,34), (32,35)]
Turtle 5 :[(-5,-5), (45,35), (45,36), (45,36), (45,37), (44,37), (43,37), (43,38), (-5,-5), (-5,-5)]

Shrinking Run 125
#Info# Executed steps before collision: 9, Found collision: false
Turtle 1 :[(-1,-1), (37,16), (36,16), (36,16), (36,15), (35,15), (34,15), (-1,-1), (-1,-1), (-1,-1)]
Turtle 2 :[(-2,-2), (45,37), (45,37), (45,38), (44,38), (43,38), (43,38), (42,38), (41,38), (-2,-2)]
Turtle 3 :[(-3,-3), (37,28), (37,27), (37,27), (37,27), (37,26), (37,26), (37,25), (-3,-3), (-3,-3)]
Turtle 4 :[(-4,-4), (34,32), (34,33), (34,34), (33,34), (33,34), (32,34), (32,34), (32,34), (32,35)]
Turtle 5 :[(-5,-5), (45,35), (45,36), (44,36), (43,36), (43,37), (42,37), (42,37), (43,37), (43,38)]

Shrinking Run 126
#Info# Executed steps before collision: 9, Found collision: false
Turtle 1 :[(-1,-1), (37,16), (36,16), (36,16), (35,16), (35,16), (35,15), (34,15), (-1,-1), (-1,-1)]
Turtle 2 :[(-2,-2), (45,37), (45,37), (45,38), (44,38), (43,38), (43,38), (42,38), (41,38), (-2,-2)]
Turtle 3 :[(-3,-3), (37,28), (37,27), (37,27), (37,27), (37,26), (37,26), (37,25), (-3,-3), (-3,-3)]
Turtle 4 :[(-4,-4), (34,32), (34,33), (34,34), (33,34), (33,34), (32,34), (32,34), (32,34), (32,35)]
Turtle 5 :[(-5,-5), (45,35), (45,36), (45,36), (45,35), (45,36), (44,36), (44,37), (44,38), (43,38)]

Shrinking Run 127
#Info# Executed steps before collision: 9, Found collision: false
Turtle 1 :[(-1,-1), (37,16), (36,16), (36,16), (35,16), (35,16), (35,15), (35,15), (35,15), (34,15)]
Turtle 2 :[(-2,-2), (45,37), (45,37), (45,38), (44,38), (43,38), (43,38), (42,38), (41,38), (-2,-2)]
Turtle 3 :[(-3,-3), (37,28), (37,27), (37,27), (37,27), (37,26), (37,26), (37,25), (-3,-3), (-3,-3)]
Turtle 4 :[(-4,-4), (34,32), (34,33), (34,34), (33,34), (33,34), (32,34), (32,34), (32,34), (32,35)]
Turtle 5 :[(-5,-5), (45,35), (45,36), (44,36), (43,36), (43,37), (44,37), (44,38), (43,38), (-5,-5)]

Shrinking Run 128
#Info# Executed steps before collision: 10, Found collision: false
Turtle 1 :[(-1,-1), (37,16), (36,16), (36,16), (35,16), (35,16), (35,15), (35,15), (34,15), (-1,-1), (-1,-1)]
Turtle 2 :[(-2,-2), (45,37), (45,37), (45,38), (44,38), (43,38), (43,38), (42,38), (41,38), (-2,-2), (-2,-2)]
Turtle 3 :[(-3,-3), (37,28), (37,27), (37,27), (37,27), (37,26), (37,26), (37,25), (-3,-3), (-3,-3), (-3,-3)]
Turtle 4 :[(-4,-4), (34,32), (34,33), (34,34), (33,34), (33,34), (32,34), (32,34), (32,34), (32,35), (-4,-4)]
Turtle 5 :[(-5,-5), (45,35), (45,36), (44,36), (44,37), (43,37), (42,37), (42,36), (42,37), (43,37), (43,38)]

Shrinking Run 129
#Info# Executed steps before collision: 10, Found collision: false
Turtle 1 :[(-1,-1), (37,16), (37,15), (37,15), (37,15), (37,15), (36,15), (36,15), (35,15), (35,15), (34,15)]
Turtle 2 :[(-2,-2), (45,37), (45,37), (45,38), (44,38), (43,38), (43,38), (42,38), (41,38), (-2,-2), (-2,-2)]
Turtle 3 :[(-3,-3), (37,28), (37,27), (37,27), (37,27), (37,26), (37,26), (37,25), (-3,-3), (-3,-3), (-3,-3)]
Turtle 4 :[(-4,-4), (34,32), (34,33), (34,34), (33,34), (33,34), (32,34), (32,34), (32,34), (32,35), (-4,-4)]
Turtle 5 :[(-5,-5), (45,35), (45,36), (45,37), (44,37), (43,37), (43,37), (43,38), (-5,-5), (-5,-5), (-5,-5)]

Shrinking Run 130
#Info# Executed steps before collision: 10, Found collision: false
Turtle 1 :[(-1,-1), (37,16), (36,16), (36,16), (36,16), (36,16), (36,15), (36,15), (35,15), (35,15), (34,15)]
Turtle 2 :[(-2,-2), (45,37), (45,37), (45,38), (44,38), (43,38), (43,38), (42,38), (41,38), (-2,-2), (-2,-2)]
Turtle 3 :[(-3,-3), (37,28), (37,27), (37,27), (37,27), (37,26), (37,26), (37,25), (-3,-3), (-3,-3), (-3,-3)]
Turtle 4 :[(-4,-4), (34,32), (34,33), (34,34), (33,34), (33,34), (32,34), (32,34), (32,34), (32,35), (-4,-4)]
Turtle 5 :[(-5,-5), (45,35), (45,36), (45,37), (44,37), (44,37), (44,38), (43,38), (-5,-5), (-5,-5), (-5,-5)]

Shrinking Run 131
#Info# Executed steps before collision: 10, Found collision: false
Turtle 1 :[(-1,-1), (37,16), (37,16), (37,15), (37,15), (37,15), (36,15), (36,15), (35,15), (35,15), (34,15)]
Turtle 2 :[(-2,-2), (45,37), (45,37), (45,38), (44,38), (43,38), (43,38), (42,38), (41,38), (-2,-2), (-2,-2)]
Turtle 3 :[(-3,-3), (37,28), (37,27), (37,27), (37,27), (37,26), (37,26), (37,25), (-3,-3), (-3,-3), (-3,-3)]
Turtle 4 :[(-4,-4), (34,32), (34,33), (34,34), (33,34), (33,34), (32,34), (32,34), (32,34), (32,35), (-4,-4)]
Turtle 5 :[(-5,-5), (45,35), (45,36), (45,36), (45,37), (44,37), (43,37), (43,38), (-5,-5), (-5,-5), (-5,-5)]

Shrinking Run 132
#Info# Executed steps before collision: 10, Found collision: false
Turtle 1 :[(-1,-1), (37,16), (37,16), (36,16), (36,16), (36,16), (36,15), (36,15), (35,15), (35,15), (34,15)]
Turtle 2 :[(-2,-2), (45,37), (45,37), (45,38), (44,38), (43,38), (43,38), (42,38), (41,38), (-2,-2), (-2,-2)]
Turtle 3 :[(-3,-3), (37,28), (37,27), (37,27), (37,27), (37,26), (37,26), (37,25), (-3,-3), (-3,-3), (-3,-3)]
Turtle 4 :[(-4,-4), (34,32), (34,33), (34,34), (33,34), (33,34), (32,34), (32,34), (32,34), (32,35), (-4,-4)]
Turtle 5 :[(-5,-5), (45,35), (45,36), (46,36), (46,37), (45,37), (44,37), (44,38), (43,38), (-5,-5), (-5,-5)]

Shrinking Run 133
#Info# Executed steps before collision: 10, Found collision: false
Turtle 1 :[(-1,-1), (37,16), (37,16), (37,16), (37,15), (37,15), (36,15), (36,15), (35,15), (35,15), (34,15)]
Turtle 2 :[(-2,-2), (45,37), (45,37), (45,38), (44,38), (43,38), (43,38), (42,38), (41,38), (-2,-2), (-2,-2)]
Turtle 3 :[(-3,-3), (37,28), (37,27), (37,27), (37,27), (37,26), (37,26), (37,25), (-3,-3), (-3,-3), (-3,-3)]
Turtle 4 :[(-4,-4), (34,32), (34,33), (34,34), (33,34), (33,34), (32,34), (32,34), (32,34), (32,35), (-4,-4)]
Turtle 5 :[(-5,-5), (45,35), (45,36), (46,36), (46,37), (45,37), (44,37), (44,38), (43,38), (-5,-5), (-5,-5)]

Shrinking Run 134
#Info# Executed steps before collision: 10, Found collision: false
Turtle 1 :[(-1,-1), (37,16), (37,16), (37,16), (36,16), (36,15), (35,15), (35,15), (35,15), (35,15), (34,15)]
Turtle 2 :[(-2,-2), (45,37), (45,37), (45,38), (44,38), (43,38), (43,38), (42,38), (41,38), (-2,-2), (-2,-2)]
Turtle 3 :[(-3,-3), (37,28), (37,27), (37,27), (37,27), (37,26), (37,26), (37,25), (-3,-3), (-3,-3), (-3,-3)]
Turtle 4 :[(-4,-4), (34,32), (34,33), (34,34), (33,34), (33,34), (32,34), (32,34), (32,34), (32,35), (-4,-4)]
Turtle 5 :[(-5,-5), (45,35), (45,36), (45,37), (44,37), (43,37), (43,37), (44,37), (44,38), (43,38), (-5,-5)]

Shrinking Run 135
#Info# Executed steps before collision: 10, Found collision: false
Turtle 1 :[(-1,-1), (37,16), (37,16), (37,16), (36,16), (35,16), (35,15), (35,15), (35,15), (35,15), (34,15)]
Turtle 2 :[(-2,-2), (45,37), (45,37), (45,38), (44,38), (43,38), (43,38), (42,38), (41,38), (-2,-2), (-2,-2)]
Turtle 3 :[(-3,-3), (37,28), (37,27), (37,27), (37,27), (37,26), (37,26), (37,25), (-3,-3), (-3,-3), (-3,-3)]
Turtle 4 :[(-4,-4), (34,32), (34,33), (34,34), (33,34), (33,34), (32,34), (32,34), (32,34), (32,35), (-4,-4)]
Turtle 5 :[(-5,-5), (45,35), (45,36), (44,36), (44,37), (44,37), (44,38), (43,38), (-5,-5), (-5,-5), (-5,-5)]

Shrink Run 136
#Info# Executed steps before collision: 10, Found collision: false
Turtle 1 :[(-1,-1), (37,16), (37,16), (37,16), (36,16), (36,16), (36,15), (35,15), (35,15), (35,15), (34,15)]
Turtle 2 :[(-2,-2), (45,37), (45,37), (45,38), (44,38), (43,38), (43,38), (42,38), (41,38), (-2,-2), (-2,-2)]
Turtle 3 :[(-3,-3), (37,28), (37,27), (37,27), (37,27), (37,26), (37,26), (37,25), (-3,-3), (-3,-3), (-3,-3)]
Turtle 4 :[(-4,-4), (34,32), (34,33), (34,34), (33,34), (33,34), (32,34), (32,34), (32,34), (32,35), (-4,-4)]
Turtle 5 :[(-5,-5), (45,35), (45,36), (45,35), (45,36), (44,36), (43,36), (43,37), (43,38), (-5,-5), (-5,-5)]

