Detection Run 1
#Info# Executed steps before collision: 6, Found collision: false
Turtle 1 :[(-1,-1), (10,7), (9,7), (9,8), (9,9), (8,9), (8,10)]
Turtle 2 :[(-2,-2), (10,5), (9,5), (10,5), (9,5), (9,6), (-2,-2)]
Turtle 3 :[(-3,-3), (2,2), (2,3), (1,3), (1,4), (0,4), (0,5)]
Turtle 4 :[(-4,-4), (1,9), (1,10), (2,10), (3,10), (4,10), (4,11)]
Turtle 5 :[(-5,-5), (10,8), (11,8), (11,9), (11,10), (12,10), (-5,-5)]

Detection Run 2
#Info# Executed steps before collision: 6, Found collision: false
Turtle 1 :[(-1,-1), (12,1), (12,2), (-1,-1), (-1,-1), (-1,-1), (-1,-1)]
Turtle 2 :[(-2,-2), (9,9), (9,8), (10,8), (11,8), (11,7), (11,6)]
Turtle 3 :[(-3,-3), (2,12), (3,12), (3,11), (2,11), (1,11), (0,11)]
Turtle 4 :[(-4,-4), (8,4), (9,4), (10,4), (11,4), (11,3), (11,2)]
Turtle 5 :[(-5,-5), (-5,-5), (-5,-5), (8,4), (9,4), (10,4), (-5,-5)]

Detection Run 3
#Info# Executed steps before collision: 6, Found collision: false
Turtle 1 :[(-1,-1), (9,7), (10,7), (9,7), (9,8), (9,9), (-1,-1)]
Turtle 2 :[(-2,-2), (1,14), (1,13), (1,12), (1,11), (0,11), (-2,-2)]
Turtle 3 :[(-3,-3), (8,7), (8,8), (8,9), (8,10), (8,11), (9,11)]
Turtle 4 :[(-4,-4), (7,6), (6,6), (5,6), (5,7), (4,7), (4,8)]
Turtle 5 :[(-5,-5), (2,6), (3,6), (4,6), (5,6), (5,5), (6,5)]

Detection Run 4
#Info# Executed steps before collision: 6, Found collision: false
Turtle 1 :[(-1,-1), (6,5), (6,6), (5,6), (4,6), (3,6), (2,6)]
Turtle 2 :[(-2,-2), (12,9), (12,8), (12,7), (12,6), (12,5), (11,5)]
Turtle 3 :[(-3,-3), (4,2), (3,2), (2,2), (1,2), (0,2), (-3,-3)]
Turtle 4 :[(-4,-4), (14,4), (13,4), (13,5), (13,6), (13,7), (13,8)]
Turtle 5 :[(-5,-5), (4,14), (5,14), (-5,-5), (-5,-5), (-5,-5), (-5,-5)]

Detection Run 5
#Info# Executed steps before collision: 6, Found collision: false
Turtle 1 :[(-1,-1), (4,0), (3,0), (3,1), (2,1), (2,2), (1,2)]
Turtle 2 :[(-2,-2), (6,13), (5,13), (4,13), (4,12), (3,12), (2,12)]
Turtle 3 :[(-3,-3), (5,4), (6,4), (7,4), (8,4), (9,4), (10,4)]
Turtle 4 :[(-4,-4), (7,10), (6,10), (5,10), (4,10), (3,10), (3,11)]
Turtle 5 :[(-5,-5), (9,10), (9,9), (9,8), (9,7), (10,7), (11,7)]

Detection Run 6
#Info# Executed steps before collision: 6, Found collision: false
Turtle 1 :[(-1,-1), (10,14), (10,13), (11,13), (11,12), (12,12), (12,11)]
Turtle 2 :[(-2,-2), (0,11), (1,11), (1,10), (1,9), (2,9), (3,9)]
Turtle 3 :[(-3,-3), (8,10), (9,10), (9,11), (10,11), (-3,-3), (-3,-3)]
Turtle 4 :[(-4,-4), (9,5), (10,5), (9,5), (9,4), (9,3), (-4,-4)]
Turtle 5 :[(-5,-5), (4,6), (4,7), (4,8), (4,9), (4,10), (-5,-5)]

Detection Run 7
#Info# Executed steps before collision: 7, Found collision: false
Turtle 1 :[(-1,-1), (14,10), (13,10), (12,10), (12,11), (11,11), (11,12), (-1,-1)]
Turtle 2 :[(-2,-2), (9,0), (10,0), (11,0), (12,0), (13,0), (14,0), (-2,-2)]
Turtle 3 :[(-3,-3), (6,10), (5,10), (5,11), (4,11), (3,11), (2,11), (-3,-3)]
Turtle 4 :[(-4,-4), (12,3), (12,2), (13,2), (14,2), (14,2), (14,1), (-4,-4)]
Turtle 5 :[(-5,-5), (14,2), (14,1), (14,1), (14,0), (14,0), (13,0), (12,0)]

Fault Detection Run 8
#Info# Executed steps before collision: 4, Found collision: true
Turtle 1 :[(-1,-1), (8,6), (9,6), (9,7), (10,7), (9,7), (10,7), (11,7), (11,8), (-1,-1), (-1,-1)]
Turtle 2 :[(-2,-2), (13,3), (12,3), (11,3), (11,2), (10,2), (9,2), (-2,-2), (-2,-2), (-2,-2), (-2,-2)]
Turtle 3 :[(-3,-3), (9,5), (10,5), (10,6), (10,7), (11,7), (11,8), (11,9), (10,9), (-3,-3), (-3,-3)]
Turtle 4 :[(-4,-4), (11,11), (11,10), (11,9), (11,8), (12,8), (11,8), (12,8), (12,7), (12,6), (11,6)]
Turtle 5 :[(-5,-5), (10,7), (10,8), (9,8), (10,8), (9,8), (10,8), (10,8), (11,8), (11,7), (-5,-5)]

