Shrinking Run 1
#Info# Executed steps before collision: 10, Found collision: false
Turtle 1 :[(-1,-1), (0,14), (0,13), (0,12), (0,13), (0,12), (0,11), (0,10), (0,11), (0,10), (0,9)]
Turtle 2 :[(-2,-2), (13,3), (12,3), (11,3), (11,2), (10,2), (9,2), (-2,-2), (-2,-2), (-2,-2), (-2,-2)]
Turtle 3 :[(-3,-3), (0,13), (0,12), (0,11), (0,10), (0,9), (0,9), (0,9), (0,8), (-3,-3), (-3,-3)]
Turtle 4 :[(-4,-4), (14,7), (14,7), (15,7), (16,7), (16,8), (-4,-4), (-4,-4), (-4,-4), (-4,-4), (-4,-4)]
Turtle 5 :[(-5,-5), (13,14), (13,13), (14,13), (14,12), (-5,-5), (-5,-5), (-5,-5), (-5,-5), (-5,-5), (-5,-5)]

Shrinking Run 2
#Info# Executed steps before collision: 11, Found collision: false
Turtle 1 :[(-1,-1), (0,14), (0,13), (0,13), (0,12), (0,11), (0,10), (0,9), (-1,-1), (-1,-1), (-1,-1), (-1,-1)]
Turtle 2 :[(-2,-2), (13,3), (12,3), (11,3), (11,2), (10,2), (10,1), (-2,-2), (-2,-2), (-2,-2), (-2,-2), (-2,-2)]
Turtle 3 :[(-3,-3), (0,13), (0,12), (0,11), (0,10), (0,9), (0,9), (0,10), (0,11), (0,10), (0,9), (0,8)]
Turtle 4 :[(-4,-4), (14,7), (14,7), (15,7), (16,7), (16,8), (-4,-4), (-4,-4), (-4,-4), (-4,-4), (-4,-4), (-4,-4)]
Turtle 5 :[(-5,-5), (13,14), (13,13), (14,13), (14,12), (-5,-5), (-5,-5), (-5,-5), (-5,-5), (-5,-5), (-5,-5), (-5,-5)]

Shrinking Run 3
#Info# Executed steps before collision: 11, Found collision: false
Turtle 1 :[(-1,-1), (0,14), (0,14), (0,13), (0,12), (0,11), (0,10), (0,9), (-1,-1), (-1,-1), (-1,-1), (-1,-1)]
Turtle 2 :[(-2,-2), (13,3), (13,2), (12,2), (12,1), (11,1), (-2,-2), (-2,-2), (-2,-2), (-2,-2), (-2,-2), (-2,-2)]
Turtle 3 :[(-3,-3), (0,13), (0,12), (0,11), (0,10), (0,9), (0,9), (0,10), (0,11), (0,10), (0,9), (0,8)]
Turtle 4 :[(-4,-4), (14,7), (14,7), (15,7), (16,7), (16,8), (-4,-4), (-4,-4), (-4,-4), (-4,-4), (-4,-4), (-4,-4)]
Turtle 5 :[(-5,-5), (13,14), (13,13), (14,13), (14,12), (-5,-5), (-5,-5), (-5,-5), (-5,-5), (-5,-5), (-5,-5), (-5,-5)]

Shrinking Run 4
#Info# Executed steps before collision: 9, Found collision: false
Turtle 1 :[(-1,-1), (0,14), (0,14), (0,13), (0,12), (0,11), (0,10), (0,9), (-1,-1), (-1,-1)]
Turtle 2 :[(-2,-2), (13,3), (13,2), (13,1), (13,0), (12,0), (-2,-2), (-2,-2), (-2,-2), (-2,-2)]
Turtle 3 :[(-3,-3), (0,13), (0,12), (0,11), (0,10), (0,9), (0,9), (1,9), (1,8), (0,8)]
Turtle 4 :[(-4,-4), (14,7), (14,7), (15,7), (16,7), (16,8), (-4,-4), (-4,-4), (-4,-4), (-4,-4)]
Turtle 5 :[(-5,-5), (13,14), (13,13), (14,13), (14,12), (-5,-5), (-5,-5), (-5,-5), (-5,-5), (-5,-5)]

Shrinking Run 5
#Info# Executed steps before collision: 11, Found collision: false
Turtle 1 :[(-1,-1), (0,14), (1,14), (1,13), (0,13), (0,12), (0,11), (0,11), (0,10), (1,10), (0,10), (0,9)]
Turtle 2 :[(-2,-2), (13,3), (12,3), (12,2), (12,1), (-2,-2), (-2,-2), (-2,-2), (-2,-2), (-2,-2), (-2,-2), (-2,-2)]
Turtle 3 :[(-3,-3), (0,13), (0,12), (0,11), (0,10), (0,9), (0,9), (0,9), (0,8), (-3,-3), (-3,-3), (-3,-3)]
Turtle 4 :[(-4,-4), (14,7), (14,7), (15,7), (16,7), (16,8), (-4,-4), (-4,-4), (-4,-4), (-4,-4), (-4,-4), (-4,-4)]
Turtle 5 :[(-5,-5), (13,14), (13,13), (14,13), (14,12), (-5,-5), (-5,-5), (-5,-5), (-5,-5), (-5,-5), (-5,-5), (-5,-5)]

Shrinking Run 6
#Info# Executed steps before collision: 8, Found collision: false
Turtle 1 :[(-1,-1), (0,14), (1,14), (0,14), (0,13), (0,12), (0,11), (0,10), (0,9)]
Turtle 2 :[(-2,-2), (13,3), (13,2), (12,2), (12,1), (-2,-2), (-2,-2), (-2,-2), (-2,-2)]
Turtle 3 :[(-3,-3), (0,13), (0,12), (0,11), (0,10), (0,9), (0,8), (-3,-3), (-3,-3)]
Turtle 4 :[(-4,-4), (14,7), (14,7), (15,7), (16,7), (16,8), (-4,-4), (-4,-4), (-4,-4)]
Turtle 5 :[(-5,-5), (13,14), (13,13), (14,13), (14,12), (-5,-5), (-5,-5), (-5,-5), (-5,-5)]

Shrinking Run 7
#Info# Executed steps before collision: 9, Found collision: false
Turtle 1 :[(-1,-1), (0,14), (0,13), (1,13), (1,12), (0,12), (0,11), (0,11), (0,10), (0,9)]
Turtle 2 :[(-2,-2), (13,3), (13,2), (12,2), (12,1), (-2,-2), (-2,-2), (-2,-2), (-2,-2), (-2,-2)]
Turtle 3 :[(-3,-3), (0,13), (0,12), (0,11), (0,10), (0,9), (0,9), (0,8), (-3,-3), (-3,-3)]
Turtle 4 :[(-4,-4), (14,7), (14,7), (15,7), (16,7), (16,8), (-4,-4), (-4,-4), (-4,-4), (-4,-4)]
Turtle 5 :[(-5,-5), (13,14), (13,13), (14,13), (14,12), (-5,-5), (-5,-5), (-5,-5), (-5,-5), (-5,-5)]

Shrinking Run 8
#Info# Executed steps before collision: 10, Found collision: false
Turtle 1 :[(-1,-1), (0,14), (0,13), (0,12), (0,13), (0,12), (0,11), (0,10), (1,10), (0,10), (0,9)]
Turtle 2 :[(-2,-2), (13,3), (13,2), (12,2), (12,1), (-2,-2), (-2,-2), (-2,-2), (-2,-2), (-2,-2), (-2,-2)]
Turtle 3 :[(-3,-3), (0,13), (0,12), (0,11), (0,10), (0,9), (0,9), (0,9), (0,8), (-3,-3), (-3,-3)]
Turtle 4 :[(-4,-4), (14,7), (14,7), (13,7), (12,7), (11,7), (10,7), (9,7), (-4,-4), (-4,-4), (-4,-4)]
Turtle 5 :[(-5,-5), (13,14), (13,13), (14,13), (14,12), (-5,-5), (-5,-5), (-5,-5), (-5,-5), (-5,-5), (-5,-5)]

Shrinking Run 9
#Info# Executed steps before collision: 8, Found collision: false
Turtle 1 :[(-1,-1), (0,14), (1,14), (1,13), (1,12), (1,11), (1,10), (1,9), (0,9)]
Turtle 2 :[(-2,-2), (13,3), (13,2), (12,2), (12,1), (-2,-2), (-2,-2), (-2,-2), (-2,-2)]
Turtle 3 :[(-3,-3), (0,13), (0,12), (0,11), (0,10), (0,9), (0,9), (0,9), (0,8)]
Turtle 4 :[(-4,-4), (14,7), (14,7), (13,7), (12,7), (11,7), (11,8), (-4,-4), (-4,-4)]
Turtle 5 :[(-5,-5), (13,14), (13,13), (14,13), (14,12), (-5,-5), (-5,-5), (-5,-5), (-5,-5)]

Shrinking Run 10
#Info# Executed steps before collision: 10, Found collision: false
Turtle 1 :[(-1,-1), (0,14), (0,15), (0,14), (0,13), (0,12), (0,11), (0,10), (0,11), (0,10), (0,9)]
Turtle 2 :[(-2,-2), (13,3), (13,2), (12,2), (12,1), (-2,-2), (-2,-2), (-2,-2), (-2,-2), (-2,-2), (-2,-2)]
Turtle 3 :[(-3,-3), (0,13), (0,12), (0,11), (0,10), (0,9), (0,9), (0,9), (0,8), (-3,-3), (-3,-3)]
Turtle 4 :[(-4,-4), (14,7), (14,7), (15,7), (15,8), (-4,-4), (-4,-4), (-4,-4), (-4,-4), (-4,-4), (-4,-4)]
Turtle 5 :[(-5,-5), (13,14), (13,13), (14,13), (14,12), (-5,-5), (-5,-5), (-5,-5), (-5,-5), (-5,-5), (-5,-5)]

Shrinking Run 11
#Info# Executed steps before collision: 7, Found collision: false
Turtle 1 :[(-1,-1), (0,14), (0,14), (0,13), (0,12), (0,11), (0,10), (0,9)]
Turtle 2 :[(-2,-2), (13,3), (13,2), (12,2), (12,1), (-2,-2), (-2,-2), (-2,-2)]
Turtle 3 :[(-3,-3), (0,13), (0,12), (0,11), (0,10), (0,9), (0,9), (0,8)]
Turtle 4 :[(-4,-4), (14,7), (14,7), (14,6), (15,6), (15,5), (15,4), (16,4)]
Turtle 5 :[(-5,-5), (13,14), (13,13), (14,13), (14,12), (-5,-5), (-5,-5), (-5,-5)]

Shrinking Run 12
#Info# Executed steps before collision: 10, Found collision: false
Turtle 1 :[(-1,-1), (0,14), (1,14), (1,13), (1,12), (1,11), (0,11), (1,11), (0,11), (0,10), (0,9)]
Turtle 2 :[(-2,-2), (13,3), (13,2), (12,2), (12,1), (-2,-2), (-2,-2), (-2,-2), (-2,-2), (-2,-2), (-2,-2)]
Turtle 3 :[(-3,-3), (0,13), (0,12), (0,11), (0,10), (0,9), (0,9), (0,9), (0,8), (-3,-3), (-3,-3)]
Turtle 4 :[(-4,-4), (14,7), (14,7), (14,6), (15,6), (16,6), (16,5), (16,4), (-4,-4), (-4,-4), (-4,-4)]
Turtle 5 :[(-5,-5), (13,14), (13,13), (14,13), (14,12), (-5,-5), (-5,-5), (-5,-5), (-5,-5), (-5,-5), (-5,-5)]

Shrinking Run 13
#Info# Executed steps before collision: 9, Found collision: false
Turtle 1 :[(-1,-1), (0,14), (0,15), (0,14), (0,13), (0,12), (0,11), (0,10), (0,10), (0,9)]
Turtle 2 :[(-2,-2), (13,3), (13,2), (12,2), (12,1), (-2,-2), (-2,-2), (-2,-2), (-2,-2), (-2,-2)]
Turtle 3 :[(-3,-3), (0,13), (0,12), (0,11), (0,10), (0,9), (0,9), (0,9), (0,8), (-3,-3)]
Turtle 4 :[(-4,-4), (14,7), (14,7), (15,7), (16,7), (16,6), (-4,-4), (-4,-4), (-4,-4), (-4,-4)]
Turtle 5 :[(-5,-5), (13,14), (13,13), (14,13), (14,12), (-5,-5), (-5,-5), (-5,-5), (-5,-5), (-5,-5)]

Shrinking Run 14
#Info# Executed steps before collision: 10, Found collision: false
Turtle 1 :[(-1,-1), (0,14), (0,15), (0,14), (0,13), (0,12), (0,11), (0,10), (0,11), (0,10), (0,9)]
Turtle 2 :[(-2,-2), (13,3), (13,2), (12,2), (12,1), (-2,-2), (-2,-2), (-2,-2), (-2,-2), (-2,-2), (-2,-2)]
Turtle 3 :[(-3,-3), (0,13), (0,12), (0,11), (0,10), (0,9), (0,9), (0,9), (0,8), (-3,-3), (-3,-3)]
Turtle 4 :[(-4,-4), (14,7), (14,7), (15,7), (16,7), (-4,-4), (-4,-4), (-4,-4), (-4,-4), (-4,-4), (-4,-4)]
Turtle 5 :[(-5,-5), (13,14), (13,13), (14,13), (14,12), (-5,-5), (-5,-5), (-5,-5), (-5,-5), (-5,-5), (-5,-5)]

Shrinking Run 15
#Info# Executed steps before collision: 8, Found collision: false
Turtle 1 :[(-1,-1), (0,14), (0,14), (0,13), (0,12), (0,11), (0,10), (0,9), (-1,-1)]
Turtle 2 :[(-2,-2), (13,3), (13,2), (12,2), (12,1), (-2,-2), (-2,-2), (-2,-2), (-2,-2)]
Turtle 3 :[(-3,-3), (0,13), (0,12), (0,11), (0,10), (0,9), (1,9), (1,8), (0,8)]
Turtle 4 :[(-4,-4), (14,7), (15,7), (16,7), (16,8), (-4,-4), (-4,-4), (-4,-4), (-4,-4)]
Turtle 5 :[(-5,-5), (13,14), (13,13), (14,13), (14,12), (-5,-5), (-5,-5), (-5,-5), (-5,-5)]

Shrinking Run 16
#Info# Executed steps before collision: 10, Found collision: false
Turtle 1 :[(-1,-1), (0,14), (0,13), (0,12), (1,12), (0,12), (0,11), (0,10), (1,10), (1,9), (0,9)]
Turtle 2 :[(-2,-2), (13,3), (13,2), (12,2), (12,1), (-2,-2), (-2,-2), (-2,-2), (-2,-2), (-2,-2), (-2,-2)]
Turtle 3 :[(-3,-3), (0,13), (0,12), (0,11), (0,10), (0,9), (0,9), (0,9), (0,8), (-3,-3), (-3,-3)]
Turtle 4 :[(-4,-4), (14,7), (15,7), (15,7), (16,7), (16,8), (-4,-4), (-4,-4), (-4,-4), (-4,-4), (-4,-4)]
Turtle 5 :[(-5,-5), (13,14), (13,13), (14,13), (14,12), (-5,-5), (-5,-5), (-5,-5), (-5,-5), (-5,-5), (-5,-5)]

Shrinking Run 17
#Info# Executed steps before collision: 10, Found collision: false
Turtle 1 :[(-1,-1), (0,14), (1,14), (1,13), (1,12), (1,11), (1,10), (1,9), (2,9), (1,9), (0,9)]
Turtle 2 :[(-2,-2), (13,3), (13,2), (12,2), (12,1), (-2,-2), (-2,-2), (-2,-2), (-2,-2), (-2,-2), (-2,-2)]
Turtle 3 :[(-3,-3), (0,13), (0,12), (0,11), (0,10), (0,9), (0,9), (0,9), (0,8), (-3,-3), (-3,-3)]
Turtle 4 :[(-4,-4), (14,7), (14,7), (15,7), (16,7), (16,8), (-4,-4), (-4,-4), (-4,-4), (-4,-4), (-4,-4)]
Turtle 5 :[(-5,-5), (13,14), (12,14), (12,13), (11,13), (10,13), (10,12), (-5,-5), (-5,-5), (-5,-5), (-5,-5)]

Shrinking Run 18
#Info# Executed steps before collision: 9, Found collision: false
Turtle 1 :[(-1,-1), (0,14), (0,13), (0,13), (0,12), (0,11), (0,10), (0,9), (-1,-1), (-1,-1)]
Turtle 2 :[(-2,-2), (13,3), (13,2), (12,2), (12,1), (-2,-2), (-2,-2), (-2,-2), (-2,-2), (-2,-2)]
Turtle 3 :[(-3,-3), (0,13), (0,12), (0,11), (0,10), (0,9), (0,9), (1,9), (1,8), (0,8)]
Turtle 4 :[(-4,-4), (14,7), (14,7), (15,7), (16,7), (16,8), (-4,-4), (-4,-4), (-4,-4), (-4,-4)]
Turtle 5 :[(-5,-5), (13,14), (13,13), (13,12), (12,12), (11,12), (10,12), (-5,-5), (-5,-5), (-5,-5)]

Shrinking Run 19
#Info# Executed steps before collision: 8, Found collision: false
Turtle 1 :[(-1,-1), (0,14), (1,14), (0,14), (0,13), (0,12), (0,11), (0,10), (0,9)]
Turtle 2 :[(-2,-2), (13,3), (13,2), (12,2), (12,1), (-2,-2), (-2,-2), (-2,-2), (-2,-2)]
Turtle 3 :[(-3,-3), (0,13), (0,12), (0,11), (0,10), (0,9), (0,9), (0,9), (0,8)]
Turtle 4 :[(-4,-4), (14,7), (14,7), (15,7), (16,7), (16,8), (-4,-4), (-4,-4), (-4,-4)]
Turtle 5 :[(-5,-5), (13,14), (13,13), (12,13), (12,12), (-5,-5), (-5,-5), (-5,-5), (-5,-5)]

Shrinking Run 20
#Info# Executed steps before collision: 9, Found collision: false
Turtle 1 :[(-1,-1), (0,14), (0,15), (0,14), (0,13), (0,12), (0,11), (0,10), (0,10), (0,9)]
Turtle 2 :[(-2,-2), (13,3), (13,2), (12,2), (12,1), (-2,-2), (-2,-2), (-2,-2), (-2,-2), (-2,-2)]
Turtle 3 :[(-3,-3), (0,13), (0,12), (0,11), (0,10), (0,9), (0,9), (0,9), (0,8), (-3,-3)]
Turtle 4 :[(-4,-4), (14,7), (14,7), (15,7), (16,7), (16,8), (-4,-4), (-4,-4), (-4,-4), (-4,-4)]
Turtle 5 :[(-5,-5), (13,14), (13,14), (13,13), (13,12), (-5,-5), (-5,-5), (-5,-5), (-5,-5), (-5,-5)]

Shrinking Run 21
#Info# Executed steps before collision: 7, Found collision: false
Turtle 1 :[(-1,-1), (0,14), (0,14), (0,13), (0,12), (0,11), (0,10), (0,9)]
Turtle 2 :[(-2,-2), (13,3), (13,2), (12,2), (12,1), (-2,-2), (-2,-2), (-2,-2)]
Turtle 3 :[(-3,-3), (0,13), (0,12), (0,11), (0,10), (0,9), (0,9), (0,8)]
Turtle 4 :[(-4,-4), (14,7), (14,7), (15,7), (16,7), (16,8), (-4,-4), (-4,-4)]
Turtle 5 :[(-5,-5), (13,14), (13,13), (13,12), (13,11), (13,10), (13,9), (-5,-5)]

Shrinking Run 22
#Info# Executed steps before collision: 10, Found collision: false
Turtle 1 :[(-1,-1), (0,14), (0,15), (0,14), (0,13), (0,12), (0,11), (0,10), (0,11), (0,10), (0,9)]
Turtle 2 :[(-2,-2), (13,3), (13,2), (12,2), (12,1), (-2,-2), (-2,-2), (-2,-2), (-2,-2), (-2,-2), (-2,-2)]
Turtle 3 :[(-3,-3), (0,13), (0,12), (0,11), (0,10), (0,9), (0,9), (0,9), (0,8), (-3,-3), (-3,-3)]
Turtle 4 :[(-4,-4), (14,7), (14,7), (15,7), (16,7), (16,8), (-4,-4), (-4,-4), (-4,-4), (-4,-4), (-4,-4)]
Turtle 5 :[(-5,-5), (13,14), (13,13), (13,12), (13,11), (14,11), (-5,-5), (-5,-5), (-5,-5), (-5,-5), (-5,-5)]

Shrink Run 23
#Info# Executed steps before collision: 7, Found collision: false
Turtle 1 :[(-1,-1), (0,14), (0,13), (0,13), (0,12), (0,11), (0,10), (0,9)]
Turtle 2 :[(-2,-2), (13,3), (13,2), (12,2), (12,1), (-2,-2), (-2,-2), (-2,-2)]
Turtle 3 :[(-3,-3), (0,13), (0,12), (0,11), (0,10), (0,9), (0,9), (0,8)]
Turtle 4 :[(-4,-4), (14,7), (14,7), (15,7), (16,7), (16,8), (-4,-4), (-4,-4)]
Turtle 5 :[(-5,-5), (13,14), (14,14), (14,13), (14,12), (-5,-5), (-5,-5), (-5,-5)]

