Shrinking Run 1
#Info# Executed steps before collision: 2, Found collision: true
Turtle 1 :[(-1,-1), (16,36), (16,36), (16,35), (16,34), (16,34), (15,34), (15,34), (14,34), (13,34)]
Turtle 2 :[(-2,-2), (38,40), (38,39), (37,39), (37,39), (37,38), (37,37), (36,37), (-2,-2), (-2,-2)]
Turtle 3 :[(-3,-3), (0,6), (0,7), (0,8), (0,9), (0,8), (0,9), (-3,-3), (-3,-3), (-3,-3)]
Turtle 4 :[(-4,-4), (7,32), (7,31), (6,31), (5,31), (5,30), (5,30), (4,30), (-4,-4), (-4,-4)]
Turtle 5 :[(-5,-5), (16,35), (16,36), (15,36), (15,37), (14,37), (14,38), (-5,-5), (-5,-5), (-5,-5)]

Shrinking Run 2
#Info# Executed steps before collision: 2, Found collision: true
Turtle 1 :[(-1,-1), (16,36), (16,36), (15,36), (14,36), (14,36), (13,36), (13,36), (12,36), (11,36)]
Turtle 2 :[(-2,-2), (38,40), (38,39), (37,39), (37,39), (37,38), (37,37), (36,37), (-2,-2), (-2,-2)]
Turtle 3 :[(-3,-3), (0,6), (0,7), (0,8), (0,9), (0,8), (0,9), (-3,-3), (-3,-3), (-3,-3)]
Turtle 4 :[(-4,-4), (7,32), (7,31), (6,31), (5,31), (5,30), (5,30), (4,30), (-4,-4), (-4,-4)]
Turtle 5 :[(-5,-5), (16,35), (16,36), (15,36), (15,37), (14,37), (14,38), (-5,-5), (-5,-5), (-5,-5)]

Shrinking Run 3
#Info# Executed steps before collision: 7, Found collision: false
Turtle 1 :[(-1,-1), (16,36), (15,36), (14,36), (13,36), (12,36), (11,36), (-1,-1)]
Turtle 2 :[(-2,-2), (38,40), (38,39), (37,39), (37,39), (37,38), (37,37), (36,37)]
Turtle 3 :[(-3,-3), (0,6), (0,7), (0,8), (0,9), (0,8), (0,9), (-3,-3)]
Turtle 4 :[(-4,-4), (7,32), (7,31), (6,31), (5,31), (5,30), (5,30), (4,30)]
Turtle 5 :[(-5,-5), (16,35), (16,36), (15,36), (15,37), (14,37), (14,38), (-5,-5)]

Shrinking Run 4
#Info# Executed steps before collision: 7, Found collision: false
Turtle 1 :[(-1,-1), (16,36), (15,36), (14,36), (13,36), (13,36), (12,36), (11,36)]
Turtle 2 :[(-2,-2), (38,40), (38,39), (37,39), (37,39), (37,38), (37,37), (36,37)]
Turtle 3 :[(-3,-3), (0,6), (0,7), (0,8), (0,9), (0,8), (0,9), (-3,-3)]
Turtle 4 :[(-4,-4), (7,32), (7,31), (6,31), (5,31), (5,30), (5,30), (4,30)]
Turtle 5 :[(-5,-5), (16,35), (16,36), (16,36), (15,36), (15,37), (14,37), (14,38)]

Shrinking Run 5
#Info# Executed steps before collision: 2, Found collision: true
Turtle 1 :[(-1,-1), (16,36), (16,36), (15,36), (14,36), (13,36), (13,36), (12,36), (11,36)]
Turtle 2 :[(-2,-2), (38,40), (38,39), (37,39), (37,39), (37,38), (37,37), (36,37), (-2,-2)]
Turtle 3 :[(-3,-3), (0,6), (0,7), (0,8), (0,9), (0,8), (0,9), (-3,-3), (-3,-3)]
Turtle 4 :[(-4,-4), (7,32), (7,31), (6,31), (5,31), (5,30), (5,30), (4,30), (-4,-4)]
Turtle 5 :[(-5,-5), (16,35), (16,36), (15,36), (15,37), (14,37), (14,38), (-5,-5), (-5,-5)]

Shrinking Run 6
#Info# Executed steps before collision: 8, Found collision: false
Turtle 1 :[(-1,-1), (16,36), (15,36), (14,36), (14,36), (13,36), (13,36), (12,36), (11,36)]
Turtle 2 :[(-2,-2), (38,40), (38,39), (37,39), (37,39), (37,38), (37,37), (36,37), (-2,-2)]
Turtle 3 :[(-3,-3), (0,6), (0,7), (0,8), (0,9), (0,8), (0,9), (-3,-3), (-3,-3)]
Turtle 4 :[(-4,-4), (7,32), (7,31), (6,31), (5,31), (5,30), (5,30), (4,30), (-4,-4)]
Turtle 5 :[(-5,-5), (16,35), (16,36), (16,37), (15,37), (15,38), (14,38), (-5,-5), (-5,-5)]

Shrinking Run 7
#Info# Executed steps before collision: 2, Found collision: true
Turtle 1 :[(-1,-1), (16,36), (16,36), (16,35), (15,35), (15,35), (15,36), (16,36), (15,36), (14,36), (13,36), (12,36), (11,36)]
Turtle 2 :[(-2,-2), (38,40), (38,39), (37,39), (37,39), (37,38), (37,37), (36,37), (-2,-2), (-2,-2), (-2,-2), (-2,-2), (-2,-2)]
Turtle 3 :[(-3,-3), (0,6), (0,7), (0,8), (0,9), (0,8), (0,9), (-3,-3), (-3,-3), (-3,-3), (-3,-3), (-3,-3), (-3,-3)]
Turtle 4 :[(-4,-4), (7,32), (7,31), (6,31), (5,31), (5,30), (5,30), (4,30), (-4,-4), (-4,-4), (-4,-4), (-4,-4), (-4,-4)]
Turtle 5 :[(-5,-5), (16,35), (16,36), (16,36), (15,36), (15,37), (14,37), (14,38), (-5,-5), (-5,-5), (-5,-5), (-5,-5), (-5,-5)]

Shrinking Run 8
#Info# Executed steps before collision: 2, Found collision: true
Turtle 1 :[(-1,-1), (16,36), (16,36), (16,37), (15,37), (15,38), (14,38), (13,38), (12,38), (11,38), (11,37), (11,36)]
Turtle 2 :[(-2,-2), (38,40), (37,40), (37,39), (37,39), (37,38), (37,37), (36,37), (-2,-2), (-2,-2), (-2,-2), (-2,-2)]
Turtle 3 :[(-3,-3), (0,6), (0,7), (0,8), (0,9), (0,8), (0,9), (-3,-3), (-3,-3), (-3,-3), (-3,-3), (-3,-3)]
Turtle 4 :[(-4,-4), (7,32), (7,31), (6,31), (5,31), (5,30), (5,30), (4,30), (-4,-4), (-4,-4), (-4,-4), (-4,-4)]
Turtle 5 :[(-5,-5), (16,35), (16,36), (16,36), (15,36), (15,37), (15,36), (15,37), (15,38), (14,38), (-5,-5), (-5,-5)]

Shrinking Run 9
#Info# Executed steps before collision: 2, Found collision: true
Turtle 1 :[(-1,-1), (16,36), (16,36), (15,36), (14,36), (13,36), (12,36), (12,36), (11,36)]
Turtle 2 :[(-2,-2), (38,40), (38,39), (38,38), (38,38), (37,38), (37,37), (36,37), (-2,-2)]
Turtle 3 :[(-3,-3), (0,6), (0,7), (0,8), (0,9), (0,8), (0,9), (-3,-3), (-3,-3)]
Turtle 4 :[(-4,-4), (7,32), (7,31), (6,31), (5,31), (5,30), (5,30), (4,30), (-4,-4)]
Turtle 5 :[(-5,-5), (16,35), (16,36), (15,36), (15,37), (14,37), (14,38), (-5,-5), (-5,-5)]

Shrinking Run 10
#Info# Executed steps before collision: 2, Found collision: true
Turtle 1 :[(-1,-1), (16,36), (16,36), (15,36), (14,36), (13,36), (12,36), (12,36), (11,36), (-1,-1)]
Turtle 2 :[(-2,-2), (38,40), (38,39), (38,38), (38,38), (37,38), (36,38), (36,37), (-2,-2), (-2,-2)]
Turtle 3 :[(-3,-3), (0,6), (0,7), (0,8), (0,9), (0,8), (0,9), (-3,-3), (-3,-3), (-3,-3)]
Turtle 4 :[(-4,-4), (7,32), (7,31), (6,31), (5,31), (5,30), (5,30), (4,30), (-4,-4), (-4,-4)]
Turtle 5 :[(-5,-5), (16,35), (16,36), (16,36), (17,36), (17,37), (16,37), (15,37), (14,37), (14,38)]

Shrinking Run 11
#Info# Executed steps before collision: 2, Found collision: true
Turtle 1 :[(-1,-1), (16,36), (16,36), (16,36), (15,36), (14,36), (13,36), (12,36), (11,36)]
Turtle 2 :[(-2,-2), (38,40), (37,40), (37,39), (37,39), (36,39), (35,39), (35,38), (-2,-2)]
Turtle 3 :[(-3,-3), (0,6), (0,7), (0,8), (0,9), (0,8), (0,9), (-3,-3), (-3,-3)]
Turtle 4 :[(-4,-4), (7,32), (7,31), (6,31), (5,31), (5,30), (5,30), (4,30), (-4,-4)]
Turtle 5 :[(-5,-5), (16,35), (16,36), (15,36), (15,37), (14,37), (14,38), (-5,-5), (-5,-5)]

Shrinking Run 12
#Info# Executed steps before collision: 2, Found collision: true
Turtle 1 :[(-1,-1), (16,36), (16,36), (15,36), (14,36), (13,36), (12,36), (12,36), (11,36)]
Turtle 2 :[(-2,-2), (38,40), (37,40), (36,40), (36,40), (35,40), (34,40), (34,39), (-2,-2)]
Turtle 3 :[(-3,-3), (0,6), (0,7), (0,8), (0,9), (0,8), (0,9), (-3,-3), (-3,-3)]
Turtle 4 :[(-4,-4), (7,32), (7,31), (6,31), (5,31), (5,30), (5,30), (4,30), (-4,-4)]
Turtle 5 :[(-5,-5), (16,35), (16,36), (15,36), (15,37), (14,37), (14,38), (-5,-5), (-5,-5)]

Shrinking Run 13
#Info# Executed steps before collision: 2, Found collision: true
Turtle 1 :[(-1,-1), (16,36), (16,36), (16,37), (15,37), (14,37), (14,36), (13,36), (12,36), (11,36)]
Turtle 2 :[(-2,-2), (38,40), (37,40), (36,40), (36,40), (35,40), (34,40), (33,40), (-2,-2), (-2,-2)]
Turtle 3 :[(-3,-3), (0,6), (0,7), (0,8), (0,9), (0,8), (0,9), (-3,-3), (-3,-3), (-3,-3)]
Turtle 4 :[(-4,-4), (7,32), (7,31), (6,31), (5,31), (5,30), (5,30), (4,30), (-4,-4), (-4,-4)]
Turtle 5 :[(-5,-5), (16,35), (16,36), (15,36), (14,36), (15,36), (15,37), (14,37), (14,38), (-5,-5)]

Shrinking Run 14
#Info# Executed steps before collision: 2, Found collision: true
Turtle 1 :[(-1,-1), (16,36), (16,36), (15,36), (14,36), (13,36), (12,36), (12,36), (11,36)]
Turtle 2 :[(-2,-2), (38,40), (37,40), (36,40), (35,40), (34,40), (33,40), (-2,-2), (-2,-2)]
Turtle 3 :[(-3,-3), (0,6), (0,7), (0,8), (0,9), (0,8), (0,9), (-3,-3), (-3,-3)]
Turtle 4 :[(-4,-4), (7,32), (7,31), (6,31), (5,31), (5,30), (5,30), (4,30), (-4,-4)]
Turtle 5 :[(-5,-5), (16,35), (16,36), (15,36), (15,37), (14,37), (14,38), (-5,-5), (-5,-5)]

Shrinking Run 15
#Info# Executed steps before collision: 2, Found collision: true
Turtle 1 :[(-1,-1), (16,36), (16,36), (15,36), (14,36), (13,36), (12,36), (12,36), (11,36)]
Turtle 2 :[(-2,-2), (38,40), (37,40), (36,40), (35,40), (34,40), (33,40), (-2,-2), (-2,-2)]
Turtle 3 :[(-3,-3), (0,6), (0,5), (0,4), (0,3), (0,2), (0,1), (-3,-3), (-3,-3)]
Turtle 4 :[(-4,-4), (7,32), (7,31), (6,31), (5,31), (5,30), (5,30), (4,30), (-4,-4)]
Turtle 5 :[(-5,-5), (16,35), (16,36), (15,36), (15,37), (14,37), (14,38), (-5,-5), (-5,-5)]

Shrinking Run 16
#Info# Executed steps before collision: 2, Found collision: true
Turtle 1 :[(-1,-1), (16,36), (16,36), (16,37), (15,37), (14,37), (13,37), (13,36), (12,36), (11,36)]
Turtle 2 :[(-2,-2), (38,40), (37,40), (36,40), (35,40), (34,40), (33,40), (-2,-2), (-2,-2), (-2,-2)]
Turtle 3 :[(-3,-3), (0,6), (0,5), (0,4), (0,3), (0,2), (0,1), (-3,-3), (-3,-3), (-3,-3)]
Turtle 4 :[(-4,-4), (7,32), (7,31), (6,31), (5,31), (4,31), (4,31), (3,31), (-4,-4), (-4,-4)]
Turtle 5 :[(-5,-5), (16,35), (16,36), (17,36), (16,36), (16,37), (16,38), (15,38), (14,38), (-5,-5)]

Shrinking Run 17
#Info# Executed steps before collision: 2, Found collision: true
Turtle 1 :[(-1,-1), (16,36), (16,36), (15,36), (14,36), (13,36), (12,36), (12,36), (11,36)]
Turtle 2 :[(-2,-2), (38,40), (37,40), (36,40), (35,40), (34,40), (33,40), (-2,-2), (-2,-2)]
Turtle 3 :[(-3,-3), (0,6), (0,5), (0,4), (0,3), (0,2), (0,1), (-3,-3), (-3,-3)]
Turtle 4 :[(-4,-4), (7,32), (6,32), (5,32), (4,32), (3,32), (3,32), (2,32), (-4,-4)]
Turtle 5 :[(-5,-5), (16,35), (16,36), (15,36), (15,37), (14,37), (14,38), (-5,-5), (-5,-5)]

Shrinking Run 18
#Info# Executed steps before collision: 2, Found collision: true
Turtle 1 :[(-1,-1), (16,36), (16,36), (15,36), (14,36), (13,36), (12,36), (12,36), (11,36)]
Turtle 2 :[(-2,-2), (38,40), (37,40), (36,40), (35,40), (34,40), (33,40), (-2,-2), (-2,-2)]
Turtle 3 :[(-3,-3), (0,6), (0,5), (0,4), (0,3), (0,2), (0,1), (-3,-3), (-3,-3)]
Turtle 4 :[(-4,-4), (7,32), (6,32), (5,32), (4,32), (3,32), (2,32), (-4,-4), (-4,-4)]
Turtle 5 :[(-5,-5), (16,35), (16,36), (17,36), (16,36), (16,37), (16,38), (15,38), (14,38)]

Shrinking Run 19
#Info# Executed steps before collision: 8, Found collision: false
Turtle 1 :[(-1,-1), (16,36), (16,36), (15,36), (14,36), (13,36), (12,36), (12,36), (11,36)]
Turtle 2 :[(-2,-2), (38,40), (37,40), (36,40), (35,40), (34,40), (33,40), (-2,-2), (-2,-2)]
Turtle 3 :[(-3,-3), (0,6), (0,5), (0,4), (0,3), (0,2), (0,1), (-3,-3), (-3,-3)]
Turtle 4 :[(-4,-4), (7,32), (6,32), (5,32), (4,32), (3,32), (2,32), (-4,-4), (-4,-4)]
Turtle 5 :[(-5,-5), (16,35), (16,34), (15,34), (15,33), (14,33), (14,32), (-5,-5), (-5,-5)]

Shrinking Run 20
#Info# Executed steps before collision: 8, Found collision: false
Turtle 1 :[(-1,-1), (16,36), (16,36), (15,36), (14,36), (13,36), (12,36), (12,36), (11,36)]
Turtle 2 :[(-2,-2), (38,40), (37,40), (36,40), (35,40), (34,40), (33,40), (-2,-2), (-2,-2)]
Turtle 3 :[(-3,-3), (0,6), (0,5), (0,4), (0,3), (0,2), (0,1), (-3,-3), (-3,-3)]
Turtle 4 :[(-4,-4), (7,32), (6,32), (5,32), (4,32), (3,32), (2,32), (-4,-4), (-4,-4)]
Turtle 5 :[(-5,-5), (16,35), (16,34), (15,34), (15,33), (14,33), (13,33), (-5,-5), (-5,-5)]

Shrinking Run 21
#Info# Executed steps before collision: 6, Found collision: true
Turtle 1 :[(-1,-1), (16,36), (16,36), (15,36), (14,36), (13,36), (12,36), (12,36), (11,36)]
Turtle 2 :[(-2,-2), (38,40), (37,40), (36,40), (35,40), (34,40), (33,40), (-2,-2), (-2,-2)]
Turtle 3 :[(-3,-3), (0,6), (0,5), (0,4), (0,3), (0,2), (0,1), (-3,-3), (-3,-3)]
Turtle 4 :[(-4,-4), (7,32), (6,32), (5,32), (4,32), (3,32), (2,32), (-4,-4), (-4,-4)]
Turtle 5 :[(-5,-5), (16,35), (15,35), (14,35), (13,35), (12,35), (12,36), (-5,-5), (-5,-5)]

Shrinking Run 22
#Info# Executed steps before collision: 8, Found collision: false
Turtle 1 :[(-1,-1), (16,36), (16,36), (15,36), (14,36), (13,36), (12,36), (12,36), (11,36)]
Turtle 2 :[(-2,-2), (38,40), (37,40), (36,40), (35,40), (34,40), (33,40), (-2,-2), (-2,-2)]
Turtle 3 :[(-3,-3), (0,6), (0,5), (0,4), (0,3), (0,2), (0,1), (-3,-3), (-3,-3)]
Turtle 4 :[(-4,-4), (7,32), (6,32), (5,32), (4,32), (3,32), (2,32), (-4,-4), (-4,-4)]
Turtle 5 :[(-5,-5), (16,35), (15,35), (14,35), (13,35), (12,35), (12,34), (-5,-5), (-5,-5)]

Shrinking Run 23
#Info# Executed steps before collision: 8, Found collision: false
Turtle 1 :[(-1,-1), (16,36), (16,36), (15,36), (14,36), (13,36), (12,36), (12,36), (11,36)]
Turtle 2 :[(-2,-2), (38,40), (37,40), (36,40), (35,40), (34,40), (33,40), (-2,-2), (-2,-2)]
Turtle 3 :[(-3,-3), (0,6), (0,5), (0,4), (0,3), (0,2), (0,1), (-3,-3), (-3,-3)]
Turtle 4 :[(-4,-4), (7,32), (6,32), (5,32), (4,32), (3,32), (2,32), (-4,-4), (-4,-4)]
Turtle 5 :[(-5,-5), (16,35), (15,35), (14,35), (13,35), (12,35), (11,35), (-5,-5), (-5,-5)]

Shrinking Run 24
#Info# Executed steps before collision: 8, Found collision: false
Turtle 1 :[(-1,-1), (16,36), (15,36), (14,36), (13,36), (12,36), (11,36), (-1,-1), (-1,-1)]
Turtle 2 :[(-2,-2), (38,40), (37,40), (36,40), (35,40), (34,40), (33,40), (-2,-2), (-2,-2)]
Turtle 3 :[(-3,-3), (0,6), (0,5), (0,4), (0,3), (0,2), (0,1), (-3,-3), (-3,-3)]
Turtle 4 :[(-4,-4), (7,32), (6,32), (5,32), (4,32), (3,32), (2,32), (-4,-4), (-4,-4)]
Turtle 5 :[(-5,-5), (16,35), (15,35), (16,35), (15,35), (14,35), (13,35), (13,36), (12,36)]

Shrinking Run 25
#Info# Executed steps before collision: 6, Found collision: true
Turtle 1 :[(-1,-1), (16,36), (15,36), (14,36), (13,36), (13,36), (12,36), (11,36)]
Turtle 2 :[(-2,-2), (38,40), (37,40), (36,40), (35,40), (34,40), (33,40), (-2,-2)]
Turtle 3 :[(-3,-3), (0,6), (0,5), (0,4), (0,3), (0,2), (0,1), (-3,-3)]
Turtle 4 :[(-4,-4), (7,32), (6,32), (5,32), (4,32), (3,32), (2,32), (-4,-4)]
Turtle 5 :[(-5,-5), (16,35), (15,35), (14,35), (13,35), (12,35), (12,36), (-5,-5)]

Shrinking Run 26
#Info# Executed steps before collision: 6, Found collision: true
Turtle 1 :[(-1,-1), (16,36), (15,36), (14,36), (13,36), (12,36), (12,36), (11,36)]
Turtle 2 :[(-2,-2), (38,40), (37,40), (36,40), (35,40), (34,40), (33,40), (-2,-2)]
Turtle 3 :[(-3,-3), (0,6), (0,5), (0,4), (0,3), (0,2), (0,1), (-3,-3)]
Turtle 4 :[(-4,-4), (7,32), (6,32), (5,32), (4,32), (3,32), (2,32), (-4,-4)]
Turtle 5 :[(-5,-5), (16,35), (15,35), (14,35), (13,35), (12,35), (12,36), (-5,-5)]

Shrinking Run 27
#Info# Executed steps before collision: 7, Found collision: false
Turtle 1 :[(-1,-1), (16,36), (15,36), (14,36), (13,36), (12,36), (12,36), (11,36)]
Turtle 2 :[(-2,-2), (38,40), (37,40), (36,40), (35,40), (34,40), (33,40), (-2,-2)]
Turtle 3 :[(-3,-3), (0,6), (0,5), (0,4), (0,3), (0,2), (0,1), (-3,-3)]
Turtle 4 :[(-4,-4), (7,32), (6,32), (5,32), (4,32), (3,32), (2,32), (-4,-4)]
Turtle 5 :[(-5,-5), (16,35), (16,34), (15,34), (15,33), (14,33), (14,32), (-5,-5)]

Shrinking Run 28
#Info# Executed steps before collision: 7, Found collision: false
Turtle 1 :[(-1,-1), (16,36), (15,36), (14,36), (13,36), (12,36), (12,36), (11,36)]
Turtle 2 :[(-2,-2), (38,40), (37,40), (36,40), (35,40), (34,40), (33,40), (-2,-2)]
Turtle 3 :[(-3,-3), (0,6), (0,5), (0,4), (0,3), (0,2), (0,1), (-3,-3)]
Turtle 4 :[(-4,-4), (7,32), (6,32), (5,32), (4,32), (3,32), (2,32), (-4,-4)]
Turtle 5 :[(-5,-5), (16,35), (16,34), (15,34), (15,33), (14,33), (13,33), (-5,-5)]

Shrinking Run 29
#Info# Executed steps before collision: 7, Found collision: false
Turtle 1 :[(-1,-1), (16,36), (15,36), (14,36), (13,36), (12,36), (12,36), (11,36)]
Turtle 2 :[(-2,-2), (38,40), (37,40), (36,40), (35,40), (34,40), (33,40), (-2,-2)]
Turtle 3 :[(-3,-3), (0,6), (0,5), (0,4), (0,3), (0,2), (0,1), (-3,-3)]
Turtle 4 :[(-4,-4), (7,32), (6,32), (5,32), (4,32), (3,32), (2,32), (-4,-4)]
Turtle 5 :[(-5,-5), (16,35), (15,35), (14,35), (13,35), (12,35), (12,34), (-5,-5)]

Shrink Run 30
#Info# Executed steps before collision: 8, Found collision: false
Turtle 1 :[(-1,-1), (16,36), (15,36), (14,36), (13,36), (12,36), (12,36), (12,36), (11,36)]
Turtle 2 :[(-2,-2), (38,40), (37,40), (36,40), (35,40), (34,40), (33,40), (-2,-2), (-2,-2)]
Turtle 3 :[(-3,-3), (0,6), (0,5), (0,4), (0,3), (0,2), (0,1), (-3,-3), (-3,-3)]
Turtle 4 :[(-4,-4), (7,32), (6,32), (5,32), (4,32), (3,32), (2,32), (-4,-4), (-4,-4)]
Turtle 5 :[(-5,-5), (16,35), (15,35), (14,35), (13,35), (12,35), (11,35), (-5,-5), (-5,-5)]

