Shrinking Run 1
#Info# Executed steps before collision: 6, Found collision: true
Turtle 1 :[(-1,-1), (42,22), (42,23), (41,23), (40,23), (39,23), (38,23), (-1,-1), (-1,-1)]
Turtle 2 :[(-2,-2), (31,23), (30,23), (30,23), (30,24), (30,24), (29,24), (29,25), (-2,-2)]
Turtle 3 :[(-3,-3), (18,8), (18,8), (18,8), (18,8), (18,7), (18,7), (18,6), (18,5)]
Turtle 4 :[(-4,-4), (49,36), (49,35), (48,35), (47,35), (47,34), (47,33), (-4,-4), (-4,-4)]
Turtle 5 :[(-5,-5), (27,27), (27,26), (28,26), (29,26), (29,25), (29,24), (-5,-5), (-5,-5)]

Shrinking Run 2
#Info# Executed steps before collision: 6, Found collision: true
Turtle 1 :[(-1,-1), (42,22), (42,21), (41,21), (41,20), (41,19), (40,19), (-1,-1), (-1,-1)]
Turtle 2 :[(-2,-2), (31,23), (30,23), (30,23), (30,24), (30,24), (29,24), (29,25), (-2,-2)]
Turtle 3 :[(-3,-3), (18,8), (18,8), (18,8), (18,8), (18,7), (18,7), (18,6), (18,5)]
Turtle 4 :[(-4,-4), (49,36), (49,35), (48,35), (47,35), (47,34), (47,33), (-4,-4), (-4,-4)]
Turtle 5 :[(-5,-5), (27,27), (27,26), (28,26), (29,26), (29,25), (29,24), (-5,-5), (-5,-5)]

Shrinking Run 3
#Info# Executed steps before collision: 6, Found collision: true
Turtle 1 :[(-1,-1), (42,22), (41,22), (40,22), (40,21), (40,20), (40,19), (-1,-1), (-1,-1)]
Turtle 2 :[(-2,-2), (31,23), (30,23), (30,23), (30,24), (30,24), (29,24), (29,25), (-2,-2)]
Turtle 3 :[(-3,-3), (18,8), (18,8), (18,8), (18,8), (18,7), (18,7), (18,6), (18,5)]
Turtle 4 :[(-4,-4), (49,36), (49,35), (48,35), (47,35), (47,34), (47,33), (-4,-4), (-4,-4)]
Turtle 5 :[(-5,-5), (27,27), (27,26), (28,26), (29,26), (29,25), (29,24), (-5,-5), (-5,-5)]

Shrinking Run 4
#Info# Executed steps before collision: 6, Found collision: true
Turtle 1 :[(-1,-1), (42,22), (41,22), (41,21), (40,21), (40,20), (40,19), (-1,-1), (-1,-1)]
Turtle 2 :[(-2,-2), (31,23), (30,23), (30,23), (30,24), (30,24), (29,24), (29,25), (-2,-2)]
Turtle 3 :[(-3,-3), (18,8), (18,8), (18,8), (18,8), (18,7), (18,7), (18,6), (18,5)]
Turtle 4 :[(-4,-4), (49,36), (49,35), (48,35), (47,35), (47,34), (47,33), (-4,-4), (-4,-4)]
Turtle 5 :[(-5,-5), (27,27), (27,26), (28,26), (29,26), (29,25), (29,24), (-5,-5), (-5,-5)]

Shrinking Run 5
#Info# Executed steps before collision: 6, Found collision: true
Turtle 1 :[(-1,-1), (42,22), (41,22), (41,21), (40,21), (39,21), (39,20), (-1,-1), (-1,-1)]
Turtle 2 :[(-2,-2), (31,23), (30,23), (30,23), (30,24), (30,24), (29,24), (29,25), (-2,-2)]
Turtle 3 :[(-3,-3), (18,8), (18,8), (18,8), (18,8), (18,7), (18,7), (18,6), (18,5)]
Turtle 4 :[(-4,-4), (49,36), (49,35), (48,35), (47,35), (47,34), (47,33), (-4,-4), (-4,-4)]
Turtle 5 :[(-5,-5), (27,27), (27,26), (28,26), (29,26), (29,25), (29,24), (-5,-5), (-5,-5)]

Shrinking Run 6
#Info# Executed steps before collision: 6, Found collision: true
Turtle 1 :[(-1,-1), (42,22), (41,22), (40,22), (39,22), (38,22), (38,21), (-1,-1), (-1,-1)]
Turtle 2 :[(-2,-2), (31,23), (30,23), (30,23), (30,24), (30,24), (29,24), (29,25), (-2,-2)]
Turtle 3 :[(-3,-3), (18,8), (18,8), (18,8), (18,8), (18,7), (18,7), (18,6), (18,5)]
Turtle 4 :[(-4,-4), (49,36), (49,35), (48,35), (47,35), (47,34), (47,33), (-4,-4), (-4,-4)]
Turtle 5 :[(-5,-5), (27,27), (27,26), (28,26), (29,26), (29,25), (29,24), (-5,-5), (-5,-5)]

Shrinking Run 7
#Info# Executed steps before collision: 6, Found collision: true
Turtle 1 :[(-1,-1), (42,22), (41,22), (40,22), (39,22), (38,22), (37,22), (-1,-1), (-1,-1)]
Turtle 2 :[(-2,-2), (31,23), (30,23), (30,23), (30,24), (30,24), (29,24), (29,25), (-2,-2)]
Turtle 3 :[(-3,-3), (18,8), (18,8), (18,8), (18,8), (18,7), (18,7), (18,6), (18,5)]
Turtle 4 :[(-4,-4), (49,36), (49,35), (48,35), (47,35), (47,34), (47,33), (-4,-4), (-4,-4)]
Turtle 5 :[(-5,-5), (27,27), (27,26), (28,26), (29,26), (29,25), (29,24), (-5,-5), (-5,-5)]

Shrinking Run 8
#Info# Executed steps before collision: 8, Found collision: false
Turtle 1 :[(-1,-1), (42,22), (41,22), (40,22), (39,22), (38,22), (37,22), (-1,-1), (-1,-1)]
Turtle 2 :[(-2,-2), (31,23), (31,24), (30,24), (29,24), (28,24), (28,25), (-2,-2), (-2,-2)]
Turtle 3 :[(-3,-3), (18,8), (18,8), (18,8), (18,8), (18,7), (18,7), (18,6), (18,5)]
Turtle 4 :[(-4,-4), (49,36), (49,35), (48,35), (47,35), (47,34), (47,33), (-4,-4), (-4,-4)]
Turtle 5 :[(-5,-5), (27,27), (27,26), (28,26), (29,26), (29,25), (29,24), (-5,-5), (-5,-5)]

Shrinking Run 9
#Info# Executed steps before collision: 8, Found collision: false
Turtle 1 :[(-1,-1), (42,22), (41,22), (40,22), (39,22), (38,22), (37,22), (-1,-1), (-1,-1)]
Turtle 2 :[(-2,-2), (31,23), (31,23), (31,23), (31,24), (31,23), (30,23), (29,23), (29,24)]
Turtle 3 :[(-3,-3), (18,8), (18,8), (18,8), (18,8), (18,7), (18,7), (18,6), (18,5)]
Turtle 4 :[(-4,-4), (49,36), (49,35), (48,35), (47,35), (47,34), (47,33), (-4,-4), (-4,-4)]
Turtle 5 :[(-5,-5), (27,27), (27,26), (28,26), (29,26), (29,25), (29,24), (-5,-5), (-5,-5)]

Shrinking Run 10
#Info# Executed steps before collision: 6, Found collision: true
Turtle 1 :[(-1,-1), (42,22), (41,22), (40,22), (39,22), (38,22), (37,22), (-1,-1), (-1,-1)]
Turtle 2 :[(-2,-2), (31,23), (31,24), (31,24), (30,24), (30,24), (29,24), (29,25), (-2,-2)]
Turtle 3 :[(-3,-3), (18,8), (18,8), (18,8), (18,8), (18,7), (18,7), (18,6), (18,5)]
Turtle 4 :[(-4,-4), (49,36), (49,35), (48,35), (47,35), (47,34), (47,33), (-4,-4), (-4,-4)]
Turtle 5 :[(-5,-5), (27,27), (27,26), (28,26), (29,26), (29,25), (29,24), (-5,-5), (-5,-5)]

Shrinking Run 11
#Info# Executed steps before collision: 5, Found collision: true
Turtle 1 :[(-1,-1), (42,22), (41,22), (40,22), (39,22), (38,22), (37,22), (-1,-1), (-1,-1)]
Turtle 2 :[(-2,-2), (31,23), (30,23), (30,24), (29,24), (29,25), (-2,-2), (-2,-2), (-2,-2)]
Turtle 3 :[(-3,-3), (18,8), (18,8), (18,8), (18,8), (18,7), (18,7), (18,6), (18,5)]
Turtle 4 :[(-4,-4), (49,36), (49,35), (48,35), (47,35), (47,34), (47,33), (-4,-4), (-4,-4)]
Turtle 5 :[(-5,-5), (27,27), (27,26), (28,26), (29,26), (29,25), (29,26), (29,25), (29,24)]

Shrinking Run 12
#Info# Executed steps before collision: 5, Found collision: true
Turtle 1 :[(-1,-1), (42,22), (41,22), (40,22), (39,22), (38,22), (37,22), (-1,-1), (-1,-1)]
Turtle 2 :[(-2,-2), (31,23), (30,23), (29,23), (29,24), (29,25), (-2,-2), (-2,-2), (-2,-2)]
Turtle 3 :[(-3,-3), (18,8), (18,8), (18,8), (18,8), (18,7), (18,7), (18,6), (18,5)]
Turtle 4 :[(-4,-4), (49,36), (49,35), (48,35), (47,35), (47,34), (47,33), (-4,-4), (-4,-4)]
Turtle 5 :[(-5,-5), (27,27), (27,26), (28,26), (29,26), (29,25), (29,24), (-5,-5), (-5,-5)]

Shrinking Run 13
#Info# Executed steps before collision: 5, Found collision: true
Turtle 1 :[(-1,-1), (42,22), (41,22), (40,22), (39,22), (38,22), (37,22)]
Turtle 2 :[(-2,-2), (31,23), (30,23), (29,23), (29,24), (29,25), (-2,-2)]
Turtle 3 :[(-3,-3), (18,8), (17,8), (16,8), (16,7), (16,6), (15,6)]
Turtle 4 :[(-4,-4), (49,36), (49,35), (48,35), (47,35), (47,34), (47,33)]
Turtle 5 :[(-5,-5), (27,27), (27,26), (28,26), (29,26), (29,25), (29,24)]

Shrinking Run 14
#Info# Executed steps before collision: 5, Found collision: true
Turtle 1 :[(-1,-1), (42,22), (41,22), (40,22), (39,22), (38,22), (37,22)]
Turtle 2 :[(-2,-2), (31,23), (30,23), (29,23), (29,24), (29,25), (-2,-2)]
Turtle 3 :[(-3,-3), (18,8), (17,8), (17,7), (17,6), (16,6), (15,6)]
Turtle 4 :[(-4,-4), (49,36), (49,35), (48,35), (47,35), (47,34), (47,33)]
Turtle 5 :[(-5,-5), (27,27), (27,26), (28,26), (29,26), (29,25), (29,24)]

Shrinking Run 15
#Info# Executed steps before collision: 5, Found collision: true
Turtle 1 :[(-1,-1), (42,22), (41,22), (40,22), (39,22), (38,22), (37,22)]
Turtle 2 :[(-2,-2), (31,23), (30,23), (29,23), (29,24), (29,25), (-2,-2)]
Turtle 3 :[(-3,-3), (18,8), (17,8), (17,7), (16,7), (15,7), (15,6)]
Turtle 4 :[(-4,-4), (49,36), (49,35), (48,35), (47,35), (47,34), (47,33)]
Turtle 5 :[(-5,-5), (27,27), (27,26), (28,26), (29,26), (29,25), (29,24)]

Shrinking Run 16
#Info# Executed steps before collision: 5, Found collision: true
Turtle 1 :[(-1,-1), (42,22), (41,22), (40,22), (39,22), (38,22), (37,22)]
Turtle 2 :[(-2,-2), (31,23), (30,23), (29,23), (29,24), (29,25), (-2,-2)]
Turtle 3 :[(-3,-3), (18,8), (17,8), (16,8), (15,8), (14,8), (14,7)]
Turtle 4 :[(-4,-4), (49,36), (49,35), (48,35), (47,35), (47,34), (47,33)]
Turtle 5 :[(-5,-5), (27,27), (27,26), (28,26), (29,26), (29,25), (29,24)]

Shrinking Run 17
#Info# Executed steps before collision: 5, Found collision: true
Turtle 1 :[(-1,-1), (42,22), (41,22), (40,22), (39,22), (38,22), (37,22)]
Turtle 2 :[(-2,-2), (31,23), (30,23), (29,23), (29,24), (29,25), (-2,-2)]
Turtle 3 :[(-3,-3), (18,8), (17,8), (16,8), (15,8), (14,8), (13,8)]
Turtle 4 :[(-4,-4), (49,36), (49,35), (48,35), (47,35), (47,34), (47,33)]
Turtle 5 :[(-5,-5), (27,27), (27,26), (28,26), (29,26), (29,25), (29,24)]

Shrinking Run 18
#Info# Executed steps before collision: 5, Found collision: true
Turtle 1 :[(-1,-1), (42,22), (41,22), (40,22), (39,22), (38,22), (37,22), (-1,-1)]
Turtle 2 :[(-2,-2), (31,23), (30,23), (29,23), (29,24), (29,25), (-2,-2), (-2,-2)]
Turtle 3 :[(-3,-3), (18,8), (17,8), (16,8), (15,8), (14,8), (13,8), (-3,-3)]
Turtle 4 :[(-4,-4), (49,36), (49,35), (48,35), (47,35), (46,35), (46,34), (-4,-4)]
Turtle 5 :[(-5,-5), (27,27), (27,26), (28,26), (29,26), (29,25), (29,25), (29,24)]

Shrinking Run 19
#Info# Executed steps before collision: 5, Found collision: true
Turtle 1 :[(-1,-1), (42,22), (41,22), (40,22), (39,22), (38,22), (37,22), (-1,-1), (-1,-1)]
Turtle 2 :[(-2,-2), (31,23), (30,23), (29,23), (29,24), (29,25), (-2,-2), (-2,-2), (-2,-2)]
Turtle 3 :[(-3,-3), (18,8), (17,8), (16,8), (15,8), (14,8), (13,8), (-3,-3), (-3,-3)]
Turtle 4 :[(-4,-4), (49,36), (48,36), (47,36), (46,36), (45,36), (45,35), (-4,-4), (-4,-4)]
Turtle 5 :[(-5,-5), (27,27), (27,26), (28,26), (29,26), (29,25), (30,25), (30,24), (29,24)]

Shrinking Run 20
#Info# Executed steps before collision: 5, Found collision: true
Turtle 1 :[(-1,-1), (42,22), (41,22), (40,22), (39,22), (38,22), (37,22)]
Turtle 2 :[(-2,-2), (31,23), (30,23), (29,23), (29,24), (29,25), (-2,-2)]
Turtle 3 :[(-3,-3), (18,8), (17,8), (16,8), (15,8), (14,8), (13,8)]
Turtle 4 :[(-4,-4), (49,36), (48,36), (47,36), (46,36), (45,36), (44,36)]
Turtle 5 :[(-5,-5), (27,27), (27,26), (28,26), (29,26), (29,25), (29,24)]

Shrinking Run 21
#Info# Executed steps before collision: 5, Found collision: true
Turtle 1 :[(-1,-1), (42,22), (41,22), (40,22), (39,22), (38,22), (37,22)]
Turtle 2 :[(-2,-2), (31,23), (30,23), (29,23), (29,24), (29,25), (-2,-2)]
Turtle 3 :[(-3,-3), (18,8), (17,8), (16,8), (15,8), (14,8), (13,8)]
Turtle 4 :[(-4,-4), (49,36), (48,36), (47,36), (46,36), (45,36), (44,36)]
Turtle 5 :[(-5,-5), (27,27), (27,26), (27,25), (28,25), (29,25), (29,24)]

Shrinking Run 22
#Info# Executed steps before collision: 7, Found collision: false
Turtle 1 :[(-1,-1), (42,22), (41,22), (40,22), (39,22), (38,22), (37,22), (-1,-1)]
Turtle 2 :[(-2,-2), (31,23), (30,23), (29,23), (29,24), (29,25), (-2,-2), (-2,-2)]
Turtle 3 :[(-3,-3), (18,8), (17,8), (16,8), (15,8), (14,8), (13,8), (-3,-3)]
Turtle 4 :[(-4,-4), (49,36), (48,36), (47,36), (46,36), (45,36), (44,36), (-4,-4)]
Turtle 5 :[(-5,-5), (27,27), (27,26), (28,26), (28,25), (28,25), (29,25), (29,24)]

Shrinking Run 23
#Info# Executed steps before collision: 5, Found collision: true
Turtle 1 :[(-1,-1), (42,22), (41,22), (40,22), (39,22), (38,22), (37,22)]
Turtle 2 :[(-2,-2), (31,23), (30,23), (29,23), (29,24), (29,25), (-2,-2)]
Turtle 3 :[(-3,-3), (18,8), (17,8), (16,8), (15,8), (14,8), (13,8)]
Turtle 4 :[(-4,-4), (49,36), (48,36), (47,36), (46,36), (45,36), (44,36)]
Turtle 5 :[(-5,-5), (27,27), (28,27), (28,26), (28,25), (29,25), (29,24)]

Shrinking Run 24
#Info# Executed steps before collision: 5, Found collision: true
Turtle 1 :[(-1,-1), (42,22), (41,22), (40,22), (39,22), (38,22), (37,22)]
Turtle 2 :[(-2,-2), (31,23), (30,23), (29,23), (29,24), (29,25), (-2,-2)]
Turtle 3 :[(-3,-3), (18,8), (17,8), (16,8), (15,8), (14,8), (13,8)]
Turtle 4 :[(-4,-4), (49,36), (48,36), (47,36), (46,36), (45,36), (44,36)]
Turtle 5 :[(-5,-5), (27,27), (28,27), (29,27), (29,26), (29,25), (29,24)]

Shrinking Run 25
#Info# Executed steps before collision: 5, Found collision: true
Turtle 1 :[(-1,-1), (42,22), (41,22), (40,22), (39,22), (38,22), (37,22), (-1,-1), (-1,-1)]
Turtle 2 :[(-2,-2), (31,23), (30,23), (29,23), (29,24), (29,25), (-2,-2), (-2,-2), (-2,-2)]
Turtle 3 :[(-3,-3), (18,8), (17,8), (16,8), (15,8), (14,8), (13,8), (-3,-3), (-3,-3)]
Turtle 4 :[(-4,-4), (49,36), (48,36), (47,36), (46,36), (45,36), (44,36), (-4,-4), (-4,-4)]
Turtle 5 :[(-5,-5), (27,27), (28,27), (28,26), (29,26), (29,25), (30,25), (30,24), (29,24)]

Shrinking Run 26
#Info# Executed steps before collision: 6, Found collision: false
Turtle 1 :[(-1,-1), (42,22), (41,22), (40,22), (39,22), (38,22), (37,22)]
Turtle 2 :[(-2,-2), (31,23), (31,24), (30,24), (29,24), (28,24), (28,25)]
Turtle 3 :[(-3,-3), (18,8), (17,8), (16,8), (15,8), (14,8), (13,8)]
Turtle 4 :[(-4,-4), (49,36), (48,36), (47,36), (46,36), (45,36), (44,36)]
Turtle 5 :[(-5,-5), (27,27), (28,27), (28,26), (29,26), (29,25), (29,24)]

Shrink Run 27
#Info# Executed steps before collision: 8, Found collision: false
Turtle 1 :[(-1,-1), (42,22), (41,22), (40,22), (39,22), (38,22), (37,22), (-1,-1), (-1,-1)]
Turtle 2 :[(-2,-2), (31,23), (31,23), (31,23), (31,24), (31,23), (30,23), (29,23), (29,24)]
Turtle 3 :[(-3,-3), (18,8), (17,8), (16,8), (15,8), (14,8), (13,8), (-3,-3), (-3,-3)]
Turtle 4 :[(-4,-4), (49,36), (48,36), (47,36), (46,36), (45,36), (44,36), (-4,-4), (-4,-4)]
Turtle 5 :[(-5,-5), (27,27), (28,27), (28,26), (29,26), (29,25), (29,24), (-5,-5), (-5,-5)]

