Shrinking Run 1
#Info# Executed steps before collision: 9, Found collision: false
Turtle 1 :[(-1,-1), (16,12), (15,12), (14,12), (13,12), (13,11), (13,10), (-1,-1), (-1,-1), (-1,-1)]
Turtle 2 :[(-2,-2), (19,5), (19,5), (19,6), (19,7), (19,8), (19,9), (-2,-2), (-2,-2), (-2,-2)]
Turtle 3 :[(-3,-3), (5,8), (5,9), (4,9), (3,9), (3,10), (3,11), (-3,-3), (-3,-3), (-3,-3)]
Turtle 4 :[(-4,-4), (17,11), (16,11), (16,10), (15,10), (14,10), (14,10), (15,10), (14,10), (13,10)]
Turtle 5 :[(-5,-5), (14,7), (13,7), (13,8), (12,8), (11,8), (10,8), (-5,-5), (-5,-5), (-5,-5)]

Shrinking Run 2
#Info# Executed steps before collision: 8, Found collision: false
Turtle 1 :[(-1,-1), (16,12), (16,11), (15,11), (14,11), (13,11), (13,10), (-1,-1), (-1,-1)]
Turtle 2 :[(-2,-2), (19,5), (19,5), (19,6), (19,7), (19,8), (19,9), (-2,-2), (-2,-2)]
Turtle 3 :[(-3,-3), (5,8), (5,9), (4,9), (3,9), (3,10), (3,11), (-3,-3), (-3,-3)]
Turtle 4 :[(-4,-4), (17,11), (18,11), (18,10), (17,10), (16,10), (15,10), (14,10), (13,10)]
Turtle 5 :[(-5,-5), (14,7), (13,7), (13,8), (12,8), (11,8), (10,8), (-5,-5), (-5,-5)]

Shrinking Run 3
#Info# Executed steps before collision: 2, Found collision: true
Turtle 1 :[(-1,-1), (16,12), (16,11), (15,11), (14,11), (14,10), (13,10), (-1,-1), (-1,-1)]
Turtle 2 :[(-2,-2), (19,5), (19,5), (19,6), (19,7), (19,8), (19,9), (-2,-2), (-2,-2)]
Turtle 3 :[(-3,-3), (5,8), (5,9), (4,9), (3,9), (3,10), (3,11), (-3,-3), (-3,-3)]
Turtle 4 :[(-4,-4), (17,11), (16,11), (17,11), (16,11), (15,11), (14,11), (13,11), (13,10)]
Turtle 5 :[(-5,-5), (14,7), (13,7), (13,8), (12,8), (11,8), (10,8), (-5,-5), (-5,-5)]

Shrinking Run 4
#Info# Executed steps before collision: 8, Found collision: false
Turtle 1 :[(-1,-1), (16,12), (15,12), (14,12), (14,11), (14,10), (13,10), (-1,-1), (-1,-1)]
Turtle 2 :[(-2,-2), (19,5), (19,5), (19,6), (19,7), (19,8), (19,9), (-2,-2), (-2,-2)]
Turtle 3 :[(-3,-3), (5,8), (5,9), (4,9), (3,9), (3,10), (3,11), (-3,-3), (-3,-3)]
Turtle 4 :[(-4,-4), (17,11), (18,11), (17,11), (16,11), (16,10), (15,10), (14,10), (13,10)]
Turtle 5 :[(-5,-5), (14,7), (13,7), (13,8), (12,8), (11,8), (10,8), (-5,-5), (-5,-5)]

Shrinking Run 5
#Info# Executed steps before collision: 9, Found collision: false
Turtle 1 :[(-1,-1), (16,12), (16,11), (15,11), (15,10), (14,10), (13,10), (-1,-1), (-1,-1), (-1,-1)]
Turtle 2 :[(-2,-2), (19,5), (19,5), (19,6), (19,7), (19,8), (19,9), (-2,-2), (-2,-2), (-2,-2)]
Turtle 3 :[(-3,-3), (5,8), (5,9), (4,9), (3,9), (3,10), (3,11), (-3,-3), (-3,-3), (-3,-3)]
Turtle 4 :[(-4,-4), (17,11), (17,11), (16,11), (16,10), (15,10), (16,10), (15,10), (14,10), (13,10)]
Turtle 5 :[(-5,-5), (14,7), (13,7), (13,8), (12,8), (11,8), (10,8), (-5,-5), (-5,-5), (-5,-5)]

Shrinking Run 6
#Info# Executed steps before collision: 2, Found collision: true
Turtle 1 :[(-1,-1), (16,12), (16,11), (16,10), (15,10), (14,10), (13,10), (-1,-1), (-1,-1), (-1,-1)]
Turtle 2 :[(-2,-2), (19,5), (19,5), (19,6), (19,7), (19,8), (19,9), (-2,-2), (-2,-2), (-2,-2)]
Turtle 3 :[(-3,-3), (5,8), (5,9), (4,9), (3,9), (3,10), (3,11), (-3,-3), (-3,-3), (-3,-3)]
Turtle 4 :[(-4,-4), (17,11), (16,11), (16,10), (15,10), (15,10), (16,10), (15,10), (14,10), (13,10)]
Turtle 5 :[(-5,-5), (14,7), (13,7), (13,8), (12,8), (11,8), (10,8), (-5,-5), (-5,-5), (-5,-5)]

Shrinking Run 7
#Info# Executed steps before collision: 2, Found collision: true
Turtle 1 :[(-1,-1), (16,12), (16,11), (16,10), (15,10), (14,10), (13,10), (-1,-1), (-1,-1)]
Turtle 2 :[(-2,-2), (19,5), (18,5), (18,6), (17,6), (16,6), (16,7), (-2,-2), (-2,-2)]
Turtle 3 :[(-3,-3), (5,8), (5,9), (4,9), (3,9), (3,10), (3,11), (-3,-3), (-3,-3)]
Turtle 4 :[(-4,-4), (17,11), (16,11), (16,10), (16,11), (16,10), (15,10), (14,10), (13,10)]
Turtle 5 :[(-5,-5), (14,7), (13,7), (13,8), (12,8), (11,8), (10,8), (-5,-5), (-5,-5)]

Shrinking Run 8
#Info# Executed steps before collision: 2, Found collision: true
Turtle 1 :[(-1,-1), (16,12), (16,11), (16,10), (15,10), (14,10), (13,10), (-1,-1), (-1,-1), (-1,-1)]
Turtle 2 :[(-2,-2), (19,5), (18,5), (18,4), (17,4), (16,4), (16,3), (-2,-2), (-2,-2), (-2,-2)]
Turtle 3 :[(-3,-3), (5,8), (5,9), (4,9), (3,9), (3,10), (3,11), (-3,-3), (-3,-3), (-3,-3)]
Turtle 4 :[(-4,-4), (17,11), (16,11), (16,10), (15,10), (15,10), (15,11), (15,10), (14,10), (13,10)]
Turtle 5 :[(-5,-5), (14,7), (13,7), (13,8), (12,8), (11,8), (10,8), (-5,-5), (-5,-5), (-5,-5)]

Shrinking Run 9
#Info# Executed steps before collision: 2, Found collision: true
Turtle 1 :[(-1,-1), (16,12), (16,11), (16,10), (15,10), (14,10), (13,10), (-1,-1), (-1,-1)]
Turtle 2 :[(-2,-2), (19,5), (18,5), (17,5), (16,5), (16,4), (16,3), (-2,-2), (-2,-2)]
Turtle 3 :[(-3,-3), (5,8), (5,9), (4,9), (3,9), (3,10), (3,11), (-3,-3), (-3,-3)]
Turtle 4 :[(-4,-4), (17,11), (16,11), (16,10), (17,10), (16,10), (15,10), (14,10), (13,10)]
Turtle 5 :[(-5,-5), (14,7), (13,7), (13,8), (12,8), (11,8), (10,8), (-5,-5), (-5,-5)]

Shrinking Run 10
#Info# Executed steps before collision: 2, Found collision: true
Turtle 1 :[(-1,-1), (16,12), (16,11), (16,10), (15,10), (14,10), (13,10), (-1,-1), (-1,-1)]
Turtle 2 :[(-2,-2), (19,5), (18,5), (17,5), (16,5), (15,5), (15,4), (-2,-2), (-2,-2)]
Turtle 3 :[(-3,-3), (5,8), (5,9), (4,9), (3,9), (3,10), (3,11), (-3,-3), (-3,-3)]
Turtle 4 :[(-4,-4), (17,11), (16,11), (16,10), (16,11), (15,11), (14,11), (13,11), (13,10)]
Turtle 5 :[(-5,-5), (14,7), (13,7), (13,8), (12,8), (11,8), (10,8), (-5,-5), (-5,-5)]

Shrinking Run 11
#Info# Executed steps before collision: 2, Found collision: true
Turtle 1 :[(-1,-1), (16,12), (16,11), (16,10), (15,10), (14,10), (13,10), (-1,-1), (-1,-1), (-1,-1)]
Turtle 2 :[(-2,-2), (19,5), (18,5), (17,5), (16,5), (15,5), (14,5), (-2,-2), (-2,-2), (-2,-2)]
Turtle 3 :[(-3,-3), (5,8), (5,9), (4,9), (3,9), (3,10), (3,11), (-3,-3), (-3,-3), (-3,-3)]
Turtle 4 :[(-4,-4), (17,11), (16,11), (16,10), (16,10), (16,11), (15,11), (15,10), (14,10), (13,10)]
Turtle 5 :[(-5,-5), (14,7), (13,7), (13,8), (12,8), (11,8), (10,8), (-5,-5), (-5,-5), (-5,-5)]

Shrinking Run 12
#Info# Executed steps before collision: 2, Found collision: true
Turtle 1 :[(-1,-1), (16,12), (16,11), (16,12), (15,12), (15,11), (14,11), (13,11), (13,10)]
Turtle 2 :[(-2,-2), (19,5), (18,5), (17,5), (16,5), (15,5), (14,5), (-2,-2), (-2,-2)]
Turtle 3 :[(-3,-3), (5,8), (5,9), (4,9), (3,9), (2,9), (2,10), (-3,-3), (-3,-3)]
Turtle 4 :[(-4,-4), (17,11), (16,11), (16,10), (15,10), (14,10), (13,10), (-4,-4), (-4,-4)]
Turtle 5 :[(-5,-5), (14,7), (13,7), (13,8), (12,8), (11,8), (10,8), (-5,-5), (-5,-5)]

Shrinking Run 13
#Info# Executed steps before collision: 2, Found collision: true
Turtle 1 :[(-1,-1), (16,12), (16,11), (16,10), (15,10), (14,10), (13,10), (-1,-1), (-1,-1)]
Turtle 2 :[(-2,-2), (19,5), (18,5), (17,5), (16,5), (15,5), (14,5), (-2,-2), (-2,-2)]
Turtle 3 :[(-3,-3), (5,8), (5,7), (4,7), (3,7), (2,7), (2,6), (-3,-3), (-3,-3)]
Turtle 4 :[(-4,-4), (17,11), (16,11), (16,10), (16,11), (15,11), (14,11), (14,10), (13,10)]
Turtle 5 :[(-5,-5), (14,7), (13,7), (13,8), (12,8), (11,8), (10,8), (-5,-5), (-5,-5)]

Shrinking Run 14
#Info# Executed steps before collision: 2, Found collision: true
Turtle 1 :[(-1,-1), (16,12), (16,11), (16,10), (15,10), (15,9), (15,10), (14,10), (13,10)]
Turtle 2 :[(-2,-2), (19,5), (18,5), (17,5), (16,5), (15,5), (14,5), (-2,-2), (-2,-2)]
Turtle 3 :[(-3,-3), (5,8), (4,8), (4,7), (3,7), (2,7), (2,6), (-3,-3), (-3,-3)]
Turtle 4 :[(-4,-4), (17,11), (16,11), (15,11), (14,11), (14,10), (13,10), (-4,-4), (-4,-4)]
Turtle 5 :[(-5,-5), (14,7), (13,7), (13,8), (12,8), (11,8), (10,8), (-5,-5), (-5,-5)]

Shrinking Run 15
#Info# Executed steps before collision: 2, Found collision: true
Turtle 1 :[(-1,-1), (16,12), (16,11), (16,11), (16,10), (15,10), (14,10), (13,10), (-1,-1), (-1,-1), (-1,-1)]
Turtle 2 :[(-2,-2), (19,5), (18,5), (17,5), (16,5), (15,5), (14,5), (-2,-2), (-2,-2), (-2,-2), (-2,-2)]
Turtle 3 :[(-3,-3), (5,8), (4,8), (3,8), (2,8), (2,7), (2,6), (-3,-3), (-3,-3), (-3,-3), (-3,-3)]
Turtle 4 :[(-4,-4), (17,11), (16,11), (17,11), (16,11), (17,11), (16,11), (15,11), (15,10), (14,10), (13,10)]
Turtle 5 :[(-5,-5), (14,7), (13,7), (13,8), (12,8), (11,8), (10,8), (-5,-5), (-5,-5), (-5,-5), (-5,-5)]

Shrinking Run 16
#Info# Executed steps before collision: 2, Found collision: true
Turtle 1 :[(-1,-1), (16,12), (16,11), (17,11), (16,11), (15,11), (15,10), (14,10), (13,10)]
Turtle 2 :[(-2,-2), (19,5), (18,5), (17,5), (16,5), (15,5), (14,5), (-2,-2), (-2,-2)]
Turtle 3 :[(-3,-3), (5,8), (4,8), (3,8), (2,8), (1,8), (1,7), (-3,-3), (-3,-3)]
Turtle 4 :[(-4,-4), (17,11), (16,11), (16,10), (15,10), (14,10), (13,10), (-4,-4), (-4,-4)]
Turtle 5 :[(-5,-5), (14,7), (13,7), (13,8), (12,8), (11,8), (10,8), (-5,-5), (-5,-5)]

Shrinking Run 17
#Info# Executed steps before collision: 2, Found collision: true
Turtle 1 :[(-1,-1), (16,12), (16,11), (16,10), (15,10), (14,10), (13,10), (-1,-1), (-1,-1)]
Turtle 2 :[(-2,-2), (19,5), (18,5), (17,5), (16,5), (15,5), (14,5), (-2,-2), (-2,-2)]
Turtle 3 :[(-3,-3), (5,8), (4,8), (3,8), (2,8), (1,8), (0,8), (-3,-3), (-3,-3)]
Turtle 4 :[(-4,-4), (17,11), (16,11), (16,10), (15,10), (16,10), (15,10), (14,10), (13,10)]
Turtle 5 :[(-5,-5), (14,7), (13,7), (13,8), (12,8), (11,8), (10,8), (-5,-5), (-5,-5)]

Shrinking Run 18
#Info# Executed steps before collision: 8, Found collision: false
Turtle 1 :[(-1,-1), (16,12), (16,11), (16,12), (15,12), (15,11), (14,11), (14,10), (13,10)]
Turtle 2 :[(-2,-2), (19,5), (18,5), (17,5), (16,5), (15,5), (14,5), (-2,-2), (-2,-2)]
Turtle 3 :[(-3,-3), (5,8), (4,8), (3,8), (2,8), (1,8), (0,8), (-3,-3), (-3,-3)]
Turtle 4 :[(-4,-4), (17,11), (17,10), (16,10), (15,10), (14,10), (13,10), (-4,-4), (-4,-4)]
Turtle 5 :[(-5,-5), (14,7), (13,7), (13,8), (12,8), (11,8), (10,8), (-5,-5), (-5,-5)]

Shrinking Run 19
#Info# Executed steps before collision: 2, Found collision: true
Turtle 1 :[(-1,-1), (16,12), (16,11), (16,10), (15,10), (14,10), (13,10), (-1,-1), (-1,-1)]
Turtle 2 :[(-2,-2), (19,5), (18,5), (17,5), (16,5), (15,5), (14,5), (-2,-2), (-2,-2)]
Turtle 3 :[(-3,-3), (5,8), (4,8), (3,8), (2,8), (1,8), (0,8), (-3,-3), (-3,-3)]
Turtle 4 :[(-4,-4), (17,11), (16,11), (15,11), (15,12), (15,11), (14,11), (13,11), (13,10)]
Turtle 5 :[(-5,-5), (14,7), (13,7), (13,8), (12,8), (11,8), (10,8), (-5,-5), (-5,-5)]

Shrinking Run 20
#Info# Executed steps before collision: 2, Found collision: true
Turtle 1 :[(-1,-1), (16,12), (16,11), (16,10), (15,10), (14,10), (13,10), (-1,-1), (-1,-1), (-1,-1)]
Turtle 2 :[(-2,-2), (19,5), (18,5), (17,5), (16,5), (15,5), (14,5), (-2,-2), (-2,-2), (-2,-2)]
Turtle 3 :[(-3,-3), (5,8), (4,8), (3,8), (2,8), (1,8), (0,8), (-3,-3), (-3,-3), (-3,-3)]
Turtle 4 :[(-4,-4), (17,11), (16,11), (16,10), (16,10), (16,9), (15,9), (15,10), (14,10), (13,10)]
Turtle 5 :[(-5,-5), (14,7), (13,7), (13,6), (12,6), (11,6), (11,5), (-5,-5), (-5,-5), (-5,-5)]

Shrinking Run 21
#Info# Executed steps before collision: 2, Found collision: true
Turtle 1 :[(-1,-1), (16,12), (16,11), (16,10), (15,10), (14,10), (13,10), (-1,-1), (-1,-1)]
Turtle 2 :[(-2,-2), (19,5), (18,5), (17,5), (16,5), (15,5), (14,5), (-2,-2), (-2,-2)]
Turtle 3 :[(-3,-3), (5,8), (4,8), (3,8), (2,8), (1,8), (0,8), (-3,-3), (-3,-3)]
Turtle 4 :[(-4,-4), (17,11), (16,11), (16,10), (17,10), (16,10), (15,10), (14,10), (13,10)]
Turtle 5 :[(-5,-5), (14,7), (13,7), (12,7), (11,7), (10,7), (10,6), (-5,-5), (-5,-5)]

Shrinking Run 22
#Info# Executed steps before collision: 8, Found collision: false
Turtle 1 :[(-1,-1), (16,12), (16,11), (16,10), (15,10), (14,10), (13,10), (-1,-1), (-1,-1)]
Turtle 2 :[(-2,-2), (19,5), (18,5), (17,5), (16,5), (15,5), (14,5), (-2,-2), (-2,-2)]
Turtle 3 :[(-3,-3), (5,8), (4,8), (3,8), (2,8), (1,8), (0,8), (-3,-3), (-3,-3)]
Turtle 4 :[(-4,-4), (17,11), (18,11), (17,11), (16,11), (15,11), (15,10), (14,10), (13,10)]
Turtle 5 :[(-5,-5), (14,7), (13,7), (12,7), (11,7), (10,7), (9,7), (-5,-5), (-5,-5)]

Shrinking Run 23
#Info# Executed steps before collision: 8, Found collision: false
Turtle 1 :[(-1,-1), (16,12), (15,12), (14,12), (13,12), (13,11), (13,10), (-1,-1), (-1,-1)]
Turtle 2 :[(-2,-2), (19,5), (18,5), (17,5), (16,5), (15,5), (14,5), (-2,-2), (-2,-2)]
Turtle 3 :[(-3,-3), (5,8), (4,8), (3,8), (2,8), (1,8), (0,8), (-3,-3), (-3,-3)]
Turtle 4 :[(-4,-4), (17,11), (16,11), (16,10), (15,10), (14,10), (14,11), (14,10), (13,10)]
Turtle 5 :[(-5,-5), (14,7), (13,7), (12,7), (11,7), (10,7), (10,6), (-5,-5), (-5,-5)]

Shrinking Run 24
#Info# Executed steps before collision: 2, Found collision: true
Turtle 1 :[(-1,-1), (16,12), (16,11), (16,12), (15,12), (15,11), (15,10), (14,10), (13,10)]
Turtle 2 :[(-2,-2), (19,5), (18,5), (17,5), (16,5), (15,5), (14,5), (-2,-2), (-2,-2)]
Turtle 3 :[(-3,-3), (5,8), (4,8), (3,8), (2,8), (1,8), (0,8), (-3,-3), (-3,-3)]
Turtle 4 :[(-4,-4), (17,11), (16,11), (16,10), (15,10), (14,10), (13,10), (-4,-4), (-4,-4)]
Turtle 5 :[(-5,-5), (14,7), (13,7), (12,7), (11,7), (10,7), (10,6), (-5,-5), (-5,-5)]

Shrinking Run 25
#Info# Executed steps before collision: 2, Found collision: true
Turtle 1 :[(-1,-1), (16,12), (16,11), (15,11), (14,11), (13,11), (12,11)]
Turtle 2 :[(-2,-2), (19,5), (18,5), (17,5), (16,5), (15,5), (14,5)]
Turtle 3 :[(-3,-3), (5,8), (4,8), (3,8), (2,8), (1,8), (0,8)]
Turtle 4 :[(-4,-4), (17,11), (16,11), (15,11), (15,10), (14,10), (13,10)]
Turtle 5 :[(-5,-5), (14,7), (13,7), (12,7), (11,7), (10,7), (10,6)]

Shrinking Run 26
#Info# Executed steps before collision: 2, Found collision: true
Turtle 1 :[(-1,-1), (16,12), (16,11), (16,12), (15,12), (14,12), (14,11), (13,11), (12,11)]
Turtle 2 :[(-2,-2), (19,5), (18,5), (17,5), (16,5), (15,5), (14,5), (-2,-2), (-2,-2)]
Turtle 3 :[(-3,-3), (5,8), (4,8), (3,8), (2,8), (1,8), (0,8), (-3,-3), (-3,-3)]
Turtle 4 :[(-4,-4), (17,11), (16,11), (15,11), (14,11), (14,10), (13,10), (-4,-4), (-4,-4)]
Turtle 5 :[(-5,-5), (14,7), (13,7), (12,7), (11,7), (10,7), (9,7), (-5,-5), (-5,-5)]

Shrink Run 27
#Info# Executed steps before collision: 8, Found collision: false
Turtle 1 :[(-1,-1), (16,12), (15,12), (14,12), (13,12), (13,11), (13,10), (-1,-1), (-1,-1)]
Turtle 2 :[(-2,-2), (19,5), (18,5), (17,5), (16,5), (15,5), (14,5), (-2,-2), (-2,-2)]
Turtle 3 :[(-3,-3), (5,8), (4,8), (3,8), (2,8), (1,8), (0,8), (-3,-3), (-3,-3)]
Turtle 4 :[(-4,-4), (17,11), (16,11), (16,10), (15,10), (14,10), (14,11), (13,11), (13,10)]
Turtle 5 :[(-5,-5), (14,7), (13,7), (12,7), (11,7), (10,7), (9,7), (-5,-5), (-5,-5)]

