Shrinking Run 1
#Info# Executed steps before collision: 7, Found collision: false
Turtle 1 :[(-1,-1), (10,9), (9,9), (9,8), (8,8), (7,8), (6,8), (-1,-1)]
Turtle 2 :[(-2,-2), (12,18), (12,17), (11,17), (10,17), (10,18), (10,19), (9,19)]
Turtle 3 :[(-3,-3), (16,15), (16,16), (16,17), (16,18), (16,19), (17,19), (-3,-3)]
Turtle 4 :[(-4,-4), (11,19), (11,19), (12,19), (12,19), (13,19), (14,19), (-4,-4)]
Turtle 5 :[(-5,-5), (1,6), (2,6), (3,6), (4,6), (4,7), (5,7), (-5,-5)]

Shrinking Run 2
#Info# Executed steps before collision: 2, Found collision: true
Turtle 1 :[(-1,-1), (10,9), (9,9), (8,9), (8,8), (7,8), (-1,-1)]
Turtle 2 :[(-2,-2), (12,18), (12,19), (12,19), (11,19), (10,19), (9,19)]
Turtle 3 :[(-3,-3), (16,15), (16,16), (16,17), (16,18), (16,19), (17,19)]
Turtle 4 :[(-4,-4), (11,19), (12,19), (13,19), (14,19), (-4,-4), (-4,-4)]
Turtle 5 :[(-5,-5), (1,6), (2,6), (3,6), (4,6), (4,7), (5,7)]

Shrinking Run 3
#Info# Executed steps before collision: 7, Found collision: false
Turtle 1 :[(-1,-1), (10,9), (10,8), (10,7), (10,6), (10,5), (9,5), (-1,-1)]
Turtle 2 :[(-2,-2), (12,18), (13,18), (12,18), (11,18), (11,19), (10,19), (9,19)]
Turtle 3 :[(-3,-3), (16,15), (16,16), (16,17), (16,18), (16,19), (17,19), (-3,-3)]
Turtle 4 :[(-4,-4), (11,19), (12,19), (12,19), (13,19), (14,19), (-4,-4), (-4,-4)]
Turtle 5 :[(-5,-5), (1,6), (2,6), (3,6), (4,6), (4,7), (5,7), (-5,-5)]

Shrinking Run 4
#Info# Executed steps before collision: 2, Found collision: true
Turtle 1 :[(-1,-1), (10,9), (9,9), (9,8), (9,7), (9,6), (8,6), (-1,-1), (-1,-1), (-1,-1), (-1,-1)]
Turtle 2 :[(-2,-2), (12,18), (12,19), (12,19), (13,19), (12,19), (11,19), (11,19), (10,19), (9,19), (-2,-2)]
Turtle 3 :[(-3,-3), (16,15), (16,16), (16,17), (16,18), (16,19), (17,19), (-3,-3), (-3,-3), (-3,-3), (-3,-3)]
Turtle 4 :[(-4,-4), (11,19), (12,19), (11,19), (10,19), (11,19), (10,19), (11,19), (12,19), (13,19), (14,19)]
Turtle 5 :[(-5,-5), (1,6), (2,6), (3,6), (4,6), (4,7), (5,7), (-5,-5), (-5,-5), (-5,-5), (-5,-5)]

Shrinking Run 5
#Info# Executed steps before collision: 2, Found collision: true
Turtle 1 :[(-1,-1), (10,9), (10,8), (10,7), (9,7), (9,6), (8,6)]
Turtle 2 :[(-2,-2), (12,18), (12,19), (12,19), (11,19), (10,19), (9,19)]
Turtle 3 :[(-3,-3), (16,15), (16,16), (16,17), (16,18), (16,19), (17,19)]
Turtle 4 :[(-4,-4), (11,19), (12,19), (11,19), (12,19), (13,19), (14,19)]
Turtle 5 :[(-5,-5), (1,6), (2,6), (3,6), (4,6), (4,7), (5,7)]

Shrinking Run 6
#Info# Executed steps before collision: 7, Found collision: false
Turtle 1 :[(-1,-1), (10,9), (10,8), (9,8), (8,8), (8,7), (7,7), (-1,-1)]
Turtle 2 :[(-2,-2), (12,18), (13,18), (12,18), (11,18), (11,19), (10,19), (9,19)]
Turtle 3 :[(-3,-3), (16,15), (16,16), (16,17), (16,18), (16,19), (17,19), (-3,-3)]
Turtle 4 :[(-4,-4), (11,19), (11,19), (12,19), (12,19), (12,19), (13,19), (14,19)]
Turtle 5 :[(-5,-5), (1,6), (2,6), (3,6), (4,6), (4,7), (5,7), (-5,-5)]

Shrinking Run 7
#Info# Executed steps before collision: 2, Found collision: true
Turtle 1 :[(-1,-1), (10,9), (10,8), (10,7), (9,7), (8,7), (7,7)]
Turtle 2 :[(-2,-2), (12,18), (12,19), (12,19), (11,19), (10,19), (9,19)]
Turtle 3 :[(-3,-3), (16,15), (16,16), (16,17), (16,18), (16,19), (17,19)]
Turtle 4 :[(-4,-4), (11,19), (12,19), (12,19), (12,19), (13,19), (14,19)]
Turtle 5 :[(-5,-5), (1,6), (2,6), (3,6), (4,6), (4,7), (5,7)]

Shrinking Run 8
#Info# Executed steps before collision: 7, Found collision: false
Turtle 1 :[(-1,-1), (10,9), (9,9), (9,8), (8,8), (7,8), (7,7), (-1,-1)]
Turtle 2 :[(-2,-2), (12,18), (12,19), (12,19), (11,19), (10,19), (9,19), (-2,-2)]
Turtle 3 :[(-3,-3), (16,15), (16,16), (16,17), (16,18), (16,19), (17,19), (-3,-3)]
Turtle 4 :[(-4,-4), (11,19), (11,19), (11,18), (12,18), (12,19), (13,19), (14,19)]
Turtle 5 :[(-5,-5), (1,6), (2,6), (3,6), (4,6), (4,7), (5,7), (-5,-5)]

Shrinking Run 9
#Info# Executed steps before collision: 7, Found collision: false
Turtle 1 :[(-1,-1), (10,9), (9,9), (8,9), (8,8), (8,7), (7,7), (-1,-1)]
Turtle 2 :[(-2,-2), (12,18), (13,18), (12,18), (11,18), (11,19), (10,19), (9,19)]
Turtle 3 :[(-3,-3), (16,15), (16,16), (16,17), (16,18), (16,19), (17,19), (-3,-3)]
Turtle 4 :[(-4,-4), (11,19), (12,19), (12,19), (13,19), (14,19), (-4,-4), (-4,-4)]
Turtle 5 :[(-5,-5), (1,6), (2,6), (3,6), (4,6), (4,7), (5,7), (-5,-5)]

Shrinking Run 10
#Info# Executed steps before collision: 2, Found collision: true
Turtle 1 :[(-1,-1), (10,9), (9,9), (9,8), (8,8), (8,7), (7,7), (-1,-1), (-1,-1)]
Turtle 2 :[(-2,-2), (12,18), (12,19), (12,19), (12,18), (11,18), (10,18), (9,18), (9,19)]
Turtle 3 :[(-3,-3), (16,15), (16,16), (16,17), (16,18), (16,19), (17,19), (-3,-3), (-3,-3)]
Turtle 4 :[(-4,-4), (11,19), (12,19), (11,19), (12,19), (13,19), (14,19), (-4,-4), (-4,-4)]
Turtle 5 :[(-5,-5), (1,6), (2,6), (3,6), (4,6), (4,7), (5,7), (-5,-5), (-5,-5)]

Shrinking Run 11
#Info# Executed steps before collision: 6, Found collision: false
Turtle 1 :[(-1,-1), (10,9), (9,9), (9,8), (8,8), (8,7), (7,7)]
Turtle 2 :[(-2,-2), (12,18), (12,17), (12,16), (11,16), (11,15), (10,15)]
Turtle 3 :[(-3,-3), (16,15), (16,16), (16,17), (16,18), (16,19), (17,19)]
Turtle 4 :[(-4,-4), (11,19), (12,19), (12,19), (13,19), (14,19), (-4,-4)]
Turtle 5 :[(-5,-5), (1,6), (2,6), (3,6), (4,6), (4,7), (5,7)]

Shrinking Run 12
#Info# Executed steps before collision: 6, Found collision: false
Turtle 1 :[(-1,-1), (10,9), (9,9), (9,8), (8,8), (8,7), (7,7)]
Turtle 2 :[(-2,-2), (12,18), (11,18), (11,19), (10,19), (9,19), (8,19)]
Turtle 3 :[(-3,-3), (16,15), (16,16), (16,17), (16,18), (16,19), (17,19)]
Turtle 4 :[(-4,-4), (11,19), (12,19), (12,19), (13,19), (14,19), (-4,-4)]
Turtle 5 :[(-5,-5), (1,6), (2,6), (3,6), (4,6), (4,7), (5,7)]

Shrinking Run 13
#Info# Executed steps before collision: 7, Found collision: false
Turtle 1 :[(-1,-1), (10,9), (9,9), (9,8), (8,8), (8,7), (7,7), (-1,-1)]
Turtle 2 :[(-2,-2), (12,18), (12,19), (11,19), (10,19), (10,19), (10,19), (9,19)]
Turtle 3 :[(-3,-3), (16,15), (16,16), (16,17), (16,18), (16,19), (17,19), (-3,-3)]
Turtle 4 :[(-4,-4), (11,19), (11,19), (11,18), (11,19), (12,19), (13,19), (14,19)]
Turtle 5 :[(-5,-5), (1,6), (2,6), (3,6), (4,6), (4,7), (5,7), (-5,-5)]

Shrinking Run 14
#Info# Executed steps before collision: 6, Found collision: false
Turtle 1 :[(-1,-1), (10,9), (9,9), (9,8), (8,8), (8,7), (7,7)]
Turtle 2 :[(-2,-2), (12,18), (11,18), (10,18), (9,18), (9,19), (-2,-2)]
Turtle 3 :[(-3,-3), (16,15), (16,16), (16,17), (16,18), (16,19), (17,19)]
Turtle 4 :[(-4,-4), (11,19), (10,19), (11,19), (12,19), (13,19), (14,19)]
Turtle 5 :[(-5,-5), (1,6), (2,6), (3,6), (4,6), (4,7), (5,7)]

Shrinking Run 15
#Info# Executed steps before collision: 6, Found collision: false
Turtle 1 :[(-1,-1), (10,9), (9,9), (9,8), (8,8), (8,7), (7,7)]
Turtle 2 :[(-2,-2), (12,18), (11,18), (11,19), (10,19), (9,19), (-2,-2)]
Turtle 3 :[(-3,-3), (16,15), (16,16), (16,17), (16,18), (16,19), (15,19)]
Turtle 4 :[(-4,-4), (11,19), (11,19), (12,19), (13,19), (14,19), (-4,-4)]
Turtle 5 :[(-5,-5), (1,6), (2,6), (3,6), (4,6), (4,7), (5,7)]

Shrinking Run 16
#Info# Executed steps before collision: 7, Found collision: false
Turtle 1 :[(-1,-1), (10,9), (9,9), (9,8), (8,8), (8,7), (7,7), (-1,-1)]
Turtle 2 :[(-2,-2), (12,18), (12,18), (12,19), (12,19), (11,19), (10,19), (9,19)]
Turtle 3 :[(-3,-3), (16,15), (16,16), (16,17), (16,18), (16,19), (16,19), (-3,-3)]
Turtle 4 :[(-4,-4), (11,19), (12,19), (13,19), (14,19), (-4,-4), (-4,-4), (-4,-4)]
Turtle 5 :[(-5,-5), (1,6), (2,6), (3,6), (4,6), (4,7), (5,7), (-5,-5)]

Shrinking Run 17
#Info# Executed steps before collision: 2, Found collision: true
Turtle 1 :[(-1,-1), (10,9), (9,9), (9,8), (8,8), (8,7), (7,7), (-1,-1), (-1,-1), (-1,-1), (-1,-1)]
Turtle 2 :[(-2,-2), (12,18), (12,19), (12,19), (13,19), (12,19), (11,19), (11,18), (10,18), (9,18), (9,19)]
Turtle 3 :[(-3,-3), (16,15), (16,14), (16,13), (16,12), (16,11), (17,11), (-3,-3), (-3,-3), (-3,-3), (-3,-3)]
Turtle 4 :[(-4,-4), (11,19), (12,19), (11,19), (11,19), (10,19), (10,19), (11,19), (12,19), (13,19), (14,19)]
Turtle 5 :[(-5,-5), (1,6), (2,6), (3,6), (4,6), (4,7), (5,7), (-5,-5), (-5,-5), (-5,-5), (-5,-5)]

Shrinking Run 18
#Info# Executed steps before collision: 9, Found collision: true
Turtle 1 :[(-1,-1), (10,9), (9,9), (9,8), (8,8), (8,7), (7,7), (-1,-1), (-1,-1), (-1,-1), (-1,-1), (-1,-1), (-1,-1)]
Turtle 2 :[(-2,-2), (12,18), (12,19), (12,19), (13,19), (12,19), (11,19), (12,19), (13,19), (12,19), (11,19), (10,19), (9,19)]
Turtle 3 :[(-3,-3), (16,15), (16,14), (16,13), (16,12), (16,11), (15,11), (-3,-3), (-3,-3), (-3,-3), (-3,-3), (-3,-3), (-3,-3)]
Turtle 4 :[(-4,-4), (11,19), (10,19), (11,19), (10,19), (11,19), (10,19), (11,19), (11,19), (12,19), (13,19), (14,19), (-4,-4)]
Turtle 5 :[(-5,-5), (1,6), (2,6), (3,6), (4,6), (4,7), (5,7), (-5,-5), (-5,-5), (-5,-5), (-5,-5), (-5,-5), (-5,-5)]

Shrinking Run 19
#Info# Executed steps before collision: 2, Found collision: true
Turtle 1 :[(-1,-1), (10,9), (9,9), (9,8), (8,8), (8,7), (7,7)]
Turtle 2 :[(-2,-2), (12,18), (12,19), (12,19), (11,19), (10,19), (9,19)]
Turtle 3 :[(-3,-3), (16,15), (16,14), (15,14), (15,13), (15,12), (14,12)]
Turtle 4 :[(-4,-4), (11,19), (12,19), (13,19), (14,19), (-4,-4), (-4,-4)]
Turtle 5 :[(-5,-5), (1,6), (2,6), (3,6), (4,6), (4,7), (5,7)]

Shrinking Run 20
#Info# Executed steps before collision: 2, Found collision: true
Turtle 1 :[(-1,-1), (10,9), (9,9), (9,8), (8,8), (8,7), (7,7)]
Turtle 2 :[(-2,-2), (12,18), (12,19), (12,19), (11,19), (10,19), (9,19)]
Turtle 3 :[(-3,-3), (16,15), (16,14), (15,14), (15,13), (14,13), (13,13)]
Turtle 4 :[(-4,-4), (11,19), (12,19), (13,19), (14,19), (-4,-4), (-4,-4)]
Turtle 5 :[(-5,-5), (1,6), (2,6), (3,6), (4,6), (4,7), (5,7)]

Shrinking Run 21
#Info# Executed steps before collision: 3, Found collision: true
Turtle 1 :[(-1,-1), (10,9), (9,9), (9,8), (8,8), (8,7), (7,7), (-1,-1), (-1,-1), (-1,-1)]
Turtle 2 :[(-2,-2), (12,18), (12,18), (12,19), (13,19), (12,19), (11,19), (10,19), (9,19), (-2,-2)]
Turtle 3 :[(-3,-3), (16,15), (15,15), (14,15), (14,14), (13,14), (12,14), (-3,-3), (-3,-3), (-3,-3)]
Turtle 4 :[(-4,-4), (11,19), (12,19), (12,19), (12,19), (11,19), (11,19), (12,19), (13,19), (14,19)]
Turtle 5 :[(-5,-5), (1,6), (2,6), (3,6), (4,6), (4,7), (5,7), (-5,-5), (-5,-5), (-5,-5)]

Shrinking Run 22
#Info# Executed steps before collision: 2, Found collision: true
Turtle 1 :[(-1,-1), (10,9), (9,9), (9,8), (8,8), (8,7), (7,7)]
Turtle 2 :[(-2,-2), (12,18), (12,19), (12,19), (11,19), (10,19), (9,19)]
Turtle 3 :[(-3,-3), (16,15), (15,15), (14,15), (13,15), (12,15), (11,15)]
Turtle 4 :[(-4,-4), (11,19), (12,19), (13,19), (14,19), (-4,-4), (-4,-4)]
Turtle 5 :[(-5,-5), (1,6), (2,6), (3,6), (4,6), (4,7), (5,7)]

Shrinking Run 23
#Info# Executed steps before collision: 6, Found collision: false
Turtle 1 :[(-1,-1), (10,9), (9,9), (9,8), (8,8), (8,7), (7,7)]
Turtle 2 :[(-2,-2), (12,18), (12,19), (12,19), (11,19), (10,19), (9,19)]
Turtle 3 :[(-3,-3), (16,15), (15,15), (14,15), (13,15), (12,15), (11,15)]
Turtle 4 :[(-4,-4), (11,19), (10,19), (10,19), (9,19), (8,19), (7,19)]
Turtle 5 :[(-5,-5), (1,6), (2,6), (3,6), (4,6), (4,7), (5,7)]

Shrinking Run 24
#Info# Executed steps before collision: 7, Found collision: false
Turtle 1 :[(-1,-1), (10,9), (9,9), (9,8), (8,8), (8,7), (7,7), (-1,-1)]
Turtle 2 :[(-2,-2), (12,18), (12,18), (12,19), (12,19), (11,19), (10,19), (9,19)]
Turtle 3 :[(-3,-3), (16,15), (15,15), (14,15), (13,15), (12,15), (11,15), (-3,-3)]
Turtle 4 :[(-4,-4), (11,19), (10,19), (10,19), (9,19), (8,19), (-4,-4), (-4,-4)]
Turtle 5 :[(-5,-5), (1,6), (2,6), (3,6), (4,6), (4,7), (5,7), (-5,-5)]

Shrinking Run 25
#Info# Executed steps before collision: 8, Found collision: false
Turtle 1 :[(-1,-1), (10,9), (9,9), (9,8), (8,8), (8,7), (7,7), (-1,-1), (-1,-1)]
Turtle 2 :[(-2,-2), (12,18), (12,19), (12,19), (12,18), (12,19), (11,19), (10,19), (9,19)]
Turtle 3 :[(-3,-3), (16,15), (15,15), (14,15), (13,15), (12,15), (11,15), (-3,-3), (-3,-3)]
Turtle 4 :[(-4,-4), (11,19), (11,18), (11,19), (12,19), (13,19), (14,19), (13,19), (12,19)]
Turtle 5 :[(-5,-5), (1,6), (2,6), (3,6), (4,6), (4,7), (5,7), (-5,-5), (-5,-5)]

Shrinking Run 26
#Info# Executed steps before collision: 7, Found collision: false
Turtle 1 :[(-1,-1), (10,9), (9,9), (9,8), (8,8), (8,7), (7,7), (-1,-1)]
Turtle 2 :[(-2,-2), (12,18), (12,18), (12,19), (12,19), (11,19), (10,19), (9,19)]
Turtle 3 :[(-3,-3), (16,15), (15,15), (14,15), (13,15), (12,15), (11,15), (-3,-3)]
Turtle 4 :[(-4,-4), (11,19), (11,19), (11,18), (12,18), (13,18), (13,19), (-4,-4)]
Turtle 5 :[(-5,-5), (1,6), (2,6), (3,6), (4,6), (4,7), (5,7), (-5,-5)]

Shrinking Run 27
#Info# Executed steps before collision: 8, Found collision: false
Turtle 1 :[(-1,-1), (10,9), (9,9), (9,8), (8,8), (8,7), (7,7), (-1,-1), (-1,-1)]
Turtle 2 :[(-2,-2), (12,18), (12,18), (12,19), (12,19), (11,19), (10,19), (9,19), (-2,-2)]
Turtle 3 :[(-3,-3), (16,15), (15,15), (14,15), (13,15), (12,15), (11,15), (-3,-3), (-3,-3)]
Turtle 4 :[(-4,-4), (11,19), (11,18), (11,17), (12,17), (12,16), (11,16), (12,16), (12,15)]
Turtle 5 :[(-5,-5), (1,6), (2,6), (3,6), (4,6), (4,7), (5,7), (-5,-5), (-5,-5)]

Shrinking Run 28
#Info# Executed steps before collision: 7, Found collision: false
Turtle 1 :[(-1,-1), (10,9), (9,9), (9,8), (8,8), (8,7), (7,7), (-1,-1)]
Turtle 2 :[(-2,-2), (12,18), (12,18), (12,19), (12,19), (11,19), (10,19), (9,19)]
Turtle 3 :[(-3,-3), (16,15), (15,15), (14,15), (13,15), (12,15), (11,15), (-3,-3)]
Turtle 4 :[(-4,-4), (11,19), (12,19), (13,19), (13,18), (13,17), (13,16), (-4,-4)]
Turtle 5 :[(-5,-5), (1,6), (2,6), (3,6), (4,6), (4,7), (5,7), (-5,-5)]

Shrinking Run 29
#Info# Executed steps before collision: 6, Found collision: false
Turtle 1 :[(-1,-1), (10,9), (9,9), (9,8), (8,8), (8,7), (7,7)]
Turtle 2 :[(-2,-2), (12,18), (12,19), (12,19), (11,19), (10,19), (9,19)]
Turtle 3 :[(-3,-3), (16,15), (15,15), (14,15), (13,15), (12,15), (11,15)]
Turtle 4 :[(-4,-4), (11,19), (11,18), (12,18), (13,18), (14,18), (-4,-4)]
Turtle 5 :[(-5,-5), (1,6), (2,6), (3,6), (4,6), (4,7), (5,7)]

Shrinking Run 30
#Info# Executed steps before collision: 6, Found collision: false
Turtle 1 :[(-1,-1), (10,9), (9,9), (9,8), (8,8), (8,7), (7,7)]
Turtle 2 :[(-2,-2), (12,18), (11,18), (10,18), (9,18), (9,19), (-2,-2)]
Turtle 3 :[(-3,-3), (16,15), (15,15), (14,15), (13,15), (12,15), (11,15)]
Turtle 4 :[(-4,-4), (11,19), (12,19), (13,19), (14,19), (-4,-4), (-4,-4)]
Turtle 5 :[(-5,-5), (1,6), (2,6), (3,6), (4,6), (4,7), (5,7)]

Shrinking Run 31
#Info# Executed steps before collision: 2, Found collision: true
Turtle 1 :[(-1,-1), (10,9), (9,9), (9,8), (8,8), (8,7), (7,7)]
Turtle 2 :[(-2,-2), (12,18), (12,19), (12,19), (11,19), (10,19), (9,19)]
Turtle 3 :[(-3,-3), (16,15), (15,15), (14,15), (13,15), (12,15), (11,15)]
Turtle 4 :[(-4,-4), (11,19), (12,19), (13,19), (14,19), (-4,-4), (-4,-4)]
Turtle 5 :[(-5,-5), (1,6), (2,6), (3,6), (4,6), (4,7), (5,7)]

Shrinking Run 32
#Info# Executed steps before collision: 2, Found collision: true
Turtle 1 :[(-1,-1), (10,9), (9,9), (9,8), (8,8), (8,7), (7,7), (-1,-1), (-1,-1), (-1,-1)]
Turtle 2 :[(-2,-2), (12,18), (12,19), (13,19), (13,19), (13,19), (12,19), (11,19), (10,19), (9,19)]
Turtle 3 :[(-3,-3), (16,15), (15,15), (14,15), (13,15), (12,15), (11,15), (-3,-3), (-3,-3), (-3,-3)]
Turtle 4 :[(-4,-4), (11,19), (12,19), (12,19), (13,19), (14,19), (14,19), (-4,-4), (-4,-4), (-4,-4)]
Turtle 5 :[(-5,-5), (1,6), (2,6), (3,6), (4,6), (4,7), (5,7), (-5,-5), (-5,-5), (-5,-5)]

Shrinking Run 33
#Info# Executed steps before collision: 2, Found collision: true
Turtle 1 :[(-1,-1), (10,9), (9,9), (9,8), (8,8), (8,7), (7,7)]
Turtle 2 :[(-2,-2), (12,18), (12,19), (12,19), (11,19), (10,19), (9,19)]
Turtle 3 :[(-3,-3), (16,15), (15,15), (14,15), (13,15), (12,15), (11,15)]
Turtle 4 :[(-4,-4), (11,19), (12,19), (13,19), (14,19), (14,19), (-4,-4)]
Turtle 5 :[(-5,-5), (1,6), (1,7), (0,7), (-5,-5), (-5,-5), (-5,-5)]

Shrinking Run 34
#Info# Executed steps before collision: 2, Found collision: true
Turtle 1 :[(-1,-1), (10,9), (9,9), (9,8), (8,8), (8,7), (7,7)]
Turtle 2 :[(-2,-2), (12,18), (12,19), (12,19), (11,19), (10,19), (9,19)]
Turtle 3 :[(-3,-3), (16,15), (15,15), (14,15), (13,15), (12,15), (11,15)]
Turtle 4 :[(-4,-4), (11,19), (12,19), (13,19), (14,19), (14,19), (-4,-4)]
Turtle 5 :[(-5,-5), (1,6), (1,5), (1,4), (1,3), (1,2), (0,2)]

Shrinking Run 35
#Info# Executed steps before collision: 6, Found collision: false
Turtle 1 :[(-1,-1), (10,9), (9,9), (9,8), (8,8), (8,7), (7,7)]
Turtle 2 :[(-2,-2), (12,18), (11,18), (10,18), (9,18), (9,19), (-2,-2)]
Turtle 3 :[(-3,-3), (16,15), (15,15), (14,15), (13,15), (12,15), (11,15)]
Turtle 4 :[(-4,-4), (11,19), (12,19), (13,19), (14,19), (14,19), (-4,-4)]
Turtle 5 :[(-5,-5), (1,6), (0,6), (0,5), (0,4), (0,3), (0,2)]

Shrinking Run 36
#Info# Executed steps before collision: 2, Found collision: true
Turtle 1 :[(-1,-1), (10,9), (9,9), (9,8), (8,8), (8,7), (7,7)]
Turtle 2 :[(-2,-2), (12,18), (12,19), (12,19), (11,19), (10,19), (9,19)]
Turtle 3 :[(-3,-3), (16,15), (15,15), (14,15), (13,15), (12,15), (11,15)]
Turtle 4 :[(-4,-4), (11,19), (12,19), (13,19), (14,19), (14,19), (-4,-4)]
Turtle 5 :[(-5,-5), (1,6), (1,5), (0,5), (0,4), (0,3), (0,2)]

Shrinking Run 37
#Info# Executed steps before collision: 4, Found collision: true
Turtle 1 :[(-1,-1), (10,9), (9,9), (9,8), (8,8), (7,8), (6,8), (-1,-1)]
Turtle 2 :[(-2,-2), (12,18), (12,19), (13,19), (12,19), (11,19), (10,19), (9,19)]
Turtle 3 :[(-3,-3), (16,15), (15,15), (14,15), (13,15), (12,15), (11,15), (-3,-3)]
Turtle 4 :[(-4,-4), (11,19), (11,19), (11,19), (12,19), (13,19), (14,19), (14,19)]
Turtle 5 :[(-5,-5), (1,6), (1,5), (0,5), (0,4), (0,3), (0,2), (-5,-5)]

Shrinking Run 38
#Info# Executed steps before collision: 2, Found collision: true
Turtle 1 :[(-1,-1), (10,9), (10,8), (10,7), (10,6), (10,5), (9,5)]
Turtle 2 :[(-2,-2), (12,18), (12,19), (12,19), (11,19), (10,19), (9,19)]
Turtle 3 :[(-3,-3), (16,15), (15,15), (14,15), (13,15), (12,15), (11,15)]
Turtle 4 :[(-4,-4), (11,19), (12,19), (13,19), (14,19), (14,19), (-4,-4)]
Turtle 5 :[(-5,-5), (1,6), (1,5), (0,5), (0,4), (0,3), (0,2)]

Shrinking Run 39
#Info# Executed steps before collision: 2, Found collision: true
Turtle 1 :[(-1,-1), (10,9), (10,8), (10,7), (9,7), (9,6), (8,6)]
Turtle 2 :[(-2,-2), (12,18), (12,19), (12,19), (11,19), (10,19), (9,19)]
Turtle 3 :[(-3,-3), (16,15), (15,15), (14,15), (13,15), (12,15), (11,15)]
Turtle 4 :[(-4,-4), (11,19), (12,19), (13,19), (14,19), (14,19), (-4,-4)]
Turtle 5 :[(-5,-5), (1,6), (1,5), (0,5), (0,4), (0,3), (0,2)]

Shrinking Run 40
#Info# Executed steps before collision: 2, Found collision: true
Turtle 1 :[(-1,-1), (10,9), (10,8), (9,8), (8,8), (8,7), (7,7)]
Turtle 2 :[(-2,-2), (12,18), (12,19), (12,19), (11,19), (10,19), (9,19)]
Turtle 3 :[(-3,-3), (16,15), (15,15), (14,15), (13,15), (12,15), (11,15)]
Turtle 4 :[(-4,-4), (11,19), (12,19), (13,19), (14,19), (14,19), (-4,-4)]
Turtle 5 :[(-5,-5), (1,6), (1,5), (0,5), (0,4), (0,3), (0,2)]

Shrinking Run 41
#Info# Executed steps before collision: 2, Found collision: true
Turtle 1 :[(-1,-1), (10,9), (10,8), (9,8), (8,8), (7,8), (7,7)]
Turtle 2 :[(-2,-2), (12,18), (12,19), (12,19), (11,19), (10,19), (9,19)]
Turtle 3 :[(-3,-3), (16,15), (15,15), (14,15), (13,15), (12,15), (11,15)]
Turtle 4 :[(-4,-4), (11,19), (12,19), (13,19), (14,19), (14,19), (-4,-4)]
Turtle 5 :[(-5,-5), (1,6), (1,5), (0,5), (0,4), (0,3), (0,2)]

Shrinking Run 42
#Info# Executed steps before collision: 2, Found collision: true
Turtle 1 :[(-1,-1), (10,9), (9,9), (8,9), (7,9), (6,9), (6,8)]
Turtle 2 :[(-2,-2), (12,18), (12,19), (12,19), (11,19), (10,19), (9,19)]
Turtle 3 :[(-3,-3), (16,15), (15,15), (14,15), (13,15), (12,15), (11,15)]
Turtle 4 :[(-4,-4), (11,19), (12,19), (13,19), (14,19), (-4,-4), (-4,-4)]
Turtle 5 :[(-5,-5), (1,6), (1,5), (0,5), (0,4), (0,3), (0,2)]

Shrinking Run 43
#Info# Executed steps before collision: 8, Found collision: false
Turtle 1 :[(-1,-1), (10,9), (9,9), (8,9), (7,9), (6,9), (5,9), (-1,-1), (-1,-1)]
Turtle 2 :[(-2,-2), (12,18), (12,19), (12,19), (12,18), (11,18), (10,18), (10,19), (9,19)]
Turtle 3 :[(-3,-3), (16,15), (15,15), (14,15), (13,15), (12,15), (11,15), (-3,-3), (-3,-3)]
Turtle 4 :[(-4,-4), (11,19), (10,19), (11,19), (12,19), (13,19), (14,19), (-4,-4), (-4,-4)]
Turtle 5 :[(-5,-5), (1,6), (1,5), (0,5), (0,4), (0,3), (0,2), (-5,-5), (-5,-5)]

Shrinking Run 44
#Info# Executed steps before collision: 8, Found collision: false
Turtle 1 :[(-1,-1), (10,9), (9,9), (8,9), (7,9), (6,9), (6,8), (-1,-1), (-1,-1)]
Turtle 2 :[(-2,-2), (12,18), (12,17), (12,16), (11,16), (11,15), (10,15), (-2,-2), (-2,-2)]
Turtle 3 :[(-3,-3), (16,15), (15,15), (14,15), (13,15), (12,15), (12,14), (11,14), (11,15)]
Turtle 4 :[(-4,-4), (11,19), (12,19), (13,19), (14,19), (14,19), (-4,-4), (-4,-4), (-4,-4)]
Turtle 5 :[(-5,-5), (1,6), (1,5), (0,5), (0,4), (0,3), (0,2), (-5,-5), (-5,-5)]

Shrinking Run 45
#Info# Executed steps before collision: 6, Found collision: false
Turtle 1 :[(-1,-1), (10,9), (9,9), (8,9), (7,9), (6,9), (6,8)]
Turtle 2 :[(-2,-2), (12,18), (11,18), (11,19), (10,19), (9,19), (8,19)]
Turtle 3 :[(-3,-3), (16,15), (15,15), (14,15), (13,15), (12,15), (11,15)]
Turtle 4 :[(-4,-4), (11,19), (12,19), (13,19), (14,19), (-4,-4), (-4,-4)]
Turtle 5 :[(-5,-5), (1,6), (1,5), (0,5), (0,4), (0,3), (0,2)]

Shrinking Run 46
#Info# Executed steps before collision: 2, Found collision: true
Turtle 1 :[(-1,-1), (10,9), (9,9), (8,9), (7,9), (6,9), (6,8), (-1,-1)]
Turtle 2 :[(-2,-2), (12,18), (12,19), (13,19), (12,19), (11,19), (10,19), (9,19)]
Turtle 3 :[(-3,-3), (16,15), (15,15), (14,15), (13,15), (12,15), (11,15), (-3,-3)]
Turtle 4 :[(-4,-4), (11,19), (12,19), (12,18), (13,18), (14,18), (14,19), (-4,-4)]
Turtle 5 :[(-5,-5), (1,6), (1,5), (0,5), (0,4), (0,3), (0,2), (-5,-5)]

Shrinking Run 47
#Info# Executed steps before collision: 2, Found collision: true
Turtle 1 :[(-1,-1), (10,9), (9,9), (8,9), (7,9), (6,9), (6,8)]
Turtle 2 :[(-2,-2), (12,18), (12,19), (11,19), (10,19), (9,19), (8,19)]
Turtle 3 :[(-3,-3), (16,15), (15,15), (14,15), (13,15), (12,15), (11,15)]
Turtle 4 :[(-4,-4), (11,19), (12,19), (13,19), (14,19), (14,19), (-4,-4)]
Turtle 5 :[(-5,-5), (1,6), (1,5), (0,5), (0,4), (0,3), (0,2)]

Shrinking Run 48
#Info# Executed steps before collision: 8, Found collision: false
Turtle 1 :[(-1,-1), (10,9), (9,9), (8,9), (7,9), (6,9), (6,8), (-1,-1), (-1,-1)]
Turtle 2 :[(-2,-2), (12,18), (12,17), (11,17), (10,17), (9,17), (8,17), (7,17), (7,18)]
Turtle 3 :[(-3,-3), (16,15), (15,15), (14,15), (13,15), (12,15), (11,15), (-3,-3), (-3,-3)]
Turtle 4 :[(-4,-4), (11,19), (12,19), (13,19), (14,19), (14,19), (-4,-4), (-4,-4), (-4,-4)]
Turtle 5 :[(-5,-5), (1,6), (1,5), (0,5), (0,4), (0,3), (0,2), (-5,-5), (-5,-5)]

Shrinking Run 49
#Info# Executed steps before collision: 6, Found collision: false
Turtle 1 :[(-1,-1), (10,9), (9,9), (8,9), (7,9), (6,9), (6,8)]
Turtle 2 :[(-2,-2), (12,18), (11,18), (10,18), (9,18), (9,19), (8,19)]
Turtle 3 :[(-3,-3), (16,15), (15,15), (14,15), (13,15), (12,15), (11,15)]
Turtle 4 :[(-4,-4), (11,19), (12,19), (13,19), (14,19), (14,19), (-4,-4)]
Turtle 5 :[(-5,-5), (1,6), (1,5), (0,5), (0,4), (0,3), (0,2)]

Shrinking Run 50
#Info# Executed steps before collision: 2, Found collision: true
Turtle 1 :[(-1,-1), (10,9), (9,9), (8,9), (7,9), (6,9), (6,8)]
Turtle 2 :[(-2,-2), (12,18), (12,19), (11,19), (10,19), (9,19), (8,19)]
Turtle 3 :[(-3,-3), (16,15), (16,16), (16,17), (16,18), (16,19), (15,19)]
Turtle 4 :[(-4,-4), (11,19), (12,19), (13,19), (14,19), (14,19), (-4,-4)]
Turtle 5 :[(-5,-5), (1,6), (1,5), (0,5), (0,4), (0,3), (0,2)]

Shrinking Run 51
#Info# Executed steps before collision: 3, Found collision: true
Turtle 1 :[(-1,-1), (10,9), (9,9), (8,9), (7,9), (6,9), (6,8), (-1,-1)]
Turtle 2 :[(-2,-2), (12,18), (12,19), (11,19), (10,19), (9,19), (8,19), (-2,-2)]
Turtle 3 :[(-3,-3), (16,15), (16,14), (16,13), (16,12), (16,11), (15,11), (-3,-3)]
Turtle 4 :[(-4,-4), (11,19), (11,19), (11,19), (12,19), (13,19), (14,19), (14,19)]
Turtle 5 :[(-5,-5), (1,6), (1,5), (0,5), (0,4), (0,3), (0,2), (-5,-5)]

Shrinking Run 52
#Info# Executed steps before collision: 6, Found collision: false
Turtle 1 :[(-1,-1), (10,9), (9,9), (8,9), (7,9), (6,9), (6,8)]
Turtle 2 :[(-2,-2), (12,18), (11,18), (10,18), (10,19), (9,19), (8,19)]
Turtle 3 :[(-3,-3), (16,15), (16,14), (15,14), (15,13), (15,12), (14,12)]
Turtle 4 :[(-4,-4), (11,19), (11,19), (12,19), (13,19), (14,19), (14,19)]
Turtle 5 :[(-5,-5), (1,6), (1,5), (0,5), (0,4), (0,3), (0,2)]

Shrinking Run 53
#Info# Executed steps before collision: 2, Found collision: true
Turtle 1 :[(-1,-1), (10,9), (9,9), (8,9), (7,9), (6,9), (6,8)]
Turtle 2 :[(-2,-2), (12,18), (12,19), (11,19), (10,19), (9,19), (8,19)]
Turtle 3 :[(-3,-3), (16,15), (16,14), (16,13), (16,12), (15,12), (14,12)]
Turtle 4 :[(-4,-4), (11,19), (12,19), (13,19), (14,19), (-4,-4), (-4,-4)]
Turtle 5 :[(-5,-5), (1,6), (1,5), (0,5), (0,4), (0,3), (0,2)]

Shrinking Run 54
#Info# Executed steps before collision: 2, Found collision: true
Turtle 1 :[(-1,-1), (10,9), (9,9), (8,9), (7,9), (6,9), (6,8), (-1,-1)]
Turtle 2 :[(-2,-2), (12,18), (12,19), (12,19), (11,19), (10,19), (9,19), (8,19)]
Turtle 3 :[(-3,-3), (16,15), (15,15), (15,14), (15,13), (14,13), (13,13), (-3,-3)]
Turtle 4 :[(-4,-4), (11,19), (12,19), (13,19), (14,19), (14,19), (-4,-4), (-4,-4)]
Turtle 5 :[(-5,-5), (1,6), (1,5), (0,5), (0,4), (0,3), (0,2), (-5,-5)]

Shrinking Run 55
#Info# Executed steps before collision: 8, Found collision: false
Turtle 1 :[(-1,-1), (10,9), (9,9), (8,9), (7,9), (6,9), (6,8), (-1,-1), (-1,-1)]
Turtle 2 :[(-2,-2), (12,18), (12,17), (11,17), (10,17), (9,17), (8,17), (8,18), (8,19)]
Turtle 3 :[(-3,-3), (16,15), (15,15), (15,14), (14,14), (13,14), (12,14), (-3,-3), (-3,-3)]
Turtle 4 :[(-4,-4), (11,19), (11,19), (12,19), (13,19), (14,19), (14,19), (-4,-4), (-4,-4)]
Turtle 5 :[(-5,-5), (1,6), (1,5), (0,5), (0,4), (0,3), (0,2), (-5,-5), (-5,-5)]

Shrinking Run 56
#Info# Executed steps before collision: 2, Found collision: true
Turtle 1 :[(-1,-1), (10,9), (9,9), (8,9), (7,9), (6,9), (6,8)]
Turtle 2 :[(-2,-2), (12,18), (12,19), (11,19), (10,19), (9,19), (8,19)]
Turtle 3 :[(-3,-3), (16,15), (16,14), (15,14), (15,13), (14,13), (13,13)]
Turtle 4 :[(-4,-4), (11,19), (12,19), (13,19), (14,19), (14,19), (-4,-4)]
Turtle 5 :[(-5,-5), (1,6), (1,5), (0,5), (0,4), (0,3), (0,2)]

Shrinking Run 57
#Info# Executed steps before collision: 2, Found collision: true
Turtle 1 :[(-1,-1), (10,9), (9,9), (8,9), (7,9), (6,9), (6,8)]
Turtle 2 :[(-2,-2), (12,18), (12,19), (11,19), (10,19), (9,19), (8,19)]
Turtle 3 :[(-3,-3), (16,15), (16,14), (15,14), (14,14), (14,13), (13,13)]
Turtle 4 :[(-4,-4), (11,19), (12,19), (13,19), (14,19), (14,19), (-4,-4)]
Turtle 5 :[(-5,-5), (1,6), (1,5), (0,5), (0,4), (0,3), (0,2)]

Shrinking Run 58
#Info# Executed steps before collision: 9, Found collision: false
Turtle 1 :[(-1,-1), (10,9), (9,9), (8,9), (7,9), (6,9), (6,8), (-1,-1), (-1,-1), (-1,-1)]
Turtle 2 :[(-2,-2), (12,18), (12,19), (11,19), (11,19), (10,19), (10,18), (10,19), (9,19), (8,19)]
Turtle 3 :[(-3,-3), (16,15), (16,14), (15,14), (14,14), (14,13), (13,13), (-3,-3), (-3,-3), (-3,-3)]
Turtle 4 :[(-4,-4), (11,19), (10,19), (10,19), (9,19), (8,19), (7,19), (-4,-4), (-4,-4), (-4,-4)]
Turtle 5 :[(-5,-5), (1,6), (1,5), (0,5), (0,4), (0,3), (0,2), (-5,-5), (-5,-5), (-5,-5)]

Shrinking Run 59
#Info# Executed steps before collision: 8, Found collision: false
Turtle 1 :[(-1,-1), (10,9), (9,9), (8,9), (7,9), (6,9), (6,8), (-1,-1), (-1,-1)]
Turtle 2 :[(-2,-2), (12,18), (12,19), (11,19), (12,19), (11,19), (10,19), (9,19), (8,19)]
Turtle 3 :[(-3,-3), (16,15), (16,14), (15,14), (14,14), (14,13), (13,13), (-3,-3), (-3,-3)]
Turtle 4 :[(-4,-4), (11,19), (10,19), (10,19), (9,19), (8,19), (-4,-4), (-4,-4), (-4,-4)]
Turtle 5 :[(-5,-5), (1,6), (1,5), (0,5), (0,4), (0,3), (0,2), (-5,-5), (-5,-5)]

Shrinking Run 60
#Info# Executed steps before collision: 6, Found collision: false
Turtle 1 :[(-1,-1), (10,9), (9,9), (8,9), (7,9), (6,9), (6,8)]
Turtle 2 :[(-2,-2), (12,18), (12,19), (11,19), (10,19), (9,19), (8,19)]
Turtle 3 :[(-3,-3), (16,15), (16,14), (15,14), (14,14), (14,13), (13,13)]
Turtle 4 :[(-4,-4), (11,19), (11,18), (11,17), (12,17), (12,18), (12,19)]
Turtle 5 :[(-5,-5), (1,6), (1,5), (0,5), (0,4), (0,3), (0,2)]

Shrinking Run 61
#Info# Executed steps before collision: 6, Found collision: false
Turtle 1 :[(-1,-1), (10,9), (9,9), (8,9), (7,9), (6,9), (6,8)]
Turtle 2 :[(-2,-2), (12,18), (12,19), (11,19), (10,19), (9,19), (8,19)]
Turtle 3 :[(-3,-3), (16,15), (16,14), (15,14), (14,14), (14,13), (13,13)]
Turtle 4 :[(-4,-4), (11,19), (11,19), (12,19), (13,19), (-4,-4), (-4,-4)]
Turtle 5 :[(-5,-5), (1,6), (1,5), (0,5), (0,4), (0,3), (0,2)]

Shrinking Run 62
#Info# Executed steps before collision: 7, Found collision: false
Turtle 1 :[(-1,-1), (10,9), (9,9), (8,9), (7,9), (6,9), (6,8), (-1,-1)]
Turtle 2 :[(-2,-2), (12,18), (12,18), (12,19), (11,19), (10,19), (9,19), (8,19)]
Turtle 3 :[(-3,-3), (16,15), (16,14), (15,14), (14,14), (14,13), (13,13), (-3,-3)]
Turtle 4 :[(-4,-4), (11,19), (11,18), (11,17), (12,17), (12,16), (12,15), (-4,-4)]
Turtle 5 :[(-5,-5), (1,6), (1,5), (0,5), (0,4), (0,3), (0,2), (-5,-5)]

Shrinking Run 63
#Info# Executed steps before collision: 8, Found collision: false
Turtle 1 :[(-1,-1), (10,9), (9,9), (8,9), (7,9), (6,9), (6,8), (-1,-1), (-1,-1)]
Turtle 2 :[(-2,-2), (12,18), (12,17), (11,17), (10,17), (10,18), (9,18), (9,19), (8,19)]
Turtle 3 :[(-3,-3), (16,15), (16,14), (15,14), (14,14), (14,13), (13,13), (-3,-3), (-3,-3)]
Turtle 4 :[(-4,-4), (11,19), (12,19), (12,18), (13,18), (13,17), (13,16), (-4,-4), (-4,-4)]
Turtle 5 :[(-5,-5), (1,6), (1,5), (0,5), (0,4), (0,3), (0,2), (-5,-5), (-5,-5)]

Shrinking Run 64
#Info# Executed steps before collision: 6, Found collision: false
Turtle 1 :[(-1,-1), (10,9), (9,9), (8,9), (7,9), (6,9), (6,8)]
Turtle 2 :[(-2,-2), (12,18), (11,18), (10,18), (9,18), (9,19), (8,19)]
Turtle 3 :[(-3,-3), (16,15), (16,14), (15,14), (14,14), (14,13), (13,13)]
Turtle 4 :[(-4,-4), (11,19), (12,19), (12,18), (13,18), (14,18), (-4,-4)]
Turtle 5 :[(-5,-5), (1,6), (1,5), (0,5), (0,4), (0,3), (0,2)]

Shrinking Run 65
#Info# Executed steps before collision: 8, Found collision: false
Turtle 1 :[(-1,-1), (10,9), (9,9), (8,9), (7,9), (6,9), (6,8), (-1,-1), (-1,-1)]
Turtle 2 :[(-2,-2), (12,18), (12,17), (12,18), (11,18), (10,18), (9,18), (8,18), (8,19)]
Turtle 3 :[(-3,-3), (16,15), (16,14), (15,14), (14,14), (14,13), (13,13), (-3,-3), (-3,-3)]
Turtle 4 :[(-4,-4), (11,19), (12,19), (13,19), (14,19), (-4,-4), (-4,-4), (-4,-4), (-4,-4)]
Turtle 5 :[(-5,-5), (1,6), (1,5), (0,5), (0,4), (0,3), (0,2), (-5,-5), (-5,-5)]

Shrinking Run 66
#Info# Executed steps before collision: 8, Found collision: false
Turtle 1 :[(-1,-1), (10,9), (9,9), (8,9), (7,9), (6,9), (6,8), (-1,-1), (-1,-1)]
Turtle 2 :[(-2,-2), (12,18), (12,17), (12,18), (11,18), (10,18), (10,19), (9,19), (8,19)]
Turtle 3 :[(-3,-3), (16,15), (16,14), (15,14), (14,14), (14,13), (13,13), (-3,-3), (-3,-3)]
Turtle 4 :[(-4,-4), (11,19), (12,19), (13,19), (14,19), (14,19), (-4,-4), (-4,-4), (-4,-4)]
Turtle 5 :[(-5,-5), (1,6), (0,6), (0,5), (0,4), (0,3), (0,2), (-5,-5), (-5,-5)]

Shrinking Run 67
#Info# Executed steps before collision: 8, Found collision: false
Turtle 1 :[(-1,-1), (10,9), (9,9), (8,9), (7,9), (6,9), (5,9), (-1,-1), (-1,-1)]
Turtle 2 :[(-2,-2), (12,18), (12,17), (11,17), (11,18), (10,18), (9,18), (8,18), (8,19)]
Turtle 3 :[(-3,-3), (16,15), (16,14), (15,14), (14,14), (14,13), (13,13), (-3,-3), (-3,-3)]
Turtle 4 :[(-4,-4), (11,19), (12,19), (13,19), (14,19), (14,19), (-4,-4), (-4,-4), (-4,-4)]
Turtle 5 :[(-5,-5), (1,6), (1,5), (0,5), (0,4), (0,3), (0,2), (-5,-5), (-5,-5)]

Shrinking Run 68
#Info# Executed steps before collision: 6, Found collision: false
Turtle 1 :[(-1,-1), (10,9), (9,9), (8,9), (7,9), (6,9), (6,8)]
Turtle 2 :[(-2,-2), (12,18), (12,17), (12,16), (11,16), (11,15), (10,15)]
Turtle 3 :[(-3,-3), (16,15), (16,14), (15,14), (14,14), (14,13), (13,13)]
Turtle 4 :[(-4,-4), (11,19), (12,19), (13,19), (14,19), (14,19), (-4,-4)]
Turtle 5 :[(-5,-5), (1,6), (1,5), (0,5), (0,4), (0,3), (0,2)]

Shrinking Run 69
#Info# Executed steps before collision: 6, Found collision: false
Turtle 1 :[(-1,-1), (10,9), (9,9), (8,9), (7,9), (6,9), (6,8)]
Turtle 2 :[(-2,-2), (12,18), (11,18), (11,19), (10,19), (9,19), (8,19)]
Turtle 3 :[(-3,-3), (16,15), (16,14), (15,14), (14,14), (14,13), (13,13)]
Turtle 4 :[(-4,-4), (11,19), (12,19), (13,19), (14,19), (14,19), (-4,-4)]
Turtle 5 :[(-5,-5), (1,6), (1,5), (0,5), (0,4), (0,3), (0,2)]

Shrinking Run 70
#Info# Executed steps before collision: 6, Found collision: false
Turtle 1 :[(-1,-1), (10,9), (9,9), (8,9), (7,9), (6,9), (6,8)]
Turtle 2 :[(-2,-2), (12,18), (11,18), (10,18), (9,18), (8,18), (7,18)]
Turtle 3 :[(-3,-3), (16,15), (16,14), (15,14), (14,14), (14,13), (13,13)]
Turtle 4 :[(-4,-4), (11,19), (12,19), (13,19), (14,19), (14,19), (-4,-4)]
Turtle 5 :[(-5,-5), (1,6), (1,5), (0,5), (0,4), (0,3), (0,2)]

Shrink Run 71
#Info# Executed steps before collision: 6, Found collision: false
Turtle 1 :[(-1,-1), (10,9), (9,9), (8,9), (7,9), (6,9), (6,8)]
Turtle 2 :[(-2,-2), (12,18), (11,18), (10,18), (9,18), (9,19), (8,19)]
Turtle 3 :[(-3,-3), (16,15), (16,14), (15,14), (14,14), (14,13), (13,13)]
Turtle 4 :[(-4,-4), (11,19), (12,19), (13,19), (14,19), (14,19), (-4,-4)]
Turtle 5 :[(-5,-5), (1,6), (1,5), (0,5), (0,4), (0,3), (0,2)]

