Detection Run 1
#Info# Executed steps before collision: 6, Found collision: false
Turtle 1 :[(-1,-1), (13,5), (12,5), (11,5), (11,6), (10,6), (-1,-1)]
Turtle 2 :[(-2,-2), (6,9), (5,9), (4,9), (4,8), (3,8), (2,8)]
Turtle 3 :[(-3,-3), (9,9), (9,8), (8,8), (8,7), (8,6), (7,6)]
Turtle 4 :[(-4,-4), (5,12), (5,13), (5,14), (4,14), (3,14), (3,14)]
Turtle 5 :[(-5,-5), (7,6), (6,6), (5,6), (-5,-5), (-5,-5), (-5,-5)]

Detection Run 2
#Info# Executed steps before collision: 6, Found collision: false
Turtle 1 :[(-1,-1), (2,0), (1,0), (1,0), (1,1), (0,1), (-1,-1)]
Turtle 2 :[(-2,-2), (7,2), (6,2), (5,2), (5,1), (5,0), (4,0)]
Turtle 3 :[(-3,-3), (12,9), (12,10), (12,11), (11,11), (11,12), (10,12)]
Turtle 4 :[(-4,-4), (7,14), (7,14), (6,14), (5,14), (-4,-4), (-4,-4)]
Turtle 5 :[(-5,-5), (12,1), (11,1), (10,1), (10,0), (9,0), (-5,-5)]

Detection Run 3
#Info# Executed steps before collision: 8, Found collision: false
Turtle 1 :[(-1,-1), (2,7), (2,8), (2,9), (2,10), (3,10), (4,10), (-1,-1), (-1,-1)]
Turtle 2 :[(-2,-2), (1,14), (2,14), (1,14), (1,13), (0,13), (0,12), (-2,-2), (-2,-2)]
Turtle 3 :[(-3,-3), (2,13), (2,12), (2,11), (1,11), (1,10), (1,9), (2,9), (2,8)]
Turtle 4 :[(-4,-4), (12,8), (13,8), (13,9), (13,10), (-4,-4), (-4,-4), (-4,-4), (-4,-4)]
Turtle 5 :[(-5,-5), (7,7), (7,6), (6,6), (5,6), (5,5), (4,5), (-5,-5), (-5,-5)]

Detection Run 4
#Info# Executed steps before collision: 8, Found collision: false
Turtle 1 :[(-1,-1), (0,4), (0,3), (1,3), (1,2), (2,2), (2,1), (2,0), (1,0)]
Turtle 2 :[(-2,-2), (2,3), (2,2), (1,2), (1,1), (0,1), (0,0), (-2,-2), (-2,-2)]
Turtle 3 :[(-3,-3), (3,3), (3,4), (4,4), (-3,-3), (-3,-3), (-3,-3), (-3,-3), (-3,-3)]
Turtle 4 :[(-4,-4), (11,6), (11,7), (11,8), (10,8), (9,8), (8,8), (-4,-4), (-4,-4)]
Turtle 5 :[(-5,-5), (11,2), (10,2), (9,2), (8,2), (7,2), (6,2), (-5,-5), (-5,-5)]

Fault Detection Run 5
#Info# Executed steps before collision: 3, Found collision: true
Turtle 1 :[(-1,-1), (1,3), (1,2), (1,1), (1,0), (-1,-1), (-1,-1)]
Turtle 2 :[(-2,-2), (9,4), (8,4), (8,3), (7,3), (6,3), (-2,-2)]
Turtle 3 :[(-3,-3), (2,6), (3,6), (4,6), (-3,-3), (-3,-3), (-3,-3)]
Turtle 4 :[(-4,-4), (7,2), (8,2), (8,3), (9,3), (9,4), (10,4)]
Turtle 5 :[(-5,-5), (9,5), (9,6), (9,7), (8,7), (8,8), (7,8)]

