Detection Run 1
#Info# Executed steps before collision: 6, Found collision: false
Turtle 1 :[(-1,-1), (5,11), (5,12), (5,13), (5,14), (5,13), (6,13)]
Turtle 2 :[(-2,-2), (6,3), (5,3), (4,3), (3,3), (3,2), (-2,-2)]
Turtle 3 :[(-3,-3), (5,13), (6,13), (7,13), (8,13), (9,13), (-3,-3)]
Turtle 4 :[(-4,-4), (13,10), (13,11), (13,12), (13,13), (12,13), (11,13)]
Turtle 5 :[(-5,-5), (2,8), (3,8), (3,7), (4,7), (5,7), (5,6)]

Detection Run 2
#Info# Executed steps before collision: 6, Found collision: false
Turtle 1 :[(-1,-1), (14,6), (14,7), (13,7), (13,8), (12,8), (11,8)]
Turtle 2 :[(-2,-2), (1,6), (1,5), (0,5), (-2,-2), (-2,-2), (-2,-2)]
Turtle 3 :[(-3,-3), (10,3), (10,4), (10,5), (10,6), (10,7), (-3,-3)]
Turtle 4 :[(-4,-4), (9,9), (9,8), (8,8), (8,7), (7,7), (7,6)]
Turtle 5 :[(-5,-5), (14,10), (14,9), (14,8), (14,7), (13,7), (12,7)]

Detection Run 3
#Info# Executed steps before collision: 6, Found collision: false
Turtle 1 :[(-1,-1), (3,8), (3,9), (3,10), (-1,-1), (-1,-1), (-1,-1)]
Turtle 2 :[(-2,-2), (3,0), (3,1), (4,1), (4,2), (5,2), (6,2)]
Turtle 3 :[(-3,-3), (11,0), (12,0), (13,0), (13,1), (14,1), (14,2)]
Turtle 4 :[(-4,-4), (10,0), (10,1), (10,2), (9,2), (8,2), (8,3)]
Turtle 5 :[(-5,-5), (11,6), (10,6), (10,7), (9,7), (8,7), (8,8)]

Fault Detection Run 4
#Info# Executed steps before collision: 5, Found collision: true
Turtle 1 :[(-1,-1), (5,13), (6,13), (6,12), (5,12), (6,12), (6,11), (6,10), (-1,-1), (-1,-1)]
Turtle 2 :[(-2,-2), (4,11), (5,11), (6,11), (6,11), (6,12), (6,13), (6,14), (-2,-2), (-2,-2)]
Turtle 3 :[(-3,-3), (6,14), (7,14), (6,14), (6,14), (5,14), (5,13), (4,13), (3,13), (3,12)]
Turtle 4 :[(-4,-4), (12,9), (11,9), (11,8), (10,8), (9,8), (-4,-4), (-4,-4), (-4,-4), (-4,-4)]
Turtle 5 :[(-5,-5), (4,13), (4,14), (5,14), (-5,-5), (-5,-5), (-5,-5), (-5,-5), (-5,-5), (-5,-5)]

