Shrinking Run 1
#Info# Executed steps before collision: 2, Found collision: true
Turtle 1 :[(-1,-1), (0,13), (0,13), (1,13), (1,12), (-1,-1), (-1,-1), (-1,-1), (-1,-1)]
Turtle 2 :[(-2,-2), (19,12), (18,12), (18,13), (18,12), (17,12), (16,12), (-2,-2), (-2,-2)]
Turtle 3 :[(-3,-3), (18,11), (18,12), (18,11), (19,11), (19,12), (19,13), (19,14), (19,15)]
Turtle 4 :[(-4,-4), (15,7), (15,8), (16,8), (16,9), (17,9), (17,10), (-4,-4), (-4,-4)]
Turtle 5 :[(-5,-5), (13,11), (13,10), (12,10), (11,10), (10,10), (9,10), (-5,-5), (-5,-5)]

Shrinking Run 2
#Info# Executed steps before collision: 2, Found collision: true
Turtle 1 :[(-1,-1), (0,13), (0,12), (0,11), (0,10), (0,9), (0,8), (-1,-1), (-1,-1)]
Turtle 2 :[(-2,-2), (19,12), (18,12), (18,13), (18,12), (17,12), (16,12), (-2,-2), (-2,-2)]
Turtle 3 :[(-3,-3), (18,11), (18,12), (18,11), (18,12), (18,13), (18,14), (19,14), (19,15)]
Turtle 4 :[(-4,-4), (15,7), (15,8), (16,8), (16,9), (17,9), (17,10), (-4,-4), (-4,-4)]
Turtle 5 :[(-5,-5), (13,11), (13,10), (12,10), (11,10), (10,10), (9,10), (-5,-5), (-5,-5)]

Shrinking Run 3
#Info# Executed steps before collision: 3, Found collision: true
Turtle 1 :[(-1,-1), (0,13), (0,12), (0,11), (0,10), (0,9), (0,8), (-1,-1), (-1,-1)]
Turtle 2 :[(-2,-2), (19,12), (18,12), (17,12), (16,12), (15,12), (14,12), (-2,-2), (-2,-2)]
Turtle 3 :[(-3,-3), (18,11), (17,11), (17,12), (17,13), (17,14), (18,14), (19,14), (19,15)]
Turtle 4 :[(-4,-4), (15,7), (15,8), (16,8), (16,9), (17,9), (17,10), (-4,-4), (-4,-4)]
Turtle 5 :[(-5,-5), (13,11), (13,10), (12,10), (11,10), (10,10), (9,10), (-5,-5), (-5,-5)]

Shrinking Run 4
#Info# Executed steps before collision: 2, Found collision: true
Turtle 1 :[(-1,-1), (0,13), (0,12), (0,11), (0,10), (0,9), (0,8)]
Turtle 2 :[(-2,-2), (19,12), (18,12), (17,12), (16,12), (15,12), (15,11)]
Turtle 3 :[(-3,-3), (18,11), (18,12), (18,13), (19,13), (19,14), (19,15)]
Turtle 4 :[(-4,-4), (15,7), (15,8), (16,8), (16,9), (17,9), (17,10)]
Turtle 5 :[(-5,-5), (13,11), (13,10), (12,10), (11,10), (10,10), (9,10)]

Shrinking Run 5
#Info# Executed steps before collision: 8, Found collision: false
Turtle 1 :[(-1,-1), (0,13), (0,12), (0,11), (0,10), (0,9), (0,8), (-1,-1), (-1,-1)]
Turtle 2 :[(-2,-2), (19,12), (18,12), (17,12), (16,12), (15,12), (14,12), (-2,-2), (-2,-2)]
Turtle 3 :[(-3,-3), (18,11), (17,11), (16,11), (15,11), (16,11), (16,12), (15,12), (15,13)]
Turtle 4 :[(-4,-4), (15,7), (15,8), (16,8), (16,9), (17,9), (17,10), (-4,-4), (-4,-4)]
Turtle 5 :[(-5,-5), (13,11), (13,10), (12,10), (11,10), (10,10), (9,10), (-5,-5), (-5,-5)]

Shrinking Run 6
#Info# Executed steps before collision: 8, Found collision: false
Turtle 1 :[(-1,-1), (0,13), (0,12), (0,11), (0,10), (0,9), (0,8), (-1,-1), (-1,-1)]
Turtle 2 :[(-2,-2), (19,12), (18,12), (17,12), (16,12), (15,12), (14,12), (-2,-2), (-2,-2)]
Turtle 3 :[(-3,-3), (18,11), (17,11), (18,11), (17,11), (16,11), (16,12), (16,13), (16,14)]
Turtle 4 :[(-4,-4), (15,7), (15,8), (16,8), (16,9), (17,9), (17,10), (-4,-4), (-4,-4)]
Turtle 5 :[(-5,-5), (13,11), (13,10), (12,10), (11,10), (10,10), (9,10), (-5,-5), (-5,-5)]

Shrinking Run 7
#Info# Executed steps before collision: 2, Found collision: true
Turtle 1 :[(-1,-1), (0,13), (0,12), (0,11), (0,10), (0,9), (0,8)]
Turtle 2 :[(-2,-2), (19,12), (18,12), (17,12), (16,12), (15,12), (14,12)]
Turtle 3 :[(-3,-3), (18,11), (18,12), (18,13), (17,13), (17,14), (17,15)]
Turtle 4 :[(-4,-4), (15,7), (15,8), (16,8), (16,9), (17,9), (17,10)]
Turtle 5 :[(-5,-5), (13,11), (13,10), (12,10), (11,10), (10,10), (9,10)]

Shrinking Run 8
#Info# Executed steps before collision: 7, Found collision: false
Turtle 1 :[(-1,-1), (0,13), (0,12), (0,11), (0,10), (0,9), (0,8), (-1,-1)]
Turtle 2 :[(-2,-2), (19,12), (18,12), (17,12), (16,12), (15,12), (14,12), (-2,-2)]
Turtle 3 :[(-3,-3), (18,11), (18,10), (18,9), (17,9), (17,8), (17,7), (-3,-3)]
Turtle 4 :[(-4,-4), (15,7), (15,8), (16,8), (16,9), (16,9), (17,9), (17,10)]
Turtle 5 :[(-5,-5), (13,11), (13,10), (12,10), (11,10), (10,10), (9,10), (-5,-5)]

Shrinking Run 9
#Info# Executed steps before collision: 7, Found collision: false
Turtle 1 :[(-1,-1), (0,13), (0,12), (0,11), (0,10), (0,9), (0,8), (-1,-1)]
Turtle 2 :[(-2,-2), (19,12), (18,12), (17,12), (16,12), (15,12), (14,12), (-2,-2)]
Turtle 3 :[(-3,-3), (18,11), (17,11), (17,10), (16,10), (16,10), (16,9), (16,8)]
Turtle 4 :[(-4,-4), (15,7), (15,8), (16,8), (16,9), (17,9), (17,10), (-4,-4)]
Turtle 5 :[(-5,-5), (13,11), (13,10), (12,10), (11,10), (10,10), (9,10), (-5,-5)]

Shrinking Run 10
#Info# Executed steps before collision: 7, Found collision: false
Turtle 1 :[(-1,-1), (0,13), (0,12), (0,11), (0,10), (0,9), (0,8), (-1,-1)]
Turtle 2 :[(-2,-2), (19,12), (18,12), (17,12), (16,12), (15,12), (14,12), (-2,-2)]
Turtle 3 :[(-3,-3), (18,11), (17,11), (17,11), (17,10), (17,11), (17,12), (16,12)]
Turtle 4 :[(-4,-4), (15,7), (15,8), (16,8), (16,9), (17,9), (17,10), (-4,-4)]
Turtle 5 :[(-5,-5), (13,11), (13,10), (12,10), (11,10), (10,10), (9,10), (-5,-5)]

Shrinking Run 11
#Info# Executed steps before collision: 2, Found collision: true
Turtle 1 :[(-1,-1), (0,13), (0,12), (0,11), (0,10), (0,9), (0,8), (-1,-1), (-1,-1)]
Turtle 2 :[(-2,-2), (19,12), (18,12), (17,12), (16,12), (15,12), (14,12), (-2,-2), (-2,-2)]
Turtle 3 :[(-3,-3), (18,11), (18,12), (17,12), (17,11), (17,12), (17,13), (17,14), (16,14)]
Turtle 4 :[(-4,-4), (15,7), (15,8), (16,8), (16,9), (17,9), (17,10), (-4,-4), (-4,-4)]
Turtle 5 :[(-5,-5), (13,11), (13,10), (12,10), (11,10), (10,10), (9,10), (-5,-5), (-5,-5)]

Shrinking Run 12
#Info# Executed steps before collision: 9, Found collision: false
Turtle 1 :[(-1,-1), (0,13), (0,12), (0,11), (0,10), (0,9), (0,8), (-1,-1), (-1,-1), (-1,-1)]
Turtle 2 :[(-2,-2), (19,12), (18,12), (17,12), (16,12), (15,12), (14,12), (-2,-2), (-2,-2), (-2,-2)]
Turtle 3 :[(-3,-3), (18,11), (17,11), (16,11), (15,11), (15,11), (15,12), (16,12), (16,13), (16,14)]
Turtle 4 :[(-4,-4), (15,7), (15,8), (16,8), (16,9), (17,9), (17,10), (-4,-4), (-4,-4), (-4,-4)]
Turtle 5 :[(-5,-5), (13,11), (13,10), (12,10), (11,10), (10,10), (9,10), (-5,-5), (-5,-5), (-5,-5)]

Shrinking Run 13
#Info# Executed steps before collision: 2, Found collision: true
Turtle 1 :[(-1,-1), (0,13), (0,12), (0,11), (0,10), (0,9), (0,8), (-1,-1), (-1,-1)]
Turtle 2 :[(-2,-2), (19,12), (18,12), (17,12), (16,12), (15,12), (14,12), (-2,-2), (-2,-2)]
Turtle 3 :[(-3,-3), (18,11), (18,12), (18,11), (18,12), (17,12), (17,13), (16,13), (16,14)]
Turtle 4 :[(-4,-4), (15,7), (15,8), (14,8), (13,8), (12,8), (12,9), (-4,-4), (-4,-4)]
Turtle 5 :[(-5,-5), (13,11), (13,10), (12,10), (11,10), (10,10), (9,10), (-5,-5), (-5,-5)]

Shrinking Run 14
#Info# Executed steps before collision: 2, Found collision: true
Turtle 1 :[(-1,-1), (0,13), (0,12), (0,11), (0,10), (0,9), (0,8), (-1,-1), (-1,-1)]
Turtle 2 :[(-2,-2), (19,12), (18,12), (17,12), (16,12), (15,12), (14,12), (-2,-2), (-2,-2)]
Turtle 3 :[(-3,-3), (18,11), (18,12), (18,11), (18,12), (18,13), (17,13), (16,13), (16,14)]
Turtle 4 :[(-4,-4), (15,7), (15,6), (14,6), (14,5), (13,5), (13,4), (-4,-4), (-4,-4)]
Turtle 5 :[(-5,-5), (13,11), (13,10), (12,10), (11,10), (10,10), (9,10), (-5,-5), (-5,-5)]

Shrinking Run 15
#Info# Executed steps before collision: 2, Found collision: true
Turtle 1 :[(-1,-1), (0,13), (0,12), (0,11), (0,10), (0,9), (0,8)]
Turtle 2 :[(-2,-2), (19,12), (18,12), (17,12), (16,12), (15,12), (14,12)]
Turtle 3 :[(-3,-3), (18,11), (18,12), (18,13), (17,13), (16,13), (16,14)]
Turtle 4 :[(-4,-4), (15,7), (15,6), (14,6), (13,6), (12,6), (12,5)]
Turtle 5 :[(-5,-5), (13,11), (13,10), (12,10), (11,10), (10,10), (9,10)]

Shrinking Run 16
#Info# Executed steps before collision: 2, Found collision: true
Turtle 1 :[(-1,-1), (0,13), (0,12), (0,11), (0,10), (0,9), (0,8)]
Turtle 2 :[(-2,-2), (19,12), (18,12), (17,12), (16,12), (15,12), (14,12)]
Turtle 3 :[(-3,-3), (18,11), (18,12), (18,13), (17,13), (16,13), (16,14)]
Turtle 4 :[(-4,-4), (15,7), (14,7), (13,7), (12,7), (11,7), (11,6)]
Turtle 5 :[(-5,-5), (13,11), (13,10), (12,10), (11,10), (10,10), (9,10)]

Shrinking Run 17
#Info# Executed steps before collision: 2, Found collision: true
Turtle 1 :[(-1,-1), (0,13), (0,12), (0,11), (0,10), (0,9), (0,8)]
Turtle 2 :[(-2,-2), (19,12), (18,12), (17,12), (16,12), (15,12), (14,12)]
Turtle 3 :[(-3,-3), (18,11), (18,12), (18,13), (18,14), (17,14), (16,14)]
Turtle 4 :[(-4,-4), (15,7), (14,7), (13,7), (12,7), (11,7), (10,7)]
Turtle 5 :[(-5,-5), (13,11), (13,10), (12,10), (11,10), (10,10), (9,10)]

Shrinking Run 18
#Info# Executed steps before collision: 2, Found collision: true
Turtle 1 :[(-1,-1), (0,13), (0,12), (0,11), (0,10), (0,9), (0,8), (-1,-1), (-1,-1)]
Turtle 2 :[(-2,-2), (19,12), (18,12), (17,12), (16,12), (15,12), (14,12), (-2,-2), (-2,-2)]
Turtle 3 :[(-3,-3), (18,11), (18,12), (18,11), (18,12), (17,12), (16,12), (16,13), (16,14)]
Turtle 4 :[(-4,-4), (15,7), (14,7), (13,7), (12,7), (11,7), (10,7), (-4,-4), (-4,-4)]
Turtle 5 :[(-5,-5), (13,11), (13,10), (12,10), (11,10), (10,10), (10,9), (-5,-5), (-5,-5)]

Shrinking Run 19
#Info# Executed steps before collision: 8, Found collision: false
Turtle 1 :[(-1,-1), (0,13), (0,12), (0,11), (0,10), (0,9), (0,8), (-1,-1), (-1,-1)]
Turtle 2 :[(-2,-2), (19,12), (18,12), (17,12), (16,12), (15,12), (14,12), (-2,-2), (-2,-2)]
Turtle 3 :[(-3,-3), (18,11), (18,11), (18,11), (18,12), (17,12), (16,12), (16,13), (16,14)]
Turtle 4 :[(-4,-4), (15,7), (14,7), (13,7), (12,7), (11,7), (10,7), (-4,-4), (-4,-4)]
Turtle 5 :[(-5,-5), (13,11), (12,11), (12,10), (11,10), (10,10), (10,9), (-5,-5), (-5,-5)]

Shrinking Run 20
#Info# Executed steps before collision: 2, Found collision: true
Turtle 1 :[(-1,-1), (0,13), (0,12), (0,11), (0,10), (0,9), (0,8), (-1,-1), (-1,-1)]
Turtle 2 :[(-2,-2), (19,12), (18,12), (17,12), (16,12), (15,12), (14,12), (-2,-2), (-2,-2)]
Turtle 3 :[(-3,-3), (18,11), (18,12), (18,11), (18,12), (18,13), (17,13), (17,14), (16,14)]
Turtle 4 :[(-4,-4), (15,7), (14,7), (13,7), (12,7), (11,7), (10,7), (-4,-4), (-4,-4)]
Turtle 5 :[(-5,-5), (13,11), (12,11), (11,11), (10,11), (10,10), (9,10), (-5,-5), (-5,-5)]

Shrinking Run 21
#Info# Executed steps before collision: 2, Found collision: true
Turtle 1 :[(-1,-1), (0,13), (0,12), (0,11), (0,10), (0,9), (0,8)]
Turtle 2 :[(-2,-2), (19,12), (18,12), (17,12), (16,12), (15,12), (14,12)]
Turtle 3 :[(-3,-3), (18,11), (18,12), (17,12), (17,13), (17,14), (16,14)]
Turtle 4 :[(-4,-4), (15,7), (14,7), (13,7), (12,7), (11,7), (10,7)]
Turtle 5 :[(-5,-5), (13,11), (12,11), (12,10), (11,10), (10,10), (9,10)]

Shrinking Run 22
#Info# Executed steps before collision: 8, Found collision: false
Turtle 1 :[(-1,-1), (0,13), (0,12), (0,11), (0,10), (0,9), (0,8), (-1,-1), (-1,-1)]
Turtle 2 :[(-2,-2), (19,12), (18,12), (17,12), (16,12), (15,12), (14,12), (-2,-2), (-2,-2)]
Turtle 3 :[(-3,-3), (18,11), (17,11), (17,10), (16,10), (16,11), (16,12), (16,13), (15,13)]
Turtle 4 :[(-4,-4), (15,7), (14,7), (13,7), (12,7), (11,7), (10,7), (-4,-4), (-4,-4)]
Turtle 5 :[(-5,-5), (13,11), (12,11), (12,10), (11,10), (10,10), (9,10), (-5,-5), (-5,-5)]

Shrinking Run 23
#Info# Executed steps before collision: 8, Found collision: false
Turtle 1 :[(-1,-1), (0,13), (0,12), (0,11), (0,10), (0,9), (0,8), (-1,-1), (-1,-1)]
Turtle 2 :[(-2,-2), (19,12), (18,12), (17,12), (16,12), (15,12), (14,12), (-2,-2), (-2,-2)]
Turtle 3 :[(-3,-3), (18,11), (17,11), (18,11), (17,11), (16,11), (16,12), (16,13), (16,14)]
Turtle 4 :[(-4,-4), (15,7), (14,7), (13,7), (12,7), (11,7), (10,7), (-4,-4), (-4,-4)]
Turtle 5 :[(-5,-5), (13,11), (12,11), (12,10), (11,10), (10,10), (9,10), (-5,-5), (-5,-5)]

Shrinking Run 24
#Info# Executed steps before collision: 6, Found collision: false
Turtle 1 :[(-1,-1), (0,13), (0,12), (0,11), (0,10), (0,9), (0,8)]
Turtle 2 :[(-2,-2), (19,12), (18,12), (17,12), (16,12), (15,12), (14,12)]
Turtle 3 :[(-3,-3), (18,11), (17,11), (16,11), (15,11), (16,11), (16,12)]
Turtle 4 :[(-4,-4), (15,7), (14,7), (13,7), (12,7), (11,7), (10,7)]
Turtle 5 :[(-5,-5), (13,11), (12,11), (12,10), (11,10), (10,10), (9,10)]

Shrink Run 25
#Info# Executed steps before collision: 9, Found collision: false
Turtle 1 :[(-1,-1), (0,13), (0,12), (0,11), (0,10), (0,9), (0,8), (-1,-1), (-1,-1), (-1,-1)]
Turtle 2 :[(-2,-2), (19,12), (18,12), (17,12), (16,12), (15,12), (14,12), (-2,-2), (-2,-2), (-2,-2)]
Turtle 3 :[(-3,-3), (18,11), (17,11), (16,11), (16,11), (16,10), (16,11), (16,12), (16,13), (16,14)]
Turtle 4 :[(-4,-4), (15,7), (14,7), (13,7), (12,7), (11,7), (10,7), (-4,-4), (-4,-4), (-4,-4)]
Turtle 5 :[(-5,-5), (13,11), (12,11), (12,10), (11,10), (10,10), (9,10), (-5,-5), (-5,-5), (-5,-5)]

