Shrinking Run 1
#Info# Executed steps before collision: 8, Found collision: false
Turtle 1 :[(-1,-1), (11,7), (11,6), (10,6), (10,5), (9,5), (8,5), (-1,-1), (-1,-1)]
Turtle 2 :[(-2,-2), (15,5), (14,5), (13,5), (12,5), (12,4), (11,4), (-2,-2), (-2,-2)]
Turtle 3 :[(-3,-3), (10,7), (9,7), (10,7), (11,7), (11,8), (12,8), (13,8), (13,9)]
Turtle 4 :[(-4,-4), (19,4), (18,4), (17,4), (-4,-4), (-4,-4), (-4,-4), (-4,-4), (-4,-4)]
Turtle 5 :[(-5,-5), (0,7), (0,8), (0,9), (-5,-5), (-5,-5), (-5,-5), (-5,-5), (-5,-5)]

Shrinking Run 2
#Info# Executed steps before collision: 6, Found collision: false
Turtle 1 :[(-1,-1), (11,7), (11,6), (11,5), (11,4), (12,4), (-1,-1)]
Turtle 2 :[(-2,-2), (15,5), (14,5), (13,5), (12,5), (11,5), (11,4)]
Turtle 3 :[(-3,-3), (10,7), (10,8), (11,8), (12,8), (13,8), (13,9)]
Turtle 4 :[(-4,-4), (19,4), (18,4), (17,4), (-4,-4), (-4,-4), (-4,-4)]
Turtle 5 :[(-5,-5), (0,7), (0,8), (0,9), (-5,-5), (-5,-5), (-5,-5)]

Shrinking Run 3
#Info# Executed steps before collision: 8, Found collision: false
Turtle 1 :[(-1,-1), (11,7), (11,6), (11,7), (11,6), (10,6), (10,5), (9,5), (9,4)]
Turtle 2 :[(-2,-2), (15,5), (14,5), (13,5), (12,5), (12,4), (11,4), (-2,-2), (-2,-2)]
Turtle 3 :[(-3,-3), (10,7), (10,6), (11,6), (12,6), (12,7), (12,8), (12,9), (13,9)]
Turtle 4 :[(-4,-4), (19,4), (18,4), (17,4), (-4,-4), (-4,-4), (-4,-4), (-4,-4), (-4,-4)]
Turtle 5 :[(-5,-5), (0,7), (0,8), (0,9), (-5,-5), (-5,-5), (-5,-5), (-5,-5), (-5,-5)]

Shrinking Run 4
#Info# Executed steps before collision: 4, Found collision: true
Turtle 1 :[(-1,-1), (11,7), (11,6), (12,6), (12,5), (12,4), (12,3)]
Turtle 2 :[(-2,-2), (15,5), (14,5), (13,5), (12,5), (11,5), (11,4)]
Turtle 3 :[(-3,-3), (10,7), (10,8), (10,9), (11,9), (12,9), (13,9)]
Turtle 4 :[(-4,-4), (19,4), (18,4), (17,4), (-4,-4), (-4,-4), (-4,-4)]
Turtle 5 :[(-5,-5), (0,7), (0,8), (0,9), (-5,-5), (-5,-5), (-5,-5)]

Shrinking Run 5
#Info# Executed steps before collision: 8, Found collision: false
Turtle 1 :[(-1,-1), (11,7), (11,6), (10,6), (10,5), (10,4), (10,3), (-1,-1), (-1,-1)]
Turtle 2 :[(-2,-2), (15,5), (14,5), (13,5), (12,5), (12,4), (12,3), (11,3), (11,4)]
Turtle 3 :[(-3,-3), (10,7), (9,7), (10,7), (11,7), (11,8), (11,9), (12,9), (13,9)]
Turtle 4 :[(-4,-4), (19,4), (18,4), (17,4), (-4,-4), (-4,-4), (-4,-4), (-4,-4), (-4,-4)]
Turtle 5 :[(-5,-5), (0,7), (0,8), (0,9), (-5,-5), (-5,-5), (-5,-5), (-5,-5), (-5,-5)]

Shrinking Run 6
#Info# Executed steps before collision: 7, Found collision: false
Turtle 1 :[(-1,-1), (11,7), (11,6), (11,5), (11,4), (11,3), (11,2), (-1,-1)]
Turtle 2 :[(-2,-2), (15,5), (14,5), (13,5), (12,5), (12,4), (11,4), (-2,-2)]
Turtle 3 :[(-3,-3), (10,7), (10,7), (11,7), (12,7), (12,8), (13,8), (13,9)]
Turtle 4 :[(-4,-4), (19,4), (18,4), (17,4), (-4,-4), (-4,-4), (-4,-4), (-4,-4)]
Turtle 5 :[(-5,-5), (0,7), (0,8), (0,9), (-5,-5), (-5,-5), (-5,-5), (-5,-5)]

Shrinking Run 7
#Info# Executed steps before collision: 4, Found collision: true
Turtle 1 :[(-1,-1), (11,7), (12,7), (12,6), (12,5), (12,4), (12,3), (-1,-1), (-1,-1)]
Turtle 2 :[(-2,-2), (15,5), (14,5), (13,5), (12,5), (11,5), (11,4), (-2,-2), (-2,-2)]
Turtle 3 :[(-3,-3), (10,7), (9,7), (10,7), (10,8), (11,8), (11,9), (12,9), (13,9)]
Turtle 4 :[(-4,-4), (19,4), (18,4), (17,4), (-4,-4), (-4,-4), (-4,-4), (-4,-4), (-4,-4)]
Turtle 5 :[(-5,-5), (0,7), (0,8), (0,9), (-5,-5), (-5,-5), (-5,-5), (-5,-5), (-5,-5)]

Shrinking Run 8
#Info# Executed steps before collision: 6, Found collision: true
Turtle 1 :[(-1,-1), (11,7), (12,7), (12,6), (12,5), (12,4), (12,3)]
Turtle 2 :[(-2,-2), (15,5), (14,5), (13,5), (13,4), (13,3), (12,3)]
Turtle 3 :[(-3,-3), (10,7), (10,8), (10,9), (11,9), (12,9), (13,9)]
Turtle 4 :[(-4,-4), (19,4), (18,4), (17,4), (-4,-4), (-4,-4), (-4,-4)]
Turtle 5 :[(-5,-5), (0,7), (0,8), (0,9), (-5,-5), (-5,-5), (-5,-5)]

Shrinking Run 9
#Info# Executed steps before collision: 5, Found collision: true
Turtle 1 :[(-1,-1), (11,7), (12,7), (12,6), (12,5), (12,4), (12,3), (-1,-1), (-1,-1)]
Turtle 2 :[(-2,-2), (15,5), (14,5), (13,5), (13,4), (12,4), (11,4), (-2,-2), (-2,-2)]
Turtle 3 :[(-3,-3), (10,7), (9,7), (9,8), (10,8), (11,8), (11,9), (12,9), (13,9)]
Turtle 4 :[(-4,-4), (19,4), (18,4), (17,4), (-4,-4), (-4,-4), (-4,-4), (-4,-4), (-4,-4)]
Turtle 5 :[(-5,-5), (0,7), (0,8), (0,9), (-5,-5), (-5,-5), (-5,-5), (-5,-5), (-5,-5)]

Shrinking Run 10
#Info# Executed steps before collision: 5, Found collision: true
Turtle 1 :[(-1,-1), (11,7), (12,7), (12,6), (12,5), (12,4), (12,3), (-1,-1), (-1,-1)]
Turtle 2 :[(-2,-2), (15,5), (15,4), (14,4), (13,4), (12,4), (11,4), (-2,-2), (-2,-2)]
Turtle 3 :[(-3,-3), (10,7), (9,7), (10,7), (11,7), (11,8), (12,8), (12,9), (13,9)]
Turtle 4 :[(-4,-4), (19,4), (18,4), (17,4), (-4,-4), (-4,-4), (-4,-4), (-4,-4), (-4,-4)]
Turtle 5 :[(-5,-5), (0,7), (0,8), (0,9), (-5,-5), (-5,-5), (-5,-5), (-5,-5), (-5,-5)]

Shrinking Run 11
#Info# Executed steps before collision: 8, Found collision: false
Turtle 1 :[(-1,-1), (11,7), (12,7), (12,6), (12,5), (12,4), (12,3), (-1,-1), (-1,-1)]
Turtle 2 :[(-2,-2), (15,5), (14,5), (13,5), (14,5), (13,5), (12,5), (12,4), (11,4)]
Turtle 3 :[(-3,-3), (10,7), (10,8), (11,8), (12,8), (12,9), (13,9), (-3,-3), (-3,-3)]
Turtle 4 :[(-4,-4), (19,4), (18,4), (17,4), (-4,-4), (-4,-4), (-4,-4), (-4,-4), (-4,-4)]
Turtle 5 :[(-5,-5), (0,7), (0,8), (0,9), (-5,-5), (-5,-5), (-5,-5), (-5,-5), (-5,-5)]

Shrinking Run 12
#Info# Executed steps before collision: 4, Found collision: true
Turtle 1 :[(-1,-1), (11,7), (12,7), (12,6), (12,5), (12,4), (12,3)]
Turtle 2 :[(-2,-2), (15,5), (14,5), (13,5), (12,5), (12,4), (11,4)]
Turtle 3 :[(-3,-3), (10,7), (9,7), (8,7), (8,8), (7,8), (7,9)]
Turtle 4 :[(-4,-4), (19,4), (18,4), (17,4), (-4,-4), (-4,-4), (-4,-4)]
Turtle 5 :[(-5,-5), (0,7), (0,8), (0,9), (-5,-5), (-5,-5), (-5,-5)]

Shrinking Run 13
#Info# Executed steps before collision: 4, Found collision: true
Turtle 1 :[(-1,-1), (11,7), (12,7), (12,6), (12,5), (12,4), (12,3), (-1,-1), (-1,-1)]
Turtle 2 :[(-2,-2), (15,5), (14,5), (13,5), (12,5), (13,5), (13,4), (12,4), (11,4)]
Turtle 3 :[(-3,-3), (10,7), (9,7), (8,7), (8,6), (7,6), (7,5), (-3,-3), (-3,-3)]
Turtle 4 :[(-4,-4), (19,4), (18,4), (17,4), (-4,-4), (-4,-4), (-4,-4), (-4,-4), (-4,-4)]
Turtle 5 :[(-5,-5), (0,7), (0,8), (0,9), (-5,-5), (-5,-5), (-5,-5), (-5,-5), (-5,-5)]

Shrinking Run 14
#Info# Executed steps before collision: 4, Found collision: true
Turtle 1 :[(-1,-1), (11,7), (12,7), (12,6), (12,5), (12,4), (12,3), (-1,-1)]
Turtle 2 :[(-2,-2), (15,5), (14,5), (13,5), (12,5), (12,5), (12,4), (11,4)]
Turtle 3 :[(-3,-3), (10,7), (9,7), (9,6), (8,6), (7,6), (7,5), (-3,-3)]
Turtle 4 :[(-4,-4), (19,4), (18,4), (17,4), (-4,-4), (-4,-4), (-4,-4), (-4,-4)]
Turtle 5 :[(-5,-5), (0,7), (0,8), (0,9), (-5,-5), (-5,-5), (-5,-5), (-5,-5)]

Shrinking Run 15
#Info# Executed steps before collision: 8, Found collision: false
Turtle 1 :[(-1,-1), (11,7), (12,7), (12,6), (13,6), (13,5), (12,5), (12,4), (12,3)]
Turtle 2 :[(-2,-2), (15,5), (14,5), (13,5), (12,5), (12,4), (11,4), (-2,-2), (-2,-2)]
Turtle 3 :[(-3,-3), (10,7), (9,7), (8,7), (7,7), (6,7), (6,6), (-3,-3), (-3,-3)]
Turtle 4 :[(-4,-4), (19,4), (18,4), (17,4), (-4,-4), (-4,-4), (-4,-4), (-4,-4), (-4,-4)]
Turtle 5 :[(-5,-5), (0,7), (0,8), (0,9), (-5,-5), (-5,-5), (-5,-5), (-5,-5), (-5,-5)]

Shrinking Run 16
#Info# Executed steps before collision: 4, Found collision: true
Turtle 1 :[(-1,-1), (11,7), (12,7), (12,6), (12,5), (12,4), (12,3), (-1,-1), (-1,-1)]
Turtle 2 :[(-2,-2), (15,5), (14,5), (13,5), (12,5), (13,5), (13,4), (12,4), (11,4)]
Turtle 3 :[(-3,-3), (10,7), (9,7), (9,6), (8,6), (7,6), (6,6), (-3,-3), (-3,-3)]
Turtle 4 :[(-4,-4), (19,4), (18,4), (17,4), (-4,-4), (-4,-4), (-4,-4), (-4,-4), (-4,-4)]
Turtle 5 :[(-5,-5), (0,7), (0,8), (0,9), (-5,-5), (-5,-5), (-5,-5), (-5,-5), (-5,-5)]

Shrinking Run 17
#Info# Executed steps before collision: 8, Found collision: false
Turtle 1 :[(-1,-1), (11,7), (12,7), (12,6), (12,5), (12,4), (12,3), (-1,-1), (-1,-1)]
Turtle 2 :[(-2,-2), (15,5), (14,5), (13,5), (13,6), (12,6), (11,6), (11,5), (11,4)]
Turtle 3 :[(-3,-3), (10,7), (9,7), (8,7), (8,6), (7,6), (6,6), (-3,-3), (-3,-3)]
Turtle 4 :[(-4,-4), (19,4), (18,4), (17,4), (-4,-4), (-4,-4), (-4,-4), (-4,-4), (-4,-4)]
Turtle 5 :[(-5,-5), (0,7), (0,8), (0,9), (-5,-5), (-5,-5), (-5,-5), (-5,-5), (-5,-5)]

Shrinking Run 18
#Info# Executed steps before collision: 4, Found collision: true
Turtle 1 :[(-1,-1), (11,7), (12,7), (12,6), (12,5), (12,4), (12,3), (-1,-1), (-1,-1)]
Turtle 2 :[(-2,-2), (15,5), (14,5), (13,5), (12,5), (13,5), (12,5), (11,5), (11,4)]
Turtle 3 :[(-3,-3), (10,7), (9,7), (9,6), (8,6), (7,6), (6,6), (-3,-3), (-3,-3)]
Turtle 4 :[(-4,-4), (19,4), (18,4), (17,4), (16,4), (15,4), (14,4), (-4,-4), (-4,-4)]
Turtle 5 :[(-5,-5), (0,7), (0,8), (0,9), (-5,-5), (-5,-5), (-5,-5), (-5,-5), (-5,-5)]

Shrinking Run 19
#Info# Executed steps before collision: 4, Found collision: true
Turtle 1 :[(-1,-1), (11,7), (12,7), (12,6), (12,5), (12,4), (12,3), (-1,-1), (-1,-1)]
Turtle 2 :[(-2,-2), (15,5), (14,5), (13,5), (12,5), (13,5), (13,4), (12,4), (11,4)]
Turtle 3 :[(-3,-3), (10,7), (9,7), (9,6), (8,6), (7,6), (6,6), (-3,-3), (-3,-3)]
Turtle 4 :[(-4,-4), (19,4), (19,3), (18,3), (17,3), (16,3), (16,2), (-4,-4), (-4,-4)]
Turtle 5 :[(-5,-5), (0,7), (0,8), (0,9), (-5,-5), (-5,-5), (-5,-5), (-5,-5), (-5,-5)]

Shrinking Run 20
#Info# Executed steps before collision: 4, Found collision: true
Turtle 1 :[(-1,-1), (11,7), (12,7), (12,6), (12,5), (12,4), (12,3), (-1,-1), (-1,-1), (-1,-1)]
Turtle 2 :[(-2,-2), (15,5), (14,5), (13,5), (12,5), (12,5), (12,6), (11,6), (11,5), (11,4)]
Turtle 3 :[(-3,-3), (10,7), (9,7), (9,6), (8,6), (7,6), (6,6), (-3,-3), (-3,-3), (-3,-3)]
Turtle 4 :[(-4,-4), (19,4), (18,4), (17,4), (16,4), (15,4), (15,3), (-4,-4), (-4,-4), (-4,-4)]
Turtle 5 :[(-5,-5), (0,7), (0,8), (0,9), (-5,-5), (-5,-5), (-5,-5), (-5,-5), (-5,-5), (-5,-5)]

Shrinking Run 21
#Info# Executed steps before collision: 4, Found collision: true
Turtle 1 :[(-1,-1), (11,7), (12,7), (12,6), (12,5), (12,4), (12,3), (-1,-1), (-1,-1)]
Turtle 2 :[(-2,-2), (15,5), (14,5), (13,5), (12,5), (12,5), (12,5), (12,4), (11,4)]
Turtle 3 :[(-3,-3), (10,7), (9,7), (9,6), (8,6), (7,6), (6,6), (-3,-3), (-3,-3)]
Turtle 4 :[(-4,-4), (19,4), (18,4), (17,4), (16,4), (15,4), (14,4), (-4,-4), (-4,-4)]
Turtle 5 :[(-5,-5), (0,7), (0,6), (0,5), (0,4), (0,3), (0,2), (-5,-5), (-5,-5)]

Shrinking Run 22
#Info# Executed steps before collision: 8, Found collision: false
Turtle 1 :[(-1,-1), (11,7), (11,6), (11,5), (11,4), (12,4), (-1,-1), (-1,-1), (-1,-1)]
Turtle 2 :[(-2,-2), (15,5), (14,5), (13,5), (12,5), (13,5), (12,5), (12,4), (11,4)]
Turtle 3 :[(-3,-3), (10,7), (9,7), (9,6), (8,6), (7,6), (6,6), (-3,-3), (-3,-3)]
Turtle 4 :[(-4,-4), (19,4), (18,4), (17,4), (16,4), (15,4), (14,4), (-4,-4), (-4,-4)]
Turtle 5 :[(-5,-5), (0,7), (0,6), (0,5), (0,4), (0,3), (0,2), (-5,-5), (-5,-5)]

Shrinking Run 23
#Info# Executed steps before collision: 8, Found collision: false
Turtle 1 :[(-1,-1), (11,7), (11,6), (11,5), (11,4), (11,3), (11,2), (-1,-1), (-1,-1)]
Turtle 2 :[(-2,-2), (15,5), (14,5), (13,5), (13,4), (12,4), (12,5), (11,5), (11,4)]
Turtle 3 :[(-3,-3), (10,7), (9,7), (9,6), (8,6), (7,6), (6,6), (-3,-3), (-3,-3)]
Turtle 4 :[(-4,-4), (19,4), (18,4), (17,4), (16,4), (15,4), (14,4), (-4,-4), (-4,-4)]
Turtle 5 :[(-5,-5), (0,7), (0,6), (0,5), (0,4), (0,3), (0,2), (-5,-5), (-5,-5)]

Shrinking Run 24
#Info# Executed steps before collision: 10, Found collision: false
Turtle 1 :[(-1,-1), (11,7), (12,7), (12,6), (12,5), (12,4), (12,3), (-1,-1), (-1,-1), (-1,-1), (-1,-1)]
Turtle 2 :[(-2,-2), (15,5), (14,5), (13,5), (13,6), (13,5), (13,6), (13,5), (12,5), (11,5), (11,4)]
Turtle 3 :[(-3,-3), (10,7), (9,7), (9,6), (8,6), (7,6), (6,6), (-3,-3), (-3,-3), (-3,-3), (-3,-3)]
Turtle 4 :[(-4,-4), (19,4), (18,4), (17,4), (16,4), (15,4), (14,4), (-4,-4), (-4,-4), (-4,-4), (-4,-4)]
Turtle 5 :[(-5,-5), (0,7), (0,6), (0,5), (0,4), (0,3), (0,2), (-5,-5), (-5,-5), (-5,-5), (-5,-5)]

Shrinking Run 25
#Info# Executed steps before collision: 4, Found collision: true
Turtle 1 :[(-1,-1), (11,7), (12,7), (12,6), (12,5), (12,4), (12,3), (-1,-1), (-1,-1)]
Turtle 2 :[(-2,-2), (15,5), (14,5), (13,5), (12,5), (12,6), (12,5), (12,4), (11,4)]
Turtle 3 :[(-3,-3), (10,7), (9,7), (8,7), (7,7), (6,7), (6,6), (-3,-3), (-3,-3)]
Turtle 4 :[(-4,-4), (19,4), (18,4), (17,4), (16,4), (15,4), (14,4), (-4,-4), (-4,-4)]
Turtle 5 :[(-5,-5), (0,7), (0,6), (0,5), (0,4), (0,3), (0,2), (-5,-5), (-5,-5)]

Shrinking Run 26
#Info# Executed steps before collision: 4, Found collision: true
Turtle 1 :[(-1,-1), (11,7), (12,7), (12,6), (12,5), (12,4), (12,3)]
Turtle 2 :[(-2,-2), (15,5), (14,5), (13,5), (12,5), (11,5), (11,4)]
Turtle 3 :[(-3,-3), (10,7), (9,7), (8,7), (7,7), (6,7), (5,7)]
Turtle 4 :[(-4,-4), (19,4), (18,4), (17,4), (16,4), (15,4), (14,4)]
Turtle 5 :[(-5,-5), (0,7), (0,6), (0,5), (0,4), (0,3), (0,2)]

Shrinking Run 27
#Info# Executed steps before collision: 8, Found collision: false
Turtle 1 :[(-1,-1), (11,7), (11,6), (11,5), (11,4), (12,4), (-1,-1), (-1,-1), (-1,-1)]
Turtle 2 :[(-2,-2), (15,5), (14,5), (13,5), (12,5), (12,6), (12,5), (12,4), (11,4)]
Turtle 3 :[(-3,-3), (10,7), (9,7), (8,7), (7,7), (6,7), (5,7), (-3,-3), (-3,-3)]
Turtle 4 :[(-4,-4), (19,4), (18,4), (17,4), (16,4), (15,4), (14,4), (-4,-4), (-4,-4)]
Turtle 5 :[(-5,-5), (0,7), (0,6), (0,5), (0,4), (0,3), (0,2), (-5,-5), (-5,-5)]

Shrinking Run 28
#Info# Executed steps before collision: 7, Found collision: false
Turtle 1 :[(-1,-1), (11,7), (11,6), (11,5), (11,4), (11,3), (11,2), (-1,-1)]
Turtle 2 :[(-2,-2), (15,5), (14,5), (13,5), (13,5), (12,5), (12,4), (11,4)]
Turtle 3 :[(-3,-3), (10,7), (9,7), (8,7), (7,7), (6,7), (5,7), (-3,-3)]
Turtle 4 :[(-4,-4), (19,4), (18,4), (17,4), (16,4), (15,4), (14,4), (-4,-4)]
Turtle 5 :[(-5,-5), (0,7), (0,6), (0,5), (0,4), (0,3), (0,2), (-5,-5)]

Shrinking Run 29
#Info# Executed steps before collision: 4, Found collision: true
Turtle 1 :[(-1,-1), (11,7), (12,7), (12,6), (12,5), (12,4), (12,3)]
Turtle 2 :[(-2,-2), (15,5), (14,5), (13,5), (12,5), (11,5), (11,4)]
Turtle 3 :[(-3,-3), (10,7), (9,7), (8,7), (7,7), (6,7), (5,7)]
Turtle 4 :[(-4,-4), (19,4), (18,4), (17,4), (16,4), (15,4), (14,4)]
Turtle 5 :[(-5,-5), (0,7), (0,6), (0,5), (0,4), (0,3), (0,2)]

Shrinking Run 30
#Info# Executed steps before collision: 4, Found collision: true
Turtle 1 :[(-1,-1), (11,7), (12,7), (12,6), (12,5), (12,4), (12,3)]
Turtle 2 :[(-2,-2), (15,5), (14,5), (13,5), (12,5), (11,5), (10,5)]
Turtle 3 :[(-3,-3), (10,7), (9,7), (8,7), (7,7), (6,7), (5,7)]
Turtle 4 :[(-4,-4), (19,4), (18,4), (17,4), (16,4), (15,4), (14,4)]
Turtle 5 :[(-5,-5), (0,7), (0,6), (0,5), (0,4), (0,3), (0,2)]

Shrinking Run 31
#Info# Executed steps before collision: 6, Found collision: false
Turtle 1 :[(-1,-1), (11,7), (11,6), (10,6), (10,5), (9,5), (8,5)]
Turtle 2 :[(-2,-2), (15,5), (14,5), (13,5), (12,5), (11,5), (10,5)]
Turtle 3 :[(-3,-3), (10,7), (9,7), (8,7), (7,7), (6,7), (5,7)]
Turtle 4 :[(-4,-4), (19,4), (18,4), (17,4), (16,4), (15,4), (14,4)]
Turtle 5 :[(-5,-5), (0,7), (0,6), (0,5), (0,4), (0,3), (0,2)]

Shrinking Run 32
#Info# Executed steps before collision: 6, Found collision: false
Turtle 1 :[(-1,-1), (11,7), (11,6), (11,5), (11,4), (12,4), (-1,-1)]
Turtle 2 :[(-2,-2), (15,5), (14,5), (13,5), (12,5), (11,5), (10,5)]
Turtle 3 :[(-3,-3), (10,7), (9,7), (8,7), (7,7), (6,7), (5,7)]
Turtle 4 :[(-4,-4), (19,4), (18,4), (17,4), (16,4), (15,4), (14,4)]
Turtle 5 :[(-5,-5), (0,7), (0,6), (0,5), (0,4), (0,3), (0,2)]

Shrinking Run 33
#Info# Executed steps before collision: 8, Found collision: false
Turtle 1 :[(-1,-1), (11,7), (11,6), (10,6), (10,5), (10,4), (9,4), (-1,-1), (-1,-1)]
Turtle 2 :[(-2,-2), (15,5), (14,5), (13,5), (12,5), (11,5), (11,6), (11,5), (10,5)]
Turtle 3 :[(-3,-3), (10,7), (9,7), (8,7), (7,7), (6,7), (5,7), (-3,-3), (-3,-3)]
Turtle 4 :[(-4,-4), (19,4), (18,4), (17,4), (16,4), (15,4), (14,4), (-4,-4), (-4,-4)]
Turtle 5 :[(-5,-5), (0,7), (0,6), (0,5), (0,4), (0,3), (0,2), (-5,-5), (-5,-5)]

Shrinking Run 34
#Info# Executed steps before collision: 6, Found collision: false
Turtle 1 :[(-1,-1), (11,7), (11,6), (10,6), (10,5), (10,4), (10,3)]
Turtle 2 :[(-2,-2), (15,5), (14,5), (13,5), (12,5), (11,5), (10,5)]
Turtle 3 :[(-3,-3), (10,7), (9,7), (8,7), (7,7), (6,7), (5,7)]
Turtle 4 :[(-4,-4), (19,4), (18,4), (17,4), (16,4), (15,4), (14,4)]
Turtle 5 :[(-5,-5), (0,7), (0,6), (0,5), (0,4), (0,3), (0,2)]

Shrink Run 35
#Info# Executed steps before collision: 6, Found collision: false
Turtle 1 :[(-1,-1), (11,7), (11,6), (11,5), (11,4), (11,3), (11,2)]
Turtle 2 :[(-2,-2), (15,5), (14,5), (13,5), (12,5), (11,5), (10,5)]
Turtle 3 :[(-3,-3), (10,7), (9,7), (8,7), (7,7), (6,7), (5,7)]
Turtle 4 :[(-4,-4), (19,4), (18,4), (17,4), (16,4), (15,4), (14,4)]
Turtle 5 :[(-5,-5), (0,7), (0,6), (0,5), (0,4), (0,3), (0,2)]

