Detection Run 1
#Info# Executed steps before collision: 6, Found collision: false
Turtle 1 :[(-1,-1), (0,44), (0,45), (0,46), (0,47), (-1,-1), (-1,-1)]
Turtle 2 :[(-2,-2), (1,44), (1,45), (1,44), (1,43), (0,43), (0,42)]
Turtle 3 :[(-3,-3), (34,4), (34,5), (35,5), (34,5), (34,6), (35,6)]
Turtle 4 :[(-4,-4), (7,15), (6,15), (6,16), (5,16), (4,16), (-4,-4)]
Turtle 5 :[(-5,-5), (39,37), (39,36), (39,35), (39,34), (39,33), (39,32)]

Detection Run 2
#Info# Executed steps before collision: 6, Found collision: false
Turtle 1 :[(-1,-1), (44,12), (43,12), (43,13), (43,14), (42,14), (41,14)]
Turtle 2 :[(-2,-2), (39,31), (39,32), (38,32), (37,32), (36,32), (35,32)]
Turtle 3 :[(-3,-3), (31,44), (31,43), (32,43), (32,42), (32,41), (32,40)]
Turtle 4 :[(-4,-4), (30,39), (30,40), (31,40), (32,40), (-4,-4), (-4,-4)]
Turtle 5 :[(-5,-5), (7,39), (7,40), (6,40), (5,40), (5,41), (5,42)]

Detection Run 3
#Info# Executed steps before collision: 6, Found collision: false
Turtle 1 :[(-1,-1), (39,23), (40,23), (41,23), (42,23), (42,24), (42,25)]
Turtle 2 :[(-2,-2), (15,7), (14,7), (14,8), (13,8), (12,8), (12,9)]
Turtle 3 :[(-3,-3), (14,11), (14,10), (15,10), (14,10), (13,10), (13,9)]
Turtle 4 :[(-4,-4), (1,42), (1,43), (2,43), (2,44), (-4,-4), (-4,-4)]
Turtle 5 :[(-5,-5), (4,38), (3,38), (2,38), (2,37), (1,37), (0,37)]

Detection Run 4
#Info# Executed steps before collision: 6, Found collision: false
Turtle 1 :[(-1,-1), (32,44), (32,43), (32,42), (33,42), (33,41), (34,41)]
Turtle 2 :[(-2,-2), (26,30), (27,30), (26,30), (25,30), (24,30), (-2,-2)]
Turtle 3 :[(-3,-3), (13,4), (14,4), (14,3), (14,2), (14,1), (14,0)]
Turtle 4 :[(-4,-4), (30,41), (29,41), (29,42), (-4,-4), (-4,-4), (-4,-4)]
Turtle 5 :[(-5,-5), (16,0), (15,0), (14,0), (-5,-5), (-5,-5), (-5,-5)]

Detection Run 5
#Info# Executed steps before collision: 9, Found collision: false
Turtle 1 :[(-1,-1), (2,11), (2,11), (2,10), (2,9), (3,9), (3,8), (3,7), (-1,-1), (-1,-1)]
Turtle 2 :[(-2,-2), (34,33), (34,32), (34,31), (33,31), (33,30), (32,30), (-2,-2), (-2,-2), (-2,-2)]
Turtle 3 :[(-3,-3), (16,7), (16,8), (16,9), (16,10), (16,10), (16,11), (16,11), (16,12), (-3,-3)]
Turtle 4 :[(-4,-4), (26,23), (26,23), (26,24), (26,25), (26,26), (-4,-4), (-4,-4), (-4,-4), (-4,-4)]
Turtle 5 :[(-5,-5), (3,8), (2,8), (2,8), (2,8), (2,8), (1,8), (1,9), (1,10), (0,10)]

Detection Run 6
#Info# Executed steps before collision: 9, Found collision: false
Turtle 1 :[(-1,-1), (47,34), (48,34), (48,35), (49,35), (49,35), (-1,-1), (-1,-1), (-1,-1), (-1,-1)]
Turtle 2 :[(-2,-2), (45,34), (45,34), (46,34), (46,34), (46,34), (46,34), (47,34), (47,35), (47,36)]
Turtle 3 :[(-3,-3), (42,33), (43,33), (44,33), (45,33), (45,32), (45,31), (-3,-3), (-3,-3), (-3,-3)]
Turtle 4 :[(-4,-4), (35,36), (35,37), (35,37), (35,38), (35,39), (35,40), (35,40), (34,40), (-4,-4)]
Turtle 5 :[(-5,-5), (40,4), (41,4), (41,5), (41,5), (41,6), (41,7), (41,8), (-5,-5), (-5,-5)]

Detection Run 7
#Info# Executed steps before collision: 8, Found collision: false
Turtle 1 :[(-1,-1), (31,4), (32,4), (33,4), (34,4), (35,4), (36,4), (-1,-1), (-1,-1)]
Turtle 2 :[(-2,-2), (3,44), (2,44), (2,45), (1,45), (0,45), (-2,-2), (-2,-2), (-2,-2)]
Turtle 3 :[(-3,-3), (34,2), (34,1), (34,0), (-3,-3), (-3,-3), (-3,-3), (-3,-3), (-3,-3)]
Turtle 4 :[(-4,-4), (5,44), (5,43), (5,43), (5,42), (5,42), (4,42), (3,42), (3,41)]
Turtle 5 :[(-5,-5), (25,49), (26,49), (27,49), (27,48), (-5,-5), (-5,-5), (-5,-5), (-5,-5)]

Detection Run 8
#Info# Executed steps before collision: 9, Found collision: false
Turtle 1 :[(-1,-1), (7,49), (7,48), (6,48), (6,48), (6,47), (5,47), (5,47), (5,46), (-1,-1)]
Turtle 2 :[(-2,-2), (47,16), (47,17), (47,18), (47,19), (47,20), (-2,-2), (-2,-2), (-2,-2), (-2,-2)]
Turtle 3 :[(-3,-3), (15,7), (16,7), (16,8), (16,8), (17,8), (17,8), (17,9), (17,9), (18,9)]
Turtle 4 :[(-4,-4), (8,15), (8,16), (8,16), (8,17), (8,18), (9,18), (10,18), (-4,-4), (-4,-4)]
Turtle 5 :[(-5,-5), (48,15), (48,16), (48,17), (48,18), (48,19), (48,20), (-5,-5), (-5,-5), (-5,-5)]

Detection Run 9
#Info# Executed steps before collision: 9, Found collision: false
Turtle 1 :[(-1,-1), (6,5), (6,4), (6,3), (6,3), (6,3), (6,3), (6,2), (6,1), (5,1)]
Turtle 2 :[(-2,-2), (20,44), (21,44), (21,44), (21,45), (21,46), (21,47), (22,47), (-2,-2), (-2,-2)]
Turtle 3 :[(-3,-3), (6,35), (6,36), (7,36), (7,36), (7,36), (7,37), (7,38), (8,38), (-3,-3)]
Turtle 4 :[(-4,-4), (8,4), (8,4), (8,3), (7,3), (7,2), (7,2), (7,1), (7,0), (-4,-4)]
Turtle 5 :[(-5,-5), (38,46), (37,46), (36,46), (35,46), (35,45), (-5,-5), (-5,-5), (-5,-5), (-5,-5)]

Detection Run 10
#Info# Executed steps before collision: 7, Found collision: false
Turtle 1 :[(-1,-1), (29,20), (29,19), (30,19), (31,19), (-1,-1), (-1,-1), (-1,-1)]
Turtle 2 :[(-2,-2), (39,21), (39,21), (40,21), (40,21), (40,20), (-2,-2), (-2,-2)]
Turtle 3 :[(-3,-3), (43,14), (44,14), (45,14), (45,14), (46,14), (47,14), (47,13)]
Turtle 4 :[(-4,-4), (37,38), (38,38), (38,39), (39,39), (40,39), (-4,-4), (-4,-4)]
Turtle 5 :[(-5,-5), (41,39), (40,39), (39,39), (39,38), (38,38), (-5,-5), (-5,-5)]

Detection Run 11
#Info# Executed steps before collision: 10, Found collision: false
Turtle 1 :[(-1,-1), (10,12), (10,13), (10,13), (10,14), (11,14), (11,14), (11,15), (11,16), (-1,-1), (-1,-1)]
Turtle 2 :[(-2,-2), (32,20), (33,20), (34,20), (35,20), (35,20), (35,20), (35,20), (35,20), (35,21), (35,22)]
Turtle 3 :[(-3,-3), (11,37), (10,37), (10,38), (10,38), (9,38), (8,38), (7,38), (-3,-3), (-3,-3), (-3,-3)]
Turtle 4 :[(-4,-4), (11,13), (11,13), (12,13), (13,13), (14,13), (15,13), (15,13), (15,13), (16,13), (-4,-4)]
Turtle 5 :[(-5,-5), (25,27), (25,27), (26,27), (26,27), (26,27), (26,28), (-5,-5), (-5,-5), (-5,-5), (-5,-5)]

Detection Run 12
#Info# Executed steps before collision: 8, Found collision: false
Turtle 1 :[(-1,-1), (33,35), (33,36), (33,37), (34,37), (34,38), (34,38), (34,39), (-1,-1)]
Turtle 2 :[(-2,-2), (3,22), (4,22), (5,22), (6,22), (5,22), (5,23), (-2,-2), (-2,-2)]
Turtle 3 :[(-3,-3), (16,5), (15,5), (15,5), (14,5), (13,5), (13,5), (12,5), (12,4)]
Turtle 4 :[(-4,-4), (1,0), (1,1), (1,2), (1,3), (1,4), (0,4), (-4,-4), (-4,-4)]
Turtle 5 :[(-5,-5), (37,39), (36,39), (35,39), (34,39), (-5,-5), (-5,-5), (-5,-5), (-5,-5)]

Detection Run 13
#Info# Executed steps before collision: 11, Found collision: false
Turtle 1 :[(-1,-1), (21,33), (21,34), (21,35), (-1,-1), (-1,-1), (-1,-1), (-1,-1), (-1,-1), (-1,-1), (-1,-1), (-1,-1)]
Turtle 2 :[(-2,-2), (17,36), (18,36), (19,36), (19,35), (20,35), (-2,-2), (-2,-2), (-2,-2), (-2,-2), (-2,-2), (-2,-2)]
Turtle 3 :[(-3,-3), (7,24), (7,24), (8,24), (8,24), (9,24), (9,24), (9,24), (10,24), (11,24), (11,24), (12,24)]
Turtle 4 :[(-4,-4), (7,47), (7,47), (7,48), (7,48), (7,48), (8,48), (9,48), (9,49), (9,49), (10,49), (-4,-4)]
Turtle 5 :[(-5,-5), (30,31), (30,32), (30,33), (31,33), (32,33), (32,33), (32,34), (-5,-5), (-5,-5), (-5,-5), (-5,-5)]

Detection Run 14
#Info# Executed steps before collision: 10, Found collision: false
Turtle 1 :[(-1,-1), (30,44), (30,44), (29,44), (28,44), (28,44), (28,43), (28,43), (28,43), (28,42), (28,41)]
Turtle 2 :[(-2,-2), (12,17), (12,17), (12,17), (12,17), (13,17), (14,17), (15,17), (15,17), (16,17), (-2,-2)]
Turtle 3 :[(-3,-3), (5,38), (5,37), (5,36), (6,36), (6,36), (6,36), (6,36), (7,36), (8,36), (-3,-3)]
Turtle 4 :[(-4,-4), (15,18), (14,18), (14,18), (14,17), (14,17), (13,17), (13,16), (12,16), (-4,-4), (-4,-4)]
Turtle 5 :[(-5,-5), (18,46), (18,47), (17,47), (17,48), (16,48), (15,48), (-5,-5), (-5,-5), (-5,-5), (-5,-5)]

Detection Run 15
#Info# Executed steps before collision: 9, Found collision: false
Turtle 1 :[(-1,-1), (1,21), (1,21), (1,21), (2,21), (3,21), (3,21), (4,21), (5,21), (-1,-1)]
Turtle 2 :[(-2,-2), (1,24), (1,23), (2,23), (3,23), (3,22), (3,23), (3,22), (3,21), (-2,-2)]
Turtle 3 :[(-3,-3), (32,23), (32,24), (31,24), (30,24), (29,24), (29,25), (-3,-3), (-3,-3), (-3,-3)]
Turtle 4 :[(-4,-4), (27,23), (27,23), (27,23), (27,24), (27,24), (26,24), (26,24), (26,24), (26,25)]
Turtle 5 :[(-5,-5), (22,8), (21,8), (21,9), (21,10), (21,11), (21,12), (-5,-5), (-5,-5), (-5,-5)]

Detection Run 16
#Info# Executed steps before collision: 10, Found collision: false
Turtle 1 :[(-1,-1), (20,31), (21,31), (21,30), (21,30), (22,30), (21,30), (22,30), (23,30), (24,30), (-1,-1)]
Turtle 2 :[(-2,-2), (22,28), (22,29), (22,29), (22,30), (23,30), (24,30), (25,30), (-2,-2), (-2,-2), (-2,-2)]
Turtle 3 :[(-3,-3), (24,16), (24,17), (25,17), (26,17), (26,17), (26,17), (27,17), (27,18), (-3,-3), (-3,-3)]
Turtle 4 :[(-4,-4), (6,21), (6,22), (5,22), (5,23), (5,22), (5,23), (-4,-4), (-4,-4), (-4,-4), (-4,-4)]
Turtle 5 :[(-5,-5), (48,3), (48,3), (47,3), (47,2), (47,2), (47,2), (46,2), (45,2), (45,2), (44,2)]

Detection Run 17
#Info# Executed steps before collision: 11, Found collision: false
Turtle 1 :[(-1,-1), (21,2), (22,2), (23,2), (23,2), (24,2), (24,2), (25,2), (-1,-1), (-1,-1), (-1,-1), (-1,-1)]
Turtle 2 :[(-2,-2), (2,28), (1,28), (1,29), (0,29), (0,30), (-2,-2), (-2,-2), (-2,-2), (-2,-2), (-2,-2), (-2,-2)]
Turtle 3 :[(-3,-3), (13,4), (13,5), (13,6), (-3,-3), (-3,-3), (-3,-3), (-3,-3), (-3,-3), (-3,-3), (-3,-3), (-3,-3)]
Turtle 4 :[(-4,-4), (25,6), (25,5), (25,5), (25,4), (25,4), (26,4), (26,4), (26,3), (27,3), (-4,-4), (-4,-4)]
Turtle 5 :[(-5,-5), (15,29), (14,29), (14,29), (14,29), (14,28), (14,27), (14,27), (14,27), (14,27), (14,26), (13,26)]

Detection Run 18
#Info# Executed steps before collision: 11, Found collision: false
Turtle 1 :[(-1,-1), (37,46), (37,46), (37,46), (36,46), (36,45), (36,45), (36,45), (36,44), (35,44), (34,44), (-1,-1)]
Turtle 2 :[(-2,-2), (34,41), (34,40), (34,39), (34,38), (33,38), (33,37), (-2,-2), (-2,-2), (-2,-2), (-2,-2), (-2,-2)]
Turtle 3 :[(-3,-3), (10,39), (10,39), (9,39), (10,39), (11,39), (11,38), (12,38), (13,38), (13,37), (-3,-3), (-3,-3)]
Turtle 4 :[(-4,-4), (11,39), (11,39), (11,40), (11,40), (11,41), (11,42), (10,42), (10,42), (10,43), (-4,-4), (-4,-4)]
Turtle 5 :[(-5,-5), (10,24), (10,24), (9,24), (9,23), (9,23), (9,23), (9,23), (9,23), (8,23), (7,23), (6,23)]

Fault Detection Run 19
#Info# Executed steps before collision: 3, Found collision: true
Turtle 1 :[(-1,-1), (49,23), (48,23), (48,22), (47,22), (47,21), (47,20), (-1,-1), (-1,-1), (-1,-1), (-1,-1), (-1,-1)]
Turtle 2 :[(-2,-2), (41,40), (41,40), (41,40), (40,40), (40,40), (40,40), (39,40), (38,40), (38,40), (37,40), (-2,-2)]
Turtle 3 :[(-3,-3), (19,16), (18,16), (18,15), (18,14), (18,13), (18,12), (-3,-3), (-3,-3), (-3,-3), (-3,-3), (-3,-3)]
Turtle 4 :[(-4,-4), (20,22), (20,21), (21,21), (21,21), (22,21), (22,20), (-4,-4), (-4,-4), (-4,-4), (-4,-4), (-4,-4)]
Turtle 5 :[(-5,-5), (48,22), (48,22), (48,22), (48,22), (48,22), (48,22), (48,22), (48,21), (48,21), (49,21), (49,21)]

