Shrinking Run 1
#Info# Executed steps before collision: 2, Found collision: true
Turtle 1 :[(-1,-1), (19,47), (18,47), (17,47), (17,48), (17,49), (17,49), (16,49), (-1,-1), (-1,-1)]
Turtle 2 :[(-2,-2), (8,44), (8,45), (7,45), (7,46), (6,46), (6,46), (5,46), (-2,-2), (-2,-2)]
Turtle 3 :[(-3,-3), (9,26), (10,26), (10,27), (9,27), (9,26), (9,25), (9,24), (10,24), (10,23)]
Turtle 4 :[(-4,-4), (35,19), (34,19), (34,20), (34,21), (33,21), (33,22), (-4,-4), (-4,-4), (-4,-4)]
Turtle 5 :[(-5,-5), (10,25), (10,26), (10,25), (10,26), (10,27), (10,28), (11,28), (12,28), (-5,-5)]

Shrinking Run 2
#Info# Executed steps before collision: 2, Found collision: true
Turtle 1 :[(-1,-1), (19,47), (18,47), (17,47), (17,46), (17,45), (17,45), (17,44), (-1,-1), (-1,-1), (-1,-1), (-1,-1)]
Turtle 2 :[(-2,-2), (8,44), (8,45), (7,45), (7,46), (6,46), (6,46), (5,46), (-2,-2), (-2,-2), (-2,-2), (-2,-2)]
Turtle 3 :[(-3,-3), (9,26), (10,26), (10,26), (10,26), (10,25), (10,25), (10,24), (10,23), (-3,-3), (-3,-3), (-3,-3)]
Turtle 4 :[(-4,-4), (35,19), (34,19), (34,20), (34,21), (33,21), (33,22), (-4,-4), (-4,-4), (-4,-4), (-4,-4), (-4,-4)]
Turtle 5 :[(-5,-5), (10,25), (10,26), (10,26), (10,26), (10,26), (10,26), (11,26), (11,26), (12,26), (12,27), (12,28)]

Shrinking Run 3
#Info# Executed steps before collision: 2, Found collision: true
Turtle 1 :[(-1,-1), (19,47), (19,46), (18,46), (17,46), (17,45), (17,45), (17,44)]
Turtle 2 :[(-2,-2), (8,44), (8,45), (7,45), (7,46), (6,46), (6,46), (5,46)]
Turtle 3 :[(-3,-3), (9,26), (10,26), (11,26), (10,26), (10,25), (10,24), (10,23)]
Turtle 4 :[(-4,-4), (35,19), (34,19), (34,20), (34,21), (33,21), (33,22), (-4,-4)]
Turtle 5 :[(-5,-5), (10,25), (10,26), (10,26), (11,26), (12,26), (12,27), (12,28)]

Shrinking Run 4
#Info# Executed steps before collision: 2, Found collision: true
Turtle 1 :[(-1,-1), (19,47), (19,46), (18,46), (17,46), (16,46), (16,46), (16,45)]
Turtle 2 :[(-2,-2), (8,44), (8,45), (7,45), (7,46), (6,46), (6,46), (5,46)]
Turtle 3 :[(-3,-3), (9,26), (10,26), (9,26), (9,25), (10,25), (10,24), (10,23)]
Turtle 4 :[(-4,-4), (35,19), (34,19), (34,20), (34,21), (33,21), (33,22), (-4,-4)]
Turtle 5 :[(-5,-5), (10,25), (10,26), (11,26), (12,26), (12,27), (12,28), (-5,-5)]

Shrinking Run 5
#Info# Executed steps before collision: 2, Found collision: true
Turtle 1 :[(-1,-1), (19,47), (18,47), (17,47), (16,47), (15,47), (15,47), (15,46), (-1,-1)]
Turtle 2 :[(-2,-2), (8,44), (8,45), (7,45), (7,46), (6,46), (6,46), (5,46), (-2,-2)]
Turtle 3 :[(-3,-3), (9,26), (10,26), (10,26), (10,26), (10,25), (10,25), (10,24), (10,23)]
Turtle 4 :[(-4,-4), (35,19), (34,19), (34,20), (34,21), (33,21), (33,22), (-4,-4), (-4,-4)]
Turtle 5 :[(-5,-5), (10,25), (10,26), (10,26), (10,27), (11,27), (11,28), (12,28), (-5,-5)]

Shrinking Run 6
#Info# Executed steps before collision: 2, Found collision: true
Turtle 1 :[(-1,-1), (19,47), (18,47), (17,47), (16,47), (15,47), (15,47), (14,47), (-1,-1)]
Turtle 2 :[(-2,-2), (8,44), (8,45), (7,45), (7,46), (6,46), (6,46), (5,46), (-2,-2)]
Turtle 3 :[(-3,-3), (9,26), (10,26), (10,26), (10,26), (10,25), (10,25), (10,24), (10,23)]
Turtle 4 :[(-4,-4), (35,19), (34,19), (34,20), (34,21), (33,21), (33,22), (-4,-4), (-4,-4)]
Turtle 5 :[(-5,-5), (10,25), (10,26), (10,26), (10,27), (10,28), (11,28), (12,28), (-5,-5)]

Shrinking Run 7
#Info# Executed steps before collision: 3, Found collision: true
Turtle 1 :[(-1,-1), (19,47), (18,47), (17,47), (16,47), (15,47), (14,47), (-1,-1), (-1,-1), (-1,-1), (-1,-1), (-1,-1)]
Turtle 2 :[(-2,-2), (8,44), (8,45), (7,45), (7,46), (6,46), (6,46), (5,46), (-2,-2), (-2,-2), (-2,-2), (-2,-2)]
Turtle 3 :[(-3,-3), (9,26), (10,26), (10,26), (10,25), (10,25), (10,24), (10,23), (-3,-3), (-3,-3), (-3,-3), (-3,-3)]
Turtle 4 :[(-4,-4), (35,19), (34,19), (34,20), (34,21), (33,21), (33,22), (-4,-4), (-4,-4), (-4,-4), (-4,-4), (-4,-4)]
Turtle 5 :[(-5,-5), (10,25), (10,25), (10,26), (10,26), (10,26), (10,26), (11,26), (11,26), (12,26), (12,27), (12,28)]

Shrinking Run 8
#Info# Executed steps before collision: 2, Found collision: true
Turtle 1 :[(-1,-1), (19,47), (18,47), (17,47), (16,47), (15,47), (14,47), (-1,-1)]
Turtle 2 :[(-2,-2), (8,44), (7,44), (6,44), (6,45), (5,45), (5,45), (5,46)]
Turtle 3 :[(-3,-3), (9,26), (10,26), (10,25), (10,24), (10,23), (-3,-3), (-3,-3)]
Turtle 4 :[(-4,-4), (35,19), (34,19), (34,20), (34,21), (33,21), (33,22), (-4,-4)]
Turtle 5 :[(-5,-5), (10,25), (10,26), (11,26), (11,27), (11,28), (12,28), (-5,-5)]

Shrinking Run 9
#Info# Executed steps before collision: 2, Found collision: true
Turtle 1 :[(-1,-1), (19,47), (18,47), (17,47), (16,47), (15,47), (14,47), (-1,-1), (-1,-1), (-1,-1)]
Turtle 2 :[(-2,-2), (8,44), (8,43), (8,42), (8,41), (7,41), (7,41), (7,40), (-2,-2), (-2,-2)]
Turtle 3 :[(-3,-3), (9,26), (10,26), (11,26), (11,25), (11,24), (11,23), (10,23), (-3,-3), (-3,-3)]
Turtle 4 :[(-4,-4), (35,19), (34,19), (34,20), (34,21), (33,21), (33,22), (-4,-4), (-4,-4), (-4,-4)]
Turtle 5 :[(-5,-5), (10,25), (10,26), (10,26), (10,26), (11,26), (11,26), (12,26), (12,27), (12,28)]

Shrinking Run 10
#Info# Executed steps before collision: 2, Found collision: true
Turtle 1 :[(-1,-1), (19,47), (18,47), (17,47), (16,47), (15,47), (14,47), (-1,-1), (-1,-1), (-1,-1), (-1,-1), (-1,-1)]
Turtle 2 :[(-2,-2), (8,44), (7,44), (7,43), (7,42), (6,42), (6,42), (6,41), (-2,-2), (-2,-2), (-2,-2), (-2,-2)]
Turtle 3 :[(-3,-3), (9,26), (10,26), (10,27), (10,26), (10,25), (10,24), (10,23), (-3,-3), (-3,-3), (-3,-3), (-3,-3)]
Turtle 4 :[(-4,-4), (35,19), (34,19), (34,20), (34,21), (33,21), (33,22), (-4,-4), (-4,-4), (-4,-4), (-4,-4), (-4,-4)]
Turtle 5 :[(-5,-5), (10,25), (10,26), (10,26), (10,26), (10,26), (10,26), (11,26), (11,26), (12,26), (12,27), (12,28)]

Shrinking Run 11
#Info# Executed steps before collision: 2, Found collision: true
Turtle 1 :[(-1,-1), (19,47), (18,47), (17,47), (16,47), (15,47), (14,47), (-1,-1), (-1,-1)]
Turtle 2 :[(-2,-2), (8,44), (7,44), (6,44), (6,43), (5,43), (5,43), (5,42), (-2,-2)]
Turtle 3 :[(-3,-3), (9,26), (10,26), (10,26), (10,26), (10,25), (10,25), (10,24), (10,23)]
Turtle 4 :[(-4,-4), (35,19), (34,19), (34,20), (34,21), (33,21), (33,22), (-4,-4), (-4,-4)]
Turtle 5 :[(-5,-5), (10,25), (10,26), (10,26), (11,26), (12,26), (12,27), (12,28), (-5,-5)]

Shrinking Run 12
#Info# Executed steps before collision: 2, Found collision: true
Turtle 1 :[(-1,-1), (19,47), (18,47), (17,47), (16,47), (15,47), (14,47), (-1,-1)]
Turtle 2 :[(-2,-2), (8,44), (7,44), (6,44), (5,44), (4,44), (4,44), (4,43)]
Turtle 3 :[(-3,-3), (9,26), (10,26), (10,27), (10,26), (10,25), (10,24), (10,23)]
Turtle 4 :[(-4,-4), (35,19), (34,19), (34,20), (34,21), (33,21), (33,22), (-4,-4)]
Turtle 5 :[(-5,-5), (10,25), (10,26), (10,27), (11,27), (12,27), (12,28), (-5,-5)]

Shrinking Run 13
#Info# Executed steps before collision: 8, Found collision: false
Turtle 1 :[(-1,-1), (19,47), (18,47), (17,47), (16,47), (15,47), (14,47), (-1,-1), (-1,-1)]
Turtle 2 :[(-2,-2), (8,44), (7,44), (6,44), (5,44), (4,44), (4,44), (3,44), (-2,-2)]
Turtle 3 :[(-3,-3), (9,26), (10,26), (10,26), (10,25), (10,25), (10,24), (10,23), (-3,-3)]
Turtle 4 :[(-4,-4), (35,19), (34,19), (34,20), (34,21), (33,21), (33,22), (-4,-4), (-4,-4)]
Turtle 5 :[(-5,-5), (10,25), (10,24), (10,25), (11,25), (11,26), (11,27), (11,28), (12,28)]

Shrinking Run 14
#Info# Executed steps before collision: 4, Found collision: true
Turtle 1 :[(-1,-1), (19,47), (18,47), (17,47), (16,47), (15,47), (14,47), (-1,-1), (-1,-1), (-1,-1)]
Turtle 2 :[(-2,-2), (8,44), (7,44), (6,44), (5,44), (4,44), (4,43), (-2,-2), (-2,-2), (-2,-2)]
Turtle 3 :[(-3,-3), (9,26), (10,26), (10,26), (10,25), (9,25), (10,25), (10,24), (10,23), (-3,-3)]
Turtle 4 :[(-4,-4), (35,19), (34,19), (34,20), (34,21), (33,21), (33,22), (-4,-4), (-4,-4), (-4,-4)]
Turtle 5 :[(-5,-5), (10,25), (9,25), (10,25), (10,25), (10,26), (11,26), (11,27), (11,28), (12,28)]

Shrinking Run 15
#Info# Executed steps before collision: 10, Found collision: false
Turtle 1 :[(-1,-1), (19,47), (18,47), (17,47), (16,47), (15,47), (14,47), (-1,-1), (-1,-1), (-1,-1), (-1,-1)]
Turtle 2 :[(-2,-2), (8,44), (7,44), (6,44), (5,44), (4,44), (4,43), (-2,-2), (-2,-2), (-2,-2), (-2,-2)]
Turtle 3 :[(-3,-3), (9,26), (8,26), (8,26), (8,25), (8,25), (7,25), (6,25), (5,25), (-3,-3), (-3,-3)]
Turtle 4 :[(-4,-4), (35,19), (34,19), (34,20), (34,21), (33,21), (33,22), (-4,-4), (-4,-4), (-4,-4), (-4,-4)]
Turtle 5 :[(-5,-5), (10,25), (10,25), (10,26), (10,26), (10,26), (11,26), (11,26), (12,26), (12,27), (12,28)]

Shrinking Run 16
#Info# Executed steps before collision: 9, Found collision: false
Turtle 1 :[(-1,-1), (19,47), (18,47), (17,47), (16,47), (15,47), (14,47), (-1,-1), (-1,-1), (-1,-1)]
Turtle 2 :[(-2,-2), (8,44), (7,44), (6,44), (5,44), (4,44), (4,43), (-2,-2), (-2,-2), (-2,-2)]
Turtle 3 :[(-3,-3), (9,26), (8,26), (8,26), (8,25), (8,25), (8,24), (7,24), (6,24), (-3,-3)]
Turtle 4 :[(-4,-4), (35,19), (34,19), (34,20), (34,21), (33,21), (33,22), (-4,-4), (-4,-4), (-4,-4)]
Turtle 5 :[(-5,-5), (10,25), (10,26), (10,26), (10,26), (11,26), (11,26), (12,26), (12,27), (12,28)]

Shrinking Run 17
#Info# Executed steps before collision: 9, Found collision: false
Turtle 1 :[(-1,-1), (19,47), (18,47), (17,47), (16,47), (15,47), (14,47), (-1,-1), (-1,-1), (-1,-1)]
Turtle 2 :[(-2,-2), (8,44), (7,44), (6,44), (5,44), (4,44), (4,43), (-2,-2), (-2,-2), (-2,-2)]
Turtle 3 :[(-3,-3), (9,26), (8,26), (8,26), (8,25), (8,25), (8,24), (8,23), (-3,-3), (-3,-3)]
Turtle 4 :[(-4,-4), (35,19), (34,19), (34,20), (34,21), (33,21), (33,22), (-4,-4), (-4,-4), (-4,-4)]
Turtle 5 :[(-5,-5), (10,25), (10,26), (10,26), (10,26), (11,26), (11,26), (12,26), (12,27), (12,28)]

Shrinking Run 18
#Info# Executed steps before collision: 9, Found collision: false
Turtle 1 :[(-1,-1), (19,47), (18,47), (17,47), (16,47), (15,47), (14,47), (-1,-1), (-1,-1), (-1,-1)]
Turtle 2 :[(-2,-2), (8,44), (7,44), (6,44), (5,44), (4,44), (4,43), (-2,-2), (-2,-2), (-2,-2)]
Turtle 3 :[(-3,-3), (9,26), (9,25), (9,25), (9,24), (9,24), (9,23), (-3,-3), (-3,-3), (-3,-3)]
Turtle 4 :[(-4,-4), (35,19), (34,19), (34,20), (34,21), (33,21), (33,22), (-4,-4), (-4,-4), (-4,-4)]
Turtle 5 :[(-5,-5), (10,25), (10,26), (10,26), (10,26), (11,26), (11,26), (12,26), (12,27), (12,28)]

Shrinking Run 19
#Info# Executed steps before collision: 9, Found collision: false
Turtle 1 :[(-1,-1), (19,47), (18,47), (17,47), (16,47), (15,47), (14,47), (-1,-1), (-1,-1), (-1,-1)]
Turtle 2 :[(-2,-2), (8,44), (7,44), (6,44), (5,44), (4,44), (4,43), (-2,-2), (-2,-2), (-2,-2)]
Turtle 3 :[(-3,-3), (9,26), (9,25), (9,25), (9,24), (9,24), (9,23), (10,23), (10,22), (-3,-3)]
Turtle 4 :[(-4,-4), (35,19), (34,19), (34,20), (34,21), (33,21), (33,22), (-4,-4), (-4,-4), (-4,-4)]
Turtle 5 :[(-5,-5), (10,25), (10,26), (10,26), (10,26), (11,26), (11,26), (12,26), (12,27), (12,28)]

Shrinking Run 20
#Info# Executed steps before collision: 8, Found collision: false
Turtle 1 :[(-1,-1), (19,47), (18,47), (17,47), (16,47), (15,47), (14,47), (-1,-1), (-1,-1)]
Turtle 2 :[(-2,-2), (8,44), (7,44), (6,44), (5,44), (4,44), (4,43), (-2,-2), (-2,-2)]
Turtle 3 :[(-3,-3), (9,26), (9,25), (9,25), (10,25), (10,25), (10,24), (10,23), (-3,-3)]
Turtle 4 :[(-4,-4), (35,19), (34,19), (34,20), (34,21), (33,21), (33,22), (-4,-4), (-4,-4)]
Turtle 5 :[(-5,-5), (10,25), (10,24), (10,25), (10,26), (10,27), (10,28), (11,28), (12,28)]

Shrinking Run 21
#Info# Executed steps before collision: 9, Found collision: false
Turtle 1 :[(-1,-1), (19,47), (18,47), (17,47), (16,47), (15,47), (14,47), (-1,-1), (-1,-1), (-1,-1)]
Turtle 2 :[(-2,-2), (8,44), (7,44), (6,44), (5,44), (4,44), (4,43), (-2,-2), (-2,-2), (-2,-2)]
Turtle 3 :[(-3,-3), (9,26), (9,25), (9,24), (10,24), (10,23), (-3,-3), (-3,-3), (-3,-3), (-3,-3)]
Turtle 4 :[(-4,-4), (35,19), (34,19), (34,20), (34,21), (33,21), (33,22), (-4,-4), (-4,-4), (-4,-4)]
Turtle 5 :[(-5,-5), (10,25), (10,26), (10,26), (10,26), (11,26), (11,26), (12,26), (12,27), (12,28)]

Shrinking Run 22
#Info# Executed steps before collision: 2, Found collision: true
Turtle 1 :[(-1,-1), (19,47), (18,47), (17,47), (16,47), (15,47), (14,47), (-1,-1), (-1,-1)]
Turtle 2 :[(-2,-2), (8,44), (7,44), (6,44), (5,44), (4,44), (4,43), (-2,-2), (-2,-2)]
Turtle 3 :[(-3,-3), (9,26), (9,25), (9,24), (10,24), (10,24), (10,23), (-3,-3), (-3,-3)]
Turtle 4 :[(-4,-4), (35,19), (34,19), (34,20), (34,21), (33,21), (33,22), (-4,-4), (-4,-4)]
Turtle 5 :[(-5,-5), (10,25), (9,25), (9,26), (10,26), (11,26), (11,27), (12,27), (12,28)]

Shrinking Run 23
#Info# Executed steps before collision: 9, Found collision: false
Turtle 1 :[(-1,-1), (19,47), (18,47), (17,47), (16,47), (15,47), (14,47), (-1,-1), (-1,-1), (-1,-1)]
Turtle 2 :[(-2,-2), (8,44), (7,44), (6,44), (5,44), (4,44), (4,43), (-2,-2), (-2,-2), (-2,-2)]
Turtle 3 :[(-3,-3), (9,26), (9,25), (10,25), (10,24), (10,24), (10,23), (-3,-3), (-3,-3), (-3,-3)]
Turtle 4 :[(-4,-4), (35,19), (34,19), (34,20), (34,21), (33,21), (33,22), (-4,-4), (-4,-4), (-4,-4)]
Turtle 5 :[(-5,-5), (10,25), (10,26), (10,26), (10,26), (11,26), (11,26), (12,26), (12,27), (12,28)]

Shrinking Run 24
#Info# Executed steps before collision: 9, Found collision: false
Turtle 1 :[(-1,-1), (19,47), (18,47), (17,47), (16,47), (15,47), (14,47), (-1,-1), (-1,-1), (-1,-1)]
Turtle 2 :[(-2,-2), (8,44), (7,44), (6,44), (5,44), (4,44), (4,43), (-2,-2), (-2,-2), (-2,-2)]
Turtle 3 :[(-3,-3), (9,26), (9,25), (9,24), (10,24), (10,24), (10,23), (-3,-3), (-3,-3), (-3,-3)]
Turtle 4 :[(-4,-4), (35,19), (34,19), (34,18), (34,17), (34,16), (34,15), (-4,-4), (-4,-4), (-4,-4)]
Turtle 5 :[(-5,-5), (10,25), (10,26), (10,26), (10,26), (11,26), (11,26), (12,26), (12,27), (12,28)]

Shrinking Run 25
#Info# Executed steps before collision: 9, Found collision: false
Turtle 1 :[(-1,-1), (19,47), (18,47), (17,47), (16,47), (15,47), (14,47), (-1,-1), (-1,-1), (-1,-1)]
Turtle 2 :[(-2,-2), (8,44), (7,44), (6,44), (5,44), (4,44), (4,43), (-2,-2), (-2,-2), (-2,-2)]
Turtle 3 :[(-3,-3), (9,26), (9,25), (9,24), (10,24), (10,24), (10,23), (-3,-3), (-3,-3), (-3,-3)]
Turtle 4 :[(-4,-4), (35,19), (34,19), (34,18), (34,17), (33,17), (33,16), (-4,-4), (-4,-4), (-4,-4)]
Turtle 5 :[(-5,-5), (10,25), (10,26), (10,26), (10,26), (11,26), (11,26), (12,26), (12,27), (12,28)]

Shrinking Run 26
#Info# Executed steps before collision: 9, Found collision: false
Turtle 1 :[(-1,-1), (19,47), (18,47), (17,47), (16,47), (15,47), (14,47), (-1,-1), (-1,-1), (-1,-1)]
Turtle 2 :[(-2,-2), (8,44), (7,44), (6,44), (5,44), (4,44), (4,43), (-2,-2), (-2,-2), (-2,-2)]
Turtle 3 :[(-3,-3), (9,26), (9,25), (9,24), (10,24), (10,24), (10,23), (-3,-3), (-3,-3), (-3,-3)]
Turtle 4 :[(-4,-4), (35,19), (34,19), (33,19), (33,20), (32,20), (31,20), (-4,-4), (-4,-4), (-4,-4)]
Turtle 5 :[(-5,-5), (10,25), (10,26), (10,26), (10,26), (11,26), (11,26), (12,26), (12,27), (12,28)]

Shrinking Run 27
#Info# Executed steps before collision: 10, Found collision: false
Turtle 1 :[(-1,-1), (19,47), (18,47), (17,47), (16,47), (15,47), (14,47), (-1,-1), (-1,-1), (-1,-1), (-1,-1)]
Turtle 2 :[(-2,-2), (8,44), (7,44), (6,44), (5,44), (4,44), (4,43), (-2,-2), (-2,-2), (-2,-2), (-2,-2)]
Turtle 3 :[(-3,-3), (9,26), (9,25), (9,24), (10,24), (10,24), (10,23), (-3,-3), (-3,-3), (-3,-3), (-3,-3)]
Turtle 4 :[(-4,-4), (35,19), (34,19), (33,19), (33,20), (32,20), (32,21), (-4,-4), (-4,-4), (-4,-4), (-4,-4)]
Turtle 5 :[(-5,-5), (10,25), (10,25), (10,26), (10,26), (10,26), (11,26), (11,26), (12,26), (12,27), (12,28)]

Shrinking Run 28
#Info# Executed steps before collision: 9, Found collision: false
Turtle 1 :[(-1,-1), (19,47), (18,47), (17,47), (16,47), (15,47), (14,47), (-1,-1), (-1,-1), (-1,-1)]
Turtle 2 :[(-2,-2), (8,44), (7,44), (6,44), (5,44), (4,44), (4,43), (-2,-2), (-2,-2), (-2,-2)]
Turtle 3 :[(-3,-3), (9,26), (9,25), (9,24), (10,24), (10,24), (10,23), (-3,-3), (-3,-3), (-3,-3)]
Turtle 4 :[(-4,-4), (35,19), (34,19), (34,20), (33,20), (32,20), (32,21), (-4,-4), (-4,-4), (-4,-4)]
Turtle 5 :[(-5,-5), (10,25), (10,26), (10,26), (10,26), (11,26), (11,26), (12,26), (12,27), (12,28)]

Shrinking Run 29
#Info# Executed steps before collision: 9, Found collision: false
Turtle 1 :[(-1,-1), (19,47), (18,47), (17,47), (16,47), (15,47), (14,47), (-1,-1), (-1,-1), (-1,-1)]
Turtle 2 :[(-2,-2), (8,44), (7,44), (6,44), (5,44), (4,44), (4,43), (-2,-2), (-2,-2), (-2,-2)]
Turtle 3 :[(-3,-3), (9,26), (9,25), (9,24), (10,24), (10,24), (10,23), (-3,-3), (-3,-3), (-3,-3)]
Turtle 4 :[(-4,-4), (35,19), (34,19), (34,20), (34,21), (33,21), (32,21), (-4,-4), (-4,-4), (-4,-4)]
Turtle 5 :[(-5,-5), (10,25), (10,26), (10,26), (10,26), (11,26), (11,26), (12,26), (12,27), (12,28)]

Shrinking Run 30
#Info# Executed steps before collision: 9, Found collision: false
Turtle 1 :[(-1,-1), (19,47), (18,47), (17,47), (16,47), (15,47), (14,47), (-1,-1), (-1,-1), (-1,-1)]
Turtle 2 :[(-2,-2), (8,44), (7,44), (6,44), (5,44), (4,44), (4,43), (-2,-2), (-2,-2), (-2,-2)]
Turtle 3 :[(-3,-3), (9,26), (9,25), (9,24), (10,24), (10,24), (10,23), (-3,-3), (-3,-3), (-3,-3)]
Turtle 4 :[(-4,-4), (35,19), (35,20), (35,21), (34,21), (33,21), (33,22), (-4,-4), (-4,-4), (-4,-4)]
Turtle 5 :[(-5,-5), (10,25), (10,26), (10,26), (10,26), (11,26), (11,26), (12,26), (12,27), (12,28)]

Shrinking Run 31
#Info# Executed steps before collision: 9, Found collision: false
Turtle 1 :[(-1,-1), (19,47), (18,47), (17,47), (16,47), (15,47), (14,47), (-1,-1), (-1,-1), (-1,-1)]
Turtle 2 :[(-2,-2), (8,44), (7,44), (6,44), (5,44), (4,44), (4,43), (-2,-2), (-2,-2), (-2,-2)]
Turtle 3 :[(-3,-3), (9,26), (9,25), (9,24), (10,24), (10,24), (10,23), (-3,-3), (-3,-3), (-3,-3)]
Turtle 4 :[(-4,-4), (35,19), (34,19), (34,20), (33,20), (33,21), (33,22), (-4,-4), (-4,-4), (-4,-4)]
Turtle 5 :[(-5,-5), (10,25), (10,26), (10,26), (10,26), (11,26), (11,26), (12,26), (12,27), (12,28)]

Shrinking Run 32
#Info# Executed steps before collision: 9, Found collision: false
Turtle 1 :[(-1,-1), (19,47), (18,47), (17,47), (16,47), (15,47), (14,47), (-1,-1), (-1,-1), (-1,-1)]
Turtle 2 :[(-2,-2), (8,44), (7,44), (6,44), (5,44), (4,44), (4,43), (-2,-2), (-2,-2), (-2,-2)]
Turtle 3 :[(-3,-3), (9,26), (9,25), (9,24), (10,24), (10,24), (10,23), (-3,-3), (-3,-3), (-3,-3)]
Turtle 4 :[(-4,-4), (35,19), (34,19), (33,19), (33,20), (33,21), (33,22), (-4,-4), (-4,-4), (-4,-4)]
Turtle 5 :[(-5,-5), (10,25), (10,26), (10,26), (10,26), (11,26), (11,26), (12,26), (12,27), (12,28)]

Shrinking Run 33
#Info# Executed steps before collision: 9, Found collision: false
Turtle 1 :[(-1,-1), (19,47), (18,47), (17,47), (16,47), (15,47), (14,47), (-1,-1), (-1,-1), (-1,-1)]
Turtle 2 :[(-2,-2), (8,44), (7,44), (6,44), (5,44), (4,44), (4,43), (-2,-2), (-2,-2), (-2,-2)]
Turtle 3 :[(-3,-3), (9,26), (9,25), (9,24), (10,24), (10,24), (10,23), (-3,-3), (-3,-3), (-3,-3)]
Turtle 4 :[(-4,-4), (35,19), (34,19), (34,20), (34,21), (33,21), (33,22), (-4,-4), (-4,-4), (-4,-4)]
Turtle 5 :[(-5,-5), (10,25), (10,26), (10,26), (10,26), (9,26), (9,26), (8,26), (8,27), (8,28)]

Shrinking Run 34
#Info# Executed steps before collision: 9, Found collision: false
Turtle 1 :[(-1,-1), (19,47), (18,47), (17,47), (16,47), (15,47), (14,47), (-1,-1), (-1,-1), (-1,-1)]
Turtle 2 :[(-2,-2), (8,44), (7,44), (6,44), (5,44), (4,44), (4,43), (-2,-2), (-2,-2), (-2,-2)]
Turtle 3 :[(-3,-3), (9,26), (9,25), (9,24), (10,24), (10,24), (10,23), (-3,-3), (-3,-3), (-3,-3)]
Turtle 4 :[(-4,-4), (35,19), (34,19), (34,20), (34,21), (33,21), (33,22), (-4,-4), (-4,-4), (-4,-4)]
Turtle 5 :[(-5,-5), (10,25), (10,26), (10,26), (10,26), (11,26), (11,26), (11,27), (11,28), (11,29)]

Shrinking Run 35
#Info# Executed steps before collision: 3, Found collision: true
Turtle 1 :[(-1,-1), (19,47), (18,47), (17,47), (16,47), (15,47), (14,47), (-1,-1), (-1,-1)]
Turtle 2 :[(-2,-2), (8,44), (7,44), (6,44), (5,44), (4,44), (4,43), (-2,-2), (-2,-2)]
Turtle 3 :[(-3,-3), (9,26), (9,25), (9,24), (10,24), (10,24), (10,23), (-3,-3), (-3,-3)]
Turtle 4 :[(-4,-4), (35,19), (34,19), (34,20), (34,21), (33,21), (33,22), (-4,-4), (-4,-4)]
Turtle 5 :[(-5,-5), (10,25), (10,24), (9,24), (9,23), (9,22), (10,22), (10,21), (11,21)]

Shrinking Run 36
#Info# Executed steps before collision: 9, Found collision: false
Turtle 1 :[(-1,-1), (19,47), (18,47), (17,47), (16,47), (15,47), (14,47), (-1,-1), (-1,-1), (-1,-1)]
Turtle 2 :[(-2,-2), (8,44), (7,44), (6,44), (5,44), (4,44), (4,43), (-2,-2), (-2,-2), (-2,-2)]
Turtle 3 :[(-3,-3), (9,26), (9,25), (9,24), (10,24), (10,24), (10,23), (-3,-3), (-3,-3), (-3,-3)]
Turtle 4 :[(-4,-4), (35,19), (34,19), (34,20), (34,21), (33,21), (33,22), (-4,-4), (-4,-4), (-4,-4)]
Turtle 5 :[(-5,-5), (10,25), (10,24), (10,24), (11,24), (11,23), (11,22), (10,22), (9,22), (8,22)]

Shrinking Run 37
#Info# Executed steps before collision: 8, Found collision: false
Turtle 1 :[(-1,-1), (19,47), (18,47), (17,47), (16,47), (15,47), (14,47), (-1,-1), (-1,-1)]
Turtle 2 :[(-2,-2), (8,44), (7,44), (6,44), (5,44), (4,44), (4,43), (-2,-2), (-2,-2)]
Turtle 3 :[(-3,-3), (9,26), (9,25), (9,24), (8,24), (9,24), (9,23), (10,23), (-3,-3)]
Turtle 4 :[(-4,-4), (35,19), (34,19), (34,20), (34,21), (33,21), (33,22), (-4,-4), (-4,-4)]
Turtle 5 :[(-5,-5), (10,25), (10,24), (11,24), (11,23), (11,22), (10,22), (10,21), (9,21)]

Shrinking Run 38
#Info# Executed steps before collision: 4, Found collision: true
Turtle 1 :[(-1,-1), (19,47), (18,47), (17,47), (16,47), (15,47), (14,47), (-1,-1), (-1,-1), (-1,-1), (-1,-1), (-1,-1), (-1,-1)]
Turtle 2 :[(-2,-2), (8,44), (7,44), (6,44), (5,44), (4,44), (4,43), (-2,-2), (-2,-2), (-2,-2), (-2,-2), (-2,-2), (-2,-2)]
Turtle 3 :[(-3,-3), (9,26), (9,25), (9,24), (10,24), (10,25), (10,24), (10,23), (-3,-3), (-3,-3), (-3,-3), (-3,-3), (-3,-3)]
Turtle 4 :[(-4,-4), (35,19), (34,19), (34,20), (34,21), (33,21), (33,22), (-4,-4), (-4,-4), (-4,-4), (-4,-4), (-4,-4), (-4,-4)]
Turtle 5 :[(-5,-5), (10,25), (10,24), (10,24), (10,24), (10,25), (10,25), (10,25), (10,24), (10,23), (10,22), (10,21), (10,20)]

Shrinking Run 39
#Info# Executed steps before collision: 7, Found collision: false
Turtle 1 :[(-1,-1), (19,47), (18,47), (17,47), (16,47), (15,47), (14,47), (-1,-1)]
Turtle 2 :[(-2,-2), (8,44), (7,44), (6,44), (5,44), (4,44), (4,43), (-2,-2)]
Turtle 3 :[(-3,-3), (9,26), (9,25), (9,24), (9,25), (10,25), (10,24), (10,23)]
Turtle 4 :[(-4,-4), (35,19), (34,19), (34,20), (34,21), (33,21), (33,22), (-4,-4)]
Turtle 5 :[(-5,-5), (10,25), (10,24), (10,23), (10,22), (10,21), (10,20), (-5,-5)]

Shrinking Run 40
#Info# Executed steps before collision: 7, Found collision: false
Turtle 1 :[(-1,-1), (19,47), (18,47), (17,47), (16,47), (15,47), (14,47), (-1,-1)]
Turtle 2 :[(-2,-2), (8,44), (7,44), (6,44), (5,44), (4,44), (4,43), (-2,-2)]
Turtle 3 :[(-3,-3), (9,26), (9,25), (9,24), (10,24), (10,24), (10,23), (-3,-3)]
Turtle 4 :[(-4,-4), (35,19), (34,19), (34,20), (34,21), (33,21), (33,22), (-4,-4)]
Turtle 5 :[(-5,-5), (10,25), (10,24), (10,24), (10,23), (10,22), (10,21), (10,20)]

Shrinking Run 41
#Info# Executed steps before collision: 3, Found collision: true
Turtle 1 :[(-1,-1), (19,47), (18,47), (17,47), (16,47), (15,47), (14,47), (-1,-1), (-1,-1), (-1,-1)]
Turtle 2 :[(-2,-2), (8,44), (7,44), (6,44), (5,44), (4,44), (4,43), (-2,-2), (-2,-2), (-2,-2)]
Turtle 3 :[(-3,-3), (9,26), (9,25), (9,24), (9,25), (10,25), (10,24), (9,24), (10,24), (10,23)]
Turtle 4 :[(-4,-4), (35,19), (34,19), (34,20), (34,21), (33,21), (33,22), (-4,-4), (-4,-4), (-4,-4)]
Turtle 5 :[(-5,-5), (10,25), (10,24), (9,24), (9,23), (10,23), (10,22), (10,21), (10,20), (-5,-5)]

Shrinking Run 42
#Info# Executed steps before collision: 8, Found collision: false
Turtle 1 :[(-1,-1), (19,47), (18,47), (17,47), (16,47), (15,47), (14,47), (-1,-1), (-1,-1)]
Turtle 2 :[(-2,-2), (8,44), (7,44), (6,44), (5,44), (4,44), (4,43), (-2,-2), (-2,-2)]
Turtle 3 :[(-3,-3), (9,26), (9,25), (9,24), (10,24), (10,24), (10,23), (-3,-3), (-3,-3)]
Turtle 4 :[(-4,-4), (35,19), (34,19), (34,20), (34,21), (33,21), (33,22), (-4,-4), (-4,-4)]
Turtle 5 :[(-5,-5), (10,25), (10,24), (10,23), (10,23), (10,22), (10,22), (10,21), (10,20)]

Shrinking Run 43
#Info# Executed steps before collision: 8, Found collision: false
Turtle 1 :[(-1,-1), (19,47), (18,47), (17,47), (16,47), (15,47), (14,47), (-1,-1), (-1,-1)]
Turtle 2 :[(-2,-2), (8,44), (7,44), (6,44), (5,44), (4,44), (4,43), (-2,-2), (-2,-2)]
Turtle 3 :[(-3,-3), (9,26), (9,25), (9,24), (10,24), (10,24), (10,23), (-3,-3), (-3,-3)]
Turtle 4 :[(-4,-4), (35,19), (34,19), (34,20), (34,21), (33,21), (33,22), (-4,-4), (-4,-4)]
Turtle 5 :[(-5,-5), (10,25), (10,24), (10,24), (10,23), (10,22), (10,22), (10,21), (10,20)]

Shrinking Run 44
#Info# Executed steps before collision: 7, Found collision: false
Turtle 1 :[(-1,-1), (19,47), (18,47), (17,47), (16,47), (15,47), (14,47), (-1,-1)]
Turtle 2 :[(-2,-2), (8,44), (7,44), (6,44), (5,44), (4,44), (4,44), (3,44)]
Turtle 3 :[(-3,-3), (9,26), (9,25), (9,24), (10,24), (10,24), (10,23), (-3,-3)]
Turtle 4 :[(-4,-4), (35,19), (34,19), (34,20), (34,21), (33,21), (33,22), (-4,-4)]
Turtle 5 :[(-5,-5), (10,25), (10,24), (10,24), (10,23), (10,22), (10,21), (10,20)]

Shrinking Run 45
#Info# Executed steps before collision: 8, Found collision: false
Turtle 1 :[(-1,-1), (19,47), (18,47), (17,47), (16,47), (15,47), (14,47), (-1,-1), (-1,-1)]
Turtle 2 :[(-2,-2), (8,44), (7,44), (6,44), (5,44), (4,44), (4,43), (-2,-2), (-2,-2)]
Turtle 3 :[(-3,-3), (9,26), (8,26), (8,26), (8,25), (8,25), (7,25), (6,25), (5,25)]
Turtle 4 :[(-4,-4), (35,19), (34,19), (34,20), (34,21), (33,21), (33,22), (-4,-4), (-4,-4)]
Turtle 5 :[(-5,-5), (10,25), (10,24), (10,24), (10,24), (10,23), (10,22), (10,21), (10,20)]

Shrinking Run 46
#Info# Executed steps before collision: 8, Found collision: false
Turtle 1 :[(-1,-1), (19,47), (18,47), (17,47), (16,47), (15,47), (14,47), (-1,-1), (-1,-1)]
Turtle 2 :[(-2,-2), (8,44), (7,44), (6,44), (5,44), (4,44), (4,43), (-2,-2), (-2,-2)]
Turtle 3 :[(-3,-3), (9,26), (8,26), (8,26), (8,25), (8,25), (8,24), (7,24), (6,24)]
Turtle 4 :[(-4,-4), (35,19), (34,19), (34,20), (34,21), (33,21), (33,22), (-4,-4), (-4,-4)]
Turtle 5 :[(-5,-5), (10,25), (10,24), (10,24), (10,24), (10,23), (10,22), (10,21), (10,20)]

Shrinking Run 47
#Info# Executed steps before collision: 8, Found collision: false
Turtle 1 :[(-1,-1), (19,47), (18,47), (17,47), (16,47), (15,47), (14,47), (-1,-1), (-1,-1)]
Turtle 2 :[(-2,-2), (8,44), (7,44), (6,44), (5,44), (4,44), (4,43), (-2,-2), (-2,-2)]
Turtle 3 :[(-3,-3), (9,26), (8,26), (8,26), (8,25), (8,25), (8,24), (8,23), (-3,-3)]
Turtle 4 :[(-4,-4), (35,19), (34,19), (34,20), (34,21), (33,21), (33,22), (-4,-4), (-4,-4)]
Turtle 5 :[(-5,-5), (10,25), (10,24), (10,24), (10,24), (10,23), (10,22), (10,21), (10,20)]

Shrinking Run 48
#Info# Executed steps before collision: 8, Found collision: false
Turtle 1 :[(-1,-1), (19,47), (18,47), (17,47), (16,47), (15,47), (14,47), (-1,-1), (-1,-1)]
Turtle 2 :[(-2,-2), (8,44), (7,44), (6,44), (5,44), (4,44), (4,43), (-2,-2), (-2,-2)]
Turtle 3 :[(-3,-3), (9,26), (9,25), (9,25), (9,24), (9,24), (9,23), (-3,-3), (-3,-3)]
Turtle 4 :[(-4,-4), (35,19), (34,19), (34,20), (34,21), (33,21), (33,22), (-4,-4), (-4,-4)]
Turtle 5 :[(-5,-5), (10,25), (10,24), (10,24), (10,24), (10,23), (10,22), (10,21), (10,20)]

Shrinking Run 49
#Info# Executed steps before collision: 9, Found collision: false
Turtle 1 :[(-1,-1), (19,47), (18,47), (17,47), (16,47), (15,47), (14,47), (-1,-1), (-1,-1), (-1,-1)]
Turtle 2 :[(-2,-2), (8,44), (7,44), (6,44), (5,44), (4,44), (4,43), (-2,-2), (-2,-2), (-2,-2)]
Turtle 3 :[(-3,-3), (9,26), (9,25), (9,25), (9,24), (9,24), (9,23), (9,23), (10,23), (10,22)]
Turtle 4 :[(-4,-4), (35,19), (34,19), (34,20), (34,21), (33,21), (33,22), (-4,-4), (-4,-4), (-4,-4)]
Turtle 5 :[(-5,-5), (10,25), (10,24), (10,24), (10,24), (10,23), (10,22), (10,21), (10,20), (-5,-5)]

Shrinking Run 50
#Info# Executed steps before collision: 8, Found collision: false
Turtle 1 :[(-1,-1), (19,47), (18,47), (17,47), (16,47), (15,47), (14,47), (-1,-1), (-1,-1)]
Turtle 2 :[(-2,-2), (8,44), (7,44), (6,44), (5,44), (4,44), (4,43), (-2,-2), (-2,-2)]
Turtle 3 :[(-3,-3), (9,26), (9,25), (9,25), (10,25), (10,25), (10,24), (10,23), (-3,-3)]
Turtle 4 :[(-4,-4), (35,19), (34,19), (34,20), (34,21), (33,21), (33,22), (-4,-4), (-4,-4)]
Turtle 5 :[(-5,-5), (10,25), (10,24), (10,24), (10,24), (10,23), (10,22), (10,21), (10,20)]

Shrinking Run 51
#Info# Executed steps before collision: 11, Found collision: false
Turtle 1 :[(-1,-1), (19,47), (18,47), (17,47), (16,47), (15,47), (14,47), (-1,-1), (-1,-1), (-1,-1), (-1,-1), (-1,-1)]
Turtle 2 :[(-2,-2), (8,44), (7,44), (6,44), (5,44), (4,44), (4,43), (-2,-2), (-2,-2), (-2,-2), (-2,-2), (-2,-2)]
Turtle 3 :[(-3,-3), (9,26), (9,25), (9,24), (10,24), (10,23), (-3,-3), (-3,-3), (-3,-3), (-3,-3), (-3,-3), (-3,-3)]
Turtle 4 :[(-4,-4), (35,19), (34,19), (34,20), (34,21), (33,21), (33,22), (-4,-4), (-4,-4), (-4,-4), (-4,-4), (-4,-4)]
Turtle 5 :[(-5,-5), (10,25), (10,24), (10,24), (10,25), (9,25), (9,24), (9,23), (9,22), (9,21), (9,20), (10,20)]

Shrinking Run 52
#Info# Executed steps before collision: 9, Found collision: false
Turtle 1 :[(-1,-1), (19,47), (18,47), (17,47), (16,47), (15,47), (14,47), (-1,-1), (-1,-1), (-1,-1)]
Turtle 2 :[(-2,-2), (8,44), (7,44), (6,44), (5,44), (4,44), (4,43), (-2,-2), (-2,-2), (-2,-2)]
Turtle 3 :[(-3,-3), (9,26), (9,25), (10,25), (10,24), (10,24), (10,23), (-3,-3), (-3,-3), (-3,-3)]
Turtle 4 :[(-4,-4), (35,19), (34,19), (34,20), (34,21), (33,21), (33,22), (-4,-4), (-4,-4), (-4,-4)]
Turtle 5 :[(-5,-5), (10,25), (10,24), (10,24), (11,24), (11,23), (11,22), (11,21), (11,20), (10,20)]

Shrinking Run 53
#Info# Executed steps before collision: 12, Found collision: false
Turtle 1 :[(-1,-1), (19,47), (18,47), (17,47), (16,47), (15,47), (14,47), (-1,-1), (-1,-1), (-1,-1), (-1,-1), (-1,-1), (-1,-1)]
Turtle 2 :[(-2,-2), (8,44), (7,44), (6,44), (5,44), (4,44), (4,43), (-2,-2), (-2,-2), (-2,-2), (-2,-2), (-2,-2), (-2,-2)]
Turtle 3 :[(-3,-3), (9,26), (9,25), (9,24), (10,24), (10,24), (10,23), (-3,-3), (-3,-3), (-3,-3), (-3,-3), (-3,-3), (-3,-3)]
Turtle 4 :[(-4,-4), (35,19), (34,19), (34,18), (34,17), (34,16), (34,15), (-4,-4), (-4,-4), (-4,-4), (-4,-4), (-4,-4), (-4,-4)]
Turtle 5 :[(-5,-5), (10,25), (10,24), (10,24), (10,25), (10,25), (10,26), (10,25), (10,24), (10,23), (10,22), (10,21), (10,20)]

Shrinking Run 54
#Info# Executed steps before collision: 6, Found collision: false
Turtle 1 :[(-1,-1), (19,47), (18,47), (17,47), (16,47), (15,47), (14,47)]
Turtle 2 :[(-2,-2), (8,44), (7,44), (6,44), (5,44), (4,44), (4,43)]
Turtle 3 :[(-3,-3), (9,26), (9,25), (9,24), (9,23), (10,23), (-3,-3)]
Turtle 4 :[(-4,-4), (35,19), (34,19), (34,18), (34,17), (33,17), (33,16)]
Turtle 5 :[(-5,-5), (10,25), (10,24), (10,23), (10,22), (10,21), (10,20)]

Shrinking Run 55
#Info# Executed steps before collision: 7, Found collision: false
Turtle 1 :[(-1,-1), (19,47), (18,47), (17,47), (16,47), (15,47), (14,47), (-1,-1)]
Turtle 2 :[(-2,-2), (8,44), (7,44), (6,44), (5,44), (4,44), (4,43), (-2,-2)]
Turtle 3 :[(-3,-3), (9,26), (9,25), (9,24), (10,24), (10,24), (10,23), (-3,-3)]
Turtle 4 :[(-4,-4), (35,19), (34,19), (33,19), (33,20), (32,20), (31,20), (-4,-4)]
Turtle 5 :[(-5,-5), (10,25), (10,24), (10,24), (10,23), (10,22), (10,21), (10,20)]

Shrinking Run 56
#Info# Executed steps before collision: 4, Found collision: true
Turtle 1 :[(-1,-1), (19,47), (18,47), (17,47), (16,47), (15,47), (14,47), (-1,-1), (-1,-1), (-1,-1), (-1,-1)]
Turtle 2 :[(-2,-2), (8,44), (7,44), (6,44), (5,44), (4,44), (4,43), (-2,-2), (-2,-2), (-2,-2), (-2,-2)]
Turtle 3 :[(-3,-3), (9,26), (9,25), (9,24), (10,24), (10,24), (10,24), (10,23), (-3,-3), (-3,-3), (-3,-3)]
Turtle 4 :[(-4,-4), (35,19), (34,19), (33,19), (33,20), (32,20), (32,21), (-4,-4), (-4,-4), (-4,-4), (-4,-4)]
Turtle 5 :[(-5,-5), (10,25), (10,24), (10,24), (10,24), (11,24), (11,23), (11,22), (10,22), (10,21), (10,20)]

Shrinking Run 57
#Info# Executed steps before collision: 9, Found collision: false
Turtle 1 :[(-1,-1), (19,47), (18,47), (17,47), (16,47), (15,47), (14,47), (-1,-1), (-1,-1), (-1,-1)]
Turtle 2 :[(-2,-2), (8,44), (7,44), (6,44), (5,44), (4,44), (4,43), (-2,-2), (-2,-2), (-2,-2)]
Turtle 3 :[(-3,-3), (9,26), (9,25), (9,24), (10,24), (10,24), (10,23), (-3,-3), (-3,-3), (-3,-3)]
Turtle 4 :[(-4,-4), (35,19), (34,19), (34,20), (33,20), (32,20), (32,21), (-4,-4), (-4,-4), (-4,-4)]
Turtle 5 :[(-5,-5), (10,25), (10,24), (10,24), (11,24), (11,23), (11,22), (10,22), (10,21), (10,20)]

Shrinking Run 58
#Info# Executed steps before collision: 6, Found collision: true
Turtle 1 :[(-1,-1), (19,47), (18,47), (17,47), (16,47), (15,47), (14,47), (-1,-1), (-1,-1), (-1,-1)]
Turtle 2 :[(-2,-2), (8,44), (7,44), (6,44), (5,44), (4,44), (4,43), (-2,-2), (-2,-2), (-2,-2)]
Turtle 3 :[(-3,-3), (9,26), (9,25), (9,24), (10,24), (10,24), (10,23), (-3,-3), (-3,-3), (-3,-3)]
Turtle 4 :[(-4,-4), (35,19), (35,20), (34,20), (33,20), (32,20), (32,21), (-4,-4), (-4,-4), (-4,-4)]
Turtle 5 :[(-5,-5), (10,25), (10,24), (10,24), (11,24), (11,23), (10,23), (10,22), (10,21), (10,20)]

Shrinking Run 59
#Info# Executed steps before collision: 9, Found collision: false
Turtle 1 :[(-1,-1), (19,47), (18,47), (17,47), (16,47), (15,47), (14,47), (-1,-1), (-1,-1), (-1,-1)]
Turtle 2 :[(-2,-2), (8,44), (7,44), (6,44), (5,44), (4,44), (4,43), (-2,-2), (-2,-2), (-2,-2)]
Turtle 3 :[(-3,-3), (9,26), (9,25), (9,24), (10,24), (10,24), (10,23), (-3,-3), (-3,-3), (-3,-3)]
Turtle 4 :[(-4,-4), (35,19), (35,20), (34,20), (33,20), (32,20), (32,21), (-4,-4), (-4,-4), (-4,-4)]
Turtle 5 :[(-5,-5), (10,25), (10,26), (10,26), (10,26), (9,26), (9,26), (8,26), (8,27), (8,28)]

Shrinking Run 60
#Info# Executed steps before collision: 9, Found collision: false
Turtle 1 :[(-1,-1), (19,47), (18,47), (17,47), (16,47), (15,47), (14,47), (-1,-1), (-1,-1), (-1,-1)]
Turtle 2 :[(-2,-2), (8,44), (7,44), (6,44), (5,44), (4,44), (4,43), (-2,-2), (-2,-2), (-2,-2)]
Turtle 3 :[(-3,-3), (9,26), (9,25), (9,24), (10,24), (10,24), (10,23), (-3,-3), (-3,-3), (-3,-3)]
Turtle 4 :[(-4,-4), (35,19), (35,20), (34,20), (33,20), (32,20), (32,21), (-4,-4), (-4,-4), (-4,-4)]
Turtle 5 :[(-5,-5), (10,25), (10,26), (10,26), (10,26), (11,26), (11,26), (11,27), (11,28), (11,29)]

Shrinking Run 61
#Info# Executed steps before collision: 12, Found collision: false
Turtle 1 :[(-1,-1), (19,47), (18,47), (17,47), (16,47), (15,47), (14,47), (-1,-1), (-1,-1), (-1,-1), (-1,-1), (-1,-1), (-1,-1)]
Turtle 2 :[(-2,-2), (8,44), (7,44), (6,44), (5,44), (4,44), (4,43), (-2,-2), (-2,-2), (-2,-2), (-2,-2), (-2,-2), (-2,-2)]
Turtle 3 :[(-3,-3), (9,26), (9,25), (9,24), (9,24), (9,23), (9,22), (9,23), (10,23), (-3,-3), (-3,-3), (-3,-3), (-3,-3)]
Turtle 4 :[(-4,-4), (35,19), (35,20), (34,20), (33,20), (32,20), (32,21), (-4,-4), (-4,-4), (-4,-4), (-4,-4), (-4,-4), (-4,-4)]
Turtle 5 :[(-5,-5), (10,25), (10,24), (10,25), (10,24), (10,23), (10,23), (10,23), (10,24), (9,24), (8,24), (8,23), (8,22)]

Shrinking Run 62
#Info# Executed steps before collision: 7, Found collision: false
Turtle 1 :[(-1,-1), (19,47), (18,47), (17,47), (16,47), (15,47), (14,47), (-1,-1)]
Turtle 2 :[(-2,-2), (8,44), (7,44), (6,44), (5,44), (4,44), (4,43), (-2,-2)]
Turtle 3 :[(-3,-3), (9,26), (9,25), (9,24), (10,24), (10,24), (10,23), (-3,-3)]
Turtle 4 :[(-4,-4), (35,19), (35,20), (34,20), (33,20), (32,20), (32,21), (-4,-4)]
Turtle 5 :[(-5,-5), (10,25), (10,24), (10,24), (9,24), (9,23), (9,22), (9,21)]

Shrinking Run 63
#Info# Executed steps before collision: 6, Found collision: false
Turtle 1 :[(-1,-1), (19,47), (18,47), (17,47), (16,47), (15,47), (14,47)]
Turtle 2 :[(-2,-2), (8,44), (7,44), (6,44), (5,44), (4,44), (4,43)]
Turtle 3 :[(-3,-3), (9,26), (9,25), (9,24), (10,24), (10,24), (10,23)]
Turtle 4 :[(-4,-4), (35,19), (35,20), (34,20), (33,20), (32,20), (32,21)]
Turtle 5 :[(-5,-5), (10,25), (10,24), (10,23), (10,22), (10,21), (10,20)]

Shrinking Run 64
#Info# Executed steps before collision: 7, Found collision: false
Turtle 1 :[(-1,-1), (19,47), (18,47), (17,47), (16,47), (15,47), (14,47), (-1,-1)]
Turtle 2 :[(-2,-2), (8,44), (7,44), (6,44), (5,44), (4,44), (4,43), (-2,-2)]
Turtle 3 :[(-3,-3), (9,26), (9,25), (9,24), (10,24), (10,24), (10,23), (-3,-3)]
Turtle 4 :[(-4,-4), (35,19), (35,20), (34,20), (33,20), (32,20), (32,21), (-4,-4)]
Turtle 5 :[(-5,-5), (10,25), (10,24), (10,24), (10,23), (10,22), (10,21), (10,20)]

Shrinking Run 65
#Info# Executed steps before collision: 8, Found collision: false
Turtle 1 :[(-1,-1), (19,47), (18,47), (17,47), (16,47), (15,47), (14,47), (-1,-1), (-1,-1)]
Turtle 2 :[(-2,-2), (8,44), (7,44), (6,44), (5,44), (4,44), (4,43), (-2,-2), (-2,-2)]
Turtle 3 :[(-3,-3), (9,26), (9,25), (9,24), (10,24), (10,24), (10,23), (-3,-3), (-3,-3)]
Turtle 4 :[(-4,-4), (35,19), (35,20), (34,20), (33,20), (32,20), (32,21), (-4,-4), (-4,-4)]
Turtle 5 :[(-5,-5), (10,25), (10,24), (10,23), (10,23), (10,22), (10,22), (10,21), (10,20)]

Shrinking Run 66
#Info# Executed steps before collision: 8, Found collision: false
Turtle 1 :[(-1,-1), (19,47), (18,47), (17,47), (16,47), (15,47), (14,47), (-1,-1), (-1,-1)]
Turtle 2 :[(-2,-2), (8,44), (7,44), (6,44), (5,44), (4,44), (4,43), (-2,-2), (-2,-2)]
Turtle 3 :[(-3,-3), (9,26), (9,25), (9,24), (10,24), (10,24), (10,23), (-3,-3), (-3,-3)]
Turtle 4 :[(-4,-4), (35,19), (35,20), (34,20), (33,20), (32,20), (32,21), (-4,-4), (-4,-4)]
Turtle 5 :[(-5,-5), (10,25), (10,24), (10,24), (10,23), (10,22), (10,22), (10,21), (10,20)]

Shrinking Run 67
#Info# Executed steps before collision: 4, Found collision: true
Turtle 1 :[(-1,-1), (19,47), (18,47), (17,47), (16,47), (15,47), (14,47), (-1,-1), (-1,-1), (-1,-1), (-1,-1)]
Turtle 2 :[(-2,-2), (8,44), (7,44), (6,44), (5,44), (4,44), (4,44), (3,44), (-2,-2), (-2,-2), (-2,-2)]
Turtle 3 :[(-3,-3), (9,26), (9,25), (9,24), (10,24), (10,23), (-3,-3), (-3,-3), (-3,-3), (-3,-3), (-3,-3)]
Turtle 4 :[(-4,-4), (35,19), (35,20), (34,20), (33,20), (32,20), (32,21), (-4,-4), (-4,-4), (-4,-4), (-4,-4)]
Turtle 5 :[(-5,-5), (10,25), (10,24), (10,24), (10,24), (9,24), (9,23), (9,22), (9,21), (9,20), (10,20)]

Shrinking Run 68
#Info# Executed steps before collision: 8, Found collision: false
Turtle 1 :[(-1,-1), (19,47), (18,47), (17,47), (16,47), (15,47), (14,47), (-1,-1), (-1,-1)]
Turtle 2 :[(-2,-2), (8,44), (7,44), (6,44), (5,44), (4,44), (3,44), (-2,-2), (-2,-2)]
Turtle 3 :[(-3,-3), (9,26), (9,25), (9,24), (9,25), (10,25), (10,24), (10,23), (-3,-3)]
Turtle 4 :[(-4,-4), (35,19), (35,20), (34,20), (33,20), (32,20), (32,21), (-4,-4), (-4,-4)]
Turtle 5 :[(-5,-5), (10,25), (10,24), (11,24), (11,23), (11,22), (11,21), (10,21), (10,20)]

Shrinking Run 69
#Info# Executed steps before collision: 8, Found collision: false
Turtle 1 :[(-1,-1), (19,47), (18,47), (17,47), (16,47), (15,47), (14,47), (-1,-1), (-1,-1)]
Turtle 2 :[(-2,-2), (8,44), (7,44), (6,44), (5,44), (4,44), (4,44), (3,44), (-2,-2)]
Turtle 3 :[(-3,-3), (9,26), (8,26), (8,26), (8,25), (8,25), (7,25), (6,25), (5,25)]
Turtle 4 :[(-4,-4), (35,19), (35,20), (34,20), (33,20), (32,20), (32,21), (-4,-4), (-4,-4)]
Turtle 5 :[(-5,-5), (10,25), (10,24), (10,24), (10,24), (10,23), (10,22), (10,21), (10,20)]

Shrinking Run 70
#Info# Executed steps before collision: 8, Found collision: false
Turtle 1 :[(-1,-1), (19,47), (18,47), (17,47), (16,47), (15,47), (14,47), (-1,-1), (-1,-1)]
Turtle 2 :[(-2,-2), (8,44), (7,44), (6,44), (5,44), (4,44), (4,44), (3,44), (-2,-2)]
Turtle 3 :[(-3,-3), (9,26), (8,26), (8,26), (8,25), (8,25), (8,24), (7,24), (6,24)]
Turtle 4 :[(-4,-4), (35,19), (35,20), (34,20), (33,20), (32,20), (32,21), (-4,-4), (-4,-4)]
Turtle 5 :[(-5,-5), (10,25), (10,24), (10,24), (10,24), (10,23), (10,22), (10,21), (10,20)]

Shrinking Run 71
#Info# Executed steps before collision: 8, Found collision: false
Turtle 1 :[(-1,-1), (19,47), (18,47), (17,47), (16,47), (15,47), (14,47), (-1,-1), (-1,-1)]
Turtle 2 :[(-2,-2), (8,44), (7,44), (6,44), (5,44), (4,44), (4,44), (3,44), (-2,-2)]
Turtle 3 :[(-3,-3), (9,26), (8,26), (8,26), (8,25), (8,25), (8,24), (8,23), (-3,-3)]
Turtle 4 :[(-4,-4), (35,19), (35,20), (34,20), (33,20), (32,20), (32,21), (-4,-4), (-4,-4)]
Turtle 5 :[(-5,-5), (10,25), (10,24), (10,24), (10,24), (10,23), (10,22), (10,21), (10,20)]

Shrinking Run 72
#Info# Executed steps before collision: 8, Found collision: false
Turtle 1 :[(-1,-1), (19,47), (18,47), (17,47), (16,47), (15,47), (14,47), (-1,-1), (-1,-1)]
Turtle 2 :[(-2,-2), (8,44), (7,44), (6,44), (5,44), (4,44), (4,44), (3,44), (-2,-2)]
Turtle 3 :[(-3,-3), (9,26), (9,25), (9,25), (9,24), (9,24), (9,23), (-3,-3), (-3,-3)]
Turtle 4 :[(-4,-4), (35,19), (35,20), (34,20), (33,20), (32,20), (32,21), (-4,-4), (-4,-4)]
Turtle 5 :[(-5,-5), (10,25), (10,24), (10,24), (10,24), (10,23), (10,22), (10,21), (10,20)]

Shrinking Run 73
#Info# Executed steps before collision: 9, Found collision: false
Turtle 1 :[(-1,-1), (19,47), (18,47), (17,47), (16,47), (15,47), (14,47), (-1,-1), (-1,-1), (-1,-1)]
Turtle 2 :[(-2,-2), (8,44), (7,44), (6,44), (5,44), (4,44), (4,44), (3,44), (-2,-2), (-2,-2)]
Turtle 3 :[(-3,-3), (9,26), (9,25), (9,25), (9,25), (9,24), (9,24), (9,23), (10,23), (10,22)]
Turtle 4 :[(-4,-4), (35,19), (35,20), (34,20), (33,20), (32,20), (32,21), (-4,-4), (-4,-4), (-4,-4)]
Turtle 5 :[(-5,-5), (10,25), (10,24), (10,24), (10,24), (10,23), (10,22), (10,21), (10,20), (-5,-5)]

Shrinking Run 74
#Info# Executed steps before collision: 8, Found collision: false
Turtle 1 :[(-1,-1), (19,47), (18,47), (17,47), (16,47), (15,47), (14,47), (-1,-1), (-1,-1)]
Turtle 2 :[(-2,-2), (8,44), (7,44), (6,44), (5,44), (4,44), (4,44), (3,44), (-2,-2)]
Turtle 3 :[(-3,-3), (9,26), (9,25), (9,25), (10,25), (10,25), (10,24), (10,23), (-3,-3)]
Turtle 4 :[(-4,-4), (35,19), (35,20), (34,20), (33,20), (32,20), (32,21), (-4,-4), (-4,-4)]
Turtle 5 :[(-5,-5), (10,25), (10,24), (10,24), (10,24), (10,23), (10,22), (10,21), (10,20)]

Shrinking Run 75
#Info# Executed steps before collision: 9, Found collision: false
Turtle 1 :[(-1,-1), (19,47), (18,47), (17,47), (16,47), (15,47), (14,47), (-1,-1), (-1,-1), (-1,-1)]
Turtle 2 :[(-2,-2), (8,44), (7,44), (6,44), (5,44), (4,44), (4,44), (3,44), (-2,-2), (-2,-2)]
Turtle 3 :[(-3,-3), (9,26), (9,25), (9,24), (10,24), (10,23), (-3,-3), (-3,-3), (-3,-3), (-3,-3)]
Turtle 4 :[(-4,-4), (35,19), (35,20), (34,20), (33,20), (32,20), (32,21), (-4,-4), (-4,-4), (-4,-4)]
Turtle 5 :[(-5,-5), (10,25), (10,24), (10,24), (11,24), (11,23), (11,22), (10,22), (10,21), (10,20)]

Shrinking Run 76
#Info# Executed steps before collision: 7, Found collision: false
Turtle 1 :[(-1,-1), (19,47), (18,47), (17,47), (16,47), (15,47), (14,47), (-1,-1)]
Turtle 2 :[(-2,-2), (8,44), (7,44), (6,44), (5,44), (4,44), (4,44), (3,44)]
Turtle 3 :[(-3,-3), (9,26), (9,25), (10,25), (10,24), (10,24), (10,23), (-3,-3)]
Turtle 4 :[(-4,-4), (35,19), (35,20), (34,20), (33,20), (32,20), (32,21), (-4,-4)]
Turtle 5 :[(-5,-5), (10,25), (10,24), (10,24), (10,23), (10,22), (10,21), (10,20)]

Shrinking Run 77
#Info# Executed steps before collision: 11, Found collision: false
Turtle 1 :[(-1,-1), (19,47), (18,47), (17,47), (16,47), (15,47), (14,47), (-1,-1), (-1,-1), (-1,-1), (-1,-1), (-1,-1)]
Turtle 2 :[(-2,-2), (8,44), (7,44), (6,44), (5,44), (4,44), (4,44), (3,44), (-2,-2), (-2,-2), (-2,-2), (-2,-2)]
Turtle 3 :[(-3,-3), (9,26), (9,25), (9,24), (10,24), (10,24), (10,23), (-3,-3), (-3,-3), (-3,-3), (-3,-3), (-3,-3)]
Turtle 4 :[(-4,-4), (35,19), (34,19), (34,18), (34,17), (34,16), (34,15), (-4,-4), (-4,-4), (-4,-4), (-4,-4), (-4,-4)]
Turtle 5 :[(-5,-5), (10,25), (10,24), (10,24), (10,25), (10,26), (10,25), (10,24), (10,23), (10,22), (10,21), (10,20)]

Shrinking Run 78
#Info# Executed steps before collision: 7, Found collision: false
Turtle 1 :[(-1,-1), (19,47), (18,47), (17,47), (16,47), (15,47), (14,47), (-1,-1)]
Turtle 2 :[(-2,-2), (8,44), (7,44), (6,44), (5,44), (4,44), (4,44), (3,44)]
Turtle 3 :[(-3,-3), (9,26), (9,25), (9,24), (10,24), (10,24), (10,23), (-3,-3)]
Turtle 4 :[(-4,-4), (35,19), (34,19), (34,18), (34,17), (33,17), (33,16), (-4,-4)]
Turtle 5 :[(-5,-5), (10,25), (10,24), (10,24), (10,23), (10,22), (10,21), (10,20)]

Shrinking Run 79
#Info# Executed steps before collision: 9, Found collision: false
Turtle 1 :[(-1,-1), (19,47), (18,47), (17,47), (16,47), (15,47), (14,47), (-1,-1), (-1,-1), (-1,-1)]
Turtle 2 :[(-2,-2), (8,44), (7,44), (6,44), (5,44), (4,44), (4,44), (3,44), (-2,-2), (-2,-2)]
Turtle 3 :[(-3,-3), (9,26), (9,25), (9,24), (10,24), (10,24), (10,23), (-3,-3), (-3,-3), (-3,-3)]
Turtle 4 :[(-4,-4), (35,19), (34,19), (33,19), (33,20), (32,20), (31,20), (-4,-4), (-4,-4), (-4,-4)]
Turtle 5 :[(-5,-5), (10,25), (10,24), (10,24), (11,24), (11,23), (11,22), (11,21), (10,21), (10,20)]

Shrinking Run 80
#Info# Executed steps before collision: 9, Found collision: false
Turtle 1 :[(-1,-1), (19,47), (18,47), (17,47), (16,47), (15,47), (14,47), (-1,-1), (-1,-1), (-1,-1)]
Turtle 2 :[(-2,-2), (8,44), (7,44), (6,44), (5,44), (4,44), (4,44), (3,44), (-2,-2), (-2,-2)]
Turtle 3 :[(-3,-3), (9,26), (9,25), (9,24), (10,24), (10,24), (10,23), (-3,-3), (-3,-3), (-3,-3)]
Turtle 4 :[(-4,-4), (35,19), (34,19), (34,20), (33,20), (32,20), (32,21), (-4,-4), (-4,-4), (-4,-4)]
Turtle 5 :[(-5,-5), (10,25), (10,24), (10,24), (11,24), (11,23), (11,22), (11,21), (10,21), (10,20)]

Shrinking Run 81
#Info# Executed steps before collision: 9, Found collision: false
Turtle 1 :[(-1,-1), (19,47), (18,47), (17,47), (16,47), (15,47), (14,47), (-1,-1), (-1,-1), (-1,-1)]
Turtle 2 :[(-2,-2), (8,44), (7,44), (6,44), (5,44), (4,44), (4,44), (3,44), (-2,-2), (-2,-2)]
Turtle 3 :[(-3,-3), (9,26), (9,25), (9,24), (10,24), (10,24), (10,23), (-3,-3), (-3,-3), (-3,-3)]
Turtle 4 :[(-4,-4), (35,19), (35,20), (34,20), (33,20), (32,20), (32,21), (-4,-4), (-4,-4), (-4,-4)]
Turtle 5 :[(-5,-5), (10,25), (10,26), (10,26), (10,26), (9,26), (9,26), (8,26), (8,27), (8,28)]

Shrinking Run 82
#Info# Executed steps before collision: 7, Found collision: false
Turtle 1 :[(-1,-1), (19,47), (18,47), (17,47), (16,47), (15,47), (14,47), (-1,-1)]
Turtle 2 :[(-2,-2), (8,44), (7,44), (6,44), (5,44), (4,44), (4,44), (3,44)]
Turtle 3 :[(-3,-3), (9,26), (9,25), (9,24), (10,24), (10,24), (10,23), (-3,-3)]
Turtle 4 :[(-4,-4), (35,19), (35,20), (34,20), (33,20), (32,20), (32,21), (-4,-4)]
Turtle 5 :[(-5,-5), (10,25), (10,26), (10,27), (10,28), (11,28), (11,29), (-5,-5)]

Shrinking Run 83
#Info# Executed steps before collision: 8, Found collision: false
Turtle 1 :[(-1,-1), (19,47), (18,47), (17,47), (16,47), (15,47), (14,47), (-1,-1), (-1,-1)]
Turtle 2 :[(-2,-2), (8,44), (7,44), (6,44), (5,44), (4,44), (4,44), (3,44), (-2,-2)]
Turtle 3 :[(-3,-3), (9,26), (9,25), (9,24), (10,24), (10,24), (10,23), (-3,-3), (-3,-3)]
Turtle 4 :[(-4,-4), (35,19), (35,20), (34,20), (33,20), (32,20), (32,21), (-4,-4), (-4,-4)]
Turtle 5 :[(-5,-5), (10,25), (10,24), (10,25), (9,25), (8,25), (8,24), (8,23), (8,22)]

Shrinking Run 84
#Info# Executed steps before collision: 7, Found collision: false
Turtle 1 :[(-1,-1), (19,47), (18,47), (17,47), (16,47), (15,47), (14,47), (-1,-1)]
Turtle 2 :[(-2,-2), (8,44), (7,44), (6,44), (5,44), (4,44), (4,44), (3,44)]
Turtle 3 :[(-3,-3), (9,26), (9,25), (9,24), (10,24), (10,24), (10,23), (-3,-3)]
Turtle 4 :[(-4,-4), (35,19), (35,20), (34,20), (33,20), (32,20), (32,21), (-4,-4)]
Turtle 5 :[(-5,-5), (10,25), (10,24), (10,24), (9,24), (9,23), (9,22), (9,21)]

Shrinking Run 85
#Info# Executed steps before collision: 7, Found collision: false
Turtle 1 :[(-1,-1), (19,47), (18,47), (17,47), (16,47), (15,47), (14,47), (-1,-1)]
Turtle 2 :[(-2,-2), (8,44), (7,44), (6,44), (5,44), (4,44), (4,44), (3,44)]
Turtle 3 :[(-3,-3), (9,26), (9,25), (9,24), (10,24), (10,24), (10,23), (-3,-3)]
Turtle 4 :[(-4,-4), (35,19), (35,20), (34,20), (33,20), (32,20), (32,21), (-4,-4)]
Turtle 5 :[(-5,-5), (10,25), (10,24), (10,23), (10,22), (10,21), (10,20), (-5,-5)]

Shrinking Run 86
#Info# Executed steps before collision: 7, Found collision: false
Turtle 1 :[(-1,-1), (19,47), (18,47), (17,47), (16,47), (15,47), (14,47), (-1,-1)]
Turtle 2 :[(-2,-2), (8,44), (7,44), (6,44), (5,44), (4,44), (4,44), (3,44)]
Turtle 3 :[(-3,-3), (9,26), (9,25), (9,24), (10,24), (10,24), (10,23), (-3,-3)]
Turtle 4 :[(-4,-4), (35,19), (35,20), (34,20), (33,20), (32,20), (32,21), (-4,-4)]
Turtle 5 :[(-5,-5), (10,25), (10,24), (10,24), (10,23), (10,22), (10,21), (10,20)]

Shrinking Run 87
#Info# Executed steps before collision: 8, Found collision: false
Turtle 1 :[(-1,-1), (19,47), (18,47), (17,47), (16,47), (15,47), (14,47), (-1,-1), (-1,-1)]
Turtle 2 :[(-2,-2), (8,44), (7,44), (6,44), (5,44), (4,44), (4,44), (3,44), (-2,-2)]
Turtle 3 :[(-3,-3), (9,26), (9,25), (9,24), (10,24), (10,24), (10,23), (-3,-3), (-3,-3)]
Turtle 4 :[(-4,-4), (35,19), (35,20), (34,20), (33,20), (32,20), (32,21), (-4,-4), (-4,-4)]
Turtle 5 :[(-5,-5), (10,25), (10,24), (10,23), (10,23), (10,22), (10,22), (10,21), (10,20)]

Shrink Run 88
#Info# Executed steps before collision: 8, Found collision: false
Turtle 1 :[(-1,-1), (19,47), (18,47), (17,47), (16,47), (15,47), (14,47), (-1,-1), (-1,-1)]
Turtle 2 :[(-2,-2), (8,44), (7,44), (6,44), (5,44), (4,44), (4,44), (3,44), (-2,-2)]
Turtle 3 :[(-3,-3), (9,26), (9,25), (9,24), (10,24), (10,24), (10,23), (-3,-3), (-3,-3)]
Turtle 4 :[(-4,-4), (35,19), (35,20), (34,20), (33,20), (32,20), (32,21), (-4,-4), (-4,-4)]
Turtle 5 :[(-5,-5), (10,25), (10,24), (10,24), (10,23), (10,22), (10,22), (10,21), (10,20)]

