Detection Run 1
#Info# Executed steps before collision: 6, Found collision: false
Turtle 1 :[(-1,-1), (12,45), (12,46), (12,47), (13,47), (14,47), (15,47)]
Turtle 2 :[(-2,-2), (25,41), (25,42), (25,41), (25,40), (25,39), (25,38)]
Turtle 3 :[(-3,-3), (36,5), (36,4), (36,3), (37,3), (37,2), (-3,-3)]
Turtle 4 :[(-4,-4), (13,23), (12,23), (12,22), (12,21), (12,20), (11,20)]
Turtle 5 :[(-5,-5), (8,20), (8,21), (8,22), (8,23), (9,23), (-5,-5)]

Detection Run 2
#Info# Executed steps before collision: 6, Found collision: false
Turtle 1 :[(-1,-1), (15,39), (16,39), (16,40), (17,40), (17,41), (18,41)]
Turtle 2 :[(-2,-2), (34,35), (33,35), (33,36), (33,37), (32,37), (-2,-2)]
Turtle 3 :[(-3,-3), (31,36), (31,37), (31,38), (31,39), (-3,-3), (-3,-3)]
Turtle 4 :[(-4,-4), (27,12), (27,11), (28,11), (29,11), (30,11), (31,11)]
Turtle 5 :[(-5,-5), (43,45), (43,44), (43,43), (43,42), (43,41), (44,41)]

Detection Run 3
#Info# Executed steps before collision: 6, Found collision: false
Turtle 1 :[(-1,-1), (25,19), (25,20), (24,20), (-1,-1), (-1,-1), (-1,-1)]
Turtle 2 :[(-2,-2), (40,12), (39,12), (39,11), (38,11), (38,10), (37,10)]
Turtle 3 :[(-3,-3), (33,29), (32,29), (32,28), (31,28), (30,28), (29,28)]
Turtle 4 :[(-4,-4), (25,14), (24,14), (23,14), (22,14), (21,14), (21,13)]
Turtle 5 :[(-5,-5), (1,5), (0,5), (0,4), (-5,-5), (-5,-5), (-5,-5)]

Detection Run 4
#Info# Executed steps before collision: 6, Found collision: false
Turtle 1 :[(-1,-1), (18,12), (18,13), (18,14), (18,15), (-1,-1), (-1,-1)]
Turtle 2 :[(-2,-2), (38,15), (37,15), (36,15), (36,16), (36,17), (36,18)]
Turtle 3 :[(-3,-3), (36,19), (36,20), (37,20), (37,21), (38,21), (38,22)]
Turtle 4 :[(-4,-4), (29,36), (29,37), (29,38), (30,38), (30,39), (30,40)]
Turtle 5 :[(-5,-5), (42,29), (42,28), (42,27), (41,27), (40,27), (40,26)]

Detection Run 5
#Info# Executed steps before collision: 6, Found collision: false
Turtle 1 :[(-1,-1), (27,41), (27,40), (27,41), (27,42), (28,42), (-1,-1)]
Turtle 2 :[(-2,-2), (17,43), (17,44), (17,45), (16,45), (17,45), (17,46)]
Turtle 3 :[(-3,-3), (30,46), (30,47), (30,48), (30,49), (31,49), (32,49)]
Turtle 4 :[(-4,-4), (23,44), (24,44), (24,43), (24,44), (24,43), (25,43)]
Turtle 5 :[(-5,-5), (15,40), (15,41), (14,41), (13,41), (12,41), (11,41)]

Detection Run 6
#Info# Executed steps before collision: 8, Found collision: false
Turtle 1 :[(-1,-1), (32,8), (32,9), (32,10), (33,10), (33,11), (-1,-1), (-1,-1), (-1,-1)]
Turtle 2 :[(-2,-2), (26,9), (26,10), (26,11), (-2,-2), (-2,-2), (-2,-2), (-2,-2), (-2,-2)]
Turtle 3 :[(-3,-3), (6,7), (6,8), (6,7), (5,7), (-3,-3), (-3,-3), (-3,-3), (-3,-3)]
Turtle 4 :[(-4,-4), (40,36), (39,36), (39,35), (39,34), (-4,-4), (-4,-4), (-4,-4), (-4,-4)]
Turtle 5 :[(-5,-5), (-5,-5), (-5,-5), (40,36), (40,35), (40,34), (39,34), (38,34), (38,33)]

Detection Run 7
#Info# Executed steps before collision: 6, Found collision: false
Turtle 1 :[(-1,-1), (12,14), (11,14), (11,13), (11,12), (10,12), (10,11)]
Turtle 2 :[(-2,-2), (8,36), (9,36), (8,36), (9,36), (9,37), (9,38)]
Turtle 3 :[(-3,-3), (5,27), (6,27), (6,28), (6,29), (6,30), (6,31)]
Turtle 4 :[(-4,-4), (10,31), (10,32), (9,32), (8,32), (8,33), (7,33)]
Turtle 5 :[(-5,-5), (12,16), (13,16), (13,15), (13,14), (14,14), (15,14)]

Detection Run 8
#Info# Executed steps before collision: 8, Found collision: false
Turtle 1 :[(-1,-1), (44,25), (44,26), (44,27), (45,27), (45,28), (45,29), (-1,-1), (-1,-1)]
Turtle 2 :[(-2,-2), (8,46), (8,45), (9,45), (9,44), (9,43), (-2,-2), (-2,-2), (-2,-2)]
Turtle 3 :[(-3,-3), (38,26), (38,26), (38,26), (37,26), (38,26), (38,26), (39,26), (-3,-3)]
Turtle 4 :[(-4,-4), (7,28), (7,28), (7,28), (7,28), (6,28), (6,27), (5,27), (5,26)]
Turtle 5 :[(-5,-5), (41,34), (41,33), (41,32), (41,31), (41,30), (41,29), (-5,-5), (-5,-5)]

Detection Run 9
#Info# Executed steps before collision: 8, Found collision: false
Turtle 1 :[(-1,-1), (5,41), (6,41), (6,41), (7,41), (7,42), (8,42), (8,42), (8,43)]
Turtle 2 :[(-2,-2), (39,11), (39,11), (39,10), (39,9), (39,8), (40,8), (41,8), (-2,-2)]
Turtle 3 :[(-3,-3), (47,8), (46,8), (45,8), (45,9), (44,9), (43,9), (-3,-3), (-3,-3)]
Turtle 4 :[(-4,-4), (29,40), (29,41), (29,42), (29,43), (28,43), (28,44), (-4,-4), (-4,-4)]
Turtle 5 :[(-5,-5), (30,40), (31,40), (31,39), (31,38), (31,37), (31,36), (-5,-5), (-5,-5)]

Detection Run 10
#Info# Executed steps before collision: 7, Found collision: false
Turtle 1 :[(-1,-1), (15,25), (15,24), (15,23), (15,22), (15,21), (15,20), (-1,-1)]
Turtle 2 :[(-2,-2), (41,11), (41,11), (42,11), (42,12), (43,12), (44,12), (44,13)]
Turtle 3 :[(-3,-3), (6,20), (5,20), (5,19), (4,19), (4,18), (4,17), (-3,-3)]
Turtle 4 :[(-4,-4), (6,12), (6,12), (5,12), (5,13), (4,13), (4,14), (3,14)]
Turtle 5 :[(-5,-5), (28,10), (27,10), (27,11), (26,11), (26,12), (25,12), (-5,-5)]

Detection Run 11
#Info# Executed steps before collision: 7, Found collision: false
Turtle 1 :[(-1,-1), (43,39), (43,38), (43,37), (42,37), (42,36), (42,35), (-1,-1)]
Turtle 2 :[(-2,-2), (38,6), (38,5), (38,4), (39,4), (39,3), (40,3), (-2,-2)]
Turtle 3 :[(-3,-3), (38,38), (38,39), (39,39), (39,40), (39,41), (39,42), (-3,-3)]
Turtle 4 :[(-4,-4), (10,0), (10,1), (10,2), (10,2), (11,2), (12,2), (12,3)]
Turtle 5 :[(-5,-5), (36,4), (36,3), (36,2), (35,2), (35,1), (-5,-5), (-5,-5)]

Detection Run 12
#Info# Executed steps before collision: 8, Found collision: false
Turtle 1 :[(-1,-1), (39,30), (39,30), (40,30), (-1,-1), (-1,-1), (-1,-1), (-1,-1), (-1,-1)]
Turtle 2 :[(-2,-2), (37,22), (37,21), (36,21), (36,20), (36,19), (35,19), (-2,-2), (-2,-2)]
Turtle 3 :[(-3,-3), (18,27), (18,28), (18,29), (18,30), (19,30), (-3,-3), (-3,-3), (-3,-3)]
Turtle 4 :[(-4,-4), (48,18), (48,19), (48,19), (48,19), (48,20), (48,21), (48,22), (48,23)]
Turtle 5 :[(-5,-5), (21,25), (20,25), (20,24), (19,24), (18,24), (17,24), (-5,-5), (-5,-5)]

Detection Run 13
#Info# Executed steps before collision: 7, Found collision: false
Turtle 1 :[(-1,-1), (16,32), (15,32), (15,31), (15,30), (14,30), (-1,-1), (-1,-1)]
Turtle 2 :[(-2,-2), (38,25), (38,24), (38,23), (37,23), (37,22), (37,21), (-2,-2)]
Turtle 3 :[(-3,-3), (11,16), (11,15), (11,15), (12,15), (13,15), (13,14), (13,13)]
Turtle 4 :[(-4,-4), (14,26), (14,25), (13,25), (13,25), (13,24), (-4,-4), (-4,-4)]
Turtle 5 :[(-5,-5), (47,38), (47,39), (47,40), (48,40), (48,41), (49,41), (-5,-5)]

Detection Run 14
#Info# Executed steps before collision: 7, Found collision: false
Turtle 1 :[(-1,-1), (8,35), (8,34), (-1,-1), (-1,-1), (-1,-1), (-1,-1), (-1,-1)]
Turtle 2 :[(-2,-2), (9,36), (9,35), (9,35), (9,34), (-2,-2), (-2,-2), (-2,-2)]
Turtle 3 :[(-3,-3), (0,16), (0,15), (0,14), (-3,-3), (-3,-3), (-3,-3), (-3,-3)]
Turtle 4 :[(-4,-4), (13,23), (13,22), (13,21), (13,20), (14,20), (-4,-4), (-4,-4)]
Turtle 5 :[(-5,-5), (15,29), (14,29), (14,29), (13,29), (12,29), (12,28), (11,28)]

Detection Run 15
#Info# Executed steps before collision: 8, Found collision: false
Turtle 1 :[(-1,-1), (42,5), (42,4), (42,5), (43,5), (-1,-1), (-1,-1), (-1,-1), (-1,-1)]
Turtle 2 :[(-2,-2), (38,27), (39,27), (40,27), (40,28), (41,28), (42,28), (-2,-2), (-2,-2)]
Turtle 3 :[(-3,-3), (44,17), (45,17), (46,17), (46,16), (46,15), (46,14), (-3,-3), (-3,-3)]
Turtle 4 :[(-4,-4), (0,21), (0,21), (0,20), (0,19), (1,19), (1,18), (1,18), (2,18)]
Turtle 5 :[(-5,-5), (45,29), (45,30), (46,30), (46,31), (47,31), (-5,-5), (-5,-5), (-5,-5)]

Detection Run 16
#Info# Executed steps before collision: 6, Found collision: false
Turtle 1 :[(-1,-1), (43,17), (43,18), (44,18), (45,18), (46,18), (47,18)]
Turtle 2 :[(-2,-2), (4,14), (4,13), (3,13), (3,12), (3,11), (3,10)]
Turtle 3 :[(-3,-3), (45,6), (45,5), (45,4), (45,3), (44,3), (44,2)]
Turtle 4 :[(-4,-4), (48,28), (49,28), (49,29), (49,29), (49,30), (-4,-4)]
Turtle 5 :[(-5,-5), (48,17), (48,16), (48,15), (49,15), (49,15), (-5,-5)]

Detection Run 17
#Info# Executed steps before collision: 7, Found collision: false
Turtle 1 :[(-1,-1), (37,47), (36,47), (36,48), (36,49), (35,49), (35,49), (-1,-1)]
Turtle 2 :[(-2,-2), (39,47), (39,46), (39,45), (40,45), (-2,-2), (-2,-2), (-2,-2)]
Turtle 3 :[(-3,-3), (33,28), (33,29), (32,29), (32,30), (32,31), (32,31), (31,31)]
Turtle 4 :[(-4,-4), (47,37), (46,37), (-4,-4), (-4,-4), (-4,-4), (-4,-4), (-4,-4)]
Turtle 5 :[(-5,-5), (34,39), (34,38), (33,38), (33,37), (33,36), (33,35), (-5,-5)]

Detection Run 18
#Info# Executed steps before collision: 8, Found collision: false
Turtle 1 :[(-1,-1), (21,19), (21,18), (20,18), (20,17), (20,16), (20,15), (-1,-1), (-1,-1)]
Turtle 2 :[(-2,-2), (34,45), (34,45), (33,45), (33,44), (33,43), (33,43), (32,43), (31,43)]
Turtle 3 :[(-3,-3), (48,15), (49,15), (49,15), (49,16), (49,17), (49,18), (-3,-3), (-3,-3)]
Turtle 4 :[(-4,-4), (34,43), (34,42), (33,42), (32,42), (32,41), (32,40), (-4,-4), (-4,-4)]
Turtle 5 :[(-5,-5), (23,47), (24,47), (24,48), (24,48), (24,49), (24,49), (-5,-5), (-5,-5)]

Detection Run 19
#Info# Executed steps before collision: 7, Found collision: false
Turtle 1 :[(-1,-1), (33,4), (34,4), (35,4), (36,4), (37,4), (38,4), (-1,-1)]
Turtle 2 :[(-2,-2), (36,9), (37,9), (38,9), (38,8), (38,7), (39,7), (-2,-2)]
Turtle 3 :[(-3,-3), (11,1), (10,1), (10,1), (10,2), (9,2), (9,3), (8,3)]
Turtle 4 :[(-4,-4), (13,13), (13,14), (13,15), (12,15), (12,16), (-4,-4), (-4,-4)]
Turtle 5 :[(-5,-5), (31,40), (31,39), (30,39), (29,39), (28,39), (27,39), (-5,-5)]

Detection Run 20
#Info# Executed steps before collision: 10, Found collision: false
Turtle 1 :[(-1,-1), (33,5), (32,5), (31,5), (30,5), (30,4), (29,4), (-1,-1), (-1,-1), (-1,-1), (-1,-1)]
Turtle 2 :[(-2,-2), (35,8), (36,8), (37,8), (36,8), (37,8), (38,8), (-2,-2), (-2,-2), (-2,-2), (-2,-2)]
Turtle 3 :[(-3,-3), (22,22), (22,23), (21,23), (21,24), (20,24), (20,25), (-3,-3), (-3,-3), (-3,-3), (-3,-3)]
Turtle 4 :[(-4,-4), (15,22), (15,21), (15,21), (16,21), (17,21), (17,21), (17,20), (18,20), (-4,-4), (-4,-4)]
Turtle 5 :[(-5,-5), (18,0), (18,0), (18,0), (17,0), (16,0), (16,1), (16,1), (16,2), (16,2), (15,2)]

Detection Run 21
#Info# Executed steps before collision: 7, Found collision: false
Turtle 1 :[(-1,-1), (15,25), (14,25), (13,25), (13,24), (12,24), (12,23), (-1,-1)]
Turtle 2 :[(-2,-2), (6,39), (6,39), (5,39), (5,40), (5,41), (5,41), (5,42)]
Turtle 3 :[(-3,-3), (30,42), (29,42), (29,42), (28,42), (28,41), (-3,-3), (-3,-3)]
Turtle 4 :[(-4,-4), (21,49), (20,49), (19,49), (18,49), (-4,-4), (-4,-4), (-4,-4)]
Turtle 5 :[(-5,-5), (32,40), (32,39), (31,39), (31,38), (31,37), (-5,-5), (-5,-5)]

Detection Run 22
#Info# Executed steps before collision: 8, Found collision: false
Turtle 1 :[(-1,-1), (38,11), (37,11), (36,11), (36,10), (36,9), (36,9), (35,9), (-1,-1)]
Turtle 2 :[(-2,-2), (37,45), (37,46), (37,46), (37,46), (37,47), (37,48), (38,48), (38,49)]
Turtle 3 :[(-3,-3), (36,8), (35,8), (35,9), (35,9), (35,10), (34,10), (33,10), (-3,-3)]
Turtle 4 :[(-4,-4), (48,27), (48,28), (48,29), (48,30), (48,31), (-4,-4), (-4,-4), (-4,-4)]
Turtle 5 :[(-5,-5), (38,6), (39,6), (39,7), (40,7), (40,8), (-5,-5), (-5,-5), (-5,-5)]

Detection Run 23
#Info# Executed steps before collision: 9, Found collision: false
Turtle 1 :[(-1,-1), (13,18), (13,18), (13,17), (13,18), (13,17), (13,17), (13,16), (-1,-1), (-1,-1)]
Turtle 2 :[(-2,-2), (14,23), (14,23), (15,23), (15,24), (15,24), (15,24), (16,24), (16,24), (17,24)]
Turtle 3 :[(-3,-3), (40,36), (41,36), (41,36), (41,35), (-3,-3), (-3,-3), (-3,-3), (-3,-3), (-3,-3)]
Turtle 4 :[(-4,-4), (33,18), (33,17), (32,17), (32,16), (31,16), (30,16), (-4,-4), (-4,-4), (-4,-4)]
Turtle 5 :[(-5,-5), (0,44), (1,44), (2,44), (3,44), (4,44), (5,44), (-5,-5), (-5,-5), (-5,-5)]

Detection Run 24
#Info# Executed steps before collision: 11, Found collision: false
Turtle 1 :[(-1,-1), (35,28), (34,28), (34,29), (33,29), (33,30), (32,30), (-1,-1), (-1,-1), (-1,-1), (-1,-1), (-1,-1)]
Turtle 2 :[(-2,-2), (8,10), (8,10), (8,10), (8,10), (8,10), (8,11), (7,11), (7,11), (6,11), (6,12), (5,12)]
Turtle 3 :[(-3,-3), (40,44), (40,43), (39,43), (38,43), (37,43), (37,43), (37,42), (-3,-3), (-3,-3), (-3,-3), (-3,-3)]
Turtle 4 :[(-4,-4), (35,12), (35,12), (35,12), (36,12), (36,12), (36,11), (37,11), (37,10), (37,9), (-4,-4), (-4,-4)]
Turtle 5 :[(-5,-5), (43,40), (43,40), (43,39), (43,39), (43,40), (43,40), (43,40), (43,39), (-5,-5), (-5,-5), (-5,-5)]

Detection Run 25
#Info# Executed steps before collision: 9, Found collision: false
Turtle 1 :[(-1,-1), (30,7), (31,7), (31,8), (31,9), (32,9), (33,9), (-1,-1), (-1,-1), (-1,-1)]
Turtle 2 :[(-2,-2), (27,2), (28,2), (29,2), (29,2), (29,1), (30,1), (31,1), (-2,-2), (-2,-2)]
Turtle 3 :[(-3,-3), (40,26), (41,26), (41,25), (42,25), (42,24), (43,24), (-3,-3), (-3,-3), (-3,-3)]
Turtle 4 :[(-4,-4), (48,29), (48,29), (48,29), (48,30), (48,31), (48,31), (49,31), (49,31), (49,31)]
Turtle 5 :[(-5,-5), (31,6), (31,5), (31,5), (31,5), (30,5), (30,4), (29,4), (28,4), (-5,-5)]

Fault Detection Run 26
#Info# Executed steps before collision: 4, Found collision: true
Turtle 1 :[(-1,-1), (24,39), (24,39), (25,39), (25,38), (26,38), (26,37), (27,37)]
Turtle 2 :[(-2,-2), (36,45), (35,45), (35,44), (36,44), (35,44), (-2,-2), (-2,-2)]
Turtle 3 :[(-3,-3), (31,21), (31,20), (31,19), (30,19), (-3,-3), (-3,-3), (-3,-3)]
Turtle 4 :[(-4,-4), (30,22), (30,21), (30,20), (30,19), (31,19), (-4,-4), (-4,-4)]
Turtle 5 :[(-5,-5), (30,49), (30,49), (29,49), (28,49), (27,49), (26,49), (-5,-5)]

