Detection Run 1
#Info# Executed steps before collision: 8, Found collision: false
Turtle 1 :[(-1,-1), (12,7), (12,8), (11,8), (-1,-1), (-1,-1), (-1,-1), (-1,-1), (-1,-1)]
Turtle 2 :[(-2,-2), (10,0), (11,0), (12,0), (13,0), (-2,-2), (-2,-2), (-2,-2), (-2,-2)]
Turtle 3 :[(-3,-3), (5,6), (5,5), (4,5), (4,4), (3,4), (3,3), (-3,-3), (-3,-3)]
Turtle 4 :[(-4,-4), (3,6), (3,5), (2,5), (3,5), (4,5), (5,5), (5,4), (6,4)]
Turtle 5 :[(-5,-5), (14,10), (14,11), (13,11), (13,12), (12,12), (11,12), (-5,-5), (-5,-5)]

Detection Run 2
#Info# Executed steps before collision: 8, Found collision: false
Turtle 1 :[(-1,-1), (0,13), (0,12), (0,11), (0,10), (0,11), (1,11), (1,10), (1,9)]
Turtle 2 :[(-2,-2), (9,5), (8,5), (-2,-2), (-2,-2), (-2,-2), (-2,-2), (-2,-2), (-2,-2)]
Turtle 3 :[(-3,-3), (3,8), (2,8), (1,8), (0,8), (0,9), (-3,-3), (-3,-3), (-3,-3)]
Turtle 4 :[(-4,-4), (6,1), (6,2), (6,3), (6,4), (-4,-4), (-4,-4), (-4,-4), (-4,-4)]
Turtle 5 :[(-5,-5), (5,6), (4,6), (4,5), (4,4), (4,3), (-5,-5), (-5,-5), (-5,-5)]

Detection Run 3
#Info# Executed steps before collision: 6, Found collision: false
Turtle 1 :[(-1,-1), (13,2), (13,1), (12,1), (11,1), (11,0), (-1,-1)]
Turtle 2 :[(-2,-2), (5,10), (4,10), (3,10), (2,10), (1,10), (1,9)]
Turtle 3 :[(-3,-3), (5,11), (6,11), (6,12), (6,13), (7,13), (8,13)]
Turtle 4 :[(-4,-4), (2,7), (2,6), (3,6), (4,6), (4,5), (4,4)]
Turtle 5 :[(-5,-5), (9,13), (10,13), (10,12), (10,11), (11,11), (-5,-5)]

Detection Run 4
#Info# Executed steps before collision: 6, Found collision: false
Turtle 1 :[(-1,-1), (1,4), (1,3), (1,2), (1,1), (0,1), (-1,-1)]
Turtle 2 :[(-2,-2), (13,12), (14,12), (14,11), (14,11), (-2,-2), (-2,-2)]
Turtle 3 :[(-3,-3), (3,4), (4,4), (5,4), (6,4), (7,4), (8,4)]
Turtle 4 :[(-4,-4), (10,6), (11,6), (12,6), (13,6), (13,7), (-4,-4)]
Turtle 5 :[(-5,-5), (0,13), (0,12), (0,13), (0,14), (0,14), (-5,-5)]

Detection Run 5
#Info# Executed steps before collision: 6, Found collision: false
Turtle 1 :[(-1,-1), (8,10), (8,11), (9,11), (9,12), (10,12), (11,12)]
Turtle 2 :[(-2,-2), (0,1), (0,0), (-2,-2), (-2,-2), (-2,-2), (-2,-2)]
Turtle 3 :[(-3,-3), (10,8), (10,7), (9,7), (8,7), (7,7), (6,7)]
Turtle 4 :[(-4,-4), (7,7), (7,8), (6,8), (5,8), (6,8), (5,8)]
Turtle 5 :[(-5,-5), (0,9), (1,9), (1,8), (2,8), (2,7), (3,7)]

Fault Detection Run 6
#Info# Executed steps before collision: 6, Found collision: true
Turtle 1 :[(-1,-1), (11,1), (11,2), (11,3), (11,4), (11,5), (-1,-1), (-1,-1), (-1,-1), (-1,-1), (-1,-1)]
Turtle 2 :[(-2,-2), (6,9), (6,8), (6,7), (6,6), (7,6), (-2,-2), (-2,-2), (-2,-2), (-2,-2), (-2,-2)]
Turtle 3 :[(-3,-3), (9,5), (9,4), (10,4), (10,3), (11,3), (11,2), (-3,-3), (-3,-3), (-3,-3), (-3,-3)]
Turtle 4 :[(-4,-4), (-4,-4), (-4,-4), (11,1), (11,2), (11,1), (11,2), (11,3), (12,3), (12,4), (12,5)]
Turtle 5 :[(-5,-5), (12,12), (12,11), (13,11), (13,10), (14,10), (14,9), (-5,-5), (-5,-5), (-5,-5), (-5,-5)]

