Shrinking Run 1
#Info# Executed steps before collision: 8, Found collision: false
Turtle 1 :[(-1,-1), (42,28), (41,28), (40,28), (40,28), (40,27), (39,27), (38,27), (-1,-1)]
Turtle 2 :[(-2,-2), (22,26), (22,25), (22,24), (21,24), (20,24), (20,23), (-2,-2), (-2,-2)]
Turtle 3 :[(-3,-3), (3,24), (3,25), (3,25), (3,26), (3,27), (3,27), (3,28), (3,29)]
Turtle 4 :[(-4,-4), (33,26), (33,27), (33,28), (33,28), (33,29), (33,30), (32,30), (-4,-4)]
Turtle 5 :[(-5,-5), (43,29), (43,28), (44,28), (44,28), (44,28), (44,27), (45,27), (46,27)]

Shrinking Run 2
#Info# Executed steps before collision: 9, Found collision: false
Turtle 1 :[(-1,-1), (42,28), (42,28), (42,28), (42,28), (42,27), (41,27), (41,27), (40,27), (39,27)]
Turtle 2 :[(-2,-2), (22,26), (22,25), (22,24), (21,24), (20,24), (20,23), (-2,-2), (-2,-2), (-2,-2)]
Turtle 3 :[(-3,-3), (3,24), (3,25), (3,25), (3,26), (3,27), (3,27), (3,28), (3,29), (-3,-3)]
Turtle 4 :[(-4,-4), (33,26), (33,27), (33,28), (33,28), (33,29), (33,30), (32,30), (-4,-4), (-4,-4)]
Turtle 5 :[(-5,-5), (43,29), (43,28), (44,28), (44,28), (44,28), (44,27), (45,27), (46,27), (-5,-5)]

Shrinking Run 3
#Info# Executed steps before collision: 9, Found collision: false
Turtle 1 :[(-1,-1), (42,28), (42,28), (42,29), (42,29), (42,28), (42,28), (42,27), (42,27), (43,27)]
Turtle 2 :[(-2,-2), (22,26), (22,25), (22,24), (21,24), (20,24), (20,23), (-2,-2), (-2,-2), (-2,-2)]
Turtle 3 :[(-3,-3), (3,24), (3,25), (3,25), (3,26), (3,27), (3,27), (3,28), (3,29), (-3,-3)]
Turtle 4 :[(-4,-4), (33,26), (33,27), (33,28), (33,28), (33,29), (33,30), (32,30), (-4,-4), (-4,-4)]
Turtle 5 :[(-5,-5), (43,29), (43,28), (44,28), (44,28), (44,28), (44,27), (45,27), (46,27), (-5,-5)]

Shrinking Run 4
#Info# Executed steps before collision: 9, Found collision: false
Turtle 1 :[(-1,-1), (42,28), (42,28), (42,28), (42,28), (42,27), (43,27), (43,27), (44,27), (45,27)]
Turtle 2 :[(-2,-2), (22,26), (22,25), (22,24), (21,24), (20,24), (20,23), (-2,-2), (-2,-2), (-2,-2)]
Turtle 3 :[(-3,-3), (3,24), (3,25), (3,25), (3,26), (3,27), (3,27), (3,28), (3,29), (-3,-3)]
Turtle 4 :[(-4,-4), (33,26), (33,27), (33,28), (33,28), (33,29), (33,30), (32,30), (-4,-4), (-4,-4)]
Turtle 5 :[(-5,-5), (43,29), (44,29), (45,29), (45,28), (45,27), (46,27), (-5,-5), (-5,-5), (-5,-5)]

Shrinking Run 5
#Info# Executed steps before collision: 2, Found collision: true
Turtle 1 :[(-1,-1), (42,28), (43,28), (43,27), (43,27), (43,26), (44,26), (45,26), (-1,-1)]
Turtle 2 :[(-2,-2), (22,26), (22,25), (22,24), (21,24), (20,24), (20,23), (-2,-2), (-2,-2)]
Turtle 3 :[(-3,-3), (3,24), (3,25), (3,25), (3,26), (3,27), (3,27), (3,28), (3,29)]
Turtle 4 :[(-4,-4), (33,26), (33,27), (33,28), (33,28), (33,29), (33,30), (32,30), (-4,-4)]
Turtle 5 :[(-5,-5), (43,29), (43,28), (44,28), (44,28), (44,28), (44,27), (45,27), (46,27)]

Shrinking Run 6
#Info# Executed steps before collision: 8, Found collision: false
Turtle 1 :[(-1,-1), (42,28), (41,28), (41,27), (41,27), (41,26), (40,26), (39,26), (-1,-1)]
Turtle 2 :[(-2,-2), (22,26), (22,25), (22,24), (21,24), (20,24), (20,23), (-2,-2), (-2,-2)]
Turtle 3 :[(-3,-3), (3,24), (3,25), (3,25), (3,26), (3,27), (3,27), (3,28), (3,29)]
Turtle 4 :[(-4,-4), (33,26), (33,27), (33,28), (33,28), (33,29), (33,30), (32,30), (-4,-4)]
Turtle 5 :[(-5,-5), (43,29), (43,28), (44,28), (44,28), (44,28), (44,27), (45,27), (46,27)]

Shrinking Run 7
#Info# Executed steps before collision: 8, Found collision: false
Turtle 1 :[(-1,-1), (42,28), (41,28), (41,27), (41,27), (41,26), (40,26), (40,25), (-1,-1)]
Turtle 2 :[(-2,-2), (22,26), (22,25), (22,24), (21,24), (20,24), (20,23), (-2,-2), (-2,-2)]
Turtle 3 :[(-3,-3), (3,24), (3,25), (3,25), (3,26), (3,27), (3,27), (3,28), (3,29)]
Turtle 4 :[(-4,-4), (33,26), (33,27), (33,28), (33,28), (33,29), (33,30), (32,30), (-4,-4)]
Turtle 5 :[(-5,-5), (43,29), (43,28), (44,28), (44,28), (44,28), (44,27), (45,27), (46,27)]

Shrinking Run 8
#Info# Executed steps before collision: 8, Found collision: false
Turtle 1 :[(-1,-1), (42,28), (42,27), (42,26), (42,26), (42,25), (43,25), (43,24), (-1,-1)]
Turtle 2 :[(-2,-2), (22,26), (22,25), (22,24), (21,24), (20,24), (20,23), (-2,-2), (-2,-2)]
Turtle 3 :[(-3,-3), (3,24), (3,25), (3,25), (3,26), (3,27), (3,27), (3,28), (3,29)]
Turtle 4 :[(-4,-4), (33,26), (33,27), (33,28), (33,28), (33,29), (33,30), (32,30), (-4,-4)]
Turtle 5 :[(-5,-5), (43,29), (43,30), (44,30), (45,30), (45,29), (45,28), (45,27), (46,27)]

Shrinking Run 9
#Info# Executed steps before collision: 2, Found collision: true
Turtle 1 :[(-1,-1), (42,28), (43,28), (43,27), (43,27), (43,26), (44,26), (44,25), (-1,-1)]
Turtle 2 :[(-2,-2), (22,26), (22,25), (22,24), (21,24), (20,24), (20,23), (-2,-2), (-2,-2)]
Turtle 3 :[(-3,-3), (3,24), (3,25), (3,25), (3,26), (3,27), (3,27), (3,28), (3,29)]
Turtle 4 :[(-4,-4), (33,26), (33,27), (33,28), (33,28), (33,29), (33,30), (32,30), (-4,-4)]
Turtle 5 :[(-5,-5), (43,29), (43,28), (44,28), (44,28), (44,28), (44,27), (45,27), (46,27)]

Shrinking Run 10
#Info# Executed steps before collision: 8, Found collision: false
Turtle 1 :[(-1,-1), (42,28), (42,27), (42,26), (42,26), (42,25), (43,25), (44,25), (-1,-1)]
Turtle 2 :[(-2,-2), (22,26), (22,25), (22,24), (21,24), (20,24), (20,23), (-2,-2), (-2,-2)]
Turtle 3 :[(-3,-3), (3,24), (3,25), (3,25), (3,26), (3,27), (3,27), (3,28), (3,29)]
Turtle 4 :[(-4,-4), (33,26), (33,27), (33,28), (33,28), (33,29), (33,30), (32,30), (-4,-4)]
Turtle 5 :[(-5,-5), (43,29), (43,28), (44,28), (44,28), (44,28), (44,27), (45,27), (46,27)]

Shrinking Run 11
#Info# Executed steps before collision: 8, Found collision: false
Turtle 1 :[(-1,-1), (42,28), (42,27), (42,26), (42,26), (43,26), (44,26), (44,25), (-1,-1)]
Turtle 2 :[(-2,-2), (22,26), (22,25), (22,24), (21,24), (20,24), (20,23), (-2,-2), (-2,-2)]
Turtle 3 :[(-3,-3), (3,24), (3,25), (3,25), (3,26), (3,27), (3,27), (3,28), (3,29)]
Turtle 4 :[(-4,-4), (33,26), (33,27), (33,28), (33,28), (33,29), (33,30), (32,30), (-4,-4)]
Turtle 5 :[(-5,-5), (43,29), (44,29), (44,28), (44,27), (45,27), (46,27), (-5,-5), (-5,-5)]

Shrinking Run 12
#Info# Executed steps before collision: 8, Found collision: false
Turtle 1 :[(-1,-1), (42,28), (42,27), (43,27), (43,27), (43,26), (44,26), (44,25), (-1,-1)]
Turtle 2 :[(-2,-2), (22,26), (22,25), (22,24), (21,24), (20,24), (20,23), (-2,-2), (-2,-2)]
Turtle 3 :[(-3,-3), (3,24), (3,25), (3,25), (3,26), (3,27), (3,27), (3,28), (3,29)]
Turtle 4 :[(-4,-4), (33,26), (33,27), (33,28), (33,28), (33,29), (33,30), (32,30), (-4,-4)]
Turtle 5 :[(-5,-5), (43,29), (44,29), (44,28), (45,28), (45,27), (46,27), (-5,-5), (-5,-5)]

Shrinking Run 13
#Info# Executed steps before collision: 8, Found collision: false
Turtle 1 :[(-1,-1), (42,28), (42,27), (43,27), (44,27), (44,26), (45,26), (-1,-1), (-1,-1)]
Turtle 2 :[(-2,-2), (22,26), (22,25), (22,24), (21,24), (20,24), (20,23), (-2,-2), (-2,-2)]
Turtle 3 :[(-3,-3), (3,24), (3,25), (3,25), (3,26), (3,27), (3,27), (3,28), (3,29)]
Turtle 4 :[(-4,-4), (33,26), (33,27), (33,28), (33,28), (33,29), (33,30), (32,30), (-4,-4)]
Turtle 5 :[(-5,-5), (43,29), (43,28), (44,28), (45,28), (45,27), (46,27), (-5,-5), (-5,-5)]

Shrinking Run 14
#Info# Executed steps before collision: 10, Found collision: false
Turtle 1 :[(-1,-1), (42,28), (42,27), (43,27), (43,27), (44,27), (44,26), (45,26), (-1,-1), (-1,-1), (-1,-1)]
Turtle 2 :[(-2,-2), (22,26), (22,25), (22,24), (21,24), (20,24), (20,23), (-2,-2), (-2,-2), (-2,-2), (-2,-2)]
Turtle 3 :[(-3,-3), (3,24), (3,25), (3,25), (3,26), (3,27), (3,27), (3,28), (3,29), (-3,-3), (-3,-3)]
Turtle 4 :[(-4,-4), (33,26), (33,27), (33,28), (33,28), (33,29), (33,30), (32,30), (-4,-4), (-4,-4), (-4,-4)]
Turtle 5 :[(-5,-5), (43,29), (43,28), (44,28), (44,28), (44,28), (44,29), (44,28), (44,27), (45,27), (46,27)]

Shrinking Run 15
#Info# Executed steps before collision: 8, Found collision: false
Turtle 1 :[(-1,-1), (42,28), (42,27), (43,27), (43,27), (43,26), (44,26), (45,26), (-1,-1)]
Turtle 2 :[(-2,-2), (22,26), (22,25), (22,24), (21,24), (20,24), (20,23), (-2,-2), (-2,-2)]
Turtle 3 :[(-3,-3), (3,24), (3,25), (3,25), (3,26), (3,27), (3,27), (3,28), (3,29)]
Turtle 4 :[(-4,-4), (33,26), (33,27), (33,28), (33,28), (33,29), (33,30), (32,30), (-4,-4)]
Turtle 5 :[(-5,-5), (43,29), (43,28), (44,28), (44,28), (44,28), (44,27), (45,27), (46,27)]

Shrinking Run 16
#Info# Executed steps before collision: 8, Found collision: false
Turtle 1 :[(-1,-1), (42,28), (43,28), (43,27), (43,27), (44,27), (44,26), (45,26), (-1,-1)]
Turtle 2 :[(-2,-2), (22,26), (22,25), (22,24), (21,24), (20,24), (20,23), (-2,-2), (-2,-2)]
Turtle 3 :[(-3,-3), (3,24), (3,25), (3,25), (3,26), (3,27), (3,27), (3,28), (3,29)]
Turtle 4 :[(-4,-4), (33,26), (33,27), (33,28), (33,28), (33,29), (33,30), (32,30), (-4,-4)]
Turtle 5 :[(-5,-5), (43,29), (42,29), (43,29), (43,28), (44,28), (45,28), (46,28), (46,27)]

Shrinking Run 17
#Info# Executed steps before collision: 2, Found collision: true
Turtle 1 :[(-1,-1), (42,28), (43,28), (44,28), (44,29), (45,29), (45,28), (45,27), (45,26), (-1,-1), (-1,-1), (-1,-1), (-1,-1)]
Turtle 2 :[(-2,-2), (22,26), (22,25), (22,24), (21,24), (20,24), (20,23), (-2,-2), (-2,-2), (-2,-2), (-2,-2), (-2,-2), (-2,-2)]
Turtle 3 :[(-3,-3), (3,24), (3,25), (3,25), (3,26), (3,27), (3,27), (3,28), (3,29), (-3,-3), (-3,-3), (-3,-3), (-3,-3)]
Turtle 4 :[(-4,-4), (33,26), (33,27), (33,28), (33,28), (33,29), (33,30), (32,30), (-4,-4), (-4,-4), (-4,-4), (-4,-4), (-4,-4)]
Turtle 5 :[(-5,-5), (43,29), (43,28), (44,28), (43,28), (44,28), (44,27), (44,26), (44,25), (45,25), (46,25), (46,26), (46,27)]

Shrinking Run 18
#Info# Executed steps before collision: 2, Found collision: true
Turtle 1 :[(-1,-1), (42,28), (43,28), (44,28), (44,27), (44,26), (45,26), (-1,-1), (-1,-1)]
Turtle 2 :[(-2,-2), (22,26), (22,25), (22,24), (21,24), (20,24), (20,23), (-2,-2), (-2,-2)]
Turtle 3 :[(-3,-3), (3,24), (3,25), (3,25), (3,26), (3,27), (3,27), (3,28), (3,29)]
Turtle 4 :[(-4,-4), (33,26), (33,27), (33,28), (33,28), (33,29), (33,30), (32,30), (-4,-4)]
Turtle 5 :[(-5,-5), (43,29), (43,28), (44,28), (45,28), (46,28), (46,27), (-5,-5), (-5,-5)]

Shrinking Run 19
#Info# Executed steps before collision: 8, Found collision: false
Turtle 1 :[(-1,-1), (42,28), (43,28), (44,28), (44,27), (44,26), (44,26), (45,26), (-1,-1)]
Turtle 2 :[(-2,-2), (22,26), (22,25), (21,25), (20,25), (19,25), (18,25), (-2,-2), (-2,-2)]
Turtle 3 :[(-3,-3), (3,24), (3,25), (3,25), (3,26), (3,27), (3,27), (3,28), (3,29)]
Turtle 4 :[(-4,-4), (33,26), (33,27), (33,28), (33,28), (33,29), (33,30), (32,30), (-4,-4)]
Turtle 5 :[(-5,-5), (43,29), (44,29), (45,29), (46,29), (46,28), (46,27), (-5,-5), (-5,-5)]

Shrinking Run 20
#Info# Executed steps before collision: 2, Found collision: true
Turtle 1 :[(-1,-1), (42,28), (43,28), (44,28), (44,27), (44,26), (44,26), (45,26), (-1,-1)]
Turtle 2 :[(-2,-2), (22,26), (22,25), (21,25), (20,25), (19,25), (19,24), (-2,-2), (-2,-2)]
Turtle 3 :[(-3,-3), (3,24), (3,25), (3,25), (3,26), (3,27), (3,27), (3,28), (3,29)]
Turtle 4 :[(-4,-4), (33,26), (33,27), (33,28), (33,28), (33,29), (33,30), (32,30), (-4,-4)]
Turtle 5 :[(-5,-5), (43,29), (43,28), (44,28), (44,29), (44,28), (45,28), (45,27), (46,27)]

Shrinking Run 21
#Info# Executed steps before collision: 2, Found collision: true
Turtle 1 :[(-1,-1), (42,28), (43,28), (44,28), (44,27), (44,26), (44,26), (45,26), (-1,-1), (-1,-1)]
Turtle 2 :[(-2,-2), (22,26), (21,26), (21,25), (20,25), (19,25), (19,24), (-2,-2), (-2,-2), (-2,-2)]
Turtle 3 :[(-3,-3), (3,24), (3,25), (3,25), (3,26), (3,27), (3,27), (3,28), (3,29), (-3,-3)]
Turtle 4 :[(-4,-4), (33,26), (33,27), (33,28), (33,28), (33,29), (33,30), (32,30), (-4,-4), (-4,-4)]
Turtle 5 :[(-5,-5), (43,29), (43,28), (44,28), (44,28), (44,28), (44,28), (44,27), (45,27), (46,27)]

Shrinking Run 22
#Info# Executed steps before collision: 2, Found collision: true
Turtle 1 :[(-1,-1), (42,28), (43,28), (43,28), (43,28), (44,28), (44,27), (45,27), (45,26), (-1,-1), (-1,-1), (-1,-1)]
Turtle 2 :[(-2,-2), (22,26), (21,26), (20,26), (19,26), (18,26), (18,25), (-2,-2), (-2,-2), (-2,-2), (-2,-2), (-2,-2)]
Turtle 3 :[(-3,-3), (3,24), (3,25), (3,25), (3,26), (3,27), (3,27), (3,28), (3,29), (-3,-3), (-3,-3), (-3,-3)]
Turtle 4 :[(-4,-4), (33,26), (33,27), (33,28), (33,28), (33,29), (33,30), (32,30), (-4,-4), (-4,-4), (-4,-4), (-4,-4)]
Turtle 5 :[(-5,-5), (43,29), (43,28), (44,28), (44,28), (44,29), (44,28), (44,29), (45,29), (46,29), (46,28), (46,27)]

Shrinking Run 23
#Info# Executed steps before collision: 2, Found collision: true
Turtle 1 :[(-1,-1), (42,28), (43,28), (44,28), (44,27), (44,26), (44,26), (45,26), (-1,-1)]
Turtle 2 :[(-2,-2), (22,26), (21,26), (20,26), (19,26), (18,26), (18,25), (-2,-2), (-2,-2)]
Turtle 3 :[(-3,-3), (3,24), (3,25), (3,25), (3,26), (3,27), (3,27), (2,27), (1,27)]
Turtle 4 :[(-4,-4), (33,26), (33,27), (33,28), (33,28), (33,29), (33,30), (32,30), (-4,-4)]
Turtle 5 :[(-5,-5), (43,29), (43,28), (44,28), (44,28), (45,28), (45,27), (46,27), (-5,-5)]

Shrinking Run 24
#Info# Executed steps before collision: 2, Found collision: true
Turtle 1 :[(-1,-1), (42,28), (43,28), (43,27), (43,26), (44,26), (45,26), (-1,-1), (-1,-1)]
Turtle 2 :[(-2,-2), (22,26), (21,26), (20,26), (19,26), (18,26), (18,25), (-2,-2), (-2,-2)]
Turtle 3 :[(-3,-3), (3,24), (3,23), (3,23), (3,22), (3,21), (3,21), (2,21), (1,21)]
Turtle 4 :[(-4,-4), (33,26), (33,27), (33,28), (33,28), (33,29), (33,30), (32,30), (-4,-4)]
Turtle 5 :[(-5,-5), (43,29), (43,28), (44,28), (45,28), (46,28), (46,27), (-5,-5), (-5,-5)]

Shrinking Run 25
#Info# Executed steps before collision: 2, Found collision: true
Turtle 1 :[(-1,-1), (42,28), (43,28), (44,28), (44,27), (44,26), (45,26), (-1,-1), (-1,-1)]
Turtle 2 :[(-2,-2), (22,26), (21,26), (20,26), (19,26), (18,26), (18,25), (-2,-2), (-2,-2)]
Turtle 3 :[(-3,-3), (3,24), (3,23), (3,23), (3,22), (2,22), (2,22), (1,22), (0,22)]
Turtle 4 :[(-4,-4), (33,26), (33,27), (33,28), (33,28), (33,29), (33,30), (32,30), (-4,-4)]
Turtle 5 :[(-5,-5), (43,29), (43,28), (43,27), (43,28), (43,27), (44,27), (45,27), (46,27)]

Shrinking Run 26
#Info# Executed steps before collision: 2, Found collision: true
Turtle 1 :[(-1,-1), (42,28), (43,28), (44,28), (44,27), (44,26), (44,26), (45,26), (-1,-1), (-1,-1)]
Turtle 2 :[(-2,-2), (22,26), (21,26), (20,26), (19,26), (18,26), (18,25), (-2,-2), (-2,-2), (-2,-2)]
Turtle 3 :[(-3,-3), (3,24), (3,23), (3,23), (2,23), (1,23), (1,23), (1,22), (0,22), (-3,-3)]
Turtle 4 :[(-4,-4), (33,26), (33,27), (33,28), (33,28), (33,29), (33,30), (32,30), (-4,-4), (-4,-4)]
Turtle 5 :[(-5,-5), (43,29), (43,28), (44,28), (44,28), (44,28), (44,28), (44,27), (45,27), (46,27)]

Shrinking Run 27
#Info# Executed steps before collision: 9, Found collision: false
Turtle 1 :[(-1,-1), (42,28), (43,28), (44,28), (44,27), (44,26), (44,26), (45,26), (-1,-1), (-1,-1)]
Turtle 2 :[(-2,-2), (22,26), (21,26), (20,26), (19,26), (18,26), (18,25), (-2,-2), (-2,-2), (-2,-2)]
Turtle 3 :[(-3,-3), (3,24), (3,23), (3,23), (2,23), (1,23), (1,23), (0,23), (0,22), (-3,-3)]
Turtle 4 :[(-4,-4), (33,26), (33,27), (33,28), (33,28), (33,29), (33,30), (32,30), (-4,-4), (-4,-4)]
Turtle 5 :[(-5,-5), (43,29), (43,30), (44,30), (44,29), (44,29), (44,28), (44,27), (45,27), (46,27)]

Shrinking Run 28
#Info# Executed steps before collision: 2, Found collision: true
Turtle 1 :[(-1,-1), (42,28), (43,28), (44,28), (44,27), (44,26), (45,26), (-1,-1), (-1,-1)]
Turtle 2 :[(-2,-2), (22,26), (21,26), (20,26), (19,26), (18,26), (18,25), (-2,-2), (-2,-2)]
Turtle 3 :[(-3,-3), (3,24), (2,24), (2,24), (1,24), (0,24), (0,24), (0,23), (0,22)]
Turtle 4 :[(-4,-4), (33,26), (33,27), (33,28), (33,28), (33,29), (33,30), (32,30), (-4,-4)]
Turtle 5 :[(-5,-5), (43,29), (43,28), (44,28), (43,28), (44,28), (44,27), (45,27), (46,27)]

Shrinking Run 29
#Info# Executed steps before collision: 9, Found collision: false
Turtle 1 :[(-1,-1), (42,28), (43,28), (44,28), (44,27), (44,26), (44,26), (45,26), (-1,-1), (-1,-1)]
Turtle 2 :[(-2,-2), (22,26), (21,26), (20,26), (19,26), (18,26), (18,25), (-2,-2), (-2,-2), (-2,-2)]
Turtle 3 :[(-3,-3), (3,24), (3,23), (2,23), (1,23), (0,23), (0,22), (-3,-3), (-3,-3), (-3,-3)]
Turtle 4 :[(-4,-4), (33,26), (33,27), (33,28), (33,28), (33,29), (33,30), (32,30), (-4,-4), (-4,-4)]
Turtle 5 :[(-5,-5), (43,29), (43,29), (43,30), (43,29), (44,29), (45,29), (45,28), (46,28), (46,27)]

Shrinking Run 30
#Info# Executed steps before collision: 2, Found collision: true
Turtle 1 :[(-1,-1), (42,28), (43,28), (44,28), (44,27), (44,26), (44,26), (45,26), (-1,-1)]
Turtle 2 :[(-2,-2), (22,26), (21,26), (20,26), (19,26), (18,26), (18,25), (-2,-2), (-2,-2)]
Turtle 3 :[(-3,-3), (3,24), (3,23), (2,23), (1,23), (0,23), (0,23), (0,22), (-3,-3)]
Turtle 4 :[(-4,-4), (33,26), (33,27), (33,28), (33,28), (33,29), (33,30), (32,30), (-4,-4)]
Turtle 5 :[(-5,-5), (43,29), (43,28), (44,28), (43,28), (44,28), (45,28), (46,28), (46,27)]

Shrinking Run 31
#Info# Executed steps before collision: 7, Found collision: false
Turtle 1 :[(-1,-1), (42,28), (43,28), (44,28), (44,27), (44,26), (44,26), (45,26)]
Turtle 2 :[(-2,-2), (22,26), (21,26), (20,26), (19,26), (18,26), (18,25), (-2,-2)]
Turtle 3 :[(-3,-3), (3,24), (2,24), (1,24), (0,24), (0,23), (0,23), (0,22)]
Turtle 4 :[(-4,-4), (33,26), (33,27), (33,28), (33,28), (33,29), (33,30), (32,30)]
Turtle 5 :[(-5,-5), (43,29), (44,29), (45,29), (46,29), (46,28), (46,27), (-5,-5)]

Shrinking Run 32
#Info# Executed steps before collision: 8, Found collision: false
Turtle 1 :[(-1,-1), (42,28), (43,28), (44,28), (44,27), (44,26), (44,26), (45,26), (-1,-1)]
Turtle 2 :[(-2,-2), (22,26), (21,26), (20,26), (19,26), (18,26), (18,25), (-2,-2), (-2,-2)]
Turtle 3 :[(-3,-3), (3,24), (3,23), (2,23), (1,23), (0,23), (0,23), (0,22), (-3,-3)]
Turtle 4 :[(-4,-4), (33,26), (32,26), (32,27), (32,27), (32,28), (31,28), (30,28), (-4,-4)]
Turtle 5 :[(-5,-5), (43,29), (43,30), (44,30), (44,29), (45,29), (46,29), (46,28), (46,27)]

Shrinking Run 33
#Info# Executed steps before collision: 2, Found collision: true
Turtle 1 :[(-1,-1), (42,28), (43,28), (44,28), (44,27), (44,26), (44,26), (45,26), (-1,-1)]
Turtle 2 :[(-2,-2), (22,26), (21,26), (20,26), (19,26), (18,26), (18,25), (-2,-2), (-2,-2)]
Turtle 3 :[(-3,-3), (3,24), (3,23), (2,23), (1,23), (0,23), (0,23), (0,22), (-3,-3)]
Turtle 4 :[(-4,-4), (33,26), (32,26), (32,27), (32,27), (32,28), (32,29), (31,29), (-4,-4)]
Turtle 5 :[(-5,-5), (43,29), (43,28), (44,28), (44,29), (44,28), (45,28), (45,27), (46,27)]

Shrinking Run 34
#Info# Executed steps before collision: 2, Found collision: true
Turtle 1 :[(-1,-1), (42,28), (43,28), (42,28), (42,27), (42,26), (43,26), (44,26), (45,26)]
Turtle 2 :[(-2,-2), (22,26), (21,26), (20,26), (19,26), (18,26), (18,25), (-2,-2), (-2,-2)]
Turtle 3 :[(-3,-3), (3,24), (3,23), (2,23), (1,23), (0,23), (0,23), (0,22), (-3,-3)]
Turtle 4 :[(-4,-4), (33,26), (32,26), (32,25), (32,25), (32,24), (32,23), (31,23), (-4,-4)]
Turtle 5 :[(-5,-5), (43,29), (43,28), (42,28), (43,28), (44,28), (45,28), (46,28), (46,27)]

Shrinking Run 35
#Info# Executed steps before collision: 2, Found collision: true
Turtle 1 :[(-1,-1), (42,28), (43,28), (44,28), (44,27), (44,26), (44,26), (45,26), (-1,-1), (-1,-1)]
Turtle 2 :[(-2,-2), (22,26), (21,26), (20,26), (19,26), (18,26), (18,25), (-2,-2), (-2,-2), (-2,-2)]
Turtle 3 :[(-3,-3), (3,24), (3,23), (2,23), (1,23), (0,23), (0,23), (0,22), (-3,-3), (-3,-3)]
Turtle 4 :[(-4,-4), (33,26), (32,26), (32,25), (32,25), (32,24), (31,24), (30,24), (-4,-4), (-4,-4)]
Turtle 5 :[(-5,-5), (43,29), (43,28), (44,28), (44,28), (44,28), (44,28), (44,27), (45,27), (46,27)]

Shrinking Run 36
#Info# Executed steps before collision: 2, Found collision: true
Turtle 1 :[(-1,-1), (42,28), (43,28), (44,28), (44,27), (44,26), (44,26), (45,26), (-1,-1)]
Turtle 2 :[(-2,-2), (22,26), (21,26), (20,26), (19,26), (18,26), (18,25), (-2,-2), (-2,-2)]
Turtle 3 :[(-3,-3), (3,24), (3,23), (2,23), (1,23), (0,23), (0,23), (0,22), (-3,-3)]
Turtle 4 :[(-4,-4), (33,26), (32,26), (32,25), (32,25), (31,25), (31,24), (30,24), (-4,-4)]
Turtle 5 :[(-5,-5), (43,29), (43,28), (43,27), (42,27), (43,27), (44,27), (45,27), (46,27)]

Shrinking Run 37
#Info# Executed steps before collision: 3, Found collision: true
Turtle 1 :[(-1,-1), (42,28), (43,28), (44,28), (44,27), (44,26), (44,26), (45,26)]
Turtle 2 :[(-2,-2), (22,26), (21,26), (20,26), (19,26), (18,26), (18,25), (-2,-2)]
Turtle 3 :[(-3,-3), (3,24), (3,23), (2,23), (1,23), (0,23), (0,23), (0,22)]
Turtle 4 :[(-4,-4), (33,26), (32,26), (31,26), (31,26), (30,26), (30,25), (29,25)]
Turtle 5 :[(-5,-5), (43,29), (44,29), (44,28), (45,28), (45,27), (46,27), (-5,-5)]

Shrinking Run 38
#Info# Executed steps before collision: 2, Found collision: true
Turtle 1 :[(-1,-1), (42,28), (43,28), (44,28), (44,27), (44,26), (44,26), (45,26), (-1,-1), (-1,-1)]
Turtle 2 :[(-2,-2), (22,26), (21,26), (20,26), (19,26), (18,26), (18,25), (-2,-2), (-2,-2), (-2,-2)]
Turtle 3 :[(-3,-3), (3,24), (3,23), (2,23), (1,23), (0,23), (0,23), (0,22), (-3,-3), (-3,-3)]
Turtle 4 :[(-4,-4), (33,26), (32,26), (31,26), (31,26), (30,26), (29,26), (29,25), (-4,-4), (-4,-4)]
Turtle 5 :[(-5,-5), (43,29), (43,28), (43,28), (43,29), (43,28), (43,27), (44,27), (45,27), (46,27)]

Shrinking Run 39
#Info# Executed steps before collision: 2, Found collision: true
Turtle 1 :[(-1,-1), (42,28), (43,28), (44,28), (44,27), (44,26), (44,26), (45,26), (-1,-1), (-1,-1), (-1,-1)]
Turtle 2 :[(-2,-2), (22,26), (21,26), (20,26), (19,26), (18,26), (18,25), (-2,-2), (-2,-2), (-2,-2), (-2,-2)]
Turtle 3 :[(-3,-3), (3,24), (3,23), (2,23), (1,23), (0,23), (0,23), (0,22), (-3,-3), (-3,-3), (-3,-3)]
Turtle 4 :[(-4,-4), (33,26), (32,26), (31,26), (31,26), (30,26), (29,26), (28,26), (-4,-4), (-4,-4), (-4,-4)]
Turtle 5 :[(-5,-5), (43,29), (43,28), (43,28), (43,28), (44,28), (44,28), (44,28), (44,27), (45,27), (46,27)]

Shrinking Run 40
#Info# Executed steps before collision: 2, Found collision: true
Turtle 1 :[(-1,-1), (42,28), (43,28), (44,28), (44,27), (44,26), (44,26), (45,26), (-1,-1)]
Turtle 2 :[(-2,-2), (22,26), (21,26), (20,26), (19,26), (18,26), (18,25), (-2,-2), (-2,-2)]
Turtle 3 :[(-3,-3), (3,24), (3,23), (2,23), (1,23), (0,23), (0,23), (0,22), (-3,-3)]
Turtle 4 :[(-4,-4), (33,26), (32,26), (31,26), (30,26), (29,26), (28,26), (-4,-4), (-4,-4)]
Turtle 5 :[(-5,-5), (43,29), (43,28), (44,28), (44,29), (44,28), (44,27), (45,27), (46,27)]

Shrinking Run 41
#Info# Executed steps before collision: 2, Found collision: true
Turtle 1 :[(-1,-1), (42,28), (43,28), (44,28), (44,27), (44,26), (44,26), (45,26), (-1,-1)]
Turtle 2 :[(-2,-2), (22,26), (21,26), (20,26), (19,26), (18,26), (18,25), (-2,-2), (-2,-2)]
Turtle 3 :[(-3,-3), (3,24), (3,23), (2,23), (1,23), (0,23), (0,23), (0,22), (-3,-3)]
Turtle 4 :[(-4,-4), (33,26), (32,26), (31,26), (30,26), (29,26), (28,26), (-4,-4), (-4,-4)]
Turtle 5 :[(-5,-5), (43,29), (43,28), (42,28), (42,28), (42,28), (42,27), (41,27), (40,27)]

Shrinking Run 42
#Info# Executed steps before collision: 8, Found collision: false
Turtle 1 :[(-1,-1), (42,28), (43,28), (44,28), (44,27), (44,26), (44,26), (45,26), (-1,-1)]
Turtle 2 :[(-2,-2), (22,26), (21,26), (20,26), (19,26), (18,26), (18,25), (-2,-2), (-2,-2)]
Turtle 3 :[(-3,-3), (3,24), (3,23), (2,23), (1,23), (0,23), (0,23), (0,22), (-3,-3)]
Turtle 4 :[(-4,-4), (33,26), (32,26), (31,26), (30,26), (29,26), (28,26), (-4,-4), (-4,-4)]
Turtle 5 :[(-5,-5), (43,29), (42,29), (41,29), (41,29), (41,29), (41,28), (40,28), (39,28)]

Shrinking Run 43
#Info# Executed steps before collision: 2, Found collision: true
Turtle 1 :[(-1,-1), (42,28), (43,28), (44,28), (44,27), (44,26), (44,26), (45,26), (-1,-1)]
Turtle 2 :[(-2,-2), (22,26), (21,26), (20,26), (19,26), (18,26), (18,25), (-2,-2), (-2,-2)]
Turtle 3 :[(-3,-3), (3,24), (3,23), (2,23), (1,23), (0,23), (0,23), (0,22), (-3,-3)]
Turtle 4 :[(-4,-4), (33,26), (32,26), (31,26), (30,26), (29,26), (28,26), (-4,-4), (-4,-4)]
Turtle 5 :[(-5,-5), (43,29), (43,28), (43,27), (43,28), (42,28), (41,28), (40,28), (39,28)]

Shrinking Run 44
#Info# Executed steps before collision: 2, Found collision: true
Turtle 1 :[(-1,-1), (42,28), (43,28), (43,29), (43,28), (44,28), (44,27), (45,27), (45,26)]
Turtle 2 :[(-2,-2), (22,26), (21,26), (20,26), (19,26), (18,26), (18,25), (-2,-2), (-2,-2)]
Turtle 3 :[(-3,-3), (3,24), (3,23), (2,23), (1,23), (0,23), (0,23), (0,22), (-3,-3)]
Turtle 4 :[(-4,-4), (33,26), (32,26), (31,26), (30,26), (29,26), (28,26), (-4,-4), (-4,-4)]
Turtle 5 :[(-5,-5), (43,29), (43,28), (42,28), (41,28), (40,28), (39,28), (-5,-5), (-5,-5)]

Shrinking Run 45
#Info# Executed steps before collision: 7, Found collision: false
Turtle 1 :[(-1,-1), (42,28), (41,28), (40,28), (40,28), (40,27), (39,27), (38,27)]
Turtle 2 :[(-2,-2), (22,26), (21,26), (20,26), (19,26), (18,26), (18,25), (-2,-2)]
Turtle 3 :[(-3,-3), (3,24), (3,23), (2,23), (1,23), (0,23), (0,23), (0,22)]
Turtle 4 :[(-4,-4), (33,26), (32,26), (31,26), (30,26), (29,26), (28,26), (-4,-4)]
Turtle 5 :[(-5,-5), (43,29), (43,28), (42,28), (41,28), (40,28), (39,28), (-5,-5)]

Shrinking Run 46
#Info# Executed steps before collision: 3, Found collision: true
Turtle 1 :[(-1,-1), (42,28), (42,28), (42,28), (42,28), (42,28), (42,27), (41,27), (41,27), (40,27), (39,27)]
Turtle 2 :[(-2,-2), (22,26), (21,26), (20,26), (19,26), (18,26), (18,25), (-2,-2), (-2,-2), (-2,-2), (-2,-2)]
Turtle 3 :[(-3,-3), (3,24), (3,23), (2,23), (1,23), (0,23), (0,23), (0,22), (-3,-3), (-3,-3), (-3,-3)]
Turtle 4 :[(-4,-4), (33,26), (32,26), (31,26), (30,26), (29,26), (28,26), (-4,-4), (-4,-4), (-4,-4), (-4,-4)]
Turtle 5 :[(-5,-5), (43,29), (43,28), (42,28), (41,28), (40,28), (39,28), (-5,-5), (-5,-5), (-5,-5), (-5,-5)]

Shrinking Run 47
#Info# Executed steps before collision: 7, Found collision: false
Turtle 1 :[(-1,-1), (42,28), (41,28), (41,27), (41,27), (41,26), (40,26), (40,25)]
Turtle 2 :[(-2,-2), (22,26), (21,26), (20,26), (19,26), (18,26), (18,25), (-2,-2)]
Turtle 3 :[(-3,-3), (3,24), (3,23), (2,23), (1,23), (0,23), (0,23), (0,22)]
Turtle 4 :[(-4,-4), (33,26), (32,26), (31,26), (30,26), (29,26), (28,26), (-4,-4)]
Turtle 5 :[(-5,-5), (43,29), (43,28), (42,28), (41,28), (40,28), (39,28), (-5,-5)]

Shrinking Run 48
#Info# Executed steps before collision: 9, Found collision: false
Turtle 1 :[(-1,-1), (42,28), (41,28), (41,27), (41,27), (41,26), (40,26), (39,26), (-1,-1), (-1,-1)]
Turtle 2 :[(-2,-2), (22,26), (21,26), (20,26), (19,26), (18,26), (18,25), (-2,-2), (-2,-2), (-2,-2)]
Turtle 3 :[(-3,-3), (3,24), (3,23), (2,23), (1,23), (0,23), (0,23), (0,22), (-3,-3), (-3,-3)]
Turtle 4 :[(-4,-4), (33,26), (32,26), (31,26), (30,26), (29,26), (28,26), (-4,-4), (-4,-4), (-4,-4)]
Turtle 5 :[(-5,-5), (43,29), (43,28), (43,27), (42,27), (42,27), (41,27), (41,28), (40,28), (39,28)]

Shrinking Run 49
#Info# Executed steps before collision: 8, Found collision: false
Turtle 1 :[(-1,-1), (42,28), (41,28), (40,28), (40,28), (40,27), (39,27), (39,26), (-1,-1)]
Turtle 2 :[(-2,-2), (22,26), (21,26), (20,26), (19,26), (18,26), (18,25), (-2,-2), (-2,-2)]
Turtle 3 :[(-3,-3), (3,24), (3,23), (2,23), (1,23), (0,23), (0,23), (0,22), (-3,-3)]
Turtle 4 :[(-4,-4), (33,26), (32,26), (31,26), (30,26), (29,26), (28,26), (-4,-4), (-4,-4)]
Turtle 5 :[(-5,-5), (43,29), (43,28), (44,28), (43,28), (42,28), (41,28), (40,28), (39,28)]

Shrinking Run 50
#Info# Executed steps before collision: 3, Found collision: true
Turtle 1 :[(-1,-1), (42,28), (42,28), (42,28), (41,28), (40,28), (40,27), (39,27), (-1,-1)]
Turtle 2 :[(-2,-2), (22,26), (21,26), (20,26), (19,26), (18,26), (18,25), (-2,-2), (-2,-2)]
Turtle 3 :[(-3,-3), (3,24), (3,23), (2,23), (1,23), (0,23), (0,23), (0,22), (-3,-3)]
Turtle 4 :[(-4,-4), (33,26), (32,26), (31,26), (30,26), (29,26), (28,26), (-4,-4), (-4,-4)]
Turtle 5 :[(-5,-5), (43,29), (43,28), (42,28), (43,28), (42,28), (41,28), (40,28), (39,28)]

Shrinking Run 51
#Info# Executed steps before collision: 3, Found collision: true
Turtle 1 :[(-1,-1), (42,28), (42,28), (42,28), (41,28), (41,27), (40,27), (39,27), (-1,-1)]
Turtle 2 :[(-2,-2), (22,26), (21,26), (20,26), (19,26), (18,26), (18,25), (-2,-2), (-2,-2)]
Turtle 3 :[(-3,-3), (3,24), (3,23), (2,23), (1,23), (0,23), (0,23), (0,22), (-3,-3)]
Turtle 4 :[(-4,-4), (33,26), (32,26), (31,26), (30,26), (29,26), (28,26), (-4,-4), (-4,-4)]
Turtle 5 :[(-5,-5), (43,29), (43,28), (42,28), (42,27), (42,28), (41,28), (40,28), (39,28)]

Shrinking Run 52
#Info# Executed steps before collision: 7, Found collision: false
Turtle 1 :[(-1,-1), (42,28), (41,28), (40,28), (39,28), (39,27), (-1,-1), (-1,-1)]
Turtle 2 :[(-2,-2), (22,26), (21,26), (20,26), (19,26), (18,26), (18,25), (-2,-2)]
Turtle 3 :[(-3,-3), (3,24), (3,23), (2,23), (1,23), (0,23), (0,23), (0,22)]
Turtle 4 :[(-4,-4), (33,26), (32,26), (31,26), (30,26), (29,26), (28,26), (-4,-4)]
Turtle 5 :[(-5,-5), (43,29), (43,28), (42,28), (41,28), (40,28), (39,28), (-5,-5)]

Shrinking Run 53
#Info# Executed steps before collision: 8, Found collision: false
Turtle 1 :[(-1,-1), (42,28), (41,28), (41,28), (40,28), (39,28), (39,27), (-1,-1), (-1,-1)]
Turtle 2 :[(-2,-2), (22,26), (21,26), (20,26), (19,26), (18,26), (18,25), (-2,-2), (-2,-2)]
Turtle 3 :[(-3,-3), (3,24), (3,23), (2,23), (1,23), (0,23), (0,23), (0,22), (-3,-3)]
Turtle 4 :[(-4,-4), (33,26), (32,26), (31,26), (30,26), (29,26), (28,26), (-4,-4), (-4,-4)]
Turtle 5 :[(-5,-5), (43,29), (43,28), (42,28), (42,27), (42,28), (41,28), (40,28), (39,28)]

Shrinking Run 54
#Info# Executed steps before collision: 8, Found collision: false
Turtle 1 :[(-1,-1), (42,28), (42,28), (41,28), (41,28), (40,28), (39,28), (39,27), (-1,-1)]
Turtle 2 :[(-2,-2), (22,26), (21,26), (20,26), (19,26), (18,26), (18,25), (-2,-2), (-2,-2)]
Turtle 3 :[(-3,-3), (3,24), (3,23), (2,23), (1,23), (0,23), (0,23), (0,22), (-3,-3)]
Turtle 4 :[(-4,-4), (33,26), (32,26), (31,26), (30,26), (29,26), (28,26), (-4,-4), (-4,-4)]
Turtle 5 :[(-5,-5), (43,29), (43,28), (42,28), (42,27), (42,28), (41,28), (40,28), (39,28)]

Shrinking Run 55
#Info# Executed steps before collision: 3, Found collision: true
Turtle 1 :[(-1,-1), (42,28), (42,28), (42,28), (41,28), (40,28), (40,28), (39,28), (39,27), (-1,-1), (-1,-1)]
Turtle 2 :[(-2,-2), (22,26), (21,26), (20,26), (19,26), (18,26), (18,25), (-2,-2), (-2,-2), (-2,-2), (-2,-2)]
Turtle 3 :[(-3,-3), (3,24), (3,23), (2,23), (1,23), (0,23), (0,23), (0,22), (-3,-3), (-3,-3), (-3,-3)]
Turtle 4 :[(-4,-4), (33,26), (32,26), (31,26), (30,26), (29,26), (28,26), (-4,-4), (-4,-4), (-4,-4), (-4,-4)]
Turtle 5 :[(-5,-5), (43,29), (43,28), (42,28), (42,27), (41,27), (40,27), (40,28), (41,28), (40,28), (39,28)]

Shrinking Run 56
#Info# Executed steps before collision: 12, Found collision: false
Turtle 1 :[(-1,-1), (42,28), (41,28), (41,28), (41,28), (40,28), (40,28), (39,28), (39,27), (-1,-1), (-1,-1), (-1,-1), (-1,-1)]
Turtle 2 :[(-2,-2), (22,26), (21,26), (20,26), (19,26), (18,26), (18,25), (-2,-2), (-2,-2), (-2,-2), (-2,-2), (-2,-2), (-2,-2)]
Turtle 3 :[(-3,-3), (3,24), (3,23), (2,23), (1,23), (0,23), (0,23), (0,22), (-3,-3), (-3,-3), (-3,-3), (-3,-3), (-3,-3)]
Turtle 4 :[(-4,-4), (33,26), (32,26), (31,26), (30,26), (29,26), (28,26), (-4,-4), (-4,-4), (-4,-4), (-4,-4), (-4,-4), (-4,-4)]
Turtle 5 :[(-5,-5), (43,29), (43,28), (43,27), (42,27), (41,27), (40,27), (40,26), (39,26), (40,26), (39,26), (39,27), (39,28)]

Shrinking Run 57
#Info# Executed steps before collision: 10, Found collision: false
Turtle 1 :[(-1,-1), (42,28), (42,28), (41,28), (41,28), (40,28), (40,28), (39,28), (39,27), (-1,-1), (-1,-1)]
Turtle 2 :[(-2,-2), (22,26), (21,26), (20,26), (19,26), (18,26), (18,25), (-2,-2), (-2,-2), (-2,-2), (-2,-2)]
Turtle 3 :[(-3,-3), (3,24), (3,23), (2,23), (1,23), (0,23), (0,23), (0,22), (-3,-3), (-3,-3), (-3,-3)]
Turtle 4 :[(-4,-4), (33,26), (32,26), (31,26), (30,26), (29,26), (28,26), (-4,-4), (-4,-4), (-4,-4), (-4,-4)]
Turtle 5 :[(-5,-5), (43,29), (43,30), (42,30), (41,30), (41,29), (40,29), (39,29), (39,30), (39,29), (39,28)]

Shrinking Run 58
#Info# Executed steps before collision: 3, Found collision: true
Turtle 1 :[(-1,-1), (42,28), (42,28), (42,28), (41,28), (40,28), (39,28), (39,28), (39,27), (-1,-1)]
Turtle 2 :[(-2,-2), (22,26), (21,26), (20,26), (19,26), (18,26), (18,25), (-2,-2), (-2,-2), (-2,-2)]
Turtle 3 :[(-3,-3), (3,24), (3,23), (2,23), (1,23), (0,23), (0,23), (0,22), (-3,-3), (-3,-3)]
Turtle 4 :[(-4,-4), (33,26), (32,26), (31,26), (30,26), (29,26), (28,26), (-4,-4), (-4,-4), (-4,-4)]
Turtle 5 :[(-5,-5), (43,29), (43,28), (42,28), (42,29), (42,29), (41,29), (40,29), (40,28), (39,28)]

Shrinking Run 59
#Info# Executed steps before collision: 3, Found collision: true
Turtle 1 :[(-1,-1), (42,28), (42,28), (42,28), (41,28), (40,28), (39,28), (39,28), (39,27), (-1,-1), (-1,-1)]
Turtle 2 :[(-2,-2), (22,26), (22,25), (21,25), (20,25), (19,25), (18,25), (-2,-2), (-2,-2), (-2,-2), (-2,-2)]
Turtle 3 :[(-3,-3), (3,24), (3,23), (2,23), (1,23), (0,23), (0,23), (0,22), (-3,-3), (-3,-3), (-3,-3)]
Turtle 4 :[(-4,-4), (33,26), (32,26), (31,26), (30,26), (29,26), (28,26), (-4,-4), (-4,-4), (-4,-4), (-4,-4)]
Turtle 5 :[(-5,-5), (43,29), (42,29), (42,28), (43,28), (42,28), (41,28), (40,28), (40,29), (39,29), (39,28)]

Shrinking Run 60
#Info# Executed steps before collision: 8, Found collision: false
Turtle 1 :[(-1,-1), (42,28), (42,28), (42,28), (41,28), (40,28), (39,28), (39,28), (39,27)]
Turtle 2 :[(-2,-2), (22,26), (21,26), (20,26), (19,26), (18,26), (17,26), (-2,-2), (-2,-2)]
Turtle 3 :[(-3,-3), (3,24), (3,23), (2,23), (1,23), (0,23), (0,23), (0,22), (-3,-3)]
Turtle 4 :[(-4,-4), (33,26), (32,26), (31,26), (30,26), (29,26), (28,26), (-4,-4), (-4,-4)]
Turtle 5 :[(-5,-5), (43,29), (42,29), (41,29), (40,29), (40,29), (40,29), (40,28), (39,28)]

Shrinking Run 61
#Info# Executed steps before collision: 8, Found collision: false
Turtle 1 :[(-1,-1), (42,28), (42,28), (41,28), (40,28), (40,27), (39,27), (-1,-1), (-1,-1)]
Turtle 2 :[(-2,-2), (22,26), (21,26), (20,26), (19,26), (18,26), (18,25), (-2,-2), (-2,-2)]
Turtle 3 :[(-3,-3), (3,24), (3,23), (3,23), (2,23), (1,23), (1,23), (0,23), (0,22)]
Turtle 4 :[(-4,-4), (33,26), (32,26), (31,26), (30,26), (29,26), (28,26), (-4,-4), (-4,-4)]
Turtle 5 :[(-5,-5), (43,29), (43,28), (43,28), (42,28), (41,28), (40,28), (39,28), (-5,-5)]

Shrinking Run 62
#Info# Executed steps before collision: 3, Found collision: true
Turtle 1 :[(-1,-1), (42,28), (42,28), (42,28), (41,28), (40,28), (39,28), (39,28), (39,27), (-1,-1)]
Turtle 2 :[(-2,-2), (22,26), (21,26), (20,26), (19,26), (18,26), (18,25), (-2,-2), (-2,-2), (-2,-2)]
Turtle 3 :[(-3,-3), (3,24), (3,23), (2,23), (1,23), (0,23), (0,22), (-3,-3), (-3,-3), (-3,-3)]
Turtle 4 :[(-4,-4), (33,26), (32,26), (31,26), (30,26), (29,26), (28,26), (-4,-4), (-4,-4), (-4,-4)]
Turtle 5 :[(-5,-5), (43,29), (43,28), (42,28), (42,27), (41,27), (40,27), (40,28), (40,28), (39,28)]

Shrinking Run 63
#Info# Executed steps before collision: 3, Found collision: true
Turtle 1 :[(-1,-1), (42,28), (42,28), (42,28), (41,28), (40,28), (39,28), (39,28), (39,27), (-1,-1), (-1,-1)]
Turtle 2 :[(-2,-2), (22,26), (21,26), (20,26), (19,26), (18,26), (18,25), (-2,-2), (-2,-2), (-2,-2), (-2,-2)]
Turtle 3 :[(-3,-3), (3,24), (2,24), (2,23), (1,23), (0,23), (0,22), (-3,-3), (-3,-3), (-3,-3), (-3,-3)]
Turtle 4 :[(-4,-4), (33,26), (32,26), (31,26), (30,26), (29,26), (28,26), (-4,-4), (-4,-4), (-4,-4), (-4,-4)]
Turtle 5 :[(-5,-5), (43,29), (43,28), (42,28), (43,28), (42,28), (41,28), (40,28), (40,29), (39,29), (39,28)]

Shrinking Run 64
#Info# Executed steps before collision: 3, Found collision: true
Turtle 1 :[(-1,-1), (42,28), (42,28), (42,28), (41,28), (40,28), (39,28), (39,28), (39,27), (-1,-1)]
Turtle 2 :[(-2,-2), (22,26), (21,26), (20,26), (19,26), (18,26), (18,25), (-2,-2), (-2,-2), (-2,-2)]
Turtle 3 :[(-3,-3), (3,24), (2,24), (1,24), (1,23), (0,23), (0,22), (-3,-3), (-3,-3), (-3,-3)]
Turtle 4 :[(-4,-4), (33,26), (32,26), (31,26), (30,26), (29,26), (28,26), (-4,-4), (-4,-4), (-4,-4)]
Turtle 5 :[(-5,-5), (43,29), (43,28), (42,28), (42,29), (42,28), (41,28), (40,28), (40,28), (39,28)]

Shrinking Run 65
#Info# Executed steps before collision: 3, Found collision: true
Turtle 1 :[(-1,-1), (42,28), (42,28), (42,28), (41,28), (40,28), (39,28), (39,28), (39,27), (-1,-1), (-1,-1)]
Turtle 2 :[(-2,-2), (22,26), (21,26), (20,26), (19,26), (18,26), (18,25), (-2,-2), (-2,-2), (-2,-2), (-2,-2)]
Turtle 3 :[(-3,-3), (3,24), (2,24), (1,24), (1,23), (0,23), (0,22), (-3,-3), (-3,-3), (-3,-3), (-3,-3)]
Turtle 4 :[(-4,-4), (33,26), (32,26), (32,27), (32,27), (32,28), (31,28), (30,28), (-4,-4), (-4,-4), (-4,-4)]
Turtle 5 :[(-5,-5), (43,29), (43,28), (42,28), (42,29), (41,29), (40,29), (39,29), (38,29), (39,29), (39,28)]

Shrinking Run 66
#Info# Executed steps before collision: 8, Found collision: false
Turtle 1 :[(-1,-1), (42,28), (42,28), (43,28), (43,27), (42,27), (41,27), (40,27), (39,27)]
Turtle 2 :[(-2,-2), (22,26), (21,26), (20,26), (19,26), (18,26), (18,25), (-2,-2), (-2,-2)]
Turtle 3 :[(-3,-3), (3,24), (2,24), (1,24), (1,23), (0,23), (0,22), (-3,-3), (-3,-3)]
Turtle 4 :[(-4,-4), (33,26), (32,26), (32,25), (32,25), (32,24), (31,24), (30,24), (-4,-4)]
Turtle 5 :[(-5,-5), (43,29), (43,28), (42,28), (41,28), (40,28), (39,28), (-5,-5), (-5,-5)]

Shrinking Run 67
#Info# Executed steps before collision: 3, Found collision: true
Turtle 1 :[(-1,-1), (42,28), (42,28), (42,28), (41,28), (40,28), (39,28), (39,28), (39,29), (39,28), (39,27), (-1,-1), (-1,-1)]
Turtle 2 :[(-2,-2), (22,26), (21,26), (20,26), (19,26), (18,26), (18,25), (-2,-2), (-2,-2), (-2,-2), (-2,-2), (-2,-2), (-2,-2)]
Turtle 3 :[(-3,-3), (3,24), (2,24), (1,24), (1,23), (0,23), (0,22), (-3,-3), (-3,-3), (-3,-3), (-3,-3), (-3,-3), (-3,-3)]
Turtle 4 :[(-4,-4), (33,26), (32,26), (31,26), (31,26), (30,26), (30,25), (29,25), (-4,-4), (-4,-4), (-4,-4), (-4,-4), (-4,-4)]
Turtle 5 :[(-5,-5), (43,29), (43,28), (42,28), (42,27), (41,27), (40,27), (39,27), (39,26), (39,27), (38,27), (39,27), (39,28)]

Shrinking Run 68
#Info# Executed steps before collision: 5, Found collision: true
Turtle 1 :[(-1,-1), (42,28), (42,28), (42,28), (41,28), (40,28), (39,28), (39,28), (39,27), (-1,-1), (-1,-1)]
Turtle 2 :[(-2,-2), (22,26), (21,26), (20,26), (19,26), (18,26), (18,25), (-2,-2), (-2,-2), (-2,-2), (-2,-2)]
Turtle 3 :[(-3,-3), (3,24), (2,24), (1,24), (1,23), (0,23), (0,22), (-3,-3), (-3,-3), (-3,-3), (-3,-3)]
Turtle 4 :[(-4,-4), (33,26), (32,26), (31,26), (31,26), (31,25), (30,25), (29,25), (-4,-4), (-4,-4), (-4,-4)]
Turtle 5 :[(-5,-5), (43,29), (42,29), (41,29), (40,29), (40,28), (40,29), (40,28), (41,28), (40,28), (39,28)]

Shrinking Run 69
#Info# Executed steps before collision: 3, Found collision: true
Turtle 1 :[(-1,-1), (42,28), (42,28), (42,28), (41,28), (40,28), (39,28), (39,28), (39,27), (-1,-1), (-1,-1)]
Turtle 2 :[(-2,-2), (22,26), (21,26), (20,26), (19,26), (18,26), (18,25), (-2,-2), (-2,-2), (-2,-2), (-2,-2)]
Turtle 3 :[(-3,-3), (3,24), (2,24), (1,24), (1,23), (0,23), (0,22), (-3,-3), (-3,-3), (-3,-3), (-3,-3)]
Turtle 4 :[(-4,-4), (33,26), (32,26), (32,25), (32,25), (31,25), (30,25), (29,25), (-4,-4), (-4,-4), (-4,-4)]
Turtle 5 :[(-5,-5), (43,29), (43,28), (42,28), (43,28), (43,29), (42,29), (41,29), (41,28), (40,28), (39,28)]

Shrinking Run 70
#Info# Executed steps before collision: 8, Found collision: false
Turtle 1 :[(-1,-1), (42,28), (42,28), (43,28), (43,27), (42,27), (41,27), (40,27), (39,27)]
Turtle 2 :[(-2,-2), (22,26), (21,26), (20,26), (19,26), (18,26), (18,25), (-2,-2), (-2,-2)]
Turtle 3 :[(-3,-3), (3,24), (2,24), (1,24), (1,23), (0,23), (0,22), (-3,-3), (-3,-3)]
Turtle 4 :[(-4,-4), (33,26), (32,26), (31,26), (31,26), (30,26), (29,26), (29,25), (-4,-4)]
Turtle 5 :[(-5,-5), (43,29), (43,28), (42,28), (41,28), (40,28), (39,28), (-5,-5), (-5,-5)]

Shrinking Run 71
#Info# Executed steps before collision: 3, Found collision: true
Turtle 1 :[(-1,-1), (42,28), (42,28), (42,28), (41,28), (40,28), (39,28), (39,28), (39,27), (-1,-1), (-1,-1)]
Turtle 2 :[(-2,-2), (22,26), (21,26), (20,26), (19,26), (18,26), (18,25), (-2,-2), (-2,-2), (-2,-2), (-2,-2)]
Turtle 3 :[(-3,-3), (3,24), (2,24), (1,24), (1,23), (0,23), (0,22), (-3,-3), (-3,-3), (-3,-3), (-3,-3)]
Turtle 4 :[(-4,-4), (33,26), (32,26), (31,26), (31,25), (30,25), (29,25), (-4,-4), (-4,-4), (-4,-4), (-4,-4)]
Turtle 5 :[(-5,-5), (43,29), (43,28), (42,28), (42,29), (41,29), (40,29), (40,28), (41,28), (40,28), (39,28)]

Shrinking Run 72
#Info# Executed steps before collision: 8, Found collision: false
Turtle 1 :[(-1,-1), (42,28), (42,28), (42,28), (41,28), (40,28), (39,28), (39,28), (39,27)]
Turtle 2 :[(-2,-2), (22,26), (21,26), (20,26), (19,26), (18,26), (18,25), (-2,-2), (-2,-2)]
Turtle 3 :[(-3,-3), (3,24), (2,24), (1,24), (1,23), (0,23), (0,22), (-3,-3), (-3,-3)]
Turtle 4 :[(-4,-4), (33,26), (32,26), (31,26), (30,26), (30,25), (29,25), (-4,-4), (-4,-4)]
Turtle 5 :[(-5,-5), (43,29), (43,29), (43,29), (43,28), (42,28), (41,28), (40,28), (39,28)]

Shrinking Run 73
#Info# Executed steps before collision: 9, Found collision: false
Turtle 1 :[(-1,-1), (42,28), (42,28), (42,28), (41,28), (40,28), (39,28), (39,28), (39,27), (-1,-1)]
Turtle 2 :[(-2,-2), (22,26), (21,26), (20,26), (19,26), (18,26), (18,25), (-2,-2), (-2,-2), (-2,-2)]
Turtle 3 :[(-3,-3), (3,24), (2,24), (1,24), (1,23), (0,23), (0,22), (-3,-3), (-3,-3), (-3,-3)]
Turtle 4 :[(-4,-4), (33,26), (32,26), (31,26), (31,25), (30,25), (29,25), (-4,-4), (-4,-4), (-4,-4)]
Turtle 5 :[(-5,-5), (43,29), (42,29), (41,29), (41,29), (41,30), (41,29), (41,28), (40,28), (39,28)]

Shrinking Run 74
#Info# Executed steps before collision: 7, Found collision: false
Turtle 1 :[(-1,-1), (42,28), (41,28), (40,28), (40,28), (40,27), (39,27), (38,27)]
Turtle 2 :[(-2,-2), (22,26), (21,26), (20,26), (19,26), (18,26), (18,25), (-2,-2)]
Turtle 3 :[(-3,-3), (3,24), (2,24), (1,24), (1,23), (0,23), (0,22), (-3,-3)]
Turtle 4 :[(-4,-4), (33,26), (32,26), (31,26), (31,25), (30,25), (29,25), (-4,-4)]
Turtle 5 :[(-5,-5), (43,29), (43,28), (42,28), (41,28), (40,28), (39,28), (-5,-5)]

Shrinking Run 75
#Info# Executed steps before collision: 7, Found collision: false
Turtle 1 :[(-1,-1), (42,28), (41,28), (41,27), (41,27), (41,26), (40,26), (40,25)]
Turtle 2 :[(-2,-2), (22,26), (21,26), (20,26), (19,26), (18,26), (18,25), (-2,-2)]
Turtle 3 :[(-3,-3), (3,24), (2,24), (1,24), (1,23), (0,23), (0,22), (-3,-3)]
Turtle 4 :[(-4,-4), (33,26), (32,26), (31,26), (31,25), (30,25), (29,25), (-4,-4)]
Turtle 5 :[(-5,-5), (43,29), (43,29), (43,28), (42,28), (41,28), (40,28), (39,28)]

Shrinking Run 76
#Info# Executed steps before collision: 7, Found collision: false
Turtle 1 :[(-1,-1), (42,28), (41,28), (41,27), (41,27), (41,26), (40,26), (39,26)]
Turtle 2 :[(-2,-2), (22,26), (21,26), (20,26), (19,26), (18,26), (18,25), (-2,-2)]
Turtle 3 :[(-3,-3), (3,24), (2,24), (1,24), (1,23), (0,23), (0,22), (-3,-3)]
Turtle 4 :[(-4,-4), (33,26), (32,26), (31,26), (31,25), (30,25), (29,25), (-4,-4)]
Turtle 5 :[(-5,-5), (43,29), (43,28), (42,28), (41,28), (40,28), (39,28), (-5,-5)]

Shrinking Run 77
#Info# Executed steps before collision: 8, Found collision: false
Turtle 1 :[(-1,-1), (42,28), (41,28), (40,28), (40,28), (40,27), (39,27), (39,26), (-1,-1)]
Turtle 2 :[(-2,-2), (22,26), (21,26), (20,26), (19,26), (18,26), (18,25), (-2,-2), (-2,-2)]
Turtle 3 :[(-3,-3), (3,24), (2,24), (1,24), (1,23), (0,23), (0,22), (-3,-3), (-3,-3)]
Turtle 4 :[(-4,-4), (33,26), (32,26), (31,26), (31,25), (30,25), (29,25), (-4,-4), (-4,-4)]
Turtle 5 :[(-5,-5), (43,29), (43,28), (43,29), (42,29), (41,29), (40,29), (39,29), (39,28)]

Shrinking Run 78
#Info# Executed steps before collision: 8, Found collision: false
Turtle 1 :[(-1,-1), (42,28), (41,28), (40,28), (39,28), (39,27), (-1,-1), (-1,-1), (-1,-1)]
Turtle 2 :[(-2,-2), (22,26), (21,26), (20,26), (19,26), (18,26), (18,25), (-2,-2), (-2,-2)]
Turtle 3 :[(-3,-3), (3,24), (2,24), (1,24), (1,23), (0,23), (0,22), (-3,-3), (-3,-3)]
Turtle 4 :[(-4,-4), (33,26), (32,26), (31,26), (31,25), (30,25), (29,25), (-4,-4), (-4,-4)]
Turtle 5 :[(-5,-5), (43,29), (43,30), (42,30), (42,29), (41,29), (41,28), (40,28), (39,28)]

Shrinking Run 79
#Info# Executed steps before collision: 7, Found collision: false
Turtle 1 :[(-1,-1), (42,28), (41,28), (41,28), (40,28), (39,28), (39,27), (-1,-1)]
Turtle 2 :[(-2,-2), (22,26), (21,26), (20,26), (19,26), (18,26), (18,25), (-2,-2)]
Turtle 3 :[(-3,-3), (3,24), (2,24), (1,24), (1,23), (0,23), (0,22), (-3,-3)]
Turtle 4 :[(-4,-4), (33,26), (32,26), (31,26), (31,25), (30,25), (29,25), (-4,-4)]
Turtle 5 :[(-5,-5), (43,29), (42,29), (42,28), (42,28), (41,28), (40,28), (39,28)]

Shrinking Run 80
#Info# Executed steps before collision: 8, Found collision: false
Turtle 1 :[(-1,-1), (42,28), (42,28), (41,28), (41,28), (40,28), (39,28), (39,27), (-1,-1)]
Turtle 2 :[(-2,-2), (22,26), (21,26), (20,26), (19,26), (18,26), (18,25), (-2,-2), (-2,-2)]
Turtle 3 :[(-3,-3), (3,24), (2,24), (1,24), (1,23), (0,23), (0,22), (-3,-3), (-3,-3)]
Turtle 4 :[(-4,-4), (33,26), (32,26), (31,26), (31,25), (30,25), (29,25), (-4,-4), (-4,-4)]
Turtle 5 :[(-5,-5), (43,29), (43,28), (42,28), (43,28), (42,28), (41,28), (40,28), (39,28)]

Shrinking Run 81
#Info# Executed steps before collision: 10, Found collision: false
Turtle 1 :[(-1,-1), (42,28), (41,28), (41,28), (41,28), (40,28), (40,28), (39,28), (39,27), (-1,-1), (-1,-1)]
Turtle 2 :[(-2,-2), (22,26), (21,26), (20,26), (19,26), (18,26), (18,25), (-2,-2), (-2,-2), (-2,-2), (-2,-2)]
Turtle 3 :[(-3,-3), (3,24), (2,24), (1,24), (1,23), (0,23), (0,22), (-3,-3), (-3,-3), (-3,-3), (-3,-3)]
Turtle 4 :[(-4,-4), (33,26), (32,26), (31,26), (31,25), (30,25), (29,25), (-4,-4), (-4,-4), (-4,-4), (-4,-4)]
Turtle 5 :[(-5,-5), (43,29), (43,28), (42,28), (42,27), (41,27), (40,27), (40,28), (40,29), (40,28), (39,28)]

Shrinking Run 82
#Info# Executed steps before collision: 9, Found collision: false
Turtle 1 :[(-1,-1), (42,28), (42,28), (41,28), (41,28), (40,28), (40,28), (39,28), (39,27), (-1,-1)]
Turtle 2 :[(-2,-2), (22,26), (21,26), (20,26), (19,26), (18,26), (18,25), (-2,-2), (-2,-2), (-2,-2)]
Turtle 3 :[(-3,-3), (3,24), (2,24), (1,24), (1,23), (0,23), (0,22), (-3,-3), (-3,-3), (-3,-3)]
Turtle 4 :[(-4,-4), (33,26), (32,26), (31,26), (31,25), (30,25), (29,25), (-4,-4), (-4,-4), (-4,-4)]
Turtle 5 :[(-5,-5), (43,29), (43,28), (42,28), (42,28), (41,28), (41,29), (40,29), (40,28), (39,28)]

Shrinking Run 83
#Info# Executed steps before collision: 3, Found collision: true
Turtle 1 :[(-1,-1), (42,28), (42,28), (42,28), (41,28), (40,28), (39,28), (39,28), (39,27), (-1,-1)]
Turtle 2 :[(-2,-2), (22,26), (21,26), (20,26), (19,26), (18,26), (17,26), (-2,-2), (-2,-2), (-2,-2)]
Turtle 3 :[(-3,-3), (3,24), (2,24), (1,24), (1,23), (0,23), (0,22), (-3,-3), (-3,-3), (-3,-3)]
Turtle 4 :[(-4,-4), (33,26), (32,26), (31,26), (31,25), (30,25), (29,25), (-4,-4), (-4,-4), (-4,-4)]
Turtle 5 :[(-5,-5), (43,29), (43,28), (42,28), (43,28), (42,28), (41,28), (40,28), (40,28), (39,28)]

Shrinking Run 84
#Info# Executed steps before collision: 8, Found collision: false
Turtle 1 :[(-1,-1), (42,28), (42,28), (41,28), (40,28), (39,28), (39,27), (-1,-1), (-1,-1)]
Turtle 2 :[(-2,-2), (22,26), (21,26), (20,26), (19,26), (18,26), (17,26), (-2,-2), (-2,-2)]
Turtle 3 :[(-3,-3), (3,24), (3,23), (3,23), (2,23), (1,23), (1,23), (0,23), (0,22)]
Turtle 4 :[(-4,-4), (33,26), (32,26), (31,26), (31,25), (30,25), (29,25), (-4,-4), (-4,-4)]
Turtle 5 :[(-5,-5), (43,29), (43,28), (42,28), (42,28), (41,28), (40,28), (39,28), (-5,-5)]

Shrinking Run 85
#Info# Executed steps before collision: 10, Found collision: false
Turtle 1 :[(-1,-1), (42,28), (42,28), (42,28), (41,28), (40,28), (39,28), (39,28), (39,27), (-1,-1), (-1,-1)]
Turtle 2 :[(-2,-2), (22,26), (21,26), (20,26), (19,26), (18,26), (17,26), (-2,-2), (-2,-2), (-2,-2), (-2,-2)]
Turtle 3 :[(-3,-3), (3,24), (2,24), (1,24), (1,23), (0,23), (0,22), (-3,-3), (-3,-3), (-3,-3), (-3,-3)]
Turtle 4 :[(-4,-4), (33,26), (32,26), (32,25), (32,25), (32,24), (31,24), (30,24), (-4,-4), (-4,-4), (-4,-4)]
Turtle 5 :[(-5,-5), (43,29), (43,29), (43,28), (43,28), (42,28), (41,28), (40,28), (40,29), (40,28), (39,28)]

Shrinking Run 86
#Info# Executed steps before collision: 3, Found collision: true
Turtle 1 :[(-1,-1), (42,28), (42,28), (42,28), (41,28), (40,28), (39,28), (39,28), (39,27), (-1,-1)]
Turtle 2 :[(-2,-2), (22,26), (21,26), (20,26), (19,26), (18,26), (17,26), (-2,-2), (-2,-2), (-2,-2)]
Turtle 3 :[(-3,-3), (3,24), (2,24), (1,24), (1,23), (0,23), (0,22), (-3,-3), (-3,-3), (-3,-3)]
Turtle 4 :[(-4,-4), (33,26), (32,26), (31,26), (31,26), (30,26), (29,26), (29,25), (-4,-4), (-4,-4)]
Turtle 5 :[(-5,-5), (43,29), (43,28), (42,28), (42,28), (41,28), (42,28), (41,28), (40,28), (39,28)]

Shrinking Run 87
#Info# Executed steps before collision: 3, Found collision: true
Turtle 1 :[(-1,-1), (42,28), (42,28), (42,28), (41,28), (40,28), (39,28), (39,28), (39,27), (-1,-1), (-1,-1)]
Turtle 2 :[(-2,-2), (22,26), (21,26), (20,26), (19,26), (18,26), (17,26), (-2,-2), (-2,-2), (-2,-2), (-2,-2)]
Turtle 3 :[(-3,-3), (3,24), (2,24), (1,24), (1,23), (0,23), (0,22), (-3,-3), (-3,-3), (-3,-3), (-3,-3)]
Turtle 4 :[(-4,-4), (33,26), (32,26), (31,26), (31,26), (30,26), (29,26), (28,26), (-4,-4), (-4,-4), (-4,-4)]
Turtle 5 :[(-5,-5), (43,29), (43,28), (42,28), (42,27), (41,27), (40,27), (40,28), (40,29), (40,28), (39,28)]

Shrinking Run 88
#Info# Executed steps before collision: 3, Found collision: true
Turtle 1 :[(-1,-1), (42,28), (42,28), (42,28), (41,28), (40,28), (39,28), (39,28), (39,27), (-1,-1), (-1,-1)]
Turtle 2 :[(-2,-2), (22,26), (21,26), (20,26), (19,26), (18,26), (17,26), (-2,-2), (-2,-2), (-2,-2), (-2,-2)]
Turtle 3 :[(-3,-3), (3,24), (2,24), (1,24), (1,23), (0,23), (0,22), (-3,-3), (-3,-3), (-3,-3), (-3,-3)]
Turtle 4 :[(-4,-4), (33,26), (32,26), (31,26), (30,26), (29,26), (28,26), (-4,-4), (-4,-4), (-4,-4), (-4,-4)]
Turtle 5 :[(-5,-5), (43,29), (43,28), (42,28), (43,28), (42,28), (41,28), (40,28), (40,29), (40,28), (39,28)]

Shrinking Run 89
#Info# Executed steps before collision: 9, Found collision: false
Turtle 1 :[(-1,-1), (42,28), (42,28), (42,28), (41,28), (40,28), (39,28), (39,28), (39,27), (-1,-1)]
Turtle 2 :[(-2,-2), (22,26), (21,26), (20,26), (19,26), (18,26), (17,26), (-2,-2), (-2,-2), (-2,-2)]
Turtle 3 :[(-3,-3), (3,24), (2,24), (1,24), (1,23), (0,23), (0,22), (-3,-3), (-3,-3), (-3,-3)]
Turtle 4 :[(-4,-4), (33,26), (32,26), (31,26), (30,26), (29,26), (28,26), (-4,-4), (-4,-4), (-4,-4)]
Turtle 5 :[(-5,-5), (43,29), (43,29), (42,29), (41,29), (41,29), (41,29), (41,28), (40,28), (39,28)]

Shrinking Run 90
#Info# Executed steps before collision: 8, Found collision: false
Turtle 1 :[(-1,-1), (42,28), (41,28), (40,28), (40,28), (40,27), (39,27), (38,27), (-1,-1)]
Turtle 2 :[(-2,-2), (22,26), (21,26), (20,26), (19,26), (18,26), (17,26), (-2,-2), (-2,-2)]
Turtle 3 :[(-3,-3), (3,24), (2,24), (1,24), (1,23), (0,23), (0,22), (-3,-3), (-3,-3)]
Turtle 4 :[(-4,-4), (33,26), (32,26), (31,26), (30,26), (29,26), (28,26), (-4,-4), (-4,-4)]
Turtle 5 :[(-5,-5), (43,29), (43,30), (43,29), (43,28), (42,28), (41,28), (40,28), (39,28)]

Shrinking Run 91
#Info# Executed steps before collision: 7, Found collision: false
Turtle 1 :[(-1,-1), (42,28), (41,28), (41,27), (41,27), (41,26), (40,26), (40,25)]
Turtle 2 :[(-2,-2), (22,26), (21,26), (20,26), (19,26), (18,26), (17,26), (-2,-2)]
Turtle 3 :[(-3,-3), (3,24), (2,24), (1,24), (1,23), (0,23), (0,22), (-3,-3)]
Turtle 4 :[(-4,-4), (33,26), (32,26), (31,26), (30,26), (29,26), (28,26), (-4,-4)]
Turtle 5 :[(-5,-5), (43,29), (43,28), (42,28), (41,28), (40,28), (39,28), (-5,-5)]

Shrinking Run 92
#Info# Executed steps before collision: 8, Found collision: false
Turtle 1 :[(-1,-1), (42,28), (41,28), (41,27), (41,27), (41,26), (40,26), (39,26), (-1,-1)]
Turtle 2 :[(-2,-2), (22,26), (21,26), (20,26), (19,26), (18,26), (17,26), (-2,-2), (-2,-2)]
Turtle 3 :[(-3,-3), (3,24), (2,24), (1,24), (1,23), (0,23), (0,22), (-3,-3), (-3,-3)]
Turtle 4 :[(-4,-4), (33,26), (32,26), (31,26), (30,26), (29,26), (28,26), (-4,-4), (-4,-4)]
Turtle 5 :[(-5,-5), (43,29), (44,29), (43,29), (42,29), (42,28), (41,28), (40,28), (39,28)]

Shrinking Run 93
#Info# Executed steps before collision: 8, Found collision: false
Turtle 1 :[(-1,-1), (42,28), (41,28), (40,28), (40,28), (40,27), (39,27), (39,26), (-1,-1)]
Turtle 2 :[(-2,-2), (22,26), (21,26), (20,26), (19,26), (18,26), (17,26), (-2,-2), (-2,-2)]
Turtle 3 :[(-3,-3), (3,24), (2,24), (1,24), (1,23), (0,23), (0,22), (-3,-3), (-3,-3)]
Turtle 4 :[(-4,-4), (33,26), (32,26), (31,26), (30,26), (29,26), (28,26), (-4,-4), (-4,-4)]
Turtle 5 :[(-5,-5), (43,29), (43,30), (43,29), (42,29), (41,29), (40,29), (40,28), (39,28)]

Shrinking Run 94
#Info# Executed steps before collision: 8, Found collision: false
Turtle 1 :[(-1,-1), (42,28), (41,28), (40,28), (39,28), (39,27), (-1,-1), (-1,-1), (-1,-1)]
Turtle 2 :[(-2,-2), (22,26), (21,26), (20,26), (19,26), (18,26), (17,26), (-2,-2), (-2,-2)]
Turtle 3 :[(-3,-3), (3,24), (2,24), (1,24), (1,23), (0,23), (0,22), (-3,-3), (-3,-3)]
Turtle 4 :[(-4,-4), (33,26), (32,26), (31,26), (30,26), (29,26), (28,26), (-4,-4), (-4,-4)]
Turtle 5 :[(-5,-5), (43,29), (44,29), (44,28), (43,28), (42,28), (41,28), (40,28), (39,28)]

Shrinking Run 95
#Info# Executed steps before collision: 8, Found collision: false
Turtle 1 :[(-1,-1), (42,28), (41,28), (41,28), (40,28), (39,28), (39,27), (-1,-1), (-1,-1)]
Turtle 2 :[(-2,-2), (22,26), (21,26), (20,26), (19,26), (18,26), (17,26), (-2,-2), (-2,-2)]
Turtle 3 :[(-3,-3), (3,24), (2,24), (1,24), (1,23), (0,23), (0,22), (-3,-3), (-3,-3)]
Turtle 4 :[(-4,-4), (33,26), (32,26), (31,26), (30,26), (29,26), (28,26), (-4,-4), (-4,-4)]
Turtle 5 :[(-5,-5), (43,29), (43,28), (44,28), (43,28), (42,28), (41,28), (40,28), (39,28)]

Shrinking Run 96
#Info# Executed steps before collision: 9, Found collision: false
Turtle 1 :[(-1,-1), (42,28), (42,28), (41,28), (41,28), (40,28), (39,28), (39,27), (-1,-1), (-1,-1)]
Turtle 2 :[(-2,-2), (22,26), (21,26), (20,26), (19,26), (18,26), (17,26), (-2,-2), (-2,-2), (-2,-2)]
Turtle 3 :[(-3,-3), (3,24), (2,24), (1,24), (1,23), (0,23), (0,22), (-3,-3), (-3,-3), (-3,-3)]
Turtle 4 :[(-4,-4), (33,26), (32,26), (31,26), (30,26), (29,26), (28,26), (-4,-4), (-4,-4), (-4,-4)]
Turtle 5 :[(-5,-5), (43,29), (42,29), (41,29), (41,29), (41,28), (40,28), (41,28), (40,28), (39,28)]

Shrinking Run 97
#Info# Executed steps before collision: 10, Found collision: false
Turtle 1 :[(-1,-1), (42,28), (41,28), (41,28), (41,28), (40,28), (40,28), (39,28), (39,27), (-1,-1), (-1,-1)]
Turtle 2 :[(-2,-2), (22,26), (21,26), (20,26), (19,26), (18,26), (17,26), (-2,-2), (-2,-2), (-2,-2), (-2,-2)]
Turtle 3 :[(-3,-3), (3,24), (2,24), (1,24), (1,23), (0,23), (0,22), (-3,-3), (-3,-3), (-3,-3), (-3,-3)]
Turtle 4 :[(-4,-4), (33,26), (32,26), (31,26), (30,26), (29,26), (28,26), (-4,-4), (-4,-4), (-4,-4), (-4,-4)]
Turtle 5 :[(-5,-5), (43,29), (43,28), (42,28), (43,28), (42,28), (41,28), (41,27), (41,28), (40,28), (39,28)]

Shrinking Run 98
#Info# Executed steps before collision: 10, Found collision: false
Turtle 1 :[(-1,-1), (42,28), (42,28), (41,28), (41,28), (40,28), (40,28), (39,28), (39,27), (-1,-1), (-1,-1)]
Turtle 2 :[(-2,-2), (22,26), (21,26), (20,26), (19,26), (18,26), (17,26), (-2,-2), (-2,-2), (-2,-2), (-2,-2)]
Turtle 3 :[(-3,-3), (3,24), (2,24), (1,24), (1,23), (0,23), (0,22), (-3,-3), (-3,-3), (-3,-3), (-3,-3)]
Turtle 4 :[(-4,-4), (33,26), (32,26), (31,26), (30,26), (29,26), (28,26), (-4,-4), (-4,-4), (-4,-4), (-4,-4)]
Turtle 5 :[(-5,-5), (43,29), (43,28), (43,29), (43,28), (42,28), (41,28), (40,28), (41,28), (40,28), (39,28)]

Shrinking Run 99
#Info# Executed steps before collision: 3, Found collision: true
Turtle 1 :[(-1,-1), (42,28), (42,28), (42,28), (41,28), (40,28), (39,28), (39,28), (39,27), (-1,-1), (-1,-1)]
Turtle 2 :[(-2,-2), (22,26), (21,26), (20,26), (19,26), (18,26), (17,26), (-2,-2), (-2,-2), (-2,-2), (-2,-2)]
Turtle 3 :[(-3,-3), (3,24), (3,23), (3,23), (2,23), (1,23), (1,23), (0,23), (0,22), (-3,-3), (-3,-3)]
Turtle 4 :[(-4,-4), (33,26), (32,26), (31,26), (30,26), (29,26), (28,26), (-4,-4), (-4,-4), (-4,-4), (-4,-4)]
Turtle 5 :[(-5,-5), (43,29), (43,28), (42,28), (42,29), (42,28), (41,28), (40,28), (40,29), (40,28), (39,28)]

Shrinking Run 100
#Info# Executed steps before collision: 10, Found collision: false
Turtle 1 :[(-1,-1), (42,28), (42,28), (42,29), (41,29), (41,28), (41,27), (40,27), (39,27), (-1,-1), (-1,-1)]
Turtle 2 :[(-2,-2), (22,26), (21,26), (20,26), (19,26), (18,26), (17,26), (-2,-2), (-2,-2), (-2,-2), (-2,-2)]
Turtle 3 :[(-3,-3), (3,24), (2,24), (1,24), (0,24), (0,23), (0,22), (-3,-3), (-3,-3), (-3,-3), (-3,-3)]
Turtle 4 :[(-4,-4), (33,26), (32,26), (31,26), (30,26), (29,26), (28,26), (-4,-4), (-4,-4), (-4,-4), (-4,-4)]
Turtle 5 :[(-5,-5), (43,29), (43,28), (43,27), (42,27), (43,27), (42,27), (41,27), (41,28), (40,28), (39,28)]

Shrinking Run 101
#Info# Executed steps before collision: 3, Found collision: true
Turtle 1 :[(-1,-1), (42,28), (42,28), (42,28), (41,28), (40,28), (39,28), (39,28), (39,27)]
Turtle 2 :[(-2,-2), (22,26), (21,26), (20,26), (19,26), (18,26), (17,26), (-2,-2), (-2,-2)]
Turtle 3 :[(-3,-3), (3,24), (2,24), (2,23), (1,23), (0,23), (0,23), (0,22), (-3,-3)]
Turtle 4 :[(-4,-4), (33,26), (32,26), (31,26), (30,26), (29,26), (28,26), (-4,-4), (-4,-4)]
Turtle 5 :[(-5,-5), (43,29), (43,28), (42,28), (42,27), (41,27), (41,28), (40,28), (39,28)]

Shrinking Run 102
#Info# Executed steps before collision: 3, Found collision: true
Turtle 1 :[(-1,-1), (42,28), (42,28), (42,28), (41,28), (40,28), (39,28), (39,28), (39,27), (-1,-1), (-1,-1)]
Turtle 2 :[(-2,-2), (22,26), (21,26), (20,26), (19,26), (18,26), (17,26), (-2,-2), (-2,-2), (-2,-2), (-2,-2)]
Turtle 3 :[(-3,-3), (3,24), (2,24), (1,24), (0,24), (0,23), (0,23), (0,22), (-3,-3), (-3,-3), (-3,-3)]
Turtle 4 :[(-4,-4), (33,26), (32,26), (31,26), (30,26), (29,26), (28,26), (-4,-4), (-4,-4), (-4,-4), (-4,-4)]
Turtle 5 :[(-5,-5), (43,29), (43,28), (42,28), (42,29), (42,30), (41,30), (41,29), (40,29), (40,28), (39,28)]

Shrinking Run 103
#Info# Executed steps before collision: 3, Found collision: true
Turtle 1 :[(-1,-1), (42,28), (42,28), (42,28), (41,28), (40,28), (39,28), (39,28), (39,27), (-1,-1), (-1,-1)]
Turtle 2 :[(-2,-2), (22,26), (21,26), (20,26), (19,26), (18,26), (17,26), (-2,-2), (-2,-2), (-2,-2), (-2,-2)]
Turtle 3 :[(-3,-3), (3,24), (2,24), (1,24), (0,24), (0,23), (0,23), (0,22), (-3,-3), (-3,-3), (-3,-3)]
Turtle 4 :[(-4,-4), (33,26), (32,26), (32,25), (32,25), (32,24), (31,24), (30,24), (-4,-4), (-4,-4), (-4,-4)]
Turtle 5 :[(-5,-5), (43,29), (43,28), (42,28), (42,28), (41,28), (40,28), (40,28), (41,28), (40,28), (39,28)]

Shrinking Run 104
#Info# Executed steps before collision: 8, Found collision: false
Turtle 1 :[(-1,-1), (42,28), (42,28), (42,27), (41,27), (40,27), (39,27), (-1,-1), (-1,-1)]
Turtle 2 :[(-2,-2), (22,26), (21,26), (20,26), (19,26), (18,26), (17,26), (-2,-2), (-2,-2)]
Turtle 3 :[(-3,-3), (3,24), (2,24), (1,24), (0,24), (0,23), (0,23), (0,22), (-3,-3)]
Turtle 4 :[(-4,-4), (33,26), (32,26), (32,25), (32,25), (31,25), (31,24), (30,24), (-4,-4)]
Turtle 5 :[(-5,-5), (43,29), (43,28), (43,27), (43,28), (42,28), (41,28), (40,28), (39,28)]

Shrinking Run 105
#Info# Executed steps before collision: 3, Found collision: true
Turtle 1 :[(-1,-1), (42,28), (42,28), (42,28), (41,28), (40,28), (39,28), (39,28), (39,27), (-1,-1), (-1,-1)]
Turtle 2 :[(-2,-2), (22,26), (21,26), (20,26), (19,26), (18,26), (17,26), (-2,-2), (-2,-2), (-2,-2), (-2,-2)]
Turtle 3 :[(-3,-3), (3,24), (2,24), (1,24), (0,24), (0,23), (0,23), (0,22), (-3,-3), (-3,-3), (-3,-3)]
Turtle 4 :[(-4,-4), (33,26), (32,26), (31,26), (31,26), (31,25), (31,24), (30,24), (-4,-4), (-4,-4), (-4,-4)]
Turtle 5 :[(-5,-5), (43,29), (43,28), (42,28), (42,28), (41,28), (41,28), (40,28), (41,28), (40,28), (39,28)]

Shrinking Run 106
#Info# Executed steps before collision: 10, Found collision: false
Turtle 1 :[(-1,-1), (42,28), (42,28), (42,28), (41,28), (40,28), (39,28), (39,28), (39,27), (-1,-1), (-1,-1)]
Turtle 2 :[(-2,-2), (22,26), (21,26), (20,26), (19,26), (18,26), (17,26), (-2,-2), (-2,-2), (-2,-2), (-2,-2)]
Turtle 3 :[(-3,-3), (3,24), (2,24), (1,24), (0,24), (0,23), (0,23), (0,22), (-3,-3), (-3,-3), (-3,-3)]
Turtle 4 :[(-4,-4), (33,26), (32,26), (31,26), (31,26), (31,25), (30,25), (29,25), (-4,-4), (-4,-4), (-4,-4)]
Turtle 5 :[(-5,-5), (43,29), (44,29), (43,29), (42,29), (41,29), (40,29), (39,29), (40,29), (40,28), (39,28)]

Shrinking Run 107
#Info# Executed steps before collision: 3, Found collision: true
Turtle 1 :[(-1,-1), (42,28), (42,28), (42,28), (41,28), (40,28), (39,28), (39,28), (39,27), (-1,-1)]
Turtle 2 :[(-2,-2), (22,26), (21,26), (20,26), (19,26), (18,26), (17,26), (-2,-2), (-2,-2), (-2,-2)]
Turtle 3 :[(-3,-3), (3,24), (2,24), (1,24), (0,24), (0,23), (0,23), (0,22), (-3,-3), (-3,-3)]
Turtle 4 :[(-4,-4), (33,26), (32,26), (31,26), (31,25), (31,24), (30,24), (-4,-4), (-4,-4), (-4,-4)]
Turtle 5 :[(-5,-5), (43,29), (43,28), (42,28), (43,28), (42,28), (41,28), (40,28), (40,28), (39,28)]

Shrinking Run 108
#Info# Executed steps before collision: 9, Found collision: false
Turtle 1 :[(-1,-1), (42,28), (42,28), (42,28), (41,28), (40,28), (39,28), (39,28), (39,27), (-1,-1)]
Turtle 2 :[(-2,-2), (22,26), (21,26), (20,26), (19,26), (18,26), (17,26), (-2,-2), (-2,-2), (-2,-2)]
Turtle 3 :[(-3,-3), (3,24), (2,24), (1,24), (0,24), (0,23), (0,23), (0,22), (-3,-3), (-3,-3)]
Turtle 4 :[(-4,-4), (33,26), (33,25), (32,25), (32,24), (31,24), (30,24), (-4,-4), (-4,-4), (-4,-4)]
Turtle 5 :[(-5,-5), (43,29), (43,29), (43,28), (44,28), (43,28), (42,28), (41,28), (40,28), (39,28)]

Shrinking Run 109
#Info# Executed steps before collision: 3, Found collision: true
Turtle 1 :[(-1,-1), (42,28), (42,28), (42,28), (41,28), (40,28), (39,28), (39,28), (39,27), (-1,-1)]
Turtle 2 :[(-2,-2), (22,26), (21,26), (20,26), (19,26), (18,26), (17,26), (-2,-2), (-2,-2), (-2,-2)]
Turtle 3 :[(-3,-3), (3,24), (2,24), (1,24), (0,24), (0,23), (0,23), (0,22), (-3,-3), (-3,-3)]
Turtle 4 :[(-4,-4), (33,26), (32,26), (32,25), (32,24), (31,24), (30,24), (-4,-4), (-4,-4), (-4,-4)]
Turtle 5 :[(-5,-5), (43,29), (43,28), (42,28), (42,28), (41,28), (42,28), (41,28), (40,28), (39,28)]

Shrinking Run 110
#Info# Executed steps before collision: 7, Found collision: false
Turtle 1 :[(-1,-1), (42,28), (42,28), (41,28), (41,27), (40,27), (39,27), (-1,-1)]
Turtle 2 :[(-2,-2), (22,26), (21,26), (20,26), (19,26), (18,26), (17,26), (-2,-2)]
Turtle 3 :[(-3,-3), (3,24), (2,24), (1,24), (0,24), (0,23), (0,23), (0,22)]
Turtle 4 :[(-4,-4), (33,26), (32,26), (32,25), (31,25), (31,24), (30,24), (-4,-4)]
Turtle 5 :[(-5,-5), (43,29), (43,28), (42,28), (42,28), (41,28), (40,28), (39,28)]

Shrinking Run 111
#Info# Executed steps before collision: 10, Found collision: false
Turtle 1 :[(-1,-1), (42,28), (42,28), (42,28), (41,28), (40,28), (39,28), (39,28), (39,27), (-1,-1), (-1,-1)]
Turtle 2 :[(-2,-2), (22,26), (21,26), (20,26), (19,26), (18,26), (17,26), (-2,-2), (-2,-2), (-2,-2), (-2,-2)]
Turtle 3 :[(-3,-3), (3,24), (2,24), (1,24), (0,24), (0,23), (0,23), (0,22), (-3,-3), (-3,-3), (-3,-3)]
Turtle 4 :[(-4,-4), (33,26), (32,26), (32,25), (32,24), (31,24), (30,24), (-4,-4), (-4,-4), (-4,-4), (-4,-4)]
Turtle 5 :[(-5,-5), (43,29), (42,29), (41,29), (41,29), (41,29), (41,28), (40,28), (40,29), (39,29), (39,28)]

Shrinking Run 112
#Info# Executed steps before collision: 7, Found collision: false
Turtle 1 :[(-1,-1), (42,28), (41,28), (40,28), (40,28), (40,27), (39,27), (38,27)]
Turtle 2 :[(-2,-2), (22,26), (21,26), (20,26), (19,26), (18,26), (17,26), (-2,-2)]
Turtle 3 :[(-3,-3), (3,24), (2,24), (1,24), (0,24), (0,23), (0,23), (0,22)]
Turtle 4 :[(-4,-4), (33,26), (32,26), (32,25), (32,24), (31,24), (30,24), (-4,-4)]
Turtle 5 :[(-5,-5), (43,29), (43,28), (42,28), (41,28), (40,28), (39,28), (-5,-5)]

Shrinking Run 113
#Info# Executed steps before collision: 7, Found collision: false
Turtle 1 :[(-1,-1), (42,28), (41,28), (41,27), (41,27), (41,26), (40,26), (40,25)]
Turtle 2 :[(-2,-2), (22,26), (21,26), (20,26), (19,26), (18,26), (17,26), (-2,-2)]
Turtle 3 :[(-3,-3), (3,24), (2,24), (1,24), (0,24), (0,23), (0,23), (0,22)]
Turtle 4 :[(-4,-4), (33,26), (32,26), (32,25), (32,24), (31,24), (30,24), (-4,-4)]
Turtle 5 :[(-5,-5), (43,29), (42,29), (42,29), (41,29), (40,29), (40,28), (39,28)]

Shrinking Run 114
#Info# Executed steps before collision: 7, Found collision: false
Turtle 1 :[(-1,-1), (42,28), (41,28), (41,27), (41,27), (41,26), (40,26), (39,26)]
Turtle 2 :[(-2,-2), (22,26), (21,26), (20,26), (19,26), (18,26), (17,26), (-2,-2)]
Turtle 3 :[(-3,-3), (3,24), (2,24), (1,24), (0,24), (0,23), (0,23), (0,22)]
Turtle 4 :[(-4,-4), (33,26), (32,26), (32,25), (32,24), (31,24), (30,24), (-4,-4)]
Turtle 5 :[(-5,-5), (43,29), (43,28), (42,28), (41,28), (40,28), (39,28), (-5,-5)]

Shrinking Run 115
#Info# Executed steps before collision: 7, Found collision: false
Turtle 1 :[(-1,-1), (42,28), (41,28), (40,28), (40,28), (40,27), (39,27), (39,26)]
Turtle 2 :[(-2,-2), (22,26), (21,26), (20,26), (19,26), (18,26), (17,26), (-2,-2)]
Turtle 3 :[(-3,-3), (3,24), (2,24), (1,24), (0,24), (0,23), (0,23), (0,22)]
Turtle 4 :[(-4,-4), (33,26), (32,26), (32,25), (32,24), (31,24), (30,24), (-4,-4)]
Turtle 5 :[(-5,-5), (43,29), (43,28), (42,28), (41,28), (40,28), (39,28), (-5,-5)]

Shrinking Run 116
#Info# Executed steps before collision: 7, Found collision: false
Turtle 1 :[(-1,-1), (42,28), (41,28), (40,28), (39,28), (39,27), (-1,-1), (-1,-1)]
Turtle 2 :[(-2,-2), (22,26), (21,26), (20,26), (19,26), (18,26), (17,26), (-2,-2)]
Turtle 3 :[(-3,-3), (3,24), (2,24), (1,24), (0,24), (0,23), (0,23), (0,22)]
Turtle 4 :[(-4,-4), (33,26), (32,26), (32,25), (32,24), (31,24), (30,24), (-4,-4)]
Turtle 5 :[(-5,-5), (43,29), (43,28), (43,28), (42,28), (41,28), (40,28), (39,28)]

Shrinking Run 117
#Info# Executed steps before collision: 8, Found collision: false
Turtle 1 :[(-1,-1), (42,28), (41,28), (41,28), (40,28), (39,28), (39,27), (-1,-1), (-1,-1)]
Turtle 2 :[(-2,-2), (22,26), (21,26), (20,26), (19,26), (18,26), (17,26), (-2,-2), (-2,-2)]
Turtle 3 :[(-3,-3), (3,24), (2,24), (1,24), (0,24), (0,23), (0,23), (0,22), (-3,-3)]
Turtle 4 :[(-4,-4), (33,26), (32,26), (32,25), (32,24), (31,24), (30,24), (-4,-4), (-4,-4)]
Turtle 5 :[(-5,-5), (43,29), (43,28), (42,28), (43,28), (42,28), (41,28), (40,28), (39,28)]

Shrinking Run 118
#Info# Executed steps before collision: 8, Found collision: false
Turtle 1 :[(-1,-1), (42,28), (42,28), (41,28), (41,28), (40,28), (39,28), (39,27), (-1,-1)]
Turtle 2 :[(-2,-2), (22,26), (21,26), (20,26), (19,26), (18,26), (17,26), (-2,-2), (-2,-2)]
Turtle 3 :[(-3,-3), (3,24), (2,24), (1,24), (0,24), (0,23), (0,23), (0,22), (-3,-3)]
Turtle 4 :[(-4,-4), (33,26), (32,26), (32,25), (32,24), (31,24), (30,24), (-4,-4), (-4,-4)]
Turtle 5 :[(-5,-5), (43,29), (43,28), (44,28), (43,28), (42,28), (41,28), (40,28), (39,28)]

Shrinking Run 119
#Info# Executed steps before collision: 14, Found collision: false
Turtle 1 :[(-1,-1), (42,28), (41,28), (41,28), (41,28), (40,28), (40,28), (39,28), (39,29), (39,28), (39,27), (-1,-1), (-1,-1), (-1,-1), (-1,-1)]
Turtle 2 :[(-2,-2), (22,26), (21,26), (20,26), (19,26), (18,26), (17,26), (-2,-2), (-2,-2), (-2,-2), (-2,-2), (-2,-2), (-2,-2), (-2,-2), (-2,-2)]
Turtle 3 :[(-3,-3), (3,24), (2,24), (1,24), (0,24), (0,23), (0,23), (0,22), (-3,-3), (-3,-3), (-3,-3), (-3,-3), (-3,-3), (-3,-3), (-3,-3)]
Turtle 4 :[(-4,-4), (33,26), (32,26), (32,25), (32,24), (31,24), (30,24), (-4,-4), (-4,-4), (-4,-4), (-4,-4), (-4,-4), (-4,-4), (-4,-4), (-4,-4)]
Turtle 5 :[(-5,-5), (43,29), (43,28), (42,28), (42,27), (41,27), (40,27), (39,27), (39,27), (39,27), (38,27), (38,26), (38,27), (39,27), (39,28)]

Shrinking Run 120
#Info# Executed steps before collision: 10, Found collision: false
Turtle 1 :[(-1,-1), (42,28), (42,28), (41,28), (41,28), (40,28), (40,28), (39,28), (39,27), (-1,-1), (-1,-1)]
Turtle 2 :[(-2,-2), (22,26), (21,26), (20,26), (19,26), (18,26), (17,26), (-2,-2), (-2,-2), (-2,-2), (-2,-2)]
Turtle 3 :[(-3,-3), (3,24), (2,24), (1,24), (0,24), (0,23), (0,23), (0,22), (-3,-3), (-3,-3), (-3,-3)]
Turtle 4 :[(-4,-4), (33,26), (32,26), (32,25), (32,24), (31,24), (30,24), (-4,-4), (-4,-4), (-4,-4), (-4,-4)]
Turtle 5 :[(-5,-5), (43,29), (43,28), (42,28), (42,29), (43,29), (42,29), (42,28), (41,28), (40,28), (39,28)]

Shrink Run 121
#Info# Executed steps before collision: 9, Found collision: false
Turtle 1 :[(-1,-1), (42,28), (42,28), (42,28), (41,28), (40,28), (39,28), (39,28), (39,27), (-1,-1)]
Turtle 2 :[(-2,-2), (22,26), (21,26), (20,26), (19,26), (18,26), (17,26), (-2,-2), (-2,-2), (-2,-2)]
Turtle 3 :[(-3,-3), (3,24), (2,24), (1,24), (0,24), (0,23), (0,22), (-3,-3), (-3,-3), (-3,-3)]
Turtle 4 :[(-4,-4), (33,26), (32,26), (32,25), (32,24), (31,24), (30,24), (-4,-4), (-4,-4), (-4,-4)]
Turtle 5 :[(-5,-5), (43,29), (43,29), (43,28), (43,27), (42,27), (41,27), (40,27), (40,28), (39,28)]

