Shrinking Run 1
#Info# Executed steps before collision: 11, Found collision: false
Turtle 1 :[(-1,-1), (10,39), (9,39), (8,39), (7,39), (6,39), (6,39), (6,39), (5,39), (-1,-1), (-1,-1), (-1,-1)]
Turtle 2 :[(-2,-2), (38,31), (38,31), (38,32), (38,31), (38,32), (-2,-2), (-2,-2), (-2,-2), (-2,-2), (-2,-2), (-2,-2)]
Turtle 3 :[(-3,-3), (38,33), (38,33), (37,33), (36,33), (35,33), (35,32), (35,31), (-3,-3), (-3,-3), (-3,-3), (-3,-3)]
Turtle 4 :[(-4,-4), (9,43), (9,42), (9,41), (9,40), (9,39), (-4,-4), (-4,-4), (-4,-4), (-4,-4), (-4,-4), (-4,-4)]
Turtle 5 :[(-5,-5), (24,33), (24,33), (25,33), (25,34), (25,34), (25,34), (25,34), (26,34), (26,34), (26,35), (27,35)]

Shrinking Run 2
#Info# Executed steps before collision: 11, Found collision: false
Turtle 1 :[(-1,-1), (10,39), (9,39), (8,39), (8,39), (8,39), (7,39), (-1,-1), (-1,-1), (-1,-1), (-1,-1), (-1,-1)]
Turtle 2 :[(-2,-2), (38,31), (38,31), (38,32), (38,31), (38,32), (-2,-2), (-2,-2), (-2,-2), (-2,-2), (-2,-2), (-2,-2)]
Turtle 3 :[(-3,-3), (38,33), (38,33), (39,33), (38,33), (37,33), (36,33), (36,32), (35,32), (35,31), (-3,-3), (-3,-3)]
Turtle 4 :[(-4,-4), (9,43), (9,42), (9,41), (9,40), (9,39), (-4,-4), (-4,-4), (-4,-4), (-4,-4), (-4,-4), (-4,-4)]
Turtle 5 :[(-5,-5), (24,33), (24,33), (25,33), (25,34), (25,34), (25,34), (25,34), (26,34), (26,34), (26,35), (27,35)]

Shrinking Run 3
#Info# Executed steps before collision: 11, Found collision: false
Turtle 1 :[(-1,-1), (10,39), (10,39), (10,39), (11,39), (-1,-1), (-1,-1), (-1,-1), (-1,-1), (-1,-1), (-1,-1), (-1,-1)]
Turtle 2 :[(-2,-2), (38,31), (38,31), (38,32), (38,31), (38,32), (-2,-2), (-2,-2), (-2,-2), (-2,-2), (-2,-2), (-2,-2)]
Turtle 3 :[(-3,-3), (38,33), (38,33), (38,34), (38,33), (38,34), (38,33), (37,33), (37,32), (37,31), (36,31), (35,31)]
Turtle 4 :[(-4,-4), (9,43), (9,42), (9,41), (9,40), (9,39), (-4,-4), (-4,-4), (-4,-4), (-4,-4), (-4,-4), (-4,-4)]
Turtle 5 :[(-5,-5), (24,33), (24,33), (25,33), (25,34), (25,34), (25,34), (25,34), (26,34), (26,34), (26,35), (27,35)]

Shrinking Run 4
#Info# Executed steps before collision: 11, Found collision: false
Turtle 1 :[(-1,-1), (10,39), (11,39), (12,39), (12,39), (12,39), (13,39), (-1,-1), (-1,-1), (-1,-1), (-1,-1), (-1,-1)]
Turtle 2 :[(-2,-2), (38,31), (38,31), (38,32), (38,31), (38,32), (-2,-2), (-2,-2), (-2,-2), (-2,-2), (-2,-2), (-2,-2)]
Turtle 3 :[(-3,-3), (38,33), (38,33), (38,33), (38,34), (37,34), (37,33), (37,32), (37,31), (36,31), (35,31), (-3,-3)]
Turtle 4 :[(-4,-4), (9,43), (9,42), (9,41), (9,40), (9,39), (-4,-4), (-4,-4), (-4,-4), (-4,-4), (-4,-4), (-4,-4)]
Turtle 5 :[(-5,-5), (24,33), (24,33), (25,33), (25,34), (25,34), (25,34), (25,34), (26,34), (26,34), (26,35), (27,35)]

Shrinking Run 5
#Info# Executed steps before collision: 11, Found collision: false
Turtle 1 :[(-1,-1), (10,39), (11,39), (11,38), (12,38), (12,37), (12,37), (12,37), (12,36), (-1,-1), (-1,-1), (-1,-1)]
Turtle 2 :[(-2,-2), (38,31), (38,31), (38,32), (38,31), (38,30), (38,31), (38,32), (-2,-2), (-2,-2), (-2,-2), (-2,-2)]
Turtle 3 :[(-3,-3), (38,33), (38,33), (38,33), (38,32), (38,31), (37,31), (36,31), (35,31), (-3,-3), (-3,-3), (-3,-3)]
Turtle 4 :[(-4,-4), (9,43), (9,42), (9,41), (9,40), (9,39), (-4,-4), (-4,-4), (-4,-4), (-4,-4), (-4,-4), (-4,-4)]
Turtle 5 :[(-5,-5), (24,33), (24,33), (25,33), (25,34), (25,34), (25,34), (25,34), (26,34), (26,34), (26,35), (27,35)]

Shrinking Run 6
#Info# Executed steps before collision: 11, Found collision: false
Turtle 1 :[(-1,-1), (10,39), (11,39), (11,38), (12,38), (13,38), (13,38), (13,38), (14,38), (-1,-1), (-1,-1), (-1,-1)]
Turtle 2 :[(-2,-2), (38,31), (38,31), (38,32), (38,31), (38,32), (-2,-2), (-2,-2), (-2,-2), (-2,-2), (-2,-2), (-2,-2)]
Turtle 3 :[(-3,-3), (38,33), (38,33), (37,33), (36,33), (36,32), (35,32), (35,31), (-3,-3), (-3,-3), (-3,-3), (-3,-3)]
Turtle 4 :[(-4,-4), (9,43), (9,42), (9,41), (9,40), (9,39), (-4,-4), (-4,-4), (-4,-4), (-4,-4), (-4,-4), (-4,-4)]
Turtle 5 :[(-5,-5), (24,33), (24,33), (25,33), (25,34), (25,34), (25,34), (25,34), (26,34), (26,34), (26,35), (27,35)]

Shrinking Run 7
#Info# Executed steps before collision: 5, Found collision: true
Turtle 1 :[(-1,-1), (10,39), (11,39), (12,39), (13,39), (14,39), (-1,-1), (-1,-1), (-1,-1), (-1,-1), (-1,-1), (-1,-1)]
Turtle 2 :[(-2,-2), (38,31), (38,31), (38,32), (38,31), (38,32), (-2,-2), (-2,-2), (-2,-2), (-2,-2), (-2,-2), (-2,-2)]
Turtle 3 :[(-3,-3), (38,33), (38,33), (38,33), (38,33), (38,32), (38,31), (37,31), (36,31), (35,31), (-3,-3), (-3,-3)]
Turtle 4 :[(-4,-4), (9,43), (9,42), (9,41), (9,40), (9,39), (-4,-4), (-4,-4), (-4,-4), (-4,-4), (-4,-4), (-4,-4)]
Turtle 5 :[(-5,-5), (24,33), (24,33), (25,33), (25,34), (25,34), (25,34), (25,34), (26,34), (26,34), (26,35), (27,35)]

Shrinking Run 8
#Info# Executed steps before collision: 5, Found collision: true
Turtle 1 :[(-1,-1), (10,39), (11,39), (12,39), (13,39), (14,39), (-1,-1), (-1,-1), (-1,-1), (-1,-1), (-1,-1), (-1,-1)]
Turtle 2 :[(-2,-2), (38,31), (37,31), (37,31), (37,31), (37,31), (37,32), (36,32), (35,32), (34,32), (-2,-2), (-2,-2)]
Turtle 3 :[(-3,-3), (38,33), (38,33), (38,32), (38,31), (37,31), (36,31), (35,31), (-3,-3), (-3,-3), (-3,-3), (-3,-3)]
Turtle 4 :[(-4,-4), (9,43), (9,42), (9,41), (9,40), (9,39), (-4,-4), (-4,-4), (-4,-4), (-4,-4), (-4,-4), (-4,-4)]
Turtle 5 :[(-5,-5), (24,33), (24,33), (25,33), (25,34), (25,34), (25,34), (25,34), (26,34), (26,34), (26,35), (27,35)]

Shrinking Run 9
#Info# Executed steps before collision: 5, Found collision: true
Turtle 1 :[(-1,-1), (10,39), (11,39), (12,39), (13,39), (14,39), (-1,-1), (-1,-1), (-1,-1), (-1,-1), (-1,-1), (-1,-1)]
Turtle 2 :[(-2,-2), (38,31), (37,31), (37,31), (37,31), (37,31), (37,30), (37,29), (37,28), (36,28), (-2,-2), (-2,-2)]
Turtle 3 :[(-3,-3), (38,33), (38,33), (38,32), (38,31), (37,31), (36,31), (35,31), (-3,-3), (-3,-3), (-3,-3), (-3,-3)]
Turtle 4 :[(-4,-4), (9,43), (9,42), (9,41), (9,40), (9,39), (-4,-4), (-4,-4), (-4,-4), (-4,-4), (-4,-4), (-4,-4)]
Turtle 5 :[(-5,-5), (24,33), (24,33), (25,33), (25,34), (25,34), (25,34), (25,34), (26,34), (26,34), (26,35), (27,35)]

Shrinking Run 10
#Info# Executed steps before collision: 5, Found collision: true
Turtle 1 :[(-1,-1), (10,39), (11,39), (12,39), (13,39), (14,39), (-1,-1), (-1,-1), (-1,-1), (-1,-1), (-1,-1), (-1,-1)]
Turtle 2 :[(-2,-2), (38,31), (37,31), (37,31), (37,31), (37,31), (37,32), (36,32), (35,32), (35,31), (35,30), (35,29)]
Turtle 3 :[(-3,-3), (38,33), (38,33), (38,32), (38,31), (37,31), (36,31), (35,31), (-3,-3), (-3,-3), (-3,-3), (-3,-3)]
Turtle 4 :[(-4,-4), (9,43), (9,42), (9,41), (9,40), (9,39), (-4,-4), (-4,-4), (-4,-4), (-4,-4), (-4,-4), (-4,-4)]
Turtle 5 :[(-5,-5), (24,33), (24,33), (25,33), (25,34), (25,34), (25,34), (25,34), (26,34), (26,34), (26,35), (27,35)]

Shrinking Run 11
#Info# Executed steps before collision: 5, Found collision: true
Turtle 1 :[(-1,-1), (10,39), (11,39), (12,39), (13,39), (14,39), (-1,-1), (-1,-1), (-1,-1), (-1,-1), (-1,-1), (-1,-1)]
Turtle 2 :[(-2,-2), (38,31), (37,31), (37,31), (37,31), (37,31), (38,31), (38,30), (37,30), (36,30), (35,30), (34,30)]
Turtle 3 :[(-3,-3), (38,33), (38,33), (38,32), (38,31), (37,31), (36,31), (35,31), (-3,-3), (-3,-3), (-3,-3), (-3,-3)]
Turtle 4 :[(-4,-4), (9,43), (9,42), (9,41), (9,40), (9,39), (-4,-4), (-4,-4), (-4,-4), (-4,-4), (-4,-4), (-4,-4)]
Turtle 5 :[(-5,-5), (24,33), (24,33), (25,33), (25,34), (25,34), (25,34), (25,34), (26,34), (26,34), (26,35), (27,35)]

Shrinking Run 12
#Info# Executed steps before collision: 5, Found collision: true
Turtle 1 :[(-1,-1), (10,39), (11,39), (12,39), (13,39), (14,39), (-1,-1), (-1,-1), (-1,-1), (-1,-1), (-1,-1), (-1,-1), (-1,-1)]
Turtle 2 :[(-2,-2), (38,31), (37,31), (37,31), (37,31), (37,31), (37,31), (37,31), (36,31), (35,31), (34,31), (34,31), (33,31)]
Turtle 3 :[(-3,-3), (38,33), (38,33), (38,32), (38,31), (37,31), (36,31), (35,31), (-3,-3), (-3,-3), (-3,-3), (-3,-3), (-3,-3)]
Turtle 4 :[(-4,-4), (9,43), (9,42), (9,41), (9,40), (9,39), (-4,-4), (-4,-4), (-4,-4), (-4,-4), (-4,-4), (-4,-4), (-4,-4)]
Turtle 5 :[(-5,-5), (24,33), (24,33), (25,33), (25,34), (25,34), (25,34), (25,34), (26,34), (26,34), (26,35), (27,35), (-5,-5)]

Shrinking Run 13
#Info# Executed steps before collision: 11, Found collision: false
Turtle 1 :[(-1,-1), (10,39), (11,39), (12,39), (13,39), (14,39), (-1,-1), (-1,-1), (-1,-1), (-1,-1), (-1,-1), (-1,-1)]
Turtle 2 :[(-2,-2), (38,31), (37,31), (36,31), (35,31), (34,31), (33,31), (-2,-2), (-2,-2), (-2,-2), (-2,-2), (-2,-2)]
Turtle 3 :[(-3,-3), (38,33), (38,33), (38,32), (38,31), (37,31), (36,31), (35,31), (-3,-3), (-3,-3), (-3,-3), (-3,-3)]
Turtle 4 :[(-4,-4), (9,43), (9,42), (9,41), (9,40), (9,39), (-4,-4), (-4,-4), (-4,-4), (-4,-4), (-4,-4), (-4,-4)]
Turtle 5 :[(-5,-5), (24,33), (24,33), (25,33), (25,34), (25,34), (25,34), (25,34), (26,34), (26,34), (26,35), (27,35)]

Shrinking Run 14
#Info# Executed steps before collision: 11, Found collision: false
Turtle 1 :[(-1,-1), (10,39), (11,39), (12,39), (13,39), (14,39), (-1,-1), (-1,-1), (-1,-1), (-1,-1), (-1,-1), (-1,-1)]
Turtle 2 :[(-2,-2), (38,31), (37,31), (36,31), (36,31), (35,31), (34,31), (33,31), (-2,-2), (-2,-2), (-2,-2), (-2,-2)]
Turtle 3 :[(-3,-3), (38,33), (38,33), (38,32), (38,31), (37,31), (36,31), (35,31), (-3,-3), (-3,-3), (-3,-3), (-3,-3)]
Turtle 4 :[(-4,-4), (9,43), (9,42), (9,41), (9,40), (9,39), (-4,-4), (-4,-4), (-4,-4), (-4,-4), (-4,-4), (-4,-4)]
Turtle 5 :[(-5,-5), (24,33), (24,33), (25,33), (25,34), (25,34), (25,34), (25,34), (26,34), (26,34), (26,35), (27,35)]

Shrinking Run 15
#Info# Executed steps before collision: 11, Found collision: false
Turtle 1 :[(-1,-1), (10,39), (11,39), (12,39), (13,39), (14,39), (-1,-1), (-1,-1), (-1,-1), (-1,-1), (-1,-1), (-1,-1)]
Turtle 2 :[(-2,-2), (38,31), (37,31), (36,31), (36,31), (36,31), (35,31), (34,31), (33,31), (-2,-2), (-2,-2), (-2,-2)]
Turtle 3 :[(-3,-3), (38,33), (38,33), (38,32), (38,31), (37,31), (38,31), (37,31), (36,31), (35,31), (-3,-3), (-3,-3)]
Turtle 4 :[(-4,-4), (9,43), (9,42), (9,41), (9,40), (9,39), (-4,-4), (-4,-4), (-4,-4), (-4,-4), (-4,-4), (-4,-4)]
Turtle 5 :[(-5,-5), (24,33), (24,33), (25,33), (25,34), (25,34), (25,34), (25,34), (26,34), (26,34), (26,35), (27,35)]

Shrinking Run 16
#Info# Executed steps before collision: 11, Found collision: false
Turtle 1 :[(-1,-1), (10,39), (11,39), (12,39), (13,39), (14,39), (-1,-1), (-1,-1), (-1,-1), (-1,-1), (-1,-1), (-1,-1)]
Turtle 2 :[(-2,-2), (38,31), (37,31), (36,31), (36,31), (36,31), (36,31), (36,31), (35,31), (34,31), (33,31), (-2,-2)]
Turtle 3 :[(-3,-3), (38,33), (38,33), (38,32), (38,31), (37,31), (37,31), (37,31), (36,31), (36,31), (35,31), (-3,-3)]
Turtle 4 :[(-4,-4), (9,43), (9,42), (9,41), (9,40), (9,39), (-4,-4), (-4,-4), (-4,-4), (-4,-4), (-4,-4), (-4,-4)]
Turtle 5 :[(-5,-5), (24,33), (24,33), (25,33), (25,34), (25,34), (25,34), (25,34), (26,34), (26,34), (26,35), (27,35)]

Shrinking Run 17
#Info# Executed steps before collision: 11, Found collision: false
Turtle 1 :[(-1,-1), (10,39), (11,39), (12,39), (13,39), (14,39), (-1,-1), (-1,-1), (-1,-1), (-1,-1), (-1,-1), (-1,-1)]
Turtle 2 :[(-2,-2), (38,31), (37,31), (36,31), (36,31), (36,31), (36,31), (35,31), (34,31), (33,31), (-2,-2), (-2,-2)]
Turtle 3 :[(-3,-3), (38,33), (38,33), (38,32), (38,31), (37,31), (38,31), (37,31), (36,31), (35,31), (-3,-3), (-3,-3)]
Turtle 4 :[(-4,-4), (9,43), (9,42), (9,41), (9,40), (9,39), (-4,-4), (-4,-4), (-4,-4), (-4,-4), (-4,-4), (-4,-4)]
Turtle 5 :[(-5,-5), (24,33), (24,33), (25,33), (25,34), (25,34), (25,34), (25,34), (26,34), (26,34), (26,35), (27,35)]

Shrinking Run 18
#Info# Executed steps before collision: 11, Found collision: false
Turtle 1 :[(-1,-1), (10,39), (11,39), (12,39), (13,39), (14,39), (-1,-1), (-1,-1), (-1,-1), (-1,-1), (-1,-1), (-1,-1)]
Turtle 2 :[(-2,-2), (38,31), (37,31), (36,31), (36,31), (36,31), (36,31), (36,31), (35,31), (34,31), (34,31), (33,31)]
Turtle 3 :[(-3,-3), (38,33), (38,33), (38,32), (38,31), (37,31), (37,31), (37,30), (37,31), (36,31), (35,31), (-3,-3)]
Turtle 4 :[(-4,-4), (9,43), (9,42), (9,41), (9,40), (9,39), (-4,-4), (-4,-4), (-4,-4), (-4,-4), (-4,-4), (-4,-4)]
Turtle 5 :[(-5,-5), (24,33), (24,33), (25,33), (25,34), (25,34), (25,34), (25,34), (26,34), (26,34), (26,35), (27,35)]

Shrinking Run 19
#Info# Executed steps before collision: 11, Found collision: false
Turtle 1 :[(-1,-1), (10,39), (11,39), (12,39), (13,39), (14,39), (-1,-1), (-1,-1), (-1,-1), (-1,-1), (-1,-1), (-1,-1)]
Turtle 2 :[(-2,-2), (38,31), (37,31), (37,31), (36,31), (36,31), (36,31), (36,31), (35,31), (34,31), (34,31), (33,31)]
Turtle 3 :[(-3,-3), (38,33), (38,33), (38,32), (38,31), (37,31), (37,30), (36,30), (35,30), (35,29), (35,30), (35,31)]
Turtle 4 :[(-4,-4), (9,43), (9,42), (9,41), (9,40), (9,39), (-4,-4), (-4,-4), (-4,-4), (-4,-4), (-4,-4), (-4,-4)]
Turtle 5 :[(-5,-5), (24,33), (24,33), (25,33), (25,34), (25,34), (25,34), (25,34), (26,34), (26,34), (26,35), (27,35)]

Shrinking Run 20
#Info# Executed steps before collision: 11, Found collision: false
Turtle 1 :[(-1,-1), (10,39), (11,39), (12,39), (13,39), (14,39), (-1,-1), (-1,-1), (-1,-1), (-1,-1), (-1,-1), (-1,-1)]
Turtle 2 :[(-2,-2), (38,31), (37,31), (37,31), (37,31), (36,31), (36,31), (36,31), (35,31), (34,31), (34,31), (33,31)]
Turtle 3 :[(-3,-3), (38,33), (38,33), (38,32), (38,31), (39,31), (38,31), (37,31), (37,31), (36,31), (35,31), (-3,-3)]
Turtle 4 :[(-4,-4), (9,43), (9,42), (9,41), (9,40), (9,39), (-4,-4), (-4,-4), (-4,-4), (-4,-4), (-4,-4), (-4,-4)]
Turtle 5 :[(-5,-5), (24,33), (24,33), (25,33), (25,34), (25,34), (25,34), (25,34), (26,34), (26,34), (26,35), (27,35)]

Shrinking Run 21
#Info# Executed steps before collision: 5, Found collision: true
Turtle 1 :[(-1,-1), (10,39), (11,39), (12,39), (13,39), (14,39), (-1,-1), (-1,-1), (-1,-1), (-1,-1), (-1,-1), (-1,-1)]
Turtle 2 :[(-2,-2), (38,31), (37,31), (37,31), (37,31), (37,31), (36,31), (36,30), (35,30), (35,31), (34,31), (33,31)]
Turtle 3 :[(-3,-3), (38,33), (38,33), (38,32), (38,31), (37,31), (36,31), (35,31), (-3,-3), (-3,-3), (-3,-3), (-3,-3)]
Turtle 4 :[(-4,-4), (9,43), (9,42), (9,41), (9,40), (9,39), (-4,-4), (-4,-4), (-4,-4), (-4,-4), (-4,-4), (-4,-4)]
Turtle 5 :[(-5,-5), (24,33), (24,33), (25,33), (25,34), (25,34), (25,34), (25,34), (26,34), (26,34), (26,35), (27,35)]

Shrinking Run 22
#Info# Executed steps before collision: 5, Found collision: true
Turtle 1 :[(-1,-1), (10,39), (11,39), (12,39), (13,39), (14,39), (-1,-1), (-1,-1), (-1,-1), (-1,-1), (-1,-1), (-1,-1)]
Turtle 2 :[(-2,-2), (38,31), (37,31), (37,31), (37,31), (37,31), (36,31), (35,31), (34,31), (34,31), (34,31), (33,31)]
Turtle 3 :[(-3,-3), (38,33), (38,33), (38,32), (38,31), (37,31), (38,31), (37,31), (36,31), (35,31), (-3,-3), (-3,-3)]
Turtle 4 :[(-4,-4), (9,43), (9,42), (9,41), (9,40), (9,39), (-4,-4), (-4,-4), (-4,-4), (-4,-4), (-4,-4), (-4,-4)]
Turtle 5 :[(-5,-5), (24,33), (24,33), (25,33), (25,34), (25,34), (25,34), (25,34), (26,34), (26,34), (26,35), (27,35)]

Shrinking Run 23
#Info# Executed steps before collision: 5, Found collision: true
Turtle 1 :[(-1,-1), (10,39), (11,39), (12,39), (13,39), (14,39), (-1,-1), (-1,-1), (-1,-1), (-1,-1), (-1,-1), (-1,-1)]
Turtle 2 :[(-2,-2), (38,31), (37,31), (37,31), (37,31), (37,31), (36,31), (35,31), (34,31), (34,31), (34,31), (33,31)]
Turtle 3 :[(-3,-3), (38,33), (38,33), (38,32), (37,32), (37,31), (37,31), (36,31), (36,31), (35,31), (-3,-3), (-3,-3)]
Turtle 4 :[(-4,-4), (9,43), (9,42), (9,41), (9,40), (9,39), (-4,-4), (-4,-4), (-4,-4), (-4,-4), (-4,-4), (-4,-4)]
Turtle 5 :[(-5,-5), (24,33), (24,33), (25,33), (25,34), (25,34), (25,34), (25,34), (26,34), (26,34), (26,35), (27,35)]

Shrinking Run 24
#Info# Executed steps before collision: 11, Found collision: false
Turtle 1 :[(-1,-1), (10,39), (11,39), (12,39), (13,39), (14,39), (-1,-1), (-1,-1), (-1,-1), (-1,-1), (-1,-1), (-1,-1)]
Turtle 2 :[(-2,-2), (38,31), (37,31), (37,31), (37,31), (37,31), (36,31), (35,31), (34,31), (34,31), (34,31), (33,31)]
Turtle 3 :[(-3,-3), (38,33), (38,33), (37,33), (36,33), (36,32), (35,32), (34,32), (-3,-3), (-3,-3), (-3,-3), (-3,-3)]
Turtle 4 :[(-4,-4), (9,43), (9,42), (9,41), (9,40), (9,39), (-4,-4), (-4,-4), (-4,-4), (-4,-4), (-4,-4), (-4,-4)]
Turtle 5 :[(-5,-5), (24,33), (24,33), (25,33), (25,34), (25,34), (25,34), (25,34), (26,34), (26,34), (26,35), (27,35)]

Shrinking Run 25
#Info# Executed steps before collision: 11, Found collision: false
Turtle 1 :[(-1,-1), (10,39), (11,39), (12,39), (13,39), (14,39), (-1,-1), (-1,-1), (-1,-1), (-1,-1), (-1,-1), (-1,-1)]
Turtle 2 :[(-2,-2), (38,31), (37,31), (37,31), (37,31), (37,31), (36,31), (35,31), (34,31), (34,31), (34,31), (33,31)]
Turtle 3 :[(-3,-3), (38,33), (38,33), (38,32), (37,32), (36,32), (35,32), (34,32), (-3,-3), (-3,-3), (-3,-3), (-3,-3)]
Turtle 4 :[(-4,-4), (9,43), (9,42), (9,41), (9,40), (9,39), (-4,-4), (-4,-4), (-4,-4), (-4,-4), (-4,-4), (-4,-4)]
Turtle 5 :[(-5,-5), (24,33), (24,33), (25,33), (25,34), (25,34), (25,34), (25,34), (26,34), (26,34), (26,35), (27,35)]

Shrinking Run 26
#Info# Executed steps before collision: 11, Found collision: false
Turtle 1 :[(-1,-1), (10,39), (11,39), (12,39), (13,39), (14,39), (-1,-1), (-1,-1), (-1,-1), (-1,-1), (-1,-1), (-1,-1)]
Turtle 2 :[(-2,-2), (38,31), (37,31), (37,31), (37,31), (37,31), (38,31), (37,31), (36,31), (35,31), (34,31), (33,31)]
Turtle 3 :[(-3,-3), (38,33), (38,32), (37,32), (36,32), (36,31), (35,31), (-3,-3), (-3,-3), (-3,-3), (-3,-3), (-3,-3)]
Turtle 4 :[(-4,-4), (9,43), (9,42), (9,41), (9,40), (9,39), (-4,-4), (-4,-4), (-4,-4), (-4,-4), (-4,-4), (-4,-4)]
Turtle 5 :[(-5,-5), (24,33), (24,33), (25,33), (25,34), (25,34), (25,34), (25,34), (26,34), (26,34), (26,35), (27,35)]

Shrinking Run 27
#Info# Executed steps before collision: 5, Found collision: true
Turtle 1 :[(-1,-1), (10,39), (11,39), (12,39), (13,39), (14,39), (-1,-1), (-1,-1), (-1,-1), (-1,-1), (-1,-1), (-1,-1)]
Turtle 2 :[(-2,-2), (38,31), (37,31), (37,31), (37,31), (37,31), (36,31), (35,31), (34,31), (34,31), (34,31), (33,31)]
Turtle 3 :[(-3,-3), (38,33), (37,33), (37,32), (37,32), (37,31), (36,31), (36,31), (37,31), (36,31), (35,31), (-3,-3)]
Turtle 4 :[(-4,-4), (9,43), (9,42), (9,41), (9,40), (9,39), (-4,-4), (-4,-4), (-4,-4), (-4,-4), (-4,-4), (-4,-4)]
Turtle 5 :[(-5,-5), (24,33), (24,33), (25,33), (25,34), (25,34), (25,34), (25,34), (26,34), (26,34), (26,35), (27,35)]

Shrinking Run 28
#Info# Executed steps before collision: 6, Found collision: true
Turtle 1 :[(-1,-1), (10,39), (11,39), (12,39), (13,39), (14,39), (-1,-1), (-1,-1), (-1,-1), (-1,-1), (-1,-1), (-1,-1)]
Turtle 2 :[(-2,-2), (38,31), (37,31), (37,31), (37,31), (37,31), (36,31), (35,31), (34,31), (34,31), (34,31), (33,31)]
Turtle 3 :[(-3,-3), (38,33), (37,33), (36,33), (36,32), (36,32), (36,31), (36,31), (37,31), (36,31), (35,31), (-3,-3)]
Turtle 4 :[(-4,-4), (9,43), (9,42), (9,41), (9,40), (9,39), (-4,-4), (-4,-4), (-4,-4), (-4,-4), (-4,-4), (-4,-4)]
Turtle 5 :[(-5,-5), (24,33), (24,33), (25,33), (25,34), (25,34), (25,34), (25,34), (26,34), (26,34), (26,35), (27,35)]

Shrinking Run 29
#Info# Executed steps before collision: 11, Found collision: false
Turtle 1 :[(-1,-1), (10,39), (11,39), (12,39), (13,39), (14,39), (-1,-1), (-1,-1), (-1,-1), (-1,-1), (-1,-1), (-1,-1)]
Turtle 2 :[(-2,-2), (38,31), (37,31), (37,31), (37,31), (37,31), (37,32), (36,32), (35,32), (35,31), (34,31), (33,31)]
Turtle 3 :[(-3,-3), (38,33), (37,33), (36,33), (36,32), (36,31), (36,31), (35,31), (-3,-3), (-3,-3), (-3,-3), (-3,-3)]
Turtle 4 :[(-4,-4), (9,43), (9,42), (9,41), (9,40), (9,39), (-4,-4), (-4,-4), (-4,-4), (-4,-4), (-4,-4), (-4,-4)]
Turtle 5 :[(-5,-5), (24,33), (24,33), (25,33), (25,34), (25,34), (25,34), (25,34), (26,34), (26,34), (26,35), (27,35)]

Shrinking Run 30
#Info# Executed steps before collision: 11, Found collision: false
Turtle 1 :[(-1,-1), (10,39), (11,39), (12,39), (13,39), (14,39), (-1,-1), (-1,-1), (-1,-1), (-1,-1), (-1,-1), (-1,-1)]
Turtle 2 :[(-2,-2), (38,31), (37,31), (37,31), (37,31), (37,31), (36,31), (35,31), (34,31), (34,31), (34,31), (33,31)]
Turtle 3 :[(-3,-3), (38,33), (37,33), (36,33), (36,32), (36,32), (35,32), (35,32), (35,31), (-3,-3), (-3,-3), (-3,-3)]
Turtle 4 :[(-4,-4), (9,43), (9,42), (9,41), (8,41), (8,40), (7,40), (-4,-4), (-4,-4), (-4,-4), (-4,-4), (-4,-4)]
Turtle 5 :[(-5,-5), (24,33), (24,33), (25,33), (25,34), (25,34), (25,34), (25,34), (26,34), (26,34), (26,35), (27,35)]

Shrinking Run 31
#Info# Executed steps before collision: 11, Found collision: false
Turtle 1 :[(-1,-1), (10,39), (11,39), (12,39), (13,39), (14,39), (-1,-1), (-1,-1), (-1,-1), (-1,-1), (-1,-1), (-1,-1)]
Turtle 2 :[(-2,-2), (38,31), (37,31), (37,31), (37,31), (37,31), (36,31), (35,31), (34,31), (34,31), (34,31), (33,31)]
Turtle 3 :[(-3,-3), (38,33), (37,33), (36,33), (36,32), (36,32), (35,32), (35,32), (35,32), (35,31), (-3,-3), (-3,-3)]
Turtle 4 :[(-4,-4), (9,43), (9,42), (9,41), (9,40), (9,39), (8,39), (-4,-4), (-4,-4), (-4,-4), (-4,-4), (-4,-4)]
Turtle 5 :[(-5,-5), (24,33), (24,33), (25,33), (25,34), (25,34), (25,34), (25,34), (26,34), (26,34), (26,35), (27,35)]

Shrinking Run 32
#Info# Executed steps before collision: 11, Found collision: false
Turtle 1 :[(-1,-1), (10,39), (11,39), (12,39), (13,39), (14,39), (-1,-1), (-1,-1), (-1,-1), (-1,-1), (-1,-1), (-1,-1)]
Turtle 2 :[(-2,-2), (38,31), (37,31), (37,31), (37,31), (37,31), (36,31), (35,31), (34,31), (34,31), (34,31), (33,31)]
Turtle 3 :[(-3,-3), (38,33), (37,33), (36,33), (36,32), (36,32), (36,32), (35,32), (36,32), (36,31), (35,31), (-3,-3)]
Turtle 4 :[(-4,-4), (9,43), (9,42), (9,41), (9,40), (9,39), (9,38), (-4,-4), (-4,-4), (-4,-4), (-4,-4), (-4,-4)]
Turtle 5 :[(-5,-5), (24,33), (24,33), (25,33), (25,34), (25,34), (25,34), (25,34), (26,34), (26,34), (26,35), (27,35)]

Shrinking Run 33
#Info# Executed steps before collision: 11, Found collision: false
Turtle 1 :[(-1,-1), (10,39), (11,39), (12,39), (13,39), (14,39), (-1,-1), (-1,-1), (-1,-1), (-1,-1), (-1,-1), (-1,-1)]
Turtle 2 :[(-2,-2), (38,31), (37,31), (37,31), (37,31), (37,31), (36,31), (35,31), (34,31), (34,31), (34,31), (33,31)]
Turtle 3 :[(-3,-3), (38,33), (37,33), (36,33), (36,32), (36,32), (35,32), (36,32), (36,31), (35,31), (-3,-3), (-3,-3)]
Turtle 4 :[(-4,-4), (9,43), (9,42), (9,41), (9,40), (9,39), (-4,-4), (-4,-4), (-4,-4), (-4,-4), (-4,-4), (-4,-4)]
Turtle 5 :[(-5,-5), (24,33), (24,33), (23,33), (23,34), (23,34), (23,34), (23,34), (22,34), (22,34), (21,34), (20,34)]

Shrinking Run 34
#Info# Executed steps before collision: 11, Found collision: false
Turtle 1 :[(-1,-1), (10,39), (11,39), (12,39), (13,39), (14,39), (-1,-1), (-1,-1), (-1,-1), (-1,-1), (-1,-1), (-1,-1)]
Turtle 2 :[(-2,-2), (38,31), (37,31), (37,31), (37,31), (37,31), (36,31), (35,31), (34,31), (34,31), (34,31), (33,31)]
Turtle 3 :[(-3,-3), (38,33), (37,33), (36,33), (36,32), (36,32), (36,32), (36,33), (35,33), (35,32), (35,31), (-3,-3)]
Turtle 4 :[(-4,-4), (9,43), (9,42), (9,41), (9,40), (9,39), (-4,-4), (-4,-4), (-4,-4), (-4,-4), (-4,-4), (-4,-4)]
Turtle 5 :[(-5,-5), (24,33), (24,33), (24,34), (24,35), (24,35), (24,35), (24,35), (23,35), (23,35), (22,35), (21,35)]

Shrinking Run 35
#Info# Executed steps before collision: 11, Found collision: false
Turtle 1 :[(-1,-1), (10,39), (11,39), (12,39), (13,39), (14,39), (-1,-1), (-1,-1), (-1,-1), (-1,-1), (-1,-1), (-1,-1)]
Turtle 2 :[(-2,-2), (38,31), (37,31), (37,31), (37,31), (37,31), (36,31), (35,31), (34,31), (34,31), (34,31), (33,31)]
Turtle 3 :[(-3,-3), (38,33), (37,33), (36,33), (36,32), (36,32), (36,32), (36,33), (36,32), (36,31), (35,31), (-3,-3)]
Turtle 4 :[(-4,-4), (9,43), (9,42), (9,41), (9,40), (9,39), (-4,-4), (-4,-4), (-4,-4), (-4,-4), (-4,-4), (-4,-4)]
Turtle 5 :[(-5,-5), (24,33), (24,33), (24,34), (24,35), (24,35), (24,35), (24,35), (24,36), (24,36), (24,37), (25,37)]

Shrinking Run 36
#Info# Executed steps before collision: 11, Found collision: false
Turtle 1 :[(-1,-1), (10,39), (11,39), (12,39), (13,39), (14,39), (-1,-1), (-1,-1), (-1,-1), (-1,-1), (-1,-1), (-1,-1)]
Turtle 2 :[(-2,-2), (38,31), (37,31), (37,31), (37,31), (37,31), (36,31), (35,31), (34,31), (34,31), (34,31), (33,31)]
Turtle 3 :[(-3,-3), (38,33), (37,33), (36,33), (36,32), (36,32), (36,33), (36,32), (36,31), (35,31), (-3,-3), (-3,-3)]
Turtle 4 :[(-4,-4), (9,43), (9,42), (9,41), (9,40), (9,39), (-4,-4), (-4,-4), (-4,-4), (-4,-4), (-4,-4), (-4,-4)]
Turtle 5 :[(-5,-5), (24,33), (24,33), (24,34), (24,35), (24,35), (24,35), (24,35), (25,35), (25,35), (26,35), (27,35)]

Shrinking Run 37
#Info# Executed steps before collision: 11, Found collision: false
Turtle 1 :[(-1,-1), (10,39), (11,39), (12,39), (13,39), (14,39), (-1,-1), (-1,-1), (-1,-1), (-1,-1), (-1,-1), (-1,-1)]
Turtle 2 :[(-2,-2), (38,31), (37,31), (37,31), (37,31), (37,31), (36,31), (35,31), (34,31), (34,31), (34,31), (33,31)]
Turtle 3 :[(-3,-3), (38,33), (37,33), (36,33), (36,32), (36,32), (35,32), (36,32), (35,32), (35,31), (-3,-3), (-3,-3)]
Turtle 4 :[(-4,-4), (9,43), (9,42), (9,41), (9,40), (9,39), (-4,-4), (-4,-4), (-4,-4), (-4,-4), (-4,-4), (-4,-4)]
Turtle 5 :[(-5,-5), (24,33), (24,33), (25,33), (25,32), (25,32), (25,32), (25,32), (26,32), (26,32), (26,31), (27,31)]

Shrinking Run 38
#Info# Executed steps before collision: 11, Found collision: false
Turtle 1 :[(-1,-1), (10,39), (11,39), (12,39), (13,39), (14,39), (-1,-1), (-1,-1), (-1,-1), (-1,-1), (-1,-1), (-1,-1)]
Turtle 2 :[(-2,-2), (38,31), (37,31), (37,31), (37,31), (37,31), (36,31), (35,31), (34,31), (34,31), (34,31), (33,31)]
Turtle 3 :[(-3,-3), (38,33), (37,33), (36,33), (36,32), (36,32), (36,32), (36,32), (36,31), (35,31), (-3,-3), (-3,-3)]
Turtle 4 :[(-4,-4), (9,43), (9,42), (9,41), (9,40), (9,39), (-4,-4), (-4,-4), (-4,-4), (-4,-4), (-4,-4), (-4,-4)]
Turtle 5 :[(-5,-5), (24,33), (24,33), (25,33), (25,32), (25,32), (25,32), (25,32), (26,32), (26,32), (27,32), (28,32)]

Shrinking Run 39
#Info# Executed steps before collision: 15, Found collision: false
Turtle 1 :[(-1,-1), (10,39), (11,39), (12,39), (13,39), (14,39), (-1,-1), (-1,-1), (-1,-1), (-1,-1), (-1,-1), (-1,-1), (-1,-1), (-1,-1), (-1,-1), (-1,-1)]
Turtle 2 :[(-2,-2), (38,31), (37,31), (37,31), (37,31), (37,31), (36,31), (35,31), (34,31), (34,31), (34,31), (33,31), (-2,-2), (-2,-2), (-2,-2), (-2,-2)]
Turtle 3 :[(-3,-3), (38,33), (37,33), (36,33), (36,32), (36,32), (35,32), (34,32), (33,32), (33,31), (33,32), (33,33), (34,33), (34,32), (34,31), (35,31)]
Turtle 4 :[(-4,-4), (9,43), (9,42), (9,41), (9,40), (9,39), (-4,-4), (-4,-4), (-4,-4), (-4,-4), (-4,-4), (-4,-4), (-4,-4), (-4,-4), (-4,-4), (-4,-4)]
Turtle 5 :[(-5,-5), (24,33), (24,33), (25,33), (25,34), (25,34), (25,34), (25,34), (26,34), (26,34), (27,34), (28,34), (-5,-5), (-5,-5), (-5,-5), (-5,-5)]

Shrinking Run 40
#Info# Executed steps before collision: 11, Found collision: false
Turtle 1 :[(-1,-1), (10,39), (11,39), (12,39), (13,39), (14,39), (-1,-1), (-1,-1), (-1,-1), (-1,-1), (-1,-1), (-1,-1)]
Turtle 2 :[(-2,-2), (38,31), (37,31), (37,31), (37,31), (37,31), (36,31), (35,31), (34,31), (34,31), (34,31), (33,31)]
Turtle 3 :[(-3,-3), (38,33), (37,33), (36,33), (36,32), (36,32), (37,32), (37,31), (36,31), (35,31), (-3,-3), (-3,-3)]
Turtle 4 :[(-4,-4), (9,43), (9,42), (9,41), (9,40), (9,39), (-4,-4), (-4,-4), (-4,-4), (-4,-4), (-4,-4), (-4,-4)]
Turtle 5 :[(-5,-5), (24,33), (24,33), (25,33), (26,33), (26,33), (26,33), (26,33), (27,33), (27,33), (27,34), (28,34)]

Shrinking Run 41
#Info# Executed steps before collision: 11, Found collision: false
Turtle 1 :[(-1,-1), (10,39), (11,39), (12,39), (13,39), (14,39), (-1,-1), (-1,-1), (-1,-1), (-1,-1), (-1,-1), (-1,-1)]
Turtle 2 :[(-2,-2), (38,31), (37,31), (37,31), (37,31), (37,31), (36,31), (35,31), (34,31), (34,31), (34,31), (33,31)]
Turtle 3 :[(-3,-3), (38,33), (37,33), (36,33), (36,32), (36,32), (36,32), (35,32), (35,31), (-3,-3), (-3,-3), (-3,-3)]
Turtle 4 :[(-4,-4), (9,43), (9,42), (9,41), (9,40), (9,39), (-4,-4), (-4,-4), (-4,-4), (-4,-4), (-4,-4), (-4,-4)]
Turtle 5 :[(-5,-5), (24,33), (24,34), (25,34), (26,34), (26,35), (27,35), (-5,-5), (-5,-5), (-5,-5), (-5,-5), (-5,-5)]

Shrinking Run 42
#Info# Executed steps before collision: 11, Found collision: false
Turtle 1 :[(-1,-1), (10,39), (11,39), (12,39), (13,39), (14,39), (-1,-1), (-1,-1), (-1,-1), (-1,-1), (-1,-1), (-1,-1)]
Turtle 2 :[(-2,-2), (38,31), (37,31), (37,31), (37,31), (37,31), (36,31), (35,31), (34,31), (34,31), (34,31), (33,31)]
Turtle 3 :[(-3,-3), (38,33), (37,33), (36,33), (36,32), (36,32), (37,32), (37,31), (36,31), (35,31), (-3,-3), (-3,-3)]
Turtle 4 :[(-4,-4), (9,43), (9,42), (9,41), (9,40), (9,39), (-4,-4), (-4,-4), (-4,-4), (-4,-4), (-4,-4), (-4,-4)]
Turtle 5 :[(-5,-5), (24,33), (24,33), (25,33), (26,33), (26,34), (26,35), (27,35), (-5,-5), (-5,-5), (-5,-5), (-5,-5)]

Shrinking Run 43
#Info# Executed steps before collision: 11, Found collision: false
Turtle 1 :[(-1,-1), (10,39), (11,39), (12,39), (13,39), (14,39), (-1,-1), (-1,-1), (-1,-1), (-1,-1), (-1,-1), (-1,-1)]
Turtle 2 :[(-2,-2), (38,31), (37,31), (37,31), (37,31), (37,31), (36,31), (35,31), (34,31), (34,31), (34,31), (33,31)]
Turtle 3 :[(-3,-3), (38,33), (37,33), (36,33), (36,32), (36,32), (37,32), (36,32), (36,31), (35,31), (-3,-3), (-3,-3)]
Turtle 4 :[(-4,-4), (9,43), (9,42), (9,41), (9,40), (9,39), (-4,-4), (-4,-4), (-4,-4), (-4,-4), (-4,-4), (-4,-4)]
Turtle 5 :[(-5,-5), (24,33), (24,33), (25,33), (25,34), (25,35), (25,35), (26,35), (27,35), (-5,-5), (-5,-5), (-5,-5)]

Shrinking Run 44
#Info# Executed steps before collision: 6, Found collision: true
Turtle 1 :[(-1,-1), (10,39), (11,39), (12,39), (13,39), (14,39), (-1,-1), (-1,-1), (-1,-1), (-1,-1), (-1,-1), (-1,-1)]
Turtle 2 :[(-2,-2), (38,31), (37,31), (37,31), (37,31), (37,31), (36,31), (35,31), (34,31), (34,31), (34,31), (33,31)]
Turtle 3 :[(-3,-3), (38,33), (37,33), (36,33), (36,32), (36,32), (36,31), (36,31), (37,31), (36,31), (35,31), (-3,-3)]
Turtle 4 :[(-4,-4), (9,43), (9,42), (9,41), (9,40), (9,39), (-4,-4), (-4,-4), (-4,-4), (-4,-4), (-4,-4), (-4,-4)]
Turtle 5 :[(-5,-5), (24,33), (24,33), (25,33), (25,34), (25,35), (25,35), (25,35), (26,35), (26,35), (27,35), (-5,-5)]

Shrinking Run 45
#Info# Executed steps before collision: 11, Found collision: false
Turtle 1 :[(-1,-1), (10,39), (11,39), (12,39), (13,39), (14,39), (-1,-1), (-1,-1), (-1,-1), (-1,-1), (-1,-1), (-1,-1)]
Turtle 2 :[(-2,-2), (38,31), (37,31), (37,31), (37,31), (37,31), (36,31), (35,31), (34,31), (34,31), (34,31), (33,31)]
Turtle 3 :[(-3,-3), (38,33), (37,33), (36,33), (36,32), (36,32), (36,33), (36,32), (35,32), (35,31), (-3,-3), (-3,-3)]
Turtle 4 :[(-4,-4), (9,43), (9,42), (9,41), (9,40), (9,39), (-4,-4), (-4,-4), (-4,-4), (-4,-4), (-4,-4), (-4,-4)]
Turtle 5 :[(-5,-5), (24,33), (24,33), (25,33), (25,34), (25,35), (25,35), (25,35), (26,35), (27,35), (-5,-5), (-5,-5)]

Shrinking Run 46
#Info# Executed steps before collision: 11, Found collision: false
Turtle 1 :[(-1,-1), (10,39), (11,39), (12,39), (13,39), (14,39), (-1,-1), (-1,-1), (-1,-1), (-1,-1), (-1,-1), (-1,-1)]
Turtle 2 :[(-2,-2), (38,31), (37,31), (37,31), (37,31), (37,31), (36,31), (35,31), (34,31), (34,31), (34,31), (33,31)]
Turtle 3 :[(-3,-3), (38,33), (37,33), (36,33), (36,32), (36,32), (35,32), (35,32), (35,33), (35,32), (35,31), (-3,-3)]
Turtle 4 :[(-4,-4), (9,43), (9,42), (9,41), (9,40), (9,39), (-4,-4), (-4,-4), (-4,-4), (-4,-4), (-4,-4), (-4,-4)]
Turtle 5 :[(-5,-5), (24,33), (25,33), (25,34), (25,35), (25,35), (25,35), (25,35), (26,35), (26,35), (27,35), (-5,-5)]

Shrinking Run 47
#Info# Executed steps before collision: 6, Found collision: true
Turtle 1 :[(-1,-1), (10,39), (11,39), (12,39), (13,39), (14,39), (-1,-1), (-1,-1), (-1,-1), (-1,-1), (-1,-1), (-1,-1)]
Turtle 2 :[(-2,-2), (38,31), (37,31), (37,31), (37,31), (37,31), (36,31), (35,31), (34,31), (34,31), (34,31), (33,31)]
Turtle 3 :[(-3,-3), (38,33), (37,33), (36,33), (36,32), (36,32), (36,31), (36,30), (35,30), (35,31), (-3,-3), (-3,-3)]
Turtle 4 :[(-4,-4), (9,43), (9,42), (9,41), (9,40), (9,39), (-4,-4), (-4,-4), (-4,-4), (-4,-4), (-4,-4), (-4,-4)]
Turtle 5 :[(-5,-5), (24,33), (24,34), (25,34), (25,35), (25,35), (25,35), (25,35), (26,35), (26,35), (27,35), (-5,-5)]

Shrinking Run 48
#Info# Executed steps before collision: 11, Found collision: false
Turtle 1 :[(-1,-1), (10,39), (11,39), (12,39), (13,39), (14,39), (-1,-1), (-1,-1), (-1,-1), (-1,-1), (-1,-1), (-1,-1)]
Turtle 2 :[(-2,-2), (38,31), (37,31), (37,31), (37,31), (37,31), (36,31), (35,31), (34,31), (34,31), (34,31), (33,31)]
Turtle 3 :[(-3,-3), (38,33), (37,33), (36,33), (36,32), (36,32), (37,32), (36,32), (35,32), (35,31), (-3,-3), (-3,-3)]
Turtle 4 :[(-4,-4), (9,43), (9,42), (9,41), (9,40), (9,39), (-4,-4), (-4,-4), (-4,-4), (-4,-4), (-4,-4), (-4,-4)]
Turtle 5 :[(-5,-5), (24,33), (24,34), (25,34), (26,34), (26,34), (26,34), (26,34), (26,35), (26,35), (27,35), (-5,-5)]

Shrinking Run 49
#Info# Executed steps before collision: 11, Found collision: false
Turtle 1 :[(-1,-1), (10,39), (11,39), (12,39), (13,39), (14,39), (-1,-1), (-1,-1), (-1,-1), (-1,-1), (-1,-1), (-1,-1)]
Turtle 2 :[(-2,-2), (38,31), (37,31), (37,31), (37,31), (37,31), (36,31), (35,31), (34,31), (34,31), (34,31), (33,31)]
Turtle 3 :[(-3,-3), (38,33), (37,33), (36,33), (36,32), (36,32), (36,33), (36,32), (35,32), (35,31), (-3,-3), (-3,-3)]
Turtle 4 :[(-4,-4), (9,43), (9,42), (9,41), (9,40), (9,39), (-4,-4), (-4,-4), (-4,-4), (-4,-4), (-4,-4), (-4,-4)]
Turtle 5 :[(-5,-5), (24,33), (24,34), (25,34), (25,35), (26,35), (26,35), (26,35), (26,35), (26,35), (27,35), (-5,-5)]

Shrinking Run 50
#Info# Executed steps before collision: 11, Found collision: false
Turtle 1 :[(-1,-1), (10,39), (11,39), (12,39), (13,39), (14,39), (-1,-1), (-1,-1), (-1,-1), (-1,-1), (-1,-1), (-1,-1)]
Turtle 2 :[(-2,-2), (38,31), (37,31), (37,31), (37,31), (37,31), (36,31), (35,31), (34,31), (34,31), (34,31), (33,31)]
Turtle 3 :[(-3,-3), (38,33), (37,33), (36,33), (36,32), (36,32), (36,33), (36,32), (35,32), (35,31), (-3,-3), (-3,-3)]
Turtle 4 :[(-4,-4), (9,43), (9,42), (9,41), (9,40), (9,39), (-4,-4), (-4,-4), (-4,-4), (-4,-4), (-4,-4), (-4,-4)]
Turtle 5 :[(-5,-5), (24,33), (24,34), (25,34), (25,35), (25,35), (26,35), (26,35), (26,35), (26,35), (27,35), (-5,-5)]

Shrinking Run 51
#Info# Executed steps before collision: 11, Found collision: false
Turtle 1 :[(-1,-1), (10,39), (11,39), (12,39), (13,39), (14,39), (-1,-1), (-1,-1), (-1,-1), (-1,-1), (-1,-1), (-1,-1)]
Turtle 2 :[(-2,-2), (38,31), (37,31), (37,31), (37,31), (37,31), (36,31), (35,31), (34,31), (34,31), (34,31), (33,31)]
Turtle 3 :[(-3,-3), (38,33), (37,33), (36,33), (36,32), (36,32), (37,32), (36,32), (35,32), (35,31), (-3,-3), (-3,-3)]
Turtle 4 :[(-4,-4), (9,43), (9,42), (9,41), (9,40), (9,39), (-4,-4), (-4,-4), (-4,-4), (-4,-4), (-4,-4), (-4,-4)]
Turtle 5 :[(-5,-5), (24,33), (24,34), (25,34), (25,35), (25,35), (25,35), (26,35), (26,35), (26,35), (27,35), (-5,-5)]

Shrinking Run 52
#Info# Executed steps before collision: 11, Found collision: false
Turtle 1 :[(-1,-1), (10,39), (9,39), (8,39), (7,39), (6,39), (6,39), (6,39), (5,39), (-1,-1), (-1,-1), (-1,-1)]
Turtle 2 :[(-2,-2), (38,31), (37,31), (37,31), (37,31), (37,31), (36,31), (35,31), (34,31), (34,31), (34,31), (33,31)]
Turtle 3 :[(-3,-3), (38,33), (37,33), (36,33), (36,32), (36,32), (37,32), (36,32), (36,31), (35,31), (-3,-3), (-3,-3)]
Turtle 4 :[(-4,-4), (9,43), (9,42), (9,41), (9,40), (9,39), (-4,-4), (-4,-4), (-4,-4), (-4,-4), (-4,-4), (-4,-4)]
Turtle 5 :[(-5,-5), (24,33), (24,34), (25,34), (25,35), (25,35), (25,35), (25,35), (26,35), (26,35), (27,35), (-5,-5)]

Shrinking Run 53
#Info# Executed steps before collision: 11, Found collision: false
Turtle 1 :[(-1,-1), (10,39), (9,39), (8,39), (8,39), (8,39), (7,39), (-1,-1), (-1,-1), (-1,-1), (-1,-1), (-1,-1)]
Turtle 2 :[(-2,-2), (38,31), (37,31), (37,31), (37,31), (37,31), (36,31), (35,31), (34,31), (34,31), (34,31), (33,31)]
Turtle 3 :[(-3,-3), (38,33), (37,33), (36,33), (36,32), (36,32), (36,33), (36,32), (36,31), (35,31), (-3,-3), (-3,-3)]
Turtle 4 :[(-4,-4), (9,43), (9,42), (9,41), (9,40), (9,39), (-4,-4), (-4,-4), (-4,-4), (-4,-4), (-4,-4), (-4,-4)]
Turtle 5 :[(-5,-5), (24,33), (24,34), (25,34), (25,35), (25,35), (25,35), (25,35), (26,35), (26,35), (27,35), (-5,-5)]

Shrinking Run 54
#Info# Executed steps before collision: 11, Found collision: false
Turtle 1 :[(-1,-1), (10,39), (10,39), (10,39), (11,39), (-1,-1), (-1,-1), (-1,-1), (-1,-1), (-1,-1), (-1,-1), (-1,-1)]
Turtle 2 :[(-2,-2), (38,31), (37,31), (37,31), (37,31), (37,31), (36,31), (35,31), (34,31), (34,31), (34,31), (33,31)]
Turtle 3 :[(-3,-3), (38,33), (37,33), (36,33), (36,32), (36,32), (36,33), (35,33), (35,32), (35,31), (-3,-3), (-3,-3)]
Turtle 4 :[(-4,-4), (9,43), (9,42), (9,41), (9,40), (9,39), (-4,-4), (-4,-4), (-4,-4), (-4,-4), (-4,-4), (-4,-4)]
Turtle 5 :[(-5,-5), (24,33), (24,34), (25,34), (25,35), (25,35), (25,35), (25,35), (26,35), (26,35), (27,35), (-5,-5)]

Shrinking Run 55
#Info# Executed steps before collision: 11, Found collision: false
Turtle 1 :[(-1,-1), (10,39), (11,39), (12,39), (12,39), (12,39), (13,39), (-1,-1), (-1,-1), (-1,-1), (-1,-1), (-1,-1)]
Turtle 2 :[(-2,-2), (38,31), (37,31), (37,31), (37,31), (37,31), (36,31), (35,31), (34,31), (34,31), (34,31), (33,31)]
Turtle 3 :[(-3,-3), (38,33), (37,33), (36,33), (36,32), (36,32), (36,32), (37,32), (36,32), (36,31), (35,31), (-3,-3)]
Turtle 4 :[(-4,-4), (9,43), (9,42), (9,41), (9,40), (9,39), (-4,-4), (-4,-4), (-4,-4), (-4,-4), (-4,-4), (-4,-4)]
Turtle 5 :[(-5,-5), (24,33), (24,34), (25,34), (25,35), (25,35), (25,35), (25,35), (26,35), (26,35), (27,35), (-5,-5)]

Shrinking Run 56
#Info# Executed steps before collision: 11, Found collision: false
Turtle 1 :[(-1,-1), (10,39), (11,39), (11,38), (12,38), (12,37), (12,37), (12,37), (12,36), (-1,-1), (-1,-1), (-1,-1)]
Turtle 2 :[(-2,-2), (38,31), (37,31), (37,31), (37,31), (37,31), (36,31), (35,31), (34,31), (34,31), (34,31), (33,31)]
Turtle 3 :[(-3,-3), (38,33), (37,33), (36,33), (36,32), (36,32), (37,32), (36,32), (36,31), (35,31), (-3,-3), (-3,-3)]
Turtle 4 :[(-4,-4), (9,43), (9,42), (9,41), (9,40), (9,39), (-4,-4), (-4,-4), (-4,-4), (-4,-4), (-4,-4), (-4,-4)]
Turtle 5 :[(-5,-5), (24,33), (24,34), (25,34), (25,35), (25,35), (25,35), (25,35), (26,35), (26,35), (27,35), (-5,-5)]

Shrinking Run 57
#Info# Executed steps before collision: 11, Found collision: false
Turtle 1 :[(-1,-1), (10,39), (11,39), (11,38), (12,38), (13,38), (13,38), (13,38), (14,38), (-1,-1), (-1,-1), (-1,-1)]
Turtle 2 :[(-2,-2), (38,31), (37,31), (37,31), (37,31), (37,31), (36,31), (35,31), (34,31), (34,31), (34,31), (33,31)]
Turtle 3 :[(-3,-3), (38,33), (37,33), (36,33), (36,32), (36,32), (35,32), (35,32), (35,33), (35,32), (35,31), (-3,-3)]
Turtle 4 :[(-4,-4), (9,43), (9,42), (9,41), (9,40), (9,39), (-4,-4), (-4,-4), (-4,-4), (-4,-4), (-4,-4), (-4,-4)]
Turtle 5 :[(-5,-5), (24,33), (24,34), (25,34), (25,35), (25,35), (25,35), (25,35), (26,35), (26,35), (27,35), (-5,-5)]

Shrinking Run 58
#Info# Executed steps before collision: 10, Found collision: false
Turtle 1 :[(-1,-1), (10,39), (11,39), (12,39), (13,39), (14,39), (-1,-1), (-1,-1), (-1,-1), (-1,-1), (-1,-1)]
Turtle 2 :[(-2,-2), (38,31), (37,31), (36,31), (35,31), (34,31), (33,31), (-2,-2), (-2,-2), (-2,-2), (-2,-2)]
Turtle 3 :[(-3,-3), (38,33), (37,33), (36,33), (36,32), (36,32), (36,31), (35,31), (-3,-3), (-3,-3), (-3,-3)]
Turtle 4 :[(-4,-4), (9,43), (9,42), (9,41), (9,40), (9,39), (-4,-4), (-4,-4), (-4,-4), (-4,-4), (-4,-4)]
Turtle 5 :[(-5,-5), (24,33), (24,34), (25,34), (25,35), (25,35), (25,35), (25,35), (26,35), (26,35), (27,35)]

Shrinking Run 59
#Info# Executed steps before collision: 10, Found collision: false
Turtle 1 :[(-1,-1), (10,39), (11,39), (12,39), (13,39), (14,39), (-1,-1), (-1,-1), (-1,-1), (-1,-1), (-1,-1)]
Turtle 2 :[(-2,-2), (38,31), (37,31), (36,31), (36,31), (35,31), (34,31), (33,31), (-2,-2), (-2,-2), (-2,-2)]
Turtle 3 :[(-3,-3), (38,33), (37,33), (36,33), (36,32), (36,32), (36,31), (35,31), (-3,-3), (-3,-3), (-3,-3)]
Turtle 4 :[(-4,-4), (9,43), (9,42), (9,41), (9,40), (9,39), (-4,-4), (-4,-4), (-4,-4), (-4,-4), (-4,-4)]
Turtle 5 :[(-5,-5), (24,33), (24,34), (25,34), (25,35), (25,35), (25,35), (25,35), (26,35), (26,35), (27,35)]

Shrinking Run 60
#Info# Executed steps before collision: 10, Found collision: false
Turtle 1 :[(-1,-1), (10,39), (11,39), (12,39), (13,39), (14,39), (-1,-1), (-1,-1), (-1,-1), (-1,-1), (-1,-1)]
Turtle 2 :[(-2,-2), (38,31), (37,31), (36,31), (36,31), (36,31), (35,31), (34,31), (33,31), (-2,-2), (-2,-2)]
Turtle 3 :[(-3,-3), (38,33), (37,33), (36,33), (36,32), (36,32), (36,31), (36,31), (35,31), (-3,-3), (-3,-3)]
Turtle 4 :[(-4,-4), (9,43), (9,42), (9,41), (9,40), (9,39), (-4,-4), (-4,-4), (-4,-4), (-4,-4), (-4,-4)]
Turtle 5 :[(-5,-5), (24,33), (24,34), (25,34), (25,35), (25,35), (25,35), (25,35), (26,35), (26,35), (27,35)]

Shrinking Run 61
#Info# Executed steps before collision: 10, Found collision: false
Turtle 1 :[(-1,-1), (10,39), (11,39), (12,39), (13,39), (14,39), (-1,-1), (-1,-1), (-1,-1), (-1,-1), (-1,-1)]
Turtle 2 :[(-2,-2), (38,31), (37,31), (36,31), (36,31), (36,31), (36,31), (36,31), (35,31), (34,31), (33,31)]
Turtle 3 :[(-3,-3), (38,33), (37,33), (36,33), (36,32), (36,33), (36,32), (35,32), (35,33), (35,32), (35,31)]
Turtle 4 :[(-4,-4), (9,43), (9,42), (9,41), (9,40), (9,39), (-4,-4), (-4,-4), (-4,-4), (-4,-4), (-4,-4)]
Turtle 5 :[(-5,-5), (24,33), (24,34), (25,34), (25,35), (25,35), (25,35), (25,35), (26,35), (26,35), (27,35)]

Shrinking Run 62
#Info# Executed steps before collision: 10, Found collision: false
Turtle 1 :[(-1,-1), (10,39), (11,39), (12,39), (13,39), (14,39), (-1,-1), (-1,-1), (-1,-1), (-1,-1), (-1,-1)]
Turtle 2 :[(-2,-2), (38,31), (37,31), (36,31), (36,31), (36,31), (36,31), (35,31), (34,31), (33,31), (-2,-2)]
Turtle 3 :[(-3,-3), (38,33), (37,33), (36,33), (36,32), (36,32), (37,32), (36,32), (36,31), (35,31), (-3,-3)]
Turtle 4 :[(-4,-4), (9,43), (9,42), (9,41), (9,40), (9,39), (-4,-4), (-4,-4), (-4,-4), (-4,-4), (-4,-4)]
Turtle 5 :[(-5,-5), (24,33), (24,34), (25,34), (25,35), (25,35), (25,35), (25,35), (26,35), (26,35), (27,35)]

Shrinking Run 63
#Info# Executed steps before collision: 11, Found collision: false
Turtle 1 :[(-1,-1), (10,39), (11,39), (12,39), (13,39), (14,39), (-1,-1), (-1,-1), (-1,-1), (-1,-1), (-1,-1), (-1,-1)]
Turtle 2 :[(-2,-2), (38,31), (37,31), (36,31), (36,31), (36,31), (36,31), (36,31), (35,31), (34,31), (34,31), (33,31)]
Turtle 3 :[(-3,-3), (38,33), (37,33), (36,33), (36,32), (36,32), (37,32), (36,32), (35,32), (35,33), (35,32), (35,31)]
Turtle 4 :[(-4,-4), (9,43), (9,42), (9,41), (9,40), (9,39), (-4,-4), (-4,-4), (-4,-4), (-4,-4), (-4,-4), (-4,-4)]
Turtle 5 :[(-5,-5), (24,33), (24,34), (25,34), (25,35), (25,35), (25,35), (25,35), (26,35), (26,35), (27,35), (-5,-5)]

Shrinking Run 64
#Info# Executed steps before collision: 5, Found collision: true
Turtle 1 :[(-1,-1), (10,39), (11,39), (12,39), (13,39), (14,39), (-1,-1), (-1,-1), (-1,-1), (-1,-1), (-1,-1), (-1,-1), (-1,-1)]
Turtle 2 :[(-2,-2), (38,31), (37,31), (37,31), (36,31), (36,31), (36,31), (36,31), (36,31), (35,31), (34,31), (34,31), (33,31)]
Turtle 3 :[(-3,-3), (38,33), (37,33), (36,33), (36,32), (36,31), (35,31), (-3,-3), (-3,-3), (-3,-3), (-3,-3), (-3,-3), (-3,-3)]
Turtle 4 :[(-4,-4), (9,43), (9,42), (9,41), (9,40), (9,39), (-4,-4), (-4,-4), (-4,-4), (-4,-4), (-4,-4), (-4,-4), (-4,-4)]
Turtle 5 :[(-5,-5), (24,33), (24,34), (25,34), (25,35), (25,35), (25,35), (25,35), (26,35), (26,35), (27,35), (-5,-5), (-5,-5)]

Shrinking Run 65
#Info# Executed steps before collision: 11, Found collision: false
Turtle 1 :[(-1,-1), (10,39), (11,39), (12,39), (13,39), (14,39), (-1,-1), (-1,-1), (-1,-1), (-1,-1), (-1,-1), (-1,-1)]
Turtle 2 :[(-2,-2), (38,31), (37,31), (37,31), (36,31), (35,31), (35,31), (35,31), (34,31), (34,31), (34,31), (33,31)]
Turtle 3 :[(-3,-3), (38,33), (37,33), (36,33), (36,32), (36,32), (36,31), (37,31), (36,31), (35,31), (-3,-3), (-3,-3)]
Turtle 4 :[(-4,-4), (9,43), (9,42), (9,41), (9,40), (9,39), (-4,-4), (-4,-4), (-4,-4), (-4,-4), (-4,-4), (-4,-4)]
Turtle 5 :[(-5,-5), (24,33), (24,34), (25,34), (25,35), (25,35), (25,35), (25,35), (26,35), (26,35), (27,35), (-5,-5)]

Shrinking Run 66
#Info# Executed steps before collision: 11, Found collision: false
Turtle 1 :[(-1,-1), (10,39), (11,39), (12,39), (13,39), (14,39), (-1,-1), (-1,-1), (-1,-1), (-1,-1), (-1,-1), (-1,-1)]
Turtle 2 :[(-2,-2), (38,31), (37,31), (37,31), (36,31), (36,31), (35,31), (35,31), (34,31), (34,31), (34,31), (33,31)]
Turtle 3 :[(-3,-3), (38,33), (37,33), (36,33), (36,32), (35,32), (36,32), (36,31), (35,31), (-3,-3), (-3,-3), (-3,-3)]
Turtle 4 :[(-4,-4), (9,43), (9,42), (9,41), (9,40), (9,39), (-4,-4), (-4,-4), (-4,-4), (-4,-4), (-4,-4), (-4,-4)]
Turtle 5 :[(-5,-5), (24,33), (24,34), (25,34), (25,35), (25,35), (25,35), (25,35), (26,35), (26,35), (27,35), (-5,-5)]

Shrinking Run 67
#Info# Executed steps before collision: 11, Found collision: false
Turtle 1 :[(-1,-1), (10,39), (11,39), (12,39), (13,39), (14,39), (-1,-1), (-1,-1), (-1,-1), (-1,-1), (-1,-1), (-1,-1)]
Turtle 2 :[(-2,-2), (38,31), (37,31), (37,31), (36,31), (36,31), (36,31), (35,31), (34,31), (34,31), (34,31), (33,31)]
Turtle 3 :[(-3,-3), (38,33), (37,33), (36,33), (36,32), (36,32), (37,32), (36,32), (36,31), (35,31), (-3,-3), (-3,-3)]
Turtle 4 :[(-4,-4), (9,43), (9,42), (9,41), (9,40), (9,39), (-4,-4), (-4,-4), (-4,-4), (-4,-4), (-4,-4), (-4,-4)]
Turtle 5 :[(-5,-5), (24,33), (24,34), (25,34), (25,35), (25,35), (25,35), (25,35), (26,35), (26,35), (27,35), (-5,-5)]

Shrinking Run 68
#Info# Executed steps before collision: 11, Found collision: false
Turtle 1 :[(-1,-1), (10,39), (11,39), (12,39), (13,39), (14,39), (-1,-1), (-1,-1), (-1,-1), (-1,-1), (-1,-1), (-1,-1)]
Turtle 2 :[(-2,-2), (38,31), (37,31), (37,31), (36,31), (36,31), (36,31), (36,31), (35,31), (34,31), (34,31), (33,31)]
Turtle 3 :[(-3,-3), (38,33), (38,33), (37,33), (36,33), (36,32), (35,32), (34,32), (-3,-3), (-3,-3), (-3,-3), (-3,-3)]
Turtle 4 :[(-4,-4), (9,43), (9,42), (9,41), (9,40), (9,39), (-4,-4), (-4,-4), (-4,-4), (-4,-4), (-4,-4), (-4,-4)]
Turtle 5 :[(-5,-5), (24,33), (24,34), (25,34), (25,35), (25,35), (25,35), (25,35), (26,35), (26,35), (27,35), (-5,-5)]

Shrinking Run 69
#Info# Executed steps before collision: 11, Found collision: false
Turtle 1 :[(-1,-1), (10,39), (11,39), (12,39), (13,39), (14,39), (-1,-1), (-1,-1), (-1,-1), (-1,-1), (-1,-1), (-1,-1)]
Turtle 2 :[(-2,-2), (38,31), (37,31), (37,31), (36,31), (36,31), (36,31), (36,31), (35,31), (34,31), (34,31), (33,31)]
Turtle 3 :[(-3,-3), (38,33), (38,33), (38,32), (37,32), (36,32), (35,32), (34,32), (-3,-3), (-3,-3), (-3,-3), (-3,-3)]
Turtle 4 :[(-4,-4), (9,43), (9,42), (9,41), (9,40), (9,39), (-4,-4), (-4,-4), (-4,-4), (-4,-4), (-4,-4), (-4,-4)]
Turtle 5 :[(-5,-5), (24,33), (24,34), (25,34), (25,35), (25,35), (25,35), (25,35), (26,35), (26,35), (27,35), (-5,-5)]

Shrinking Run 70
#Info# Executed steps before collision: 11, Found collision: false
Turtle 1 :[(-1,-1), (10,39), (11,39), (12,39), (13,39), (14,39), (-1,-1), (-1,-1), (-1,-1), (-1,-1), (-1,-1), (-1,-1)]
Turtle 2 :[(-2,-2), (38,31), (37,31), (37,31), (36,31), (36,31), (36,31), (36,31), (35,31), (34,31), (34,31), (33,31)]
Turtle 3 :[(-3,-3), (38,33), (38,32), (37,32), (38,32), (38,31), (37,31), (37,32), (36,32), (35,32), (35,31), (-3,-3)]
Turtle 4 :[(-4,-4), (9,43), (9,42), (9,41), (9,40), (9,39), (-4,-4), (-4,-4), (-4,-4), (-4,-4), (-4,-4), (-4,-4)]
Turtle 5 :[(-5,-5), (24,33), (24,34), (25,34), (25,35), (25,35), (25,35), (25,35), (26,35), (26,35), (27,35), (-5,-5)]

Shrinking Run 71
#Info# Executed steps before collision: 5, Found collision: true
Turtle 1 :[(-1,-1), (10,39), (11,39), (12,39), (13,39), (14,39), (-1,-1), (-1,-1), (-1,-1), (-1,-1), (-1,-1)]
Turtle 2 :[(-2,-2), (38,31), (37,31), (37,31), (36,31), (36,31), (37,31), (36,31), (35,31), (34,31), (33,31)]
Turtle 3 :[(-3,-3), (38,33), (37,33), (36,33), (36,32), (36,31), (35,31), (-3,-3), (-3,-3), (-3,-3), (-3,-3)]
Turtle 4 :[(-4,-4), (9,43), (9,42), (9,41), (9,40), (9,39), (-4,-4), (-4,-4), (-4,-4), (-4,-4), (-4,-4)]
Turtle 5 :[(-5,-5), (24,33), (24,34), (25,34), (25,35), (25,35), (25,35), (25,35), (26,35), (26,35), (27,35)]

Shrinking Run 72
#Info# Executed steps before collision: 5, Found collision: true
Turtle 1 :[(-1,-1), (10,39), (11,39), (12,39), (13,39), (14,39), (-1,-1), (-1,-1), (-1,-1), (-1,-1), (-1,-1)]
Turtle 2 :[(-2,-2), (38,31), (37,31), (37,31), (36,31), (36,31), (35,31), (34,31), (33,31), (-2,-2), (-2,-2)]
Turtle 3 :[(-3,-3), (38,33), (37,33), (36,33), (36,32), (36,31), (35,31), (-3,-3), (-3,-3), (-3,-3), (-3,-3)]
Turtle 4 :[(-4,-4), (9,43), (9,42), (9,41), (8,41), (8,40), (7,40), (-4,-4), (-4,-4), (-4,-4), (-4,-4)]
Turtle 5 :[(-5,-5), (24,33), (24,34), (25,34), (25,35), (25,35), (25,35), (25,35), (26,35), (26,35), (27,35)]

Shrinking Run 73
#Info# Executed steps before collision: 5, Found collision: true
Turtle 1 :[(-1,-1), (10,39), (11,39), (12,39), (13,39), (14,39), (-1,-1), (-1,-1), (-1,-1), (-1,-1), (-1,-1), (-1,-1)]
Turtle 2 :[(-2,-2), (38,31), (37,31), (37,31), (36,31), (36,31), (37,31), (36,31), (35,31), (34,31), (33,31), (-2,-2)]
Turtle 3 :[(-3,-3), (38,33), (37,33), (36,33), (36,32), (36,31), (36,32), (35,32), (35,32), (36,32), (36,31), (35,31)]
Turtle 4 :[(-4,-4), (9,43), (8,43), (8,42), (7,42), (7,41), (7,40), (-4,-4), (-4,-4), (-4,-4), (-4,-4), (-4,-4)]
Turtle 5 :[(-5,-5), (24,33), (24,34), (25,34), (25,35), (25,35), (25,35), (25,35), (26,35), (26,35), (27,35), (-5,-5)]

Shrinking Run 74
#Info# Executed steps before collision: 5, Found collision: true
Turtle 1 :[(-1,-1), (10,39), (11,39), (12,39), (13,39), (14,39), (-1,-1), (-1,-1), (-1,-1), (-1,-1), (-1,-1)]
Turtle 2 :[(-2,-2), (38,31), (37,31), (37,31), (36,31), (36,31), (35,31), (34,31), (33,31), (-2,-2), (-2,-2)]
Turtle 3 :[(-3,-3), (38,33), (37,33), (36,33), (36,32), (36,31), (35,31), (-3,-3), (-3,-3), (-3,-3), (-3,-3)]
Turtle 4 :[(-4,-4), (9,43), (8,43), (8,42), (7,42), (6,42), (6,41), (-4,-4), (-4,-4), (-4,-4), (-4,-4)]
Turtle 5 :[(-5,-5), (24,33), (24,34), (25,34), (25,35), (25,35), (25,35), (25,35), (26,35), (26,35), (27,35)]

Shrinking Run 75
#Info# Executed steps before collision: 5, Found collision: true
Turtle 1 :[(-1,-1), (10,39), (11,39), (12,39), (13,39), (14,39), (-1,-1), (-1,-1), (-1,-1), (-1,-1), (-1,-1), (-1,-1), (-1,-1)]
Turtle 2 :[(-2,-2), (38,31), (37,31), (37,31), (36,31), (36,31), (36,31), (36,31), (36,31), (35,31), (34,31), (34,31), (33,31)]
Turtle 3 :[(-3,-3), (38,33), (37,33), (36,33), (36,32), (36,31), (36,30), (36,29), (35,29), (35,30), (36,30), (35,30), (35,31)]
Turtle 4 :[(-4,-4), (9,43), (8,43), (7,43), (6,43), (5,43), (5,42), (-4,-4), (-4,-4), (-4,-4), (-4,-4), (-4,-4), (-4,-4)]
Turtle 5 :[(-5,-5), (24,33), (24,34), (25,34), (25,35), (25,35), (25,35), (25,35), (26,35), (26,35), (27,35), (-5,-5), (-5,-5)]

Shrinking Run 76
#Info# Executed steps before collision: 5, Found collision: true
Turtle 1 :[(-1,-1), (10,39), (11,39), (12,39), (13,39), (14,39), (-1,-1), (-1,-1), (-1,-1), (-1,-1), (-1,-1)]
Turtle 2 :[(-2,-2), (38,31), (37,31), (37,31), (36,31), (36,31), (36,30), (35,30), (35,31), (34,31), (33,31)]
Turtle 3 :[(-3,-3), (38,33), (37,33), (36,33), (36,32), (36,31), (36,30), (36,31), (36,31), (36,31), (35,31)]
Turtle 4 :[(-4,-4), (9,43), (8,43), (7,43), (6,43), (5,43), (4,43), (-4,-4), (-4,-4), (-4,-4), (-4,-4)]
Turtle 5 :[(-5,-5), (24,33), (24,34), (25,34), (25,35), (25,35), (25,35), (25,35), (26,35), (26,35), (27,35)]

Shrinking Run 77
#Info# Executed steps before collision: 5, Found collision: true
Turtle 1 :[(-1,-1), (10,39), (11,39), (12,39), (13,39), (14,39), (-1,-1), (-1,-1), (-1,-1), (-1,-1), (-1,-1), (-1,-1)]
Turtle 2 :[(-2,-2), (38,31), (37,31), (37,31), (36,31), (36,31), (37,31), (36,31), (35,31), (34,31), (33,31), (-2,-2)]
Turtle 3 :[(-3,-3), (38,33), (37,33), (36,33), (36,32), (36,31), (35,31), (-3,-3), (-3,-3), (-3,-3), (-3,-3), (-3,-3)]
Turtle 4 :[(-4,-4), (9,43), (8,43), (7,43), (6,43), (5,43), (4,43), (-4,-4), (-4,-4), (-4,-4), (-4,-4), (-4,-4)]
Turtle 5 :[(-5,-5), (24,33), (24,33), (23,33), (23,34), (23,34), (23,34), (23,34), (22,34), (22,34), (21,34), (20,34)]

Shrinking Run 78
#Info# Executed steps before collision: 5, Found collision: true
Turtle 1 :[(-1,-1), (10,39), (11,39), (12,39), (13,39), (14,39), (-1,-1), (-1,-1), (-1,-1), (-1,-1), (-1,-1), (-1,-1)]
Turtle 2 :[(-2,-2), (38,31), (37,31), (37,31), (36,31), (36,31), (36,32), (35,32), (35,31), (34,31), (33,31), (-2,-2)]
Turtle 3 :[(-3,-3), (38,33), (37,33), (36,33), (36,32), (36,31), (36,31), (36,31), (36,32), (35,32), (35,31), (-3,-3)]
Turtle 4 :[(-4,-4), (9,43), (8,43), (7,43), (6,43), (5,43), (4,43), (-4,-4), (-4,-4), (-4,-4), (-4,-4), (-4,-4)]
Turtle 5 :[(-5,-5), (24,33), (24,33), (23,33), (23,32), (23,32), (23,32), (23,32), (22,32), (22,32), (21,32), (20,32)]

Shrinking Run 79
#Info# Executed steps before collision: 5, Found collision: true
Turtle 1 :[(-1,-1), (10,39), (11,39), (12,39), (13,39), (14,39), (-1,-1), (-1,-1), (-1,-1), (-1,-1), (-1,-1), (-1,-1)]
Turtle 2 :[(-2,-2), (38,31), (37,31), (37,31), (36,31), (36,31), (36,32), (35,32), (34,32), (33,32), (33,31), (-2,-2)]
Turtle 3 :[(-3,-3), (38,33), (37,33), (36,33), (36,32), (36,31), (36,30), (35,30), (35,31), (-3,-3), (-3,-3), (-3,-3)]
Turtle 4 :[(-4,-4), (9,43), (8,43), (7,43), (6,43), (5,43), (4,43), (-4,-4), (-4,-4), (-4,-4), (-4,-4), (-4,-4)]
Turtle 5 :[(-5,-5), (24,33), (24,33), (23,33), (22,33), (22,33), (22,33), (22,33), (21,33), (21,33), (21,32), (20,32)]

Shrinking Run 80
#Info# Executed steps before collision: 5, Found collision: true
Turtle 1 :[(-1,-1), (10,39), (11,39), (12,39), (13,39), (14,39), (-1,-1), (-1,-1), (-1,-1), (-1,-1), (-1,-1), (-1,-1)]
Turtle 2 :[(-2,-2), (38,31), (37,31), (37,31), (36,31), (36,31), (36,32), (35,32), (34,32), (33,32), (33,31), (-2,-2)]
Turtle 3 :[(-3,-3), (38,33), (37,33), (36,33), (36,32), (36,31), (35,31), (-3,-3), (-3,-3), (-3,-3), (-3,-3), (-3,-3)]
Turtle 4 :[(-4,-4), (9,43), (8,43), (7,43), (6,43), (5,43), (4,43), (-4,-4), (-4,-4), (-4,-4), (-4,-4), (-4,-4)]
Turtle 5 :[(-5,-5), (24,33), (24,33), (23,33), (22,33), (22,33), (22,33), (22,33), (21,33), (21,33), (20,33), (19,33)]

Shrinking Run 81
#Info# Executed steps before collision: 5, Found collision: true
Turtle 1 :[(-1,-1), (10,39), (11,39), (12,39), (13,39), (14,39), (-1,-1), (-1,-1), (-1,-1), (-1,-1), (-1,-1), (-1,-1)]
Turtle 2 :[(-2,-2), (38,31), (37,31), (37,31), (36,31), (36,31), (36,32), (35,32), (34,32), (34,32), (34,31), (33,31)]
Turtle 3 :[(-3,-3), (38,33), (37,33), (36,33), (36,32), (36,31), (36,31), (36,31), (35,31), (-3,-3), (-3,-3), (-3,-3)]
Turtle 4 :[(-4,-4), (9,43), (8,43), (7,43), (6,43), (5,43), (4,43), (-4,-4), (-4,-4), (-4,-4), (-4,-4), (-4,-4)]
Turtle 5 :[(-5,-5), (24,33), (23,33), (22,33), (21,33), (20,33), (19,33), (-5,-5), (-5,-5), (-5,-5), (-5,-5), (-5,-5)]

Shrinking Run 82
#Info# Executed steps before collision: 5, Found collision: true
Turtle 1 :[(-1,-1), (10,39), (9,39), (8,39), (7,39), (6,39), (6,39), (6,39), (5,39), (-1,-1), (-1,-1), (-1,-1), (-1,-1)]
Turtle 2 :[(-2,-2), (38,31), (37,31), (37,31), (36,31), (36,31), (37,31), (37,32), (37,31), (36,31), (35,31), (34,31), (33,31)]
Turtle 3 :[(-3,-3), (38,33), (37,33), (36,33), (36,32), (36,31), (36,31), (36,31), (35,31), (-3,-3), (-3,-3), (-3,-3), (-3,-3)]
Turtle 4 :[(-4,-4), (9,43), (8,43), (7,43), (6,43), (5,43), (4,43), (-4,-4), (-4,-4), (-4,-4), (-4,-4), (-4,-4), (-4,-4)]
Turtle 5 :[(-5,-5), (24,33), (23,33), (22,33), (21,33), (20,33), (19,33), (-5,-5), (-5,-5), (-5,-5), (-5,-5), (-5,-5), (-5,-5)]

Shrinking Run 83
#Info# Executed steps before collision: 5, Found collision: true
Turtle 1 :[(-1,-1), (10,39), (9,39), (9,38), (8,38), (8,37), (8,37), (8,37), (8,36), (-1,-1), (-1,-1), (-1,-1), (-1,-1)]
Turtle 2 :[(-2,-2), (38,31), (37,31), (37,31), (36,31), (36,31), (36,31), (36,31), (36,31), (35,31), (34,31), (34,31), (33,31)]
Turtle 3 :[(-3,-3), (38,33), (37,33), (36,33), (36,32), (36,31), (36,32), (35,32), (35,31), (-3,-3), (-3,-3), (-3,-3), (-3,-3)]
Turtle 4 :[(-4,-4), (9,43), (8,43), (7,43), (6,43), (5,43), (4,43), (-4,-4), (-4,-4), (-4,-4), (-4,-4), (-4,-4), (-4,-4)]
Turtle 5 :[(-5,-5), (24,33), (23,33), (22,33), (21,33), (20,33), (19,33), (-5,-5), (-5,-5), (-5,-5), (-5,-5), (-5,-5), (-5,-5)]

Shrinking Run 84
#Info# Executed steps before collision: 5, Found collision: true
Turtle 1 :[(-1,-1), (10,39), (9,39), (8,39), (7,39), (7,38), (7,38), (7,38), (7,37), (-1,-1), (-1,-1)]
Turtle 2 :[(-2,-2), (38,31), (37,31), (37,31), (36,31), (36,31), (36,32), (36,31), (35,31), (34,31), (33,31)]
Turtle 3 :[(-3,-3), (38,33), (37,33), (36,33), (36,32), (36,31), (37,31), (37,30), (36,30), (36,31), (35,31)]
Turtle 4 :[(-4,-4), (9,43), (8,43), (7,43), (6,43), (5,43), (4,43), (-4,-4), (-4,-4), (-4,-4), (-4,-4)]
Turtle 5 :[(-5,-5), (24,33), (23,33), (22,33), (21,33), (20,33), (19,33), (-5,-5), (-5,-5), (-5,-5), (-5,-5)]

Shrinking Run 85
#Info# Executed steps before collision: 5, Found collision: true
Turtle 1 :[(-1,-1), (10,39), (9,39), (8,39), (7,39), (6,39), (6,39), (6,39), (6,38), (-1,-1), (-1,-1)]
Turtle 2 :[(-2,-2), (38,31), (37,31), (37,31), (36,31), (36,31), (36,32), (36,31), (35,31), (34,31), (33,31)]
Turtle 3 :[(-3,-3), (38,33), (37,33), (36,33), (36,32), (36,31), (36,30), (36,29), (36,30), (35,30), (35,31)]
Turtle 4 :[(-4,-4), (9,43), (8,43), (7,43), (6,43), (5,43), (4,43), (-4,-4), (-4,-4), (-4,-4), (-4,-4)]
Turtle 5 :[(-5,-5), (24,33), (23,33), (22,33), (21,33), (20,33), (19,33), (-5,-5), (-5,-5), (-5,-5), (-5,-5)]

Shrinking Run 86
#Info# Executed steps before collision: 5, Found collision: true
Turtle 1 :[(-1,-1), (10,39), (9,39), (8,39), (7,39), (6,39), (5,39), (-1,-1), (-1,-1), (-1,-1), (-1,-1)]
Turtle 2 :[(-2,-2), (38,31), (37,31), (37,31), (36,31), (36,31), (37,31), (36,31), (35,31), (34,31), (33,31)]
Turtle 3 :[(-3,-3), (38,33), (37,33), (36,33), (36,32), (36,31), (35,31), (-3,-3), (-3,-3), (-3,-3), (-3,-3)]
Turtle 4 :[(-4,-4), (9,43), (8,43), (7,43), (6,43), (5,43), (4,43), (-4,-4), (-4,-4), (-4,-4), (-4,-4)]
Turtle 5 :[(-5,-5), (24,33), (23,33), (22,33), (21,33), (20,33), (19,33), (-5,-5), (-5,-5), (-5,-5), (-5,-5)]

Shrinking Run 87
#Info# Executed steps before collision: 8, Found collision: false
Turtle 1 :[(-1,-1), (10,39), (9,39), (8,39), (7,39), (6,39), (5,39), (-1,-1), (-1,-1)]
Turtle 2 :[(-2,-2), (38,31), (37,31), (36,31), (35,31), (34,31), (33,31), (-2,-2), (-2,-2)]
Turtle 3 :[(-3,-3), (38,33), (37,33), (36,33), (36,32), (37,32), (37,31), (36,31), (35,31)]
Turtle 4 :[(-4,-4), (9,43), (8,43), (7,43), (6,43), (5,43), (4,43), (-4,-4), (-4,-4)]
Turtle 5 :[(-5,-5), (24,33), (23,33), (22,33), (21,33), (20,33), (19,33), (-5,-5), (-5,-5)]

Shrinking Run 88
#Info# Executed steps before collision: 7, Found collision: false
Turtle 1 :[(-1,-1), (10,39), (9,39), (8,39), (7,39), (6,39), (5,39), (-1,-1)]
Turtle 2 :[(-2,-2), (38,31), (37,31), (36,31), (36,31), (35,31), (34,31), (33,31)]
Turtle 3 :[(-3,-3), (38,33), (37,33), (36,33), (36,32), (36,31), (36,31), (35,31)]
Turtle 4 :[(-4,-4), (9,43), (8,43), (7,43), (6,43), (5,43), (4,43), (-4,-4)]
Turtle 5 :[(-5,-5), (24,33), (23,33), (22,33), (21,33), (20,33), (19,33), (-5,-5)]

Shrinking Run 89
#Info# Executed steps before collision: 5, Found collision: true
Turtle 1 :[(-1,-1), (10,39), (9,39), (8,39), (7,39), (6,39), (5,39), (-1,-1), (-1,-1)]
Turtle 2 :[(-2,-2), (38,31), (37,31), (36,31), (36,31), (36,31), (35,31), (34,31), (33,31)]
Turtle 3 :[(-3,-3), (38,33), (37,33), (36,33), (36,32), (36,31), (36,30), (35,30), (35,31)]
Turtle 4 :[(-4,-4), (9,43), (8,43), (7,43), (6,43), (5,43), (4,43), (-4,-4), (-4,-4)]
Turtle 5 :[(-5,-5), (24,33), (23,33), (22,33), (21,33), (20,33), (19,33), (-5,-5), (-5,-5)]

Shrinking Run 90
#Info# Executed steps before collision: 9, Found collision: false
Turtle 1 :[(-1,-1), (10,39), (9,39), (8,39), (7,39), (6,39), (5,39), (-1,-1), (-1,-1), (-1,-1)]
Turtle 2 :[(-2,-2), (38,31), (37,31), (36,31), (35,31), (35,31), (35,31), (34,31), (33,31), (-2,-2)]
Turtle 3 :[(-3,-3), (38,33), (37,33), (36,33), (36,32), (36,31), (36,31), (36,32), (35,32), (35,31)]
Turtle 4 :[(-4,-4), (9,43), (8,43), (7,43), (6,43), (5,43), (4,43), (-4,-4), (-4,-4), (-4,-4)]
Turtle 5 :[(-5,-5), (24,33), (23,33), (22,33), (21,33), (20,33), (19,33), (-5,-5), (-5,-5), (-5,-5)]

Shrinking Run 91
#Info# Executed steps before collision: 8, Found collision: false
Turtle 1 :[(-1,-1), (10,39), (9,39), (8,39), (7,39), (6,39), (5,39), (-1,-1), (-1,-1)]
Turtle 2 :[(-2,-2), (38,31), (37,31), (36,31), (36,31), (35,31), (35,31), (34,31), (33,31)]
Turtle 3 :[(-3,-3), (38,33), (37,33), (36,33), (36,32), (36,31), (36,31), (36,31), (35,31)]
Turtle 4 :[(-4,-4), (9,43), (8,43), (7,43), (6,43), (5,43), (4,43), (-4,-4), (-4,-4)]
Turtle 5 :[(-5,-5), (24,33), (23,33), (22,33), (21,33), (20,33), (19,33), (-5,-5), (-5,-5)]

Shrinking Run 92
#Info# Executed steps before collision: 8, Found collision: false
Turtle 1 :[(-1,-1), (10,39), (9,39), (8,39), (7,39), (6,39), (5,39), (-1,-1), (-1,-1)]
Turtle 2 :[(-2,-2), (38,31), (37,31), (36,31), (36,31), (36,31), (35,31), (34,31), (33,31)]
Turtle 3 :[(-3,-3), (38,33), (38,33), (37,33), (36,33), (36,32), (35,32), (34,32), (-3,-3)]
Turtle 4 :[(-4,-4), (9,43), (8,43), (7,43), (6,43), (5,43), (4,43), (-4,-4), (-4,-4)]
Turtle 5 :[(-5,-5), (24,33), (23,33), (22,33), (21,33), (20,33), (19,33), (-5,-5), (-5,-5)]

Shrinking Run 93
#Info# Executed steps before collision: 8, Found collision: false
Turtle 1 :[(-1,-1), (10,39), (9,39), (8,39), (7,39), (6,39), (5,39), (-1,-1), (-1,-1)]
Turtle 2 :[(-2,-2), (38,31), (37,31), (36,31), (36,31), (36,31), (35,31), (34,31), (33,31)]
Turtle 3 :[(-3,-3), (38,33), (38,33), (38,32), (37,32), (36,32), (35,32), (34,32), (-3,-3)]
Turtle 4 :[(-4,-4), (9,43), (8,43), (7,43), (6,43), (5,43), (4,43), (-4,-4), (-4,-4)]
Turtle 5 :[(-5,-5), (24,33), (23,33), (22,33), (21,33), (20,33), (19,33), (-5,-5), (-5,-5)]

Shrinking Run 94
#Info# Executed steps before collision: 5, Found collision: true
Turtle 1 :[(-1,-1), (10,39), (9,39), (8,39), (7,39), (6,39), (5,39), (-1,-1), (-1,-1)]
Turtle 2 :[(-2,-2), (38,31), (37,31), (36,31), (36,31), (36,31), (35,31), (34,31), (33,31)]
Turtle 3 :[(-3,-3), (38,33), (38,32), (37,32), (37,31), (36,31), (35,31), (-3,-3), (-3,-3)]
Turtle 4 :[(-4,-4), (9,43), (8,43), (7,43), (6,43), (5,43), (4,43), (-4,-4), (-4,-4)]
Turtle 5 :[(-5,-5), (24,33), (23,33), (22,33), (21,33), (20,33), (19,33), (-5,-5), (-5,-5)]

Shrinking Run 95
#Info# Executed steps before collision: 5, Found collision: true
Turtle 1 :[(-1,-1), (10,39), (9,39), (8,39), (7,39), (6,39), (5,39), (-1,-1), (-1,-1)]
Turtle 2 :[(-2,-2), (38,31), (37,31), (36,31), (36,31), (36,31), (35,31), (34,31), (33,31)]
Turtle 3 :[(-3,-3), (38,33), (37,33), (37,32), (37,31), (36,31), (36,32), (36,31), (35,31)]
Turtle 4 :[(-4,-4), (9,43), (8,43), (7,43), (6,43), (5,43), (4,43), (-4,-4), (-4,-4)]
Turtle 5 :[(-5,-5), (24,33), (23,33), (22,33), (21,33), (20,33), (19,33), (-5,-5), (-5,-5)]

Shrinking Run 96
#Info# Executed steps before collision: 5, Found collision: true
Turtle 1 :[(-1,-1), (10,39), (9,39), (8,39), (7,39), (6,39), (5,39), (-1,-1), (-1,-1)]
Turtle 2 :[(-2,-2), (38,31), (37,31), (36,31), (36,31), (36,31), (35,31), (34,31), (33,31)]
Turtle 3 :[(-3,-3), (38,33), (37,33), (36,33), (36,32), (36,31), (35,31), (-3,-3), (-3,-3)]
Turtle 4 :[(-4,-4), (9,43), (8,43), (7,43), (6,43), (5,43), (4,43), (-4,-4), (-4,-4)]
Turtle 5 :[(-5,-5), (24,33), (23,33), (22,33), (21,33), (20,33), (19,33), (-5,-5), (-5,-5)]

Shrinking Run 97
#Info# Executed steps before collision: 8, Found collision: false
Turtle 1 :[(-1,-1), (10,39), (9,39), (8,39), (7,39), (6,39), (5,39), (-1,-1), (-1,-1)]
Turtle 2 :[(-2,-2), (38,31), (37,31), (36,31), (35,31), (34,31), (33,31), (-2,-2), (-2,-2)]
Turtle 3 :[(-3,-3), (38,33), (37,33), (36,33), (36,32), (37,32), (36,32), (35,32), (35,31)]
Turtle 4 :[(-4,-4), (9,43), (8,43), (7,43), (6,43), (5,43), (4,43), (-4,-4), (-4,-4)]
Turtle 5 :[(-5,-5), (24,33), (23,33), (22,33), (21,33), (20,33), (19,33), (-5,-5), (-5,-5)]

Shrinking Run 98
#Info# Executed steps before collision: 7, Found collision: false
Turtle 1 :[(-1,-1), (10,39), (9,39), (8,39), (7,39), (6,39), (5,39), (-1,-1)]
Turtle 2 :[(-2,-2), (38,31), (37,31), (36,31), (36,31), (35,31), (34,31), (33,31)]
Turtle 3 :[(-3,-3), (38,33), (37,33), (36,33), (36,32), (36,31), (35,31), (-3,-3)]
Turtle 4 :[(-4,-4), (9,43), (8,43), (7,43), (6,43), (5,43), (4,43), (-4,-4)]
Turtle 5 :[(-5,-5), (24,33), (23,33), (22,33), (21,33), (20,33), (19,33), (-5,-5)]

Shrinking Run 99
#Info# Executed steps before collision: 8, Found collision: false
Turtle 1 :[(-1,-1), (10,39), (9,39), (8,39), (7,39), (6,39), (5,39), (-1,-1), (-1,-1)]
Turtle 2 :[(-2,-2), (38,31), (37,31), (36,31), (35,31), (35,31), (35,31), (34,31), (33,31)]
Turtle 3 :[(-3,-3), (38,33), (37,33), (36,33), (36,32), (36,31), (36,30), (35,30), (35,31)]
Turtle 4 :[(-4,-4), (9,43), (8,43), (7,43), (6,43), (5,43), (4,43), (-4,-4), (-4,-4)]
Turtle 5 :[(-5,-5), (24,33), (23,33), (22,33), (21,33), (20,33), (19,33), (-5,-5), (-5,-5)]

Shrink Run 100
#Info# Executed steps before collision: 8, Found collision: false
Turtle 1 :[(-1,-1), (10,39), (9,39), (8,39), (7,39), (6,39), (5,39), (-1,-1), (-1,-1)]
Turtle 2 :[(-2,-2), (38,31), (37,31), (36,31), (36,31), (35,31), (35,31), (34,31), (33,31)]
Turtle 3 :[(-3,-3), (38,33), (37,33), (36,33), (36,32), (36,31), (37,31), (36,31), (35,31)]
Turtle 4 :[(-4,-4), (9,43), (8,43), (7,43), (6,43), (5,43), (4,43), (-4,-4), (-4,-4)]
Turtle 5 :[(-5,-5), (24,33), (23,33), (22,33), (21,33), (20,33), (19,33), (-5,-5), (-5,-5)]

