Shrinking Run 1
#Info# Executed steps before collision: 4, Found collision: true
Turtle 1 :[(-1,-1), (13,9), (13,9), (13,9), (12,9), (12,9), (11,9), (11,8), (10,8), (10,7)]
Turtle 2 :[(-2,-2), (2,7), (3,7), (4,7), (4,6), (4,5), (4,6), (5,6), (6,6), (-2,-2)]
Turtle 3 :[(-3,-3), (6,9), (5,9), (5,8), (5,9), (4,9), (-3,-3), (-3,-3), (-3,-3), (-3,-3)]
Turtle 4 :[(-4,-4), (3,14), (4,14), (5,14), (4,14), (4,13), (-4,-4), (-4,-4), (-4,-4), (-4,-4)]
Turtle 5 :[(-5,-5), (5,4), (5,5), (5,6), (4,6), (3,6), (3,7), (-5,-5), (-5,-5), (-5,-5)]

Shrinking Run 2
#Info# Executed steps before collision: 4, Found collision: true
Turtle 1 :[(-1,-1), (13,9), (13,9), (13,9), (12,9), (12,9), (12,8), (11,8), (11,7), (11,6)]
Turtle 2 :[(-2,-2), (2,7), (3,7), (4,7), (4,6), (4,7), (5,7), (5,6), (6,6), (-2,-2)]
Turtle 3 :[(-3,-3), (6,9), (5,9), (5,8), (5,9), (4,9), (-3,-3), (-3,-3), (-3,-3), (-3,-3)]
Turtle 4 :[(-4,-4), (3,14), (4,14), (5,14), (4,14), (4,13), (-4,-4), (-4,-4), (-4,-4), (-4,-4)]
Turtle 5 :[(-5,-5), (5,4), (5,5), (5,6), (4,6), (3,6), (3,7), (-5,-5), (-5,-5), (-5,-5)]

Shrinking Run 3
#Info# Executed steps before collision: 4, Found collision: true
Turtle 1 :[(-1,-1), (13,9), (13,9), (13,9), (12,9), (12,9), (11,9), (10,9), (10,8), (10,7)]
Turtle 2 :[(-2,-2), (2,7), (3,7), (4,7), (4,6), (4,7), (5,7), (5,6), (6,6), (-2,-2)]
Turtle 3 :[(-3,-3), (6,9), (5,9), (5,8), (5,9), (4,9), (-3,-3), (-3,-3), (-3,-3), (-3,-3)]
Turtle 4 :[(-4,-4), (3,14), (4,14), (5,14), (4,14), (4,13), (-4,-4), (-4,-4), (-4,-4), (-4,-4)]
Turtle 5 :[(-5,-5), (5,4), (5,5), (5,6), (4,6), (3,6), (3,7), (-5,-5), (-5,-5), (-5,-5)]

Shrinking Run 4
#Info# Executed steps before collision: 4, Found collision: true
Turtle 1 :[(-1,-1), (13,9), (13,9), (13,9), (12,9), (12,9), (11,9), (10,9), (9,9), (9,8)]
Turtle 2 :[(-2,-2), (2,7), (3,7), (4,7), (4,6), (4,7), (4,6), (5,6), (6,6), (-2,-2)]
Turtle 3 :[(-3,-3), (6,9), (5,9), (5,8), (5,9), (4,9), (-3,-3), (-3,-3), (-3,-3), (-3,-3)]
Turtle 4 :[(-4,-4), (3,14), (4,14), (5,14), (4,14), (4,13), (-4,-4), (-4,-4), (-4,-4), (-4,-4)]
Turtle 5 :[(-5,-5), (5,4), (5,5), (5,6), (4,6), (3,6), (3,7), (-5,-5), (-5,-5), (-5,-5)]

Shrinking Run 5
#Info# Executed steps before collision: 4, Found collision: true
Turtle 1 :[(-1,-1), (13,9), (13,9), (13,9), (12,9), (12,9), (11,9), (10,9), (9,9), (8,9)]
Turtle 2 :[(-2,-2), (2,7), (3,7), (4,7), (4,6), (4,5), (5,5), (6,5), (6,6), (-2,-2)]
Turtle 3 :[(-3,-3), (6,9), (5,9), (5,8), (5,9), (4,9), (-3,-3), (-3,-3), (-3,-3), (-3,-3)]
Turtle 4 :[(-4,-4), (3,14), (4,14), (5,14), (4,14), (4,13), (-4,-4), (-4,-4), (-4,-4), (-4,-4)]
Turtle 5 :[(-5,-5), (5,4), (5,5), (5,6), (4,6), (3,6), (3,7), (-5,-5), (-5,-5), (-5,-5)]

Shrinking Run 6
#Info# Executed steps before collision: 4, Found collision: true
Turtle 1 :[(-1,-1), (13,9), (12,9), (11,9), (10,9), (9,9), (8,9), (-1,-1), (-1,-1)]
Turtle 2 :[(-2,-2), (2,7), (3,7), (4,7), (4,6), (4,5), (5,5), (5,6), (6,6)]
Turtle 3 :[(-3,-3), (6,9), (5,9), (5,8), (5,9), (4,9), (-3,-3), (-3,-3), (-3,-3)]
Turtle 4 :[(-4,-4), (3,14), (4,14), (5,14), (4,14), (4,13), (-4,-4), (-4,-4), (-4,-4)]
Turtle 5 :[(-5,-5), (5,4), (5,5), (5,6), (4,6), (4,7), (3,7), (-5,-5), (-5,-5)]

Shrinking Run 7
#Info# Executed steps before collision: 7, Found collision: false
Turtle 1 :[(-1,-1), (13,9), (12,9), (11,9), (10,9), (9,9), (8,9), (-1,-1)]
Turtle 2 :[(-2,-2), (2,7), (1,7), (0,7), (0,8), (0,7), (0,7), (0,6)]
Turtle 3 :[(-3,-3), (6,9), (5,9), (5,8), (5,9), (4,9), (-3,-3), (-3,-3)]
Turtle 4 :[(-4,-4), (3,14), (4,14), (5,14), (4,14), (4,13), (-4,-4), (-4,-4)]
Turtle 5 :[(-5,-5), (5,4), (5,5), (5,6), (4,6), (3,6), (3,7), (-5,-5)]

Shrinking Run 8
#Info# Executed steps before collision: 8, Found collision: false
Turtle 1 :[(-1,-1), (13,9), (12,9), (11,9), (10,9), (9,9), (8,9), (-1,-1), (-1,-1)]
Turtle 2 :[(-2,-2), (2,7), (2,7), (2,6), (2,5), (2,6), (2,5), (3,5), (3,6)]
Turtle 3 :[(-3,-3), (6,9), (5,9), (5,8), (5,9), (4,9), (-3,-3), (-3,-3), (-3,-3)]
Turtle 4 :[(-4,-4), (3,14), (4,14), (5,14), (4,14), (4,13), (-4,-4), (-4,-4), (-4,-4)]
Turtle 5 :[(-5,-5), (5,4), (5,5), (5,6), (4,6), (3,6), (3,7), (-5,-5), (-5,-5)]

Shrinking Run 9
#Info# Executed steps before collision: 6, Found collision: false
Turtle 1 :[(-1,-1), (13,9), (12,9), (11,9), (10,9), (9,9), (8,9)]
Turtle 2 :[(-2,-2), (2,7), (3,7), (4,7), (4,7), (5,7), (5,6)]
Turtle 3 :[(-3,-3), (6,9), (5,9), (5,8), (5,9), (4,9), (-3,-3)]
Turtle 4 :[(-4,-4), (3,14), (4,14), (5,14), (4,14), (4,13), (-4,-4)]
Turtle 5 :[(-5,-5), (5,4), (5,5), (5,6), (4,6), (3,6), (3,7)]

Shrinking Run 10
#Info# Executed steps before collision: 7, Found collision: false
Turtle 1 :[(-1,-1), (13,9), (12,9), (11,9), (10,9), (9,9), (8,9), (-1,-1)]
Turtle 2 :[(-2,-2), (2,7), (3,7), (3,6), (3,5), (3,5), (4,5), (4,4)]
Turtle 3 :[(-3,-3), (6,9), (5,9), (5,8), (5,9), (4,9), (-3,-3), (-3,-3)]
Turtle 4 :[(-4,-4), (3,14), (4,14), (5,14), (4,14), (4,13), (-4,-4), (-4,-4)]
Turtle 5 :[(-5,-5), (5,4), (5,5), (5,6), (4,6), (3,6), (3,7), (-5,-5)]

Shrinking Run 11
#Info# Executed steps before collision: 4, Found collision: true
Turtle 1 :[(-1,-1), (13,9), (12,9), (11,9), (10,9), (9,9), (8,9), (-1,-1), (-1,-1)]
Turtle 2 :[(-2,-2), (2,7), (3,7), (4,7), (4,6), (4,6), (4,6), (5,6), (5,5)]
Turtle 3 :[(-3,-3), (6,9), (5,9), (5,8), (5,9), (4,9), (-3,-3), (-3,-3), (-3,-3)]
Turtle 4 :[(-4,-4), (3,14), (4,14), (5,14), (4,14), (4,13), (-4,-4), (-4,-4), (-4,-4)]
Turtle 5 :[(-5,-5), (5,4), (5,5), (5,6), (4,6), (3,6), (3,7), (-5,-5), (-5,-5)]

Shrinking Run 12
#Info# Executed steps before collision: 6, Found collision: false
Turtle 1 :[(-1,-1), (13,9), (12,9), (11,9), (10,9), (9,9), (8,9)]
Turtle 2 :[(-2,-2), (2,7), (1,7), (1,6), (1,6), (0,6), (0,5)]
Turtle 3 :[(-3,-3), (6,9), (5,9), (5,8), (5,9), (4,9), (-3,-3)]
Turtle 4 :[(-4,-4), (3,14), (4,14), (5,14), (4,14), (4,13), (-4,-4)]
Turtle 5 :[(-5,-5), (5,4), (5,5), (5,6), (4,6), (3,6), (3,7)]

Shrinking Run 13
#Info# Executed steps before collision: 7, Found collision: false
Turtle 1 :[(-1,-1), (13,9), (12,9), (11,9), (10,9), (9,9), (8,9), (-1,-1)]
Turtle 2 :[(-2,-2), (2,7), (3,7), (3,6), (3,7), (3,6), (3,6), (3,5)]
Turtle 3 :[(-3,-3), (6,9), (5,9), (5,8), (5,9), (4,9), (-3,-3), (-3,-3)]
Turtle 4 :[(-4,-4), (3,14), (4,14), (5,14), (4,14), (4,13), (-4,-4), (-4,-4)]
Turtle 5 :[(-5,-5), (5,4), (5,5), (5,6), (4,6), (4,6), (4,7), (3,7)]

Shrinking Run 14
#Info# Executed steps before collision: 7, Found collision: false
Turtle 1 :[(-1,-1), (13,9), (12,9), (11,9), (10,9), (9,9), (8,9), (-1,-1)]
Turtle 2 :[(-2,-2), (2,7), (3,7), (3,6), (3,5), (3,5), (4,5), (5,5)]
Turtle 3 :[(-3,-3), (6,9), (5,9), (5,8), (5,9), (4,9), (-3,-3), (-3,-3)]
Turtle 4 :[(-4,-4), (3,14), (4,14), (5,14), (4,14), (4,13), (-4,-4), (-4,-4)]
Turtle 5 :[(-5,-5), (5,4), (5,5), (5,6), (4,6), (3,6), (3,7), (-5,-5)]

Shrinking Run 15
#Info# Executed steps before collision: 7, Found collision: false
Turtle 1 :[(-1,-1), (13,9), (12,9), (11,9), (10,9), (9,9), (8,9), (-1,-1)]
Turtle 2 :[(-2,-2), (2,7), (3,7), (4,7), (5,7), (5,7), (6,7), (6,6)]
Turtle 3 :[(-3,-3), (6,9), (5,9), (5,8), (5,9), (4,9), (-3,-3), (-3,-3)]
Turtle 4 :[(-4,-4), (3,14), (4,14), (5,14), (4,14), (4,13), (-4,-4), (-4,-4)]
Turtle 5 :[(-5,-5), (5,4), (5,5), (5,6), (4,6), (3,6), (3,7), (-5,-5)]

Shrinking Run 16
#Info# Executed steps before collision: 4, Found collision: true
Turtle 1 :[(-1,-1), (13,9), (12,9), (11,9), (10,9), (9,9), (8,9)]
Turtle 2 :[(-2,-2), (2,7), (3,7), (4,7), (4,6), (5,6), (6,6)]
Turtle 3 :[(-3,-3), (6,9), (5,9), (5,8), (5,9), (4,9), (-3,-3)]
Turtle 4 :[(-4,-4), (3,14), (4,14), (5,14), (4,14), (4,13), (-4,-4)]
Turtle 5 :[(-5,-5), (5,4), (5,5), (5,6), (4,6), (3,6), (3,7)]

Shrinking Run 17
#Info# Executed steps before collision: 6, Found collision: false
Turtle 1 :[(-1,-1), (13,9), (12,9), (11,9), (10,9), (9,9), (8,9)]
Turtle 2 :[(-2,-2), (2,7), (3,7), (4,7), (5,7), (5,6), (6,6)]
Turtle 3 :[(-3,-3), (6,9), (5,9), (5,8), (5,9), (4,9), (-3,-3)]
Turtle 4 :[(-4,-4), (3,14), (4,14), (5,14), (4,14), (4,13), (-4,-4)]
Turtle 5 :[(-5,-5), (5,4), (5,5), (5,6), (4,6), (3,6), (3,7)]

Shrinking Run 18
#Info# Executed steps before collision: 4, Found collision: true
Turtle 1 :[(-1,-1), (13,9), (12,9), (11,9), (10,9), (9,9), (8,9), (-1,-1)]
Turtle 2 :[(-2,-2), (2,7), (3,7), (4,7), (4,6), (5,6), (6,6), (-2,-2)]
Turtle 3 :[(-3,-3), (6,9), (5,9), (4,9), (3,9), (3,9), (2,9), (1,9)]
Turtle 4 :[(-4,-4), (3,14), (4,14), (5,14), (4,14), (4,13), (-4,-4), (-4,-4)]
Turtle 5 :[(-5,-5), (5,4), (5,5), (5,6), (4,6), (3,6), (3,7), (-5,-5)]

Shrinking Run 19
#Info# Executed steps before collision: 4, Found collision: true
Turtle 1 :[(-1,-1), (13,9), (12,9), (11,9), (10,9), (9,9), (8,9), (-1,-1), (-1,-1), (-1,-1)]
Turtle 2 :[(-2,-2), (2,7), (3,7), (4,7), (4,6), (5,6), (6,6), (-2,-2), (-2,-2), (-2,-2)]
Turtle 3 :[(-3,-3), (6,9), (5,9), (4,9), (4,8), (4,8), (3,8), (2,8), (3,8), (3,7)]
Turtle 4 :[(-4,-4), (3,14), (4,14), (5,14), (4,14), (4,13), (-4,-4), (-4,-4), (-4,-4), (-4,-4)]
Turtle 5 :[(-5,-5), (5,4), (5,5), (5,6), (4,6), (3,6), (3,7), (-5,-5), (-5,-5), (-5,-5)]

Shrinking Run 20
#Info# Executed steps before collision: 4, Found collision: true
Turtle 1 :[(-1,-1), (13,9), (12,9), (11,9), (10,9), (9,9), (8,9), (-1,-1)]
Turtle 2 :[(-2,-2), (2,7), (3,7), (4,7), (4,6), (5,6), (6,6), (-2,-2)]
Turtle 3 :[(-3,-3), (6,9), (5,9), (4,9), (3,9), (3,9), (2,9), (2,8)]
Turtle 4 :[(-4,-4), (3,14), (4,14), (5,14), (4,14), (4,13), (-4,-4), (-4,-4)]
Turtle 5 :[(-5,-5), (5,4), (5,5), (5,6), (4,6), (3,6), (3,7), (-5,-5)]

Shrinking Run 21
#Info# Executed steps before collision: 4, Found collision: true
Turtle 1 :[(-1,-1), (13,9), (12,9), (11,9), (10,9), (9,9), (8,9)]
Turtle 2 :[(-2,-2), (2,7), (3,7), (4,7), (4,6), (5,6), (6,6)]
Turtle 3 :[(-3,-3), (6,9), (5,9), (4,9), (3,9), (2,9), (1,9)]
Turtle 4 :[(-4,-4), (3,14), (4,14), (5,14), (4,14), (4,13), (-4,-4)]
Turtle 5 :[(-5,-5), (5,4), (5,5), (5,6), (4,6), (3,6), (3,7)]

Shrinking Run 22
#Info# Executed steps before collision: 4, Found collision: true
Turtle 1 :[(-1,-1), (13,9), (12,9), (11,9), (10,9), (9,9), (8,9)]
Turtle 2 :[(-2,-2), (2,7), (3,7), (4,7), (4,6), (5,6), (6,6)]
Turtle 3 :[(-3,-3), (6,9), (5,9), (4,9), (3,9), (2,9), (1,9)]
Turtle 4 :[(-4,-4), (3,14), (2,14), (1,14), (1,13), (0,13), (-4,-4)]
Turtle 5 :[(-5,-5), (5,4), (5,5), (5,6), (4,6), (3,6), (3,7)]

Shrinking Run 23
#Info# Executed steps before collision: 9, Found collision: false
Turtle 1 :[(-1,-1), (13,9), (12,9), (11,9), (10,9), (9,9), (8,9), (-1,-1), (-1,-1), (-1,-1)]
Turtle 2 :[(-2,-2), (2,7), (3,7), (4,7), (4,6), (5,6), (5,5), (5,6), (6,6), (-2,-2)]
Turtle 3 :[(-3,-3), (6,9), (5,9), (4,9), (3,9), (2,9), (1,9), (-3,-3), (-3,-3), (-3,-3)]
Turtle 4 :[(-4,-4), (3,14), (3,13), (3,12), (2,12), (2,11), (2,11), (2,10), (-4,-4), (-4,-4)]
Turtle 5 :[(-5,-5), (5,4), (5,5), (5,6), (6,6), (6,6), (6,7), (5,7), (4,7), (3,7)]

Shrinking Run 24
#Info# Executed steps before collision: 4, Found collision: true
Turtle 1 :[(-1,-1), (13,9), (12,9), (11,9), (10,9), (9,9), (8,9), (-1,-1)]
Turtle 2 :[(-2,-2), (2,7), (3,7), (4,7), (4,6), (5,6), (6,6), (-2,-2)]
Turtle 3 :[(-3,-3), (6,9), (5,9), (4,9), (3,9), (2,9), (1,9), (-3,-3)]
Turtle 4 :[(-4,-4), (3,14), (3,13), (3,12), (2,12), (2,11), (2,11), (1,11)]
Turtle 5 :[(-5,-5), (5,4), (5,5), (5,6), (4,6), (3,6), (3,7), (-5,-5)]

Shrinking Run 25
#Info# Executed steps before collision: 4, Found collision: true
Turtle 1 :[(-1,-1), (13,9), (12,9), (11,9), (10,9), (9,9), (8,9), (-1,-1)]
Turtle 2 :[(-2,-2), (2,7), (3,7), (4,7), (4,6), (5,6), (6,6), (-2,-2)]
Turtle 3 :[(-3,-3), (6,9), (5,9), (4,9), (3,9), (2,9), (1,9), (-3,-3)]
Turtle 4 :[(-4,-4), (3,14), (3,13), (2,13), (1,13), (1,12), (1,12), (1,11)]
Turtle 5 :[(-5,-5), (5,4), (5,5), (5,6), (4,6), (3,6), (3,7), (-5,-5)]

Shrinking Run 26
#Info# Executed steps before collision: 4, Found collision: true
Turtle 1 :[(-1,-1), (13,9), (12,9), (11,9), (10,9), (9,9), (8,9), (-1,-1)]
Turtle 2 :[(-2,-2), (2,7), (3,7), (4,7), (4,6), (5,6), (6,6), (-2,-2)]
Turtle 3 :[(-3,-3), (6,9), (5,9), (4,9), (3,9), (2,9), (1,9), (-3,-3)]
Turtle 4 :[(-4,-4), (3,14), (2,14), (1,14), (0,14), (0,13), (0,13), (0,12)]
Turtle 5 :[(-5,-5), (5,4), (5,5), (5,6), (4,6), (3,6), (3,7), (-5,-5)]

Shrinking Run 27
#Info# Executed steps before collision: 4, Found collision: true
Turtle 1 :[(-1,-1), (13,9), (12,9), (11,9), (10,9), (9,9), (8,9)]
Turtle 2 :[(-2,-2), (2,7), (3,7), (4,7), (4,6), (5,6), (6,6)]
Turtle 3 :[(-3,-3), (6,9), (5,9), (4,9), (3,9), (2,9), (1,9)]
Turtle 4 :[(-4,-4), (3,14), (2,14), (1,14), (0,14), (0,13), (0,12)]
Turtle 5 :[(-5,-5), (5,4), (5,5), (5,6), (4,6), (3,6), (3,7)]

Shrinking Run 28
#Info# Executed steps before collision: 6, Found collision: false
Turtle 1 :[(-1,-1), (13,9), (12,9), (11,9), (10,9), (9,9), (8,9)]
Turtle 2 :[(-2,-2), (2,7), (3,7), (4,7), (4,6), (5,6), (6,6)]
Turtle 3 :[(-3,-3), (6,9), (5,9), (4,9), (3,9), (2,9), (1,9)]
Turtle 4 :[(-4,-4), (3,14), (2,14), (1,14), (0,14), (0,13), (0,12)]
Turtle 5 :[(-5,-5), (5,4), (5,5), (4,5), (3,5), (2,5), (1,5)]

Shrinking Run 29
#Info# Executed steps before collision: 6, Found collision: false
Turtle 1 :[(-1,-1), (13,9), (12,9), (11,9), (10,9), (9,9), (8,9)]
Turtle 2 :[(-2,-2), (2,7), (3,7), (4,7), (4,6), (5,6), (6,6)]
Turtle 3 :[(-3,-3), (6,9), (5,9), (4,9), (3,9), (2,9), (1,9)]
Turtle 4 :[(-4,-4), (3,14), (2,14), (1,14), (0,14), (0,13), (0,12)]
Turtle 5 :[(-5,-5), (5,4), (5,5), (4,5), (3,5), (2,5), (2,6)]

Shrinking Run 30
#Info# Executed steps before collision: 6, Found collision: false
Turtle 1 :[(-1,-1), (13,9), (12,9), (11,9), (10,9), (9,9), (8,9)]
Turtle 2 :[(-2,-2), (2,7), (3,7), (4,7), (4,6), (5,6), (6,6)]
Turtle 3 :[(-3,-3), (6,9), (5,9), (4,9), (3,9), (2,9), (1,9)]
Turtle 4 :[(-4,-4), (3,14), (2,14), (1,14), (0,14), (0,13), (0,12)]
Turtle 5 :[(-5,-5), (5,4), (5,3), (4,3), (3,3), (3,2), (3,1)]

Shrinking Run 31
#Info# Executed steps before collision: 6, Found collision: false
Turtle 1 :[(-1,-1), (13,9), (12,9), (11,9), (10,9), (9,9), (8,9)]
Turtle 2 :[(-2,-2), (2,7), (3,7), (4,7), (4,6), (5,6), (6,6)]
Turtle 3 :[(-3,-3), (6,9), (5,9), (4,9), (3,9), (2,9), (1,9)]
Turtle 4 :[(-4,-4), (3,14), (2,14), (1,14), (0,14), (0,13), (0,12)]
Turtle 5 :[(-5,-5), (5,4), (5,3), (5,2), (4,2), (3,2), (3,1)]

Shrinking Run 32
#Info# Executed steps before collision: 6, Found collision: false
Turtle 1 :[(-1,-1), (13,9), (12,9), (11,9), (10,9), (9,9), (8,9)]
Turtle 2 :[(-2,-2), (2,7), (3,7), (4,7), (4,6), (5,6), (6,6)]
Turtle 3 :[(-3,-3), (6,9), (5,9), (4,9), (3,9), (2,9), (1,9)]
Turtle 4 :[(-4,-4), (3,14), (2,14), (1,14), (0,14), (0,13), (0,12)]
Turtle 5 :[(-5,-5), (5,4), (4,4), (3,4), (3,5), (-5,-5), (-5,-5)]

Shrinking Run 33
#Info# Executed steps before collision: 6, Found collision: false
Turtle 1 :[(-1,-1), (13,9), (12,9), (11,9), (10,9), (9,9), (8,9)]
Turtle 2 :[(-2,-2), (2,7), (3,7), (4,7), (4,6), (5,6), (6,6)]
Turtle 3 :[(-3,-3), (6,9), (5,9), (4,9), (3,9), (2,9), (1,9)]
Turtle 4 :[(-4,-4), (3,14), (2,14), (1,14), (0,14), (0,13), (0,12)]
Turtle 5 :[(-5,-5), (5,4), (4,4), (4,5), (3,5), (3,6), (-5,-5)]

Shrinking Run 34
#Info# Executed steps before collision: 4, Found collision: true
Turtle 1 :[(-1,-1), (13,9), (12,9), (11,9), (10,9), (9,9), (8,9)]
Turtle 2 :[(-2,-2), (2,7), (3,7), (4,7), (4,6), (5,6), (6,6)]
Turtle 3 :[(-3,-3), (6,9), (5,9), (4,9), (3,9), (2,9), (1,9)]
Turtle 4 :[(-4,-4), (3,14), (2,14), (1,14), (0,14), (0,13), (0,12)]
Turtle 5 :[(-5,-5), (5,4), (4,4), (4,5), (4,6), (3,6), (3,7)]

Shrinking Run 35
#Info# Executed steps before collision: 6, Found collision: false
Turtle 1 :[(-1,-1), (13,9), (12,9), (11,9), (10,9), (9,9), (8,9)]
Turtle 2 :[(-2,-2), (2,7), (3,7), (4,7), (4,6), (5,6), (6,6)]
Turtle 3 :[(-3,-3), (6,9), (5,9), (4,9), (3,9), (2,9), (1,9)]
Turtle 4 :[(-4,-4), (3,14), (2,14), (1,14), (0,14), (0,13), (0,12)]
Turtle 5 :[(-5,-5), (5,4), (4,4), (3,4), (3,5), (3,6), (3,7)]

Shrinking Run 36
#Info# Executed steps before collision: 6, Found collision: false
Turtle 1 :[(-1,-1), (13,9), (12,9), (11,9), (10,9), (9,9), (8,9)]
Turtle 2 :[(-2,-2), (2,7), (3,7), (4,7), (4,6), (5,6), (6,6)]
Turtle 3 :[(-3,-3), (6,9), (5,9), (4,9), (3,9), (2,9), (1,9)]
Turtle 4 :[(-4,-4), (3,14), (2,14), (1,14), (0,14), (0,13), (0,12)]
Turtle 5 :[(-5,-5), (5,4), (4,4), (4,5), (3,5), (3,6), (3,7)]

Shrinking Run 37
#Info# Executed steps before collision: 7, Found collision: false
Turtle 1 :[(-1,-1), (13,9), (12,9), (11,9), (10,9), (9,9), (8,9), (-1,-1)]
Turtle 2 :[(-2,-2), (2,7), (2,7), (2,6), (2,5), (2,6), (2,6), (3,6)]
Turtle 3 :[(-3,-3), (6,9), (5,9), (4,9), (3,9), (2,9), (1,9), (-3,-3)]
Turtle 4 :[(-4,-4), (3,14), (2,14), (1,14), (0,14), (0,13), (0,12), (-4,-4)]
Turtle 5 :[(-5,-5), (5,4), (4,4), (4,5), (4,6), (3,6), (3,7), (-5,-5)]

Shrinking Run 38
#Info# Executed steps before collision: 6, Found collision: false
Turtle 1 :[(-1,-1), (13,9), (12,9), (11,9), (10,9), (9,9), (8,9)]
Turtle 2 :[(-2,-2), (2,7), (3,7), (4,7), (4,7), (5,7), (5,6)]
Turtle 3 :[(-3,-3), (6,9), (5,9), (4,9), (3,9), (2,9), (1,9)]
Turtle 4 :[(-4,-4), (3,14), (2,14), (1,14), (0,14), (0,13), (0,12)]
Turtle 5 :[(-5,-5), (5,4), (4,4), (4,5), (4,6), (3,6), (3,7)]

Shrinking Run 39
#Info# Executed steps before collision: 7, Found collision: false
Turtle 1 :[(-1,-1), (13,9), (12,9), (11,9), (10,9), (9,9), (8,9), (-1,-1)]
Turtle 2 :[(-2,-2), (2,7), (3,7), (3,6), (3,5), (3,5), (4,5), (4,4)]
Turtle 3 :[(-3,-3), (6,9), (5,9), (4,9), (3,9), (2,9), (1,9), (-3,-3)]
Turtle 4 :[(-4,-4), (3,14), (2,14), (1,14), (0,14), (0,13), (0,12), (-4,-4)]
Turtle 5 :[(-5,-5), (5,4), (4,4), (4,5), (4,6), (3,6), (3,7), (-5,-5)]

Shrinking Run 40
#Info# Executed steps before collision: 9, Found collision: false
Turtle 1 :[(-1,-1), (13,9), (12,9), (11,9), (10,9), (9,9), (8,9), (-1,-1), (-1,-1), (-1,-1)]
Turtle 2 :[(-2,-2), (2,7), (3,7), (3,6), (3,7), (3,6), (3,6), (3,5), (-2,-2), (-2,-2)]
Turtle 3 :[(-3,-3), (6,9), (5,9), (4,9), (3,9), (2,9), (1,9), (-3,-3), (-3,-3), (-3,-3)]
Turtle 4 :[(-4,-4), (3,14), (2,14), (1,14), (0,14), (0,13), (0,12), (-4,-4), (-4,-4), (-4,-4)]
Turtle 5 :[(-5,-5), (5,4), (4,4), (4,5), (4,6), (4,6), (4,5), (4,6), (3,6), (3,7)]

Shrinking Run 41
#Info# Executed steps before collision: 9, Found collision: false
Turtle 1 :[(-1,-1), (13,9), (12,9), (11,9), (10,9), (9,9), (8,9), (-1,-1), (-1,-1), (-1,-1)]
Turtle 2 :[(-2,-2), (2,7), (3,7), (3,6), (3,5), (3,5), (3,4), (4,4), (5,4), (5,5)]
Turtle 3 :[(-3,-3), (6,9), (5,9), (4,9), (3,9), (2,9), (1,9), (-3,-3), (-3,-3), (-3,-3)]
Turtle 4 :[(-4,-4), (3,14), (2,14), (1,14), (0,14), (0,13), (0,12), (-4,-4), (-4,-4), (-4,-4)]
Turtle 5 :[(-5,-5), (5,4), (4,4), (4,5), (5,5), (4,5), (4,6), (3,6), (3,7), (-5,-5)]

Shrinking Run 42
#Info# Executed steps before collision: 7, Found collision: false
Turtle 1 :[(-1,-1), (13,9), (12,9), (11,9), (10,9), (9,9), (8,9), (-1,-1)]
Turtle 2 :[(-2,-2), (2,7), (3,7), (4,7), (5,7), (5,7), (6,7), (6,6)]
Turtle 3 :[(-3,-3), (6,9), (5,9), (4,9), (3,9), (2,9), (1,9), (-3,-3)]
Turtle 4 :[(-4,-4), (3,14), (2,14), (1,14), (0,14), (0,13), (0,12), (-4,-4)]
Turtle 5 :[(-5,-5), (5,4), (4,4), (4,5), (4,6), (3,6), (3,7), (-5,-5)]

Shrinking Run 43
#Info# Executed steps before collision: 6, Found collision: false
Turtle 1 :[(-1,-1), (13,9), (12,9), (11,9), (10,9), (9,9), (8,9)]
Turtle 2 :[(-2,-2), (2,7), (3,7), (4,7), (5,7), (5,6), (6,6)]
Turtle 3 :[(-3,-3), (6,9), (5,9), (4,9), (3,9), (2,9), (1,9)]
Turtle 4 :[(-4,-4), (3,14), (2,14), (1,14), (0,14), (0,13), (0,12)]
Turtle 5 :[(-5,-5), (5,4), (4,4), (4,5), (4,6), (3,6), (3,7)]

Shrinking Run 44
#Info# Executed steps before collision: 4, Found collision: true
Turtle 1 :[(-1,-1), (13,9), (12,9), (11,9), (10,9), (9,9), (8,9), (-1,-1)]
Turtle 2 :[(-2,-2), (2,7), (3,7), (4,7), (4,6), (5,6), (6,6), (-2,-2)]
Turtle 3 :[(-3,-3), (6,9), (5,9), (4,9), (3,9), (2,9), (1,9), (-3,-3)]
Turtle 4 :[(-4,-4), (3,14), (3,13), (3,12), (2,12), (2,11), (2,11), (2,10)]
Turtle 5 :[(-5,-5), (5,4), (4,4), (4,5), (4,6), (3,6), (3,7), (-5,-5)]

Shrinking Run 45
#Info# Executed steps before collision: 4, Found collision: true
Turtle 1 :[(-1,-1), (13,9), (12,9), (11,9), (10,9), (9,9), (8,9), (-1,-1)]
Turtle 2 :[(-2,-2), (2,7), (3,7), (4,7), (4,6), (5,6), (6,6), (-2,-2)]
Turtle 3 :[(-3,-3), (6,9), (5,9), (4,9), (3,9), (2,9), (1,9), (-3,-3)]
Turtle 4 :[(-4,-4), (3,14), (3,13), (2,13), (1,13), (1,12), (1,12), (1,11)]
Turtle 5 :[(-5,-5), (5,4), (4,4), (4,5), (4,6), (3,6), (3,7), (-5,-5)]

Shrinking Run 46
#Info# Executed steps before collision: 4, Found collision: true
Turtle 1 :[(-1,-1), (13,9), (12,9), (11,9), (10,9), (9,9), (8,9), (-1,-1)]
Turtle 2 :[(-2,-2), (2,7), (3,7), (4,7), (4,6), (5,6), (6,6), (-2,-2)]
Turtle 3 :[(-3,-3), (6,9), (5,9), (4,9), (3,9), (2,9), (1,9), (-3,-3)]
Turtle 4 :[(-4,-4), (3,14), (2,14), (1,14), (0,14), (0,13), (0,13), (0,12)]
Turtle 5 :[(-5,-5), (5,4), (4,4), (4,5), (4,6), (3,6), (3,7), (-5,-5)]

Shrink Run 47
#Info# Executed steps before collision: 4, Found collision: true
Turtle 1 :[(-1,-1), (13,9), (12,9), (11,9), (10,9), (9,9), (8,9)]
Turtle 2 :[(-2,-2), (2,7), (3,7), (4,7), (4,6), (5,6), (6,6)]
Turtle 3 :[(-3,-3), (6,9), (5,9), (4,9), (3,9), (2,9), (1,9)]
Turtle 4 :[(-4,-4), (3,14), (2,14), (1,14), (0,14), (0,13), (0,12)]
Turtle 5 :[(-5,-5), (5,4), (4,4), (4,5), (4,6), (3,6), (3,7)]

