Detection Run 1
#Info# Executed steps before collision: 6, Found collision: false
Turtle 1 :[(-1,-1), (6,13), (7,13), (7,14), (8,14), (9,14), (9,14)]
Turtle 2 :[(-2,-2), (2,7), (2,6), (2,5), (2,4), (1,4), (-2,-2)]
Turtle 3 :[(-3,-3), (7,9), (7,10), (6,10), (6,11), (5,11), (5,12)]
Turtle 4 :[(-4,-4), (11,11), (12,11), (12,10), (12,9), (13,9), (13,8)]
Turtle 5 :[(-5,-5), (9,14), (9,13), (9,12), (9,11), (9,10), (9,9)]

Detection Run 2
#Info# Executed steps before collision: 8, Found collision: false
Turtle 1 :[(-1,-1), (6,11), (7,11), (6,11), (5,11), (5,10), (5,9), (5,8), (4,8)]
Turtle 2 :[(-2,-2), (2,2), (1,2), (1,1), (1,0), (0,0), (-2,-2), (-2,-2), (-2,-2)]
Turtle 3 :[(-3,-3), (0,7), (0,6), (0,5), (0,4), (0,3), (-3,-3), (-3,-3), (-3,-3)]
Turtle 4 :[(-4,-4), (3,10), (3,11), (2,11), (1,11), (1,12), (1,13), (-4,-4), (-4,-4)]
Turtle 5 :[(-5,-5), (6,10), (6,9), (7,9), (7,8), (7,7), (8,7), (-5,-5), (-5,-5)]

Detection Run 3
#Info# Executed steps before collision: 6, Found collision: false
Turtle 1 :[(-1,-1), (10,3), (9,3), (9,2), (9,1), (8,1), (7,1)]
Turtle 2 :[(-2,-2), (4,13), (5,13), (5,12), (5,11), (5,10), (5,9)]
Turtle 3 :[(-3,-3), (1,3), (2,3), (3,3), (3,2), (4,2), (4,1)]
Turtle 4 :[(-4,-4), (9,7), (8,7), (8,6), (7,6), (7,5), (7,4)]
Turtle 5 :[(-5,-5), (8,12), (7,12), (6,12), (5,12), (4,12), (-5,-5)]

Detection Run 4
#Info# Executed steps before collision: 6, Found collision: false
Turtle 1 :[(-1,-1), (1,11), (1,10), (0,10), (0,9), (0,8), (-1,-1)]
Turtle 2 :[(-2,-2), (2,2), (2,3), (1,3), (1,4), (1,5), (0,5)]
Turtle 3 :[(-3,-3), (14,5), (14,6), (14,7), (14,8), (14,8), (14,9)]
Turtle 4 :[(-4,-4), (13,12), (13,11), (12,11), (13,11), (14,11), (-4,-4)]
Turtle 5 :[(-5,-5), (1,14), (1,13), (1,12), (1,11), (0,11), (-5,-5)]

Fault Detection Run 5
#Info# Executed steps before collision: 3, Found collision: true
Turtle 1 :[(-1,-1), (0,6), (0,7), (1,7), (2,7), (2,8), (-1,-1)]
Turtle 2 :[(-2,-2), (1,11), (1,12), (1,11), (2,11), (3,11), (4,11)]
Turtle 3 :[(-3,-3), (6,12), (5,12), (5,11), (4,11), (4,10), (4,9)]
Turtle 4 :[(-4,-4), (0,13), (0,12), (0,11), (-4,-4), (-4,-4), (-4,-4)]
Turtle 5 :[(-5,-5), (0,9), (0,10), (0,11), (0,12), (1,12), (1,13)]

