Shrinking Run 1
#Info# Executed steps before collision: 5, Found collision: true
Turtle 1 :[(-1,-1), (2,5), (1,5), (1,6), (0,6), (-1,-1), (-1,-1), (-1,-1), (-1,-1)]
Turtle 2 :[(-2,-2), (13,8), (12,8), (12,8), (12,8), (11,8), (11,9), (10,9), (10,10)]
Turtle 3 :[(-3,-3), (15,4), (14,4), (14,4), (14,4), (14,3), (14,2), (13,2), (12,2)]
Turtle 4 :[(-4,-4), (11,3), (12,3), (12,3), (13,3), (14,3), (15,3), (15,2), (-4,-4)]
Turtle 5 :[(-5,-5), (1,3), (0,3), (0,3), (0,3), (0,2), (0,1), (-5,-5), (-5,-5)]

Shrinking Run 2
#Info# Executed steps before collision: 5, Found collision: true
Turtle 1 :[(-1,-1), (2,5), (2,5), (2,4), (2,3), (2,2), (1,2), (1,1), (-1,-1)]
Turtle 2 :[(-2,-2), (13,8), (12,8), (12,8), (12,8), (11,8), (11,9), (10,9), (10,10)]
Turtle 3 :[(-3,-3), (15,4), (14,4), (14,4), (14,4), (14,3), (13,3), (13,2), (12,2)]
Turtle 4 :[(-4,-4), (11,3), (12,3), (12,3), (13,3), (14,3), (15,3), (15,2), (-4,-4)]
Turtle 5 :[(-5,-5), (1,3), (0,3), (0,3), (0,3), (0,2), (0,1), (-5,-5), (-5,-5)]

Shrinking Run 3
#Info# Executed steps before collision: 5, Found collision: true
Turtle 1 :[(-1,-1), (2,5), (2,5), (2,4), (1,4), (1,3), (1,2), (1,1), (-1,-1)]
Turtle 2 :[(-2,-2), (13,8), (12,8), (12,8), (12,8), (11,8), (11,9), (10,9), (10,10)]
Turtle 3 :[(-3,-3), (15,4), (14,4), (14,4), (14,4), (14,3), (13,3), (13,2), (12,2)]
Turtle 4 :[(-4,-4), (11,3), (12,3), (12,3), (13,3), (14,3), (15,3), (15,2), (-4,-4)]
Turtle 5 :[(-5,-5), (1,3), (0,3), (0,3), (0,3), (0,2), (0,1), (-5,-5), (-5,-5)]

Shrinking Run 4
#Info# Executed steps before collision: 5, Found collision: true
Turtle 1 :[(-1,-1), (2,5), (2,5), (2,4), (1,4), (1,3), (0,3), (0,4), (0,3), (0,2), (-1,-1)]
Turtle 2 :[(-2,-2), (13,8), (12,8), (12,8), (12,8), (11,8), (11,9), (10,9), (10,10), (-2,-2), (-2,-2)]
Turtle 3 :[(-3,-3), (15,4), (14,4), (14,4), (14,4), (14,3), (14,4), (14,3), (13,3), (13,2), (12,2)]
Turtle 4 :[(-4,-4), (11,3), (12,3), (12,3), (13,3), (14,3), (15,3), (15,2), (-4,-4), (-4,-4), (-4,-4)]
Turtle 5 :[(-5,-5), (1,3), (0,3), (0,3), (0,3), (0,2), (0,1), (-5,-5), (-5,-5), (-5,-5), (-5,-5)]

Shrinking Run 5
#Info# Executed steps before collision: 5, Found collision: true
Turtle 1 :[(-1,-1), (2,5), (2,4), (2,3), (1,3), (0,3), (0,3), (0,4), (0,3), (0,2)]
Turtle 2 :[(-2,-2), (13,8), (12,8), (12,8), (12,8), (11,8), (11,9), (10,9), (10,10), (-2,-2)]
Turtle 3 :[(-3,-3), (15,4), (14,4), (14,4), (14,4), (14,3), (13,3), (13,2), (12,2), (-3,-3)]
Turtle 4 :[(-4,-4), (11,3), (12,3), (12,3), (13,3), (14,3), (15,3), (15,2), (-4,-4), (-4,-4)]
Turtle 5 :[(-5,-5), (1,3), (0,3), (0,3), (0,3), (0,2), (0,1), (-5,-5), (-5,-5), (-5,-5)]

Shrinking Run 6
#Info# Executed steps before collision: 5, Found collision: true
Turtle 1 :[(-1,-1), (2,5), (1,5), (1,4), (0,4), (0,3), (1,3), (1,2), (0,2)]
Turtle 2 :[(-2,-2), (13,8), (12,8), (12,8), (12,8), (11,8), (11,9), (10,9), (10,10)]
Turtle 3 :[(-3,-3), (15,4), (14,4), (14,4), (14,4), (14,3), (14,2), (13,2), (12,2)]
Turtle 4 :[(-4,-4), (11,3), (12,3), (12,3), (13,3), (14,3), (15,3), (15,2), (-4,-4)]
Turtle 5 :[(-5,-5), (1,3), (0,3), (0,3), (0,3), (0,2), (0,1), (-5,-5), (-5,-5)]

Shrinking Run 7
#Info# Executed steps before collision: 5, Found collision: true
Turtle 1 :[(-1,-1), (2,5), (1,5), (0,5), (0,4), (0,3), (1,3), (1,2), (0,2)]
Turtle 2 :[(-2,-2), (13,8), (12,8), (12,8), (12,8), (11,8), (11,9), (10,9), (10,10)]
Turtle 3 :[(-3,-3), (15,4), (14,4), (14,4), (14,4), (14,3), (13,3), (13,2), (12,2)]
Turtle 4 :[(-4,-4), (11,3), (12,3), (12,3), (13,3), (14,3), (15,3), (15,2), (-4,-4)]
Turtle 5 :[(-5,-5), (1,3), (0,3), (0,3), (0,3), (0,2), (0,1), (-5,-5), (-5,-5)]

Shrinking Run 8
#Info# Executed steps before collision: 5, Found collision: true
Turtle 1 :[(-1,-1), (2,5), (1,5), (0,5), (0,4), (0,3), (0,4), (0,3), (0,2)]
Turtle 2 :[(-2,-2), (13,8), (12,8), (12,8), (12,8), (11,8), (11,7), (10,7), (10,6)]
Turtle 3 :[(-3,-3), (15,4), (14,4), (14,4), (14,4), (14,3), (13,3), (13,2), (12,2)]
Turtle 4 :[(-4,-4), (11,3), (12,3), (12,3), (13,3), (14,3), (14,2), (15,2), (-4,-4)]
Turtle 5 :[(-5,-5), (1,3), (0,3), (0,3), (0,3), (0,2), (0,1), (-5,-5), (-5,-5)]

Shrinking Run 9
#Info# Executed steps before collision: 5, Found collision: true
Turtle 1 :[(-1,-1), (2,5), (1,5), (0,5), (0,4), (0,3), (0,3), (0,2), (-1,-1)]
Turtle 2 :[(-2,-2), (13,8), (12,8), (12,8), (12,8), (11,8), (10,8), (9,8), (9,7)]
Turtle 3 :[(-3,-3), (15,4), (14,4), (14,4), (14,4), (14,3), (13,3), (13,2), (12,2)]
Turtle 4 :[(-4,-4), (11,3), (12,3), (12,3), (13,3), (14,3), (15,3), (15,2), (-4,-4)]
Turtle 5 :[(-5,-5), (1,3), (0,3), (0,3), (0,3), (0,2), (0,1), (-5,-5), (-5,-5)]

Shrinking Run 10
#Info# Executed steps before collision: 5, Found collision: true
Turtle 1 :[(-1,-1), (2,5), (1,5), (0,5), (0,4), (0,3), (0,3), (0,2), (-1,-1)]
Turtle 2 :[(-2,-2), (13,8), (12,8), (12,8), (12,8), (11,8), (10,8), (9,8), (8,8)]
Turtle 3 :[(-3,-3), (15,4), (14,4), (14,4), (14,4), (14,3), (13,3), (13,2), (12,2)]
Turtle 4 :[(-4,-4), (11,3), (12,3), (12,3), (13,3), (14,3), (15,3), (15,2), (-4,-4)]
Turtle 5 :[(-5,-5), (1,3), (0,3), (0,3), (0,3), (0,2), (0,1), (-5,-5), (-5,-5)]

Shrinking Run 11
#Info# Executed steps before collision: 8, Found collision: true
Turtle 1 :[(-1,-1), (2,5), (1,5), (0,5), (0,4), (0,3), (0,3), (0,2), (-1,-1), (-1,-1), (-1,-1), (-1,-1)]
Turtle 2 :[(-2,-2), (13,8), (12,8), (11,8), (10,8), (9,8), (8,8), (-2,-2), (-2,-2), (-2,-2), (-2,-2), (-2,-2)]
Turtle 3 :[(-3,-3), (15,4), (14,4), (14,4), (14,4), (14,3), (14,2), (14,3), (13,3), (13,2), (12,2), (-3,-3)]
Turtle 4 :[(-4,-4), (11,3), (12,3), (12,3), (13,3), (13,2), (13,3), (13,3), (13,3), (14,3), (14,2), (15,2)]
Turtle 5 :[(-5,-5), (1,3), (0,3), (0,3), (0,3), (0,2), (0,1), (-5,-5), (-5,-5), (-5,-5), (-5,-5), (-5,-5)]

Shrinking Run 12
#Info# Executed steps before collision: 8, Found collision: false
Turtle 1 :[(-1,-1), (2,5), (1,5), (0,5), (0,4), (0,3), (0,3), (0,2), (-1,-1)]
Turtle 2 :[(-2,-2), (13,8), (12,8), (11,8), (10,8), (9,8), (8,8), (-2,-2), (-2,-2)]
Turtle 3 :[(-3,-3), (15,4), (15,3), (15,3), (15,3), (15,2), (14,2), (14,1), (13,1)]
Turtle 4 :[(-4,-4), (11,3), (12,3), (12,3), (13,3), (14,3), (15,3), (15,2), (-4,-4)]
Turtle 5 :[(-5,-5), (1,3), (0,3), (0,3), (0,3), (0,2), (0,1), (-5,-5), (-5,-5)]

Shrinking Run 13
#Info# Executed steps before collision: 5, Found collision: true
Turtle 1 :[(-1,-1), (2,5), (1,5), (0,5), (0,4), (0,3), (1,3), (0,3), (0,2)]
Turtle 2 :[(-2,-2), (13,8), (12,8), (11,8), (10,8), (9,8), (8,8), (-2,-2), (-2,-2)]
Turtle 3 :[(-3,-3), (15,4), (15,3), (15,3), (15,3), (14,3), (13,3), (13,2), (12,2)]
Turtle 4 :[(-4,-4), (11,3), (12,3), (12,3), (13,3), (14,3), (15,3), (15,2), (-4,-4)]
Turtle 5 :[(-5,-5), (1,3), (0,3), (0,3), (0,3), (0,2), (0,1), (-5,-5), (-5,-5)]

Shrinking Run 14
#Info# Executed steps before collision: 10, Found collision: false
Turtle 1 :[(-1,-1), (2,5), (1,5), (0,5), (0,4), (0,3), (1,3), (1,2), (0,2), (-1,-1), (-1,-1)]
Turtle 2 :[(-2,-2), (13,8), (12,8), (11,8), (10,8), (9,8), (8,8), (-2,-2), (-2,-2), (-2,-2), (-2,-2)]
Turtle 3 :[(-3,-3), (15,4), (15,3), (15,3), (15,3), (14,3), (13,3), (12,3), (11,3), (-3,-3), (-3,-3)]
Turtle 4 :[(-4,-4), (11,3), (12,3), (12,3), (13,3), (13,3), (12,3), (12,2), (13,2), (14,2), (15,2)]
Turtle 5 :[(-5,-5), (1,3), (0,3), (0,3), (0,3), (0,2), (0,1), (-5,-5), (-5,-5), (-5,-5), (-5,-5)]

Shrinking Run 15
#Info# Executed steps before collision: 8, Found collision: false
Turtle 1 :[(-1,-1), (2,5), (1,5), (0,5), (0,4), (0,3), (0,3), (0,3), (0,2)]
Turtle 2 :[(-2,-2), (13,8), (12,8), (11,8), (10,8), (9,8), (8,8), (-2,-2), (-2,-2)]
Turtle 3 :[(-3,-3), (15,4), (14,4), (14,4), (14,4), (13,4), (12,4), (12,3), (11,3)]
Turtle 4 :[(-4,-4), (11,3), (12,3), (12,3), (13,3), (14,3), (15,3), (15,2), (-4,-4)]
Turtle 5 :[(-5,-5), (1,3), (0,3), (0,3), (0,3), (0,2), (0,1), (-5,-5), (-5,-5)]

Shrinking Run 16
#Info# Executed steps before collision: 8, Found collision: false
Turtle 1 :[(-1,-1), (2,5), (1,5), (0,5), (0,4), (0,3), (0,4), (0,3), (0,2)]
Turtle 2 :[(-2,-2), (13,8), (12,8), (11,8), (10,8), (9,8), (8,8), (-2,-2), (-2,-2)]
Turtle 3 :[(-3,-3), (15,4), (14,4), (14,3), (14,2), (13,2), (12,2), (-3,-3), (-3,-3)]
Turtle 4 :[(-4,-4), (11,3), (12,3), (12,3), (13,3), (14,3), (15,3), (15,2), (-4,-4)]
Turtle 5 :[(-5,-5), (1,3), (0,3), (0,3), (0,3), (0,2), (0,1), (-5,-5), (-5,-5)]

Shrinking Run 17
#Info# Executed steps before collision: 11, Found collision: false
Turtle 1 :[(-1,-1), (2,5), (1,5), (0,5), (0,4), (0,3), (0,4), (0,3), (0,2), (-1,-1), (-1,-1), (-1,-1)]
Turtle 2 :[(-2,-2), (13,8), (12,8), (11,8), (10,8), (9,8), (8,8), (-2,-2), (-2,-2), (-2,-2), (-2,-2), (-2,-2)]
Turtle 3 :[(-3,-3), (15,4), (14,4), (14,4), (14,3), (15,3), (14,3), (13,3), (13,2), (12,2), (-3,-3), (-3,-3)]
Turtle 4 :[(-4,-4), (11,3), (12,3), (12,3), (13,3), (14,3), (13,3), (13,4), (14,4), (15,4), (15,3), (15,2)]
Turtle 5 :[(-5,-5), (1,3), (0,3), (0,3), (0,3), (0,2), (0,1), (-5,-5), (-5,-5), (-5,-5), (-5,-5), (-5,-5)]

Shrinking Run 18
#Info# Executed steps before collision: 5, Found collision: true
Turtle 1 :[(-1,-1), (2,5), (1,5), (0,5), (0,4), (0,3), (0,3), (0,4), (0,3), (0,2)]
Turtle 2 :[(-2,-2), (13,8), (12,8), (11,8), (10,8), (9,8), (8,8), (-2,-2), (-2,-2), (-2,-2)]
Turtle 3 :[(-3,-3), (15,4), (14,4), (14,4), (14,4), (14,3), (14,2), (13,2), (12,2), (-3,-3)]
Turtle 4 :[(-4,-4), (11,3), (12,3), (12,3), (13,3), (14,3), (15,3), (15,2), (-4,-4), (-4,-4)]
Turtle 5 :[(-5,-5), (1,3), (0,3), (0,3), (0,3), (0,2), (0,1), (-5,-5), (-5,-5), (-5,-5)]

Shrinking Run 19
#Info# Executed steps before collision: 5, Found collision: true
Turtle 1 :[(-1,-1), (2,5), (1,5), (0,5), (0,4), (0,3), (1,3), (1,2), (0,2), (-1,-1)]
Turtle 2 :[(-2,-2), (13,8), (12,8), (11,8), (10,8), (9,8), (8,8), (-2,-2), (-2,-2), (-2,-2)]
Turtle 3 :[(-3,-3), (15,4), (14,4), (14,3), (14,3), (14,3), (13,3), (13,3), (13,2), (12,2)]
Turtle 4 :[(-4,-4), (11,3), (12,3), (12,3), (13,3), (14,3), (15,3), (15,2), (-4,-4), (-4,-4)]
Turtle 5 :[(-5,-5), (1,3), (0,3), (0,3), (0,3), (0,2), (0,1), (-5,-5), (-5,-5), (-5,-5)]

Shrinking Run 20
#Info# Executed steps before collision: 4, Found collision: true
Turtle 1 :[(-1,-1), (2,5), (1,5), (0,5), (0,4), (0,3), (0,4), (0,3), (0,2)]
Turtle 2 :[(-2,-2), (13,8), (12,8), (11,8), (10,8), (9,8), (8,8), (-2,-2), (-2,-2)]
Turtle 3 :[(-3,-3), (15,4), (14,4), (14,3), (13,3), (13,2), (13,2), (13,2), (12,2)]
Turtle 4 :[(-4,-4), (11,3), (12,3), (12,3), (13,3), (14,3), (15,3), (15,2), (-4,-4)]
Turtle 5 :[(-5,-5), (1,3), (0,3), (0,3), (0,3), (0,2), (0,1), (-5,-5), (-5,-5)]

Shrinking Run 21
#Info# Executed steps before collision: 8, Found collision: false
Turtle 1 :[(-1,-1), (2,5), (1,5), (0,5), (0,4), (0,3), (0,4), (0,3), (0,2)]
Turtle 2 :[(-2,-2), (13,8), (12,8), (11,8), (10,8), (9,8), (8,8), (-2,-2), (-2,-2)]
Turtle 3 :[(-3,-3), (15,4), (14,4), (14,3), (13,3), (13,2), (13,2), (13,2), (12,2)]
Turtle 4 :[(-4,-4), (11,3), (10,3), (10,3), (9,3), (8,3), (7,3), (6,3), (-4,-4)]
Turtle 5 :[(-5,-5), (1,3), (0,3), (0,3), (0,3), (0,2), (0,1), (-5,-5), (-5,-5)]

Shrinking Run 22
#Info# Executed steps before collision: 8, Found collision: false
Turtle 1 :[(-1,-1), (2,5), (1,5), (0,5), (0,4), (0,3), (1,3), (0,3), (0,2)]
Turtle 2 :[(-2,-2), (13,8), (12,8), (11,8), (10,8), (9,8), (8,8), (-2,-2), (-2,-2)]
Turtle 3 :[(-3,-3), (15,4), (14,4), (14,3), (13,3), (13,2), (13,2), (13,2), (12,2)]
Turtle 4 :[(-4,-4), (11,3), (10,3), (10,3), (9,3), (8,3), (8,2), (-4,-4), (-4,-4)]
Turtle 5 :[(-5,-5), (1,3), (0,3), (0,3), (0,3), (0,2), (0,1), (-5,-5), (-5,-5)]

Shrinking Run 23
#Info# Executed steps before collision: 8, Found collision: false
Turtle 1 :[(-1,-1), (2,5), (1,5), (0,5), (0,4), (0,3), (1,3), (0,3), (0,2)]
Turtle 2 :[(-2,-2), (13,8), (12,8), (11,8), (10,8), (9,8), (8,8), (-2,-2), (-2,-2)]
Turtle 3 :[(-3,-3), (15,4), (14,4), (14,3), (13,3), (13,2), (13,2), (13,2), (12,2)]
Turtle 4 :[(-4,-4), (11,3), (12,3), (12,3), (12,2), (-4,-4), (-4,-4), (-4,-4), (-4,-4)]
Turtle 5 :[(-5,-5), (1,3), (0,3), (0,3), (0,3), (0,2), (0,1), (-5,-5), (-5,-5)]

Shrinking Run 24
#Info# Executed steps before collision: 4, Found collision: true
Turtle 1 :[(-1,-1), (2,5), (1,5), (0,5), (0,4), (0,3), (0,3), (1,3), (0,3), (0,2)]
Turtle 2 :[(-2,-2), (13,8), (12,8), (11,8), (10,8), (9,8), (8,8), (-2,-2), (-2,-2), (-2,-2)]
Turtle 3 :[(-3,-3), (15,4), (14,4), (14,3), (13,3), (13,2), (13,2), (13,2), (12,2), (-3,-3)]
Turtle 4 :[(-4,-4), (11,3), (12,3), (12,3), (13,3), (14,3), (14,2), (-4,-4), (-4,-4), (-4,-4)]
Turtle 5 :[(-5,-5), (1,3), (0,3), (0,3), (0,3), (0,2), (0,1), (-5,-5), (-5,-5), (-5,-5)]

Shrinking Run 25
#Info# Executed steps before collision: 4, Found collision: true
Turtle 1 :[(-1,-1), (2,5), (1,5), (0,5), (0,4), (0,3), (0,4), (0,3), (0,2)]
Turtle 2 :[(-2,-2), (13,8), (12,8), (11,8), (10,8), (9,8), (8,8), (-2,-2), (-2,-2)]
Turtle 3 :[(-3,-3), (15,4), (14,4), (14,3), (13,3), (13,2), (13,2), (13,2), (12,2)]
Turtle 4 :[(-4,-4), (11,3), (12,3), (12,3), (13,3), (13,2), (-4,-4), (-4,-4), (-4,-4)]
Turtle 5 :[(-5,-5), (1,3), (0,3), (0,3), (0,3), (0,2), (0,1), (-5,-5), (-5,-5)]

Shrinking Run 26
#Info# Executed steps before collision: 8, Found collision: false
Turtle 1 :[(-1,-1), (2,5), (1,5), (0,5), (0,4), (0,3), (1,3), (0,3), (0,2)]
Turtle 2 :[(-2,-2), (13,8), (12,8), (11,8), (10,8), (9,8), (8,8), (-2,-2), (-2,-2)]
Turtle 3 :[(-3,-3), (15,4), (14,4), (14,3), (13,3), (13,2), (13,2), (13,2), (12,2)]
Turtle 4 :[(-4,-4), (11,3), (11,2), (11,2), (11,1), (12,1), (13,1), (13,0), (-4,-4)]
Turtle 5 :[(-5,-5), (1,3), (0,3), (0,3), (0,3), (0,2), (0,1), (-5,-5), (-5,-5)]

Shrinking Run 27
#Info# Executed steps before collision: 5, Found collision: true
Turtle 1 :[(-1,-1), (2,5), (1,5), (0,5), (0,4), (0,3), (0,3), (1,3), (0,3), (0,2)]
Turtle 2 :[(-2,-2), (13,8), (12,8), (11,8), (10,8), (9,8), (8,8), (-2,-2), (-2,-2), (-2,-2)]
Turtle 3 :[(-3,-3), (15,4), (14,4), (14,3), (13,3), (13,2), (13,2), (13,2), (12,2), (-3,-3)]
Turtle 4 :[(-4,-4), (11,3), (11,2), (11,2), (12,2), (13,2), (13,1), (-4,-4), (-4,-4), (-4,-4)]
Turtle 5 :[(-5,-5), (1,3), (0,3), (0,3), (0,3), (0,2), (0,1), (-5,-5), (-5,-5), (-5,-5)]

Shrinking Run 28
#Info# Executed steps before collision: 8, Found collision: false
Turtle 1 :[(-1,-1), (2,5), (1,5), (0,5), (0,4), (0,3), (0,3), (0,2), (-1,-1)]
Turtle 2 :[(-2,-2), (13,8), (12,8), (11,8), (10,8), (9,8), (8,8), (-2,-2), (-2,-2)]
Turtle 3 :[(-3,-3), (15,4), (14,4), (14,3), (13,3), (13,2), (13,2), (13,2), (12,2)]
Turtle 4 :[(-4,-4), (11,3), (10,3), (10,3), (10,2), (9,2), (8,2), (8,1), (-4,-4)]
Turtle 5 :[(-5,-5), (1,3), (0,3), (0,3), (0,3), (0,2), (0,1), (-5,-5), (-5,-5)]

Shrinking Run 29
#Info# Executed steps before collision: 8, Found collision: false
Turtle 1 :[(-1,-1), (2,5), (1,5), (0,5), (0,4), (0,3), (0,3), (0,3), (0,2)]
Turtle 2 :[(-2,-2), (13,8), (12,8), (11,8), (10,8), (9,8), (8,8), (-2,-2), (-2,-2)]
Turtle 3 :[(-3,-3), (15,4), (14,4), (14,3), (13,3), (13,2), (13,2), (13,2), (12,2)]
Turtle 4 :[(-4,-4), (11,3), (11,2), (11,2), (12,2), (12,1), (-4,-4), (-4,-4), (-4,-4)]
Turtle 5 :[(-5,-5), (1,3), (0,3), (0,3), (0,3), (0,2), (0,1), (-5,-5), (-5,-5)]

Shrinking Run 30
#Info# Executed steps before collision: 5, Found collision: true
Turtle 1 :[(-1,-1), (2,5), (1,5), (0,5), (0,4), (0,3), (0,3), (0,2), (-1,-1), (-1,-1)]
Turtle 2 :[(-2,-2), (13,8), (12,8), (11,8), (10,8), (9,8), (8,8), (-2,-2), (-2,-2), (-2,-2)]
Turtle 3 :[(-3,-3), (15,4), (14,4), (14,3), (13,3), (13,2), (13,2), (13,2), (13,2), (12,2)]
Turtle 4 :[(-4,-4), (11,3), (12,3), (12,3), (12,2), (13,2), (13,1), (-4,-4), (-4,-4), (-4,-4)]
Turtle 5 :[(-5,-5), (1,3), (0,3), (0,3), (0,3), (0,2), (0,1), (-5,-5), (-5,-5), (-5,-5)]

Shrinking Run 31
#Info# Executed steps before collision: 8, Found collision: false
Turtle 1 :[(-1,-1), (2,5), (1,5), (0,5), (0,4), (0,3), (0,3), (0,2), (-1,-1)]
Turtle 2 :[(-2,-2), (13,8), (12,8), (11,8), (10,8), (9,8), (8,8), (-2,-2), (-2,-2)]
Turtle 3 :[(-3,-3), (15,4), (14,4), (14,3), (13,3), (13,4), (13,3), (12,3), (12,2)]
Turtle 4 :[(-4,-4), (11,3), (12,3), (12,2), (13,2), (13,1), (-4,-4), (-4,-4), (-4,-4)]
Turtle 5 :[(-5,-5), (1,3), (0,3), (0,3), (0,3), (0,2), (0,1), (-5,-5), (-5,-5)]

Shrinking Run 32
#Info# Executed steps before collision: 9, Found collision: false
Turtle 1 :[(-1,-1), (2,5), (1,5), (0,5), (0,4), (0,3), (1,3), (0,3), (0,2), (-1,-1)]
Turtle 2 :[(-2,-2), (13,8), (12,8), (11,8), (10,8), (9,8), (8,8), (-2,-2), (-2,-2), (-2,-2)]
Turtle 3 :[(-3,-3), (15,4), (14,4), (14,3), (14,3), (13,3), (13,2), (13,2), (13,2), (12,2)]
Turtle 4 :[(-4,-4), (11,3), (12,3), (13,3), (13,2), (13,1), (-4,-4), (-4,-4), (-4,-4), (-4,-4)]
Turtle 5 :[(-5,-5), (1,3), (0,3), (0,3), (0,3), (0,2), (0,1), (-5,-5), (-5,-5), (-5,-5)]

Shrinking Run 33
#Info# Executed steps before collision: 8, Found collision: false
Turtle 1 :[(-1,-1), (2,5), (1,5), (0,5), (0,4), (0,3), (0,3), (0,2), (-1,-1)]
Turtle 2 :[(-2,-2), (13,8), (12,8), (11,8), (10,8), (9,8), (8,8), (-2,-2), (-2,-2)]
Turtle 3 :[(-3,-3), (15,4), (14,4), (14,3), (13,3), (13,2), (13,2), (13,2), (12,2)]
Turtle 4 :[(-4,-4), (11,3), (12,3), (12,2), (12,2), (12,3), (12,2), (12,1), (13,1)]
Turtle 5 :[(-5,-5), (1,3), (0,3), (0,3), (0,3), (0,2), (0,1), (-5,-5), (-5,-5)]

Shrinking Run 34
#Info# Executed steps before collision: 4, Found collision: true
Turtle 1 :[(-1,-1), (2,5), (1,5), (0,5), (0,4), (0,3), (1,3), (1,2), (0,2)]
Turtle 2 :[(-2,-2), (13,8), (12,8), (11,8), (10,8), (9,8), (8,8), (-2,-2), (-2,-2)]
Turtle 3 :[(-3,-3), (15,4), (14,4), (14,3), (13,3), (13,2), (13,2), (12,2), (-3,-3)]
Turtle 4 :[(-4,-4), (11,3), (12,3), (12,3), (13,3), (13,2), (13,1), (-4,-4), (-4,-4)]
Turtle 5 :[(-5,-5), (1,3), (0,3), (0,3), (0,3), (0,2), (0,1), (-5,-5), (-5,-5)]

Shrinking Run 35
#Info# Executed steps before collision: 4, Found collision: true
Turtle 1 :[(-1,-1), (2,5), (1,5), (0,5), (0,4), (0,3), (0,2), (-1,-1), (-1,-1), (-1,-1)]
Turtle 2 :[(-2,-2), (13,8), (12,8), (11,8), (10,8), (9,8), (8,8), (-2,-2), (-2,-2), (-2,-2)]
Turtle 3 :[(-3,-3), (15,4), (14,4), (14,3), (13,3), (13,2), (13,2), (13,3), (13,2), (12,2)]
Turtle 4 :[(-4,-4), (11,3), (12,3), (12,3), (13,3), (13,2), (13,1), (-4,-4), (-4,-4), (-4,-4)]
Turtle 5 :[(-5,-5), (1,3), (1,2), (1,2), (0,2), (0,1), (0,2), (0,1), (0,0), (-5,-5)]

Shrinking Run 36
#Info# Executed steps before collision: 9, Found collision: false
Turtle 1 :[(-1,-1), (2,5), (1,5), (0,5), (0,4), (0,3), (0,2), (-1,-1), (-1,-1), (-1,-1)]
Turtle 2 :[(-2,-2), (13,8), (12,8), (11,8), (10,8), (9,8), (8,8), (-2,-2), (-2,-2), (-2,-2)]
Turtle 3 :[(-3,-3), (15,4), (14,4), (14,3), (13,3), (13,2), (13,2), (14,2), (13,2), (12,2)]
Turtle 4 :[(-4,-4), (11,3), (12,3), (12,3), (12,2), (12,1), (13,1), (-4,-4), (-4,-4), (-4,-4)]
Turtle 5 :[(-5,-5), (1,3), (1,2), (1,2), (1,1), (0,1), (0,1), (0,0), (-5,-5), (-5,-5)]

Shrinking Run 37
#Info# Executed steps before collision: 9, Found collision: false
Turtle 1 :[(-1,-1), (2,5), (1,5), (0,5), (0,4), (0,3), (0,2), (-1,-1), (-1,-1), (-1,-1)]
Turtle 2 :[(-2,-2), (13,8), (12,8), (11,8), (10,8), (9,8), (8,8), (-2,-2), (-2,-2), (-2,-2)]
Turtle 3 :[(-3,-3), (15,4), (14,4), (14,3), (13,3), (13,2), (13,3), (13,2), (12,2), (-3,-3)]
Turtle 4 :[(-4,-4), (11,3), (12,3), (12,3), (12,3), (13,3), (14,3), (14,2), (14,1), (13,1)]
Turtle 5 :[(-5,-5), (1,3), (0,3), (0,3), (0,2), (0,1), (0,1), (0,0), (-5,-5), (-5,-5)]

Shrinking Run 38
#Info# Executed steps before collision: 4, Found collision: true
Turtle 1 :[(-1,-1), (2,5), (1,5), (0,5), (0,4), (0,3), (0,2), (-1,-1), (-1,-1)]
Turtle 2 :[(-2,-2), (13,8), (12,8), (11,8), (10,8), (9,8), (8,8), (-2,-2), (-2,-2)]
Turtle 3 :[(-3,-3), (15,4), (14,4), (14,3), (13,3), (13,2), (13,2), (13,2), (12,2)]
Turtle 4 :[(-4,-4), (11,3), (12,3), (12,3), (13,3), (13,2), (13,1), (-4,-4), (-4,-4)]
Turtle 5 :[(-5,-5), (1,3), (1,2), (0,2), (0,1), (0,0), (-5,-5), (-5,-5), (-5,-5)]

Shrinking Run 39
#Info# Executed steps before collision: 4, Found collision: true
Turtle 1 :[(-1,-1), (2,5), (1,5), (0,5), (0,4), (0,3), (0,2), (-1,-1), (-1,-1)]
Turtle 2 :[(-2,-2), (13,8), (12,8), (11,8), (10,8), (9,8), (8,8), (-2,-2), (-2,-2)]
Turtle 3 :[(-3,-3), (15,4), (14,4), (14,3), (13,3), (13,2), (13,2), (13,2), (12,2)]
Turtle 4 :[(-4,-4), (11,3), (12,3), (12,3), (13,3), (13,2), (13,1), (-4,-4), (-4,-4)]
Turtle 5 :[(-5,-5), (1,3), (1,2), (1,1), (0,1), (0,0), (-5,-5), (-5,-5), (-5,-5)]

Shrinking Run 40
#Info# Executed steps before collision: 8, Found collision: false
Turtle 1 :[(-1,-1), (2,5), (1,5), (0,5), (0,4), (0,3), (0,2), (-1,-1), (-1,-1)]
Turtle 2 :[(-2,-2), (13,8), (12,8), (11,8), (10,8), (9,8), (8,8), (-2,-2), (-2,-2)]
Turtle 3 :[(-3,-3), (15,4), (15,3), (15,3), (15,3), (15,2), (14,2), (14,1), (13,1)]
Turtle 4 :[(-4,-4), (11,3), (12,3), (12,3), (13,3), (13,2), (13,1), (-4,-4), (-4,-4)]
Turtle 5 :[(-5,-5), (1,3), (1,2), (1,1), (0,1), (0,0), (-5,-5), (-5,-5), (-5,-5)]

Shrinking Run 41
#Info# Executed steps before collision: 8, Found collision: false
Turtle 1 :[(-1,-1), (2,5), (1,5), (0,5), (0,4), (0,3), (0,2), (-1,-1), (-1,-1)]
Turtle 2 :[(-2,-2), (13,8), (12,8), (11,8), (10,8), (9,8), (8,8), (-2,-2), (-2,-2)]
Turtle 3 :[(-3,-3), (15,4), (15,3), (15,3), (15,3), (14,3), (13,3), (12,3), (11,3)]
Turtle 4 :[(-4,-4), (11,3), (12,3), (12,3), (13,3), (13,2), (13,1), (-4,-4), (-4,-4)]
Turtle 5 :[(-5,-5), (1,3), (1,2), (1,1), (0,1), (0,0), (-5,-5), (-5,-5), (-5,-5)]

Shrinking Run 42
#Info# Executed steps before collision: 8, Found collision: false
Turtle 1 :[(-1,-1), (2,5), (1,5), (0,5), (0,4), (0,3), (0,2), (-1,-1), (-1,-1)]
Turtle 2 :[(-2,-2), (13,8), (12,8), (11,8), (10,8), (9,8), (8,8), (-2,-2), (-2,-2)]
Turtle 3 :[(-3,-3), (15,4), (14,4), (14,4), (14,4), (13,4), (12,4), (12,3), (11,3)]
Turtle 4 :[(-4,-4), (11,3), (12,3), (12,3), (13,3), (13,2), (13,1), (-4,-4), (-4,-4)]
Turtle 5 :[(-5,-5), (1,3), (1,2), (1,1), (0,1), (0,0), (-5,-5), (-5,-5), (-5,-5)]

Shrinking Run 43
#Info# Executed steps before collision: 9, Found collision: false
Turtle 1 :[(-1,-1), (2,5), (1,5), (0,5), (0,4), (0,3), (0,2), (-1,-1), (-1,-1), (-1,-1)]
Turtle 2 :[(-2,-2), (13,8), (12,8), (11,8), (10,8), (9,8), (8,8), (-2,-2), (-2,-2), (-2,-2)]
Turtle 3 :[(-3,-3), (15,4), (14,4), (14,3), (14,2), (13,2), (12,2), (-3,-3), (-3,-3), (-3,-3)]
Turtle 4 :[(-4,-4), (11,3), (12,3), (12,3), (12,3), (13,3), (14,3), (13,3), (13,2), (13,1)]
Turtle 5 :[(-5,-5), (1,3), (1,2), (1,1), (0,1), (0,0), (-5,-5), (-5,-5), (-5,-5), (-5,-5)]

Shrinking Run 44
#Info# Executed steps before collision: 9, Found collision: false
Turtle 1 :[(-1,-1), (2,5), (1,5), (0,5), (0,4), (0,3), (0,2), (-1,-1), (-1,-1), (-1,-1)]
Turtle 2 :[(-2,-2), (13,8), (12,8), (11,8), (10,8), (9,8), (8,8), (-2,-2), (-2,-2), (-2,-2)]
Turtle 3 :[(-3,-3), (15,4), (14,4), (14,4), (14,3), (15,3), (15,2), (14,2), (13,2), (12,2)]
Turtle 4 :[(-4,-4), (11,3), (12,3), (12,3), (13,3), (13,2), (13,1), (-4,-4), (-4,-4), (-4,-4)]
Turtle 5 :[(-5,-5), (1,3), (1,2), (1,1), (0,1), (0,0), (-5,-5), (-5,-5), (-5,-5), (-5,-5)]

Shrinking Run 45
#Info# Executed steps before collision: 8, Found collision: false
Turtle 1 :[(-1,-1), (2,5), (1,5), (0,5), (0,4), (0,3), (0,2), (-1,-1), (-1,-1)]
Turtle 2 :[(-2,-2), (13,8), (12,8), (11,8), (10,8), (9,8), (8,8), (-2,-2), (-2,-2)]
Turtle 3 :[(-3,-3), (15,4), (14,4), (14,3), (13,3), (13,2), (13,2), (13,2), (12,2)]
Turtle 4 :[(-4,-4), (11,3), (10,3), (10,3), (9,3), (8,3), (7,3), (6,3), (-4,-4)]
Turtle 5 :[(-5,-5), (1,3), (1,2), (1,1), (0,1), (0,0), (-5,-5), (-5,-5), (-5,-5)]

Shrinking Run 46
#Info# Executed steps before collision: 8, Found collision: false
Turtle 1 :[(-1,-1), (2,5), (1,5), (0,5), (0,4), (0,3), (0,2), (-1,-1), (-1,-1)]
Turtle 2 :[(-2,-2), (13,8), (12,8), (11,8), (10,8), (9,8), (8,8), (-2,-2), (-2,-2)]
Turtle 3 :[(-3,-3), (15,4), (14,4), (14,3), (13,3), (13,2), (13,2), (13,2), (12,2)]
Turtle 4 :[(-4,-4), (11,3), (10,3), (10,3), (9,3), (8,3), (8,2), (-4,-4), (-4,-4)]
Turtle 5 :[(-5,-5), (1,3), (1,2), (1,1), (0,1), (0,0), (-5,-5), (-5,-5), (-5,-5)]

Shrinking Run 47
#Info# Executed steps before collision: 8, Found collision: false
Turtle 1 :[(-1,-1), (2,5), (1,5), (0,5), (0,4), (0,3), (0,2), (-1,-1), (-1,-1)]
Turtle 2 :[(-2,-2), (13,8), (12,8), (11,8), (10,8), (9,8), (8,8), (-2,-2), (-2,-2)]
Turtle 3 :[(-3,-3), (15,4), (14,4), (14,3), (13,3), (13,2), (13,2), (13,2), (12,2)]
Turtle 4 :[(-4,-4), (11,3), (12,3), (12,3), (12,2), (-4,-4), (-4,-4), (-4,-4), (-4,-4)]
Turtle 5 :[(-5,-5), (1,3), (1,2), (1,1), (0,1), (0,0), (-5,-5), (-5,-5), (-5,-5)]

Shrinking Run 48
#Info# Executed steps before collision: 8, Found collision: false
Turtle 1 :[(-1,-1), (2,5), (1,5), (0,5), (0,4), (0,3), (0,2), (-1,-1), (-1,-1)]
Turtle 2 :[(-2,-2), (13,8), (12,8), (11,8), (10,8), (9,8), (8,8), (-2,-2), (-2,-2)]
Turtle 3 :[(-3,-3), (15,4), (14,4), (14,3), (13,3), (13,2), (13,2), (13,2), (12,2)]
Turtle 4 :[(-4,-4), (11,3), (11,2), (11,2), (11,1), (12,1), (13,1), (13,0), (-4,-4)]
Turtle 5 :[(-5,-5), (1,3), (1,2), (1,1), (0,1), (0,0), (-5,-5), (-5,-5), (-5,-5)]

Shrinking Run 49
#Info# Executed steps before collision: 8, Found collision: false
Turtle 1 :[(-1,-1), (2,5), (1,5), (0,5), (0,4), (0,3), (0,2), (-1,-1), (-1,-1)]
Turtle 2 :[(-2,-2), (13,8), (12,8), (11,8), (10,8), (9,8), (8,8), (-2,-2), (-2,-2)]
Turtle 3 :[(-3,-3), (15,4), (14,4), (14,3), (13,3), (13,2), (13,2), (13,2), (12,2)]
Turtle 4 :[(-4,-4), (11,3), (10,3), (10,3), (10,2), (9,2), (8,2), (8,1), (-4,-4)]
Turtle 5 :[(-5,-5), (1,3), (1,2), (1,1), (0,1), (0,0), (-5,-5), (-5,-5), (-5,-5)]

Shrinking Run 50
#Info# Executed steps before collision: 8, Found collision: false
Turtle 1 :[(-1,-1), (2,5), (1,5), (0,5), (0,4), (0,3), (0,2), (-1,-1), (-1,-1)]
Turtle 2 :[(-2,-2), (13,8), (12,8), (11,8), (10,8), (9,8), (8,8), (-2,-2), (-2,-2)]
Turtle 3 :[(-3,-3), (15,4), (14,4), (14,3), (13,3), (13,2), (13,2), (13,2), (12,2)]
Turtle 4 :[(-4,-4), (11,3), (11,2), (11,2), (12,2), (12,1), (-4,-4), (-4,-4), (-4,-4)]
Turtle 5 :[(-5,-5), (1,3), (1,2), (1,1), (0,1), (0,0), (-5,-5), (-5,-5), (-5,-5)]

Shrinking Run 51
#Info# Executed steps before collision: 6, Found collision: false
Turtle 1 :[(-1,-1), (2,5), (1,5), (0,5), (0,4), (0,3), (0,2)]
Turtle 2 :[(-2,-2), (13,8), (12,8), (11,8), (10,8), (9,8), (8,8)]
Turtle 3 :[(-3,-3), (15,4), (14,4), (14,3), (13,3), (13,2), (12,2)]
Turtle 4 :[(-4,-4), (11,3), (12,3), (12,2), (13,2), (13,1), (-4,-4)]
Turtle 5 :[(-5,-5), (1,3), (1,2), (1,1), (0,1), (0,0), (-5,-5)]

Shrinking Run 52
#Info# Executed steps before collision: 9, Found collision: false
Turtle 1 :[(-1,-1), (2,5), (1,5), (0,5), (0,4), (0,3), (0,2), (-1,-1), (-1,-1), (-1,-1)]
Turtle 2 :[(-2,-2), (13,8), (12,8), (11,8), (10,8), (9,8), (8,8), (-2,-2), (-2,-2), (-2,-2)]
Turtle 3 :[(-3,-3), (15,4), (14,4), (14,3), (15,3), (15,3), (14,3), (13,3), (12,3), (12,2)]
Turtle 4 :[(-4,-4), (11,3), (12,3), (13,3), (14,3), (14,2), (14,1), (13,1), (-4,-4), (-4,-4)]
Turtle 5 :[(-5,-5), (1,3), (1,2), (1,1), (0,1), (0,0), (-5,-5), (-5,-5), (-5,-5), (-5,-5)]

Shrinking Run 53
#Info# Executed steps before collision: 5, Found collision: true
Turtle 1 :[(-1,-1), (2,5), (1,5), (0,5), (0,4), (0,3), (0,2), (-1,-1), (-1,-1), (-1,-1)]
Turtle 2 :[(-2,-2), (13,8), (12,8), (11,8), (10,8), (9,8), (8,8), (-2,-2), (-2,-2), (-2,-2)]
Turtle 3 :[(-3,-3), (15,4), (14,4), (14,3), (13,3), (13,2), (13,2), (13,1), (12,1), (12,2)]
Turtle 4 :[(-4,-4), (11,3), (12,3), (12,2), (12,2), (13,2), (13,1), (-4,-4), (-4,-4), (-4,-4)]
Turtle 5 :[(-5,-5), (1,3), (1,2), (1,1), (0,1), (0,0), (-5,-5), (-5,-5), (-5,-5), (-5,-5)]

Shrinking Run 54
#Info# Executed steps before collision: 5, Found collision: true
Turtle 1 :[(-1,-1), (2,5), (1,5), (0,5), (0,4), (0,3), (0,2)]
Turtle 2 :[(-2,-2), (13,8), (12,8), (11,8), (10,8), (9,8), (8,8)]
Turtle 3 :[(-3,-3), (15,4), (14,4), (14,3), (13,3), (13,2), (12,2)]
Turtle 4 :[(-4,-4), (11,3), (12,3), (12,2), (13,2), (13,2), (13,1)]
Turtle 5 :[(-5,-5), (1,3), (1,2), (1,1), (0,1), (0,0), (-5,-5)]

Shrinking Run 55
#Info# Executed steps before collision: 8, Found collision: false
Turtle 1 :[(-1,-1), (2,5), (1,5), (0,5), (0,4), (0,3), (0,2), (-1,-1), (-1,-1)]
Turtle 2 :[(-2,-2), (13,8), (12,8), (11,8), (10,8), (9,8), (8,8), (-2,-2), (-2,-2)]
Turtle 3 :[(-3,-3), (15,4), (14,4), (14,3), (13,3), (12,3), (12,2), (-3,-3), (-3,-3)]
Turtle 4 :[(-4,-4), (11,3), (12,3), (12,2), (13,2), (12,2), (13,2), (13,1), (-4,-4)]
Turtle 5 :[(-5,-5), (1,3), (1,2), (1,2), (1,1), (0,1), (0,1), (0,1), (0,0)]

Shrinking Run 56
#Info# Executed steps before collision: 9, Found collision: false
Turtle 1 :[(-1,-1), (2,5), (1,5), (0,5), (0,4), (0,3), (0,2), (-1,-1), (-1,-1), (-1,-1)]
Turtle 2 :[(-2,-2), (13,8), (12,8), (11,8), (10,8), (9,8), (8,8), (-2,-2), (-2,-2), (-2,-2)]
Turtle 3 :[(-3,-3), (15,4), (14,4), (14,3), (13,3), (13,2), (13,2), (13,2), (12,2), (-3,-3)]
Turtle 4 :[(-4,-4), (11,3), (12,3), (12,2), (12,2), (12,2), (11,2), (11,1), (12,1), (13,1)]
Turtle 5 :[(-5,-5), (1,3), (0,3), (0,3), (0,2), (0,1), (0,1), (0,0), (-5,-5), (-5,-5)]

Shrinking Run 57
#Info# Executed steps before collision: 10, Found collision: false
Turtle 1 :[(-1,-1), (2,5), (1,5), (0,5), (0,4), (0,3), (0,2), (-1,-1), (-1,-1), (-1,-1), (-1,-1)]
Turtle 2 :[(-2,-2), (13,8), (12,8), (11,8), (10,8), (9,8), (8,8), (-2,-2), (-2,-2), (-2,-2), (-2,-2)]
Turtle 3 :[(-3,-3), (15,4), (15,3), (15,3), (15,3), (15,2), (15,3), (14,3), (14,2), (13,2), (13,1)]
Turtle 4 :[(-4,-4), (11,3), (12,3), (12,2), (13,2), (13,2), (13,1), (-4,-4), (-4,-4), (-4,-4), (-4,-4)]
Turtle 5 :[(-5,-5), (1,3), (1,2), (1,1), (0,1), (0,0), (-5,-5), (-5,-5), (-5,-5), (-5,-5), (-5,-5)]

Shrinking Run 58
#Info# Executed steps before collision: 8, Found collision: false
Turtle 1 :[(-1,-1), (2,5), (1,5), (0,5), (0,4), (0,3), (0,2), (-1,-1), (-1,-1)]
Turtle 2 :[(-2,-2), (13,8), (12,8), (11,8), (10,8), (9,8), (8,8), (-2,-2), (-2,-2)]
Turtle 3 :[(-3,-3), (15,4), (15,3), (15,3), (15,3), (14,3), (13,3), (12,3), (11,3)]
Turtle 4 :[(-4,-4), (11,3), (12,3), (12,2), (13,2), (13,2), (13,1), (-4,-4), (-4,-4)]
Turtle 5 :[(-5,-5), (1,3), (1,2), (1,1), (0,1), (0,0), (-5,-5), (-5,-5), (-5,-5)]

Shrinking Run 59
#Info# Executed steps before collision: 8, Found collision: false
Turtle 1 :[(-1,-1), (2,5), (1,5), (0,5), (0,4), (0,3), (0,2), (-1,-1), (-1,-1)]
Turtle 2 :[(-2,-2), (13,8), (12,8), (11,8), (10,8), (9,8), (8,8), (-2,-2), (-2,-2)]
Turtle 3 :[(-3,-3), (15,4), (14,4), (14,4), (14,4), (13,4), (12,4), (12,3), (11,3)]
Turtle 4 :[(-4,-4), (11,3), (12,3), (12,2), (13,2), (13,2), (13,1), (-4,-4), (-4,-4)]
Turtle 5 :[(-5,-5), (1,3), (1,2), (1,1), (0,1), (0,0), (-5,-5), (-5,-5), (-5,-5)]

Shrinking Run 60
#Info# Executed steps before collision: 7, Found collision: false
Turtle 1 :[(-1,-1), (2,5), (1,5), (0,5), (0,4), (0,3), (0,2), (-1,-1)]
Turtle 2 :[(-2,-2), (13,8), (12,8), (11,8), (10,8), (9,8), (8,8), (-2,-2)]
Turtle 3 :[(-3,-3), (15,4), (14,4), (14,3), (14,2), (14,2), (13,2), (12,2)]
Turtle 4 :[(-4,-4), (11,3), (12,3), (12,2), (13,2), (13,2), (13,1), (-4,-4)]
Turtle 5 :[(-5,-5), (1,3), (1,2), (1,1), (0,1), (0,0), (-5,-5), (-5,-5)]

Shrink Run 61
#Info# Executed steps before collision: 7, Found collision: false
Turtle 1 :[(-1,-1), (2,5), (1,5), (0,5), (0,4), (0,3), (0,2), (-1,-1)]
Turtle 2 :[(-2,-2), (13,8), (12,8), (11,8), (10,8), (9,8), (8,8), (-2,-2)]
Turtle 3 :[(-3,-3), (15,4), (14,4), (14,4), (14,3), (13,3), (13,2), (12,2)]
Turtle 4 :[(-4,-4), (11,3), (12,3), (12,2), (13,2), (13,2), (13,1), (-4,-4)]
Turtle 5 :[(-5,-5), (1,3), (1,2), (1,1), (0,1), (0,0), (-5,-5), (-5,-5)]

