Detection Run 1
#Info# Executed steps before collision: 6, Found collision: false
Turtle 1 :[(-1,-1), (8,7), (8,8), (8,9), (7,9), (7,10), (6,10)]
Turtle 2 :[(-2,-2), (9,3), (8,3), (8,4), (7,4), (7,5), (7,6)]
Turtle 3 :[(-3,-3), (7,18), (7,19), (8,19), (8,19), (9,19), (-3,-3)]
Turtle 4 :[(-4,-4), (19,0), (19,0), (19,1), (19,1), (19,2), (-4,-4)]
Turtle 5 :[(-5,-5), (14,16), (15,16), (15,17), (15,18), (15,19), (15,19)]

Detection Run 2
#Info# Executed steps before collision: 6, Found collision: false
Turtle 1 :[(-1,-1), (18,14), (19,14), (19,13), (19,12), (19,11), (19,11)]
Turtle 2 :[(-2,-2), (7,17), (6,17), (6,18), (5,18), (5,19), (5,19)]
Turtle 3 :[(-3,-3), (19,9), (18,9), (17,9), (17,8), (16,8), (15,8)]
Turtle 4 :[(-4,-4), (7,1), (7,2), (7,3), (7,4), (6,4), (6,5)]
Turtle 5 :[(-5,-5), (11,4), (11,3), (10,3), (10,2), (10,1), (-5,-5)]

Detection Run 3
#Info# Executed steps before collision: 6, Found collision: false
Turtle 1 :[(-1,-1), (17,18), (18,18), (18,17), (18,16), (19,16), (19,16)]
Turtle 2 :[(-2,-2), (19,18), (19,17), (19,16), (19,15), (19,14), (18,14)]
Turtle 3 :[(-3,-3), (19,3), (19,4), (-3,-3), (-3,-3), (-3,-3), (-3,-3)]
Turtle 4 :[(-4,-4), (13,17), (13,18), (14,18), (14,19), (15,19), (16,19)]
Turtle 5 :[(-5,-5), (3,3), (3,4), (4,4), (5,4), (5,5), (-5,-5)]

Detection Run 4
#Info# Executed steps before collision: 6, Found collision: false
Turtle 1 :[(-1,-1), (17,16), (16,16), (16,17), (16,18), (15,18), (14,18)]
Turtle 2 :[(-2,-2), (3,5), (3,4), (3,3), (4,3), (5,3), (5,2)]
Turtle 3 :[(-3,-3), (0,4), (1,4), (1,3), (2,3), (2,2), (3,2)]
Turtle 4 :[(-4,-4), (19,3), (19,2), (19,1), (19,0), (19,0), (-4,-4)]
Turtle 5 :[(-5,-5), (14,14), (13,14), (12,14), (11,14), (10,14), (9,14)]

Detection Run 5
#Info# Executed steps before collision: 6, Found collision: false
Turtle 1 :[(-1,-1), (6,16), (5,16), (4,16), (3,16), (3,15), (3,14)]
Turtle 2 :[(-2,-2), (6,2), (7,2), (8,2), (9,2), (10,2), (-2,-2)]
Turtle 3 :[(-3,-3), (12,5), (12,4), (12,3), (13,3), (14,3), (14,2)]
Turtle 4 :[(-4,-4), (2,15), (1,15), (1,16), (0,16), (0,17), (-4,-4)]
Turtle 5 :[(-5,-5), (19,13), (18,13), (18,14), (19,14), (19,14), (-5,-5)]

Detection Run 6
#Info# Executed steps before collision: 6, Found collision: false
Turtle 1 :[(-1,-1), (1,1), (2,1), (3,1), (4,1), (5,1), (5,2)]
Turtle 2 :[(-2,-2), (6,17), (6,18), (5,18), (4,18), (-2,-2), (-2,-2)]
Turtle 3 :[(-3,-3), (15,1), (14,1), (13,1), (13,0), (-3,-3), (-3,-3)]
Turtle 4 :[(-4,-4), (3,16), (3,17), (3,18), (3,19), (3,19), (-4,-4)]
Turtle 5 :[(-5,-5), (4,1), (5,1), (6,1), (7,1), (7,0), (8,0)]

Detection Run 7
#Info# Executed steps before collision: 6, Found collision: false
Turtle 1 :[(-1,-1), (10,2), (9,2), (8,2), (8,1), (8,0), (7,0)]
Turtle 2 :[(-2,-2), (3,7), (3,6), (2,6), (2,5), (1,5), (0,5)]
Turtle 3 :[(-3,-3), (19,18), (19,19), (18,19), (-3,-3), (-3,-3), (-3,-3)]
Turtle 4 :[(-4,-4), (14,7), (15,7), (16,7), (16,6), (16,5), (17,5)]
Turtle 5 :[(-5,-5), (11,0), (11,0), (12,0), (12,1), (12,2), (12,3)]

Detection Run 8
#Info# Executed steps before collision: 8, Found collision: false
Turtle 1 :[(-1,-1), (6,10), (6,9), (5,9), (6,9), (5,9), (4,9), (3,9), (3,8)]
Turtle 2 :[(-2,-2), (19,15), (19,16), (19,17), (19,18), (18,18), (18,19), (-2,-2), (-2,-2)]
Turtle 3 :[(-3,-3), (5,14), (5,13), (4,13), (3,13), (-3,-3), (-3,-3), (-3,-3), (-3,-3)]
Turtle 4 :[(-4,-4), (4,7), (3,7), (2,7), (2,8), (2,9), (1,9), (-4,-4), (-4,-4)]
Turtle 5 :[(-5,-5), (3,8), (4,8), (5,8), (6,8), (7,8), (7,9), (-5,-5), (-5,-5)]

Detection Run 9
#Info# Executed steps before collision: 6, Found collision: false
Turtle 1 :[(-1,-1), (11,15), (11,16), (11,17), (10,17), (10,18), (9,18)]
Turtle 2 :[(-2,-2), (19,9), (18,9), (18,8), (17,8), (16,8), (16,7)]
Turtle 3 :[(-3,-3), (11,19), (10,19), (9,19), (9,19), (8,19), (-3,-3)]
Turtle 4 :[(-4,-4), (16,7), (16,8), (16,9), (16,10), (16,11), (16,12)]
Turtle 5 :[(-5,-5), (12,13), (11,13), (11,14), (10,14), (10,15), (10,16)]

Detection Run 10
#Info# Executed steps before collision: 6, Found collision: false
Turtle 1 :[(-1,-1), (1,16), (2,16), (3,16), (4,16), (4,15), (5,15)]
Turtle 2 :[(-2,-2), (5,3), (6,3), (7,3), (7,4), (8,4), (9,4)]
Turtle 3 :[(-3,-3), (8,14), (8,15), (8,16), (8,17), (8,18), (-3,-3)]
Turtle 4 :[(-4,-4), (16,3), (15,3), (15,4), (15,5), (14,5), (14,6)]
Turtle 5 :[(-5,-5), (7,7), (8,7), (9,7), (10,7), (11,7), (11,6)]

Detection Run 11
#Info# Executed steps before collision: 7, Found collision: false
Turtle 1 :[(-1,-1), (1,0), (0,0), (0,1), (0,2), (0,3), (0,4), (-1,-1)]
Turtle 2 :[(-2,-2), (17,4), (16,4), (16,5), (16,6), (16,6), (16,7), (15,7)]
Turtle 3 :[(-3,-3), (2,18), (1,18), (0,18), (0,18), (0,18), (0,17), (-3,-3)]
Turtle 4 :[(-4,-4), (11,13), (12,13), (13,13), (14,13), (14,14), (-4,-4), (-4,-4)]
Turtle 5 :[(-5,-5), (12,7), (13,7), (14,7), (15,7), (15,8), (16,8), (-5,-5)]

Fault Detection Run 12
#Info# Executed steps before collision: 2, Found collision: true
Turtle 1 :[(-1,-1), (9,14), (9,13), (-1,-1), (-1,-1), (-1,-1), (-1,-1), (-1,-1)]
Turtle 2 :[(-2,-2), (3,3), (4,3), (4,2), (5,2), (5,1), (5,0), (-2,-2)]
Turtle 3 :[(-3,-3), (2,7), (1,7), (1,8), (1,9), (1,10), (1,11), (-3,-3)]
Turtle 4 :[(-4,-4), (5,3), (4,3), (3,3), (-4,-4), (-4,-4), (-4,-4), (-4,-4)]
Turtle 5 :[(-5,-5), (1,17), (1,16), (1,15), (1,15), (1,14), (0,14), (0,13)]

