Detection Run 1
#Info# Executed steps before collision: 6, Found collision: false
Turtle 1 :[(-1,-1), (12,7), (12,8), (13,8), (14,8), (14,9), (15,9)]
Turtle 2 :[(-2,-2), (44,36), (44,37), (45,37), (45,38), (45,39), (45,40)]
Turtle 3 :[(-3,-3), (16,25), (16,24), (16,23), (17,23), (18,23), (19,23)]
Turtle 4 :[(-4,-4), (41,21), (40,21), (39,21), (38,21), (38,22), (-4,-4)]
Turtle 5 :[(-5,-5), (15,26), (16,26), (17,26), (17,25), (17,24), (18,24)]

Detection Run 2
#Info# Executed steps before collision: 7, Found collision: false
Turtle 1 :[(-1,-1), (37,10), (36,10), (36,11), (36,12), (36,13), (-1,-1), (-1,-1)]
Turtle 2 :[(-2,-2), (30,49), (29,49), (28,49), (27,49), (26,49), (-2,-2), (-2,-2)]
Turtle 3 :[(-3,-3), (45,1), (45,2), (45,3), (-3,-3), (-3,-3), (-3,-3), (-3,-3)]
Turtle 4 :[(-4,-4), (27,46), (27,47), (27,48), (27,47), (27,48), (28,48), (28,49)]
Turtle 5 :[(-5,-5), (23,38), (23,37), (22,37), (23,37), (24,37), (-5,-5), (-5,-5)]

Detection Run 3
#Info# Executed steps before collision: 11, Found collision: false
Turtle 1 :[(-1,-1), (25,11), (25,10), (26,10), (26,9), (26,9), (26,8), (26,7), (-1,-1), (-1,-1), (-1,-1), (-1,-1)]
Turtle 2 :[(-2,-2), (25,48), (26,48), (27,48), (27,47), (26,47), (26,46), (26,47), (26,48), (26,47), (26,46), (27,46)]
Turtle 3 :[(-3,-3), (26,38), (26,38), (26,39), (26,39), (26,40), (-3,-3), (-3,-3), (-3,-3), (-3,-3), (-3,-3), (-3,-3)]
Turtle 4 :[(-4,-4), (9,33), (10,33), (11,33), (-4,-4), (-4,-4), (-4,-4), (-4,-4), (-4,-4), (-4,-4), (-4,-4), (-4,-4)]
Turtle 5 :[(-5,-5), (26,44), (26,45), (26,46), (27,46), (27,45), (27,46), (27,47), (27,48), (-5,-5), (-5,-5), (-5,-5)]

Detection Run 4
#Info# Executed steps before collision: 8, Found collision: false
Turtle 1 :[(-1,-1), (31,24), (31,23), (31,22), (32,22), (33,22), (33,21), (-1,-1), (-1,-1)]
Turtle 2 :[(-2,-2), (34,41), (35,41), (36,41), (37,41), (38,41), (38,41), (39,41), (-2,-2)]
Turtle 3 :[(-3,-3), (45,28), (45,29), (45,30), (44,30), (43,30), (43,30), (43,31), (-3,-3)]
Turtle 4 :[(-4,-4), (16,34), (15,34), (15,33), (15,32), (15,31), (14,31), (-4,-4), (-4,-4)]
Turtle 5 :[(-5,-5), (35,25), (35,24), (34,24), (34,23), (34,22), (34,23), (33,23), (33,22)]

Detection Run 5
#Info# Executed steps before collision: 7, Found collision: false
Turtle 1 :[(-1,-1), (23,37), (22,37), (21,37), (20,37), (19,37), (19,38), (-1,-1)]
Turtle 2 :[(-2,-2), (47,10), (47,11), (47,12), (47,12), (47,13), (47,14), (46,14)]
Turtle 3 :[(-3,-3), (48,35), (47,35), (46,35), (45,35), (44,35), (44,34), (-3,-3)]
Turtle 4 :[(-4,-4), (19,30), (18,30), (18,29), (17,29), (-4,-4), (-4,-4), (-4,-4)]
Turtle 5 :[(-5,-5), (49,10), (49,9), (49,8), (49,8), (49,8), (49,7), (49,7)]

Detection Run 6
#Info# Executed steps before collision: 9, Found collision: false
Turtle 1 :[(-1,-1), (13,41), (12,41), (12,40), (12,39), (11,39), (11,38), (-1,-1), (-1,-1), (-1,-1)]
Turtle 2 :[(-2,-2), (48,40), (48,40), (48,39), (48,39), (48,39), (47,39), (47,38), (47,37), (47,36)]
Turtle 3 :[(-3,-3), (3,39), (3,39), (3,39), (3,38), (4,38), (5,38), (5,37), (6,37), (-3,-3)]
Turtle 4 :[(-4,-4), (1,34), (2,34), (2,35), (3,35), (3,36), (3,37), (-4,-4), (-4,-4), (-4,-4)]
Turtle 5 :[(-5,-5), (16,26), (15,26), (14,26), (14,27), (-5,-5), (-5,-5), (-5,-5), (-5,-5), (-5,-5)]

Fault Detection Run 7
#Info# Executed steps before collision: 2, Found collision: true
Turtle 1 :[(-1,-1), (32,13), (32,14), (33,14), (34,14), (35,14), (36,14), (-1,-1)]
Turtle 2 :[(-2,-2), (25,28), (25,29), (26,29), (26,30), (27,30), (-2,-2), (-2,-2)]
Turtle 3 :[(-3,-3), (1,8), (1,9), (1,10), (1,10), (0,10), (0,11), (-3,-3)]
Turtle 4 :[(-4,-4), (49,46), (49,46), (49,46), (49,46), (49,47), (49,46), (49,46)]
Turtle 5 :[(-5,-5), (25,30), (25,29), (25,29), (26,29), (26,29), (27,29), (-5,-5)]

