Detection Run 1
#Info# Executed steps before collision: 6, Found collision: false
Turtle 1 :[(-1,-1), (3,37), (3,38), (2,38), (2,39), (2,40), (2,41)]
Turtle 2 :[(-2,-2), (9,49), (9,49), (8,49), (8,48), (7,48), (-2,-2)]
Turtle 3 :[(-3,-3), (48,34), (48,33), (49,33), (49,32), (49,31), (-3,-3)]
Turtle 4 :[(-4,-4), (12,21), (13,21), (14,21), (15,21), (16,21), (-4,-4)]
Turtle 5 :[(-5,-5), (12,15), (12,14), (12,13), (13,13), (14,13), (14,12)]

Detection Run 2
#Info# Executed steps before collision: 6, Found collision: false
Turtle 1 :[(-1,-1), (20,11), (19,11), (20,11), (20,12), (21,12), (22,12)]
Turtle 2 :[(-2,-2), (46,45), (46,46), (46,47), (47,47), (47,48), (-2,-2)]
Turtle 3 :[(-3,-3), (18,29), (18,30), (18,29), (18,28), (18,27), (17,27)]
Turtle 4 :[(-4,-4), (21,34), (21,35), (21,36), (22,36), (22,37), (22,38)]
Turtle 5 :[(-5,-5), (44,15), (43,15), (42,15), (41,15), (40,15), (39,15)]

Detection Run 3
#Info# Executed steps before collision: 6, Found collision: false
Turtle 1 :[(-1,-1), (26,21), (25,21), (25,20), (25,21), (25,20), (24,20)]
Turtle 2 :[(-2,-2), (42,12), (43,12), (43,13), (43,14), (43,15), (44,15)]
Turtle 3 :[(-3,-3), (3,4), (3,3), (2,3), (2,2), (1,2), (-3,-3)]
Turtle 4 :[(-4,-4), (23,19), (23,18), (24,18), (24,17), (25,17), (25,16)]
Turtle 5 :[(-5,-5), (2,38), (2,37), (2,36), (2,35), (3,35), (3,34)]

Detection Run 4
#Info# Executed steps before collision: 6, Found collision: false
Turtle 1 :[(-1,-1), (39,13), (40,13), (40,14), (40,15), (41,15), (41,16)]
Turtle 2 :[(-2,-2), (4,1), (5,1), (6,1), (7,1), (7,0), (8,0)]
Turtle 3 :[(-3,-3), (14,12), (13,12), (13,11), (-3,-3), (-3,-3), (-3,-3)]
Turtle 4 :[(-4,-4), (15,12), (15,13), (15,14), (16,14), (16,15), (17,15)]
Turtle 5 :[(-5,-5), (38,27), (38,26), (38,25), (38,24), (37,24), (36,24)]

Detection Run 5
#Info# Executed steps before collision: 6, Found collision: false
Turtle 1 :[(-1,-1), (37,39), (37,40), (38,40), (38,41), (38,42), (38,43)]
Turtle 2 :[(-2,-2), (15,19), (14,19), (14,18), (13,18), (12,18), (12,17)]
Turtle 3 :[(-3,-3), (12,12), (13,12), (14,12), (14,11), (15,11), (15,10)]
Turtle 4 :[(-4,-4), (16,38), (15,38), (14,38), (14,39), (13,39), (13,40)]
Turtle 5 :[(-5,-5), (47,11), (46,11), (45,11), (45,12), (44,12), (43,12)]

Detection Run 6
#Info# Executed steps before collision: 6, Found collision: false
Turtle 1 :[(-1,-1), (29,37), (29,36), (28,36), (28,35), (28,34), (28,33)]
Turtle 2 :[(-2,-2), (30,34), (31,34), (31,33), (31,32), (32,32), (-2,-2)]
Turtle 3 :[(-3,-3), (47,18), (47,17), (48,17), (48,16), (-3,-3), (-3,-3)]
Turtle 4 :[(-4,-4), (36,16), (36,15), (37,15), (37,14), (38,14), (38,13)]
Turtle 5 :[(-5,-5), (7,3), (6,3), (6,2), (-5,-5), (-5,-5), (-5,-5)]

Detection Run 7
#Info# Executed steps before collision: 7, Found collision: false
Turtle 1 :[(-1,-1), (2,24), (2,25), (3,25), (3,26), (3,27), (3,27), (4,27)]
Turtle 2 :[(-2,-2), (16,15), (16,16), (16,17), (17,17), (17,18), (17,18), (17,19)]
Turtle 3 :[(-3,-3), (18,18), (18,17), (19,17), (19,16), (20,16), (21,16), (-3,-3)]
Turtle 4 :[(-4,-4), (25,45), (24,45), (23,45), (-4,-4), (-4,-4), (-4,-4), (-4,-4)]
Turtle 5 :[(-5,-5), (23,37), (24,37), (25,37), (26,37), (26,36), (26,35), (-5,-5)]

Detection Run 8
#Info# Executed steps before collision: 7, Found collision: false
Turtle 1 :[(-1,-1), (3,26), (3,25), (3,24), (4,24), (4,23), (4,22), (-1,-1)]
Turtle 2 :[(-2,-2), (14,18), (14,19), (13,19), (13,20), (13,21), (13,22), (-2,-2)]
Turtle 3 :[(-3,-3), (19,20), (19,19), (19,19), (19,18), (19,17), (19,16), (19,15)]
Turtle 4 :[(-4,-4), (27,3), (28,3), (29,3), (-4,-4), (-4,-4), (-4,-4), (-4,-4)]
Turtle 5 :[(-5,-5), (49,12), (49,11), (49,12), (49,11), (49,11), (-5,-5), (-5,-5)]

Detection Run 9
#Info# Executed steps before collision: 7, Found collision: false
Turtle 1 :[(-1,-1), (14,0), (13,0), (12,0), (11,0), (10,0), (-1,-1), (-1,-1)]
Turtle 2 :[(-2,-2), (42,45), (41,45), (41,45), (40,45), (39,45), (39,44), (38,44)]
Turtle 3 :[(-3,-3), (28,20), (28,19), (28,18), (28,17), (28,16), (28,15), (-3,-3)]
Turtle 4 :[(-4,-4), (9,7), (10,7), (10,6), (10,6), (11,6), (11,5), (12,5)]
Turtle 5 :[(-5,-5), (3,5), (3,4), (3,3), (2,3), (2,2), (1,2), (-5,-5)]

Detection Run 10
#Info# Executed steps before collision: 7, Found collision: false
Turtle 1 :[(-1,-1), (21,32), (21,33), (20,33), (19,33), (19,34), (-1,-1), (-1,-1)]
Turtle 2 :[(-2,-2), (49,39), (49,38), (48,38), (47,38), (47,37), (-2,-2), (-2,-2)]
Turtle 3 :[(-3,-3), (8,38), (8,37), (9,37), (10,37), (11,37), (12,37), (-3,-3)]
Turtle 4 :[(-4,-4), (25,46), (25,46), (24,46), (23,46), (22,46), (21,46), (20,46)]
Turtle 5 :[(-5,-5), (20,41), (19,41), (18,41), (18,42), (18,43), (18,44), (-5,-5)]

Detection Run 11
#Info# Executed steps before collision: 6, Found collision: false
Turtle 1 :[(-1,-1), (35,20), (35,21), (35,22), (35,23), (35,24), (35,25)]
Turtle 2 :[(-2,-2), (16,33), (16,34), (16,35), (16,36), (15,36), (14,36)]
Turtle 3 :[(-3,-3), (33,20), (33,19), (32,19), (31,19), (31,18), (30,18)]
Turtle 4 :[(-4,-4), (9,48), (9,49), (10,49), (11,49), (12,49), (-4,-4)]
Turtle 5 :[(-5,-5), (14,2), (14,3), (14,4), (14,5), (14,6), (14,7)]

Detection Run 12
#Info# Executed steps before collision: 7, Found collision: false
Turtle 1 :[(-1,-1), (3,7), (4,7), (4,8), (4,9), (4,10), (4,11), (-1,-1)]
Turtle 2 :[(-2,-2), (10,5), (10,6), (9,6), (8,6), (8,7), (7,7), (-2,-2)]
Turtle 3 :[(-3,-3), (2,7), (1,7), (1,6), (1,5), (0,5), (0,4), (-3,-3)]
Turtle 4 :[(-4,-4), (12,10), (12,11), (13,11), (13,12), (13,13), (13,14), (-4,-4)]
Turtle 5 :[(-5,-5), (15,7), (15,8), (15,8), (15,9), (16,9), (17,9), (18,9)]

Detection Run 13
#Info# Executed steps before collision: 6, Found collision: false
Turtle 1 :[(-1,-1), (32,22), (33,22), (34,22), (35,22), (36,22), (-1,-1)]
Turtle 2 :[(-2,-2), (17,11), (18,11), (19,11), (19,10), (19,10), (20,10)]
Turtle 3 :[(-3,-3), (40,22), (40,23), (39,23), (38,23), (38,24), (37,24)]
Turtle 4 :[(-4,-4), (6,33), (6,32), (6,31), (7,31), (7,30), (8,30)]
Turtle 5 :[(-5,-5), (47,2), (47,1), (47,0), (47,1), (47,1), (47,0)]

Detection Run 14
#Info# Executed steps before collision: 8, Found collision: false
Turtle 1 :[(-1,-1), (12,4), (12,5), (11,5), (10,5), (10,5), (10,5), (10,6), (10,7)]
Turtle 2 :[(-2,-2), (31,33), (31,34), (30,34), (30,35), (30,36), (-2,-2), (-2,-2), (-2,-2)]
Turtle 3 :[(-3,-3), (24,28), (25,28), (25,27), (26,27), (26,26), (-3,-3), (-3,-3), (-3,-3)]
Turtle 4 :[(-4,-4), (32,34), (32,33), (32,32), (32,32), (32,31), (33,31), (33,30), (-4,-4)]
Turtle 5 :[(-5,-5), (36,28), (36,27), (37,27), (37,26), (37,25), (37,25), (38,25), (-5,-5)]

Fault Detection Run 15
#Info# Executed steps before collision: 3, Found collision: true
Turtle 1 :[(-1,-1), (36,6), (35,6), (35,5), (34,5), (33,5), (33,4), (-1,-1), (-1,-1), (-1,-1)]
Turtle 2 :[(-2,-2), (13,36), (12,36), (13,36), (13,37), (12,37), (-2,-2), (-2,-2), (-2,-2), (-2,-2)]
Turtle 3 :[(-3,-3), (23,39), (23,38), (23,37), (24,37), (25,37), (25,37), (26,37), (-3,-3), (-3,-3)]
Turtle 4 :[(-4,-4), (29,29), (29,30), (30,30), (31,30), (32,30), (32,30), (33,30), (-4,-4), (-4,-4)]
Turtle 5 :[(-5,-5), (13,37), (13,37), (13,36), (14,36), (13,36), (13,35), (13,34), (13,33), (12,33)]

