Shrinking Run 1
#Info# Executed steps before collision: 8, Found collision: false
Turtle 1 :[(-1,-1), (3,12), (3,11), (2,11), (2,10), (2,9), (1,9), (-1,-1), (-1,-1)]
Turtle 2 :[(-2,-2), (5,6), (5,5), (5,4), (5,3), (5,2), (6,2), (-2,-2), (-2,-2)]
Turtle 3 :[(-3,-3), (4,5), (4,4), (4,5), (5,5), (5,6), (5,7), (6,7), (7,7)]
Turtle 4 :[(-4,-4), (19,0), (19,0), (19,1), (19,1), (-4,-4), (-4,-4), (-4,-4), (-4,-4)]
Turtle 5 :[(-5,-5), (3,3), (4,3), (5,3), (6,3), (7,3), (-5,-5), (-5,-5), (-5,-5)]

Shrinking Run 2
#Info# Executed steps before collision: 10, Found collision: false
Turtle 1 :[(-1,-1), (3,12), (2,12), (2,13), (1,13), (0,13), (-1,-1), (-1,-1), (-1,-1), (-1,-1), (-1,-1)]
Turtle 2 :[(-2,-2), (5,6), (5,5), (5,4), (5,4), (5,3), (4,3), (5,3), (5,2), (6,2), (-2,-2)]
Turtle 3 :[(-3,-3), (4,5), (4,4), (3,4), (3,5), (4,5), (5,5), (6,5), (6,6), (7,6), (7,7)]
Turtle 4 :[(-4,-4), (19,0), (19,0), (19,1), (19,1), (-4,-4), (-4,-4), (-4,-4), (-4,-4), (-4,-4), (-4,-4)]
Turtle 5 :[(-5,-5), (3,3), (4,3), (5,3), (6,3), (7,3), (-5,-5), (-5,-5), (-5,-5), (-5,-5), (-5,-5)]

Shrinking Run 3
#Info# Executed steps before collision: 2, Found collision: true
Turtle 1 :[(-1,-1), (3,12), (3,13), (2,13), (1,13), (1,14), (0,14), (-1,-1), (-1,-1)]
Turtle 2 :[(-2,-2), (5,6), (5,5), (5,4), (4,4), (4,3), (4,2), (5,2), (6,2)]
Turtle 3 :[(-3,-3), (4,5), (5,5), (6,5), (6,6), (7,6), (7,7), (-3,-3), (-3,-3)]
Turtle 4 :[(-4,-4), (19,0), (19,0), (19,1), (19,1), (-4,-4), (-4,-4), (-4,-4), (-4,-4)]
Turtle 5 :[(-5,-5), (3,3), (4,3), (5,3), (6,3), (7,3), (-5,-5), (-5,-5), (-5,-5)]

Shrinking Run 4
#Info# Executed steps before collision: 2, Found collision: true
Turtle 1 :[(-1,-1), (3,12), (3,13), (3,14), (2,14), (1,14), (0,14), (-1,-1)]
Turtle 2 :[(-2,-2), (5,6), (5,5), (5,4), (5,4), (5,3), (6,3), (6,2)]
Turtle 3 :[(-3,-3), (4,5), (5,5), (6,5), (6,6), (7,6), (7,7), (-3,-3)]
Turtle 4 :[(-4,-4), (19,0), (19,0), (19,1), (19,1), (-4,-4), (-4,-4), (-4,-4)]
Turtle 5 :[(-5,-5), (3,3), (4,3), (5,3), (6,3), (7,3), (-5,-5), (-5,-5)]

Shrinking Run 5
#Info# Executed steps before collision: 2, Found collision: true
Turtle 1 :[(-1,-1), (3,12), (2,12), (2,13), (1,13), (0,13), (0,14), (-1,-1), (-1,-1)]
Turtle 2 :[(-2,-2), (5,6), (5,5), (5,4), (5,5), (5,4), (5,3), (6,3), (6,2)]
Turtle 3 :[(-3,-3), (4,5), (5,5), (6,5), (6,6), (7,6), (7,7), (-3,-3), (-3,-3)]
Turtle 4 :[(-4,-4), (19,0), (19,0), (19,1), (19,1), (-4,-4), (-4,-4), (-4,-4), (-4,-4)]
Turtle 5 :[(-5,-5), (3,3), (4,3), (5,3), (6,3), (7,3), (-5,-5), (-5,-5), (-5,-5)]

Shrinking Run 6
#Info# Executed steps before collision: 2, Found collision: true
Turtle 1 :[(-1,-1), (3,12), (2,12), (1,12), (0,12), (0,13), (0,14), (-1,-1), (-1,-1)]
Turtle 2 :[(-2,-2), (5,6), (5,5), (5,4), (5,5), (5,4), (6,4), (6,3), (6,2)]
Turtle 3 :[(-3,-3), (4,5), (5,5), (6,5), (7,5), (7,6), (7,7), (-3,-3), (-3,-3)]
Turtle 4 :[(-4,-4), (19,0), (19,0), (19,1), (19,1), (-4,-4), (-4,-4), (-4,-4), (-4,-4)]
Turtle 5 :[(-5,-5), (3,3), (4,3), (5,3), (6,3), (7,3), (-5,-5), (-5,-5), (-5,-5)]

Shrinking Run 7
#Info# Executed steps before collision: 6, Found collision: false
Turtle 1 :[(-1,-1), (3,12), (2,12), (1,12), (0,12), (0,13), (0,14)]
Turtle 2 :[(-2,-2), (5,6), (4,6), (4,5), (4,4), (3,4), (3,3)]
Turtle 3 :[(-3,-3), (4,5), (5,5), (6,5), (6,6), (7,6), (7,7)]
Turtle 4 :[(-4,-4), (19,0), (19,0), (19,1), (19,1), (-4,-4), (-4,-4)]
Turtle 5 :[(-5,-5), (3,3), (4,3), (5,3), (6,3), (7,3), (-5,-5)]

Shrinking Run 8
#Info# Executed steps before collision: 2, Found collision: true
Turtle 1 :[(-1,-1), (3,12), (2,12), (1,12), (0,12), (0,13), (0,14), (-1,-1)]
Turtle 2 :[(-2,-2), (5,6), (5,5), (5,4), (5,4), (5,3), (4,3), (4,2)]
Turtle 3 :[(-3,-3), (4,5), (5,5), (6,5), (6,6), (7,6), (7,7), (-3,-3)]
Turtle 4 :[(-4,-4), (19,0), (19,0), (19,1), (19,1), (-4,-4), (-4,-4), (-4,-4)]
Turtle 5 :[(-5,-5), (3,3), (4,3), (5,3), (6,3), (7,3), (-5,-5), (-5,-5)]

Shrinking Run 9
#Info# Executed steps before collision: 2, Found collision: true
Turtle 1 :[(-1,-1), (3,12), (2,12), (1,12), (0,12), (0,13), (0,14)]
Turtle 2 :[(-2,-2), (5,6), (5,5), (5,4), (5,3), (4,3), (3,3)]
Turtle 3 :[(-3,-3), (4,5), (5,5), (6,5), (6,6), (7,6), (7,7)]
Turtle 4 :[(-4,-4), (19,0), (19,0), (19,1), (19,1), (-4,-4), (-4,-4)]
Turtle 5 :[(-5,-5), (3,3), (4,3), (5,3), (6,3), (7,3), (-5,-5)]

Shrinking Run 10
#Info# Executed steps before collision: 2, Found collision: true
Turtle 1 :[(-1,-1), (3,12), (2,12), (1,12), (0,12), (0,13), (0,14)]
Turtle 2 :[(-2,-2), (5,6), (5,5), (4,5), (4,4), (3,4), (3,3)]
Turtle 3 :[(-3,-3), (4,5), (5,5), (6,5), (6,6), (7,6), (7,7)]
Turtle 4 :[(-4,-4), (19,0), (19,0), (19,1), (19,1), (-4,-4), (-4,-4)]
Turtle 5 :[(-5,-5), (3,3), (4,3), (5,3), (6,3), (7,3), (-5,-5)]

Shrinking Run 11
#Info# Executed steps before collision: 2, Found collision: true
Turtle 1 :[(-1,-1), (3,12), (2,12), (1,12), (0,12), (0,13), (0,14)]
Turtle 2 :[(-2,-2), (5,6), (5,5), (4,5), (3,5), (2,5), (2,4)]
Turtle 3 :[(-3,-3), (4,5), (5,5), (6,5), (6,6), (7,6), (7,7)]
Turtle 4 :[(-4,-4), (19,0), (19,0), (19,1), (19,1), (-4,-4), (-4,-4)]
Turtle 5 :[(-5,-5), (3,3), (4,3), (5,3), (6,3), (7,3), (-5,-5)]

Shrinking Run 12
#Info# Executed steps before collision: 2, Found collision: true
Turtle 1 :[(-1,-1), (3,12), (2,12), (1,12), (0,12), (0,13), (0,14)]
Turtle 2 :[(-2,-2), (5,6), (5,5), (4,5), (3,5), (2,5), (1,5)]
Turtle 3 :[(-3,-3), (4,5), (5,5), (6,5), (6,6), (7,6), (7,7)]
Turtle 4 :[(-4,-4), (19,0), (19,0), (19,1), (19,1), (-4,-4), (-4,-4)]
Turtle 5 :[(-5,-5), (3,3), (4,3), (5,3), (6,3), (7,3), (-5,-5)]

Shrinking Run 13
#Info# Executed steps before collision: 6, Found collision: false
Turtle 1 :[(-1,-1), (3,12), (2,12), (1,12), (0,12), (0,13), (0,14)]
Turtle 2 :[(-2,-2), (5,6), (5,5), (4,5), (3,5), (2,5), (1,5)]
Turtle 3 :[(-3,-3), (4,5), (3,5), (2,5), (2,6), (1,6), (0,6)]
Turtle 4 :[(-4,-4), (19,0), (19,0), (19,1), (19,1), (-4,-4), (-4,-4)]
Turtle 5 :[(-5,-5), (3,3), (4,3), (5,3), (6,3), (7,3), (-5,-5)]

Shrinking Run 14
#Info# Executed steps before collision: 6, Found collision: false
Turtle 1 :[(-1,-1), (3,12), (2,12), (1,12), (0,12), (0,13), (0,14)]
Turtle 2 :[(-2,-2), (5,6), (5,5), (4,5), (3,5), (2,5), (1,5)]
Turtle 3 :[(-3,-3), (4,5), (3,5), (2,5), (2,6), (1,6), (1,7)]
Turtle 4 :[(-4,-4), (19,0), (19,0), (19,1), (19,1), (-4,-4), (-4,-4)]
Turtle 5 :[(-5,-5), (3,3), (4,3), (5,3), (6,3), (7,3), (-5,-5)]

Shrinking Run 15
#Info# Executed steps before collision: 8, Found collision: false
Turtle 1 :[(-1,-1), (3,12), (2,12), (1,12), (0,12), (0,13), (0,14), (-1,-1), (-1,-1)]
Turtle 2 :[(-2,-2), (5,6), (5,5), (4,5), (3,5), (2,5), (1,5), (-2,-2), (-2,-2)]
Turtle 3 :[(-3,-3), (4,5), (3,5), (3,6), (3,7), (4,7), (5,7), (5,8), (5,9)]
Turtle 4 :[(-4,-4), (19,0), (19,0), (19,1), (19,1), (-4,-4), (-4,-4), (-4,-4), (-4,-4)]
Turtle 5 :[(-5,-5), (3,3), (4,3), (5,3), (6,3), (7,3), (-5,-5), (-5,-5), (-5,-5)]

Shrinking Run 16
#Info# Executed steps before collision: 6, Found collision: false
Turtle 1 :[(-1,-1), (3,12), (2,12), (1,12), (0,12), (0,13), (0,14)]
Turtle 2 :[(-2,-2), (5,6), (5,5), (4,5), (3,5), (2,5), (1,5)]
Turtle 3 :[(-3,-3), (4,5), (4,6), (5,6), (5,7), (6,7), (6,8)]
Turtle 4 :[(-4,-4), (19,0), (19,0), (19,1), (19,1), (-4,-4), (-4,-4)]
Turtle 5 :[(-5,-5), (3,3), (4,3), (5,3), (6,3), (7,3), (-5,-5)]

Shrinking Run 17
#Info# Executed steps before collision: 2, Found collision: true
Turtle 1 :[(-1,-1), (3,12), (2,12), (1,12), (0,12), (0,13), (0,14), (-1,-1)]
Turtle 2 :[(-2,-2), (5,6), (5,5), (4,5), (3,5), (2,5), (1,5), (-2,-2)]
Turtle 3 :[(-3,-3), (4,5), (5,5), (6,5), (6,4), (7,4), (7,4), (7,3)]
Turtle 4 :[(-4,-4), (19,0), (19,0), (19,1), (19,1), (-4,-4), (-4,-4), (-4,-4)]
Turtle 5 :[(-5,-5), (3,3), (4,3), (5,3), (6,3), (7,3), (-5,-5), (-5,-5)]

Shrinking Run 18
#Info# Executed steps before collision: 6, Found collision: false
Turtle 1 :[(-1,-1), (3,12), (2,12), (1,12), (0,12), (0,13), (0,14)]
Turtle 2 :[(-2,-2), (5,6), (5,5), (4,5), (3,5), (2,5), (1,5)]
Turtle 3 :[(-3,-3), (4,5), (3,5), (2,5), (2,4), (1,4), (0,4)]
Turtle 4 :[(-4,-4), (19,0), (19,0), (19,1), (19,1), (-4,-4), (-4,-4)]
Turtle 5 :[(-5,-5), (3,3), (4,3), (5,3), (6,3), (7,3), (-5,-5)]

Shrinking Run 19
#Info# Executed steps before collision: 6, Found collision: false
Turtle 1 :[(-1,-1), (3,12), (2,12), (1,12), (0,12), (0,13), (0,14)]
Turtle 2 :[(-2,-2), (5,6), (5,5), (4,5), (3,5), (2,5), (1,5)]
Turtle 3 :[(-3,-3), (4,5), (3,5), (2,5), (2,4), (1,4), (1,3)]
Turtle 4 :[(-4,-4), (19,0), (19,0), (19,1), (19,1), (-4,-4), (-4,-4)]
Turtle 5 :[(-5,-5), (3,3), (4,3), (5,3), (6,3), (7,3), (-5,-5)]

Shrinking Run 20
#Info# Executed steps before collision: 6, Found collision: false
Turtle 1 :[(-1,-1), (3,12), (2,12), (1,12), (0,12), (0,13), (0,14)]
Turtle 2 :[(-2,-2), (5,6), (5,5), (4,5), (3,5), (2,5), (1,5)]
Turtle 3 :[(-3,-3), (4,5), (4,4), (4,3), (4,2), (5,2), (5,1)]
Turtle 4 :[(-4,-4), (19,0), (19,0), (19,1), (19,1), (-4,-4), (-4,-4)]
Turtle 5 :[(-5,-5), (3,3), (4,3), (5,3), (6,3), (7,3), (-5,-5)]

Shrinking Run 21
#Info# Executed steps before collision: 2, Found collision: true
Turtle 1 :[(-1,-1), (3,12), (2,12), (1,12), (0,12), (0,13), (0,14), (-1,-1)]
Turtle 2 :[(-2,-2), (5,6), (5,5), (4,5), (3,5), (2,5), (1,5), (-2,-2)]
Turtle 3 :[(-3,-3), (4,5), (5,5), (6,5), (6,4), (6,4), (6,3), (6,2)]
Turtle 4 :[(-4,-4), (19,0), (19,0), (19,1), (19,1), (-4,-4), (-4,-4), (-4,-4)]
Turtle 5 :[(-5,-5), (3,3), (4,3), (5,3), (6,3), (7,3), (-5,-5), (-5,-5)]

Shrinking Run 22
#Info# Executed steps before collision: 8, Found collision: false
Turtle 1 :[(-1,-1), (3,12), (2,12), (1,12), (0,12), (0,13), (0,14), (-1,-1), (-1,-1)]
Turtle 2 :[(-2,-2), (5,6), (5,5), (4,5), (3,5), (2,5), (1,5), (-2,-2), (-2,-2)]
Turtle 3 :[(-3,-3), (4,5), (4,4), (5,4), (6,4), (7,4), (6,4), (6,3), (6,2)]
Turtle 4 :[(-4,-4), (19,0), (19,0), (19,1), (19,1), (-4,-4), (-4,-4), (-4,-4), (-4,-4)]
Turtle 5 :[(-5,-5), (3,3), (4,3), (5,3), (6,3), (7,3), (-5,-5), (-5,-5), (-5,-5)]

Shrinking Run 23
#Info# Executed steps before collision: 6, Found collision: false
Turtle 1 :[(-1,-1), (3,12), (2,12), (1,12), (0,12), (0,13), (0,14)]
Turtle 2 :[(-2,-2), (5,6), (5,5), (4,5), (3,5), (2,5), (1,5)]
Turtle 3 :[(-3,-3), (4,5), (4,4), (5,4), (6,4), (6,3), (6,2)]
Turtle 4 :[(-4,-4), (19,0), (19,0), (19,1), (19,1), (-4,-4), (-4,-4)]
Turtle 5 :[(-5,-5), (3,3), (4,3), (5,3), (6,3), (7,3), (-5,-5)]

Shrinking Run 24
#Info# Executed steps before collision: 2, Found collision: true
Turtle 1 :[(-1,-1), (3,12), (2,12), (1,12), (0,12), (0,13), (0,14), (-1,-1), (-1,-1)]
Turtle 2 :[(-2,-2), (5,6), (5,5), (4,5), (3,5), (2,5), (1,5), (-2,-2), (-2,-2)]
Turtle 3 :[(-3,-3), (4,5), (5,5), (5,4), (4,4), (4,3), (5,3), (6,3), (6,2)]
Turtle 4 :[(-4,-4), (19,0), (19,0), (19,1), (19,1), (-4,-4), (-4,-4), (-4,-4), (-4,-4)]
Turtle 5 :[(-5,-5), (3,3), (4,3), (5,3), (6,3), (7,3), (-5,-5), (-5,-5), (-5,-5)]

Shrinking Run 25
#Info# Executed steps before collision: 2, Found collision: true
Turtle 1 :[(-1,-1), (3,12), (2,12), (1,12), (0,12), (0,13), (0,14), (-1,-1), (-1,-1)]
Turtle 2 :[(-2,-2), (5,6), (5,5), (4,5), (3,5), (2,5), (1,5), (-2,-2), (-2,-2)]
Turtle 3 :[(-3,-3), (4,5), (5,5), (5,4), (5,5), (5,4), (5,3), (6,3), (6,2)]
Turtle 4 :[(-4,-4), (19,0), (18,0), (17,0), (16,0), (15,0), (14,0), (-4,-4), (-4,-4)]
Turtle 5 :[(-5,-5), (3,3), (4,3), (5,3), (6,3), (7,3), (-5,-5), (-5,-5), (-5,-5)]

Shrinking Run 26
#Info# Executed steps before collision: 2, Found collision: true
Turtle 1 :[(-1,-1), (3,12), (2,12), (1,12), (0,12), (0,13), (0,14)]
Turtle 2 :[(-2,-2), (5,6), (5,5), (4,5), (3,5), (2,5), (1,5)]
Turtle 3 :[(-3,-3), (4,5), (5,5), (5,4), (5,3), (6,3), (6,2)]
Turtle 4 :[(-4,-4), (19,0), (18,0), (17,0), (16,0), (15,0), (14,0)]
Turtle 5 :[(-5,-5), (3,3), (2,3), (1,3), (0,3), (-5,-5), (-5,-5)]

Shrinking Run 27
#Info# Executed steps before collision: 10, Found collision: false
Turtle 1 :[(-1,-1), (3,12), (2,12), (1,12), (0,12), (0,13), (0,14), (-1,-1), (-1,-1), (-1,-1), (-1,-1)]
Turtle 2 :[(-2,-2), (5,6), (5,5), (4,5), (4,4), (3,4), (2,4), (2,5), (1,5), (-2,-2), (-2,-2)]
Turtle 3 :[(-3,-3), (4,5), (3,5), (3,5), (3,5), (4,5), (5,5), (5,4), (6,4), (6,3), (6,2)]
Turtle 4 :[(-4,-4), (19,0), (18,0), (17,0), (16,0), (15,0), (14,0), (-4,-4), (-4,-4), (-4,-4), (-4,-4)]
Turtle 5 :[(-5,-5), (3,3), (3,2), (2,2), (1,2), (1,1), (0,1), (-5,-5), (-5,-5), (-5,-5), (-5,-5)]

Shrinking Run 28
#Info# Executed steps before collision: 2, Found collision: true
Turtle 1 :[(-1,-1), (3,12), (2,12), (1,12), (0,12), (0,13), (0,14)]
Turtle 2 :[(-2,-2), (5,6), (5,5), (4,5), (3,5), (2,5), (1,5)]
Turtle 3 :[(-3,-3), (4,5), (5,5), (5,4), (5,3), (6,3), (6,2)]
Turtle 4 :[(-4,-4), (19,0), (18,0), (17,0), (16,0), (15,0), (14,0)]
Turtle 5 :[(-5,-5), (3,3), (2,3), (1,3), (0,3), (0,2), (-5,-5)]

Shrinking Run 29
#Info# Executed steps before collision: 2, Found collision: true
Turtle 1 :[(-1,-1), (3,12), (2,12), (1,12), (0,12), (0,13), (0,14)]
Turtle 2 :[(-2,-2), (5,6), (5,5), (4,5), (3,5), (2,5), (1,5)]
Turtle 3 :[(-3,-3), (4,5), (5,5), (5,4), (6,4), (6,3), (6,2)]
Turtle 4 :[(-4,-4), (19,0), (18,0), (17,0), (16,0), (15,0), (14,0)]
Turtle 5 :[(-5,-5), (3,3), (3,2), (2,2), (1,2), (0,2), (0,1)]

Shrinking Run 30
#Info# Executed steps before collision: 2, Found collision: true
Turtle 1 :[(-1,-1), (3,12), (2,12), (1,12), (0,12), (0,13), (0,14)]
Turtle 2 :[(-2,-2), (5,6), (5,5), (4,5), (3,5), (2,5), (1,5)]
Turtle 3 :[(-3,-3), (4,5), (5,5), (5,4), (5,3), (6,3), (6,2)]
Turtle 4 :[(-4,-4), (19,0), (18,0), (17,0), (16,0), (15,0), (14,0)]
Turtle 5 :[(-5,-5), (3,3), (2,3), (2,2), (1,2), (0,2), (0,1)]

Shrinking Run 31
#Info# Executed steps before collision: 2, Found collision: true
Turtle 1 :[(-1,-1), (3,12), (2,12), (1,12), (0,12), (0,13), (0,14)]
Turtle 2 :[(-2,-2), (5,6), (5,5), (4,5), (3,5), (2,5), (1,5)]
Turtle 3 :[(-3,-3), (4,5), (5,5), (5,4), (5,3), (6,3), (6,2)]
Turtle 4 :[(-4,-4), (19,0), (18,0), (17,0), (16,0), (15,0), (14,0)]
Turtle 5 :[(-5,-5), (3,3), (2,3), (1,3), (1,2), (0,2), (0,1)]

Shrinking Run 32
#Info# Executed steps before collision: 2, Found collision: true
Turtle 1 :[(-1,-1), (3,12), (2,12), (1,12), (0,12), (0,13), (0,14)]
Turtle 2 :[(-2,-2), (5,6), (5,5), (4,5), (3,5), (2,5), (1,5)]
Turtle 3 :[(-3,-3), (4,5), (5,5), (5,4), (5,3), (6,3), (6,2)]
Turtle 4 :[(-4,-4), (19,0), (18,0), (17,0), (16,0), (15,0), (14,0)]
Turtle 5 :[(-5,-5), (3,3), (2,3), (1,3), (0,3), (0,2), (0,1)]

Shrinking Run 33
#Info# Executed steps before collision: 11, Found collision: false
Turtle 1 :[(-1,-1), (3,12), (3,11), (2,11), (2,10), (2,9), (1,9), (-1,-1), (-1,-1), (-1,-1), (-1,-1), (-1,-1)]
Turtle 2 :[(-2,-2), (5,6), (5,5), (4,5), (3,5), (2,5), (1,5), (-2,-2), (-2,-2), (-2,-2), (-2,-2), (-2,-2)]
Turtle 3 :[(-3,-3), (4,5), (4,6), (4,6), (3,6), (3,5), (4,5), (4,4), (4,3), (5,3), (6,3), (6,2)]
Turtle 4 :[(-4,-4), (19,0), (18,0), (17,0), (16,0), (15,0), (14,0), (-4,-4), (-4,-4), (-4,-4), (-4,-4), (-4,-4)]
Turtle 5 :[(-5,-5), (3,3), (2,3), (1,3), (0,3), (0,2), (0,1), (-5,-5), (-5,-5), (-5,-5), (-5,-5), (-5,-5)]

Shrinking Run 34
#Info# Executed steps before collision: 6, Found collision: false
Turtle 1 :[(-1,-1), (3,12), (2,12), (2,13), (1,13), (0,13), (-1,-1)]
Turtle 2 :[(-2,-2), (5,6), (5,5), (4,5), (3,5), (2,5), (1,5)]
Turtle 3 :[(-3,-3), (4,5), (4,4), (4,3), (5,3), (6,3), (6,2)]
Turtle 4 :[(-4,-4), (19,0), (18,0), (17,0), (16,0), (15,0), (14,0)]
Turtle 5 :[(-5,-5), (3,3), (2,3), (1,3), (0,3), (0,2), (0,1)]

Shrinking Run 35
#Info# Executed steps before collision: 6, Found collision: false
Turtle 1 :[(-1,-1), (3,12), (2,12), (1,12), (0,12), (0,13), (0,14)]
Turtle 2 :[(-2,-2), (5,6), (4,6), (4,5), (4,4), (3,4), (3,3)]
Turtle 3 :[(-3,-3), (4,5), (5,5), (5,4), (5,3), (6,3), (6,2)]
Turtle 4 :[(-4,-4), (19,0), (18,0), (17,0), (16,0), (15,0), (14,0)]
Turtle 5 :[(-5,-5), (3,3), (2,3), (1,3), (0,3), (0,2), (0,1)]

Shrinking Run 36
#Info# Executed steps before collision: 6, Found collision: false
Turtle 1 :[(-1,-1), (3,12), (2,12), (1,12), (0,12), (0,13), (0,14)]
Turtle 2 :[(-2,-2), (5,6), (5,5), (4,5), (3,5), (2,5), (1,5)]
Turtle 3 :[(-3,-3), (4,5), (3,5), (2,5), (2,6), (1,6), (0,6)]
Turtle 4 :[(-4,-4), (19,0), (18,0), (17,0), (16,0), (15,0), (14,0)]
Turtle 5 :[(-5,-5), (3,3), (2,3), (1,3), (0,3), (0,2), (0,1)]

Shrinking Run 37
#Info# Executed steps before collision: 6, Found collision: false
Turtle 1 :[(-1,-1), (3,12), (2,12), (1,12), (0,12), (0,13), (0,14)]
Turtle 2 :[(-2,-2), (5,6), (5,5), (4,5), (3,5), (2,5), (1,5)]
Turtle 3 :[(-3,-3), (4,5), (3,5), (2,5), (2,6), (1,6), (1,7)]
Turtle 4 :[(-4,-4), (19,0), (18,0), (17,0), (16,0), (15,0), (14,0)]
Turtle 5 :[(-5,-5), (3,3), (2,3), (1,3), (0,3), (0,2), (0,1)]

Shrinking Run 38
#Info# Executed steps before collision: 6, Found collision: false
Turtle 1 :[(-1,-1), (3,12), (2,12), (1,12), (0,12), (0,13), (0,14)]
Turtle 2 :[(-2,-2), (5,6), (5,5), (4,5), (3,5), (2,5), (1,5)]
Turtle 3 :[(-3,-3), (4,5), (4,6), (4,7), (4,8), (5,8), (5,9)]
Turtle 4 :[(-4,-4), (19,0), (18,0), (17,0), (16,0), (15,0), (14,0)]
Turtle 5 :[(-5,-5), (3,3), (2,3), (1,3), (0,3), (0,2), (0,1)]

Shrinking Run 39
#Info# Executed steps before collision: 6, Found collision: false
Turtle 1 :[(-1,-1), (3,12), (2,12), (1,12), (0,12), (0,13), (0,14)]
Turtle 2 :[(-2,-2), (5,6), (5,5), (4,5), (3,5), (2,5), (1,5)]
Turtle 3 :[(-3,-3), (4,5), (4,6), (5,6), (5,7), (5,8), (6,8)]
Turtle 4 :[(-4,-4), (19,0), (18,0), (17,0), (16,0), (15,0), (14,0)]
Turtle 5 :[(-5,-5), (3,3), (2,3), (1,3), (0,3), (0,2), (0,1)]

Shrinking Run 40
#Info# Executed steps before collision: 6, Found collision: false
Turtle 1 :[(-1,-1), (3,12), (2,12), (1,12), (0,12), (0,13), (0,14)]
Turtle 2 :[(-2,-2), (5,6), (5,5), (4,5), (3,5), (2,5), (1,5)]
Turtle 3 :[(-3,-3), (4,5), (3,5), (2,5), (2,4), (1,4), (0,4)]
Turtle 4 :[(-4,-4), (19,0), (18,0), (17,0), (16,0), (15,0), (14,0)]
Turtle 5 :[(-5,-5), (3,3), (2,3), (1,3), (0,3), (0,2), (0,1)]

Shrinking Run 41
#Info# Executed steps before collision: 6, Found collision: false
Turtle 1 :[(-1,-1), (3,12), (2,12), (1,12), (0,12), (0,13), (0,14)]
Turtle 2 :[(-2,-2), (5,6), (5,5), (4,5), (3,5), (2,5), (1,5)]
Turtle 3 :[(-3,-3), (4,5), (3,5), (2,5), (2,4), (1,4), (1,3)]
Turtle 4 :[(-4,-4), (19,0), (18,0), (17,0), (16,0), (15,0), (14,0)]
Turtle 5 :[(-5,-5), (3,3), (2,3), (1,3), (0,3), (0,2), (0,1)]

Shrinking Run 42
#Info# Executed steps before collision: 6, Found collision: false
Turtle 1 :[(-1,-1), (3,12), (2,12), (1,12), (0,12), (0,13), (0,14)]
Turtle 2 :[(-2,-2), (5,6), (5,5), (4,5), (3,5), (2,5), (1,5)]
Turtle 3 :[(-3,-3), (4,5), (4,4), (4,3), (4,2), (5,2), (5,1)]
Turtle 4 :[(-4,-4), (19,0), (18,0), (17,0), (16,0), (15,0), (14,0)]
Turtle 5 :[(-5,-5), (3,3), (2,3), (1,3), (0,3), (0,2), (0,1)]

Shrinking Run 43
#Info# Executed steps before collision: 6, Found collision: false
Turtle 1 :[(-1,-1), (3,12), (2,12), (1,12), (0,12), (0,13), (0,14)]
Turtle 2 :[(-2,-2), (5,6), (5,5), (4,5), (3,5), (2,5), (1,5)]
Turtle 3 :[(-3,-3), (4,5), (4,4), (5,4), (6,4), (6,3), (6,2)]
Turtle 4 :[(-4,-4), (19,0), (18,0), (17,0), (16,0), (15,0), (14,0)]
Turtle 5 :[(-5,-5), (3,3), (2,3), (1,3), (0,3), (0,2), (0,1)]

Shrink Run 44
#Info# Executed steps before collision: 6, Found collision: false
Turtle 1 :[(-1,-1), (3,12), (2,12), (1,12), (0,12), (0,13), (0,14)]
Turtle 2 :[(-2,-2), (5,6), (5,5), (4,5), (3,5), (2,5), (1,5)]
Turtle 3 :[(-3,-3), (4,5), (4,4), (5,4), (5,3), (6,3), (6,2)]
Turtle 4 :[(-4,-4), (19,0), (18,0), (17,0), (16,0), (15,0), (14,0)]
Turtle 5 :[(-5,-5), (3,3), (2,3), (1,3), (0,3), (0,2), (0,1)]

