Detection Run 1
#Info# Executed steps before collision: 6, Found collision: false
Turtle 1 :[(-1,-1), (5,15), (4,15), (3,15), (3,14), (3,13), (2,13)]
Turtle 2 :[(-2,-2), (13,6), (13,5), (12,5), (11,5), (11,4), (11,3)]
Turtle 3 :[(-3,-3), (9,4), (10,4), (10,3), (10,2), (-3,-3), (-3,-3)]
Turtle 4 :[(-4,-4), (19,3), (19,3), (19,2), (19,2), (18,2), (18,1)]
Turtle 5 :[(-5,-5), (14,7), (15,7), (15,6), (15,5), (15,4), (15,3)]

Detection Run 2
#Info# Executed steps before collision: 6, Found collision: false
Turtle 1 :[(-1,-1), (4,10), (4,11), (3,11), (2,11), (2,12), (2,13)]
Turtle 2 :[(-2,-2), (1,4), (1,5), (0,5), (0,6), (-2,-2), (-2,-2)]
Turtle 3 :[(-3,-3), (9,4), (9,3), (9,2), (9,1), (9,0), (-3,-3)]
Turtle 4 :[(-4,-4), (14,17), (15,17), (-4,-4), (-4,-4), (-4,-4), (-4,-4)]
Turtle 5 :[(-5,-5), (15,5), (16,5), (16,6), (17,6), (18,6), (19,6)]

Detection Run 3
#Info# Executed steps before collision: 6, Found collision: false
Turtle 1 :[(-1,-1), (18,17), (18,16), (18,17), (18,16), (18,15), (-1,-1)]
Turtle 2 :[(-2,-2), (13,1), (13,2), (12,2), (11,2), (11,3), (11,4)]
Turtle 3 :[(-3,-3), (10,7), (10,8), (11,8), (12,8), (12,9), (13,9)]
Turtle 4 :[(-4,-4), (16,10), (15,10), (14,10), (14,9), (14,8), (-4,-4)]
Turtle 5 :[(-5,-5), (0,2), (0,1), (0,1), (1,1), (1,0), (-5,-5)]

Detection Run 4
#Info# Executed steps before collision: 6, Found collision: false
Turtle 1 :[(-1,-1), (4,1), (4,0), (4,1), (4,0), (3,0), (-1,-1)]
Turtle 2 :[(-2,-2), (15,16), (15,15), (16,15), (16,14), (16,13), (17,13)]
Turtle 3 :[(-3,-3), (14,2), (13,2), (12,2), (12,3), (11,3), (11,4)]
Turtle 4 :[(-4,-4), (14,3), (15,3), (15,2), (15,1), (-4,-4), (-4,-4)]
Turtle 5 :[(-5,-5), (1,2), (2,2), (3,2), (-5,-5), (-5,-5), (-5,-5)]

Detection Run 5
#Info# Executed steps before collision: 6, Found collision: false
Turtle 1 :[(-1,-1), (7,6), (7,7), (6,7), (6,6), (6,7), (-1,-1)]
Turtle 2 :[(-2,-2), (11,5), (10,5), (9,5), (9,6), (9,7), (9,8)]
Turtle 3 :[(-3,-3), (9,0), (10,0), (11,0), (-3,-3), (-3,-3), (-3,-3)]
Turtle 4 :[(-4,-4), (4,10), (3,10), (3,11), (3,12), (3,13), (2,13)]
Turtle 5 :[(-5,-5), (4,15), (4,14), (4,13), (4,12), (5,12), (6,12)]

Detection Run 6
#Info# Executed steps before collision: 6, Found collision: false
Turtle 1 :[(-1,-1), (6,9), (6,10), (5,10), (4,10), (4,11), (-1,-1)]
Turtle 2 :[(-2,-2), (6,3), (7,3), (8,3), (8,4), (8,5), (-2,-2)]
Turtle 3 :[(-3,-3), (1,2), (2,2), (2,1), (3,1), (3,0), (-3,-3)]
Turtle 4 :[(-4,-4), (14,10), (14,9), (14,8), (15,8), (15,7), (15,6)]
Turtle 5 :[(-5,-5), (12,15), (13,15), (14,15), (15,15), (15,14), (15,13)]

Detection Run 7
#Info# Executed steps before collision: 6, Found collision: false
Turtle 1 :[(-1,-1), (5,4), (5,5), (6,5), (6,6), (7,6), (7,7)]
Turtle 2 :[(-2,-2), (17,2), (16,2), (15,2), (14,2), (14,3), (-2,-2)]
Turtle 3 :[(-3,-3), (18,0), (17,0), (-3,-3), (-3,-3), (-3,-3), (-3,-3)]
Turtle 4 :[(-4,-4), (15,11), (16,11), (17,11), (17,10), (18,10), (19,10)]
Turtle 5 :[(-5,-5), (6,1), (5,1), (4,1), (4,0), (3,0), (2,0)]

Detection Run 8
#Info# Executed steps before collision: 6, Found collision: false
Turtle 1 :[(-1,-1), (9,5), (8,5), (8,4), (8,3), (7,3), (6,3)]
Turtle 2 :[(-2,-2), (1,6), (2,6), (1,6), (1,5), (2,5), (3,5)]
Turtle 3 :[(-3,-3), (13,11), (13,10), (12,10), (11,10), (10,10), (-3,-3)]
Turtle 4 :[(-4,-4), (3,16), (2,16), (1,16), (-4,-4), (-4,-4), (-4,-4)]
Turtle 5 :[(-5,-5), (7,18), (8,18), (8,19), (9,19), (10,19), (10,19)]

Detection Run 9
#Info# Executed steps before collision: 8, Found collision: false
Turtle 1 :[(-1,-1), (11,17), (11,16), (11,15), (11,14), (11,13), (10,13), (-1,-1), (-1,-1)]
Turtle 2 :[(-2,-2), (16,17), (16,16), (15,16), (14,16), (-2,-2), (-2,-2), (-2,-2), (-2,-2)]
Turtle 3 :[(-3,-3), (11,16), (10,16), (9,16), (9,17), (9,16), (8,16), (8,17), (7,17)]
Turtle 4 :[(-4,-4), (5,16), (6,16), (7,16), (8,16), (8,15), (-4,-4), (-4,-4), (-4,-4)]
Turtle 5 :[(-5,-5), (13,4), (12,4), (12,5), (12,6), (12,7), (12,8), (-5,-5), (-5,-5)]

Detection Run 10
#Info# Executed steps before collision: 6, Found collision: false
Turtle 1 :[(-1,-1), (12,4), (11,4), (11,3), (11,2), (10,2), (9,2)]
Turtle 2 :[(-2,-2), (4,16), (4,17), (4,18), (4,19), (3,19), (3,19)]
Turtle 3 :[(-3,-3), (9,15), (10,15), (10,14), (10,13), (11,13), (12,13)]
Turtle 4 :[(-4,-4), (13,10), (14,10), (14,9), (15,9), (15,8), (15,7)]
Turtle 5 :[(-5,-5), (17,0), (16,0), (15,0), (15,1), (-5,-5), (-5,-5)]

Detection Run 11
#Info# Executed steps before collision: 8, Found collision: false
Turtle 1 :[(-1,-1), (11,15), (11,16), (11,17), (11,18), (11,19), (-1,-1), (-1,-1), (-1,-1)]
Turtle 2 :[(-2,-2), (16,19), (15,19), (15,19), (15,18), (15,18), (15,17), (14,17), (-2,-2)]
Turtle 3 :[(-3,-3), (-3,-3), (-3,-3), (11,15), (12,15), (12,14), (12,13), (13,13), (14,13)]
Turtle 4 :[(-4,-4), (12,5), (12,6), (13,6), (13,7), (13,8), (-4,-4), (-4,-4), (-4,-4)]
Turtle 5 :[(-5,-5), (7,13), (6,13), (6,13), (6,14), (6,14), (5,14), (4,14), (-5,-5)]

Detection Run 12
#Info# Executed steps before collision: 7, Found collision: false
Turtle 1 :[(-1,-1), (16,17), (16,18), (16,19), (17,19), (17,19), (18,19), (19,19)]
Turtle 2 :[(-2,-2), (12,5), (11,5), (10,5), (10,6), (10,7), (10,8), (-2,-2)]
Turtle 3 :[(-3,-3), (2,7), (1,7), (1,8), (1,8), (2,8), (3,8), (-3,-3)]
Turtle 4 :[(-4,-4), (14,14), (13,14), (14,14), (14,14), (14,15), (13,15), (13,16)]
Turtle 5 :[(-5,-5), (3,15), (4,15), (4,14), (4,14), (4,13), (4,12), (5,12)]

Fault Detection Run 13
#Info# Executed steps before collision: 3, Found collision: true
Turtle 1 :[(-1,-1), (10,18), (10,17), (10,17), (10,17), (10,16), (10,15), (-1,-1), (-1,-1)]
Turtle 2 :[(-2,-2), (7,2), (7,2), (7,2), (6,2), (5,2), (4,2), (4,1), (3,1)]
Turtle 3 :[(-3,-3), (0,10), (0,9), (0,8), (0,7), (0,6), (0,5), (-3,-3), (-3,-3)]
Turtle 4 :[(-4,-4), (9,15), (9,16), (9,15), (9,16), (9,17), (9,18), (-4,-4), (-4,-4)]
Turtle 5 :[(-5,-5), (0,8), (0,8), (0,8), (0,9), (1,9), (1,9), (0,9), (0,10)]

