Detection Run 1
#Info# Executed steps before collision: 6, Found collision: false
Turtle 1 :[(-1,-1), (18,5), (18,6), (18,7), (18,8), (17,8), (16,8)]
Turtle 2 :[(-2,-2), (17,6), (17,5), (16,5), (16,4), (16,3), (15,3)]
Turtle 3 :[(-3,-3), (15,13), (15,12), (14,12), (14,13), (13,13), (13,14)]
Turtle 4 :[(-4,-4), (2,16), (1,16), (1,15), (0,15), (0,14), (0,13)]
Turtle 5 :[(-5,-5), (8,11), (8,12), (7,12), (-5,-5), (-5,-5), (-5,-5)]

Detection Run 2
#Info# Executed steps before collision: 6, Found collision: false
Turtle 1 :[(-1,-1), (18,16), (19,16), (19,15), (19,14), (19,13), (-1,-1)]
Turtle 2 :[(-2,-2), (9,8), (9,7), (9,6), (9,5), (-2,-2), (-2,-2)]
Turtle 3 :[(-3,-3), (9,19), (9,18), (8,18), (8,19), (8,19), (-3,-3)]
Turtle 4 :[(-4,-4), (16,10), (17,10), (18,10), (18,11), (18,12), (19,12)]
Turtle 5 :[(-5,-5), (15,7), (15,8), (15,9), (16,9), (17,9), (-5,-5)]

Detection Run 3
#Info# Executed steps before collision: 6, Found collision: false
Turtle 1 :[(-1,-1), (18,16), (18,15), (18,14), (18,15), (17,15), (17,14)]
Turtle 2 :[(-2,-2), (17,17), (18,17), (19,17), (19,16), (19,16), (-2,-2)]
Turtle 3 :[(-3,-3), (11,1), (12,1), (11,1), (11,2), (11,3), (-3,-3)]
Turtle 4 :[(-4,-4), (13,17), (13,18), (12,18), (11,18), (-4,-4), (-4,-4)]
Turtle 5 :[(-5,-5), (18,4), (18,3), (18,2), (19,2), (19,1), (19,1)]

Detection Run 4
#Info# Executed steps before collision: 6, Found collision: false
Turtle 1 :[(-1,-1), (15,16), (15,16), (15,17), (16,17), (17,17), (18,17)]
Turtle 2 :[(-2,-2), (10,9), (10,10), (10,11), (10,12), (10,13), (-2,-2)]
Turtle 3 :[(-3,-3), (12,10), (13,10), (14,10), (14,9), (15,9), (16,9)]
Turtle 4 :[(-4,-4), (16,17), (16,16), (16,15), (17,15), (18,15), (18,14)]
Turtle 5 :[(-5,-5), (13,19), (13,19), (12,19), (11,19), (10,19), (-5,-5)]

Detection Run 5
#Info# Executed steps before collision: 8, Found collision: false
Turtle 1 :[(-1,-1), (4,18), (5,18), (6,18), (-1,-1), (-1,-1), (-1,-1), (-1,-1), (-1,-1)]
Turtle 2 :[(-2,-2), (9,0), (10,0), (11,0), (12,0), (12,1), (12,2), (-2,-2), (-2,-2)]
Turtle 3 :[(-3,-3), (14,4), (14,3), (13,3), (13,2), (13,1), (14,1), (13,1), (12,1)]
Turtle 4 :[(-4,-4), (18,17), (18,18), (19,18), (19,19), (19,19), (-4,-4), (-4,-4), (-4,-4)]
Turtle 5 :[(-5,-5), (7,11), (7,12), (7,13), (6,13), (6,14), (-5,-5), (-5,-5), (-5,-5)]

Detection Run 6
#Info# Executed steps before collision: 6, Found collision: false
Turtle 1 :[(-1,-1), (4,7), (4,6), (4,5), (-1,-1), (-1,-1), (-1,-1)]
Turtle 2 :[(-2,-2), (6,15), (5,15), (4,15), (3,15), (2,15), (2,14)]
Turtle 3 :[(-3,-3), (1,5), (0,5), (0,6), (0,7), (0,8), (-3,-3)]
Turtle 4 :[(-4,-4), (12,16), (11,16), (10,16), (10,17), (10,18), (9,18)]
Turtle 5 :[(-5,-5), (9,17), (10,17), (10,18), (10,19), (11,19), (11,19)]

Detection Run 7
#Info# Executed steps before collision: 7, Found collision: false
Turtle 1 :[(-1,-1), (7,12), (6,12), (5,12), (4,12), (3,12), (-1,-1), (-1,-1)]
Turtle 2 :[(-2,-2), (14,5), (14,6), (14,5), (14,6), (-2,-2), (-2,-2), (-2,-2)]
Turtle 3 :[(-3,-3), (17,19), (16,19), (16,18), (15,18), (15,17), (15,16), (-3,-3)]
Turtle 4 :[(-4,-4), (7,11), (7,11), (7,12), (8,12), (8,13), (8,14), (9,14)]
Turtle 5 :[(-5,-5), (3,6), (3,7), (3,8), (2,8), (-5,-5), (-5,-5), (-5,-5)]

Detection Run 8
#Info# Executed steps before collision: 6, Found collision: false
Turtle 1 :[(-1,-1), (2,13), (2,12), (1,12), (0,12), (-1,-1), (-1,-1)]
Turtle 2 :[(-2,-2), (4,6), (4,7), (3,7), (3,8), (2,8), (1,8)]
Turtle 3 :[(-3,-3), (3,14), (3,13), (3,12), (2,12), (2,13), (1,13)]
Turtle 4 :[(-4,-4), (7,14), (7,15), (7,16), (6,16), (5,16), (4,16)]
Turtle 5 :[(-5,-5), (15,18), (14,18), (13,18), (12,18), (11,18), (-5,-5)]

Detection Run 9
#Info# Executed steps before collision: 6, Found collision: false
Turtle 1 :[(-1,-1), (12,2), (11,2), (10,2), (10,1), (10,0), (-1,-1)]
Turtle 2 :[(-2,-2), (16,8), (17,8), (18,8), (19,8), (-2,-2), (-2,-2)]
Turtle 3 :[(-3,-3), (15,17), (15,18), (15,19), (15,19), (14,19), (13,19)]
Turtle 4 :[(-4,-4), (11,1), (10,1), (9,1), (8,1), (8,2), (7,2)]
Turtle 5 :[(-5,-5), (14,4), (14,3), (14,2), (15,2), (16,2), (-5,-5)]

Detection Run 10
#Info# Executed steps before collision: 8, Found collision: false
Turtle 1 :[(-1,-1), (6,9), (7,9), (7,8), (7,7), (-1,-1), (-1,-1), (-1,-1), (-1,-1)]
Turtle 2 :[(-2,-2), (17,13), (16,13), (16,14), (15,14), (15,15), (14,15), (-2,-2), (-2,-2)]
Turtle 3 :[(-3,-3), (9,4), (9,5), (9,6), (9,7), (-3,-3), (-3,-3), (-3,-3), (-3,-3)]
Turtle 4 :[(-4,-4), (3,3), (2,3), (1,3), (1,2), (1,1), (0,1), (-4,-4), (-4,-4)]
Turtle 5 :[(-5,-5), (13,6), (13,6), (14,6), (15,6), (16,6), (16,6), (17,6), (18,6)]

Detection Run 11
#Info# Executed steps before collision: 7, Found collision: false
Turtle 1 :[(-1,-1), (17,10), (17,11), (-1,-1), (-1,-1), (-1,-1), (-1,-1), (-1,-1)]
Turtle 2 :[(-2,-2), (17,9), (17,8), (17,8), (16,8), (15,8), (15,7), (15,6)]
Turtle 3 :[(-3,-3), (10,14), (10,15), (11,15), (11,16), (11,17), (11,18), (-3,-3)]
Turtle 4 :[(-4,-4), (5,19), (6,19), (7,19), (8,19), (9,19), (9,19), (-4,-4)]
Turtle 5 :[(-5,-5), (10,8), (10,9), (10,10), (10,11), (11,11), (12,11), (-5,-5)]

Detection Run 12
#Info# Executed steps before collision: 9, Found collision: false
Turtle 1 :[(-1,-1), (15,14), (15,15), (16,15), (16,15), (16,16), (16,17), (16,18), (-1,-1), (-1,-1)]
Turtle 2 :[(-2,-2), (11,2), (11,2), (10,2), (10,2), (10,3), (10,3), (10,4), (9,4), (8,4)]
Turtle 3 :[(-3,-3), (13,5), (14,5), (14,5), (14,5), (14,6), (15,6), (16,6), (16,7), (-3,-3)]
Turtle 4 :[(-4,-4), (16,19), (17,19), (18,19), (17,19), (17,19), (18,19), (-4,-4), (-4,-4), (-4,-4)]
Turtle 5 :[(-5,-5), (7,0), (7,0), (7,1), (8,1), (8,2), (-5,-5), (-5,-5), (-5,-5), (-5,-5)]

Detection Run 13
#Info# Executed steps before collision: 8, Found collision: false
Turtle 1 :[(-1,-1), (11,8), (12,8), (12,8), (13,8), (13,7), (14,7), (14,6), (-1,-1)]
Turtle 2 :[(-2,-2), (0,8), (0,7), (0,6), (0,5), (0,4), (-2,-2), (-2,-2), (-2,-2)]
Turtle 3 :[(-3,-3), (12,2), (12,1), (13,1), (14,1), (14,0), (14,0), (15,0), (-3,-3)]
Turtle 4 :[(-4,-4), (2,6), (1,6), (1,7), (0,7), (0,8), (-4,-4), (-4,-4), (-4,-4)]
Turtle 5 :[(-5,-5), (11,13), (11,13), (10,13), (9,13), (9,13), (9,13), (9,12), (8,12)]

Detection Run 14
#Info# Executed steps before collision: 7, Found collision: false
Turtle 1 :[(-1,-1), (7,0), (7,1), (7,2), (7,3), (8,3), (8,4), (-1,-1)]
Turtle 2 :[(-2,-2), (8,15), (8,16), (8,17), (8,18), (9,18), (9,19), (-2,-2)]
Turtle 3 :[(-3,-3), (6,17), (6,17), (6,18), (7,18), (7,19), (7,19), (8,19)]
Turtle 4 :[(-4,-4), (8,13), (9,13), (9,12), (9,11), (10,11), (11,11), (-4,-4)]
Turtle 5 :[(-5,-5), (8,4), (7,4), (6,4), (6,5), (-5,-5), (-5,-5), (-5,-5)]

Detection Run 15
#Info# Executed steps before collision: 8, Found collision: false
Turtle 1 :[(-1,-1), (6,5), (5,5), (5,6), (5,7), (4,7), (3,7), (-1,-1), (-1,-1)]
Turtle 2 :[(-2,-2), (5,10), (6,10), (6,11), (7,11), (8,11), (8,12), (-2,-2), (-2,-2)]
Turtle 3 :[(-3,-3), (3,3), (4,3), (5,3), (5,2), (6,2), (6,1), (-3,-3), (-3,-3)]
Turtle 4 :[(-4,-4), (10,0), (10,0), (9,0), (9,0), (9,0), (8,0), (8,1), (7,1)]
Turtle 5 :[(-5,-5), (0,15), (0,16), (0,17), (0,17), (0,18), (0,19), (-5,-5), (-5,-5)]

Detection Run 16
#Info# Executed steps before collision: 10, Found collision: false
Turtle 1 :[(-1,-1), (3,17), (4,17), (4,18), (4,19), (4,19), (-1,-1), (-1,-1), (-1,-1), (-1,-1), (-1,-1)]
Turtle 2 :[(-2,-2), (9,18), (10,18), (11,18), (12,18), (-2,-2), (-2,-2), (-2,-2), (-2,-2), (-2,-2), (-2,-2)]
Turtle 3 :[(-3,-3), (10,16), (10,17), (10,16), (10,15), (9,15), (9,16), (9,17), (9,18), (8,18), (8,19)]
Turtle 4 :[(-4,-4), (14,5), (14,4), (14,4), (14,3), (14,2), (14,2), (14,1), (14,0), (-4,-4), (-4,-4)]
Turtle 5 :[(-5,-5), (10,17), (9,17), (10,17), (10,18), (11,18), (12,18), (12,19), (13,19), (-5,-5), (-5,-5)]

Fault Detection Run 17
#Info# Executed steps before collision: 5, Found collision: true
Turtle 1 :[(-1,-1), (16,4), (16,5), (16,6), (16,7), (17,7), (17,8), (-1,-1), (-1,-1)]
Turtle 2 :[(-2,-2), (15,5), (14,5), (14,5), (14,4), (14,3), (13,3), (13,3), (13,2)]
Turtle 3 :[(-3,-3), (13,2), (13,2), (14,2), (14,2), (14,3), (15,3), (16,3), (-3,-3)]
Turtle 4 :[(-4,-4), (0,0), (1,0), (2,0), (3,0), (4,0), (5,0), (-4,-4), (-4,-4)]
Turtle 5 :[(-5,-5), (6,11), (6,10), (7,10), (7,10), (7,9), (7,8), (7,7), (-5,-5)]

