Detection Run 1
#Info# Executed steps before collision: 7, Found collision: false
Turtle 1 :[(-1,-1), (0,9), (1,9), (1,8), (2,8), (3,8), (-1,-1), (-1,-1)]
Turtle 2 :[(-2,-2), (15,1), (16,1), (17,1), (17,0), (18,0), (-2,-2), (-2,-2)]
Turtle 3 :[(-3,-3), (14,5), (14,4), (15,4), (16,4), (17,4), (18,4), (-3,-3)]
Turtle 4 :[(-4,-4), (13,0), (14,0), (15,0), (16,0), (15,0), (16,0), (17,0)]
Turtle 5 :[(-5,-5), (11,15), (12,15), (12,16), (12,17), (13,17), (14,17), (-5,-5)]

Detection Run 2
#Info# Executed steps before collision: 6, Found collision: false
Turtle 1 :[(-1,-1), (6,18), (5,18), (4,18), (4,19), (3,19), (3,19)]
Turtle 2 :[(-2,-2), (10,7), (10,8), (11,8), (12,8), (12,9), (-2,-2)]
Turtle 3 :[(-3,-3), (15,11), (14,11), (14,12), (13,12), (12,12), (11,12)]
Turtle 4 :[(-4,-4), (18,3), (18,4), (17,4), (17,5), (16,5), (15,5)]
Turtle 5 :[(-5,-5), (8,8), (9,8), (9,7), (9,6), (10,6), (11,6)]

Detection Run 3
#Info# Executed steps before collision: 6, Found collision: false
Turtle 1 :[(-1,-1), (15,9), (14,9), (14,8), (14,7), (-1,-1), (-1,-1)]
Turtle 2 :[(-2,-2), (6,10), (7,10), (7,11), (8,11), (8,12), (9,12)]
Turtle 3 :[(-3,-3), (6,8), (5,8), (6,8), (6,7), (-3,-3), (-3,-3)]
Turtle 4 :[(-4,-4), (11,5), (10,5), (11,5), (12,5), (13,5), (13,6)]
Turtle 5 :[(-5,-5), (15,15), (15,16), (15,17), (14,17), (13,17), (13,18)]

Fault Detection Run 4
#Info# Executed steps before collision: 5, Found collision: true
Turtle 1 :[(-1,-1), (2,0), (3,0), (3,1), (3,0), (4,0), (-1,-1)]
Turtle 2 :[(-2,-2), (18,18), (17,18), (17,19), (16,19), (15,19), (14,19)]
Turtle 3 :[(-3,-3), (9,19), (9,19), (9,18), (9,19), (-3,-3), (-3,-3)]
Turtle 4 :[(-4,-4), (5,15), (6,15), (5,15), (6,15), (6,14), (-4,-4)]
Turtle 5 :[(-5,-5), (5,1), (6,1), (5,1), (4,1), (4,0), (-5,-5)]

