Detection Run 1
#Info# Executed steps before collision: 6, Found collision: false
Turtle 1 :[(-1,-1), (7,11), (7,12), (8,12), (8,13), (9,13), (10,13)]
Turtle 2 :[(-2,-2), (10,7), (11,7), (11,6), (11,5), (11,4), (12,4)]
Turtle 3 :[(-3,-3), (19,3), (19,2), (19,2), (19,1), (19,0), (-3,-3)]
Turtle 4 :[(-4,-4), (12,16), (13,16), (12,16), (12,15), (-4,-4), (-4,-4)]
Turtle 5 :[(-5,-5), (18,9), (18,8), (18,7), (18,6), (18,5), (19,5)]

Detection Run 2
#Info# Executed steps before collision: 6, Found collision: false
Turtle 1 :[(-1,-1), (18,7), (18,6), (18,5), (18,4), (18,3), (18,2)]
Turtle 2 :[(-2,-2), (6,10), (5,10), (4,10), (4,11), (-2,-2), (-2,-2)]
Turtle 3 :[(-3,-3), (12,12), (13,12), (14,12), (14,11), (13,11), (14,11)]
Turtle 4 :[(-4,-4), (12,6), (13,6), (13,7), (14,7), (15,7), (16,7)]
Turtle 5 :[(-5,-5), (19,19), (18,19), (18,18), (17,18), (17,17), (17,16)]

Detection Run 3
#Info# Executed steps before collision: 6, Found collision: false
Turtle 1 :[(-1,-1), (12,0), (12,1), (12,2), (12,3), (12,4), (12,5)]
Turtle 2 :[(-2,-2), (17,4), (18,4), (19,4), (19,3), (19,2), (19,2)]
Turtle 3 :[(-3,-3), (4,11), (4,12), (3,12), (3,13), (3,14), (-3,-3)]
Turtle 4 :[(-4,-4), (8,0), (8,1), (9,1), (10,1), (11,1), (11,2)]
Turtle 5 :[(-5,-5), (0,10), (0,11), (0,12), (1,12), (1,13), (1,14)]

Detection Run 4
#Info# Executed steps before collision: 6, Found collision: false
Turtle 1 :[(-1,-1), (10,2), (11,2), (11,3), (12,3), (13,3), (14,3)]
Turtle 2 :[(-2,-2), (6,16), (5,16), (4,16), (3,16), (3,15), (2,15)]
Turtle 3 :[(-3,-3), (3,6), (3,7), (4,7), (4,8), (5,8), (6,8)]
Turtle 4 :[(-4,-4), (0,5), (0,6), (1,6), (2,6), (-4,-4), (-4,-4)]
Turtle 5 :[(-5,-5), (14,2), (13,2), (12,2), (11,2), (11,3), (10,3)]

Fault Detection Run 5
#Info# Executed steps before collision: 4, Found collision: true
Turtle 1 :[(-1,-1), (12,18), (11,18), (10,18), (10,19), (10,19), (-1,-1)]
Turtle 2 :[(-2,-2), (2,4), (2,3), (3,3), (2,3), (1,3), (1,2)]
Turtle 3 :[(-3,-3), (7,2), (7,3), (8,3), (9,3), (10,3), (10,4)]
Turtle 4 :[(-4,-4), (0,2), (0,3), (0,4), (0,5), (1,5), (2,5)]
Turtle 5 :[(-5,-5), (0,4), (1,4), (2,4), (2,3), (2,2), (2,1)]

