Shrinking Run 1
#Info# Executed steps before collision: 10, Found collision: false
Turtle 1 :[(-1,-1), (26,24), (25,24), (25,23), (25,22), (25,21), (24,21), (-1,-1), (-1,-1), (-1,-1), (-1,-1)]
Turtle 2 :[(-2,-2), (18,27), (18,27), (19,27), (19,27), (20,27), (21,27), (21,27), (22,27), (23,27), (-2,-2)]
Turtle 3 :[(-3,-3), (5,22), (6,22), (6,22), (6,22), (6,22), (6,22), (6,21), (7,21), (8,21), (8,20)]
Turtle 4 :[(-4,-4), (22,25), (22,25), (22,25), (22,26), (21,26), (21,25), (20,25), (19,25), (19,26), (19,27)]
Turtle 5 :[(-5,-5), (35,49), (35,48), (35,47), (35,46), (36,46), (36,45), (-5,-5), (-5,-5), (-5,-5), (-5,-5)]

Shrinking Run 2
#Info# Executed steps before collision: 10, Found collision: false
Turtle 1 :[(-1,-1), (26,24), (25,24), (25,23), (25,22), (24,22), (23,22), (-1,-1), (-1,-1), (-1,-1), (-1,-1)]
Turtle 2 :[(-2,-2), (18,27), (18,27), (19,27), (19,27), (20,27), (21,27), (21,27), (22,27), (23,27), (-2,-2)]
Turtle 3 :[(-3,-3), (5,22), (6,22), (6,22), (6,22), (6,22), (6,22), (6,21), (7,21), (8,21), (8,20)]
Turtle 4 :[(-4,-4), (22,25), (22,25), (22,25), (22,26), (21,26), (21,25), (21,26), (20,26), (19,26), (19,27)]
Turtle 5 :[(-5,-5), (35,49), (35,48), (35,47), (35,46), (36,46), (36,45), (-5,-5), (-5,-5), (-5,-5), (-5,-5)]

Shrinking Run 3
#Info# Executed steps before collision: 10, Found collision: false
Turtle 1 :[(-1,-1), (26,24), (25,24), (24,24), (23,24), (22,24), (22,25), (-1,-1), (-1,-1), (-1,-1), (-1,-1)]
Turtle 2 :[(-2,-2), (18,27), (18,27), (19,27), (19,27), (20,27), (21,27), (21,27), (22,27), (23,27), (-2,-2)]
Turtle 3 :[(-3,-3), (5,22), (6,22), (6,22), (6,22), (6,22), (6,22), (6,21), (7,21), (8,21), (8,20)]
Turtle 4 :[(-4,-4), (22,25), (22,25), (22,25), (22,26), (21,26), (20,26), (19,26), (19,27), (-4,-4), (-4,-4)]
Turtle 5 :[(-5,-5), (35,49), (35,48), (35,47), (35,46), (36,46), (36,45), (-5,-5), (-5,-5), (-5,-5), (-5,-5)]

Shrinking Run 4
#Info# Executed steps before collision: 10, Found collision: false
Turtle 1 :[(-1,-1), (26,24), (25,24), (25,25), (24,25), (23,25), (22,25), (-1,-1), (-1,-1), (-1,-1), (-1,-1)]
Turtle 2 :[(-2,-2), (18,27), (18,27), (19,27), (19,27), (20,27), (21,27), (21,27), (22,27), (23,27), (-2,-2)]
Turtle 3 :[(-3,-3), (5,22), (6,22), (6,22), (6,22), (6,22), (6,22), (6,21), (7,21), (8,21), (8,20)]
Turtle 4 :[(-4,-4), (22,25), (22,25), (22,25), (22,26), (21,26), (21,25), (21,26), (20,26), (19,26), (19,27)]
Turtle 5 :[(-5,-5), (35,49), (35,48), (35,47), (35,46), (36,46), (36,45), (-5,-5), (-5,-5), (-5,-5), (-5,-5)]

Shrinking Run 5
#Info# Executed steps before collision: 10, Found collision: false
Turtle 1 :[(-1,-1), (26,24), (25,24), (24,24), (23,24), (23,25), (22,25), (-1,-1), (-1,-1), (-1,-1), (-1,-1)]
Turtle 2 :[(-2,-2), (18,27), (18,27), (19,27), (19,27), (20,27), (21,27), (21,27), (22,27), (23,27), (-2,-2)]
Turtle 3 :[(-3,-3), (5,22), (6,22), (6,22), (6,22), (6,22), (6,22), (6,21), (7,21), (8,21), (8,20)]
Turtle 4 :[(-4,-4), (22,25), (22,25), (22,25), (22,26), (21,26), (21,25), (20,25), (19,25), (19,26), (19,27)]
Turtle 5 :[(-5,-5), (35,49), (35,48), (35,47), (35,46), (36,46), (36,45), (-5,-5), (-5,-5), (-5,-5), (-5,-5)]

Shrinking Run 6
#Info# Executed steps before collision: 10, Found collision: false
Turtle 1 :[(-1,-1), (26,24), (25,24), (24,24), (24,25), (23,25), (22,25), (-1,-1), (-1,-1), (-1,-1), (-1,-1)]
Turtle 2 :[(-2,-2), (18,27), (18,27), (17,27), (17,27), (16,27), (15,27), (15,27), (14,27), (13,27), (-2,-2)]
Turtle 3 :[(-3,-3), (5,22), (6,22), (6,22), (6,22), (6,22), (6,22), (6,21), (7,21), (8,21), (8,20)]
Turtle 4 :[(-4,-4), (22,25), (22,25), (22,25), (22,26), (21,26), (21,27), (21,27), (20,27), (20,27), (19,27)]
Turtle 5 :[(-5,-5), (35,49), (35,48), (35,47), (35,46), (36,46), (36,45), (-5,-5), (-5,-5), (-5,-5), (-5,-5)]

Shrinking Run 7
#Info# Executed steps before collision: 10, Found collision: false
Turtle 1 :[(-1,-1), (26,24), (25,24), (24,24), (24,25), (23,25), (22,25), (-1,-1), (-1,-1), (-1,-1), (-1,-1)]
Turtle 2 :[(-2,-2), (18,27), (18,26), (17,26), (16,26), (15,26), (-2,-2), (-2,-2), (-2,-2), (-2,-2), (-2,-2)]
Turtle 3 :[(-3,-3), (5,22), (6,22), (6,22), (6,22), (6,22), (6,22), (6,21), (7,21), (8,21), (8,20)]
Turtle 4 :[(-4,-4), (22,25), (22,25), (22,25), (22,26), (21,26), (21,27), (21,27), (20,27), (20,27), (19,27)]
Turtle 5 :[(-5,-5), (35,49), (35,48), (35,47), (35,46), (36,46), (36,45), (-5,-5), (-5,-5), (-5,-5), (-5,-5)]

Shrinking Run 8
#Info# Executed steps before collision: 10, Found collision: false
Turtle 1 :[(-1,-1), (26,24), (25,24), (24,24), (24,25), (23,25), (22,25), (-1,-1), (-1,-1), (-1,-1), (-1,-1)]
Turtle 2 :[(-2,-2), (18,27), (17,27), (18,27), (19,27), (19,26), (-2,-2), (-2,-2), (-2,-2), (-2,-2), (-2,-2)]
Turtle 3 :[(-3,-3), (5,22), (6,22), (6,22), (6,22), (6,22), (6,22), (6,21), (7,21), (8,21), (8,20)]
Turtle 4 :[(-4,-4), (22,25), (22,25), (22,25), (22,26), (21,26), (21,27), (21,27), (20,27), (20,27), (19,27)]
Turtle 5 :[(-5,-5), (35,49), (35,48), (35,47), (35,46), (36,46), (36,45), (-5,-5), (-5,-5), (-5,-5), (-5,-5)]

Shrinking Run 9
#Info# Executed steps before collision: 10, Found collision: false
Turtle 1 :[(-1,-1), (26,24), (25,24), (24,24), (24,25), (23,25), (22,25), (-1,-1), (-1,-1), (-1,-1), (-1,-1)]
Turtle 2 :[(-2,-2), (18,27), (18,26), (19,26), (20,26), (21,26), (-2,-2), (-2,-2), (-2,-2), (-2,-2), (-2,-2)]
Turtle 3 :[(-3,-3), (5,22), (6,22), (6,22), (6,22), (6,22), (6,22), (6,21), (7,21), (8,21), (8,20)]
Turtle 4 :[(-4,-4), (22,25), (22,25), (22,25), (22,26), (23,26), (22,26), (21,26), (20,26), (19,26), (19,27)]
Turtle 5 :[(-5,-5), (35,49), (35,48), (35,47), (35,46), (36,46), (36,45), (-5,-5), (-5,-5), (-5,-5), (-5,-5)]

Shrinking Run 10
#Info# Executed steps before collision: 12, Found collision: false
Turtle 1 :[(-1,-1), (26,24), (25,24), (24,24), (24,25), (23,25), (22,25), (-1,-1), (-1,-1), (-1,-1), (-1,-1), (-1,-1), (-1,-1)]
Turtle 2 :[(-2,-2), (18,27), (18,27), (19,27), (19,27), (20,27), (21,27), (21,27), (22,27), (22,26), (-2,-2), (-2,-2), (-2,-2)]
Turtle 3 :[(-3,-3), (5,22), (6,22), (6,22), (6,22), (6,22), (6,22), (6,21), (7,21), (8,21), (8,20), (-3,-3), (-3,-3)]
Turtle 4 :[(-4,-4), (22,25), (22,25), (22,25), (22,26), (21,26), (21,26), (21,26), (21,27), (21,27), (20,27), (20,27), (19,27)]
Turtle 5 :[(-5,-5), (35,49), (35,48), (35,47), (35,46), (36,46), (36,45), (-5,-5), (-5,-5), (-5,-5), (-5,-5), (-5,-5), (-5,-5)]

Shrinking Run 11
#Info# Executed steps before collision: 6, Found collision: true
Turtle 1 :[(-1,-1), (26,24), (25,24), (24,24), (24,25), (23,25), (22,25), (-1,-1), (-1,-1), (-1,-1), (-1,-1)]
Turtle 2 :[(-2,-2), (18,27), (18,27), (19,27), (19,27), (20,27), (21,27), (21,26), (22,26), (-2,-2), (-2,-2)]
Turtle 3 :[(-3,-3), (5,22), (6,22), (6,22), (6,22), (6,22), (6,22), (6,21), (7,21), (8,21), (8,20)]
Turtle 4 :[(-4,-4), (22,25), (22,25), (22,25), (22,26), (21,26), (21,27), (20,27), (19,27), (-4,-4), (-4,-4)]
Turtle 5 :[(-5,-5), (35,49), (35,48), (35,47), (35,46), (36,46), (36,45), (-5,-5), (-5,-5), (-5,-5), (-5,-5)]

Shrinking Run 12
#Info# Executed steps before collision: 10, Found collision: false
Turtle 1 :[(-1,-1), (26,24), (25,24), (24,24), (24,25), (23,25), (22,25), (-1,-1), (-1,-1), (-1,-1), (-1,-1)]
Turtle 2 :[(-2,-2), (18,27), (18,27), (17,27), (17,27), (16,27), (15,27), (15,27), (15,26), (14,26), (-2,-2)]
Turtle 3 :[(-3,-3), (5,22), (6,22), (6,22), (6,22), (6,22), (6,22), (6,21), (7,21), (8,21), (8,20)]
Turtle 4 :[(-4,-4), (22,25), (22,25), (22,25), (22,26), (21,26), (21,27), (21,27), (20,27), (20,27), (19,27)]
Turtle 5 :[(-5,-5), (35,49), (35,48), (35,47), (35,46), (36,46), (36,45), (-5,-5), (-5,-5), (-5,-5), (-5,-5)]

Shrinking Run 13
#Info# Executed steps before collision: 10, Found collision: false
Turtle 1 :[(-1,-1), (26,24), (25,24), (24,24), (24,25), (23,25), (22,25), (-1,-1), (-1,-1), (-1,-1), (-1,-1)]
Turtle 2 :[(-2,-2), (18,27), (18,27), (18,26), (18,26), (17,26), (16,26), (16,26), (16,25), (15,25), (-2,-2)]
Turtle 3 :[(-3,-3), (5,22), (6,22), (6,22), (6,22), (6,22), (6,22), (6,21), (7,21), (8,21), (8,20)]
Turtle 4 :[(-4,-4), (22,25), (22,25), (22,25), (22,26), (21,26), (21,27), (21,27), (20,27), (20,27), (19,27)]
Turtle 5 :[(-5,-5), (35,49), (35,48), (35,47), (35,46), (36,46), (36,45), (-5,-5), (-5,-5), (-5,-5), (-5,-5)]

Shrinking Run 14
#Info# Executed steps before collision: 10, Found collision: false
Turtle 1 :[(-1,-1), (26,24), (25,24), (24,24), (24,25), (23,25), (22,25), (-1,-1), (-1,-1), (-1,-1), (-1,-1)]
Turtle 2 :[(-2,-2), (18,27), (18,27), (18,26), (18,26), (19,26), (19,25), (19,25), (19,24), (19,23), (-2,-2)]
Turtle 3 :[(-3,-3), (5,22), (6,22), (6,22), (6,22), (6,22), (6,22), (6,21), (7,21), (8,21), (8,20)]
Turtle 4 :[(-4,-4), (22,25), (22,25), (22,25), (22,26), (21,26), (21,27), (21,27), (20,27), (20,27), (19,27)]
Turtle 5 :[(-5,-5), (35,49), (35,48), (35,47), (35,46), (36,46), (36,45), (-5,-5), (-5,-5), (-5,-5), (-5,-5)]

Shrinking Run 15
#Info# Executed steps before collision: 11, Found collision: false
Turtle 1 :[(-1,-1), (26,24), (25,24), (24,24), (24,25), (23,25), (22,25), (-1,-1), (-1,-1), (-1,-1), (-1,-1), (-1,-1)]
Turtle 2 :[(-2,-2), (18,27), (18,27), (18,26), (18,26), (19,26), (20,26), (20,26), (20,25), (21,25), (-2,-2), (-2,-2)]
Turtle 3 :[(-3,-3), (5,22), (6,22), (6,22), (6,22), (6,22), (6,22), (6,21), (7,21), (8,21), (8,20), (-3,-3)]
Turtle 4 :[(-4,-4), (22,25), (22,25), (22,25), (22,26), (21,26), (21,27), (21,27), (21,28), (20,28), (19,28), (19,27)]
Turtle 5 :[(-5,-5), (35,49), (35,48), (35,47), (35,46), (36,46), (36,45), (-5,-5), (-5,-5), (-5,-5), (-5,-5), (-5,-5)]

Shrinking Run 16
#Info# Executed steps before collision: 9, Found collision: true
Turtle 1 :[(-1,-1), (26,24), (25,24), (24,24), (24,25), (23,25), (22,25), (-1,-1), (-1,-1), (-1,-1), (-1,-1), (-1,-1)]
Turtle 2 :[(-2,-2), (18,27), (18,27), (19,27), (19,27), (19,26), (20,26), (20,26), (20,27), (21,27), (22,27), (22,26)]
Turtle 3 :[(-3,-3), (5,22), (6,22), (6,22), (6,22), (6,22), (6,22), (6,21), (7,21), (8,21), (8,20), (-3,-3)]
Turtle 4 :[(-4,-4), (22,25), (22,25), (22,25), (22,26), (21,26), (21,27), (21,27), (22,27), (21,27), (20,27), (19,27)]
Turtle 5 :[(-5,-5), (35,49), (35,48), (35,47), (35,46), (36,46), (36,45), (-5,-5), (-5,-5), (-5,-5), (-5,-5), (-5,-5)]

Shrinking Run 17
#Info# Executed steps before collision: 10, Found collision: false
Turtle 1 :[(-1,-1), (26,24), (25,24), (24,24), (24,25), (23,25), (22,25), (-1,-1), (-1,-1), (-1,-1), (-1,-1)]
Turtle 2 :[(-2,-2), (18,27), (19,27), (20,27), (21,27), (22,27), (23,27), (-2,-2), (-2,-2), (-2,-2), (-2,-2)]
Turtle 3 :[(-3,-3), (5,22), (6,22), (6,22), (6,22), (6,22), (6,22), (6,21), (7,21), (8,21), (8,20)]
Turtle 4 :[(-4,-4), (22,25), (22,25), (22,25), (22,26), (21,26), (21,27), (21,27), (20,27), (20,27), (19,27)]
Turtle 5 :[(-5,-5), (35,49), (35,48), (35,47), (35,46), (36,46), (36,45), (-5,-5), (-5,-5), (-5,-5), (-5,-5)]

Shrinking Run 18
#Info# Executed steps before collision: 11, Found collision: false
Turtle 1 :[(-1,-1), (26,24), (25,24), (24,24), (24,25), (23,25), (22,25), (-1,-1), (-1,-1), (-1,-1), (-1,-1), (-1,-1)]
Turtle 2 :[(-2,-2), (18,27), (18,27), (19,27), (20,27), (21,27), (22,27), (23,27), (-2,-2), (-2,-2), (-2,-2), (-2,-2)]
Turtle 3 :[(-3,-3), (5,22), (6,22), (6,22), (6,22), (6,22), (6,22), (6,21), (7,21), (8,21), (8,20), (-3,-3)]
Turtle 4 :[(-4,-4), (22,25), (22,25), (22,25), (22,26), (21,26), (21,26), (21,27), (21,27), (20,27), (20,27), (19,27)]
Turtle 5 :[(-5,-5), (35,49), (35,48), (35,47), (35,46), (36,46), (36,45), (-5,-5), (-5,-5), (-5,-5), (-5,-5), (-5,-5)]

Shrinking Run 19
#Info# Executed steps before collision: 10, Found collision: false
Turtle 1 :[(-1,-1), (26,24), (25,24), (24,24), (24,25), (23,25), (22,25), (-1,-1), (-1,-1), (-1,-1), (-1,-1)]
Turtle 2 :[(-2,-2), (18,27), (18,27), (19,27), (19,27), (20,27), (21,27), (22,27), (23,27), (-2,-2), (-2,-2)]
Turtle 3 :[(-3,-3), (5,22), (6,22), (6,22), (6,22), (6,22), (6,22), (6,21), (7,21), (8,21), (8,20)]
Turtle 4 :[(-4,-4), (22,25), (22,25), (22,25), (22,26), (21,26), (21,25), (21,26), (20,26), (20,27), (19,27)]
Turtle 5 :[(-5,-5), (35,49), (35,48), (35,47), (35,46), (36,46), (36,45), (-5,-5), (-5,-5), (-5,-5), (-5,-5)]

Shrinking Run 20
#Info# Executed steps before collision: 10, Found collision: false
Turtle 1 :[(-1,-1), (26,24), (25,24), (24,24), (24,25), (23,25), (22,25), (-1,-1), (-1,-1), (-1,-1), (-1,-1)]
Turtle 2 :[(-2,-2), (18,27), (19,27), (20,27), (20,27), (20,27), (21,27), (21,27), (22,27), (23,27), (-2,-2)]
Turtle 3 :[(-3,-3), (5,22), (6,22), (6,22), (6,22), (6,22), (6,22), (6,21), (7,21), (8,21), (8,20)]
Turtle 4 :[(-4,-4), (22,25), (22,25), (22,25), (22,26), (21,26), (21,25), (20,25), (20,26), (19,26), (19,27)]
Turtle 5 :[(-5,-5), (35,49), (35,48), (35,47), (35,46), (36,46), (36,45), (-5,-5), (-5,-5), (-5,-5), (-5,-5)]

Shrinking Run 21
#Info# Executed steps before collision: 11, Found collision: false
Turtle 1 :[(-1,-1), (26,24), (25,24), (24,24), (24,25), (23,25), (22,25), (-1,-1), (-1,-1), (-1,-1), (-1,-1), (-1,-1)]
Turtle 2 :[(-2,-2), (18,27), (18,27), (19,27), (20,27), (20,27), (21,27), (21,27), (22,27), (23,27), (-2,-2), (-2,-2)]
Turtle 3 :[(-3,-3), (5,22), (6,22), (6,22), (6,22), (6,22), (6,22), (6,21), (7,21), (8,21), (8,20), (-3,-3)]
Turtle 4 :[(-4,-4), (22,25), (22,25), (22,25), (22,26), (21,26), (21,26), (22,26), (21,26), (21,27), (20,27), (19,27)]
Turtle 5 :[(-5,-5), (35,49), (35,48), (35,47), (35,46), (36,46), (36,45), (-5,-5), (-5,-5), (-5,-5), (-5,-5), (-5,-5)]

Shrinking Run 22
#Info# Executed steps before collision: 10, Found collision: false
Turtle 1 :[(-1,-1), (26,24), (25,24), (24,24), (24,25), (23,25), (22,25), (-1,-1), (-1,-1), (-1,-1), (-1,-1)]
Turtle 2 :[(-2,-2), (18,27), (18,27), (19,27), (19,27), (20,27), (21,27), (22,27), (22,27), (23,27), (-2,-2)]
Turtle 3 :[(-3,-3), (5,22), (6,22), (6,22), (6,22), (6,22), (6,22), (6,21), (7,21), (8,21), (8,20)]
Turtle 4 :[(-4,-4), (22,25), (22,25), (22,25), (22,26), (21,26), (22,26), (21,26), (21,27), (20,27), (19,27)]
Turtle 5 :[(-5,-5), (35,49), (35,48), (35,47), (35,46), (36,46), (36,45), (-5,-5), (-5,-5), (-5,-5), (-5,-5)]

Shrinking Run 23
#Info# Executed steps before collision: 10, Found collision: false
Turtle 1 :[(-1,-1), (26,24), (25,24), (24,24), (24,25), (23,25), (22,25), (-1,-1), (-1,-1), (-1,-1), (-1,-1)]
Turtle 2 :[(-2,-2), (18,27), (18,27), (19,27), (19,27), (20,27), (21,27), (21,27), (22,27), (23,27), (-2,-2)]
Turtle 3 :[(-3,-3), (5,22), (4,22), (4,22), (4,22), (4,22), (4,22), (4,21), (3,21), (2,21), (2,20)]
Turtle 4 :[(-4,-4), (22,25), (22,25), (22,25), (22,26), (21,26), (21,25), (20,25), (20,26), (19,26), (19,27)]
Turtle 5 :[(-5,-5), (35,49), (35,48), (35,47), (35,46), (36,46), (36,45), (-5,-5), (-5,-5), (-5,-5), (-5,-5)]

Shrinking Run 24
#Info# Executed steps before collision: 11, Found collision: false
Turtle 1 :[(-1,-1), (26,24), (25,24), (24,24), (24,25), (23,25), (22,25), (-1,-1), (-1,-1), (-1,-1), (-1,-1), (-1,-1)]
Turtle 2 :[(-2,-2), (18,27), (18,27), (19,27), (19,27), (20,27), (21,27), (21,27), (22,27), (23,27), (-2,-2), (-2,-2)]
Turtle 3 :[(-3,-3), (5,22), (6,22), (6,22), (6,22), (6,22), (6,22), (6,21), (6,20), (-3,-3), (-3,-3), (-3,-3)]
Turtle 4 :[(-4,-4), (22,25), (22,25), (22,25), (22,26), (21,26), (21,26), (21,25), (21,26), (20,26), (19,26), (19,27)]
Turtle 5 :[(-5,-5), (35,49), (35,48), (35,47), (35,46), (36,46), (36,45), (-5,-5), (-5,-5), (-5,-5), (-5,-5), (-5,-5)]

Shrinking Run 25
#Info# Executed steps before collision: 10, Found collision: false
Turtle 1 :[(-1,-1), (26,24), (25,24), (24,24), (24,25), (23,25), (22,25), (-1,-1), (-1,-1), (-1,-1), (-1,-1)]
Turtle 2 :[(-2,-2), (18,27), (18,27), (19,27), (19,27), (20,27), (21,27), (21,27), (22,27), (23,27), (-2,-2)]
Turtle 3 :[(-3,-3), (5,22), (6,22), (6,22), (6,22), (6,22), (6,22), (6,21), (7,21), (7,20), (-3,-3)]
Turtle 4 :[(-4,-4), (22,25), (22,25), (22,25), (22,26), (21,26), (21,25), (21,26), (21,27), (20,27), (19,27)]
Turtle 5 :[(-5,-5), (35,49), (35,48), (35,47), (35,46), (36,46), (36,45), (-5,-5), (-5,-5), (-5,-5), (-5,-5)]

Shrinking Run 26
#Info# Executed steps before collision: 10, Found collision: false
Turtle 1 :[(-1,-1), (26,24), (25,24), (24,24), (24,25), (23,25), (22,25), (-1,-1), (-1,-1), (-1,-1), (-1,-1)]
Turtle 2 :[(-2,-2), (18,27), (18,27), (19,27), (19,27), (20,27), (21,27), (21,27), (22,27), (23,27), (-2,-2)]
Turtle 3 :[(-3,-3), (5,22), (6,22), (6,22), (6,22), (6,22), (6,22), (6,21), (7,21), (7,20), (7,19)]
Turtle 4 :[(-4,-4), (22,25), (22,25), (22,25), (22,26), (21,26), (22,26), (21,26), (21,27), (20,27), (19,27)]
Turtle 5 :[(-5,-5), (35,49), (35,48), (35,47), (35,46), (36,46), (36,45), (-5,-5), (-5,-5), (-5,-5), (-5,-5)]

Shrinking Run 27
#Info# Executed steps before collision: 12, Found collision: false
Turtle 1 :[(-1,-1), (26,24), (25,24), (24,24), (24,25), (23,25), (22,25), (-1,-1), (-1,-1), (-1,-1), (-1,-1), (-1,-1), (-1,-1)]
Turtle 2 :[(-2,-2), (18,27), (18,27), (19,27), (19,27), (20,27), (21,27), (21,27), (22,27), (23,27), (-2,-2), (-2,-2), (-2,-2)]
Turtle 3 :[(-3,-3), (5,22), (6,22), (6,22), (6,22), (6,22), (6,22), (6,21), (6,20), (6,19), (-3,-3), (-3,-3), (-3,-3)]
Turtle 4 :[(-4,-4), (22,25), (22,25), (22,25), (22,26), (21,26), (22,26), (21,26), (22,26), (22,27), (21,27), (20,27), (19,27)]
Turtle 5 :[(-5,-5), (35,49), (35,48), (35,47), (35,46), (36,46), (36,45), (-5,-5), (-5,-5), (-5,-5), (-5,-5), (-5,-5), (-5,-5)]

Shrinking Run 28
#Info# Executed steps before collision: 9, Found collision: false
Turtle 1 :[(-1,-1), (26,24), (25,24), (24,24), (24,25), (23,25), (22,25), (-1,-1), (-1,-1), (-1,-1)]
Turtle 2 :[(-2,-2), (18,27), (18,27), (19,27), (19,27), (20,27), (21,27), (21,27), (22,27), (23,27)]
Turtle 3 :[(-3,-3), (5,22), (6,22), (7,22), (7,21), (8,21), (8,20), (-3,-3), (-3,-3), (-3,-3)]
Turtle 4 :[(-4,-4), (22,25), (22,25), (22,25), (22,26), (21,26), (21,26), (20,26), (19,26), (19,27)]
Turtle 5 :[(-5,-5), (35,49), (35,48), (35,47), (35,46), (36,46), (36,45), (-5,-5), (-5,-5), (-5,-5)]

Shrinking Run 29
#Info# Executed steps before collision: 6, Found collision: true
Turtle 1 :[(-1,-1), (26,24), (25,24), (24,24), (24,25), (23,25), (22,25), (-1,-1), (-1,-1), (-1,-1), (-1,-1)]
Turtle 2 :[(-2,-2), (18,27), (18,27), (19,27), (19,27), (20,27), (21,27), (21,27), (21,27), (22,27), (23,27)]
Turtle 3 :[(-3,-3), (5,22), (6,22), (6,21), (6,21), (7,21), (8,21), (8,20), (-3,-3), (-3,-3), (-3,-3)]
Turtle 4 :[(-4,-4), (22,25), (22,25), (22,25), (22,26), (21,26), (21,27), (20,27), (19,27), (-4,-4), (-4,-4)]
Turtle 5 :[(-5,-5), (35,49), (35,48), (35,47), (35,46), (36,46), (36,45), (-5,-5), (-5,-5), (-5,-5), (-5,-5)]

Shrinking Run 30
#Info# Executed steps before collision: 10, Found collision: false
Turtle 1 :[(-1,-1), (26,24), (25,24), (24,24), (24,25), (23,25), (22,25), (-1,-1), (-1,-1), (-1,-1), (-1,-1)]
Turtle 2 :[(-2,-2), (18,27), (18,27), (19,27), (19,27), (20,27), (21,27), (21,27), (22,27), (23,27), (-2,-2)]
Turtle 3 :[(-3,-3), (5,22), (6,22), (7,22), (7,22), (7,21), (8,21), (8,20), (-3,-3), (-3,-3), (-3,-3)]
Turtle 4 :[(-4,-4), (22,25), (22,25), (22,25), (22,26), (21,26), (21,25), (21,26), (20,26), (20,27), (19,27)]
Turtle 5 :[(-5,-5), (35,49), (35,48), (35,47), (35,46), (36,46), (36,45), (-5,-5), (-5,-5), (-5,-5), (-5,-5)]

Shrinking Run 31
#Info# Executed steps before collision: 8, Found collision: true
Turtle 1 :[(-1,-1), (26,24), (25,24), (24,24), (24,25), (23,25), (22,25), (-1,-1), (-1,-1), (-1,-1), (-1,-1), (-1,-1)]
Turtle 2 :[(-2,-2), (18,27), (18,27), (19,27), (19,27), (20,27), (21,27), (21,27), (22,27), (23,27), (-2,-2), (-2,-2)]
Turtle 3 :[(-3,-3), (5,22), (6,22), (6,21), (7,21), (7,21), (8,21), (8,20), (-3,-3), (-3,-3), (-3,-3), (-3,-3)]
Turtle 4 :[(-4,-4), (22,25), (22,25), (22,25), (22,26), (21,26), (21,26), (22,26), (22,27), (21,27), (20,27), (19,27)]
Turtle 5 :[(-5,-5), (35,49), (35,48), (35,47), (35,46), (36,46), (36,45), (-5,-5), (-5,-5), (-5,-5), (-5,-5), (-5,-5)]

Shrinking Run 32
#Info# Executed steps before collision: 13, Found collision: false
Turtle 1 :[(-1,-1), (26,24), (25,24), (24,24), (24,25), (23,25), (22,25), (-1,-1), (-1,-1), (-1,-1), (-1,-1), (-1,-1), (-1,-1), (-1,-1)]
Turtle 2 :[(-2,-2), (18,27), (18,27), (19,27), (19,27), (20,27), (21,27), (21,27), (22,27), (23,27), (-2,-2), (-2,-2), (-2,-2), (-2,-2)]
Turtle 3 :[(-3,-3), (5,22), (6,22), (6,21), (7,21), (8,21), (8,21), (8,20), (-3,-3), (-3,-3), (-3,-3), (-3,-3), (-3,-3), (-3,-3)]
Turtle 4 :[(-4,-4), (22,25), (22,25), (22,25), (22,26), (21,26), (21,26), (21,26), (21,26), (21,27), (21,27), (20,27), (20,27), (19,27)]
Turtle 5 :[(-5,-5), (35,49), (35,48), (35,47), (35,46), (36,46), (36,45), (-5,-5), (-5,-5), (-5,-5), (-5,-5), (-5,-5), (-5,-5), (-5,-5)]

Shrinking Run 33
#Info# Executed steps before collision: 10, Found collision: false
Turtle 1 :[(-1,-1), (26,24), (25,24), (24,24), (24,25), (23,25), (22,25), (-1,-1), (-1,-1), (-1,-1), (-1,-1)]
Turtle 2 :[(-2,-2), (18,27), (18,27), (19,27), (19,27), (20,27), (21,27), (21,27), (22,27), (23,27), (-2,-2)]
Turtle 3 :[(-3,-3), (5,22), (6,22), (6,21), (7,21), (7,21), (8,21), (8,20), (-3,-3), (-3,-3), (-3,-3)]
Turtle 4 :[(-4,-4), (22,25), (22,25), (22,25), (21,25), (20,25), (20,26), (20,26), (19,26), (19,26), (18,26)]
Turtle 5 :[(-5,-5), (35,49), (35,48), (35,47), (35,46), (36,46), (36,45), (-5,-5), (-5,-5), (-5,-5), (-5,-5)]

Shrinking Run 34
#Info# Executed steps before collision: 10, Found collision: false
Turtle 1 :[(-1,-1), (26,24), (25,24), (24,24), (24,25), (23,25), (22,25), (-1,-1), (-1,-1), (-1,-1), (-1,-1)]
Turtle 2 :[(-2,-2), (18,27), (18,27), (19,27), (19,27), (20,27), (21,27), (21,27), (22,27), (23,27), (-2,-2)]
Turtle 3 :[(-3,-3), (5,22), (6,22), (6,21), (7,21), (7,21), (8,21), (8,20), (-3,-3), (-3,-3), (-3,-3)]
Turtle 4 :[(-4,-4), (22,25), (22,25), (22,25), (22,24), (22,23), (22,22), (22,22), (21,22), (21,22), (20,22)]
Turtle 5 :[(-5,-5), (35,49), (35,48), (35,47), (35,46), (36,46), (36,45), (-5,-5), (-5,-5), (-5,-5), (-5,-5)]

Shrinking Run 35
#Info# Executed steps before collision: 10, Found collision: false
Turtle 1 :[(-1,-1), (26,24), (25,24), (24,24), (24,25), (23,25), (22,25), (-1,-1), (-1,-1), (-1,-1), (-1,-1)]
Turtle 2 :[(-2,-2), (18,27), (18,27), (19,27), (19,27), (20,27), (21,27), (21,27), (22,27), (23,27), (-2,-2)]
Turtle 3 :[(-3,-3), (5,22), (6,22), (6,21), (7,21), (7,21), (8,21), (8,20), (-3,-3), (-3,-3), (-3,-3)]
Turtle 4 :[(-4,-4), (22,25), (22,25), (22,25), (21,25), (21,24), (21,23), (21,23), (20,23), (20,23), (19,23)]
Turtle 5 :[(-5,-5), (35,49), (35,48), (35,47), (35,46), (36,46), (36,45), (-5,-5), (-5,-5), (-5,-5), (-5,-5)]

Shrinking Run 36
#Info# Executed steps before collision: 11, Found collision: false
Turtle 1 :[(-1,-1), (26,24), (25,24), (24,24), (24,25), (23,25), (22,25), (-1,-1), (-1,-1), (-1,-1), (-1,-1), (-1,-1)]
Turtle 2 :[(-2,-2), (18,27), (18,27), (19,27), (19,27), (20,27), (21,27), (21,27), (22,27), (23,27), (-2,-2), (-2,-2)]
Turtle 3 :[(-3,-3), (5,22), (6,22), (6,21), (7,21), (7,21), (8,21), (8,20), (-3,-3), (-3,-3), (-3,-3), (-3,-3)]
Turtle 4 :[(-4,-4), (22,25), (22,25), (22,25), (22,26), (22,27), (22,27), (22,26), (21,26), (20,26), (20,27), (19,27)]
Turtle 5 :[(-5,-5), (35,49), (35,48), (35,47), (35,46), (36,46), (36,45), (-5,-5), (-5,-5), (-5,-5), (-5,-5), (-5,-5)]

Shrinking Run 37
#Info# Executed steps before collision: 10, Found collision: false
Turtle 1 :[(-1,-1), (26,24), (25,24), (24,24), (24,25), (23,25), (22,25), (-1,-1), (-1,-1), (-1,-1), (-1,-1)]
Turtle 2 :[(-2,-2), (18,27), (18,27), (19,27), (19,27), (20,27), (21,27), (21,27), (22,27), (23,27), (-2,-2)]
Turtle 3 :[(-3,-3), (5,22), (6,22), (6,21), (7,21), (7,21), (8,21), (8,20), (-3,-3), (-3,-3), (-3,-3)]
Turtle 4 :[(-4,-4), (22,25), (22,25), (22,25), (21,25), (20,25), (20,26), (20,26), (19,26), (19,26), (19,27)]
Turtle 5 :[(-5,-5), (35,49), (35,48), (35,47), (35,46), (36,46), (36,45), (-5,-5), (-5,-5), (-5,-5), (-5,-5)]

Shrinking Run 38
#Info# Executed steps before collision: 5, Found collision: true
Turtle 1 :[(-1,-1), (26,24), (25,24), (24,24), (24,25), (23,25), (22,25), (-1,-1), (-1,-1), (-1,-1)]
Turtle 2 :[(-2,-2), (18,27), (18,27), (19,27), (19,27), (20,27), (21,27), (21,27), (22,27), (23,27)]
Turtle 3 :[(-3,-3), (5,22), (6,22), (6,21), (7,21), (7,21), (8,21), (8,20), (-3,-3), (-3,-3)]
Turtle 4 :[(-4,-4), (22,25), (22,26), (21,26), (21,27), (20,27), (19,27), (-4,-4), (-4,-4), (-4,-4)]
Turtle 5 :[(-5,-5), (35,49), (35,48), (35,47), (35,46), (36,46), (36,45), (-5,-5), (-5,-5), (-5,-5)]

Shrinking Run 39
#Info# Executed steps before collision: 9, Found collision: false
Turtle 1 :[(-1,-1), (26,24), (25,24), (24,24), (24,25), (23,25), (22,25), (-1,-1), (-1,-1), (-1,-1)]
Turtle 2 :[(-2,-2), (18,27), (18,27), (19,27), (19,27), (20,27), (21,27), (21,27), (22,27), (23,27)]
Turtle 3 :[(-3,-3), (5,22), (6,22), (6,21), (7,21), (7,21), (8,21), (8,20), (-3,-3), (-3,-3)]
Turtle 4 :[(-4,-4), (22,25), (22,26), (21,26), (20,26), (21,26), (20,26), (19,26), (19,27), (-4,-4)]
Turtle 5 :[(-5,-5), (35,49), (35,48), (35,47), (35,46), (36,46), (36,45), (-5,-5), (-5,-5), (-5,-5)]

Shrinking Run 40
#Info# Executed steps before collision: 5, Found collision: true
Turtle 1 :[(-1,-1), (26,24), (25,24), (24,24), (24,25), (23,25), (22,25), (-1,-1), (-1,-1), (-1,-1)]
Turtle 2 :[(-2,-2), (18,27), (18,27), (19,27), (19,27), (20,27), (21,27), (21,27), (22,27), (23,27)]
Turtle 3 :[(-3,-3), (5,22), (6,22), (6,21), (7,21), (7,21), (8,21), (8,20), (-3,-3), (-3,-3)]
Turtle 4 :[(-4,-4), (22,25), (21,25), (20,25), (20,26), (20,27), (19,27), (-4,-4), (-4,-4), (-4,-4)]
Turtle 5 :[(-5,-5), (35,49), (35,48), (35,47), (35,46), (36,46), (36,45), (-5,-5), (-5,-5), (-5,-5)]

Shrinking Run 41
#Info# Executed steps before collision: 5, Found collision: true
Turtle 1 :[(-1,-1), (26,24), (25,24), (24,24), (24,25), (23,25), (22,25), (-1,-1), (-1,-1), (-1,-1)]
Turtle 2 :[(-2,-2), (18,27), (18,27), (19,27), (19,27), (20,27), (21,27), (21,27), (22,27), (23,27)]
Turtle 3 :[(-3,-3), (5,22), (6,22), (6,21), (7,21), (7,21), (8,21), (8,20), (-3,-3), (-3,-3)]
Turtle 4 :[(-4,-4), (22,25), (21,25), (21,26), (21,27), (20,27), (19,27), (-4,-4), (-4,-4), (-4,-4)]
Turtle 5 :[(-5,-5), (35,49), (35,48), (35,47), (35,46), (36,46), (36,45), (-5,-5), (-5,-5), (-5,-5)]

Shrinking Run 42
#Info# Executed steps before collision: 10, Found collision: false
Turtle 1 :[(-1,-1), (26,24), (25,24), (24,24), (24,25), (23,25), (22,25), (-1,-1), (-1,-1), (-1,-1), (-1,-1)]
Turtle 2 :[(-2,-2), (18,27), (18,27), (19,27), (19,27), (20,27), (19,27), (20,27), (21,27), (22,27), (23,27)]
Turtle 3 :[(-3,-3), (5,22), (6,22), (6,21), (7,21), (7,21), (8,21), (8,20), (-3,-3), (-3,-3), (-3,-3)]
Turtle 4 :[(-4,-4), (22,25), (21,25), (21,26), (21,27), (21,27), (21,28), (21,27), (20,27), (19,27), (-4,-4)]
Turtle 5 :[(-5,-5), (35,49), (34,49), (33,49), (33,48), (32,48), (32,47), (-5,-5), (-5,-5), (-5,-5), (-5,-5)]

Shrinking Run 43
#Info# Executed steps before collision: 9, Found collision: false
Turtle 1 :[(-1,-1), (26,24), (25,24), (24,24), (24,25), (23,25), (22,25), (-1,-1), (-1,-1), (-1,-1)]
Turtle 2 :[(-2,-2), (18,27), (18,27), (19,27), (19,27), (20,27), (21,27), (21,27), (22,27), (23,27)]
Turtle 3 :[(-3,-3), (5,22), (6,22), (6,21), (7,21), (7,21), (8,21), (8,20), (-3,-3), (-3,-3)]
Turtle 4 :[(-4,-4), (22,25), (21,25), (21,26), (21,27), (21,26), (20,26), (20,27), (19,27), (-4,-4)]
Turtle 5 :[(-5,-5), (35,49), (35,48), (34,48), (34,47), (33,47), (33,46), (-5,-5), (-5,-5), (-5,-5)]

Shrinking Run 44
#Info# Executed steps before collision: 6, Found collision: true
Turtle 1 :[(-1,-1), (26,24), (25,24), (24,24), (24,25), (23,25), (22,25), (-1,-1), (-1,-1), (-1,-1), (-1,-1)]
Turtle 2 :[(-2,-2), (18,27), (18,27), (19,27), (19,27), (20,27), (21,27), (21,28), (22,28), (23,28), (23,27)]
Turtle 3 :[(-3,-3), (5,22), (6,22), (6,21), (7,21), (7,21), (8,21), (8,20), (-3,-3), (-3,-3), (-3,-3)]
Turtle 4 :[(-4,-4), (22,25), (21,25), (21,26), (21,27), (22,27), (21,27), (20,27), (19,27), (-4,-4), (-4,-4)]
Turtle 5 :[(-5,-5), (35,49), (35,48), (35,47), (35,46), (34,46), (34,45), (-5,-5), (-5,-5), (-5,-5), (-5,-5)]

Shrinking Run 45
#Info# Executed steps before collision: 11, Found collision: false
Turtle 1 :[(-1,-1), (26,24), (25,24), (24,24), (24,25), (23,25), (22,25), (-1,-1), (-1,-1), (-1,-1), (-1,-1), (-1,-1)]
Turtle 2 :[(-2,-2), (18,27), (18,27), (19,27), (19,27), (19,27), (19,26), (20,26), (21,26), (22,26), (23,26), (23,27)]
Turtle 3 :[(-3,-3), (5,22), (6,22), (6,21), (7,21), (7,21), (8,21), (8,20), (-3,-3), (-3,-3), (-3,-3), (-3,-3)]
Turtle 4 :[(-4,-4), (22,25), (21,25), (21,26), (21,27), (20,27), (21,27), (20,27), (19,27), (-4,-4), (-4,-4), (-4,-4)]
Turtle 5 :[(-5,-5), (35,49), (35,48), (34,48), (34,47), (34,46), (34,45), (-5,-5), (-5,-5), (-5,-5), (-5,-5), (-5,-5)]

Shrinking Run 46
#Info# Executed steps before collision: 5, Found collision: true
Turtle 1 :[(-1,-1), (26,24), (25,24), (24,24), (24,25), (23,25), (22,25), (-1,-1), (-1,-1), (-1,-1)]
Turtle 2 :[(-2,-2), (18,27), (18,27), (19,27), (19,27), (20,27), (21,27), (21,27), (22,27), (23,27)]
Turtle 3 :[(-3,-3), (5,22), (6,22), (6,21), (7,21), (7,21), (8,21), (8,20), (-3,-3), (-3,-3)]
Turtle 4 :[(-4,-4), (22,25), (21,25), (21,26), (21,27), (20,27), (19,27), (-4,-4), (-4,-4), (-4,-4)]
Turtle 5 :[(-5,-5), (35,49), (34,49), (34,48), (34,47), (34,46), (34,45), (-5,-5), (-5,-5), (-5,-5)]

Shrinking Run 47
#Info# Executed steps before collision: 10, Found collision: false
Turtle 1 :[(-1,-1), (26,24), (25,24), (24,24), (24,25), (23,25), (22,25), (-1,-1), (-1,-1), (-1,-1), (-1,-1)]
Turtle 2 :[(-2,-2), (18,27), (18,27), (19,27), (19,27), (20,27), (21,27), (21,27), (22,27), (23,27), (-2,-2)]
Turtle 3 :[(-3,-3), (5,22), (6,22), (6,21), (7,21), (7,21), (8,21), (8,20), (-3,-3), (-3,-3), (-3,-3)]
Turtle 4 :[(-4,-4), (22,25), (21,25), (21,26), (21,27), (22,27), (23,27), (22,27), (21,27), (20,27), (19,27)]
Turtle 5 :[(-5,-5), (35,49), (34,49), (34,48), (34,47), (33,47), (33,46), (-5,-5), (-5,-5), (-5,-5), (-5,-5)]

Shrinking Run 48
#Info# Executed steps before collision: 8, Found collision: false
Turtle 1 :[(-1,-1), (26,24), (25,24), (24,24), (24,25), (23,25), (22,25), (-1,-1), (-1,-1)]
Turtle 2 :[(-2,-2), (18,27), (18,27), (19,27), (19,27), (20,27), (21,27), (22,27), (23,27)]
Turtle 3 :[(-3,-3), (5,22), (6,22), (6,21), (7,21), (7,21), (8,21), (8,20), (-3,-3)]
Turtle 4 :[(-4,-4), (22,25), (21,25), (21,26), (21,27), (21,26), (20,26), (19,26), (19,27)]
Turtle 5 :[(-5,-5), (35,49), (34,49), (34,48), (33,48), (33,47), (33,46), (-5,-5), (-5,-5)]

Shrinking Run 49
#Info# Executed steps before collision: 10, Found collision: false
Turtle 1 :[(-1,-1), (26,24), (25,24), (24,24), (24,25), (23,25), (22,25), (-1,-1), (-1,-1), (-1,-1), (-1,-1)]
Turtle 2 :[(-2,-2), (18,27), (18,27), (19,27), (19,27), (20,27), (21,27), (21,27), (22,27), (23,27), (-2,-2)]
Turtle 3 :[(-3,-3), (5,22), (6,22), (6,21), (7,21), (7,21), (8,21), (8,20), (-3,-3), (-3,-3), (-3,-3)]
Turtle 4 :[(-4,-4), (22,25), (21,25), (21,26), (21,27), (21,28), (21,29), (20,29), (20,28), (19,28), (19,27)]
Turtle 5 :[(-5,-5), (35,49), (34,49), (34,48), (34,47), (34,46), (33,46), (-5,-5), (-5,-5), (-5,-5), (-5,-5)]

Shrinking Run 50
#Info# Executed steps before collision: 10, Found collision: false
Turtle 1 :[(-1,-1), (26,24), (25,24), (25,23), (25,22), (25,21), (24,21), (-1,-1), (-1,-1), (-1,-1), (-1,-1)]
Turtle 2 :[(-2,-2), (18,27), (18,27), (19,27), (19,27), (20,27), (21,27), (21,27), (22,27), (23,27), (-2,-2)]
Turtle 3 :[(-3,-3), (5,22), (6,22), (6,21), (7,21), (7,21), (8,21), (8,20), (-3,-3), (-3,-3), (-3,-3)]
Turtle 4 :[(-4,-4), (22,25), (21,25), (21,26), (21,27), (21,26), (22,26), (22,27), (21,27), (20,27), (19,27)]
Turtle 5 :[(-5,-5), (35,49), (34,49), (34,48), (34,47), (34,46), (34,45), (-5,-5), (-5,-5), (-5,-5), (-5,-5)]

Shrinking Run 51
#Info# Executed steps before collision: 11, Found collision: false
Turtle 1 :[(-1,-1), (26,24), (25,24), (25,23), (25,22), (24,22), (23,22), (-1,-1), (-1,-1), (-1,-1), (-1,-1), (-1,-1)]
Turtle 2 :[(-2,-2), (18,27), (18,27), (19,27), (19,27), (20,27), (21,27), (22,27), (23,27), (-2,-2), (-2,-2), (-2,-2)]
Turtle 3 :[(-3,-3), (5,22), (6,22), (6,21), (7,21), (7,21), (8,21), (8,20), (-3,-3), (-3,-3), (-3,-3), (-3,-3)]
Turtle 4 :[(-4,-4), (22,25), (21,25), (21,26), (21,27), (21,27), (21,26), (22,26), (21,26), (20,26), (19,26), (19,27)]
Turtle 5 :[(-5,-5), (35,49), (34,49), (34,48), (34,47), (34,46), (34,45), (-5,-5), (-5,-5), (-5,-5), (-5,-5), (-5,-5)]

Shrinking Run 52
#Info# Executed steps before collision: 5, Found collision: true
Turtle 1 :[(-1,-1), (26,24), (25,24), (24,24), (23,24), (22,24), (22,25), (-1,-1), (-1,-1), (-1,-1)]
Turtle 2 :[(-2,-2), (18,27), (18,27), (19,27), (19,27), (20,27), (21,27), (21,27), (22,27), (23,27)]
Turtle 3 :[(-3,-3), (5,22), (6,22), (6,21), (7,21), (7,21), (8,21), (8,20), (-3,-3), (-3,-3)]
Turtle 4 :[(-4,-4), (22,25), (21,25), (21,26), (21,27), (20,27), (19,27), (-4,-4), (-4,-4), (-4,-4)]
Turtle 5 :[(-5,-5), (35,49), (34,49), (34,48), (34,47), (34,46), (34,45), (-5,-5), (-5,-5), (-5,-5)]

Shrinking Run 53
#Info# Executed steps before collision: 10, Found collision: false
Turtle 1 :[(-1,-1), (26,24), (25,24), (24,24), (23,24), (22,24), (22,23), (-1,-1), (-1,-1), (-1,-1), (-1,-1)]
Turtle 2 :[(-2,-2), (18,27), (18,27), (19,27), (19,27), (20,27), (20,28), (21,28), (22,28), (22,27), (23,27)]
Turtle 3 :[(-3,-3), (5,22), (6,22), (6,21), (7,21), (7,21), (8,21), (8,20), (-3,-3), (-3,-3), (-3,-3)]
Turtle 4 :[(-4,-4), (22,25), (21,25), (21,26), (21,27), (21,27), (22,27), (21,27), (20,27), (19,27), (-4,-4)]
Turtle 5 :[(-5,-5), (35,49), (34,49), (34,48), (34,47), (34,46), (34,45), (-5,-5), (-5,-5), (-5,-5), (-5,-5)]

Shrinking Run 54
#Info# Executed steps before collision: 6, Found collision: true
Turtle 1 :[(-1,-1), (26,24), (25,24), (24,24), (23,24), (22,24), (21,24), (-1,-1), (-1,-1)]
Turtle 2 :[(-2,-2), (18,27), (18,27), (19,27), (19,27), (20,27), (21,27), (22,27), (23,27)]
Turtle 3 :[(-3,-3), (5,22), (6,22), (6,21), (7,21), (7,21), (8,21), (8,20), (-3,-3)]
Turtle 4 :[(-4,-4), (22,25), (21,25), (21,26), (21,27), (21,27), (21,27), (20,27), (19,27)]
Turtle 5 :[(-5,-5), (35,49), (34,49), (34,48), (34,47), (34,46), (34,45), (-5,-5), (-5,-5)]

Shrinking Run 55
#Info# Executed steps before collision: 9, Found collision: false
Turtle 1 :[(-1,-1), (26,24), (25,24), (24,24), (23,24), (22,24), (21,24), (-1,-1), (-1,-1), (-1,-1)]
Turtle 2 :[(-2,-2), (18,27), (18,27), (17,27), (17,27), (16,27), (15,27), (15,27), (14,27), (13,27)]
Turtle 3 :[(-3,-3), (5,22), (6,22), (6,21), (7,21), (7,21), (8,21), (8,20), (-3,-3), (-3,-3)]
Turtle 4 :[(-4,-4), (22,25), (21,25), (21,26), (21,27), (20,27), (19,27), (-4,-4), (-4,-4), (-4,-4)]
Turtle 5 :[(-5,-5), (35,49), (34,49), (34,48), (34,47), (34,46), (34,45), (-5,-5), (-5,-5), (-5,-5)]

Shrinking Run 56
#Info# Executed steps before collision: 7, Found collision: false
Turtle 1 :[(-1,-1), (26,24), (25,24), (24,24), (23,24), (22,24), (21,24), (-1,-1)]
Turtle 2 :[(-2,-2), (18,27), (18,26), (17,26), (16,26), (15,26), (-2,-2), (-2,-2)]
Turtle 3 :[(-3,-3), (5,22), (6,22), (6,21), (7,21), (7,21), (8,21), (8,20)]
Turtle 4 :[(-4,-4), (22,25), (21,25), (21,26), (21,27), (20,27), (19,27), (-4,-4)]
Turtle 5 :[(-5,-5), (35,49), (34,49), (34,48), (34,47), (34,46), (34,45), (-5,-5)]

Shrinking Run 57
#Info# Executed steps before collision: 7, Found collision: false
Turtle 1 :[(-1,-1), (26,24), (25,24), (24,24), (23,24), (22,24), (21,24), (-1,-1)]
Turtle 2 :[(-2,-2), (18,27), (17,27), (18,27), (19,27), (19,26), (-2,-2), (-2,-2)]
Turtle 3 :[(-3,-3), (5,22), (6,22), (6,21), (7,21), (7,21), (8,21), (8,20)]
Turtle 4 :[(-4,-4), (22,25), (21,25), (21,26), (21,27), (20,27), (19,27), (-4,-4)]
Turtle 5 :[(-5,-5), (35,49), (34,49), (34,48), (34,47), (34,46), (34,45), (-5,-5)]

Shrinking Run 58
#Info# Executed steps before collision: 7, Found collision: false
Turtle 1 :[(-1,-1), (26,24), (25,24), (24,24), (23,24), (22,24), (21,24), (-1,-1)]
Turtle 2 :[(-2,-2), (18,27), (18,26), (19,26), (20,26), (21,26), (-2,-2), (-2,-2)]
Turtle 3 :[(-3,-3), (5,22), (6,22), (6,21), (7,21), (7,21), (8,21), (8,20)]
Turtle 4 :[(-4,-4), (22,25), (21,25), (21,26), (21,27), (20,27), (19,27), (-4,-4)]
Turtle 5 :[(-5,-5), (35,49), (34,49), (34,48), (34,47), (34,46), (34,45), (-5,-5)]

Shrinking Run 59
#Info# Executed steps before collision: 10, Found collision: false
Turtle 1 :[(-1,-1), (26,24), (25,24), (24,24), (23,24), (22,24), (21,24), (-1,-1), (-1,-1), (-1,-1), (-1,-1)]
Turtle 2 :[(-2,-2), (18,27), (18,27), (19,27), (19,27), (20,27), (21,27), (21,27), (22,27), (22,26), (-2,-2)]
Turtle 3 :[(-3,-3), (5,22), (6,22), (6,21), (7,21), (7,21), (8,21), (8,20), (-3,-3), (-3,-3), (-3,-3)]
Turtle 4 :[(-4,-4), (22,25), (21,25), (21,26), (21,27), (22,27), (22,26), (21,26), (20,26), (20,27), (19,27)]
Turtle 5 :[(-5,-5), (35,49), (34,49), (34,48), (34,47), (34,46), (34,45), (-5,-5), (-5,-5), (-5,-5), (-5,-5)]

Shrinking Run 60
#Info# Executed steps before collision: 9, Found collision: false
Turtle 1 :[(-1,-1), (26,24), (25,24), (24,24), (23,24), (22,24), (21,24), (-1,-1), (-1,-1), (-1,-1)]
Turtle 2 :[(-2,-2), (18,27), (18,27), (17,27), (17,27), (16,27), (15,27), (15,27), (15,26), (14,26)]
Turtle 3 :[(-3,-3), (5,22), (6,22), (6,21), (7,21), (7,21), (8,21), (8,20), (-3,-3), (-3,-3)]
Turtle 4 :[(-4,-4), (22,25), (21,25), (21,26), (21,27), (20,27), (19,27), (-4,-4), (-4,-4), (-4,-4)]
Turtle 5 :[(-5,-5), (35,49), (34,49), (34,48), (34,47), (34,46), (34,45), (-5,-5), (-5,-5), (-5,-5)]

Shrinking Run 61
#Info# Executed steps before collision: 9, Found collision: false
Turtle 1 :[(-1,-1), (26,24), (25,24), (24,24), (23,24), (22,24), (21,24), (-1,-1), (-1,-1), (-1,-1)]
Turtle 2 :[(-2,-2), (18,27), (18,27), (18,26), (18,26), (17,26), (16,26), (16,26), (16,25), (15,25)]
Turtle 3 :[(-3,-3), (5,22), (6,22), (6,21), (7,21), (7,21), (8,21), (8,20), (-3,-3), (-3,-3)]
Turtle 4 :[(-4,-4), (22,25), (21,25), (21,26), (21,27), (20,27), (19,27), (-4,-4), (-4,-4), (-4,-4)]
Turtle 5 :[(-5,-5), (35,49), (34,49), (34,48), (34,47), (34,46), (34,45), (-5,-5), (-5,-5), (-5,-5)]

Shrinking Run 62
#Info# Executed steps before collision: 9, Found collision: false
Turtle 1 :[(-1,-1), (26,24), (25,24), (24,24), (23,24), (22,24), (21,24), (-1,-1), (-1,-1), (-1,-1)]
Turtle 2 :[(-2,-2), (18,27), (18,27), (18,26), (18,26), (19,26), (19,25), (19,25), (19,24), (19,23)]
Turtle 3 :[(-3,-3), (5,22), (6,22), (6,21), (7,21), (7,21), (8,21), (8,20), (-3,-3), (-3,-3)]
Turtle 4 :[(-4,-4), (22,25), (21,25), (21,26), (21,27), (20,27), (19,27), (-4,-4), (-4,-4), (-4,-4)]
Turtle 5 :[(-5,-5), (35,49), (34,49), (34,48), (34,47), (34,46), (34,45), (-5,-5), (-5,-5), (-5,-5)]

Shrinking Run 63
#Info# Executed steps before collision: 9, Found collision: false
Turtle 1 :[(-1,-1), (26,24), (25,24), (24,24), (23,24), (22,24), (21,24), (-1,-1), (-1,-1), (-1,-1)]
Turtle 2 :[(-2,-2), (18,27), (18,27), (18,26), (18,26), (19,26), (20,26), (20,26), (20,25), (21,25)]
Turtle 3 :[(-3,-3), (5,22), (6,22), (6,21), (7,21), (7,21), (8,21), (8,20), (-3,-3), (-3,-3)]
Turtle 4 :[(-4,-4), (22,25), (21,25), (21,26), (21,27), (20,27), (19,27), (-4,-4), (-4,-4), (-4,-4)]
Turtle 5 :[(-5,-5), (35,49), (34,49), (34,48), (34,47), (34,46), (34,45), (-5,-5), (-5,-5), (-5,-5)]

Shrinking Run 64
#Info# Executed steps before collision: 4, Found collision: true
Turtle 1 :[(-1,-1), (26,24), (25,24), (24,24), (23,24), (22,24), (21,24), (-1,-1)]
Turtle 2 :[(-2,-2), (18,27), (19,27), (20,27), (21,27), (22,27), (23,27), (-2,-2)]
Turtle 3 :[(-3,-3), (5,22), (6,22), (6,21), (7,21), (7,21), (8,21), (8,20)]
Turtle 4 :[(-4,-4), (22,25), (21,25), (21,26), (21,27), (20,27), (19,27), (-4,-4)]
Turtle 5 :[(-5,-5), (35,49), (34,49), (34,48), (34,47), (34,46), (34,45), (-5,-5)]

Shrinking Run 65
#Info# Executed steps before collision: 4, Found collision: true
Turtle 1 :[(-1,-1), (26,24), (25,24), (24,24), (23,24), (22,24), (21,24), (-1,-1), (-1,-1), (-1,-1), (-1,-1)]
Turtle 2 :[(-2,-2), (18,27), (19,27), (20,27), (21,27), (22,27), (23,27), (-2,-2), (-2,-2), (-2,-2), (-2,-2)]
Turtle 3 :[(-3,-3), (5,22), (4,22), (4,22), (4,22), (4,22), (4,22), (4,21), (3,21), (2,21), (2,20)]
Turtle 4 :[(-4,-4), (22,25), (21,25), (21,26), (21,27), (20,27), (19,27), (-4,-4), (-4,-4), (-4,-4), (-4,-4)]
Turtle 5 :[(-5,-5), (35,49), (34,49), (34,48), (34,47), (34,46), (34,45), (-5,-5), (-5,-5), (-5,-5), (-5,-5)]

Shrinking Run 66
#Info# Executed steps before collision: 4, Found collision: true
Turtle 1 :[(-1,-1), (26,24), (25,24), (24,24), (23,24), (22,24), (21,24), (-1,-1), (-1,-1), (-1,-1), (-1,-1)]
Turtle 2 :[(-2,-2), (18,27), (19,27), (20,27), (21,27), (22,27), (23,27), (-2,-2), (-2,-2), (-2,-2), (-2,-2)]
Turtle 3 :[(-3,-3), (5,22), (4,22), (4,22), (4,22), (4,22), (4,22), (3,22), (2,22), (1,22), (1,21)]
Turtle 4 :[(-4,-4), (22,25), (21,25), (21,26), (21,27), (20,27), (19,27), (-4,-4), (-4,-4), (-4,-4), (-4,-4)]
Turtle 5 :[(-5,-5), (35,49), (34,49), (34,48), (34,47), (34,46), (34,45), (-5,-5), (-5,-5), (-5,-5), (-5,-5)]

Shrinking Run 67
#Info# Executed steps before collision: 4, Found collision: true
Turtle 1 :[(-1,-1), (26,24), (25,24), (24,24), (23,24), (22,24), (21,24), (-1,-1), (-1,-1), (-1,-1), (-1,-1)]
Turtle 2 :[(-2,-2), (18,27), (19,27), (20,27), (21,27), (21,28), (22,28), (22,27), (23,27), (-2,-2), (-2,-2)]
Turtle 3 :[(-3,-3), (5,22), (4,22), (4,22), (4,22), (4,22), (4,22), (3,22), (2,22), (1,22), (0,22)]
Turtle 4 :[(-4,-4), (22,25), (21,25), (21,26), (21,27), (20,27), (19,27), (-4,-4), (-4,-4), (-4,-4), (-4,-4)]
Turtle 5 :[(-5,-5), (35,49), (34,49), (34,48), (34,47), (34,46), (34,45), (-5,-5), (-5,-5), (-5,-5), (-5,-5)]

Shrinking Run 68
#Info# Executed steps before collision: 4, Found collision: true
Turtle 1 :[(-1,-1), (26,24), (25,24), (24,24), (23,24), (22,24), (21,24)]
Turtle 2 :[(-2,-2), (18,27), (19,27), (20,27), (21,27), (22,27), (23,27)]
Turtle 3 :[(-3,-3), (5,22), (4,22), (3,22), (2,22), (1,22), (0,22)]
Turtle 4 :[(-4,-4), (22,25), (21,25), (21,26), (21,27), (20,27), (19,27)]
Turtle 5 :[(-5,-5), (35,49), (34,49), (34,48), (34,47), (34,46), (34,45)]

Shrinking Run 69
#Info# Executed steps before collision: 10, Found collision: false
Turtle 1 :[(-1,-1), (26,24), (25,24), (24,24), (23,24), (22,24), (21,24), (-1,-1), (-1,-1), (-1,-1), (-1,-1)]
Turtle 2 :[(-2,-2), (18,27), (19,27), (20,27), (21,27), (22,27), (23,27), (-2,-2), (-2,-2), (-2,-2), (-2,-2)]
Turtle 3 :[(-3,-3), (5,22), (4,22), (3,22), (2,22), (1,22), (0,22), (-3,-3), (-3,-3), (-3,-3), (-3,-3)]
Turtle 4 :[(-4,-4), (22,25), (22,25), (22,25), (21,25), (20,25), (20,26), (20,26), (19,26), (19,26), (18,26)]
Turtle 5 :[(-5,-5), (35,49), (34,49), (34,48), (34,47), (34,46), (34,45), (-5,-5), (-5,-5), (-5,-5), (-5,-5)]

Shrinking Run 70
#Info# Executed steps before collision: 10, Found collision: false
Turtle 1 :[(-1,-1), (26,24), (25,24), (24,24), (23,24), (22,24), (21,24), (-1,-1), (-1,-1), (-1,-1), (-1,-1)]
Turtle 2 :[(-2,-2), (18,27), (19,27), (20,27), (21,27), (21,27), (22,27), (23,27), (-2,-2), (-2,-2), (-2,-2)]
Turtle 3 :[(-3,-3), (5,22), (4,22), (3,22), (2,22), (1,22), (0,22), (-3,-3), (-3,-3), (-3,-3), (-3,-3)]
Turtle 4 :[(-4,-4), (22,25), (22,25), (22,25), (22,26), (22,25), (21,25), (20,25), (20,24), (20,23), (20,22)]
Turtle 5 :[(-5,-5), (35,49), (34,49), (34,48), (34,47), (34,46), (34,45), (-5,-5), (-5,-5), (-5,-5), (-5,-5)]

Shrinking Run 71
#Info# Executed steps before collision: 10, Found collision: false
Turtle 1 :[(-1,-1), (26,24), (25,24), (24,24), (23,24), (22,24), (21,24), (-1,-1), (-1,-1), (-1,-1), (-1,-1)]
Turtle 2 :[(-2,-2), (18,27), (19,27), (20,27), (21,27), (22,27), (23,27), (-2,-2), (-2,-2), (-2,-2), (-2,-2)]
Turtle 3 :[(-3,-3), (5,22), (4,22), (3,22), (2,22), (1,22), (0,22), (-3,-3), (-3,-3), (-3,-3), (-3,-3)]
Turtle 4 :[(-4,-4), (22,25), (22,25), (22,25), (21,25), (21,24), (21,23), (21,23), (20,23), (20,23), (19,23)]
Turtle 5 :[(-5,-5), (35,49), (34,49), (34,48), (34,47), (34,46), (34,45), (-5,-5), (-5,-5), (-5,-5), (-5,-5)]

Shrinking Run 72
#Info# Executed steps before collision: 8, Found collision: false
Turtle 1 :[(-1,-1), (26,24), (25,24), (24,24), (23,24), (22,24), (21,24), (-1,-1), (-1,-1)]
Turtle 2 :[(-2,-2), (18,27), (19,27), (20,27), (21,27), (22,27), (23,27), (-2,-2), (-2,-2)]
Turtle 3 :[(-3,-3), (5,22), (4,22), (3,22), (2,22), (1,22), (0,22), (-3,-3), (-3,-3)]
Turtle 4 :[(-4,-4), (22,25), (22,25), (22,25), (22,26), (21,26), (20,26), (20,27), (19,27)]
Turtle 5 :[(-5,-5), (35,49), (34,49), (34,48), (34,47), (34,46), (34,45), (-5,-5), (-5,-5)]

Shrinking Run 73
#Info# Executed steps before collision: 10, Found collision: false
Turtle 1 :[(-1,-1), (26,24), (25,24), (24,24), (23,24), (22,24), (21,24), (-1,-1), (-1,-1), (-1,-1), (-1,-1)]
Turtle 2 :[(-2,-2), (18,27), (19,27), (20,27), (21,27), (22,27), (23,27), (-2,-2), (-2,-2), (-2,-2), (-2,-2)]
Turtle 3 :[(-3,-3), (5,22), (4,22), (3,22), (2,22), (1,22), (0,22), (-3,-3), (-3,-3), (-3,-3), (-3,-3)]
Turtle 4 :[(-4,-4), (22,25), (22,25), (22,25), (21,25), (20,25), (20,26), (20,26), (19,26), (19,26), (19,27)]
Turtle 5 :[(-5,-5), (35,49), (34,49), (34,48), (34,47), (34,46), (34,45), (-5,-5), (-5,-5), (-5,-5), (-5,-5)]

Shrinking Run 74
#Info# Executed steps before collision: 7, Found collision: false
Turtle 1 :[(-1,-1), (26,24), (25,24), (24,24), (23,24), (22,24), (21,24), (-1,-1)]
Turtle 2 :[(-2,-2), (18,27), (19,27), (20,27), (21,27), (22,27), (23,27), (-2,-2)]
Turtle 3 :[(-3,-3), (5,22), (4,22), (3,22), (2,22), (1,22), (0,22), (-3,-3)]
Turtle 4 :[(-4,-4), (22,25), (22,26), (21,26), (21,26), (20,26), (20,27), (19,27)]
Turtle 5 :[(-5,-5), (35,49), (34,49), (34,48), (34,47), (34,46), (34,45), (-5,-5)]

Shrinking Run 75
#Info# Executed steps before collision: 4, Found collision: true
Turtle 1 :[(-1,-1), (26,24), (25,24), (24,24), (23,24), (22,24), (21,24)]
Turtle 2 :[(-2,-2), (18,27), (19,27), (20,27), (21,27), (22,27), (23,27)]
Turtle 3 :[(-3,-3), (5,22), (4,22), (3,22), (2,22), (1,22), (0,22)]
Turtle 4 :[(-4,-4), (22,25), (21,25), (21,26), (21,27), (20,27), (19,27)]
Turtle 5 :[(-5,-5), (35,49), (34,49), (33,49), (33,48), (32,48), (32,47)]

Shrinking Run 76
#Info# Executed steps before collision: 4, Found collision: true
Turtle 1 :[(-1,-1), (26,24), (25,24), (24,24), (23,24), (22,24), (21,24)]
Turtle 2 :[(-2,-2), (18,27), (19,27), (20,27), (21,27), (22,27), (23,27)]
Turtle 3 :[(-3,-3), (5,22), (4,22), (3,22), (2,22), (1,22), (0,22)]
Turtle 4 :[(-4,-4), (22,25), (21,25), (21,26), (21,27), (20,27), (19,27)]
Turtle 5 :[(-5,-5), (35,49), (34,49), (33,49), (32,49), (31,49), (31,48)]

Shrinking Run 77
#Info# Executed steps before collision: 4, Found collision: true
Turtle 1 :[(-1,-1), (26,24), (25,24), (24,24), (23,24), (22,24), (21,24)]
Turtle 2 :[(-2,-2), (18,27), (19,27), (20,27), (21,27), (22,27), (23,27)]
Turtle 3 :[(-3,-3), (5,22), (4,22), (3,22), (2,22), (1,22), (0,22)]
Turtle 4 :[(-4,-4), (22,25), (21,25), (21,26), (21,27), (20,27), (19,27)]
Turtle 5 :[(-5,-5), (35,49), (34,49), (33,49), (32,49), (31,49), (30,49)]

Shrinking Run 78
#Info# Executed steps before collision: 4, Found collision: true
Turtle 1 :[(-1,-1), (26,24), (25,24), (25,23), (25,22), (25,21), (24,21)]
Turtle 2 :[(-2,-2), (18,27), (19,27), (20,27), (21,27), (22,27), (23,27)]
Turtle 3 :[(-3,-3), (5,22), (4,22), (3,22), (2,22), (1,22), (0,22)]
Turtle 4 :[(-4,-4), (22,25), (21,25), (21,26), (21,27), (20,27), (19,27)]
Turtle 5 :[(-5,-5), (35,49), (34,49), (33,49), (32,49), (31,49), (30,49)]

Shrinking Run 79
#Info# Executed steps before collision: 4, Found collision: true
Turtle 1 :[(-1,-1), (26,24), (26,23), (26,22), (26,21), (25,21), (24,21), (-1,-1), (-1,-1), (-1,-1), (-1,-1), (-1,-1)]
Turtle 2 :[(-2,-2), (18,27), (19,27), (20,27), (21,27), (20,27), (21,27), (22,27), (23,27), (-2,-2), (-2,-2), (-2,-2)]
Turtle 3 :[(-3,-3), (5,22), (4,22), (3,22), (2,22), (1,22), (0,22), (-3,-3), (-3,-3), (-3,-3), (-3,-3), (-3,-3)]
Turtle 4 :[(-4,-4), (22,25), (21,25), (21,26), (21,27), (21,28), (21,28), (21,29), (20,29), (20,28), (19,28), (19,27)]
Turtle 5 :[(-5,-5), (35,49), (34,49), (33,49), (32,49), (31,49), (30,49), (-5,-5), (-5,-5), (-5,-5), (-5,-5), (-5,-5)]

Shrinking Run 80
#Info# Executed steps before collision: 4, Found collision: true
Turtle 1 :[(-1,-1), (26,24), (25,24), (25,23), (25,22), (24,22), (24,21)]
Turtle 2 :[(-2,-2), (18,27), (19,27), (20,27), (21,27), (22,27), (23,27)]
Turtle 3 :[(-3,-3), (5,22), (4,22), (3,22), (2,22), (1,22), (0,22)]
Turtle 4 :[(-4,-4), (22,25), (21,25), (21,26), (21,27), (20,27), (19,27)]
Turtle 5 :[(-5,-5), (35,49), (34,49), (33,49), (32,49), (31,49), (30,49)]

Shrinking Run 81
#Info# Executed steps before collision: 4, Found collision: true
Turtle 1 :[(-1,-1), (26,24), (25,24), (25,23), (24,23), (23,23), (23,22)]
Turtle 2 :[(-2,-2), (18,27), (19,27), (20,27), (21,27), (22,27), (23,27)]
Turtle 3 :[(-3,-3), (5,22), (4,22), (3,22), (2,22), (1,22), (0,22)]
Turtle 4 :[(-4,-4), (22,25), (21,25), (21,26), (21,27), (20,27), (19,27)]
Turtle 5 :[(-5,-5), (35,49), (34,49), (33,49), (32,49), (31,49), (30,49)]

Shrinking Run 82
#Info# Executed steps before collision: 4, Found collision: true
Turtle 1 :[(-1,-1), (26,24), (25,24), (24,24), (23,24), (22,24), (22,23)]
Turtle 2 :[(-2,-2), (18,27), (19,27), (20,27), (21,27), (22,27), (23,27)]
Turtle 3 :[(-3,-3), (5,22), (4,22), (3,22), (2,22), (1,22), (0,22)]
Turtle 4 :[(-4,-4), (22,25), (21,25), (21,26), (21,27), (20,27), (19,27)]
Turtle 5 :[(-5,-5), (35,49), (34,49), (33,49), (32,49), (31,49), (30,49)]

Shrinking Run 83
#Info# Executed steps before collision: 9, Found collision: false
Turtle 1 :[(-1,-1), (26,24), (25,24), (24,24), (23,24), (22,24), (21,24), (-1,-1), (-1,-1), (-1,-1)]
Turtle 2 :[(-2,-2), (18,27), (18,27), (17,27), (17,27), (16,27), (15,27), (15,27), (14,27), (13,27)]
Turtle 3 :[(-3,-3), (5,22), (4,22), (3,22), (2,22), (1,22), (0,22), (-3,-3), (-3,-3), (-3,-3)]
Turtle 4 :[(-4,-4), (22,25), (21,25), (21,26), (21,27), (20,27), (19,27), (-4,-4), (-4,-4), (-4,-4)]
Turtle 5 :[(-5,-5), (35,49), (34,49), (33,49), (32,49), (31,49), (30,49), (-5,-5), (-5,-5), (-5,-5)]

Shrinking Run 84
#Info# Executed steps before collision: 6, Found collision: false
Turtle 1 :[(-1,-1), (26,24), (25,24), (24,24), (23,24), (22,24), (21,24)]
Turtle 2 :[(-2,-2), (18,27), (18,26), (17,26), (16,26), (15,26), (-2,-2)]
Turtle 3 :[(-3,-3), (5,22), (4,22), (3,22), (2,22), (1,22), (0,22)]
Turtle 4 :[(-4,-4), (22,25), (21,25), (21,26), (21,27), (20,27), (19,27)]
Turtle 5 :[(-5,-5), (35,49), (34,49), (33,49), (32,49), (31,49), (30,49)]

Shrinking Run 85
#Info# Executed steps before collision: 6, Found collision: false
Turtle 1 :[(-1,-1), (26,24), (25,24), (24,24), (23,24), (22,24), (21,24)]
Turtle 2 :[(-2,-2), (18,27), (17,27), (18,27), (19,27), (19,26), (-2,-2)]
Turtle 3 :[(-3,-3), (5,22), (4,22), (3,22), (2,22), (1,22), (0,22)]
Turtle 4 :[(-4,-4), (22,25), (21,25), (21,26), (21,27), (20,27), (19,27)]
Turtle 5 :[(-5,-5), (35,49), (34,49), (33,49), (32,49), (31,49), (30,49)]

Shrinking Run 86
#Info# Executed steps before collision: 6, Found collision: false
Turtle 1 :[(-1,-1), (26,24), (25,24), (24,24), (23,24), (22,24), (21,24)]
Turtle 2 :[(-2,-2), (18,27), (18,26), (19,26), (20,26), (21,26), (-2,-2)]
Turtle 3 :[(-3,-3), (5,22), (4,22), (3,22), (2,22), (1,22), (0,22)]
Turtle 4 :[(-4,-4), (22,25), (21,25), (21,26), (21,27), (20,27), (19,27)]
Turtle 5 :[(-5,-5), (35,49), (34,49), (33,49), (32,49), (31,49), (30,49)]

Shrinking Run 87
#Info# Executed steps before collision: 10, Found collision: false
Turtle 1 :[(-1,-1), (26,24), (25,24), (24,24), (23,24), (22,24), (21,24), (-1,-1), (-1,-1), (-1,-1), (-1,-1)]
Turtle 2 :[(-2,-2), (18,27), (18,27), (19,27), (19,27), (20,27), (21,27), (21,27), (22,27), (22,26), (-2,-2)]
Turtle 3 :[(-3,-3), (5,22), (4,22), (3,22), (2,22), (1,22), (0,22), (-3,-3), (-3,-3), (-3,-3), (-3,-3)]
Turtle 4 :[(-4,-4), (22,25), (21,25), (21,26), (21,27), (22,27), (23,27), (22,27), (21,27), (20,27), (19,27)]
Turtle 5 :[(-5,-5), (35,49), (34,49), (33,49), (32,49), (31,49), (30,49), (-5,-5), (-5,-5), (-5,-5), (-5,-5)]

Shrinking Run 88
#Info# Executed steps before collision: 9, Found collision: false
Turtle 1 :[(-1,-1), (26,24), (25,24), (24,24), (23,24), (22,24), (21,24), (-1,-1), (-1,-1), (-1,-1)]
Turtle 2 :[(-2,-2), (18,27), (18,27), (17,27), (17,27), (16,27), (15,27), (15,27), (15,26), (14,26)]
Turtle 3 :[(-3,-3), (5,22), (4,22), (3,22), (2,22), (1,22), (0,22), (-3,-3), (-3,-3), (-3,-3)]
Turtle 4 :[(-4,-4), (22,25), (21,25), (21,26), (21,27), (20,27), (19,27), (-4,-4), (-4,-4), (-4,-4)]
Turtle 5 :[(-5,-5), (35,49), (34,49), (33,49), (32,49), (31,49), (30,49), (-5,-5), (-5,-5), (-5,-5)]

Shrinking Run 89
#Info# Executed steps before collision: 9, Found collision: false
Turtle 1 :[(-1,-1), (26,24), (25,24), (24,24), (23,24), (22,24), (21,24), (-1,-1), (-1,-1), (-1,-1)]
Turtle 2 :[(-2,-2), (18,27), (18,27), (18,26), (18,26), (17,26), (16,26), (16,26), (16,25), (15,25)]
Turtle 3 :[(-3,-3), (5,22), (4,22), (3,22), (2,22), (1,22), (0,22), (-3,-3), (-3,-3), (-3,-3)]
Turtle 4 :[(-4,-4), (22,25), (21,25), (21,26), (21,27), (20,27), (19,27), (-4,-4), (-4,-4), (-4,-4)]
Turtle 5 :[(-5,-5), (35,49), (34,49), (33,49), (32,49), (31,49), (30,49), (-5,-5), (-5,-5), (-5,-5)]

Shrinking Run 90
#Info# Executed steps before collision: 9, Found collision: false
Turtle 1 :[(-1,-1), (26,24), (25,24), (24,24), (23,24), (22,24), (21,24), (-1,-1), (-1,-1), (-1,-1)]
Turtle 2 :[(-2,-2), (18,27), (18,27), (18,26), (18,26), (19,26), (19,25), (19,25), (19,24), (19,23)]
Turtle 3 :[(-3,-3), (5,22), (4,22), (3,22), (2,22), (1,22), (0,22), (-3,-3), (-3,-3), (-3,-3)]
Turtle 4 :[(-4,-4), (22,25), (21,25), (21,26), (21,27), (20,27), (19,27), (-4,-4), (-4,-4), (-4,-4)]
Turtle 5 :[(-5,-5), (35,49), (34,49), (33,49), (32,49), (31,49), (30,49), (-5,-5), (-5,-5), (-5,-5)]

Shrinking Run 91
#Info# Executed steps before collision: 9, Found collision: false
Turtle 1 :[(-1,-1), (26,24), (25,24), (24,24), (23,24), (22,24), (21,24), (-1,-1), (-1,-1), (-1,-1)]
Turtle 2 :[(-2,-2), (18,27), (18,27), (18,26), (18,26), (19,26), (20,26), (20,26), (20,25), (21,25)]
Turtle 3 :[(-3,-3), (5,22), (4,22), (3,22), (2,22), (1,22), (0,22), (-3,-3), (-3,-3), (-3,-3)]
Turtle 4 :[(-4,-4), (22,25), (21,25), (21,26), (21,27), (20,27), (19,27), (-4,-4), (-4,-4), (-4,-4)]
Turtle 5 :[(-5,-5), (35,49), (34,49), (33,49), (32,49), (31,49), (30,49), (-5,-5), (-5,-5), (-5,-5)]

Shrinking Run 92
#Info# Executed steps before collision: 10, Found collision: false
Turtle 1 :[(-1,-1), (26,24), (25,24), (24,24), (23,24), (22,24), (21,24), (-1,-1), (-1,-1), (-1,-1), (-1,-1)]
Turtle 2 :[(-2,-2), (18,27), (19,27), (20,27), (21,27), (22,27), (23,27), (-2,-2), (-2,-2), (-2,-2), (-2,-2)]
Turtle 3 :[(-3,-3), (5,22), (4,22), (3,22), (2,22), (1,22), (0,22), (-3,-3), (-3,-3), (-3,-3), (-3,-3)]
Turtle 4 :[(-4,-4), (22,25), (22,25), (22,25), (21,25), (20,25), (20,26), (20,26), (19,26), (19,26), (18,26)]
Turtle 5 :[(-5,-5), (35,49), (34,49), (33,49), (32,49), (31,49), (30,49), (-5,-5), (-5,-5), (-5,-5), (-5,-5)]

Shrinking Run 93
#Info# Executed steps before collision: 10, Found collision: false
Turtle 1 :[(-1,-1), (26,24), (25,24), (24,24), (23,24), (23,24), (23,24), (22,24), (21,24), (-1,-1), (-1,-1)]
Turtle 2 :[(-2,-2), (18,27), (19,27), (20,27), (21,27), (22,27), (23,27), (-2,-2), (-2,-2), (-2,-2), (-2,-2)]
Turtle 3 :[(-3,-3), (5,22), (4,22), (3,22), (2,22), (1,22), (0,22), (-3,-3), (-3,-3), (-3,-3), (-3,-3)]
Turtle 4 :[(-4,-4), (22,25), (22,25), (22,25), (22,24), (22,23), (22,22), (22,22), (21,22), (21,22), (20,22)]
Turtle 5 :[(-5,-5), (35,49), (34,49), (33,49), (32,49), (31,49), (30,49), (-5,-5), (-5,-5), (-5,-5), (-5,-5)]

Shrinking Run 94
#Info# Executed steps before collision: 10, Found collision: false
Turtle 1 :[(-1,-1), (26,24), (25,24), (24,24), (23,24), (22,24), (21,24), (-1,-1), (-1,-1), (-1,-1), (-1,-1)]
Turtle 2 :[(-2,-2), (18,27), (19,27), (20,27), (21,27), (22,27), (23,27), (-2,-2), (-2,-2), (-2,-2), (-2,-2)]
Turtle 3 :[(-3,-3), (5,22), (4,22), (3,22), (2,22), (1,22), (0,22), (-3,-3), (-3,-3), (-3,-3), (-3,-3)]
Turtle 4 :[(-4,-4), (22,25), (22,25), (22,25), (21,25), (21,24), (21,23), (21,23), (20,23), (20,23), (19,23)]
Turtle 5 :[(-5,-5), (35,49), (34,49), (33,49), (32,49), (31,49), (30,49), (-5,-5), (-5,-5), (-5,-5), (-5,-5)]

Shrinking Run 95
#Info# Executed steps before collision: 5, Found collision: true
Turtle 1 :[(-1,-1), (26,24), (25,24), (24,24), (23,24), (22,24), (21,24), (-1,-1), (-1,-1)]
Turtle 2 :[(-2,-2), (18,27), (19,27), (20,27), (21,27), (22,27), (23,27), (-2,-2), (-2,-2)]
Turtle 3 :[(-3,-3), (5,22), (4,22), (3,22), (2,22), (1,22), (0,22), (-3,-3), (-3,-3)]
Turtle 4 :[(-4,-4), (22,25), (22,25), (22,25), (22,26), (22,27), (21,27), (20,27), (19,27)]
Turtle 5 :[(-5,-5), (35,49), (34,49), (33,49), (32,49), (31,49), (30,49), (-5,-5), (-5,-5)]

Shrinking Run 96
#Info# Executed steps before collision: 10, Found collision: false
Turtle 1 :[(-1,-1), (26,24), (25,24), (24,24), (23,24), (22,24), (21,24), (-1,-1), (-1,-1), (-1,-1), (-1,-1)]
Turtle 2 :[(-2,-2), (18,27), (19,27), (20,27), (21,27), (22,27), (23,27), (-2,-2), (-2,-2), (-2,-2), (-2,-2)]
Turtle 3 :[(-3,-3), (5,22), (4,22), (3,22), (2,22), (1,22), (0,22), (-3,-3), (-3,-3), (-3,-3), (-3,-3)]
Turtle 4 :[(-4,-4), (22,25), (22,25), (22,25), (22,26), (21,26), (20,26), (20,26), (19,26), (19,26), (19,27)]
Turtle 5 :[(-5,-5), (35,49), (34,49), (33,49), (32,49), (31,49), (30,49), (-5,-5), (-5,-5), (-5,-5), (-5,-5)]

Shrinking Run 97
#Info# Executed steps before collision: 10, Found collision: false
Turtle 1 :[(-1,-1), (26,24), (25,24), (24,24), (23,24), (22,24), (21,24), (-1,-1), (-1,-1), (-1,-1), (-1,-1)]
Turtle 2 :[(-2,-2), (18,27), (19,27), (20,27), (21,27), (22,27), (23,27), (-2,-2), (-2,-2), (-2,-2), (-2,-2)]
Turtle 3 :[(-3,-3), (5,22), (4,22), (3,22), (2,22), (1,22), (0,22), (-3,-3), (-3,-3), (-3,-3), (-3,-3)]
Turtle 4 :[(-4,-4), (22,25), (22,25), (22,25), (21,25), (21,26), (20,26), (20,26), (19,26), (19,26), (19,27)]
Turtle 5 :[(-5,-5), (35,49), (34,49), (33,49), (32,49), (31,49), (30,49), (-5,-5), (-5,-5), (-5,-5), (-5,-5)]

Shrinking Run 98
#Info# Executed steps before collision: 6, Found collision: false
Turtle 1 :[(-1,-1), (26,24), (25,24), (24,24), (23,24), (22,24), (21,24)]
Turtle 2 :[(-2,-2), (18,27), (19,27), (20,27), (21,27), (22,27), (23,27)]
Turtle 3 :[(-3,-3), (5,22), (4,22), (3,22), (2,22), (1,22), (0,22)]
Turtle 4 :[(-4,-4), (22,25), (22,26), (21,26), (20,26), (20,27), (19,27)]
Turtle 5 :[(-5,-5), (35,49), (34,49), (33,49), (32,49), (31,49), (30,49)]

Shrinking Run 99
#Info# Executed steps before collision: 7, Found collision: false
Turtle 1 :[(-1,-1), (26,24), (25,24), (24,24), (23,24), (22,24), (21,24), (-1,-1)]
Turtle 2 :[(-2,-2), (18,27), (19,27), (20,27), (21,27), (22,27), (23,27), (-2,-2)]
Turtle 3 :[(-3,-3), (5,22), (4,22), (3,22), (2,22), (1,22), (0,22), (-3,-3)]
Turtle 4 :[(-4,-4), (22,25), (21,25), (21,25), (21,26), (20,26), (20,27), (19,27)]
Turtle 5 :[(-5,-5), (35,49), (34,49), (33,49), (32,49), (31,49), (30,49), (-5,-5)]

Shrinking Run 100
#Info# Executed steps before collision: 8, Found collision: false
Turtle 1 :[(-1,-1), (26,24), (25,24), (24,24), (23,24), (22,24), (21,24), (-1,-1), (-1,-1)]
Turtle 2 :[(-2,-2), (18,27), (19,27), (20,27), (21,27), (22,27), (23,27), (-2,-2), (-2,-2)]
Turtle 3 :[(-3,-3), (5,22), (4,22), (3,22), (2,22), (1,22), (0,22), (-3,-3), (-3,-3)]
Turtle 4 :[(-4,-4), (22,25), (22,25), (22,25), (22,26), (21,26), (21,27), (20,27), (19,27)]
Turtle 5 :[(-5,-5), (35,49), (34,49), (33,49), (32,49), (31,49), (30,49), (-5,-5), (-5,-5)]

Shrinking Run 101
#Info# Executed steps before collision: 5, Found collision: true
Turtle 1 :[(-1,-1), (26,24), (25,24), (24,24), (23,24), (22,24), (21,24), (-1,-1), (-1,-1)]
Turtle 2 :[(-2,-2), (18,27), (19,27), (20,27), (21,27), (22,27), (23,27), (-2,-2), (-2,-2)]
Turtle 3 :[(-3,-3), (5,22), (4,22), (3,22), (2,22), (1,22), (0,22), (-3,-3), (-3,-3)]
Turtle 4 :[(-4,-4), (22,25), (22,25), (22,25), (22,26), (22,27), (21,27), (20,27), (19,27)]
Turtle 5 :[(-5,-5), (35,49), (34,49), (33,49), (32,49), (31,49), (30,49), (-5,-5), (-5,-5)]

Shrinking Run 102
#Info# Executed steps before collision: 9, Found collision: false
Turtle 1 :[(-1,-1), (26,24), (25,24), (24,24), (23,24), (22,24), (21,24), (-1,-1), (-1,-1), (-1,-1)]
Turtle 2 :[(-2,-2), (18,27), (19,27), (20,27), (21,27), (22,27), (23,27), (-2,-2), (-2,-2), (-2,-2)]
Turtle 3 :[(-3,-3), (5,22), (4,22), (3,22), (2,22), (1,22), (0,22), (-3,-3), (-3,-3), (-3,-3)]
Turtle 4 :[(-4,-4), (22,25), (21,25), (21,25), (21,26), (20,26), (20,27), (20,27), (20,27), (19,27)]
Turtle 5 :[(-5,-5), (35,49), (34,49), (33,49), (32,49), (31,49), (30,49), (-5,-5), (-5,-5), (-5,-5)]

Shrinking Run 103
#Info# Executed steps before collision: 9, Found collision: false
Turtle 1 :[(-1,-1), (26,24), (25,24), (24,24), (23,24), (22,24), (21,24), (-1,-1), (-1,-1), (-1,-1)]
Turtle 2 :[(-2,-2), (18,27), (19,27), (20,27), (21,27), (22,27), (23,27), (-2,-2), (-2,-2), (-2,-2)]
Turtle 3 :[(-3,-3), (5,22), (4,22), (3,22), (2,22), (1,22), (0,22), (-3,-3), (-3,-3), (-3,-3)]
Turtle 4 :[(-4,-4), (22,25), (22,26), (22,26), (22,27), (22,28), (21,28), (21,27), (20,27), (19,27)]
Turtle 5 :[(-5,-5), (35,49), (34,49), (33,49), (32,49), (31,49), (30,49), (-5,-5), (-5,-5), (-5,-5)]

Shrinking Run 104
#Info# Executed steps before collision: 7, Found collision: false
Turtle 1 :[(-1,-1), (26,24), (25,24), (24,24), (23,24), (22,24), (21,24), (-1,-1)]
Turtle 2 :[(-2,-2), (18,27), (19,27), (20,27), (21,27), (22,27), (23,27), (-2,-2)]
Turtle 3 :[(-3,-3), (5,22), (4,22), (3,22), (2,22), (1,22), (0,22), (-3,-3)]
Turtle 4 :[(-4,-4), (22,25), (21,25), (21,25), (20,25), (20,26), (19,26), (19,27)]
Turtle 5 :[(-5,-5), (35,49), (34,49), (33,49), (32,49), (31,49), (30,49), (-5,-5)]

Shrinking Run 105
#Info# Executed steps before collision: 9, Found collision: false
Turtle 1 :[(-1,-1), (26,24), (25,24), (24,24), (23,24), (22,24), (21,24), (-1,-1), (-1,-1), (-1,-1)]
Turtle 2 :[(-2,-2), (18,27), (19,27), (20,27), (21,27), (22,27), (23,27), (-2,-2), (-2,-2), (-2,-2)]
Turtle 3 :[(-3,-3), (5,22), (4,22), (3,22), (2,22), (1,22), (0,22), (-3,-3), (-3,-3), (-3,-3)]
Turtle 4 :[(-4,-4), (22,25), (22,25), (21,25), (21,26), (20,26), (20,27), (20,27), (20,27), (19,27)]
Turtle 5 :[(-5,-5), (35,49), (34,49), (33,49), (32,49), (31,49), (30,49), (-5,-5), (-5,-5), (-5,-5)]

Shrinking Run 106
#Info# Executed steps before collision: 5, Found collision: true
Turtle 1 :[(-1,-1), (26,24), (25,24), (24,24), (23,24), (22,24), (21,24), (-1,-1), (-1,-1), (-1,-1), (-1,-1)]
Turtle 2 :[(-2,-2), (18,27), (19,27), (20,27), (21,27), (22,27), (23,27), (-2,-2), (-2,-2), (-2,-2), (-2,-2)]
Turtle 3 :[(-3,-3), (5,22), (4,22), (3,22), (2,22), (1,22), (0,22), (-3,-3), (-3,-3), (-3,-3), (-3,-3)]
Turtle 4 :[(-4,-4), (22,25), (22,25), (22,26), (22,27), (22,27), (21,27), (20,27), (20,27), (20,27), (19,27)]
Turtle 5 :[(-5,-5), (35,49), (34,49), (33,49), (32,49), (31,49), (30,49), (-5,-5), (-5,-5), (-5,-5), (-5,-5)]

Shrinking Run 107
#Info# Executed steps before collision: 9, Found collision: false
Turtle 1 :[(-1,-1), (26,24), (25,24), (24,24), (23,24), (22,24), (21,24), (-1,-1), (-1,-1), (-1,-1)]
Turtle 2 :[(-2,-2), (18,27), (19,27), (20,27), (21,27), (22,27), (23,27), (-2,-2), (-2,-2), (-2,-2)]
Turtle 3 :[(-3,-3), (5,22), (4,22), (3,22), (2,22), (1,22), (0,22), (-3,-3), (-3,-3), (-3,-3)]
Turtle 4 :[(-4,-4), (22,25), (22,25), (22,26), (21,26), (20,26), (20,27), (20,27), (20,27), (19,27)]
Turtle 5 :[(-5,-5), (35,49), (34,49), (33,49), (32,49), (31,49), (30,49), (-5,-5), (-5,-5), (-5,-5)]

Shrinking Run 108
#Info# Executed steps before collision: 9, Found collision: false
Turtle 1 :[(-1,-1), (26,24), (25,24), (24,24), (23,24), (22,24), (21,24), (-1,-1), (-1,-1), (-1,-1)]
Turtle 2 :[(-2,-2), (18,27), (18,27), (17,27), (17,27), (16,27), (15,27), (15,27), (14,27), (13,27)]
Turtle 3 :[(-3,-3), (5,22), (4,22), (3,22), (2,22), (1,22), (0,22), (-3,-3), (-3,-3), (-3,-3)]
Turtle 4 :[(-4,-4), (22,25), (22,25), (22,26), (22,27), (21,27), (20,27), (20,27), (20,27), (19,27)]
Turtle 5 :[(-5,-5), (35,49), (34,49), (33,49), (32,49), (31,49), (30,49), (-5,-5), (-5,-5), (-5,-5)]

Shrinking Run 109
#Info# Executed steps before collision: 9, Found collision: false
Turtle 1 :[(-1,-1), (26,24), (25,24), (24,24), (23,24), (22,24), (21,24), (-1,-1), (-1,-1), (-1,-1)]
Turtle 2 :[(-2,-2), (18,27), (18,26), (17,26), (16,26), (15,26), (-2,-2), (-2,-2), (-2,-2), (-2,-2)]
Turtle 3 :[(-3,-3), (5,22), (4,22), (3,22), (2,22), (1,22), (0,22), (-3,-3), (-3,-3), (-3,-3)]
Turtle 4 :[(-4,-4), (22,25), (22,25), (22,26), (22,27), (21,27), (20,27), (20,27), (20,27), (19,27)]
Turtle 5 :[(-5,-5), (35,49), (34,49), (33,49), (32,49), (31,49), (30,49), (-5,-5), (-5,-5), (-5,-5)]

Shrinking Run 110
#Info# Executed steps before collision: 9, Found collision: false
Turtle 1 :[(-1,-1), (26,24), (25,24), (24,24), (23,24), (22,24), (21,24), (-1,-1), (-1,-1), (-1,-1)]
Turtle 2 :[(-2,-2), (18,27), (17,27), (18,27), (19,27), (19,26), (-2,-2), (-2,-2), (-2,-2), (-2,-2)]
Turtle 3 :[(-3,-3), (5,22), (4,22), (3,22), (2,22), (1,22), (0,22), (-3,-3), (-3,-3), (-3,-3)]
Turtle 4 :[(-4,-4), (22,25), (22,25), (22,26), (22,27), (21,27), (20,27), (20,27), (20,27), (19,27)]
Turtle 5 :[(-5,-5), (35,49), (34,49), (33,49), (32,49), (31,49), (30,49), (-5,-5), (-5,-5), (-5,-5)]

Shrinking Run 111
#Info# Executed steps before collision: 9, Found collision: false
Turtle 1 :[(-1,-1), (26,24), (25,24), (24,24), (23,24), (22,24), (21,24), (-1,-1), (-1,-1), (-1,-1)]
Turtle 2 :[(-2,-2), (18,27), (18,26), (19,26), (20,26), (21,26), (-2,-2), (-2,-2), (-2,-2), (-2,-2)]
Turtle 3 :[(-3,-3), (5,22), (4,22), (3,22), (2,22), (1,22), (0,22), (-3,-3), (-3,-3), (-3,-3)]
Turtle 4 :[(-4,-4), (22,25), (22,25), (22,26), (22,27), (21,27), (20,27), (20,27), (20,27), (19,27)]
Turtle 5 :[(-5,-5), (35,49), (34,49), (33,49), (32,49), (31,49), (30,49), (-5,-5), (-5,-5), (-5,-5)]

Shrinking Run 112
#Info# Executed steps before collision: 11, Found collision: false
Turtle 1 :[(-1,-1), (26,24), (25,24), (24,24), (23,24), (22,24), (21,24), (-1,-1), (-1,-1), (-1,-1), (-1,-1), (-1,-1)]
Turtle 2 :[(-2,-2), (18,27), (18,27), (19,27), (19,27), (20,27), (21,27), (21,26), (22,26), (-2,-2), (-2,-2), (-2,-2)]
Turtle 3 :[(-3,-3), (5,22), (4,22), (3,22), (2,22), (1,22), (0,22), (-3,-3), (-3,-3), (-3,-3), (-3,-3), (-3,-3)]
Turtle 4 :[(-4,-4), (22,25), (22,25), (22,26), (22,27), (21,27), (22,27), (22,26), (21,26), (20,26), (19,26), (19,27)]
Turtle 5 :[(-5,-5), (35,49), (34,49), (33,49), (32,49), (31,49), (30,49), (-5,-5), (-5,-5), (-5,-5), (-5,-5), (-5,-5)]

Shrinking Run 113
#Info# Executed steps before collision: 9, Found collision: false
Turtle 1 :[(-1,-1), (26,24), (25,24), (24,24), (23,24), (22,24), (21,24), (-1,-1), (-1,-1), (-1,-1)]
Turtle 2 :[(-2,-2), (18,27), (18,27), (17,27), (17,27), (16,27), (15,27), (15,27), (15,26), (14,26)]
Turtle 3 :[(-3,-3), (5,22), (4,22), (3,22), (2,22), (1,22), (0,22), (-3,-3), (-3,-3), (-3,-3)]
Turtle 4 :[(-4,-4), (22,25), (22,25), (22,26), (22,27), (21,27), (20,27), (20,27), (20,27), (19,27)]
Turtle 5 :[(-5,-5), (35,49), (34,49), (33,49), (32,49), (31,49), (30,49), (-5,-5), (-5,-5), (-5,-5)]

Shrinking Run 114
#Info# Executed steps before collision: 9, Found collision: false
Turtle 1 :[(-1,-1), (26,24), (25,24), (24,24), (23,24), (22,24), (21,24), (-1,-1), (-1,-1), (-1,-1)]
Turtle 2 :[(-2,-2), (18,27), (18,27), (18,26), (18,26), (17,26), (16,26), (16,26), (16,25), (15,25)]
Turtle 3 :[(-3,-3), (5,22), (4,22), (3,22), (2,22), (1,22), (0,22), (-3,-3), (-3,-3), (-3,-3)]
Turtle 4 :[(-4,-4), (22,25), (22,25), (22,26), (22,27), (21,27), (20,27), (20,27), (20,27), (19,27)]
Turtle 5 :[(-5,-5), (35,49), (34,49), (33,49), (32,49), (31,49), (30,49), (-5,-5), (-5,-5), (-5,-5)]

Shrinking Run 115
#Info# Executed steps before collision: 9, Found collision: false
Turtle 1 :[(-1,-1), (26,24), (25,24), (24,24), (23,24), (22,24), (21,24), (-1,-1), (-1,-1), (-1,-1)]
Turtle 2 :[(-2,-2), (18,27), (18,27), (18,26), (18,26), (19,26), (19,25), (19,25), (19,24), (19,23)]
Turtle 3 :[(-3,-3), (5,22), (4,22), (3,22), (2,22), (1,22), (0,22), (-3,-3), (-3,-3), (-3,-3)]
Turtle 4 :[(-4,-4), (22,25), (22,25), (22,26), (22,27), (21,27), (20,27), (20,27), (20,27), (19,27)]
Turtle 5 :[(-5,-5), (35,49), (34,49), (33,49), (32,49), (31,49), (30,49), (-5,-5), (-5,-5), (-5,-5)]

Shrink Run 116
#Info# Executed steps before collision: 9, Found collision: false
Turtle 1 :[(-1,-1), (26,24), (25,24), (24,24), (23,24), (22,24), (21,24), (-1,-1), (-1,-1), (-1,-1)]
Turtle 2 :[(-2,-2), (18,27), (18,27), (18,26), (18,26), (19,26), (20,26), (20,26), (20,25), (21,25)]
Turtle 3 :[(-3,-3), (5,22), (4,22), (3,22), (2,22), (1,22), (0,22), (-3,-3), (-3,-3), (-3,-3)]
Turtle 4 :[(-4,-4), (22,25), (22,25), (22,26), (22,27), (21,27), (20,27), (20,27), (20,27), (19,27)]
Turtle 5 :[(-5,-5), (35,49), (34,49), (33,49), (32,49), (31,49), (30,49), (-5,-5), (-5,-5), (-5,-5)]

