Detection Run 1
#Info# Executed steps before collision: 6, Found collision: false
Turtle 1 :[(-1,-1), (11,46), (12,46), (12,45), (12,44), (13,44), (14,44)]
Turtle 2 :[(-2,-2), (15,46), (14,46), (14,47), (14,48), (14,49), (13,49)]
Turtle 3 :[(-3,-3), (27,2), (26,2), (26,1), (26,0), (26,1), (25,1)]
Turtle 4 :[(-4,-4), (23,15), (23,16), (24,16), (24,17), (25,17), (25,18)]
Turtle 5 :[(-5,-5), (27,29), (28,29), (29,29), (28,29), (29,29), (30,29)]

Detection Run 2
#Info# Executed steps before collision: 7, Found collision: false
Turtle 1 :[(-1,-1), (6,13), (5,13), (5,14), (4,14), (4,14), (3,14), (2,14)]
Turtle 2 :[(-2,-2), (7,6), (7,7), (7,8), (7,9), (7,10), (8,10), (-2,-2)]
Turtle 3 :[(-3,-3), (29,30), (29,31), (29,31), (29,32), (30,32), (30,33), (-3,-3)]
Turtle 4 :[(-4,-4), (3,14), (3,13), (2,13), (2,12), (1,12), (1,11), (-4,-4)]
Turtle 5 :[(-5,-5), (44,28), (44,27), (45,27), (46,27), (46,26), (47,26), (-5,-5)]

Detection Run 3
#Info# Executed steps before collision: 7, Found collision: false
Turtle 1 :[(-1,-1), (19,34), (20,34), (21,34), (22,34), (22,33), (23,33), (-1,-1)]
Turtle 2 :[(-2,-2), (39,35), (39,36), (39,37), (39,38), (40,38), (41,38), (-2,-2)]
Turtle 3 :[(-3,-3), (1,30), (2,30), (2,30), (3,30), (4,30), (5,30), (6,30)]
Turtle 4 :[(-4,-4), (36,13), (36,12), (36,11), (35,11), (34,11), (33,11), (-4,-4)]
Turtle 5 :[(-5,-5), (23,32), (23,33), (23,34), (23,35), (24,35), (24,36), (-5,-5)]

Detection Run 4
#Info# Executed steps before collision: 11, Found collision: false
Turtle 1 :[(-1,-1), (44,20), (43,20), (42,20), (42,20), (42,21), (41,21), (40,21), (-1,-1), (-1,-1), (-1,-1), (-1,-1)]
Turtle 2 :[(-2,-2), (25,17), (26,17), (26,16), (26,15), (26,14), (27,14), (-2,-2), (-2,-2), (-2,-2), (-2,-2), (-2,-2)]
Turtle 3 :[(-3,-3), (19,32), (19,31), (19,31), (19,31), (19,30), (18,30), (-3,-3), (-3,-3), (-3,-3), (-3,-3), (-3,-3)]
Turtle 4 :[(-4,-4), (44,17), (43,17), (43,17), (42,17), (42,17), (42,16), (42,16), (42,15), (41,15), (-4,-4), (-4,-4)]
Turtle 5 :[(-5,-5), (46,13), (45,13), (44,13), (44,13), (44,14), (44,14), (43,14), (43,14), (44,14), (44,15), (43,15)]

Detection Run 5
#Info# Executed steps before collision: 7, Found collision: false
Turtle 1 :[(-1,-1), (10,15), (9,15), (9,16), (8,16), (8,16), (7,16), (6,16)]
Turtle 2 :[(-2,-2), (22,5), (22,5), (22,6), (22,7), (-2,-2), (-2,-2), (-2,-2)]
Turtle 3 :[(-3,-3), (2,35), (3,35), (-3,-3), (-3,-3), (-3,-3), (-3,-3), (-3,-3)]
Turtle 4 :[(-4,-4), (2,48), (2,47), (1,47), (1,46), (1,46), (1,45), (0,45)]
Turtle 5 :[(-5,-5), (0,40), (0,40), (0,40), (0,41), (0,41), (0,42), (0,43)]

Detection Run 6
#Info# Executed steps before collision: 8, Found collision: false
Turtle 1 :[(-1,-1), (23,32), (24,32), (24,31), (24,32), (24,31), (24,31), (25,31), (-1,-1)]
Turtle 2 :[(-2,-2), (2,4), (2,3), (2,2), (2,1), (1,1), (1,0), (-2,-2), (-2,-2)]
Turtle 3 :[(-3,-3), (36,14), (36,14), (36,15), (37,15), (37,15), (38,15), (38,16), (38,17)]
Turtle 4 :[(-4,-4), (21,35), (21,34), (21,33), (22,33), (23,33), (24,33), (-4,-4), (-4,-4)]
Turtle 5 :[(-5,-5), (14,22), (14,21), (14,21), (14,20), (13,20), (12,20), (12,20), (11,20)]

Detection Run 7
#Info# Executed steps before collision: 10, Found collision: false
Turtle 1 :[(-1,-1), (3,22), (4,22), (4,22), (4,22), (5,22), (6,22), (6,23), (6,24), (-1,-1), (-1,-1)]
Turtle 2 :[(-2,-2), (9,44), (9,44), (9,44), (10,44), (10,45), (10,45), (11,45), (11,46), (-2,-2), (-2,-2)]
Turtle 3 :[(-3,-3), (35,33), (35,34), (36,34), (37,34), (37,34), (37,34), (37,35), (37,36), (-3,-3), (-3,-3)]
Turtle 4 :[(-4,-4), (15,46), (14,46), (13,46), (13,47), (12,47), (11,47), (-4,-4), (-4,-4), (-4,-4), (-4,-4)]
Turtle 5 :[(-5,-5), (23,35), (23,35), (23,35), (23,35), (22,35), (21,35), (20,35), (20,35), (19,35), (18,35)]

Detection Run 8
#Info# Executed steps before collision: 9, Found collision: false
Turtle 1 :[(-1,-1), (39,6), (39,7), (38,7), (38,7), (38,7), (37,7), (37,8), (37,8), (36,8)]
Turtle 2 :[(-2,-2), (11,18), (11,18), (11,19), (11,19), (11,19), (12,19), (12,20), (12,20), (13,20)]
Turtle 3 :[(-3,-3), (44,1), (44,0), (43,0), (42,0), (41,0), (40,0), (-3,-3), (-3,-3), (-3,-3)]
Turtle 4 :[(-4,-4), (43,4), (43,4), (42,4), (42,3), (41,3), (41,2), (41,2), (41,1), (-4,-4)]
Turtle 5 :[(-5,-5), (36,42), (37,42), (38,42), (38,41), (38,41), (38,41), (38,41), (38,40), (38,39)]

Detection Run 9
#Info# Executed steps before collision: 11, Found collision: false
Turtle 1 :[(-1,-1), (34,26), (34,25), (34,24), (34,23), (34,22), (35,22), (-1,-1), (-1,-1), (-1,-1), (-1,-1), (-1,-1)]
Turtle 2 :[(-2,-2), (37,22), (37,22), (38,22), (39,22), (39,22), (39,22), (39,23), (40,23), (-2,-2), (-2,-2), (-2,-2)]
Turtle 3 :[(-3,-3), (8,22), (8,23), (8,24), (7,24), (-3,-3), (-3,-3), (-3,-3), (-3,-3), (-3,-3), (-3,-3), (-3,-3)]
Turtle 4 :[(-4,-4), (40,46), (41,46), (41,46), (41,47), (41,48), (41,49), (41,49), (-4,-4), (-4,-4), (-4,-4), (-4,-4)]
Turtle 5 :[(-5,-5), (42,46), (42,46), (42,47), (42,47), (42,47), (42,48), (42,48), (41,48), (40,48), (40,48), (39,48)]

Detection Run 10
#Info# Executed steps before collision: 10, Found collision: false
Turtle 1 :[(-1,-1), (10,46), (10,46), (10,45), (10,45), (10,44), (10,44), (10,44), (11,44), (11,43), (12,43)]
Turtle 2 :[(-2,-2), (0,20), (0,20), (0,21), (0,21), (1,21), (1,22), (1,23), (1,24), (-2,-2), (-2,-2)]
Turtle 3 :[(-3,-3), (14,8), (14,9), (15,9), (15,10), (16,10), (16,10), (16,10), (16,10), (16,10), (16,11)]
Turtle 4 :[(-4,-4), (0,23), (0,23), (0,22), (0,22), (1,22), (2,22), (2,21), (2,20), (2,19), (1,19)]
Turtle 5 :[(-5,-5), (39,19), (39,20), (38,20), (38,21), (38,22), (38,23), (-5,-5), (-5,-5), (-5,-5), (-5,-5)]

Detection Run 11
#Info# Executed steps before collision: 11, Found collision: false
Turtle 1 :[(-1,-1), (25,45), (24,45), (24,46), (24,46), (23,46), (23,46), (23,46), (23,46), (23,46), (23,47), (23,48)]
Turtle 2 :[(-2,-2), (19,26), (20,26), (21,26), (21,25), (21,24), (-2,-2), (-2,-2), (-2,-2), (-2,-2), (-2,-2), (-2,-2)]
Turtle 3 :[(-3,-3), (26,25), (26,25), (26,25), (26,24), (26,24), (26,23), (26,23), (27,23), (28,23), (28,23), (29,23)]
Turtle 4 :[(-4,-4), (25,23), (26,23), (27,23), (28,23), (29,23), (30,23), (-4,-4), (-4,-4), (-4,-4), (-4,-4), (-4,-4)]
Turtle 5 :[(-5,-5), (15,49), (14,49), (13,49), (12,49), (11,49), (11,49), (-5,-5), (-5,-5), (-5,-5), (-5,-5), (-5,-5)]

Detection Run 12
#Info# Executed steps before collision: 10, Found collision: false
Turtle 1 :[(-1,-1), (6,10), (6,9), (6,8), (6,8), (6,7), (5,7), (5,7), (4,7), (-1,-1), (-1,-1)]
Turtle 2 :[(-2,-2), (43,12), (43,13), (42,13), (41,13), (41,13), (41,13), (40,13), (40,13), (40,13), (39,13)]
Turtle 3 :[(-3,-3), (38,10), (39,10), (39,11), (39,12), (40,12), (41,12), (-3,-3), (-3,-3), (-3,-3), (-3,-3)]
Turtle 4 :[(-4,-4), (7,25), (7,26), (6,26), (6,27), (6,28), (-4,-4), (-4,-4), (-4,-4), (-4,-4), (-4,-4)]
Turtle 5 :[(-5,-5), (11,39), (12,39), (12,39), (12,38), (13,38), (14,38), (14,38), (14,38), (14,37), (-5,-5)]

Detection Run 13
#Info# Executed steps before collision: 11, Found collision: false
Turtle 1 :[(-1,-1), (19,34), (19,35), (19,35), (19,35), (18,35), (18,36), (17,36), (16,36), (-1,-1), (-1,-1), (-1,-1)]
Turtle 2 :[(-2,-2), (48,17), (47,17), (47,16), (46,16), (46,15), (46,14), (-2,-2), (-2,-2), (-2,-2), (-2,-2), (-2,-2)]
Turtle 3 :[(-3,-3), (1,8), (2,8), (3,8), (3,8), (3,8), (3,7), (3,7), (3,7), (3,7), (3,6), (4,6)]
Turtle 4 :[(-4,-4), (19,33), (18,33), (18,32), (18,32), (18,31), (18,30), (18,30), (18,29), (-4,-4), (-4,-4), (-4,-4)]
Turtle 5 :[(-5,-5), (23,2), (23,2), (23,2), (23,3), (-5,-5), (-5,-5), (-5,-5), (-5,-5), (-5,-5), (-5,-5), (-5,-5)]

Detection Run 14
#Info# Executed steps before collision: 10, Found collision: false
Turtle 1 :[(-1,-1), (22,25), (22,25), (23,25), (23,24), (24,24), (24,24), (24,24), (25,24), (25,24), (26,24)]
Turtle 2 :[(-2,-2), (20,25), (20,26), (19,26), (18,26), (18,27), (18,28), (-2,-2), (-2,-2), (-2,-2), (-2,-2)]
Turtle 3 :[(-3,-3), (5,15), (4,15), (4,16), (4,16), (3,16), (3,17), (2,17), (-3,-3), (-3,-3), (-3,-3)]
Turtle 4 :[(-4,-4), (44,39), (43,39), (43,39), (42,39), (42,39), (41,39), (40,39), (39,39), (-4,-4), (-4,-4)]
Turtle 5 :[(-5,-5), (28,49), (28,49), (28,48), (28,48), (28,47), (28,47), (27,47), (27,47), (26,47), (26,46)]

Detection Run 15
#Info# Executed steps before collision: 10, Found collision: false
Turtle 1 :[(-1,-1), (5,9), (4,9), (4,10), (3,10), (2,10), (1,10), (-1,-1), (-1,-1), (-1,-1), (-1,-1)]
Turtle 2 :[(-2,-2), (23,8), (23,8), (24,8), (24,8), (24,8), (24,7), (25,7), (25,7), (25,6), (26,6)]
Turtle 3 :[(-3,-3), (2,10), (1,10), (1,10), (1,11), (0,11), (0,11), (0,12), (-3,-3), (-3,-3), (-3,-3)]
Turtle 4 :[(-4,-4), (34,32), (33,32), (33,33), (32,33), (32,34), (32,35), (-4,-4), (-4,-4), (-4,-4), (-4,-4)]
Turtle 5 :[(-5,-5), (49,38), (49,37), (49,37), (49,37), (48,37), (48,37), (47,37), (47,36), (47,36), (46,36)]

Detection Run 16
#Info# Executed steps before collision: 11, Found collision: false
Turtle 1 :[(-1,-1), (11,22), (11,22), (11,22), (12,22), (12,22), (12,22), (13,22), (13,22), (13,23), (13,24), (13,25)]
Turtle 2 :[(-2,-2), (15,29), (14,29), (14,29), (14,29), (13,29), (13,30), (-2,-2), (-2,-2), (-2,-2), (-2,-2), (-2,-2)]
Turtle 3 :[(-3,-3), (37,45), (36,45), (36,45), (36,45), (36,46), (36,47), (35,47), (-3,-3), (-3,-3), (-3,-3), (-3,-3)]
Turtle 4 :[(-4,-4), (14,22), (14,22), (14,22), (13,22), (13,22), (13,23), (12,23), (11,23), (10,23), (10,22), (9,22)]
Turtle 5 :[(-5,-5), (8,37), (8,37), (9,37), (9,36), (9,36), (9,36), (10,36), (-5,-5), (-5,-5), (-5,-5), (-5,-5)]

Detection Run 17
#Info# Executed steps before collision: 12, Found collision: false
Turtle 1 :[(-1,-1), (8,48), (8,48), (8,48), (8,48), (8,48), (8,47), (8,48), (8,47), (9,47), (9,46), (10,46), (11,46)]
Turtle 2 :[(-2,-2), (36,36), (36,36), (36,35), (35,35), (35,35), (35,34), (35,34), (35,34), (35,33), (35,32), (-2,-2), (-2,-2)]
Turtle 3 :[(-3,-3), (6,45), (7,45), (8,45), (8,46), (9,46), (9,47), (-3,-3), (-3,-3), (-3,-3), (-3,-3), (-3,-3), (-3,-3)]
Turtle 4 :[(-4,-4), (36,2), (37,2), (38,2), (38,3), (39,3), (40,3), (-4,-4), (-4,-4), (-4,-4), (-4,-4), (-4,-4), (-4,-4)]
Turtle 5 :[(-5,-5), (22,29), (21,29), (21,30), (21,29), (21,29), (21,29), (21,29), (21,29), (21,29), (21,28), (21,27), (-5,-5)]

Detection Run 18
#Info# Executed steps before collision: 10, Found collision: false
Turtle 1 :[(-1,-1), (35,3), (34,3), (34,3), (34,3), (34,2), (35,2), (35,2), (35,1), (-1,-1), (-1,-1)]
Turtle 2 :[(-2,-2), (2,12), (2,12), (2,12), (3,12), (4,12), (4,12), (4,13), (4,13), (4,13), (5,13)]
Turtle 3 :[(-3,-3), (12,45), (11,45), (10,45), (10,46), (10,47), (10,48), (-3,-3), (-3,-3), (-3,-3), (-3,-3)]
Turtle 4 :[(-4,-4), (19,31), (20,31), (20,30), (21,30), (21,29), (21,28), (-4,-4), (-4,-4), (-4,-4), (-4,-4)]
Turtle 5 :[(-5,-5), (10,44), (11,44), (11,43), (12,43), (12,43), (12,43), (12,43), (12,43), (12,42), (13,42)]

Detection Run 19
#Info# Executed steps before collision: 11, Found collision: false
Turtle 1 :[(-1,-1), (20,12), (20,12), (19,12), (18,12), (18,12), (18,12), (18,12), (19,12), (20,12), (21,12), (-1,-1)]
Turtle 2 :[(-2,-2), (45,17), (45,17), (46,17), (47,17), (47,16), (47,16), (48,16), (48,16), (48,16), (48,16), (48,15)]
Turtle 3 :[(-3,-3), (14,13), (15,13), (16,13), (17,13), (17,12), (17,11), (-3,-3), (-3,-3), (-3,-3), (-3,-3), (-3,-3)]
Turtle 4 :[(-4,-4), (26,9), (25,9), (24,9), (24,9), (23,9), (22,9), (21,9), (-4,-4), (-4,-4), (-4,-4), (-4,-4)]
Turtle 5 :[(-5,-5), (34,41), (33,41), (33,41), (32,41), (32,40), (31,40), (-5,-5), (-5,-5), (-5,-5), (-5,-5), (-5,-5)]

Detection Run 20
#Info# Executed steps before collision: 8, Found collision: false
Turtle 1 :[(-1,-1), (44,40), (44,41), (44,41), (44,42), (44,43), (45,43), (45,44), (-1,-1)]
Turtle 2 :[(-2,-2), (34,33), (35,33), (35,34), (35,35), (36,35), (36,36), (-2,-2), (-2,-2)]
Turtle 3 :[(-3,-3), (28,32), (28,32), (29,32), (29,32), (29,32), (29,32), (29,32), (29,33)]
Turtle 4 :[(-4,-4), (46,14), (46,14), (46,13), (46,12), (46,12), (46,11), (-4,-4), (-4,-4)]
Turtle 5 :[(-5,-5), (45,7), (45,8), (45,9), (46,9), (-5,-5), (-5,-5), (-5,-5), (-5,-5)]

Detection Run 21
#Info# Executed steps before collision: 11, Found collision: false
Turtle 1 :[(-1,-1), (23,29), (22,29), (22,28), (22,29), (23,29), (23,30), (-1,-1), (-1,-1), (-1,-1), (-1,-1), (-1,-1)]
Turtle 2 :[(-2,-2), (19,49), (19,49), (19,49), (19,48), (20,48), (20,48), (20,48), (20,47), (20,46), (-2,-2), (-2,-2)]
Turtle 3 :[(-3,-3), (18,48), (18,49), (18,49), (17,49), (-3,-3), (-3,-3), (-3,-3), (-3,-3), (-3,-3), (-3,-3), (-3,-3)]
Turtle 4 :[(-4,-4), (48,31), (48,32), (49,32), (49,32), (49,32), (49,32), (48,32), (48,32), (48,33), (48,33), (47,33)]
Turtle 5 :[(-5,-5), (47,48), (47,48), (46,48), (46,48), (46,47), (46,47), (46,46), (46,46), (46,45), (46,45), (46,44)]

Detection Run 22
#Info# Executed steps before collision: 11, Found collision: false
Turtle 1 :[(-1,-1), (31,27), (30,27), (30,28), (30,29), (29,29), (29,29), (29,30), (-1,-1), (-1,-1), (-1,-1), (-1,-1)]
Turtle 2 :[(-2,-2), (2,5), (2,4), (2,3), (2,2), (2,2), (3,2), (3,3), (3,2), (3,1), (-2,-2), (-2,-2)]
Turtle 3 :[(-3,-3), (27,44), (27,44), (27,44), (27,44), (27,45), (26,45), (26,45), (25,45), (25,44), (25,44), (24,44)]
Turtle 4 :[(-4,-4), (8,0), (7,0), (6,0), (5,0), (4,0), (3,0), (-4,-4), (-4,-4), (-4,-4), (-4,-4), (-4,-4)]
Turtle 5 :[(-5,-5), (30,18), (31,18), (31,19), (32,19), (32,20), (33,20), (-5,-5), (-5,-5), (-5,-5), (-5,-5), (-5,-5)]

Detection Run 23
#Info# Executed steps before collision: 11, Found collision: false
Turtle 1 :[(-1,-1), (21,5), (22,5), (23,5), (23,4), (23,3), (24,3), (-1,-1), (-1,-1), (-1,-1), (-1,-1), (-1,-1)]
Turtle 2 :[(-2,-2), (11,5), (12,5), (12,5), (12,6), (12,7), (12,8), (12,8), (12,8), (12,8), (12,8), (12,9)]
Turtle 3 :[(-3,-3), (28,24), (27,24), (27,25), (26,25), (26,26), (26,27), (-3,-3), (-3,-3), (-3,-3), (-3,-3), (-3,-3)]
Turtle 4 :[(-4,-4), (49,49), (49,49), (49,48), (49,48), (49,48), (49,47), (-4,-4), (-4,-4), (-4,-4), (-4,-4), (-4,-4)]
Turtle 5 :[(-5,-5), (48,43), (48,43), (49,43), (49,44), (49,44), (49,45), (49,45), (49,46), (-5,-5), (-5,-5), (-5,-5)]

Detection Run 24
#Info# Executed steps before collision: 10, Found collision: false
Turtle 1 :[(-1,-1), (5,45), (5,45), (5,45), (5,45), (6,45), (6,45), (7,45), (7,46), (7,46), (8,46)]
Turtle 2 :[(-2,-2), (17,21), (17,22), (18,22), (18,22), (19,22), (19,22), (20,22), (21,22), (-2,-2), (-2,-2)]
Turtle 3 :[(-3,-3), (21,23), (21,22), (21,22), (21,22), (21,22), (21,21), (21,20), (22,20), (-3,-3), (-3,-3)]
Turtle 4 :[(-4,-4), (10,22), (10,21), (10,21), (10,20), (10,20), (11,20), (11,20), (11,19), (12,19), (-4,-4)]
Turtle 5 :[(-5,-5), (49,29), (49,28), (49,28), (49,28), (49,27), (49,26), (49,26), (49,25), (-5,-5), (-5,-5)]

Detection Run 25
#Info# Executed steps before collision: 10, Found collision: false
Turtle 1 :[(-1,-1), (12,43), (12,43), (12,43), (12,43), (12,43), (12,44), (-1,-1), (-1,-1), (-1,-1), (-1,-1)]
Turtle 2 :[(-2,-2), (8,6), (8,6), (8,6), (9,6), (9,5), (10,5), (10,5), (10,4), (11,4), (-2,-2)]
Turtle 3 :[(-3,-3), (36,13), (37,13), (37,13), (38,13), (38,13), (38,13), (39,13), (40,13), (40,13), (40,12)]
Turtle 4 :[(-4,-4), (2,25), (2,26), (2,26), (2,27), (2,28), (2,29), (-4,-4), (-4,-4), (-4,-4), (-4,-4)]
Turtle 5 :[(-5,-5), (1,27), (2,27), (3,27), (4,27), (5,27), (-5,-5), (-5,-5), (-5,-5), (-5,-5), (-5,-5)]

Detection Run 26
#Info# Executed steps before collision: 10, Found collision: false
Turtle 1 :[(-1,-1), (47,9), (47,10), (46,10), (45,10), (44,10), (43,10), (-1,-1), (-1,-1), (-1,-1), (-1,-1)]
Turtle 2 :[(-2,-2), (31,8), (30,8), (29,8), (29,8), (29,7), (29,7), (28,7), (28,6), (-2,-2), (-2,-2)]
Turtle 3 :[(-3,-3), (12,35), (13,35), (13,35), (13,36), (14,36), (-3,-3), (-3,-3), (-3,-3), (-3,-3), (-3,-3)]
Turtle 4 :[(-4,-4), (39,31), (39,31), (40,31), (40,32), (40,33), (40,33), (41,33), (41,34), (-4,-4), (-4,-4)]
Turtle 5 :[(-5,-5), (26,6), (27,6), (27,6), (27,6), (27,6), (27,6), (27,7), (27,8), (26,8), (27,8)]

Detection Run 27
#Info# Executed steps before collision: 10, Found collision: false
Turtle 1 :[(-1,-1), (30,46), (29,46), (28,46), (28,45), (-1,-1), (-1,-1), (-1,-1), (-1,-1), (-1,-1), (-1,-1)]
Turtle 2 :[(-2,-2), (3,48), (3,47), (3,47), (2,47), (1,47), (1,47), (0,47), (-2,-2), (-2,-2), (-2,-2)]
Turtle 3 :[(-3,-3), (1,45), (1,45), (1,45), (2,45), (3,45), (3,46), (-3,-3), (-3,-3), (-3,-3), (-3,-3)]
Turtle 4 :[(-4,-4), (7,2), (7,1), (8,1), (8,1), (8,1), (8,1), (8,1), (7,1), (7,1), (7,0)]
Turtle 5 :[(-5,-5), (7,13), (7,13), (6,13), (5,13), (5,12), (5,12), (5,12), (5,11), (-5,-5), (-5,-5)]

Detection Run 28
#Info# Executed steps before collision: 10, Found collision: false
Turtle 1 :[(-1,-1), (47,24), (47,25), (47,26), (48,26), (49,26), (49,27), (-1,-1), (-1,-1), (-1,-1), (-1,-1)]
Turtle 2 :[(-2,-2), (31,41), (31,41), (31,42), (31,42), (32,42), (32,42), (32,43), (33,43), (33,44), (-2,-2)]
Turtle 3 :[(-3,-3), (28,31), (28,31), (29,31), (29,32), (29,33), (29,34), (29,34), (29,34), (29,35), (-3,-3)]
Turtle 4 :[(-4,-4), (28,30), (29,30), (29,30), (30,30), (30,30), (30,31), (30,31), (31,31), (31,31), (32,31)]
Turtle 5 :[(-5,-5), (16,14), (16,14), (16,13), (16,13), (16,13), (16,13), (16,12), (16,13), (16,13), (15,13)]

Detection Run 29
#Info# Executed steps before collision: 9, Found collision: false
Turtle 1 :[(-1,-1), (41,29), (41,30), (41,31), (40,31), (39,31), (39,32), (-1,-1), (-1,-1), (-1,-1)]
Turtle 2 :[(-2,-2), (27,47), (27,46), (26,46), (26,45), (26,44), (26,43), (-2,-2), (-2,-2), (-2,-2)]
Turtle 3 :[(-3,-3), (16,8), (16,8), (17,8), (17,7), (17,6), (-3,-3), (-3,-3), (-3,-3), (-3,-3)]
Turtle 4 :[(-4,-4), (29,2), (29,1), (29,0), (30,0), (-4,-4), (-4,-4), (-4,-4), (-4,-4), (-4,-4)]
Turtle 5 :[(-5,-5), (21,44), (21,44), (21,44), (22,44), (23,44), (23,44), (23,43), (24,43), (24,42)]

Detection Run 30
#Info# Executed steps before collision: 10, Found collision: false
Turtle 1 :[(-1,-1), (28,28), (27,28), (27,27), (27,27), (26,27), (25,27), (-1,-1), (-1,-1), (-1,-1), (-1,-1)]
Turtle 2 :[(-2,-2), (35,14), (34,14), (33,14), (32,14), (32,14), (32,13), (31,13), (-2,-2), (-2,-2), (-2,-2)]
Turtle 3 :[(-3,-3), (32,35), (32,35), (31,35), (30,35), (30,35), (29,35), (28,35), (-3,-3), (-3,-3), (-3,-3)]
Turtle 4 :[(-4,-4), (30,28), (30,28), (30,29), (30,30), (30,30), (29,30), (29,31), (29,31), (29,31), (29,32)]
Turtle 5 :[(-5,-5), (7,20), (7,20), (8,20), (9,20), (9,20), (9,20), (9,20), (10,20), (11,20), (12,20)]

Fault Detection Run 31
#Info# Executed steps before collision: 5, Found collision: true
Turtle 1 :[(-1,-1), (48,10), (49,10), (49,10), (49,9), (49,9), (49,8), (49,7), (-1,-1), (-1,-1), (-1,-1), (-1,-1)]
Turtle 2 :[(-2,-2), (40,9), (40,9), (40,8), (40,7), (41,7), (41,6), (41,5), (-2,-2), (-2,-2), (-2,-2), (-2,-2)]
Turtle 3 :[(-3,-3), (49,8), (49,8), (49,8), (49,8), (49,9), (-3,-3), (-3,-3), (-3,-3), (-3,-3), (-3,-3), (-3,-3)]
Turtle 4 :[(-4,-4), (43,13), (43,13), (43,14), (44,14), (44,14), (44,14), (44,14), (44,14), (44,15), (-4,-4), (-4,-4)]
Turtle 5 :[(-5,-5), (46,19), (46,18), (46,18), (46,18), (46,18), (46,18), (45,18), (45,17), (45,16), (45,16), (45,15)]

