Detection Run 1
#Info# Executed steps before collision: 6, Found collision: false
Turtle 1 :[(-1,-1), (37,36), (36,36), (35,36), (34,36), (33,36), (33,37)]
Turtle 2 :[(-2,-2), (11,32), (12,32), (12,31), (13,31), (14,31), (15,31)]
Turtle 3 :[(-3,-3), (40,36), (39,36), (39,37), (38,37), (38,38), (38,39)]
Turtle 4 :[(-4,-4), (1,36), (0,36), (0,37), (0,38), (0,39), (0,40)]
Turtle 5 :[(-5,-5), (11,33), (10,33), (10,34), (9,34), (9,35), (-5,-5)]

Detection Run 2
#Info# Executed steps before collision: 9, Found collision: false
Turtle 1 :[(-1,-1), (11,46), (11,47), (11,48), (11,49), (11,49), (-1,-1), (-1,-1), (-1,-1), (-1,-1)]
Turtle 2 :[(-2,-2), (3,14), (2,14), (2,15), (2,16), (2,17), (2,18), (-2,-2), (-2,-2), (-2,-2)]
Turtle 3 :[(-3,-3), (0,15), (1,15), (0,15), (0,15), (1,15), (1,15), (1,15), (1,15), (2,15)]
Turtle 4 :[(-4,-4), (34,8), (34,7), (34,7), (34,6), (34,5), (34,4), (34,4), (34,3), (-4,-4)]
Turtle 5 :[(-5,-5), (14,5), (13,5), (12,5), (11,5), (10,5), (10,6), (-5,-5), (-5,-5), (-5,-5)]

Detection Run 3
#Info# Executed steps before collision: 6, Found collision: false
Turtle 1 :[(-1,-1), (22,46), (21,46), (21,45), (20,45), (19,45), (19,44)]
Turtle 2 :[(-2,-2), (20,7), (20,8), (19,8), (19,9), (19,10), (18,10)]
Turtle 3 :[(-3,-3), (5,35), (5,36), (6,36), (7,36), (-3,-3), (-3,-3)]
Turtle 4 :[(-4,-4), (16,9), (17,9), (17,8), (18,8), (19,8), (20,8)]
Turtle 5 :[(-5,-5), (13,7), (13,7), (13,8), (12,8), (11,8), (-5,-5)]

Fault Detection Run 4
#Info# Executed steps before collision: 4, Found collision: true
Turtle 1 :[(-1,-1), (4,8), (4,9), (5,9), (6,9), (6,10), (7,10), (-1,-1), (-1,-1)]
Turtle 2 :[(-2,-2), (25,45), (25,44), (25,44), (25,45), (25,45), (25,46), (-2,-2), (-2,-2)]
Turtle 3 :[(-3,-3), (13,3), (13,4), (13,4), (12,4), (12,4), (11,4), (10,4), (9,4)]
Turtle 4 :[(-4,-4), (42,46), (43,46), (44,46), (43,46), (44,46), (45,46), (-4,-4), (-4,-4)]
Turtle 5 :[(-5,-5), (44,48), (44,47), (43,47), (43,46), (42,46), (42,45), (-5,-5), (-5,-5)]

