Detection Run 1
#Info# Executed steps before collision: 8, Found collision: false
Turtle 1 :[(-1,-1), (15,9), (15,10), (15,11), (15,10), (15,11), (15,12), (15,13), (15,14)]
Turtle 2 :[(-2,-2), (48,38), (48,37), (48,36), (48,35), (49,35), (49,34), (-2,-2), (-2,-2)]
Turtle 3 :[(-3,-3), (13,12), (14,12), (15,12), (-3,-3), (-3,-3), (-3,-3), (-3,-3), (-3,-3)]
Turtle 4 :[(-4,-4), (27,11), (28,11), (29,11), (29,10), (29,9), (30,9), (-4,-4), (-4,-4)]
Turtle 5 :[(-5,-5), (18,25), (19,25), (19,24), (20,24), (20,23), (-5,-5), (-5,-5), (-5,-5)]

Detection Run 2
#Info# Executed steps before collision: 7, Found collision: false
Turtle 1 :[(-1,-1), (27,30), (26,30), (25,30), (-1,-1), (-1,-1), (-1,-1), (-1,-1)]
Turtle 2 :[(-2,-2), (48,32), (47,32), (46,32), (45,32), (-2,-2), (-2,-2), (-2,-2)]
Turtle 3 :[(-3,-3), (2,48), (1,48), (1,49), (0,49), (0,49), (-3,-3), (-3,-3)]
Turtle 4 :[(-4,-4), (3,48), (2,48), (2,49), (1,49), (1,48), (1,47), (0,47)]
Turtle 5 :[(-5,-5), (42,11), (43,11), (44,11), (44,12), (44,13), (45,13), (-5,-5)]

Detection Run 3
#Info# Executed steps before collision: 6, Found collision: false
Turtle 1 :[(-1,-1), (6,24), (5,24), (5,23), (4,23), (3,23), (3,22)]
Turtle 2 :[(-2,-2), (22,30), (21,30), (21,31), (21,32), (20,32), (19,32)]
Turtle 3 :[(-3,-3), (18,37), (18,36), (18,35), (18,34), (18,33), (18,32)]
Turtle 4 :[(-4,-4), (46,39), (47,39), (47,40), (48,40), (48,41), (48,42)]
Turtle 5 :[(-5,-5), (18,1), (17,1), (16,1), (15,1), (15,0), (14,0)]

Detection Run 4
#Info# Executed steps before collision: 7, Found collision: false
Turtle 1 :[(-1,-1), (39,30), (38,30), (39,30), (38,30), (38,29), (37,29), (-1,-1)]
Turtle 2 :[(-2,-2), (20,39), (19,39), (19,38), (-2,-2), (-2,-2), (-2,-2), (-2,-2)]
Turtle 3 :[(-3,-3), (39,28), (39,29), (39,29), (39,30), (38,30), (38,31), (37,31)]
Turtle 4 :[(-4,-4), (2,2), (2,2), (3,2), (3,3), (3,4), (3,4), (3,5)]
Turtle 5 :[(-5,-5), (39,48), (39,49), (39,49), (40,49), (41,49), (42,49), (-5,-5)]

Detection Run 5
#Info# Executed steps before collision: 9, Found collision: false
Turtle 1 :[(-1,-1), (34,36), (34,36), (34,36), (34,36), (35,36), (-1,-1), (-1,-1), (-1,-1), (-1,-1)]
Turtle 2 :[(-2,-2), (44,30), (43,30), (43,29), (42,29), (41,29), (41,28), (-2,-2), (-2,-2), (-2,-2)]
Turtle 3 :[(-3,-3), (23,11), (24,11), (24,10), (24,9), (25,9), (26,9), (-3,-3), (-3,-3), (-3,-3)]
Turtle 4 :[(-4,-4), (16,47), (16,46), (16,46), (16,46), (16,45), (16,44), (17,44), (17,44), (18,44)]
Turtle 5 :[(-5,-5), (34,35), (34,34), (35,34), (35,33), (36,33), (37,33), (-5,-5), (-5,-5), (-5,-5)]

Detection Run 6
#Info# Executed steps before collision: 7, Found collision: false
Turtle 1 :[(-1,-1), (32,18), (33,18), (33,17), (34,17), (35,17), (35,16), (-1,-1)]
Turtle 2 :[(-2,-2), (37,28), (38,28), (37,28), (38,28), (-2,-2), (-2,-2), (-2,-2)]
Turtle 3 :[(-3,-3), (18,27), (17,27), (16,27), (-3,-3), (-3,-3), (-3,-3), (-3,-3)]
Turtle 4 :[(-4,-4), (39,23), (39,24), (39,24), (39,25), (39,26), (38,26), (38,27)]
Turtle 5 :[(-5,-5), (25,45), (25,45), (24,45), (24,44), (23,44), (23,43), (22,43)]

Detection Run 7
#Info# Executed steps before collision: 8, Found collision: false
Turtle 1 :[(-1,-1), (34,48), (35,48), (36,48), (36,48), (36,47), (36,47), (36,46), (37,46)]
Turtle 2 :[(-2,-2), (11,36), (11,35), (11,36), (11,35), (11,34), (10,34), (-2,-2), (-2,-2)]
Turtle 3 :[(-3,-3), (28,46), (28,46), (27,46), (27,45), (27,45), (27,45), (27,44), (27,43)]
Turtle 4 :[(-4,-4), (37,8), (36,8), (37,8), (36,8), (35,8), (-4,-4), (-4,-4), (-4,-4)]
Turtle 5 :[(-5,-5), (15,32), (15,33), (14,33), (14,34), (13,34), (14,34), (13,34), (12,34)]

Detection Run 8
#Info# Executed steps before collision: 8, Found collision: false
Turtle 1 :[(-1,-1), (23,24), (23,25), (24,25), (24,26), (24,27), (24,27), (24,28), (-1,-1)]
Turtle 2 :[(-2,-2), (22,23), (23,23), (23,22), (23,21), (24,21), (-2,-2), (-2,-2), (-2,-2)]
Turtle 3 :[(-3,-3), (44,49), (44,48), (44,47), (44,46), (44,45), (-3,-3), (-3,-3), (-3,-3)]
Turtle 4 :[(-4,-4), (2,0), (3,0), (3,0), (3,1), (3,1), (3,2), (-4,-4), (-4,-4)]
Turtle 5 :[(-5,-5), (23,30), (23,29), (23,29), (24,29), (25,29), (25,29), (25,28), (26,28)]

Detection Run 9
#Info# Executed steps before collision: 8, Found collision: false
Turtle 1 :[(-1,-1), (43,20), (43,19), (43,19), (43,19), (43,18), (-1,-1), (-1,-1), (-1,-1)]
Turtle 2 :[(-2,-2), (39,15), (39,14), (40,14), (40,13), (41,13), (41,13), (42,13), (-2,-2)]
Turtle 3 :[(-3,-3), (21,3), (22,3), (22,4), (22,5), (23,5), (24,5), (-3,-3), (-3,-3)]
Turtle 4 :[(-4,-4), (33,2), (34,2), (34,3), (34,3), (34,3), (34,3), (34,4), (34,5)]
Turtle 5 :[(-5,-5), (43,15), (43,14), (43,14), (42,14), (41,14), (40,14), (-5,-5), (-5,-5)]

Detection Run 10
#Info# Executed steps before collision: 8, Found collision: false
Turtle 1 :[(-1,-1), (14,49), (13,49), (12,49), (11,49), (10,49), (10,49), (-1,-1), (-1,-1)]
Turtle 2 :[(-2,-2), (5,26), (6,26), (5,26), (4,26), (4,27), (3,27), (2,27), (2,28)]
Turtle 3 :[(-3,-3), (4,26), (4,25), (4,24), (3,24), (3,23), (2,23), (-3,-3), (-3,-3)]
Turtle 4 :[(-4,-4), (16,34), (16,33), (15,33), (14,33), (13,33), (13,33), (13,32), (-4,-4)]
Turtle 5 :[(-5,-5), (31,20), (30,20), (29,20), (29,21), (29,22), (29,23), (-5,-5), (-5,-5)]

Detection Run 11
#Info# Executed steps before collision: 7, Found collision: false
Turtle 1 :[(-1,-1), (24,29), (25,29), (25,29), (26,29), (26,30), (26,31), (26,32)]
Turtle 2 :[(-2,-2), (44,6), (45,6), (45,7), (45,8), (45,7), (45,8), (-2,-2)]
Turtle 3 :[(-3,-3), (23,9), (23,9), (22,9), (21,9), (20,9), (19,9), (18,9)]
Turtle 4 :[(-4,-4), (22,10), (21,10), (22,10), (21,10), (21,11), (21,10), (21,9)]
Turtle 5 :[(-5,-5), (49,11), (49,11), (49,11), (48,11), (47,11), (46,11), (46,10)]

Detection Run 12
#Info# Executed steps before collision: 10, Found collision: false
Turtle 1 :[(-1,-1), (20,42), (21,42), (21,43), (20,43), (20,42), (20,43), (-1,-1), (-1,-1), (-1,-1), (-1,-1)]
Turtle 2 :[(-2,-2), (16,19), (17,19), (18,19), (19,19), (20,19), (21,19), (-2,-2), (-2,-2), (-2,-2), (-2,-2)]
Turtle 3 :[(-3,-3), (35,45), (36,45), (36,45), (37,45), (38,45), (38,45), (38,45), (38,46), (-3,-3), (-3,-3)]
Turtle 4 :[(-4,-4), (20,41), (20,41), (21,41), (21,41), (21,41), (21,40), (21,40), (22,40), (22,39), (22,38)]
Turtle 5 :[(-5,-5), (8,5), (8,6), (8,7), (7,7), (7,8), (7,9), (-5,-5), (-5,-5), (-5,-5), (-5,-5)]

Detection Run 13
#Info# Executed steps before collision: 11, Found collision: false
Turtle 1 :[(-1,-1), (40,24), (40,25), (40,26), (40,27), (40,27), (40,27), (40,28), (40,29), (-1,-1), (-1,-1), (-1,-1)]
Turtle 2 :[(-2,-2), (35,28), (36,28), (36,29), (36,30), (37,30), (37,31), (-2,-2), (-2,-2), (-2,-2), (-2,-2), (-2,-2)]
Turtle 3 :[(-3,-3), (40,44), (40,44), (40,43), (40,42), (40,42), (40,41), (40,40), (39,40), (-3,-3), (-3,-3), (-3,-3)]
Turtle 4 :[(-4,-4), (41,30), (41,29), (41,28), (41,28), (41,28), (41,27), (42,27), (42,27), (42,27), (42,27), (42,26)]
Turtle 5 :[(-5,-5), (29,49), (30,49), (30,49), (30,49), (30,49), (31,49), (31,49), (32,49), (33,49), (33,49), (33,49)]

Detection Run 14
#Info# Executed steps before collision: 11, Found collision: false
Turtle 1 :[(-1,-1), (16,38), (16,37), (15,37), (14,37), (13,37), (-1,-1), (-1,-1), (-1,-1), (-1,-1), (-1,-1), (-1,-1)]
Turtle 2 :[(-2,-2), (13,44), (12,44), (11,44), (11,45), (-2,-2), (-2,-2), (-2,-2), (-2,-2), (-2,-2), (-2,-2), (-2,-2)]
Turtle 3 :[(-3,-3), (33,30), (34,30), (34,31), (35,31), (35,31), (35,31), (35,32), (35,33), (-3,-3), (-3,-3), (-3,-3)]
Turtle 4 :[(-4,-4), (31,40), (31,40), (32,40), (32,40), (32,40), (32,40), (32,40), (33,40), (-4,-4), (-4,-4), (-4,-4)]
Turtle 5 :[(-5,-5), (15,44), (15,44), (14,44), (13,44), (13,44), (13,44), (13,44), (12,44), (12,43), (12,43), (12,42)]

Detection Run 15
#Info# Executed steps before collision: 10, Found collision: false
Turtle 1 :[(-1,-1), (34,19), (34,19), (34,19), (34,19), (34,20), (35,20), (35,20), (35,21), (-1,-1), (-1,-1)]
Turtle 2 :[(-2,-2), (3,44), (4,44), (5,44), (6,44), (7,44), (-2,-2), (-2,-2), (-2,-2), (-2,-2), (-2,-2)]
Turtle 3 :[(-3,-3), (9,40), (9,40), (8,40), (8,41), (8,41), (8,42), (8,42), (8,42), (7,42), (6,42)]
Turtle 4 :[(-4,-4), (33,42), (33,41), (33,40), (32,40), (32,39), (32,38), (-4,-4), (-4,-4), (-4,-4), (-4,-4)]
Turtle 5 :[(-5,-5), (19,10), (18,10), (18,10), (18,11), (17,11), (16,11), (15,11), (-5,-5), (-5,-5), (-5,-5)]

Detection Run 16
#Info# Executed steps before collision: 11, Found collision: false
Turtle 1 :[(-1,-1), (13,49), (12,49), (12,49), (13,49), (13,49), (14,49), (-1,-1), (-1,-1), (-1,-1), (-1,-1), (-1,-1)]
Turtle 2 :[(-2,-2), (3,41), (2,41), (2,41), (2,41), (2,40), (2,39), (2,38), (2,38), (1,38), (-2,-2), (-2,-2)]
Turtle 3 :[(-3,-3), (20,41), (21,41), (22,41), (22,41), (22,41), (22,40), (22,40), (23,40), (24,40), (-3,-3), (-3,-3)]
Turtle 4 :[(-4,-4), (3,36), (3,36), (3,36), (2,36), (2,36), (2,36), (2,37), (1,37), (1,37), (1,37), (1,38)]
Turtle 5 :[(-5,-5), (16,33), (16,33), (16,33), (17,33), (17,34), (17,35), (17,36), (17,36), (17,36), (17,36), (17,37)]

Detection Run 17
#Info# Executed steps before collision: 10, Found collision: false
Turtle 1 :[(-1,-1), (36,21), (36,22), (36,23), (36,23), (35,23), (35,24), (34,24), (-1,-1), (-1,-1), (-1,-1)]
Turtle 2 :[(-2,-2), (9,20), (9,21), (9,21), (9,21), (8,21), (8,21), (7,21), (6,21), (6,21), (6,22)]
Turtle 3 :[(-3,-3), (9,10), (9,10), (9,10), (9,11), (10,11), (-3,-3), (-3,-3), (-3,-3), (-3,-3), (-3,-3)]
Turtle 4 :[(-4,-4), (12,14), (12,14), (12,14), (12,14), (11,14), (11,14), (12,14), (11,14), (11,13), (11,12)]
Turtle 5 :[(-5,-5), (0,24), (0,23), (0,22), (0,21), (-5,-5), (-5,-5), (-5,-5), (-5,-5), (-5,-5), (-5,-5)]

Detection Run 18
#Info# Executed steps before collision: 10, Found collision: false
Turtle 1 :[(-1,-1), (33,10), (33,10), (33,10), (33,10), (33,11), (33,11), (33,11), (33,12), (33,13), (32,13)]
Turtle 2 :[(-2,-2), (26,49), (25,49), (25,49), (25,49), (25,48), (25,49), (26,49), (26,48), (-2,-2), (-2,-2)]
Turtle 3 :[(-3,-3), (44,23), (44,24), (43,24), (43,25), (43,26), (42,26), (-3,-3), (-3,-3), (-3,-3), (-3,-3)]
Turtle 4 :[(-4,-4), (31,21), (31,20), (32,20), (32,20), (32,20), (32,20), (32,19), (-4,-4), (-4,-4), (-4,-4)]
Turtle 5 :[(-5,-5), (37,14), (36,14), (36,14), (36,14), (36,13), (35,13), (35,12), (35,12), (35,12), (34,12)]

Detection Run 19
#Info# Executed steps before collision: 11, Found collision: false
Turtle 1 :[(-1,-1), (38,33), (38,33), (38,33), (38,33), (38,33), (38,33), (39,33), (-1,-1), (-1,-1), (-1,-1), (-1,-1)]
Turtle 2 :[(-2,-2), (6,16), (7,16), (7,15), (7,14), (8,14), (9,14), (-2,-2), (-2,-2), (-2,-2), (-2,-2), (-2,-2)]
Turtle 3 :[(-3,-3), (24,32), (24,32), (24,31), (24,31), (25,31), (26,31), (-3,-3), (-3,-3), (-3,-3), (-3,-3), (-3,-3)]
Turtle 4 :[(-4,-4), (5,8), (5,7), (5,6), (5,5), (5,5), (5,5), (5,5), (5,5), (5,4), (-4,-4), (-4,-4)]
Turtle 5 :[(-5,-5), (40,35), (40,35), (40,35), (40,35), (41,35), (41,35), (41,34), (41,33), (41,33), (41,32), (42,32)]

Detection Run 20
#Info# Executed steps before collision: 11, Found collision: false
Turtle 1 :[(-1,-1), (32,9), (32,9), (33,9), (34,9), (35,9), (36,9), (36,9), (36,9), (36,8), (-1,-1), (-1,-1)]
Turtle 2 :[(-2,-2), (11,9), (11,9), (11,8), (11,7), (11,7), (11,6), (11,6), (10,6), (10,6), (10,6), (10,5)]
Turtle 3 :[(-3,-3), (22,20), (23,20), (23,20), (22,20), (22,20), (23,20), (23,20), (24,20), (-3,-3), (-3,-3), (-3,-3)]
Turtle 4 :[(-4,-4), (12,6), (12,5), (12,5), (12,5), (12,5), (11,5), (10,5), (10,5), (9,5), (-4,-4), (-4,-4)]
Turtle 5 :[(-5,-5), (27,43), (26,43), (26,43), (26,44), (26,45), (26,45), (26,46), (25,46), (-5,-5), (-5,-5), (-5,-5)]

Detection Run 21
#Info# Executed steps before collision: 8, Found collision: false
Turtle 1 :[(-1,-1), (24,19), (24,19), (24,19), (24,18), (24,17), (24,16), (23,16), (23,15)]
Turtle 2 :[(-2,-2), (20,17), (21,17), (21,18), (22,18), (22,18), (23,18), (-2,-2), (-2,-2)]
Turtle 3 :[(-3,-3), (3,17), (4,17), (5,17), (-3,-3), (-3,-3), (-3,-3), (-3,-3), (-3,-3)]
Turtle 4 :[(-4,-4), (44,36), (43,36), (42,36), (-4,-4), (-4,-4), (-4,-4), (-4,-4), (-4,-4)]
Turtle 5 :[(-5,-5), (37,43), (37,44), (38,44), (39,44), (-5,-5), (-5,-5), (-5,-5), (-5,-5)]

Detection Run 22
#Info# Executed steps before collision: 8, Found collision: false
Turtle 1 :[(-1,-1), (19,15), (18,15), (18,15), (17,15), (17,15), (17,14), (-1,-1), (-1,-1)]
Turtle 2 :[(-2,-2), (17,32), (17,32), (18,32), (18,32), (19,32), (19,31), (20,31), (20,30)]
Turtle 3 :[(-3,-3), (19,32), (20,32), (20,31), (20,30), (20,29), (20,28), (-3,-3), (-3,-3)]
Turtle 4 :[(-4,-4), (7,46), (6,46), (6,47), (6,48), (5,48), (4,48), (-4,-4), (-4,-4)]
Turtle 5 :[(-5,-5), (9,33), (9,34), (9,34), (9,34), (8,34), (8,34), (7,34), (-5,-5)]

Detection Run 23
#Info# Executed steps before collision: 11, Found collision: false
Turtle 1 :[(-1,-1), (5,37), (5,38), (5,38), (6,38), (6,39), (7,39), (8,39), (-1,-1), (-1,-1), (-1,-1), (-1,-1)]
Turtle 2 :[(-2,-2), (14,21), (14,21), (14,20), (15,20), (15,19), (15,19), (15,19), (16,19), (16,18), (-2,-2), (-2,-2)]
Turtle 3 :[(-3,-3), (1,10), (1,10), (1,9), (1,9), (2,9), (2,9), (3,9), (3,9), (3,9), (4,9), (4,8)]
Turtle 4 :[(-4,-4), (3,26), (4,26), (4,26), (4,26), (5,26), (5,26), (5,27), (6,27), (6,27), (7,27), (-4,-4)]
Turtle 5 :[(-5,-5), (9,38), (8,38), (8,38), (8,39), (7,39), (7,38), (6,38), (5,38), (5,39), (-5,-5), (-5,-5)]

Detection Run 24
#Info# Executed steps before collision: 11, Found collision: false
Turtle 1 :[(-1,-1), (15,6), (16,6), (16,6), (16,7), (16,7), (17,7), (17,7), (17,7), (17,8), (17,8), (17,9)]
Turtle 2 :[(-2,-2), (21,10), (21,11), (20,11), (19,11), (19,11), (18,11), (18,11), (17,11), (-2,-2), (-2,-2), (-2,-2)]
Turtle 3 :[(-3,-3), (41,41), (42,41), (43,41), (43,40), (43,40), (44,40), (45,40), (-3,-3), (-3,-3), (-3,-3), (-3,-3)]
Turtle 4 :[(-4,-4), (33,19), (33,19), (33,20), (33,20), (32,20), (32,21), (32,22), (31,22), (-4,-4), (-4,-4), (-4,-4)]
Turtle 5 :[(-5,-5), (22,5), (22,4), (22,3), (-5,-5), (-5,-5), (-5,-5), (-5,-5), (-5,-5), (-5,-5), (-5,-5), (-5,-5)]

Detection Run 25
#Info# Executed steps before collision: 9, Found collision: false
Turtle 1 :[(-1,-1), (16,7), (16,7), (16,7), (16,7), (15,7), (15,7), (15,8), (15,9), (-1,-1)]
Turtle 2 :[(-2,-2), (39,32), (39,32), (39,32), (39,32), (40,32), (41,32), (41,32), (42,32), (-2,-2)]
Turtle 3 :[(-3,-3), (2,2), (2,1), (1,1), (0,1), (0,0), (-3,-3), (-3,-3), (-3,-3), (-3,-3)]
Turtle 4 :[(-4,-4), (39,33), (38,33), (38,32), (38,31), (37,31), (37,30), (-4,-4), (-4,-4), (-4,-4)]
Turtle 5 :[(-5,-5), (8,49), (8,48), (8,48), (8,48), (7,48), (6,48), (6,49), (6,49), (5,49)]

Detection Run 26
#Info# Executed steps before collision: 10, Found collision: false
Turtle 1 :[(-1,-1), (43,41), (44,41), (45,41), (46,41), (47,41), (-1,-1), (-1,-1), (-1,-1), (-1,-1), (-1,-1)]
Turtle 2 :[(-2,-2), (11,13), (11,13), (10,13), (9,13), (8,13), (7,13), (7,14), (7,13), (7,12), (-2,-2)]
Turtle 3 :[(-3,-3), (10,9), (10,10), (10,11), (10,11), (10,11), (9,11), (9,11), (9,12), (9,12), (8,12)]
Turtle 4 :[(-4,-4), (4,13), (5,13), (6,13), (6,12), (6,12), (7,12), (8,12), (-4,-4), (-4,-4), (-4,-4)]
Turtle 5 :[(-5,-5), (30,32), (30,32), (30,33), (30,34), (29,34), (28,34), (28,34), (28,34), (28,35), (-5,-5)]

Detection Run 27
#Info# Executed steps before collision: 9, Found collision: false
Turtle 1 :[(-1,-1), (27,25), (27,25), (27,24), (27,24), (28,24), (29,24), (29,23), (29,22), (-1,-1)]
Turtle 2 :[(-2,-2), (11,45), (10,45), (9,45), (9,46), (9,47), (8,47), (-2,-2), (-2,-2), (-2,-2)]
Turtle 3 :[(-3,-3), (22,30), (22,29), (22,28), (23,28), (23,28), (23,28), (23,28), (24,28), (25,28)]
Turtle 4 :[(-4,-4), (27,30), (27,29), (27,30), (27,29), (26,29), (26,29), (26,29), (25,29), (-4,-4)]
Turtle 5 :[(-5,-5), (41,20), (41,19), (41,20), (41,19), (42,19), (-5,-5), (-5,-5), (-5,-5), (-5,-5)]

Detection Run 28
#Info# Executed steps before collision: 11, Found collision: false
Turtle 1 :[(-1,-1), (24,6), (24,6), (24,6), (25,6), (26,6), (27,6), (27,5), (27,5), (27,4), (-1,-1), (-1,-1)]
Turtle 2 :[(-2,-2), (45,47), (45,48), (45,48), (46,48), (46,47), (46,47), (47,47), (48,47), (-2,-2), (-2,-2), (-2,-2)]
Turtle 3 :[(-3,-3), (3,16), (4,16), (4,15), (5,15), (6,15), (7,15), (-3,-3), (-3,-3), (-3,-3), (-3,-3), (-3,-3)]
Turtle 4 :[(-4,-4), (29,27), (29,26), (28,26), (28,25), (28,24), (29,24), (30,24), (31,24), (-4,-4), (-4,-4), (-4,-4)]
Turtle 5 :[(-5,-5), (30,26), (30,26), (30,26), (30,26), (29,26), (29,25), (28,25), (28,25), (28,24), (28,24), (28,23)]

Detection Run 29
#Info# Executed steps before collision: 10, Found collision: false
Turtle 1 :[(-1,-1), (48,35), (48,35), (48,34), (48,33), (48,32), (48,32), (49,32), (49,32), (49,32), (49,31)]
Turtle 2 :[(-2,-2), (47,35), (47,34), (47,33), (47,32), (47,31), (47,32), (47,32), (48,32), (48,31), (-2,-2)]
Turtle 3 :[(-3,-3), (15,15), (15,14), (15,13), (15,13), (15,13), (15,12), (15,12), (15,11), (15,10), (-3,-3)]
Turtle 4 :[(-4,-4), (6,42), (5,42), (5,42), (5,43), (5,43), (5,44), (4,44), (4,45), (-4,-4), (-4,-4)]
Turtle 5 :[(-5,-5), (44,13), (44,13), (44,13), (45,13), (44,13), (44,13), (44,13), (44,13), (45,13), (-5,-5)]

Fault Detection Run 30
#Info# Executed steps before collision: 4, Found collision: true
Turtle 1 :[(-1,-1), (39,44), (39,44), (38,44), (38,43), (37,43), (38,43), (38,42), (-1,-1), (-1,-1)]
Turtle 2 :[(-2,-2), (2,27), (2,27), (2,27), (1,27), (1,27), (1,27), (0,27), (-2,-2), (-2,-2)]
Turtle 3 :[(-3,-3), (21,23), (20,23), (20,23), (20,23), (20,23), (19,23), (19,23), (18,23), (-3,-3)]
Turtle 4 :[(-4,-4), (39,43), (39,43), (39,43), (38,43), (38,44), (37,44), (37,45), (37,46), (-4,-4)]
Turtle 5 :[(-5,-5), (25,1), (26,1), (26,1), (27,1), (27,0), (28,0), (28,0), (28,0), (29,0)]

