Shrinking Run 1
#Info# Executed steps before collision: 9, Found collision: false
Turtle 1 :[(-1,-1), (5,14), (5,13), (5,13), (5,12), (4,12), (4,12), (4,11), (4,11), (3,11)]
Turtle 2 :[(-2,-2), (18,10), (19,10), (19,10), (19,10), (19,10), (19,10), (19,11), (18,11), (17,11)]
Turtle 3 :[(-3,-3), (12,1), (13,1), (13,2), (13,3), (13,3), (13,4), (14,4), (-3,-3), (-3,-3)]
Turtle 4 :[(-4,-4), (19,12), (19,12), (19,11), (19,11), (19,11), (19,12), (19,12), (19,13), (-4,-4)]
Turtle 5 :[(-5,-5), (4,2), (4,3), (5,3), (6,3), (6,4), (-5,-5), (-5,-5), (-5,-5), (-5,-5)]

Shrinking Run 2
#Info# Executed steps before collision: 9, Found collision: false
Turtle 1 :[(-1,-1), (5,14), (5,15), (5,15), (4,15), (3,15), (3,15), (2,15), (2,15), (1,15)]
Turtle 2 :[(-2,-2), (18,10), (19,10), (19,10), (19,10), (19,10), (19,10), (19,11), (18,11), (17,11)]
Turtle 3 :[(-3,-3), (12,1), (13,1), (13,2), (13,3), (13,3), (13,4), (14,4), (-3,-3), (-3,-3)]
Turtle 4 :[(-4,-4), (19,12), (19,12), (19,11), (19,11), (19,11), (19,12), (19,12), (19,13), (-4,-4)]
Turtle 5 :[(-5,-5), (4,2), (4,3), (5,3), (6,3), (6,4), (-5,-5), (-5,-5), (-5,-5), (-5,-5)]

Shrinking Run 3
#Info# Executed steps before collision: 5, Found collision: true
Turtle 1 :[(-1,-1), (5,14), (5,15), (5,15), (4,15), (3,15), (3,15), (3,16), (3,16), (2,16)]
Turtle 2 :[(-2,-2), (18,10), (19,10), (19,10), (19,10), (19,10), (19,11), (18,11), (17,11), (-2,-2)]
Turtle 3 :[(-3,-3), (12,1), (13,1), (13,2), (13,3), (13,3), (13,4), (14,4), (-3,-3), (-3,-3)]
Turtle 4 :[(-4,-4), (19,12), (19,12), (19,11), (19,11), (19,10), (19,11), (19,12), (19,13), (-4,-4)]
Turtle 5 :[(-5,-5), (4,2), (4,3), (5,3), (6,3), (6,4), (-5,-5), (-5,-5), (-5,-5), (-5,-5)]

Shrinking Run 4
#Info# Executed steps before collision: 9, Found collision: false
Turtle 1 :[(-1,-1), (5,14), (5,15), (5,15), (5,16), (4,16), (4,16), (3,16), (3,16), (2,16)]
Turtle 2 :[(-2,-2), (18,10), (19,10), (19,10), (19,10), (19,10), (19,10), (19,11), (18,11), (17,11)]
Turtle 3 :[(-3,-3), (12,1), (13,1), (13,2), (13,3), (13,3), (13,4), (14,4), (-3,-3), (-3,-3)]
Turtle 4 :[(-4,-4), (19,12), (19,12), (19,11), (19,11), (19,11), (19,12), (19,12), (19,13), (-4,-4)]
Turtle 5 :[(-5,-5), (4,2), (4,3), (5,3), (6,3), (6,4), (-5,-5), (-5,-5), (-5,-5), (-5,-5)]

Shrinking Run 5
#Info# Executed steps before collision: 9, Found collision: false
Turtle 1 :[(-1,-1), (5,14), (4,14), (4,14), (4,15), (3,15), (3,15), (3,16), (3,16), (2,16)]
Turtle 2 :[(-2,-2), (18,10), (19,10), (19,10), (19,10), (19,10), (19,10), (19,11), (18,11), (17,11)]
Turtle 3 :[(-3,-3), (12,1), (13,1), (13,2), (13,3), (13,3), (13,4), (14,4), (-3,-3), (-3,-3)]
Turtle 4 :[(-4,-4), (19,12), (19,12), (19,11), (19,11), (19,11), (19,12), (19,12), (19,13), (-4,-4)]
Turtle 5 :[(-5,-5), (4,2), (4,3), (5,3), (6,3), (6,4), (-5,-5), (-5,-5), (-5,-5), (-5,-5)]

Shrinking Run 6
#Info# Executed steps before collision: 9, Found collision: false
Turtle 1 :[(-1,-1), (5,14), (5,15), (4,15), (4,16), (3,16), (2,16), (-1,-1), (-1,-1), (-1,-1)]
Turtle 2 :[(-2,-2), (18,10), (19,10), (19,10), (19,10), (19,10), (19,10), (19,11), (18,11), (17,11)]
Turtle 3 :[(-3,-3), (12,1), (13,1), (13,2), (13,3), (13,3), (13,4), (14,4), (-3,-3), (-3,-3)]
Turtle 4 :[(-4,-4), (19,12), (19,12), (19,11), (19,11), (19,11), (19,12), (19,12), (19,13), (-4,-4)]
Turtle 5 :[(-5,-5), (4,2), (4,3), (5,3), (6,3), (6,4), (-5,-5), (-5,-5), (-5,-5), (-5,-5)]

Shrinking Run 7
#Info# Executed steps before collision: 9, Found collision: false
Turtle 1 :[(-1,-1), (5,14), (5,15), (5,15), (4,15), (4,16), (3,16), (2,16), (-1,-1), (-1,-1)]
Turtle 2 :[(-2,-2), (18,10), (19,10), (19,10), (19,10), (19,10), (19,10), (19,11), (18,11), (17,11)]
Turtle 3 :[(-3,-3), (12,1), (13,1), (13,2), (13,3), (13,3), (13,4), (14,4), (-3,-3), (-3,-3)]
Turtle 4 :[(-4,-4), (19,12), (19,12), (19,11), (19,11), (18,11), (18,12), (19,12), (19,13), (-4,-4)]
Turtle 5 :[(-5,-5), (4,2), (4,3), (5,3), (6,3), (6,4), (-5,-5), (-5,-5), (-5,-5), (-5,-5)]

Shrinking Run 8
#Info# Executed steps before collision: 9, Found collision: false
Turtle 1 :[(-1,-1), (5,14), (5,15), (5,15), (4,15), (4,16), (4,16), (3,16), (2,16), (-1,-1)]
Turtle 2 :[(-2,-2), (18,10), (19,10), (19,10), (19,10), (19,10), (19,10), (19,11), (18,11), (17,11)]
Turtle 3 :[(-3,-3), (12,1), (13,1), (13,2), (13,3), (13,3), (13,4), (14,4), (-3,-3), (-3,-3)]
Turtle 4 :[(-4,-4), (19,12), (19,12), (19,11), (19,11), (19,11), (19,12), (19,12), (19,13), (-4,-4)]
Turtle 5 :[(-5,-5), (4,2), (4,3), (5,3), (6,3), (6,4), (-5,-5), (-5,-5), (-5,-5), (-5,-5)]

Shrinking Run 9
#Info# Executed steps before collision: 9, Found collision: false
Turtle 1 :[(-1,-1), (5,14), (5,15), (5,16), (4,16), (4,16), (4,16), (3,16), (3,16), (2,16)]
Turtle 2 :[(-2,-2), (18,10), (19,10), (19,10), (19,10), (19,10), (19,10), (19,11), (18,11), (17,11)]
Turtle 3 :[(-3,-3), (12,1), (13,1), (13,2), (13,3), (13,3), (13,4), (14,4), (-3,-3), (-3,-3)]
Turtle 4 :[(-4,-4), (19,12), (19,12), (19,11), (19,11), (19,11), (19,12), (19,12), (19,13), (-4,-4)]
Turtle 5 :[(-5,-5), (4,2), (4,3), (5,3), (6,3), (6,4), (-5,-5), (-5,-5), (-5,-5), (-5,-5)]

Shrinking Run 10
#Info# Executed steps before collision: 9, Found collision: false
Turtle 1 :[(-1,-1), (5,14), (5,15), (4,15), (3,15), (3,15), (3,15), (3,16), (3,16), (2,16)]
Turtle 2 :[(-2,-2), (18,10), (19,10), (19,10), (19,10), (19,10), (19,10), (19,11), (18,11), (17,11)]
Turtle 3 :[(-3,-3), (12,1), (13,1), (13,2), (13,3), (13,3), (13,4), (14,4), (-3,-3), (-3,-3)]
Turtle 4 :[(-4,-4), (19,12), (19,12), (19,11), (19,11), (19,11), (19,12), (19,12), (19,13), (-4,-4)]
Turtle 5 :[(-5,-5), (4,2), (4,3), (5,3), (6,3), (6,4), (-5,-5), (-5,-5), (-5,-5), (-5,-5)]

Shrinking Run 11
#Info# Executed steps before collision: 9, Found collision: false
Turtle 1 :[(-1,-1), (5,14), (5,15), (5,15), (4,15), (4,16), (4,16), (3,16), (3,16), (2,16)]
Turtle 2 :[(-2,-2), (18,10), (19,10), (19,10), (19,10), (19,10), (19,10), (19,11), (18,11), (17,11)]
Turtle 3 :[(-3,-3), (12,1), (13,1), (13,2), (13,3), (13,3), (13,4), (14,4), (-3,-3), (-3,-3)]
Turtle 4 :[(-4,-4), (19,12), (19,12), (19,11), (19,11), (19,11), (19,12), (19,12), (19,13), (-4,-4)]
Turtle 5 :[(-5,-5), (4,2), (4,3), (5,3), (6,3), (6,4), (-5,-5), (-5,-5), (-5,-5), (-5,-5)]

Shrinking Run 12
#Info# Executed steps before collision: 9, Found collision: false
Turtle 1 :[(-1,-1), (5,14), (5,15), (5,15), (4,15), (3,15), (3,16), (3,16), (3,16), (2,16)]
Turtle 2 :[(-2,-2), (18,10), (19,10), (19,10), (19,10), (19,10), (19,10), (19,11), (18,11), (17,11)]
Turtle 3 :[(-3,-3), (12,1), (13,1), (13,2), (13,3), (13,3), (13,4), (14,4), (-3,-3), (-3,-3)]
Turtle 4 :[(-4,-4), (19,12), (19,12), (19,11), (19,11), (19,11), (19,12), (19,12), (19,13), (-4,-4)]
Turtle 5 :[(-5,-5), (4,2), (4,3), (5,3), (6,3), (6,4), (-5,-5), (-5,-5), (-5,-5), (-5,-5)]

Shrinking Run 13
#Info# Executed steps before collision: 9, Found collision: false
Turtle 1 :[(-1,-1), (5,14), (5,15), (5,15), (4,15), (3,15), (3,15), (3,16), (3,16), (2,16)]
Turtle 2 :[(-2,-2), (18,10), (18,10), (18,10), (18,11), (18,11), (17,11), (16,11), (16,11), (15,11)]
Turtle 3 :[(-3,-3), (12,1), (13,1), (13,2), (13,3), (13,3), (13,4), (14,4), (-3,-3), (-3,-3)]
Turtle 4 :[(-4,-4), (19,12), (19,12), (19,11), (19,11), (19,11), (19,11), (19,12), (19,12), (19,13)]
Turtle 5 :[(-5,-5), (4,2), (4,3), (5,3), (6,3), (6,4), (-5,-5), (-5,-5), (-5,-5), (-5,-5)]

Shrinking Run 14
#Info# Executed steps before collision: 10, Found collision: false
Turtle 1 :[(-1,-1), (5,14), (5,15), (5,15), (4,15), (3,15), (3,15), (3,16), (3,16), (2,16), (-1,-1)]
Turtle 2 :[(-2,-2), (18,10), (19,10), (19,10), (19,10), (19,10), (19,10), (18,10), (17,10), (17,11), (16,11)]
Turtle 3 :[(-3,-3), (12,1), (13,1), (13,2), (13,3), (13,3), (13,4), (14,4), (-3,-3), (-3,-3), (-3,-3)]
Turtle 4 :[(-4,-4), (19,12), (19,12), (19,11), (19,11), (19,11), (19,12), (19,12), (19,13), (-4,-4), (-4,-4)]
Turtle 5 :[(-5,-5), (4,2), (4,3), (5,3), (6,3), (6,4), (-5,-5), (-5,-5), (-5,-5), (-5,-5), (-5,-5)]

Shrinking Run 15
#Info# Executed steps before collision: 9, Found collision: false
Turtle 1 :[(-1,-1), (5,14), (5,15), (5,15), (4,15), (3,15), (3,15), (3,16), (3,16), (2,16)]
Turtle 2 :[(-2,-2), (18,10), (19,10), (19,10), (19,10), (19,10), (19,10), (19,9), (18,9), (17,9)]
Turtle 3 :[(-3,-3), (12,1), (13,1), (13,2), (13,3), (13,3), (13,4), (14,4), (-3,-3), (-3,-3)]
Turtle 4 :[(-4,-4), (19,12), (19,12), (19,11), (19,11), (19,11), (19,12), (19,12), (19,13), (-4,-4)]
Turtle 5 :[(-5,-5), (4,2), (4,3), (5,3), (6,3), (6,4), (-5,-5), (-5,-5), (-5,-5), (-5,-5)]

Shrinking Run 16
#Info# Executed steps before collision: 9, Found collision: false
Turtle 1 :[(-1,-1), (5,14), (5,15), (5,15), (4,15), (3,15), (3,15), (3,16), (3,16), (2,16)]
Turtle 2 :[(-2,-2), (18,10), (19,10), (19,10), (19,10), (19,10), (18,10), (18,10), (17,10), (-2,-2)]
Turtle 3 :[(-3,-3), (12,1), (13,1), (13,2), (13,3), (13,3), (13,4), (14,4), (-3,-3), (-3,-3)]
Turtle 4 :[(-4,-4), (19,12), (19,12), (19,11), (19,11), (19,11), (19,12), (19,12), (19,13), (-4,-4)]
Turtle 5 :[(-5,-5), (4,2), (4,3), (5,3), (6,3), (6,4), (-5,-5), (-5,-5), (-5,-5), (-5,-5)]

Shrinking Run 17
#Info# Executed steps before collision: 5, Found collision: true
Turtle 1 :[(-1,-1), (5,14), (5,15), (5,15), (4,15), (3,15), (3,15), (3,16), (3,16), (2,16)]
Turtle 2 :[(-2,-2), (18,10), (19,10), (19,10), (19,10), (19,10), (19,11), (18,11), (17,11), (-2,-2)]
Turtle 3 :[(-3,-3), (12,1), (13,1), (13,2), (13,3), (13,3), (13,4), (14,4), (-3,-3), (-3,-3)]
Turtle 4 :[(-4,-4), (19,12), (19,12), (19,11), (19,11), (19,10), (19,11), (19,12), (19,13), (-4,-4)]
Turtle 5 :[(-5,-5), (4,2), (4,3), (5,3), (6,3), (6,4), (-5,-5), (-5,-5), (-5,-5), (-5,-5)]

Shrinking Run 18
#Info# Executed steps before collision: 9, Found collision: false
Turtle 1 :[(-1,-1), (5,14), (5,15), (5,15), (4,15), (3,15), (3,15), (3,16), (3,16), (2,16)]
Turtle 2 :[(-2,-2), (18,10), (19,10), (19,10), (19,10), (19,10), (18,10), (17,10), (17,11), (-2,-2)]
Turtle 3 :[(-3,-3), (12,1), (13,1), (13,2), (13,3), (13,3), (13,4), (14,4), (-3,-3), (-3,-3)]
Turtle 4 :[(-4,-4), (19,12), (19,12), (19,11), (19,11), (19,11), (19,12), (19,12), (19,13), (-4,-4)]
Turtle 5 :[(-5,-5), (4,2), (4,3), (5,3), (6,3), (6,4), (-5,-5), (-5,-5), (-5,-5), (-5,-5)]

Shrinking Run 19
#Info# Executed steps before collision: 9, Found collision: false
Turtle 1 :[(-1,-1), (5,14), (5,15), (5,15), (4,15), (3,15), (3,15), (3,16), (3,16), (2,16)]
Turtle 2 :[(-2,-2), (18,10), (18,10), (19,10), (19,10), (19,10), (19,10), (18,10), (17,10), (17,11)]
Turtle 3 :[(-3,-3), (12,1), (13,1), (13,2), (13,3), (13,3), (13,4), (14,4), (-3,-3), (-3,-3)]
Turtle 4 :[(-4,-4), (19,12), (19,12), (19,11), (19,11), (19,11), (19,12), (19,12), (19,13), (-4,-4)]
Turtle 5 :[(-5,-5), (4,2), (4,3), (5,3), (6,3), (6,4), (-5,-5), (-5,-5), (-5,-5), (-5,-5)]

Shrinking Run 20
#Info# Executed steps before collision: 9, Found collision: false
Turtle 1 :[(-1,-1), (5,14), (5,15), (5,15), (4,15), (3,15), (3,15), (3,16), (3,16), (2,16)]
Turtle 2 :[(-2,-2), (18,10), (19,10), (19,10), (18,10), (18,10), (18,10), (18,10), (17,10), (17,11)]
Turtle 3 :[(-3,-3), (12,1), (13,1), (13,2), (13,3), (13,3), (13,4), (14,4), (-3,-3), (-3,-3)]
Turtle 4 :[(-4,-4), (19,12), (19,12), (19,11), (19,11), (19,11), (19,12), (19,12), (19,13), (-4,-4)]
Turtle 5 :[(-5,-5), (4,2), (4,3), (5,3), (6,3), (6,4), (-5,-5), (-5,-5), (-5,-5), (-5,-5)]

Shrinking Run 21
#Info# Executed steps before collision: 9, Found collision: false
Turtle 1 :[(-1,-1), (5,14), (5,15), (5,15), (4,15), (3,15), (3,15), (3,16), (3,16), (2,16)]
Turtle 2 :[(-2,-2), (18,10), (19,10), (19,10), (19,10), (18,10), (18,10), (18,10), (17,10), (17,11)]
Turtle 3 :[(-3,-3), (12,1), (13,1), (13,2), (13,3), (13,3), (13,4), (14,4), (-3,-3), (-3,-3)]
Turtle 4 :[(-4,-4), (19,12), (19,12), (19,11), (19,11), (19,10), (19,11), (19,12), (19,13), (-4,-4)]
Turtle 5 :[(-5,-5), (4,2), (4,3), (5,3), (6,3), (6,4), (-5,-5), (-5,-5), (-5,-5), (-5,-5)]

Shrinking Run 22
#Info# Executed steps before collision: 9, Found collision: false
Turtle 1 :[(-1,-1), (5,14), (5,15), (5,15), (4,15), (3,15), (3,15), (3,16), (3,16), (2,16)]
Turtle 2 :[(-2,-2), (18,10), (19,10), (19,10), (19,10), (19,10), (18,10), (18,10), (17,10), (17,11)]
Turtle 3 :[(-3,-3), (12,1), (13,1), (13,2), (13,3), (13,3), (13,4), (14,4), (-3,-3), (-3,-3)]
Turtle 4 :[(-4,-4), (19,12), (19,12), (19,11), (19,11), (19,12), (19,13), (-4,-4), (-4,-4), (-4,-4)]
Turtle 5 :[(-5,-5), (4,2), (4,3), (5,3), (6,3), (6,4), (-5,-5), (-5,-5), (-5,-5), (-5,-5)]

Shrinking Run 23
#Info# Executed steps before collision: 5, Found collision: true
Turtle 1 :[(-1,-1), (5,14), (5,15), (5,15), (4,15), (3,15), (3,15), (3,16), (3,16), (2,16), (-1,-1)]
Turtle 2 :[(-2,-2), (18,10), (19,10), (19,10), (19,10), (19,10), (19,9), (19,10), (18,10), (17,10), (17,11)]
Turtle 3 :[(-3,-3), (12,1), (11,1), (11,2), (11,3), (11,3), (10,3), (9,3), (-3,-3), (-3,-3), (-3,-3)]
Turtle 4 :[(-4,-4), (19,12), (19,12), (19,11), (19,11), (19,10), (19,11), (19,12), (19,13), (-4,-4), (-4,-4)]
Turtle 5 :[(-5,-5), (4,2), (4,3), (5,3), (6,3), (6,4), (-5,-5), (-5,-5), (-5,-5), (-5,-5), (-5,-5)]

Shrinking Run 24
#Info# Executed steps before collision: 9, Found collision: false
Turtle 1 :[(-1,-1), (5,14), (5,15), (5,15), (4,15), (3,15), (3,15), (3,16), (3,16), (2,16)]
Turtle 2 :[(-2,-2), (18,10), (19,10), (19,10), (19,10), (19,10), (19,10), (18,10), (17,10), (17,11)]
Turtle 3 :[(-3,-3), (12,1), (11,1), (10,1), (9,1), (9,1), (8,1), (7,1), (-3,-3), (-3,-3)]
Turtle 4 :[(-4,-4), (19,12), (19,12), (19,11), (19,11), (19,11), (19,12), (19,12), (19,13), (-4,-4)]
Turtle 5 :[(-5,-5), (4,2), (4,3), (5,3), (6,3), (6,4), (-5,-5), (-5,-5), (-5,-5), (-5,-5)]

Shrinking Run 25
#Info# Executed steps before collision: 9, Found collision: false
Turtle 1 :[(-1,-1), (5,14), (5,15), (5,15), (4,15), (3,15), (3,15), (3,16), (3,16), (2,16)]
Turtle 2 :[(-2,-2), (18,10), (19,10), (19,10), (19,10), (19,10), (19,10), (18,10), (17,10), (17,11)]
Turtle 3 :[(-3,-3), (12,1), (11,1), (11,2), (10,2), (10,2), (9,2), (8,2), (-3,-3), (-3,-3)]
Turtle 4 :[(-4,-4), (19,12), (19,12), (19,11), (19,11), (19,11), (19,12), (19,12), (19,13), (-4,-4)]
Turtle 5 :[(-5,-5), (4,2), (4,3), (5,3), (6,3), (6,4), (-5,-5), (-5,-5), (-5,-5), (-5,-5)]

Shrinking Run 26
#Info# Executed steps before collision: 9, Found collision: false
Turtle 1 :[(-1,-1), (5,14), (5,15), (5,15), (4,15), (3,15), (3,15), (3,16), (3,16), (2,16)]
Turtle 2 :[(-2,-2), (18,10), (19,10), (19,10), (19,10), (19,10), (19,10), (18,10), (17,10), (17,11)]
Turtle 3 :[(-3,-3), (12,1), (11,1), (10,1), (10,2), (10,2), (9,2), (8,2), (-3,-3), (-3,-3)]
Turtle 4 :[(-4,-4), (19,12), (19,12), (19,11), (19,11), (19,11), (19,12), (19,12), (19,13), (-4,-4)]
Turtle 5 :[(-5,-5), (4,2), (4,3), (5,3), (6,3), (6,4), (-5,-5), (-5,-5), (-5,-5), (-5,-5)]

Shrinking Run 27
#Info# Executed steps before collision: 5, Found collision: true
Turtle 1 :[(-1,-1), (5,14), (5,15), (5,15), (4,15), (3,15), (3,15), (3,16), (3,16), (2,16)]
Turtle 2 :[(-2,-2), (18,10), (19,10), (19,10), (19,10), (19,10), (18,10), (17,10), (17,11), (-2,-2)]
Turtle 3 :[(-3,-3), (12,1), (11,1), (10,1), (10,2), (10,3), (9,3), (-3,-3), (-3,-3), (-3,-3)]
Turtle 4 :[(-4,-4), (19,12), (19,12), (19,11), (19,11), (19,10), (19,11), (19,12), (19,13), (-4,-4)]
Turtle 5 :[(-5,-5), (4,2), (4,3), (5,3), (6,3), (6,4), (-5,-5), (-5,-5), (-5,-5), (-5,-5)]

Shrinking Run 28
#Info# Executed steps before collision: 9, Found collision: false
Turtle 1 :[(-1,-1), (5,14), (5,15), (5,15), (4,15), (3,15), (3,15), (3,16), (3,16), (2,16)]
Turtle 2 :[(-2,-2), (18,10), (19,10), (19,10), (19,10), (19,10), (19,10), (18,10), (17,10), (17,11)]
Turtle 3 :[(-3,-3), (12,1), (11,1), (10,1), (10,2), (10,3), (9,3), (-3,-3), (-3,-3), (-3,-3)]
Turtle 4 :[(-4,-4), (19,12), (18,12), (18,11), (18,11), (18,11), (18,12), (18,12), (18,13), (-4,-4)]
Turtle 5 :[(-5,-5), (4,2), (4,3), (5,3), (6,3), (6,4), (-5,-5), (-5,-5), (-5,-5), (-5,-5)]

Shrinking Run 29
#Info# Executed steps before collision: 9, Found collision: false
Turtle 1 :[(-1,-1), (5,14), (5,15), (5,15), (4,15), (3,15), (3,15), (3,16), (3,16), (2,16)]
Turtle 2 :[(-2,-2), (18,10), (19,10), (19,10), (19,10), (19,10), (19,10), (18,10), (17,10), (17,11)]
Turtle 3 :[(-3,-3), (12,1), (11,1), (10,1), (10,2), (10,3), (9,3), (-3,-3), (-3,-3), (-3,-3)]
Turtle 4 :[(-4,-4), (19,12), (19,12), (19,11), (19,11), (19,12), (19,13), (19,12), (19,12), (19,13)]
Turtle 5 :[(-5,-5), (4,2), (4,3), (5,3), (6,3), (6,4), (-5,-5), (-5,-5), (-5,-5), (-5,-5)]

Shrinking Run 30
#Info# Executed steps before collision: 5, Found collision: true
Turtle 1 :[(-1,-1), (5,14), (5,15), (5,15), (4,15), (3,15), (3,15), (3,16), (3,16), (2,16)]
Turtle 2 :[(-2,-2), (18,10), (19,10), (19,10), (19,10), (19,10), (18,10), (17,10), (17,11), (-2,-2)]
Turtle 3 :[(-3,-3), (12,1), (11,1), (10,1), (10,2), (10,3), (9,3), (-3,-3), (-3,-3), (-3,-3)]
Turtle 4 :[(-4,-4), (19,12), (19,11), (19,11), (19,11), (19,10), (19,9), (19,9), (19,8), (-4,-4)]
Turtle 5 :[(-5,-5), (4,2), (4,3), (5,3), (6,3), (6,4), (-5,-5), (-5,-5), (-5,-5), (-5,-5)]

Shrinking Run 31
#Info# Executed steps before collision: 9, Found collision: false
Turtle 1 :[(-1,-1), (5,14), (5,15), (5,15), (4,15), (3,15), (3,15), (3,16), (3,16), (2,16)]
Turtle 2 :[(-2,-2), (18,10), (19,10), (19,10), (19,10), (19,10), (19,10), (18,10), (17,10), (17,11)]
Turtle 3 :[(-3,-3), (12,1), (11,1), (10,1), (10,2), (10,3), (9,3), (-3,-3), (-3,-3), (-3,-3)]
Turtle 4 :[(-4,-4), (19,12), (18,12), (17,12), (16,12), (15,12), (15,11), (-4,-4), (-4,-4), (-4,-4)]
Turtle 5 :[(-5,-5), (4,2), (4,3), (5,3), (6,3), (6,4), (-5,-5), (-5,-5), (-5,-5), (-5,-5)]

Shrinking Run 32
#Info# Executed steps before collision: 9, Found collision: false
Turtle 1 :[(-1,-1), (5,14), (5,15), (5,15), (4,15), (3,15), (3,15), (3,16), (3,16), (2,16)]
Turtle 2 :[(-2,-2), (18,10), (19,10), (19,10), (19,10), (19,10), (19,10), (18,10), (17,10), (17,11)]
Turtle 3 :[(-3,-3), (12,1), (11,1), (10,1), (10,2), (10,3), (9,3), (-3,-3), (-3,-3), (-3,-3)]
Turtle 4 :[(-4,-4), (19,12), (18,12), (17,12), (16,12), (16,11), (16,10), (-4,-4), (-4,-4), (-4,-4)]
Turtle 5 :[(-5,-5), (4,2), (4,3), (5,3), (6,3), (6,4), (-5,-5), (-5,-5), (-5,-5), (-5,-5)]

Shrinking Run 33
#Info# Executed steps before collision: 5, Found collision: true
Turtle 1 :[(-1,-1), (5,14), (5,15), (5,15), (4,15), (3,15), (3,15), (3,16), (3,16), (2,16), (-1,-1), (-1,-1), (-1,-1)]
Turtle 2 :[(-2,-2), (18,10), (19,10), (19,10), (19,10), (19,10), (19,10), (19,10), (19,9), (18,9), (18,10), (17,10), (17,11)]
Turtle 3 :[(-3,-3), (12,1), (11,1), (10,1), (10,2), (10,3), (9,3), (-3,-3), (-3,-3), (-3,-3), (-3,-3), (-3,-3), (-3,-3)]
Turtle 4 :[(-4,-4), (19,12), (19,11), (19,11), (19,11), (19,10), (19,9), (18,9), (18,8), (-4,-4), (-4,-4), (-4,-4), (-4,-4)]
Turtle 5 :[(-5,-5), (4,2), (4,3), (5,3), (6,3), (6,4), (-5,-5), (-5,-5), (-5,-5), (-5,-5), (-5,-5), (-5,-5), (-5,-5)]

Shrinking Run 34
#Info# Executed steps before collision: 9, Found collision: false
Turtle 1 :[(-1,-1), (5,14), (5,15), (5,15), (4,15), (3,15), (3,15), (3,16), (3,16), (2,16)]
Turtle 2 :[(-2,-2), (18,10), (19,10), (19,10), (19,10), (19,10), (19,10), (18,10), (17,10), (17,11)]
Turtle 3 :[(-3,-3), (12,1), (11,1), (10,1), (10,2), (10,3), (9,3), (-3,-3), (-3,-3), (-3,-3)]
Turtle 4 :[(-4,-4), (19,12), (19,11), (18,11), (17,11), (17,10), (17,9), (-4,-4), (-4,-4), (-4,-4)]
Turtle 5 :[(-5,-5), (4,2), (4,3), (5,3), (6,3), (6,4), (-5,-5), (-5,-5), (-5,-5), (-5,-5)]

Shrinking Run 35
#Info# Executed steps before collision: 9, Found collision: false
Turtle 1 :[(-1,-1), (5,14), (5,15), (5,15), (4,15), (3,15), (3,15), (3,16), (3,16), (2,16)]
Turtle 2 :[(-2,-2), (18,10), (19,10), (19,10), (19,10), (19,10), (19,10), (18,10), (17,10), (17,11)]
Turtle 3 :[(-3,-3), (12,1), (11,1), (10,1), (10,2), (10,3), (9,3), (-3,-3), (-3,-3), (-3,-3)]
Turtle 4 :[(-4,-4), (19,12), (18,12), (18,11), (18,10), (18,9), (18,8), (-4,-4), (-4,-4), (-4,-4)]
Turtle 5 :[(-5,-5), (4,2), (4,3), (5,3), (6,3), (6,4), (-5,-5), (-5,-5), (-5,-5), (-5,-5)]

Shrinking Run 36
#Info# Executed steps before collision: 9, Found collision: false
Turtle 1 :[(-1,-1), (5,14), (5,15), (5,15), (4,15), (3,15), (3,15), (3,16), (3,16), (2,16)]
Turtle 2 :[(-2,-2), (18,10), (19,10), (19,10), (19,10), (19,10), (19,10), (18,10), (17,10), (17,11)]
Turtle 3 :[(-3,-3), (12,1), (11,1), (10,1), (10,2), (10,3), (9,3), (-3,-3), (-3,-3), (-3,-3)]
Turtle 4 :[(-4,-4), (19,12), (19,11), (18,11), (18,10), (18,9), (18,8), (-4,-4), (-4,-4), (-4,-4)]
Turtle 5 :[(-5,-5), (4,2), (4,3), (5,3), (6,3), (6,4), (-5,-5), (-5,-5), (-5,-5), (-5,-5)]

Shrinking Run 37
#Info# Executed steps before collision: 9, Found collision: false
Turtle 1 :[(-1,-1), (5,14), (5,15), (5,15), (4,15), (3,15), (3,15), (3,16), (3,16), (2,16)]
Turtle 2 :[(-2,-2), (18,10), (19,10), (19,10), (19,10), (19,10), (19,10), (18,10), (17,10), (17,11)]
Turtle 3 :[(-3,-3), (12,1), (11,1), (10,1), (10,2), (10,3), (9,3), (-3,-3), (-3,-3), (-3,-3)]
Turtle 4 :[(-4,-4), (19,12), (19,11), (18,11), (18,10), (18,9), (18,8), (-4,-4), (-4,-4), (-4,-4)]
Turtle 5 :[(-5,-5), (4,2), (4,3), (5,3), (6,3), (6,4), (-5,-5), (-5,-5), (-5,-5), (-5,-5)]

Shrinking Run 38
#Info# Executed steps before collision: 10, Found collision: false
Turtle 1 :[(-1,-1), (5,14), (5,15), (5,15), (4,15), (3,15), (3,15), (3,16), (3,16), (2,16), (-1,-1)]
Turtle 2 :[(-2,-2), (18,10), (19,10), (19,10), (19,10), (19,10), (19,10), (18,10), (17,10), (17,11), (-2,-2)]
Turtle 3 :[(-3,-3), (12,1), (11,1), (10,1), (10,2), (10,3), (9,3), (-3,-3), (-3,-3), (-3,-3), (-3,-3)]
Turtle 4 :[(-4,-4), (19,12), (19,11), (19,11), (18,11), (18,10), (18,9), (18,8), (-4,-4), (-4,-4), (-4,-4)]
Turtle 5 :[(-5,-5), (4,2), (4,2), (3,2), (2,2), (2,3), (2,3), (2,3), (1,3), (1,3), (0,3)]

Shrinking Run 39
#Info# Executed steps before collision: 5, Found collision: true
Turtle 1 :[(-1,-1), (5,14), (5,15), (5,15), (4,15), (3,15), (3,15), (3,16), (3,16), (2,16), (-1,-1)]
Turtle 2 :[(-2,-2), (18,10), (19,10), (19,10), (19,10), (19,10), (19,11), (18,11), (17,11), (-2,-2), (-2,-2)]
Turtle 3 :[(-3,-3), (12,1), (11,1), (10,1), (10,2), (10,3), (9,3), (-3,-3), (-3,-3), (-3,-3), (-3,-3)]
Turtle 4 :[(-4,-4), (19,12), (19,11), (19,12), (19,11), (19,10), (19,9), (19,8), (18,8), (-4,-4), (-4,-4)]
Turtle 5 :[(-5,-5), (4,2), (4,2), (3,2), (2,2), (2,3), (2,3), (2,3), (1,3), (1,3), (1,4)]

Shrinking Run 40
#Info# Executed steps before collision: 5, Found collision: true
Turtle 1 :[(-1,-1), (5,14), (5,15), (5,15), (4,15), (3,15), (3,15), (3,16), (3,16), (2,16), (-1,-1)]
Turtle 2 :[(-2,-2), (18,10), (19,10), (19,10), (19,10), (19,10), (19,10), (19,10), (18,10), (17,10), (17,11)]
Turtle 3 :[(-3,-3), (12,1), (11,1), (10,1), (10,2), (10,3), (9,3), (-3,-3), (-3,-3), (-3,-3), (-3,-3)]
Turtle 4 :[(-4,-4), (19,12), (19,11), (19,12), (19,11), (19,10), (19,9), (18,9), (18,8), (-4,-4), (-4,-4)]
Turtle 5 :[(-5,-5), (4,2), (4,2), (3,2), (2,2), (2,1), (2,1), (2,1), (1,1), (1,1), (1,0)]

Shrinking Run 41
#Info# Executed steps before collision: 10, Found collision: false
Turtle 1 :[(-1,-1), (5,14), (5,15), (5,15), (4,15), (3,15), (3,15), (3,16), (3,16), (2,16), (-1,-1)]
Turtle 2 :[(-2,-2), (18,10), (19,10), (19,10), (19,10), (19,10), (19,10), (19,11), (18,11), (17,11), (-2,-2)]
Turtle 3 :[(-3,-3), (12,1), (11,1), (10,1), (10,2), (10,3), (9,3), (-3,-3), (-3,-3), (-3,-3), (-3,-3)]
Turtle 4 :[(-4,-4), (19,12), (19,11), (19,12), (19,11), (18,11), (18,10), (18,9), (18,8), (-4,-4), (-4,-4)]
Turtle 5 :[(-5,-5), (4,2), (4,2), (3,2), (2,2), (2,1), (2,1), (2,1), (1,1), (1,1), (0,1)]

Shrinking Run 42
#Info# Executed steps before collision: 10, Found collision: false
Turtle 1 :[(-1,-1), (5,14), (5,15), (5,15), (4,15), (3,15), (3,15), (3,16), (3,16), (2,16), (-1,-1)]
Turtle 2 :[(-2,-2), (18,10), (19,10), (19,10), (19,10), (19,10), (19,10), (18,10), (17,10), (17,11), (-2,-2)]
Turtle 3 :[(-3,-3), (12,1), (11,1), (10,1), (10,2), (10,3), (9,3), (-3,-3), (-3,-3), (-3,-3), (-3,-3)]
Turtle 4 :[(-4,-4), (19,12), (19,11), (18,11), (18,10), (18,9), (18,8), (-4,-4), (-4,-4), (-4,-4), (-4,-4)]
Turtle 5 :[(-5,-5), (4,2), (4,2), (3,2), (3,1), (2,1), (2,1), (2,1), (1,1), (1,1), (1,0)]

Shrinking Run 43
#Info# Executed steps before collision: 5, Found collision: true
Turtle 1 :[(-1,-1), (5,14), (5,15), (5,15), (4,15), (3,15), (3,15), (3,16), (3,16), (2,16)]
Turtle 2 :[(-2,-2), (18,10), (19,10), (19,10), (19,10), (19,10), (19,11), (18,11), (17,11), (-2,-2)]
Turtle 3 :[(-3,-3), (12,1), (11,1), (10,1), (10,2), (10,3), (9,3), (-3,-3), (-3,-3), (-3,-3)]
Turtle 4 :[(-4,-4), (19,12), (19,11), (19,11), (19,11), (19,10), (19,9), (18,9), (18,8), (-4,-4)]
Turtle 5 :[(-5,-5), (4,2), (3,2), (2,2), (1,2), (1,1), (1,0), (-5,-5), (-5,-5), (-5,-5)]

Shrinking Run 44
#Info# Executed steps before collision: 9, Found collision: false
Turtle 1 :[(-1,-1), (5,14), (5,15), (5,15), (4,15), (3,15), (3,15), (3,16), (3,16), (2,16)]
Turtle 2 :[(-2,-2), (18,10), (19,10), (19,10), (19,10), (19,10), (19,10), (18,10), (17,10), (17,11)]
Turtle 3 :[(-3,-3), (12,1), (11,1), (10,1), (10,2), (10,3), (9,3), (-3,-3), (-3,-3), (-3,-3)]
Turtle 4 :[(-4,-4), (19,12), (19,11), (19,11), (18,11), (18,10), (18,9), (18,8), (-4,-4), (-4,-4)]
Turtle 5 :[(-5,-5), (4,2), (3,2), (2,2), (2,1), (1,1), (1,0), (-5,-5), (-5,-5), (-5,-5)]

Shrinking Run 45
#Info# Executed steps before collision: 7, Found collision: true
Turtle 1 :[(-1,-1), (5,14), (5,15), (5,15), (4,15), (3,15), (3,15), (3,16), (3,16), (2,16)]
Turtle 2 :[(-2,-2), (18,10), (19,10), (19,10), (19,10), (19,10), (19,10), (18,10), (17,10), (17,11)]
Turtle 3 :[(-3,-3), (12,1), (11,1), (10,1), (10,2), (10,3), (9,3), (-3,-3), (-3,-3), (-3,-3)]
Turtle 4 :[(-4,-4), (19,12), (19,11), (19,11), (19,12), (19,11), (18,11), (18,10), (18,9), (18,8)]
Turtle 5 :[(-5,-5), (4,2), (4,1), (3,1), (2,1), (1,1), (1,0), (-5,-5), (-5,-5), (-5,-5)]

Shrinking Run 46
#Info# Executed steps before collision: 9, Found collision: false
Turtle 1 :[(-1,-1), (5,14), (5,13), (5,13), (5,12), (4,12), (4,12), (4,11), (4,11), (3,11)]
Turtle 2 :[(-2,-2), (18,10), (19,10), (19,10), (19,10), (19,10), (19,10), (18,10), (17,10), (17,11)]
Turtle 3 :[(-3,-3), (12,1), (11,1), (10,1), (10,2), (10,3), (9,3), (-3,-3), (-3,-3), (-3,-3)]
Turtle 4 :[(-4,-4), (19,12), (19,11), (18,11), (18,10), (18,9), (18,8), (-4,-4), (-4,-4), (-4,-4)]
Turtle 5 :[(-5,-5), (4,2), (4,1), (3,1), (2,1), (1,1), (1,0), (-5,-5), (-5,-5), (-5,-5)]

Shrinking Run 47
#Info# Executed steps before collision: 9, Found collision: false
Turtle 1 :[(-1,-1), (5,14), (5,15), (5,15), (4,15), (3,15), (3,15), (2,15), (2,15), (1,15)]
Turtle 2 :[(-2,-2), (18,10), (19,10), (19,10), (19,10), (19,10), (19,10), (18,10), (17,10), (17,11)]
Turtle 3 :[(-3,-3), (12,1), (11,1), (10,1), (10,2), (10,3), (9,3), (-3,-3), (-3,-3), (-3,-3)]
Turtle 4 :[(-4,-4), (19,12), (19,11), (18,11), (18,10), (18,9), (18,8), (-4,-4), (-4,-4), (-4,-4)]
Turtle 5 :[(-5,-5), (4,2), (4,1), (3,1), (2,1), (1,1), (1,0), (-5,-5), (-5,-5), (-5,-5)]

Shrinking Run 48
#Info# Executed steps before collision: 9, Found collision: false
Turtle 1 :[(-1,-1), (5,14), (5,15), (5,15), (5,16), (4,16), (4,16), (3,16), (3,16), (2,16)]
Turtle 2 :[(-2,-2), (18,10), (19,10), (19,10), (19,10), (19,10), (19,10), (18,10), (17,10), (17,11)]
Turtle 3 :[(-3,-3), (12,1), (11,1), (10,1), (10,2), (10,3), (9,3), (-3,-3), (-3,-3), (-3,-3)]
Turtle 4 :[(-4,-4), (19,12), (19,11), (18,11), (18,10), (18,9), (18,8), (-4,-4), (-4,-4), (-4,-4)]
Turtle 5 :[(-5,-5), (4,2), (4,1), (3,1), (2,1), (1,1), (1,0), (-5,-5), (-5,-5), (-5,-5)]

Shrinking Run 49
#Info# Executed steps before collision: 5, Found collision: true
Turtle 1 :[(-1,-1), (5,14), (4,14), (4,14), (4,15), (3,15), (3,15), (3,16), (3,16), (2,16), (-1,-1)]
Turtle 2 :[(-2,-2), (18,10), (19,10), (19,10), (19,10), (19,10), (19,10), (19,10), (18,10), (17,10), (17,11)]
Turtle 3 :[(-3,-3), (12,1), (11,1), (10,1), (10,2), (10,3), (9,3), (-3,-3), (-3,-3), (-3,-3), (-3,-3)]
Turtle 4 :[(-4,-4), (19,12), (19,11), (19,11), (19,11), (19,10), (19,9), (18,9), (18,8), (-4,-4), (-4,-4)]
Turtle 5 :[(-5,-5), (4,2), (4,1), (3,1), (2,1), (1,1), (1,0), (-5,-5), (-5,-5), (-5,-5), (-5,-5)]

Shrinking Run 50
#Info# Executed steps before collision: 11, Found collision: false
Turtle 1 :[(-1,-1), (5,14), (4,14), (4,14), (3,14), (2,14), (2,14), (2,15), (2,15), (1,15), (-1,-1), (-1,-1)]
Turtle 2 :[(-2,-2), (18,10), (19,10), (19,10), (19,10), (19,10), (19,10), (19,9), (18,9), (18,10), (18,11), (17,11)]
Turtle 3 :[(-3,-3), (12,1), (11,1), (10,1), (10,2), (10,3), (9,3), (-3,-3), (-3,-3), (-3,-3), (-3,-3), (-3,-3)]
Turtle 4 :[(-4,-4), (19,12), (19,11), (19,12), (18,12), (18,11), (18,10), (18,9), (18,8), (-4,-4), (-4,-4), (-4,-4)]
Turtle 5 :[(-5,-5), (4,2), (4,1), (3,1), (2,1), (1,1), (1,0), (-5,-5), (-5,-5), (-5,-5), (-5,-5), (-5,-5)]

Shrinking Run 51
#Info# Executed steps before collision: 11, Found collision: false
Turtle 1 :[(-1,-1), (5,14), (4,14), (3,14), (3,15), (3,16), (2,16), (-1,-1), (-1,-1), (-1,-1), (-1,-1), (-1,-1)]
Turtle 2 :[(-2,-2), (18,10), (19,10), (19,10), (19,10), (19,10), (19,10), (18,10), (17,10), (17,11), (-2,-2), (-2,-2)]
Turtle 3 :[(-3,-3), (12,1), (11,1), (10,1), (10,2), (10,3), (9,3), (-3,-3), (-3,-3), (-3,-3), (-3,-3), (-3,-3)]
Turtle 4 :[(-4,-4), (19,12), (19,11), (19,11), (19,12), (19,11), (18,11), (18,12), (18,11), (18,10), (18,9), (18,8)]
Turtle 5 :[(-5,-5), (4,2), (4,1), (3,1), (2,1), (1,1), (1,0), (-5,-5), (-5,-5), (-5,-5), (-5,-5), (-5,-5)]

Shrinking Run 52
#Info# Executed steps before collision: 9, Found collision: false
Turtle 1 :[(-1,-1), (5,14), (4,14), (4,14), (4,15), (4,16), (3,16), (2,16), (-1,-1), (-1,-1)]
Turtle 2 :[(-2,-2), (18,10), (19,10), (19,10), (19,10), (19,10), (19,10), (18,10), (17,10), (17,11)]
Turtle 3 :[(-3,-3), (12,1), (11,1), (10,1), (10,2), (10,3), (9,3), (-3,-3), (-3,-3), (-3,-3)]
Turtle 4 :[(-4,-4), (19,12), (19,11), (18,11), (18,10), (18,9), (18,8), (-4,-4), (-4,-4), (-4,-4)]
Turtle 5 :[(-5,-5), (4,2), (4,1), (3,1), (2,1), (1,1), (1,0), (-5,-5), (-5,-5), (-5,-5)]

Shrinking Run 53
#Info# Executed steps before collision: 9, Found collision: false
Turtle 1 :[(-1,-1), (5,14), (4,14), (4,14), (4,15), (4,16), (4,16), (3,16), (2,16), (-1,-1)]
Turtle 2 :[(-2,-2), (18,10), (19,10), (19,10), (19,10), (19,10), (19,10), (19,11), (18,11), (17,11)]
Turtle 3 :[(-3,-3), (12,1), (11,1), (10,1), (10,2), (10,3), (9,3), (-3,-3), (-3,-3), (-3,-3)]
Turtle 4 :[(-4,-4), (19,12), (19,11), (19,12), (18,12), (18,11), (18,10), (18,9), (18,8), (-4,-4)]
Turtle 5 :[(-5,-5), (4,2), (4,1), (3,1), (2,1), (1,1), (1,0), (-5,-5), (-5,-5), (-5,-5)]

Shrinking Run 54
#Info# Executed steps before collision: 9, Found collision: false
Turtle 1 :[(-1,-1), (5,14), (4,14), (4,15), (3,15), (3,15), (3,15), (3,16), (3,16), (2,16)]
Turtle 2 :[(-2,-2), (18,10), (19,10), (19,10), (19,10), (19,10), (19,10), (18,10), (17,10), (17,11)]
Turtle 3 :[(-3,-3), (12,1), (11,1), (10,1), (10,2), (10,3), (9,3), (-3,-3), (-3,-3), (-3,-3)]
Turtle 4 :[(-4,-4), (19,12), (19,11), (18,11), (18,10), (18,9), (18,8), (-4,-4), (-4,-4), (-4,-4)]
Turtle 5 :[(-5,-5), (4,2), (4,1), (3,1), (2,1), (1,1), (1,0), (-5,-5), (-5,-5), (-5,-5)]

Shrinking Run 55
#Info# Executed steps before collision: 10, Found collision: false
Turtle 1 :[(-1,-1), (5,14), (4,14), (3,14), (3,15), (3,15), (3,15), (3,16), (3,16), (2,16), (-1,-1)]
Turtle 2 :[(-2,-2), (18,10), (19,10), (19,10), (19,10), (19,10), (19,10), (19,10), (18,10), (17,10), (17,11)]
Turtle 3 :[(-3,-3), (12,1), (11,1), (10,1), (10,2), (10,3), (9,3), (-3,-3), (-3,-3), (-3,-3), (-3,-3)]
Turtle 4 :[(-4,-4), (19,12), (19,11), (19,12), (19,11), (18,11), (18,10), (18,9), (18,8), (-4,-4), (-4,-4)]
Turtle 5 :[(-5,-5), (4,2), (4,1), (3,1), (2,1), (1,1), (1,0), (-5,-5), (-5,-5), (-5,-5), (-5,-5)]

Shrinking Run 56
#Info# Executed steps before collision: 14, Found collision: false
Turtle 1 :[(-1,-1), (5,14), (4,14), (4,14), (4,15), (4,16), (4,16), (3,16), (3,16), (2,16), (-1,-1), (-1,-1), (-1,-1), (-1,-1), (-1,-1)]
Turtle 2 :[(-2,-2), (18,10), (19,10), (19,10), (19,10), (19,10), (19,10), (18,10), (17,10), (17,11), (-2,-2), (-2,-2), (-2,-2), (-2,-2), (-2,-2)]
Turtle 3 :[(-3,-3), (12,1), (11,1), (10,1), (10,2), (10,3), (9,3), (-3,-3), (-3,-3), (-3,-3), (-3,-3), (-3,-3), (-3,-3), (-3,-3), (-3,-3)]
Turtle 4 :[(-4,-4), (19,12), (19,11), (19,11), (19,12), (19,11), (19,11), (18,11), (18,12), (17,12), (18,12), (18,11), (18,10), (18,9), (18,8)]
Turtle 5 :[(-5,-5), (4,2), (4,1), (3,1), (2,1), (1,1), (1,0), (-5,-5), (-5,-5), (-5,-5), (-5,-5), (-5,-5), (-5,-5), (-5,-5), (-5,-5)]

Shrinking Run 57
#Info# Executed steps before collision: 9, Found collision: false
Turtle 1 :[(-1,-1), (5,14), (4,14), (4,14), (4,15), (3,15), (3,16), (3,16), (3,16), (2,16)]
Turtle 2 :[(-2,-2), (18,10), (19,10), (19,10), (19,10), (19,10), (19,10), (18,10), (17,10), (17,11)]
Turtle 3 :[(-3,-3), (12,1), (11,1), (10,1), (10,2), (10,3), (9,3), (-3,-3), (-3,-3), (-3,-3)]
Turtle 4 :[(-4,-4), (19,12), (19,11), (18,11), (18,10), (18,9), (18,8), (-4,-4), (-4,-4), (-4,-4)]
Turtle 5 :[(-5,-5), (4,2), (4,1), (3,1), (2,1), (1,1), (1,0), (-5,-5), (-5,-5), (-5,-5)]

Shrinking Run 58
#Info# Executed steps before collision: 9, Found collision: false
Turtle 1 :[(-1,-1), (5,14), (4,14), (4,14), (4,15), (3,15), (3,15), (3,16), (3,16), (2,16)]
Turtle 2 :[(-2,-2), (18,10), (18,10), (17,10), (16,10), (15,10), (14,10), (13,10), (-2,-2), (-2,-2)]
Turtle 3 :[(-3,-3), (12,1), (11,1), (10,1), (10,2), (10,3), (9,3), (-3,-3), (-3,-3), (-3,-3)]
Turtle 4 :[(-4,-4), (19,12), (19,11), (19,10), (19,9), (18,9), (18,8), (-4,-4), (-4,-4), (-4,-4)]
Turtle 5 :[(-5,-5), (4,2), (4,1), (3,1), (2,1), (1,1), (1,0), (-5,-5), (-5,-5), (-5,-5)]

Shrinking Run 59
#Info# Executed steps before collision: 9, Found collision: false
Turtle 1 :[(-1,-1), (5,14), (4,14), (4,14), (4,15), (3,15), (3,15), (3,16), (3,16), (2,16)]
Turtle 2 :[(-2,-2), (18,10), (18,10), (18,10), (18,11), (18,11), (17,11), (16,11), (16,11), (15,11)]
Turtle 3 :[(-3,-3), (12,1), (11,1), (10,1), (10,2), (10,3), (9,3), (-3,-3), (-3,-3), (-3,-3)]
Turtle 4 :[(-4,-4), (19,12), (19,11), (19,10), (19,9), (18,9), (18,8), (-4,-4), (-4,-4), (-4,-4)]
Turtle 5 :[(-5,-5), (4,2), (4,1), (3,1), (2,1), (1,1), (1,0), (-5,-5), (-5,-5), (-5,-5)]

Shrinking Run 60
#Info# Executed steps before collision: 10, Found collision: false
Turtle 1 :[(-1,-1), (5,14), (4,14), (4,14), (4,15), (3,15), (3,15), (3,16), (3,16), (2,16), (-1,-1)]
Turtle 2 :[(-2,-2), (18,10), (19,10), (19,10), (19,10), (19,10), (19,10), (18,10), (17,10), (17,11), (16,11)]
Turtle 3 :[(-3,-3), (12,1), (11,1), (10,1), (10,2), (10,3), (9,3), (-3,-3), (-3,-3), (-3,-3), (-3,-3)]
Turtle 4 :[(-4,-4), (19,12), (19,11), (18,11), (18,10), (18,9), (18,8), (-4,-4), (-4,-4), (-4,-4), (-4,-4)]
Turtle 5 :[(-5,-5), (4,2), (4,1), (3,1), (2,1), (1,1), (1,0), (-5,-5), (-5,-5), (-5,-5), (-5,-5)]

Shrinking Run 61
#Info# Executed steps before collision: 9, Found collision: false
Turtle 1 :[(-1,-1), (5,14), (4,14), (4,14), (4,15), (3,15), (3,15), (3,16), (3,16), (2,16)]
Turtle 2 :[(-2,-2), (18,10), (18,10), (18,9), (18,8), (17,8), (17,7), (17,6), (-2,-2), (-2,-2)]
Turtle 3 :[(-3,-3), (12,1), (11,1), (10,1), (10,2), (10,3), (9,3), (-3,-3), (-3,-3), (-3,-3)]
Turtle 4 :[(-4,-4), (19,12), (19,11), (19,10), (19,9), (18,9), (18,8), (-4,-4), (-4,-4), (-4,-4)]
Turtle 5 :[(-5,-5), (4,2), (4,1), (3,1), (2,1), (1,1), (1,0), (-5,-5), (-5,-5), (-5,-5)]

Shrinking Run 62
#Info# Executed steps before collision: 5, Found collision: true
Turtle 1 :[(-1,-1), (5,14), (4,14), (4,14), (4,15), (3,15), (3,15), (3,16), (3,16), (2,16)]
Turtle 2 :[(-2,-2), (18,10), (18,10), (18,10), (18,9), (18,9), (17,9), (17,8), (17,8), (17,7)]
Turtle 3 :[(-3,-3), (12,1), (11,1), (10,1), (10,2), (10,3), (9,3), (-3,-3), (-3,-3), (-3,-3)]
Turtle 4 :[(-4,-4), (19,12), (19,11), (19,10), (19,9), (18,9), (18,8), (-4,-4), (-4,-4), (-4,-4)]
Turtle 5 :[(-5,-5), (4,2), (4,1), (3,1), (2,1), (1,1), (1,0), (-5,-5), (-5,-5), (-5,-5)]

Shrinking Run 63
#Info# Executed steps before collision: 9, Found collision: false
Turtle 1 :[(-1,-1), (5,14), (4,14), (4,14), (4,15), (3,15), (3,15), (3,16), (3,16), (2,16)]
Turtle 2 :[(-2,-2), (18,10), (18,10), (17,10), (17,9), (16,9), (15,9), (14,9), (-2,-2), (-2,-2)]
Turtle 3 :[(-3,-3), (12,1), (11,1), (10,1), (10,2), (10,3), (9,3), (-3,-3), (-3,-3), (-3,-3)]
Turtle 4 :[(-4,-4), (19,12), (19,11), (19,10), (19,9), (18,9), (18,8), (-4,-4), (-4,-4), (-4,-4)]
Turtle 5 :[(-5,-5), (4,2), (4,1), (3,1), (2,1), (1,1), (1,0), (-5,-5), (-5,-5), (-5,-5)]

Shrinking Run 64
#Info# Executed steps before collision: 9, Found collision: false
Turtle 1 :[(-1,-1), (5,14), (4,14), (4,14), (4,15), (3,15), (3,15), (3,16), (3,16), (2,16)]
Turtle 2 :[(-2,-2), (18,10), (18,10), (17,10), (17,9), (16,9), (16,8), (15,8), (-2,-2), (-2,-2)]
Turtle 3 :[(-3,-3), (12,1), (11,1), (10,1), (10,2), (10,3), (9,3), (-3,-3), (-3,-3), (-3,-3)]
Turtle 4 :[(-4,-4), (19,12), (19,11), (19,10), (19,9), (18,9), (18,8), (-4,-4), (-4,-4), (-4,-4)]
Turtle 5 :[(-5,-5), (4,2), (4,1), (3,1), (2,1), (1,1), (1,0), (-5,-5), (-5,-5), (-5,-5)]

Shrinking Run 65
#Info# Executed steps before collision: 9, Found collision: false
Turtle 1 :[(-1,-1), (5,14), (4,14), (4,14), (4,15), (3,15), (3,15), (3,16), (3,16), (2,16)]
Turtle 2 :[(-2,-2), (18,10), (18,10), (17,10), (17,9), (16,9), (16,8), (16,7), (-2,-2), (-2,-2)]
Turtle 3 :[(-3,-3), (12,1), (11,1), (10,1), (10,2), (10,3), (9,3), (-3,-3), (-3,-3), (-3,-3)]
Turtle 4 :[(-4,-4), (19,12), (19,11), (19,10), (19,9), (18,9), (18,8), (-4,-4), (-4,-4), (-4,-4)]
Turtle 5 :[(-5,-5), (4,2), (4,1), (3,1), (2,1), (1,1), (1,0), (-5,-5), (-5,-5), (-5,-5)]

Shrinking Run 66
#Info# Executed steps before collision: 5, Found collision: true
Turtle 1 :[(-1,-1), (5,14), (4,14), (4,14), (4,15), (3,15), (3,15), (3,16), (3,16), (2,16)]
Turtle 2 :[(-2,-2), (18,10), (18,10), (18,10), (18,9), (18,9), (18,8), (17,8), (17,8), (17,7)]
Turtle 3 :[(-3,-3), (12,1), (11,1), (10,1), (10,2), (10,3), (9,3), (-3,-3), (-3,-3), (-3,-3)]
Turtle 4 :[(-4,-4), (19,12), (19,11), (19,10), (19,9), (18,9), (18,10), (18,9), (18,8), (-4,-4)]
Turtle 5 :[(-5,-5), (4,2), (4,1), (3,1), (2,1), (1,1), (1,0), (-5,-5), (-5,-5), (-5,-5)]

Shrinking Run 67
#Info# Executed steps before collision: 9, Found collision: false
Turtle 1 :[(-1,-1), (5,14), (4,14), (4,14), (4,15), (3,15), (3,15), (3,16), (3,16), (2,16)]
Turtle 2 :[(-2,-2), (18,10), (18,9), (18,8), (17,8), (17,7), (-2,-2), (-2,-2), (-2,-2), (-2,-2)]
Turtle 3 :[(-3,-3), (12,1), (11,1), (10,1), (10,2), (10,3), (9,3), (-3,-3), (-3,-3), (-3,-3)]
Turtle 4 :[(-4,-4), (19,12), (19,11), (19,10), (19,9), (18,9), (18,8), (-4,-4), (-4,-4), (-4,-4)]
Turtle 5 :[(-5,-5), (4,2), (4,1), (3,1), (2,1), (1,1), (1,0), (-5,-5), (-5,-5), (-5,-5)]

Shrinking Run 68
#Info# Executed steps before collision: 9, Found collision: false
Turtle 1 :[(-1,-1), (5,14), (4,14), (4,14), (4,15), (3,15), (3,15), (3,16), (3,16), (2,16)]
Turtle 2 :[(-2,-2), (18,10), (18,10), (18,9), (17,9), (17,8), (17,7), (-2,-2), (-2,-2), (-2,-2)]
Turtle 3 :[(-3,-3), (12,1), (11,1), (10,1), (10,2), (10,3), (9,3), (-3,-3), (-3,-3), (-3,-3)]
Turtle 4 :[(-4,-4), (19,12), (19,11), (19,10), (19,9), (18,9), (18,8), (-4,-4), (-4,-4), (-4,-4)]
Turtle 5 :[(-5,-5), (4,2), (4,1), (3,1), (2,1), (1,1), (1,0), (-5,-5), (-5,-5), (-5,-5)]

Shrinking Run 69
#Info# Executed steps before collision: 9, Found collision: false
Turtle 1 :[(-1,-1), (5,14), (4,14), (4,14), (4,15), (3,15), (3,15), (3,16), (3,16), (2,16)]
Turtle 2 :[(-2,-2), (18,10), (18,10), (18,10), (18,9), (18,8), (17,8), (17,7), (-2,-2), (-2,-2)]
Turtle 3 :[(-3,-3), (12,1), (11,1), (10,1), (10,2), (10,3), (9,3), (-3,-3), (-3,-3), (-3,-3)]
Turtle 4 :[(-4,-4), (19,12), (19,11), (19,10), (19,9), (19,9), (18,9), (18,8), (-4,-4), (-4,-4)]
Turtle 5 :[(-5,-5), (4,2), (4,1), (3,1), (2,1), (1,1), (1,0), (-5,-5), (-5,-5), (-5,-5)]

Shrinking Run 70
#Info# Executed steps before collision: 9, Found collision: false
Turtle 1 :[(-1,-1), (5,14), (4,14), (4,14), (4,15), (3,15), (3,15), (3,16), (3,16), (2,16)]
Turtle 2 :[(-2,-2), (18,10), (18,10), (18,10), (18,9), (18,8), (18,8), (17,8), (17,7), (-2,-2)]
Turtle 3 :[(-3,-3), (12,1), (11,1), (10,1), (10,2), (10,3), (9,3), (-3,-3), (-3,-3), (-3,-3)]
Turtle 4 :[(-4,-4), (19,12), (19,11), (19,10), (19,9), (18,9), (18,9), (18,9), (18,8), (-4,-4)]
Turtle 5 :[(-5,-5), (4,2), (4,1), (3,1), (2,1), (1,1), (1,0), (-5,-5), (-5,-5), (-5,-5)]

Shrinking Run 71
#Info# Executed steps before collision: 9, Found collision: false
Turtle 1 :[(-1,-1), (5,14), (4,14), (4,14), (4,15), (3,15), (3,15), (3,16), (3,16), (2,16)]
Turtle 2 :[(-2,-2), (18,10), (17,10), (17,10), (17,9), (17,9), (17,9), (17,8), (17,8), (17,7)]
Turtle 3 :[(-3,-3), (12,1), (11,1), (10,1), (10,2), (10,3), (9,3), (-3,-3), (-3,-3), (-3,-3)]
Turtle 4 :[(-4,-4), (19,12), (19,11), (19,10), (19,9), (18,9), (18,8), (-4,-4), (-4,-4), (-4,-4)]
Turtle 5 :[(-5,-5), (4,2), (4,1), (3,1), (2,1), (1,1), (1,0), (-5,-5), (-5,-5), (-5,-5)]

Shrinking Run 72
#Info# Executed steps before collision: 10, Found collision: false
Turtle 1 :[(-1,-1), (5,14), (4,14), (4,14), (4,15), (3,15), (3,15), (3,16), (3,16), (2,16), (-1,-1)]
Turtle 2 :[(-2,-2), (18,10), (18,9), (18,9), (18,8), (18,8), (18,8), (17,8), (17,8), (17,7), (-2,-2)]
Turtle 3 :[(-3,-3), (12,1), (11,1), (10,1), (10,2), (10,3), (9,3), (-3,-3), (-3,-3), (-3,-3), (-3,-3)]
Turtle 4 :[(-4,-4), (19,12), (19,11), (19,10), (19,9), (18,9), (18,9), (17,9), (17,9), (17,8), (18,8)]
Turtle 5 :[(-5,-5), (4,2), (4,1), (3,1), (2,1), (1,1), (1,0), (-5,-5), (-5,-5), (-5,-5), (-5,-5)]

Shrinking Run 73
#Info# Executed steps before collision: 9, Found collision: false
Turtle 1 :[(-1,-1), (5,14), (4,14), (4,14), (4,15), (3,15), (3,15), (3,16), (3,16), (2,16)]
Turtle 2 :[(-2,-2), (18,10), (18,10), (17,10), (17,9), (17,9), (17,9), (17,8), (17,8), (17,7)]
Turtle 3 :[(-3,-3), (12,1), (11,1), (10,1), (10,2), (10,3), (9,3), (-3,-3), (-3,-3), (-3,-3)]
Turtle 4 :[(-4,-4), (19,12), (19,11), (19,10), (19,9), (19,9), (18,9), (18,8), (-4,-4), (-4,-4)]
Turtle 5 :[(-5,-5), (4,2), (4,1), (3,1), (2,1), (1,1), (1,0), (-5,-5), (-5,-5), (-5,-5)]

Shrinking Run 74
#Info# Executed steps before collision: 9, Found collision: false
Turtle 1 :[(-1,-1), (5,14), (4,14), (4,14), (4,15), (3,15), (3,15), (3,16), (3,16), (2,16)]
Turtle 2 :[(-2,-2), (18,10), (18,10), (18,9), (18,8), (18,8), (18,8), (17,8), (17,8), (17,7)]
Turtle 3 :[(-3,-3), (12,1), (11,1), (10,1), (10,2), (10,3), (9,3), (-3,-3), (-3,-3), (-3,-3)]
Turtle 4 :[(-4,-4), (19,12), (19,11), (19,10), (19,9), (19,10), (19,9), (18,9), (18,8), (-4,-4)]
Turtle 5 :[(-5,-5), (4,2), (4,1), (3,1), (2,1), (1,1), (1,0), (-5,-5), (-5,-5), (-5,-5)]

Shrinking Run 75
#Info# Executed steps before collision: 9, Found collision: false
Turtle 1 :[(-1,-1), (5,14), (4,14), (4,14), (4,15), (3,15), (3,15), (3,16), (3,16), (2,16)]
Turtle 2 :[(-2,-2), (18,10), (18,10), (18,10), (17,10), (17,10), (17,9), (17,8), (17,8), (17,7)]
Turtle 3 :[(-3,-3), (12,1), (11,1), (10,1), (10,2), (10,3), (9,3), (-3,-3), (-3,-3), (-3,-3)]
Turtle 4 :[(-4,-4), (19,12), (19,11), (19,10), (19,9), (18,9), (18,8), (-4,-4), (-4,-4), (-4,-4)]
Turtle 5 :[(-5,-5), (4,2), (4,1), (3,1), (2,1), (1,1), (1,0), (-5,-5), (-5,-5), (-5,-5)]

Shrinking Run 76
#Info# Executed steps before collision: 9, Found collision: false
Turtle 1 :[(-1,-1), (5,14), (4,14), (4,14), (4,15), (3,15), (3,15), (3,16), (3,16), (2,16)]
Turtle 2 :[(-2,-2), (18,10), (18,10), (18,10), (18,9), (17,9), (17,9), (17,8), (17,8), (17,7)]
Turtle 3 :[(-3,-3), (12,1), (11,1), (10,1), (10,2), (10,3), (9,3), (-3,-3), (-3,-3), (-3,-3)]
Turtle 4 :[(-4,-4), (19,12), (19,11), (19,10), (19,9), (18,9), (18,8), (-4,-4), (-4,-4), (-4,-4)]
Turtle 5 :[(-5,-5), (4,2), (4,1), (3,1), (2,1), (1,1), (1,0), (-5,-5), (-5,-5), (-5,-5)]

Shrinking Run 77
#Info# Executed steps before collision: 9, Found collision: false
Turtle 1 :[(-1,-1), (5,14), (4,14), (4,14), (4,15), (3,15), (3,15), (3,16), (3,16), (2,16)]
Turtle 2 :[(-2,-2), (18,10), (18,10), (18,10), (18,9), (18,8), (18,8), (17,8), (17,8), (17,7)]
Turtle 3 :[(-3,-3), (12,1), (11,1), (10,1), (10,2), (10,3), (9,3), (-3,-3), (-3,-3), (-3,-3)]
Turtle 4 :[(-4,-4), (19,12), (19,11), (19,10), (19,9), (18,9), (18,10), (18,9), (18,8), (-4,-4)]
Turtle 5 :[(-5,-5), (4,2), (4,1), (3,1), (2,1), (1,1), (1,0), (-5,-5), (-5,-5), (-5,-5)]

Shrinking Run 78
#Info# Executed steps before collision: 5, Found collision: true
Turtle 1 :[(-1,-1), (5,14), (4,14), (4,14), (4,15), (3,15), (3,15), (3,16), (3,16), (2,16)]
Turtle 2 :[(-2,-2), (18,10), (18,10), (18,10), (18,9), (18,9), (17,9), (17,8), (17,8), (17,7)]
Turtle 3 :[(-3,-3), (12,1), (11,1), (10,1), (9,1), (9,1), (8,1), (7,1), (-3,-3), (-3,-3)]
Turtle 4 :[(-4,-4), (19,12), (19,11), (19,10), (19,9), (18,9), (18,8), (-4,-4), (-4,-4), (-4,-4)]
Turtle 5 :[(-5,-5), (4,2), (4,1), (3,1), (2,1), (1,1), (1,0), (-5,-5), (-5,-5), (-5,-5)]

Shrinking Run 79
#Info# Executed steps before collision: 5, Found collision: true
Turtle 1 :[(-1,-1), (5,14), (4,14), (4,14), (4,15), (3,15), (3,15), (3,16), (3,16), (2,16)]
Turtle 2 :[(-2,-2), (18,10), (18,10), (18,10), (18,9), (18,9), (17,9), (17,8), (17,8), (17,7)]
Turtle 3 :[(-3,-3), (12,1), (11,1), (10,1), (9,1), (8,1), (7,1), (-3,-3), (-3,-3), (-3,-3)]
Turtle 4 :[(-4,-4), (19,12), (19,11), (19,10), (19,9), (18,9), (18,8), (-4,-4), (-4,-4), (-4,-4)]
Turtle 5 :[(-5,-5), (4,2), (4,1), (3,1), (2,1), (1,1), (1,0), (-5,-5), (-5,-5), (-5,-5)]

Shrinking Run 80
#Info# Executed steps before collision: 9, Found collision: false
Turtle 1 :[(-1,-1), (5,14), (4,14), (4,14), (4,15), (3,15), (3,15), (3,16), (3,16), (2,16)]
Turtle 2 :[(-2,-2), (18,10), (18,10), (18,10), (18,9), (18,9), (17,9), (17,8), (17,8), (17,7)]
Turtle 3 :[(-3,-3), (12,1), (11,1), (10,1), (9,1), (8,1), (7,1), (-3,-3), (-3,-3), (-3,-3)]
Turtle 4 :[(-4,-4), (19,12), (18,12), (17,12), (16,12), (15,12), (14,12), (-4,-4), (-4,-4), (-4,-4)]
Turtle 5 :[(-5,-5), (4,2), (4,1), (3,1), (2,1), (1,1), (1,0), (-5,-5), (-5,-5), (-5,-5)]

Shrinking Run 81
#Info# Executed steps before collision: 9, Found collision: false
Turtle 1 :[(-1,-1), (5,14), (4,14), (4,14), (4,15), (3,15), (3,15), (3,16), (3,16), (2,16)]
Turtle 2 :[(-2,-2), (18,10), (18,10), (18,10), (18,9), (18,9), (17,9), (17,8), (17,8), (17,7)]
Turtle 3 :[(-3,-3), (12,1), (11,1), (10,1), (9,1), (8,1), (7,1), (-3,-3), (-3,-3), (-3,-3)]
Turtle 4 :[(-4,-4), (19,12), (18,12), (18,12), (17,12), (17,12), (17,12), (16,12), (16,13), (-4,-4)]
Turtle 5 :[(-5,-5), (4,2), (4,1), (3,1), (2,1), (1,1), (1,0), (-5,-5), (-5,-5), (-5,-5)]

Shrinking Run 82
#Info# Executed steps before collision: 9, Found collision: false
Turtle 1 :[(-1,-1), (5,14), (4,14), (4,14), (4,15), (3,15), (3,15), (3,16), (3,16), (2,16)]
Turtle 2 :[(-2,-2), (18,10), (18,10), (18,10), (18,9), (18,9), (17,9), (17,8), (17,8), (17,7)]
Turtle 3 :[(-3,-3), (12,1), (11,1), (10,1), (9,1), (8,1), (7,1), (-3,-3), (-3,-3), (-3,-3)]
Turtle 4 :[(-4,-4), (19,12), (18,12), (18,11), (18,11), (18,11), (18,12), (18,12), (18,13), (-4,-4)]
Turtle 5 :[(-5,-5), (4,2), (4,1), (3,1), (2,1), (1,1), (1,0), (-5,-5), (-5,-5), (-5,-5)]

Shrinking Run 83
#Info# Executed steps before collision: 9, Found collision: false
Turtle 1 :[(-1,-1), (5,14), (4,14), (4,14), (4,15), (3,15), (3,15), (3,16), (3,16), (2,16)]
Turtle 2 :[(-2,-2), (18,10), (18,10), (18,10), (18,9), (18,9), (17,9), (17,8), (17,8), (17,7)]
Turtle 3 :[(-3,-3), (12,1), (11,1), (10,1), (9,1), (8,1), (7,1), (-3,-3), (-3,-3), (-3,-3)]
Turtle 4 :[(-4,-4), (19,12), (19,12), (19,11), (19,11), (19,12), (19,13), (19,12), (19,12), (19,13)]
Turtle 5 :[(-5,-5), (4,2), (4,1), (3,1), (2,1), (1,1), (1,0), (-5,-5), (-5,-5), (-5,-5)]

Shrinking Run 84
#Info# Executed steps before collision: 9, Found collision: false
Turtle 1 :[(-1,-1), (5,14), (4,14), (4,14), (4,15), (3,15), (3,15), (3,16), (3,16), (2,16)]
Turtle 2 :[(-2,-2), (18,10), (18,10), (18,10), (18,9), (18,9), (17,9), (17,8), (17,8), (17,7)]
Turtle 3 :[(-3,-3), (12,1), (11,1), (10,1), (9,1), (8,1), (7,1), (-3,-3), (-3,-3), (-3,-3)]
Turtle 4 :[(-4,-4), (19,12), (18,12), (17,12), (16,12), (15,12), (15,11), (-4,-4), (-4,-4), (-4,-4)]
Turtle 5 :[(-5,-5), (4,2), (4,1), (3,1), (2,1), (1,1), (1,0), (-5,-5), (-5,-5), (-5,-5)]

Shrinking Run 85
#Info# Executed steps before collision: 9, Found collision: false
Turtle 1 :[(-1,-1), (5,14), (4,14), (4,14), (4,15), (3,15), (3,15), (3,16), (3,16), (2,16)]
Turtle 2 :[(-2,-2), (18,10), (18,10), (18,10), (18,9), (18,9), (17,9), (17,8), (17,8), (17,7)]
Turtle 3 :[(-3,-3), (12,1), (11,1), (10,1), (9,1), (8,1), (7,1), (-3,-3), (-3,-3), (-3,-3)]
Turtle 4 :[(-4,-4), (19,12), (18,12), (17,12), (16,12), (16,11), (16,10), (-4,-4), (-4,-4), (-4,-4)]
Turtle 5 :[(-5,-5), (4,2), (4,1), (3,1), (2,1), (1,1), (1,0), (-5,-5), (-5,-5), (-5,-5)]

Shrinking Run 86
#Info# Executed steps before collision: 9, Found collision: false
Turtle 1 :[(-1,-1), (5,14), (4,14), (4,14), (4,15), (3,15), (3,15), (3,16), (3,16), (2,16)]
Turtle 2 :[(-2,-2), (18,10), (18,10), (18,10), (18,9), (18,9), (17,9), (17,8), (17,8), (17,7)]
Turtle 3 :[(-3,-3), (12,1), (11,1), (10,1), (9,1), (8,1), (7,1), (-3,-3), (-3,-3), (-3,-3)]
Turtle 4 :[(-4,-4), (19,12), (19,11), (18,11), (17,11), (17,10), (17,10), (18,10), (18,9), (17,9)]
Turtle 5 :[(-5,-5), (4,2), (4,1), (3,1), (2,1), (1,1), (1,0), (-5,-5), (-5,-5), (-5,-5)]

Shrinking Run 87
#Info# Executed steps before collision: 9, Found collision: false
Turtle 1 :[(-1,-1), (5,14), (4,14), (4,14), (4,15), (3,15), (3,15), (3,16), (3,16), (2,16)]
Turtle 2 :[(-2,-2), (18,10), (18,10), (18,10), (18,9), (18,9), (17,9), (17,8), (17,8), (17,7)]
Turtle 3 :[(-3,-3), (12,1), (11,1), (10,1), (9,1), (8,1), (7,1), (-3,-3), (-3,-3), (-3,-3)]
Turtle 4 :[(-4,-4), (19,12), (18,12), (18,11), (18,12), (18,11), (18,10), (18,9), (18,8), (-4,-4)]
Turtle 5 :[(-5,-5), (4,2), (4,1), (3,1), (2,1), (1,1), (1,0), (-5,-5), (-5,-5), (-5,-5)]

Shrinking Run 88
#Info# Executed steps before collision: 9, Found collision: false
Turtle 1 :[(-1,-1), (5,14), (4,14), (4,14), (4,15), (3,15), (3,15), (3,16), (3,16), (2,16)]
Turtle 2 :[(-2,-2), (18,10), (18,10), (18,10), (18,9), (18,9), (17,9), (17,8), (17,8), (17,7)]
Turtle 3 :[(-3,-3), (12,1), (11,1), (10,1), (9,1), (8,1), (7,1), (-3,-3), (-3,-3), (-3,-3)]
Turtle 4 :[(-4,-4), (19,12), (19,11), (19,10), (19,10), (19,10), (18,10), (18,9), (18,8), (-4,-4)]
Turtle 5 :[(-5,-5), (4,2), (4,1), (3,1), (2,1), (1,1), (1,0), (-5,-5), (-5,-5), (-5,-5)]

Shrinking Run 89
#Info# Executed steps before collision: 9, Found collision: false
Turtle 1 :[(-1,-1), (5,14), (4,14), (4,14), (4,15), (3,15), (3,15), (3,16), (3,16), (2,16)]
Turtle 2 :[(-2,-2), (18,10), (18,10), (18,10), (18,9), (18,9), (17,9), (17,8), (17,8), (17,7)]
Turtle 3 :[(-3,-3), (12,1), (11,1), (10,1), (9,1), (8,1), (7,1), (-3,-3), (-3,-3), (-3,-3)]
Turtle 4 :[(-4,-4), (19,12), (19,11), (18,11), (18,12), (18,11), (18,10), (18,9), (18,8), (-4,-4)]
Turtle 5 :[(-5,-5), (4,2), (4,1), (3,1), (2,1), (1,1), (1,0), (-5,-5), (-5,-5), (-5,-5)]

Shrinking Run 90
#Info# Executed steps before collision: 5, Found collision: true
Turtle 1 :[(-1,-1), (5,14), (4,14), (4,14), (4,15), (3,15), (3,15), (3,16), (3,16), (2,16), (-1,-1)]
Turtle 2 :[(-2,-2), (18,10), (18,10), (18,10), (18,9), (18,9), (17,9), (17,8), (17,8), (17,7), (-2,-2)]
Turtle 3 :[(-3,-3), (12,1), (11,1), (10,1), (9,1), (8,1), (7,1), (-3,-3), (-3,-3), (-3,-3), (-3,-3)]
Turtle 4 :[(-4,-4), (19,12), (19,11), (19,10), (19,9), (18,9), (18,8), (-4,-4), (-4,-4), (-4,-4), (-4,-4)]
Turtle 5 :[(-5,-5), (4,2), (4,2), (3,2), (2,2), (2,3), (2,3), (2,3), (1,3), (1,3), (0,3)]

Shrinking Run 91
#Info# Executed steps before collision: 5, Found collision: true
Turtle 1 :[(-1,-1), (5,14), (4,14), (4,14), (4,15), (3,15), (3,15), (3,16), (3,16), (2,16), (-1,-1)]
Turtle 2 :[(-2,-2), (18,10), (18,10), (18,10), (18,9), (18,9), (17,9), (17,8), (17,8), (17,7), (-2,-2)]
Turtle 3 :[(-3,-3), (12,1), (11,1), (10,1), (9,1), (8,1), (7,1), (-3,-3), (-3,-3), (-3,-3), (-3,-3)]
Turtle 4 :[(-4,-4), (19,12), (19,11), (19,10), (19,9), (18,9), (18,8), (-4,-4), (-4,-4), (-4,-4), (-4,-4)]
Turtle 5 :[(-5,-5), (4,2), (4,2), (3,2), (2,2), (2,1), (2,1), (2,1), (1,1), (1,1), (0,1)]

Shrinking Run 92
#Info# Executed steps before collision: 5, Found collision: true
Turtle 1 :[(-1,-1), (5,14), (4,14), (4,14), (4,15), (3,15), (3,15), (3,16), (3,16), (2,16), (-1,-1)]
Turtle 2 :[(-2,-2), (18,10), (18,10), (18,10), (18,9), (18,9), (17,9), (17,8), (17,8), (17,7), (-2,-2)]
Turtle 3 :[(-3,-3), (12,1), (11,1), (10,1), (9,1), (8,1), (7,1), (-3,-3), (-3,-3), (-3,-3), (-3,-3)]
Turtle 4 :[(-4,-4), (19,12), (19,11), (19,10), (19,9), (18,9), (18,8), (-4,-4), (-4,-4), (-4,-4), (-4,-4)]
Turtle 5 :[(-5,-5), (4,2), (4,2), (3,2), (2,2), (1,2), (1,2), (1,2), (0,2), (0,2), (0,1)]

Shrinking Run 93
#Info# Executed steps before collision: 5, Found collision: true
Turtle 1 :[(-1,-1), (5,14), (4,14), (4,14), (4,15), (3,15), (3,15), (3,16), (3,16), (2,16)]
Turtle 2 :[(-2,-2), (18,10), (18,10), (18,10), (18,9), (18,9), (17,9), (17,8), (17,8), (17,7)]
Turtle 3 :[(-3,-3), (12,1), (11,1), (10,1), (9,1), (8,1), (7,1), (-3,-3), (-3,-3), (-3,-3)]
Turtle 4 :[(-4,-4), (19,12), (19,11), (19,10), (19,9), (18,9), (18,8), (-4,-4), (-4,-4), (-4,-4)]
Turtle 5 :[(-5,-5), (4,2), (3,2), (2,2), (1,2), (0,2), (0,1), (-5,-5), (-5,-5), (-5,-5)]

Shrinking Run 94
#Info# Executed steps before collision: 5, Found collision: true
Turtle 1 :[(-1,-1), (5,14), (5,13), (5,13), (5,12), (4,12), (4,12), (4,11), (4,11), (3,11)]
Turtle 2 :[(-2,-2), (18,10), (18,10), (18,10), (18,9), (18,9), (17,9), (17,8), (17,8), (17,7)]
Turtle 3 :[(-3,-3), (12,1), (11,1), (10,1), (9,1), (8,1), (7,1), (-3,-3), (-3,-3), (-3,-3)]
Turtle 4 :[(-4,-4), (19,12), (19,11), (19,10), (19,9), (18,9), (18,8), (-4,-4), (-4,-4), (-4,-4)]
Turtle 5 :[(-5,-5), (4,2), (3,2), (2,2), (1,2), (0,2), (0,1), (-5,-5), (-5,-5), (-5,-5)]

Shrinking Run 95
#Info# Executed steps before collision: 5, Found collision: true
Turtle 1 :[(-1,-1), (5,14), (5,13), (5,13), (5,12), (4,12), (4,12), (3,12), (3,12), (2,12)]
Turtle 2 :[(-2,-2), (18,10), (18,10), (18,10), (18,9), (18,9), (17,9), (17,8), (17,8), (17,7)]
Turtle 3 :[(-3,-3), (12,1), (11,1), (10,1), (9,1), (8,1), (7,1), (-3,-3), (-3,-3), (-3,-3)]
Turtle 4 :[(-4,-4), (19,12), (19,11), (19,10), (19,9), (18,9), (18,8), (-4,-4), (-4,-4), (-4,-4)]
Turtle 5 :[(-5,-5), (4,2), (3,2), (2,2), (1,2), (0,2), (0,1), (-5,-5), (-5,-5), (-5,-5)]

Shrinking Run 96
#Info# Executed steps before collision: 5, Found collision: true
Turtle 1 :[(-1,-1), (5,14), (4,14), (4,14), (4,13), (4,12), (4,12), (3,12), (3,12), (2,12)]
Turtle 2 :[(-2,-2), (18,10), (18,10), (18,10), (18,9), (18,9), (17,9), (17,8), (17,8), (17,7)]
Turtle 3 :[(-3,-3), (12,1), (11,1), (10,1), (9,1), (8,1), (7,1), (-3,-3), (-3,-3), (-3,-3)]
Turtle 4 :[(-4,-4), (19,12), (19,11), (19,10), (19,9), (18,9), (18,8), (-4,-4), (-4,-4), (-4,-4)]
Turtle 5 :[(-5,-5), (4,2), (3,2), (2,2), (1,2), (0,2), (0,1), (-5,-5), (-5,-5), (-5,-5)]

Shrinking Run 97
#Info# Executed steps before collision: 5, Found collision: true
Turtle 1 :[(-1,-1), (5,14), (4,14), (4,14), (3,14), (3,13), (3,13), (2,13), (2,13), (2,12)]
Turtle 2 :[(-2,-2), (18,10), (18,10), (18,10), (18,9), (18,9), (17,9), (17,8), (17,8), (17,7)]
Turtle 3 :[(-3,-3), (12,1), (11,1), (10,1), (9,1), (8,1), (7,1), (-3,-3), (-3,-3), (-3,-3)]
Turtle 4 :[(-4,-4), (19,12), (19,11), (19,10), (19,9), (18,9), (18,8), (-4,-4), (-4,-4), (-4,-4)]
Turtle 5 :[(-5,-5), (4,2), (3,2), (2,2), (1,2), (0,2), (0,1), (-5,-5), (-5,-5), (-5,-5)]

Shrinking Run 98
#Info# Executed steps before collision: 5, Found collision: true
Turtle 1 :[(-1,-1), (5,14), (4,14), (4,14), (3,14), (2,14), (2,14), (1,14), (1,14), (1,13)]
Turtle 2 :[(-2,-2), (18,10), (18,10), (18,10), (18,9), (18,9), (17,9), (17,8), (17,8), (17,7)]
Turtle 3 :[(-3,-3), (12,1), (11,1), (10,1), (9,1), (8,1), (7,1), (-3,-3), (-3,-3), (-3,-3)]
Turtle 4 :[(-4,-4), (19,12), (19,11), (19,10), (19,9), (18,9), (18,8), (-4,-4), (-4,-4), (-4,-4)]
Turtle 5 :[(-5,-5), (4,2), (3,2), (2,2), (1,2), (0,2), (0,1), (-5,-5), (-5,-5), (-5,-5)]

Shrinking Run 99
#Info# Executed steps before collision: 5, Found collision: true
Turtle 1 :[(-1,-1), (5,14), (4,14), (4,14), (3,14), (2,14), (2,14), (1,14), (1,14), (0,14)]
Turtle 2 :[(-2,-2), (18,10), (18,10), (18,10), (18,9), (18,9), (17,9), (17,8), (17,8), (17,7)]
Turtle 3 :[(-3,-3), (12,1), (11,1), (10,1), (9,1), (8,1), (7,1), (-3,-3), (-3,-3), (-3,-3)]
Turtle 4 :[(-4,-4), (19,12), (19,11), (19,10), (19,9), (18,9), (18,8), (-4,-4), (-4,-4), (-4,-4)]
Turtle 5 :[(-5,-5), (4,2), (3,2), (2,2), (1,2), (0,2), (0,1), (-5,-5), (-5,-5), (-5,-5)]

Shrinking Run 100
#Info# Executed steps before collision: 5, Found collision: true
Turtle 1 :[(-1,-1), (5,14), (4,14), (3,14), (2,14), (1,14), (0,14), (-1,-1), (-1,-1), (-1,-1)]
Turtle 2 :[(-2,-2), (18,10), (18,10), (18,10), (18,9), (18,9), (17,9), (17,8), (17,8), (17,7)]
Turtle 3 :[(-3,-3), (12,1), (11,1), (10,1), (9,1), (8,1), (7,1), (-3,-3), (-3,-3), (-3,-3)]
Turtle 4 :[(-4,-4), (19,12), (19,11), (19,10), (19,9), (18,9), (18,8), (-4,-4), (-4,-4), (-4,-4)]
Turtle 5 :[(-5,-5), (4,2), (3,2), (2,2), (1,2), (0,2), (0,1), (-5,-5), (-5,-5), (-5,-5)]

Shrinking Run 101
#Info# Executed steps before collision: 7, Found collision: false
Turtle 1 :[(-1,-1), (5,14), (4,14), (3,14), (2,14), (1,14), (0,14), (-1,-1)]
Turtle 2 :[(-2,-2), (18,10), (18,10), (17,10), (16,10), (15,10), (14,10), (13,10)]
Turtle 3 :[(-3,-3), (12,1), (11,1), (10,1), (9,1), (8,1), (7,1), (-3,-3)]
Turtle 4 :[(-4,-4), (19,12), (19,11), (19,10), (19,9), (18,9), (18,8), (-4,-4)]
Turtle 5 :[(-5,-5), (4,2), (3,2), (2,2), (1,2), (0,2), (0,1), (-5,-5)]

Shrinking Run 102
#Info# Executed steps before collision: 9, Found collision: false
Turtle 1 :[(-1,-1), (5,14), (4,14), (3,14), (2,14), (1,14), (0,14), (-1,-1), (-1,-1), (-1,-1)]
Turtle 2 :[(-2,-2), (18,10), (18,10), (18,10), (18,11), (18,11), (17,11), (16,11), (16,11), (15,11)]
Turtle 3 :[(-3,-3), (12,1), (11,1), (10,1), (9,1), (8,1), (7,1), (-3,-3), (-3,-3), (-3,-3)]
Turtle 4 :[(-4,-4), (19,12), (19,11), (19,10), (19,9), (18,9), (18,8), (-4,-4), (-4,-4), (-4,-4)]
Turtle 5 :[(-5,-5), (4,2), (3,2), (2,2), (1,2), (0,2), (0,1), (-5,-5), (-5,-5), (-5,-5)]

Shrinking Run 103
#Info# Executed steps before collision: 7, Found collision: true
Turtle 1 :[(-1,-1), (5,14), (4,14), (3,14), (2,14), (1,14), (0,14), (-1,-1), (-1,-1), (-1,-1), (-1,-1)]
Turtle 2 :[(-2,-2), (18,10), (19,10), (19,10), (19,10), (19,10), (19,10), (18,10), (17,10), (17,11), (16,11)]
Turtle 3 :[(-3,-3), (12,1), (11,1), (10,1), (9,1), (8,1), (7,1), (-3,-3), (-3,-3), (-3,-3), (-3,-3)]
Turtle 4 :[(-4,-4), (19,12), (19,11), (19,11), (18,11), (18,12), (18,11), (18,10), (18,9), (18,8), (-4,-4)]
Turtle 5 :[(-5,-5), (4,2), (3,2), (2,2), (1,2), (0,2), (0,1), (-5,-5), (-5,-5), (-5,-5), (-5,-5)]

Shrinking Run 104
#Info# Executed steps before collision: 7, Found collision: false
Turtle 1 :[(-1,-1), (5,14), (4,14), (3,14), (2,14), (1,14), (0,14), (-1,-1)]
Turtle 2 :[(-2,-2), (18,10), (18,10), (17,10), (17,9), (16,9), (16,8), (16,7)]
Turtle 3 :[(-3,-3), (12,1), (11,1), (10,1), (9,1), (8,1), (7,1), (-3,-3)]
Turtle 4 :[(-4,-4), (19,12), (19,11), (19,10), (19,9), (18,9), (18,8), (-4,-4)]
Turtle 5 :[(-5,-5), (4,2), (3,2), (2,2), (1,2), (0,2), (0,1), (-5,-5)]

Shrinking Run 105
#Info# Executed steps before collision: 5, Found collision: true
Turtle 1 :[(-1,-1), (5,14), (4,14), (3,14), (2,14), (1,14), (0,14), (-1,-1), (-1,-1), (-1,-1), (-1,-1), (-1,-1)]
Turtle 2 :[(-2,-2), (18,10), (19,10), (19,10), (19,10), (19,10), (19,10), (19,10), (18,10), (17,10), (17,9), (16,9)]
Turtle 3 :[(-3,-3), (12,1), (11,1), (10,1), (9,1), (8,1), (7,1), (-3,-3), (-3,-3), (-3,-3), (-3,-3), (-3,-3)]
Turtle 4 :[(-4,-4), (19,12), (19,11), (19,11), (19,11), (19,10), (19,9), (18,9), (18,8), (-4,-4), (-4,-4), (-4,-4)]
Turtle 5 :[(-5,-5), (4,2), (3,2), (2,2), (1,2), (0,2), (0,1), (-5,-5), (-5,-5), (-5,-5), (-5,-5), (-5,-5)]

Shrinking Run 106
#Info# Executed steps before collision: 5, Found collision: true
Turtle 1 :[(-1,-1), (5,14), (4,14), (3,14), (2,14), (1,14), (0,14), (-1,-1), (-1,-1), (-1,-1)]
Turtle 2 :[(-2,-2), (18,10), (18,10), (18,10), (18,9), (18,9), (17,9), (17,8), (17,8), (16,8)]
Turtle 3 :[(-3,-3), (12,1), (11,1), (10,1), (9,1), (8,1), (7,1), (-3,-3), (-3,-3), (-3,-3)]
Turtle 4 :[(-4,-4), (19,12), (19,11), (19,10), (19,9), (18,9), (18,8), (-4,-4), (-4,-4), (-4,-4)]
Turtle 5 :[(-5,-5), (4,2), (3,2), (2,2), (1,2), (0,2), (0,1), (-5,-5), (-5,-5), (-5,-5)]

Shrinking Run 107
#Info# Executed steps before collision: 7, Found collision: false
Turtle 1 :[(-1,-1), (5,14), (4,14), (3,14), (2,14), (1,14), (0,14), (-1,-1)]
Turtle 2 :[(-2,-2), (18,10), (18,10), (17,10), (17,9), (16,9), (15,9), (14,9)]
Turtle 3 :[(-3,-3), (12,1), (11,1), (10,1), (9,1), (8,1), (7,1), (-3,-3)]
Turtle 4 :[(-4,-4), (19,12), (19,11), (19,10), (19,9), (18,9), (18,8), (-4,-4)]
Turtle 5 :[(-5,-5), (4,2), (3,2), (2,2), (1,2), (0,2), (0,1), (-5,-5)]

Shrinking Run 108
#Info# Executed steps before collision: 7, Found collision: false
Turtle 1 :[(-1,-1), (5,14), (4,14), (3,14), (2,14), (1,14), (0,14), (-1,-1)]
Turtle 2 :[(-2,-2), (18,10), (18,10), (17,10), (17,9), (16,9), (15,9), (15,8)]
Turtle 3 :[(-3,-3), (12,1), (11,1), (10,1), (9,1), (8,1), (7,1), (-3,-3)]
Turtle 4 :[(-4,-4), (19,12), (19,11), (19,10), (19,9), (19,9), (18,9), (18,8)]
Turtle 5 :[(-5,-5), (4,2), (3,2), (2,2), (1,2), (0,2), (0,1), (-5,-5)]

Shrinking Run 109
#Info# Executed steps before collision: 5, Found collision: true
Turtle 1 :[(-1,-1), (5,14), (4,14), (3,14), (2,14), (1,14), (0,14), (-1,-1), (-1,-1), (-1,-1)]
Turtle 2 :[(-2,-2), (18,10), (18,10), (18,10), (18,9), (18,9), (17,9), (16,9), (16,9), (16,8)]
Turtle 3 :[(-3,-3), (12,1), (11,1), (10,1), (9,1), (8,1), (7,1), (-3,-3), (-3,-3), (-3,-3)]
Turtle 4 :[(-4,-4), (19,12), (19,11), (19,10), (19,9), (18,9), (18,8), (-4,-4), (-4,-4), (-4,-4)]
Turtle 5 :[(-5,-5), (4,2), (3,2), (2,2), (1,2), (0,2), (0,1), (-5,-5), (-5,-5), (-5,-5)]

Shrinking Run 110
#Info# Executed steps before collision: 9, Found collision: false
Turtle 1 :[(-1,-1), (5,14), (4,14), (3,14), (2,14), (1,14), (0,14), (-1,-1), (-1,-1), (-1,-1)]
Turtle 2 :[(-2,-2), (18,10), (18,10), (18,10), (17,10), (17,10), (17,9), (16,9), (16,9), (16,8)]
Turtle 3 :[(-3,-3), (12,1), (11,1), (10,1), (9,1), (8,1), (7,1), (-3,-3), (-3,-3), (-3,-3)]
Turtle 4 :[(-4,-4), (19,12), (19,11), (19,10), (19,9), (18,9), (18,8), (-4,-4), (-4,-4), (-4,-4)]
Turtle 5 :[(-5,-5), (4,2), (3,2), (2,2), (1,2), (0,2), (0,1), (-5,-5), (-5,-5), (-5,-5)]

Shrinking Run 111
#Info# Executed steps before collision: 6, Found collision: false
Turtle 1 :[(-1,-1), (5,14), (4,14), (3,14), (2,14), (1,14), (0,14)]
Turtle 2 :[(-2,-2), (18,10), (17,10), (17,9), (16,9), (16,8), (-2,-2)]
Turtle 3 :[(-3,-3), (12,1), (11,1), (10,1), (9,1), (8,1), (7,1)]
Turtle 4 :[(-4,-4), (19,12), (19,11), (19,10), (19,9), (18,9), (18,8)]
Turtle 5 :[(-5,-5), (4,2), (3,2), (2,2), (1,2), (0,2), (0,1)]

Shrinking Run 112
#Info# Executed steps before collision: 6, Found collision: false
Turtle 1 :[(-1,-1), (5,14), (4,14), (3,14), (2,14), (1,14), (0,14)]
Turtle 2 :[(-2,-2), (18,10), (18,10), (17,10), (16,10), (16,9), (16,8)]
Turtle 3 :[(-3,-3), (12,1), (11,1), (10,1), (9,1), (8,1), (7,1)]
Turtle 4 :[(-4,-4), (19,12), (19,11), (19,10), (19,9), (18,9), (18,8)]
Turtle 5 :[(-5,-5), (4,2), (3,2), (2,2), (1,2), (0,2), (0,1)]

Shrinking Run 113
#Info# Executed steps before collision: 7, Found collision: false
Turtle 1 :[(-1,-1), (5,14), (4,14), (3,14), (2,14), (1,14), (0,14), (-1,-1)]
Turtle 2 :[(-2,-2), (18,10), (18,10), (18,10), (18,9), (17,9), (16,9), (16,8)]
Turtle 3 :[(-3,-3), (12,1), (11,1), (10,1), (9,1), (8,1), (7,1), (-3,-3)]
Turtle 4 :[(-4,-4), (19,12), (19,11), (19,10), (19,9), (19,9), (18,9), (18,8)]
Turtle 5 :[(-5,-5), (4,2), (3,2), (2,2), (1,2), (0,2), (0,1), (-5,-5)]

Shrinking Run 114
#Info# Executed steps before collision: 8, Found collision: false
Turtle 1 :[(-1,-1), (5,14), (4,14), (3,14), (2,14), (1,14), (0,14), (-1,-1), (-1,-1)]
Turtle 2 :[(-2,-2), (18,10), (18,10), (18,10), (18,9), (17,9), (17,9), (16,9), (16,8)]
Turtle 3 :[(-3,-3), (12,1), (11,1), (10,1), (9,1), (8,1), (7,1), (-3,-3), (-3,-3)]
Turtle 4 :[(-4,-4), (19,12), (19,11), (19,10), (19,9), (18,9), (18,8), (-4,-4), (-4,-4)]
Turtle 5 :[(-5,-5), (4,2), (3,2), (2,2), (1,2), (0,2), (0,1), (-5,-5), (-5,-5)]

Shrinking Run 115
#Info# Executed steps before collision: 9, Found collision: false
Turtle 1 :[(-1,-1), (5,14), (4,14), (3,14), (2,14), (1,14), (0,14), (-1,-1), (-1,-1), (-1,-1)]
Turtle 2 :[(-2,-2), (18,10), (17,10), (17,10), (16,10), (16,10), (16,10), (16,9), (16,9), (16,8)]
Turtle 3 :[(-3,-3), (12,1), (11,1), (10,1), (9,1), (8,1), (7,1), (-3,-3), (-3,-3), (-3,-3)]
Turtle 4 :[(-4,-4), (19,12), (19,11), (19,10), (19,9), (18,9), (18,8), (-4,-4), (-4,-4), (-4,-4)]
Turtle 5 :[(-5,-5), (4,2), (3,2), (2,2), (1,2), (0,2), (0,1), (-5,-5), (-5,-5), (-5,-5)]

Shrinking Run 116
#Info# Executed steps before collision: 9, Found collision: false
Turtle 1 :[(-1,-1), (5,14), (4,14), (3,14), (2,14), (1,14), (0,14), (-1,-1), (-1,-1), (-1,-1)]
Turtle 2 :[(-2,-2), (18,10), (17,10), (17,10), (17,9), (17,9), (17,9), (16,9), (16,9), (16,8)]
Turtle 3 :[(-3,-3), (12,1), (11,1), (10,1), (9,1), (8,1), (7,1), (-3,-3), (-3,-3), (-3,-3)]
Turtle 4 :[(-4,-4), (19,12), (19,11), (19,10), (19,9), (18,9), (18,8), (-4,-4), (-4,-4), (-4,-4)]
Turtle 5 :[(-5,-5), (4,2), (3,2), (2,2), (1,2), (0,2), (0,1), (-5,-5), (-5,-5), (-5,-5)]

Shrinking Run 117
#Info# Executed steps before collision: 9, Found collision: false
Turtle 1 :[(-1,-1), (5,14), (4,14), (3,14), (2,14), (1,14), (0,14), (-1,-1), (-1,-1), (-1,-1)]
Turtle 2 :[(-2,-2), (18,10), (18,10), (17,10), (16,10), (16,10), (16,10), (16,9), (16,9), (16,8)]
Turtle 3 :[(-3,-3), (12,1), (11,1), (10,1), (9,1), (8,1), (7,1), (-3,-3), (-3,-3), (-3,-3)]
Turtle 4 :[(-4,-4), (19,12), (19,11), (19,10), (19,9), (18,9), (18,8), (-4,-4), (-4,-4), (-4,-4)]
Turtle 5 :[(-5,-5), (4,2), (3,2), (2,2), (1,2), (0,2), (0,1), (-5,-5), (-5,-5), (-5,-5)]

Shrinking Run 118
#Info# Executed steps before collision: 9, Found collision: false
Turtle 1 :[(-1,-1), (5,14), (4,14), (3,14), (2,14), (1,14), (0,14), (-1,-1), (-1,-1), (-1,-1)]
Turtle 2 :[(-2,-2), (18,10), (18,10), (17,10), (17,9), (17,9), (17,9), (16,9), (16,9), (16,8)]
Turtle 3 :[(-3,-3), (12,1), (11,1), (10,1), (9,1), (8,1), (7,1), (-3,-3), (-3,-3), (-3,-3)]
Turtle 4 :[(-4,-4), (19,12), (19,11), (19,10), (19,9), (18,9), (18,8), (-4,-4), (-4,-4), (-4,-4)]
Turtle 5 :[(-5,-5), (4,2), (3,2), (2,2), (1,2), (0,2), (0,1), (-5,-5), (-5,-5), (-5,-5)]

Shrinking Run 119
#Info# Executed steps before collision: 9, Found collision: false
Turtle 1 :[(-1,-1), (5,14), (4,14), (3,14), (2,14), (1,14), (0,14), (-1,-1), (-1,-1), (-1,-1)]
Turtle 2 :[(-2,-2), (18,10), (18,10), (18,10), (17,10), (17,10), (16,10), (16,9), (16,9), (16,8)]
Turtle 3 :[(-3,-3), (12,1), (11,1), (10,1), (9,1), (8,1), (7,1), (-3,-3), (-3,-3), (-3,-3)]
Turtle 4 :[(-4,-4), (19,12), (19,11), (19,10), (19,9), (18,9), (18,8), (-4,-4), (-4,-4), (-4,-4)]
Turtle 5 :[(-5,-5), (4,2), (3,2), (2,2), (1,2), (0,2), (0,1), (-5,-5), (-5,-5), (-5,-5)]

Shrinking Run 120
#Info# Executed steps before collision: 9, Found collision: false
Turtle 1 :[(-1,-1), (5,14), (4,14), (3,14), (2,14), (1,14), (0,14), (-1,-1), (-1,-1), (-1,-1)]
Turtle 2 :[(-2,-2), (18,10), (18,10), (18,10), (18,9), (17,9), (17,9), (16,9), (16,9), (16,8)]
Turtle 3 :[(-3,-3), (12,1), (11,1), (10,1), (9,1), (8,1), (7,1), (-3,-3), (-3,-3), (-3,-3)]
Turtle 4 :[(-4,-4), (19,12), (19,11), (19,10), (19,9), (18,9), (18,8), (-4,-4), (-4,-4), (-4,-4)]
Turtle 5 :[(-5,-5), (4,2), (3,2), (2,2), (1,2), (0,2), (0,1), (-5,-5), (-5,-5), (-5,-5)]

Shrinking Run 121
#Info# Executed steps before collision: 9, Found collision: false
Turtle 1 :[(-1,-1), (5,14), (4,14), (3,14), (2,14), (1,14), (0,14), (-1,-1), (-1,-1), (-1,-1)]
Turtle 2 :[(-2,-2), (18,10), (18,10), (18,10), (18,9), (18,9), (17,9), (16,9), (16,9), (16,8)]
Turtle 3 :[(-3,-3), (12,1), (11,1), (10,1), (9,1), (8,1), (7,1), (-3,-3), (-3,-3), (-3,-3)]
Turtle 4 :[(-4,-4), (19,12), (18,12), (17,12), (16,12), (15,12), (14,12), (-4,-4), (-4,-4), (-4,-4)]
Turtle 5 :[(-5,-5), (4,2), (3,2), (2,2), (1,2), (0,2), (0,1), (-5,-5), (-5,-5), (-5,-5)]

Shrinking Run 122
#Info# Executed steps before collision: 9, Found collision: false
Turtle 1 :[(-1,-1), (5,14), (4,14), (3,14), (2,14), (1,14), (0,14), (-1,-1), (-1,-1), (-1,-1)]
Turtle 2 :[(-2,-2), (18,10), (18,10), (18,10), (18,9), (18,9), (17,9), (16,9), (16,9), (16,8)]
Turtle 3 :[(-3,-3), (12,1), (11,1), (10,1), (9,1), (8,1), (7,1), (-3,-3), (-3,-3), (-3,-3)]
Turtle 4 :[(-4,-4), (19,12), (18,12), (18,12), (17,12), (17,12), (17,12), (16,12), (16,13), (-4,-4)]
Turtle 5 :[(-5,-5), (4,2), (3,2), (2,2), (1,2), (0,2), (0,1), (-5,-5), (-5,-5), (-5,-5)]

Shrinking Run 123
#Info# Executed steps before collision: 9, Found collision: false
Turtle 1 :[(-1,-1), (5,14), (4,14), (3,14), (2,14), (1,14), (0,14), (-1,-1), (-1,-1), (-1,-1)]
Turtle 2 :[(-2,-2), (18,10), (18,10), (18,10), (18,9), (18,9), (17,9), (16,9), (16,9), (16,8)]
Turtle 3 :[(-3,-3), (12,1), (11,1), (10,1), (9,1), (8,1), (7,1), (-3,-3), (-3,-3), (-3,-3)]
Turtle 4 :[(-4,-4), (19,12), (18,12), (18,11), (18,11), (18,11), (18,12), (18,12), (18,13), (-4,-4)]
Turtle 5 :[(-5,-5), (4,2), (3,2), (2,2), (1,2), (0,2), (0,1), (-5,-5), (-5,-5), (-5,-5)]

Shrinking Run 124
#Info# Executed steps before collision: 9, Found collision: false
Turtle 1 :[(-1,-1), (5,14), (4,14), (3,14), (2,14), (1,14), (0,14), (-1,-1), (-1,-1), (-1,-1)]
Turtle 2 :[(-2,-2), (18,10), (18,10), (18,10), (18,9), (18,9), (17,9), (16,9), (16,9), (16,8)]
Turtle 3 :[(-3,-3), (12,1), (11,1), (10,1), (9,1), (8,1), (7,1), (-3,-3), (-3,-3), (-3,-3)]
Turtle 4 :[(-4,-4), (19,12), (19,12), (19,11), (19,11), (19,12), (19,13), (19,12), (19,12), (19,13)]
Turtle 5 :[(-5,-5), (4,2), (3,2), (2,2), (1,2), (0,2), (0,1), (-5,-5), (-5,-5), (-5,-5)]

Shrinking Run 125
#Info# Executed steps before collision: 9, Found collision: false
Turtle 1 :[(-1,-1), (5,14), (4,14), (3,14), (2,14), (1,14), (0,14), (-1,-1), (-1,-1), (-1,-1)]
Turtle 2 :[(-2,-2), (18,10), (18,10), (18,10), (18,9), (18,9), (17,9), (16,9), (16,9), (16,8)]
Turtle 3 :[(-3,-3), (12,1), (11,1), (10,1), (9,1), (8,1), (7,1), (-3,-3), (-3,-3), (-3,-3)]
Turtle 4 :[(-4,-4), (19,12), (18,12), (17,12), (16,12), (15,12), (15,11), (-4,-4), (-4,-4), (-4,-4)]
Turtle 5 :[(-5,-5), (4,2), (3,2), (2,2), (1,2), (0,2), (0,1), (-5,-5), (-5,-5), (-5,-5)]

Shrinking Run 126
#Info# Executed steps before collision: 9, Found collision: false
Turtle 1 :[(-1,-1), (5,14), (4,14), (3,14), (2,14), (1,14), (0,14), (-1,-1), (-1,-1), (-1,-1)]
Turtle 2 :[(-2,-2), (18,10), (18,10), (18,10), (18,9), (18,9), (17,9), (16,9), (16,9), (16,8)]
Turtle 3 :[(-3,-3), (12,1), (11,1), (10,1), (9,1), (8,1), (7,1), (-3,-3), (-3,-3), (-3,-3)]
Turtle 4 :[(-4,-4), (19,12), (18,12), (17,12), (16,12), (16,11), (16,10), (-4,-4), (-4,-4), (-4,-4)]
Turtle 5 :[(-5,-5), (4,2), (3,2), (2,2), (1,2), (0,2), (0,1), (-5,-5), (-5,-5), (-5,-5)]

Shrinking Run 127
#Info# Executed steps before collision: 6, Found collision: true
Turtle 1 :[(-1,-1), (5,14), (4,14), (3,14), (2,14), (1,14), (0,14), (-1,-1), (-1,-1), (-1,-1)]
Turtle 2 :[(-2,-2), (18,10), (18,10), (18,10), (18,9), (18,9), (17,9), (16,9), (16,9), (16,8)]
Turtle 3 :[(-3,-3), (12,1), (11,1), (10,1), (9,1), (8,1), (7,1), (-3,-3), (-3,-3), (-3,-3)]
Turtle 4 :[(-4,-4), (19,12), (19,11), (18,11), (17,11), (17,10), (17,9), (-4,-4), (-4,-4), (-4,-4)]
Turtle 5 :[(-5,-5), (4,2), (3,2), (2,2), (1,2), (0,2), (0,1), (-5,-5), (-5,-5), (-5,-5)]

Shrinking Run 128
#Info# Executed steps before collision: 9, Found collision: false
Turtle 1 :[(-1,-1), (5,14), (4,14), (3,14), (2,14), (1,14), (0,14), (-1,-1), (-1,-1), (-1,-1)]
Turtle 2 :[(-2,-2), (18,10), (18,10), (18,10), (18,9), (18,9), (17,9), (16,9), (16,9), (16,8)]
Turtle 3 :[(-3,-3), (12,1), (11,1), (10,1), (9,1), (8,1), (7,1), (-3,-3), (-3,-3), (-3,-3)]
Turtle 4 :[(-4,-4), (19,12), (18,12), (17,12), (17,11), (17,10), (17,11), (17,10), (17,9), (-4,-4)]
Turtle 5 :[(-5,-5), (4,2), (3,2), (2,2), (1,2), (0,2), (0,1), (-5,-5), (-5,-5), (-5,-5)]

Shrinking Run 129
#Info# Executed steps before collision: 11, Found collision: false
Turtle 1 :[(-1,-1), (5,14), (4,14), (3,14), (2,14), (1,14), (0,14), (-1,-1), (-1,-1), (-1,-1), (-1,-1), (-1,-1)]
Turtle 2 :[(-2,-2), (18,10), (18,10), (18,10), (18,9), (18,9), (17,9), (16,9), (16,9), (16,8), (-2,-2), (-2,-2)]
Turtle 3 :[(-3,-3), (12,1), (11,1), (10,1), (9,1), (8,1), (7,1), (-3,-3), (-3,-3), (-3,-3), (-3,-3), (-3,-3)]
Turtle 4 :[(-4,-4), (19,12), (19,11), (19,10), (19,10), (18,10), (17,10), (16,10), (15,10), (15,9), (16,9), (17,9)]
Turtle 5 :[(-5,-5), (4,2), (3,2), (2,2), (1,2), (0,2), (0,1), (-5,-5), (-5,-5), (-5,-5), (-5,-5), (-5,-5)]

Shrinking Run 130
#Info# Executed steps before collision: 9, Found collision: false
Turtle 1 :[(-1,-1), (5,14), (4,14), (3,14), (2,14), (1,14), (0,14), (-1,-1), (-1,-1), (-1,-1)]
Turtle 2 :[(-2,-2), (18,10), (18,10), (18,10), (18,9), (18,9), (17,9), (16,9), (16,9), (16,8)]
Turtle 3 :[(-3,-3), (12,1), (11,1), (10,1), (9,1), (8,1), (7,1), (-3,-3), (-3,-3), (-3,-3)]
Turtle 4 :[(-4,-4), (19,12), (19,11), (18,11), (17,11), (17,10), (16,10), (17,10), (17,9), (-4,-4)]
Turtle 5 :[(-5,-5), (4,2), (3,2), (2,2), (1,2), (0,2), (0,1), (-5,-5), (-5,-5), (-5,-5)]

Shrinking Run 131
#Info# Executed steps before collision: 7, Found collision: false
Turtle 1 :[(-1,-1), (5,14), (4,14), (3,14), (2,14), (1,14), (0,14), (-1,-1)]
Turtle 2 :[(-2,-2), (18,10), (18,10), (17,10), (16,10), (15,10), (14,10), (13,10)]
Turtle 3 :[(-3,-3), (12,1), (11,1), (10,1), (9,1), (8,1), (7,1), (-3,-3)]
Turtle 4 :[(-4,-4), (19,12), (19,11), (18,11), (17,11), (17,10), (17,9), (-4,-4)]
Turtle 5 :[(-5,-5), (4,2), (3,2), (2,2), (1,2), (0,2), (0,1), (-5,-5)]

Shrinking Run 132
#Info# Executed steps before collision: 10, Found collision: false
Turtle 1 :[(-1,-1), (5,14), (4,14), (3,14), (2,14), (1,14), (0,14), (-1,-1), (-1,-1), (-1,-1), (-1,-1)]
Turtle 2 :[(-2,-2), (18,10), (18,10), (18,10), (18,10), (18,11), (18,11), (17,11), (16,11), (16,11), (15,11)]
Turtle 3 :[(-3,-3), (12,1), (11,1), (10,1), (9,1), (8,1), (7,1), (-3,-3), (-3,-3), (-3,-3), (-3,-3)]
Turtle 4 :[(-4,-4), (19,12), (19,11), (18,11), (17,11), (17,10), (17,9), (-4,-4), (-4,-4), (-4,-4), (-4,-4)]
Turtle 5 :[(-5,-5), (4,2), (3,2), (2,2), (1,2), (0,2), (0,1), (-5,-5), (-5,-5), (-5,-5), (-5,-5)]

Shrinking Run 133
#Info# Executed steps before collision: 7, Found collision: false
Turtle 1 :[(-1,-1), (5,14), (4,14), (3,14), (2,14), (1,14), (0,14), (-1,-1)]
Turtle 2 :[(-2,-2), (18,10), (18,10), (17,10), (17,9), (16,9), (16,8), (16,7)]
Turtle 3 :[(-3,-3), (12,1), (11,1), (10,1), (9,1), (8,1), (7,1), (-3,-3)]
Turtle 4 :[(-4,-4), (19,12), (19,11), (18,11), (17,11), (17,10), (17,9), (-4,-4)]
Turtle 5 :[(-5,-5), (4,2), (3,2), (2,2), (1,2), (0,2), (0,1), (-5,-5)]

Shrinking Run 134
#Info# Executed steps before collision: 7, Found collision: false
Turtle 1 :[(-1,-1), (5,14), (4,14), (3,14), (2,14), (1,14), (0,14), (-1,-1)]
Turtle 2 :[(-2,-2), (18,10), (18,10), (17,10), (17,9), (16,9), (15,9), (14,9)]
Turtle 3 :[(-3,-3), (12,1), (11,1), (10,1), (9,1), (8,1), (7,1), (-3,-3)]
Turtle 4 :[(-4,-4), (19,12), (19,11), (18,11), (17,11), (17,11), (17,10), (17,9)]
Turtle 5 :[(-5,-5), (4,2), (3,2), (2,2), (1,2), (0,2), (0,1), (-5,-5)]

Shrinking Run 135
#Info# Executed steps before collision: 7, Found collision: false
Turtle 1 :[(-1,-1), (5,14), (4,14), (3,14), (2,14), (1,14), (0,14), (-1,-1)]
Turtle 2 :[(-2,-2), (18,10), (18,10), (17,10), (17,9), (16,9), (15,9), (15,8)]
Turtle 3 :[(-3,-3), (12,1), (11,1), (10,1), (9,1), (8,1), (7,1), (-3,-3)]
Turtle 4 :[(-4,-4), (19,12), (19,11), (18,11), (17,11), (17,10), (17,9), (-4,-4)]
Turtle 5 :[(-5,-5), (4,2), (3,2), (2,2), (1,2), (0,2), (0,1), (-5,-5)]

Shrinking Run 136
#Info# Executed steps before collision: 5, Found collision: true
Turtle 1 :[(-1,-1), (5,14), (4,14), (3,14), (2,14), (1,14), (0,14), (-1,-1), (-1,-1), (-1,-1)]
Turtle 2 :[(-2,-2), (18,10), (18,10), (18,10), (17,10), (17,10), (17,9), (16,9), (16,9), (16,8)]
Turtle 3 :[(-3,-3), (12,1), (11,1), (10,1), (9,1), (8,1), (7,1), (-3,-3), (-3,-3), (-3,-3)]
Turtle 4 :[(-4,-4), (19,12), (19,11), (18,11), (17,11), (17,10), (17,11), (17,10), (17,9), (-4,-4)]
Turtle 5 :[(-5,-5), (4,2), (3,2), (2,2), (1,2), (0,2), (0,1), (-5,-5), (-5,-5), (-5,-5)]

Shrinking Run 137
#Info# Executed steps before collision: 6, Found collision: false
Turtle 1 :[(-1,-1), (5,14), (4,14), (3,14), (2,14), (1,14), (0,14)]
Turtle 2 :[(-2,-2), (18,10), (18,9), (17,9), (16,9), (16,8), (-2,-2)]
Turtle 3 :[(-3,-3), (12,1), (11,1), (10,1), (9,1), (8,1), (7,1)]
Turtle 4 :[(-4,-4), (19,12), (19,11), (18,11), (17,11), (17,10), (17,9)]
Turtle 5 :[(-5,-5), (4,2), (3,2), (2,2), (1,2), (0,2), (0,1)]

Shrinking Run 138
#Info# Executed steps before collision: 6, Found collision: false
Turtle 1 :[(-1,-1), (5,14), (4,14), (3,14), (2,14), (1,14), (0,14)]
Turtle 2 :[(-2,-2), (18,10), (18,10), (18,9), (17,9), (16,9), (16,8)]
Turtle 3 :[(-3,-3), (12,1), (11,1), (10,1), (9,1), (8,1), (7,1)]
Turtle 4 :[(-4,-4), (19,12), (19,11), (18,11), (17,11), (17,10), (17,9)]
Turtle 5 :[(-5,-5), (4,2), (3,2), (2,2), (1,2), (0,2), (0,1)]

Shrinking Run 139
#Info# Executed steps before collision: 8, Found collision: false
Turtle 1 :[(-1,-1), (5,14), (4,14), (3,14), (2,14), (1,14), (0,14), (-1,-1), (-1,-1)]
Turtle 2 :[(-2,-2), (18,10), (18,10), (18,10), (17,10), (17,9), (16,9), (16,8), (-2,-2)]
Turtle 3 :[(-3,-3), (12,1), (11,1), (10,1), (9,1), (8,1), (7,1), (-3,-3), (-3,-3)]
Turtle 4 :[(-4,-4), (19,12), (19,11), (18,11), (17,11), (16,11), (16,10), (17,10), (17,9)]
Turtle 5 :[(-5,-5), (4,2), (3,2), (2,2), (1,2), (0,2), (0,1), (-5,-5), (-5,-5)]

Shrinking Run 140
#Info# Executed steps before collision: 9, Found collision: false
Turtle 1 :[(-1,-1), (5,14), (4,14), (3,14), (2,14), (1,14), (0,14), (-1,-1), (-1,-1), (-1,-1)]
Turtle 2 :[(-2,-2), (18,10), (18,10), (18,10), (17,10), (17,9), (17,9), (16,9), (16,8), (-2,-2)]
Turtle 3 :[(-3,-3), (12,1), (11,1), (10,1), (9,1), (8,1), (7,1), (-3,-3), (-3,-3), (-3,-3)]
Turtle 4 :[(-4,-4), (19,12), (19,11), (18,11), (17,11), (17,10), (17,10), (18,10), (18,9), (17,9)]
Turtle 5 :[(-5,-5), (4,2), (3,2), (2,2), (1,2), (0,2), (0,1), (-5,-5), (-5,-5), (-5,-5)]

Shrinking Run 141
#Info# Executed steps before collision: 9, Found collision: false
Turtle 1 :[(-1,-1), (5,14), (4,14), (3,14), (2,14), (1,14), (0,14), (-1,-1), (-1,-1), (-1,-1)]
Turtle 2 :[(-2,-2), (18,10), (17,10), (17,10), (17,9), (17,9), (17,9), (16,9), (16,9), (16,8)]
Turtle 3 :[(-3,-3), (12,1), (11,1), (10,1), (9,1), (8,1), (7,1), (-3,-3), (-3,-3), (-3,-3)]
Turtle 4 :[(-4,-4), (19,12), (19,11), (18,11), (17,11), (17,10), (16,10), (17,10), (17,9), (-4,-4)]
Turtle 5 :[(-5,-5), (4,2), (3,2), (2,2), (1,2), (0,2), (0,1), (-5,-5), (-5,-5), (-5,-5)]

Shrinking Run 142
#Info# Executed steps before collision: 9, Found collision: false
Turtle 1 :[(-1,-1), (5,14), (4,14), (3,14), (2,14), (1,14), (0,14), (-1,-1), (-1,-1), (-1,-1)]
Turtle 2 :[(-2,-2), (18,10), (18,9), (18,9), (17,9), (17,9), (17,9), (16,9), (16,9), (16,8)]
Turtle 3 :[(-3,-3), (12,1), (11,1), (10,1), (9,1), (8,1), (7,1), (-3,-3), (-3,-3), (-3,-3)]
Turtle 4 :[(-4,-4), (19,12), (19,11), (18,11), (17,11), (17,10), (17,10), (16,10), (17,10), (17,9)]
Turtle 5 :[(-5,-5), (4,2), (3,2), (2,2), (1,2), (0,2), (0,1), (-5,-5), (-5,-5), (-5,-5)]

Shrinking Run 143
#Info# Executed steps before collision: 9, Found collision: false
Turtle 1 :[(-1,-1), (5,14), (4,14), (3,14), (2,14), (1,14), (0,14), (-1,-1), (-1,-1), (-1,-1)]
Turtle 2 :[(-2,-2), (18,10), (18,10), (17,10), (17,9), (17,9), (17,9), (16,9), (16,9), (16,8)]
Turtle 3 :[(-3,-3), (12,1), (11,1), (10,1), (9,1), (8,1), (7,1), (-3,-3), (-3,-3), (-3,-3)]
Turtle 4 :[(-4,-4), (19,12), (19,11), (18,11), (17,11), (17,10), (18,10), (18,9), (17,9), (-4,-4)]
Turtle 5 :[(-5,-5), (4,2), (3,2), (2,2), (1,2), (0,2), (0,1), (-5,-5), (-5,-5), (-5,-5)]

Shrinking Run 144
#Info# Executed steps before collision: 9, Found collision: false
Turtle 1 :[(-1,-1), (5,14), (4,14), (3,14), (2,14), (1,14), (0,14), (-1,-1), (-1,-1), (-1,-1)]
Turtle 2 :[(-2,-2), (18,10), (18,10), (18,9), (17,9), (17,9), (17,9), (16,9), (16,9), (16,8)]
Turtle 3 :[(-3,-3), (12,1), (11,1), (10,1), (9,1), (8,1), (7,1), (-3,-3), (-3,-3), (-3,-3)]
Turtle 4 :[(-4,-4), (19,12), (19,11), (18,11), (17,11), (17,10), (18,10), (17,10), (17,9), (-4,-4)]
Turtle 5 :[(-5,-5), (4,2), (3,2), (2,2), (1,2), (0,2), (0,1), (-5,-5), (-5,-5), (-5,-5)]

Shrinking Run 145
#Info# Executed steps before collision: 10, Found collision: false
Turtle 1 :[(-1,-1), (5,14), (4,14), (3,14), (2,14), (1,14), (0,14), (-1,-1), (-1,-1), (-1,-1), (-1,-1)]
Turtle 2 :[(-2,-2), (18,10), (18,10), (18,10), (17,10), (16,10), (16,10), (16,9), (16,9), (16,8), (-2,-2)]
Turtle 3 :[(-3,-3), (12,1), (11,1), (10,1), (9,1), (8,1), (7,1), (-3,-3), (-3,-3), (-3,-3), (-3,-3)]
Turtle 4 :[(-4,-4), (19,12), (19,11), (18,11), (17,11), (16,11), (16,12), (16,11), (16,10), (17,10), (17,9)]
Turtle 5 :[(-5,-5), (4,2), (3,2), (2,2), (1,2), (0,2), (0,1), (-5,-5), (-5,-5), (-5,-5), (-5,-5)]

Shrinking Run 146
#Info# Executed steps before collision: 9, Found collision: false
Turtle 1 :[(-1,-1), (5,14), (4,14), (3,14), (2,14), (1,14), (0,14), (-1,-1), (-1,-1), (-1,-1)]
Turtle 2 :[(-2,-2), (18,10), (18,10), (18,10), (17,10), (17,9), (17,9), (16,9), (16,9), (16,8)]
Turtle 3 :[(-3,-3), (12,1), (11,1), (10,1), (9,1), (8,1), (7,1), (-3,-3), (-3,-3), (-3,-3)]
Turtle 4 :[(-4,-4), (19,12), (19,11), (18,11), (17,11), (17,10), (18,10), (18,9), (17,9), (-4,-4)]
Turtle 5 :[(-5,-5), (4,2), (3,2), (2,2), (1,2), (0,2), (0,1), (-5,-5), (-5,-5), (-5,-5)]

Shrinking Run 147
#Info# Executed steps before collision: 5, Found collision: true
Turtle 1 :[(-1,-1), (5,14), (4,14), (3,14), (2,14), (1,14), (0,14), (-1,-1), (-1,-1), (-1,-1)]
Turtle 2 :[(-2,-2), (18,10), (18,10), (18,10), (17,10), (17,10), (16,10), (16,9), (16,9), (16,8)]
Turtle 3 :[(-3,-3), (12,1), (11,1), (10,1), (9,1), (8,1), (7,1), (-3,-3), (-3,-3), (-3,-3)]
Turtle 4 :[(-4,-4), (19,12), (19,11), (18,11), (17,11), (17,10), (17,9), (-4,-4), (-4,-4), (-4,-4)]
Turtle 5 :[(-5,-5), (4,2), (3,2), (2,2), (1,2), (0,2), (0,1), (-5,-5), (-5,-5), (-5,-5)]

Shrinking Run 148
#Info# Executed steps before collision: 9, Found collision: false
Turtle 1 :[(-1,-1), (5,14), (4,14), (3,14), (2,14), (1,14), (0,14), (-1,-1), (-1,-1), (-1,-1)]
Turtle 2 :[(-2,-2), (18,10), (18,10), (18,10), (17,10), (17,10), (16,10), (16,9), (16,9), (16,8)]
Turtle 3 :[(-3,-3), (12,1), (11,1), (10,1), (9,1), (8,1), (7,1), (-3,-3), (-3,-3), (-3,-3)]
Turtle 4 :[(-4,-4), (19,12), (18,12), (17,12), (16,12), (15,12), (14,12), (-4,-4), (-4,-4), (-4,-4)]
Turtle 5 :[(-5,-5), (4,2), (3,2), (2,2), (1,2), (0,2), (0,1), (-5,-5), (-5,-5), (-5,-5)]

Shrinking Run 149
#Info# Executed steps before collision: 9, Found collision: false
Turtle 1 :[(-1,-1), (5,14), (4,14), (3,14), (2,14), (1,14), (0,14), (-1,-1), (-1,-1), (-1,-1)]
Turtle 2 :[(-2,-2), (18,10), (18,10), (18,10), (17,10), (17,10), (16,10), (16,9), (16,9), (16,8)]
Turtle 3 :[(-3,-3), (12,1), (11,1), (10,1), (9,1), (8,1), (7,1), (-3,-3), (-3,-3), (-3,-3)]
Turtle 4 :[(-4,-4), (19,12), (18,12), (18,12), (17,12), (17,12), (17,12), (16,12), (16,13), (-4,-4)]
Turtle 5 :[(-5,-5), (4,2), (3,2), (2,2), (1,2), (0,2), (0,1), (-5,-5), (-5,-5), (-5,-5)]

Shrinking Run 150
#Info# Executed steps before collision: 9, Found collision: false
Turtle 1 :[(-1,-1), (5,14), (4,14), (3,14), (2,14), (1,14), (0,14), (-1,-1), (-1,-1), (-1,-1)]
Turtle 2 :[(-2,-2), (18,10), (18,10), (18,10), (17,10), (17,10), (16,10), (16,9), (16,9), (16,8)]
Turtle 3 :[(-3,-3), (12,1), (11,1), (10,1), (9,1), (8,1), (7,1), (-3,-3), (-3,-3), (-3,-3)]
Turtle 4 :[(-4,-4), (19,12), (18,12), (18,11), (18,11), (18,11), (18,12), (18,12), (18,13), (-4,-4)]
Turtle 5 :[(-5,-5), (4,2), (3,2), (2,2), (1,2), (0,2), (0,1), (-5,-5), (-5,-5), (-5,-5)]

Shrinking Run 151
#Info# Executed steps before collision: 9, Found collision: false
Turtle 1 :[(-1,-1), (5,14), (4,14), (3,14), (2,14), (1,14), (0,14), (-1,-1), (-1,-1), (-1,-1)]
Turtle 2 :[(-2,-2), (18,10), (18,10), (18,10), (17,10), (17,10), (16,10), (16,9), (16,9), (16,8)]
Turtle 3 :[(-3,-3), (12,1), (11,1), (10,1), (9,1), (8,1), (7,1), (-3,-3), (-3,-3), (-3,-3)]
Turtle 4 :[(-4,-4), (19,12), (19,12), (19,11), (19,11), (19,12), (19,13), (19,12), (19,12), (19,13)]
Turtle 5 :[(-5,-5), (4,2), (3,2), (2,2), (1,2), (0,2), (0,1), (-5,-5), (-5,-5), (-5,-5)]

Shrinking Run 152
#Info# Executed steps before collision: 9, Found collision: false
Turtle 1 :[(-1,-1), (5,14), (4,14), (3,14), (2,14), (1,14), (0,14), (-1,-1), (-1,-1), (-1,-1)]
Turtle 2 :[(-2,-2), (18,10), (18,10), (18,10), (17,10), (17,10), (16,10), (16,9), (16,9), (16,8)]
Turtle 3 :[(-3,-3), (12,1), (11,1), (10,1), (9,1), (8,1), (7,1), (-3,-3), (-3,-3), (-3,-3)]
Turtle 4 :[(-4,-4), (19,12), (18,12), (17,12), (16,12), (15,12), (15,11), (-4,-4), (-4,-4), (-4,-4)]
Turtle 5 :[(-5,-5), (4,2), (3,2), (2,2), (1,2), (0,2), (0,1), (-5,-5), (-5,-5), (-5,-5)]

Shrinking Run 153
#Info# Executed steps before collision: 9, Found collision: false
Turtle 1 :[(-1,-1), (5,14), (4,14), (3,14), (2,14), (1,14), (0,14), (-1,-1), (-1,-1), (-1,-1)]
Turtle 2 :[(-2,-2), (18,10), (18,10), (18,10), (17,10), (17,10), (16,10), (16,9), (16,9), (16,8)]
Turtle 3 :[(-3,-3), (12,1), (11,1), (10,1), (9,1), (8,1), (7,1), (-3,-3), (-3,-3), (-3,-3)]
Turtle 4 :[(-4,-4), (19,12), (18,12), (17,12), (16,12), (16,11), (16,11), (16,11), (16,10), (-4,-4)]
Turtle 5 :[(-5,-5), (4,2), (3,2), (2,2), (1,2), (0,2), (0,1), (-5,-5), (-5,-5), (-5,-5)]

Shrinking Run 154
#Info# Executed steps before collision: 5, Found collision: true
Turtle 1 :[(-1,-1), (5,14), (4,14), (3,14), (2,14), (1,14), (0,14), (-1,-1), (-1,-1), (-1,-1)]
Turtle 2 :[(-2,-2), (18,10), (18,10), (18,10), (17,10), (17,10), (16,10), (16,9), (16,9), (16,8)]
Turtle 3 :[(-3,-3), (12,1), (11,1), (10,1), (9,1), (8,1), (7,1), (-3,-3), (-3,-3), (-3,-3)]
Turtle 4 :[(-4,-4), (19,12), (18,12), (17,12), (17,11), (17,10), (17,9), (-4,-4), (-4,-4), (-4,-4)]
Turtle 5 :[(-5,-5), (4,2), (3,2), (2,2), (1,2), (0,2), (0,1), (-5,-5), (-5,-5), (-5,-5)]

Shrinking Run 155
#Info# Executed steps before collision: 5, Found collision: true
Turtle 1 :[(-1,-1), (5,14), (4,14), (3,14), (2,14), (1,14), (0,14), (-1,-1), (-1,-1), (-1,-1)]
Turtle 2 :[(-2,-2), (18,10), (18,10), (18,10), (17,10), (17,10), (16,10), (16,9), (16,9), (16,8)]
Turtle 3 :[(-3,-3), (12,1), (11,1), (10,1), (9,1), (8,1), (7,1), (-3,-3), (-3,-3), (-3,-3)]
Turtle 4 :[(-4,-4), (19,12), (18,12), (18,11), (17,11), (17,10), (17,9), (-4,-4), (-4,-4), (-4,-4)]
Turtle 5 :[(-5,-5), (4,2), (3,2), (2,2), (1,2), (0,2), (0,1), (-5,-5), (-5,-5), (-5,-5)]

Shrinking Run 156
#Info# Executed steps before collision: 7, Found collision: false
Turtle 1 :[(-1,-1), (5,14), (4,14), (3,14), (2,14), (1,14), (0,14), (-1,-1)]
Turtle 2 :[(-2,-2), (18,10), (18,10), (17,10), (16,10), (15,10), (14,10), (13,10)]
Turtle 3 :[(-3,-3), (12,1), (11,1), (10,1), (9,1), (8,1), (7,1), (-3,-3)]
Turtle 4 :[(-4,-4), (19,12), (18,12), (17,12), (17,11), (17,10), (17,9), (-4,-4)]
Turtle 5 :[(-5,-5), (4,2), (3,2), (2,2), (1,2), (0,2), (0,1), (-5,-5)]

Shrinking Run 157
#Info# Executed steps before collision: 9, Found collision: false
Turtle 1 :[(-1,-1), (5,14), (4,14), (3,14), (2,14), (1,14), (0,14), (-1,-1), (-1,-1), (-1,-1)]
Turtle 2 :[(-2,-2), (18,10), (18,10), (18,10), (18,11), (18,11), (17,11), (16,11), (16,11), (15,11)]
Turtle 3 :[(-3,-3), (12,1), (11,1), (10,1), (9,1), (8,1), (7,1), (-3,-3), (-3,-3), (-3,-3)]
Turtle 4 :[(-4,-4), (19,12), (18,12), (17,12), (17,11), (17,10), (17,9), (-4,-4), (-4,-4), (-4,-4)]
Turtle 5 :[(-5,-5), (4,2), (3,2), (2,2), (1,2), (0,2), (0,1), (-5,-5), (-5,-5), (-5,-5)]

Shrinking Run 158
#Info# Executed steps before collision: 7, Found collision: false
Turtle 1 :[(-1,-1), (5,14), (4,14), (3,14), (2,14), (1,14), (0,14), (-1,-1)]
Turtle 2 :[(-2,-2), (18,10), (18,10), (17,10), (17,9), (16,9), (16,8), (16,7)]
Turtle 3 :[(-3,-3), (12,1), (11,1), (10,1), (9,1), (8,1), (7,1), (-3,-3)]
Turtle 4 :[(-4,-4), (19,12), (18,12), (17,12), (17,11), (17,10), (17,9), (-4,-4)]
Turtle 5 :[(-5,-5), (4,2), (3,2), (2,2), (1,2), (0,2), (0,1), (-5,-5)]

Shrinking Run 159
#Info# Executed steps before collision: 7, Found collision: false
Turtle 1 :[(-1,-1), (5,14), (4,14), (3,14), (2,14), (1,14), (0,14), (-1,-1)]
Turtle 2 :[(-2,-2), (18,10), (18,10), (17,10), (17,9), (16,9), (15,9), (14,9)]
Turtle 3 :[(-3,-3), (12,1), (11,1), (10,1), (9,1), (8,1), (7,1), (-3,-3)]
Turtle 4 :[(-4,-4), (19,12), (18,12), (17,12), (17,11), (17,10), (17,9), (-4,-4)]
Turtle 5 :[(-5,-5), (4,2), (3,2), (2,2), (1,2), (0,2), (0,1), (-5,-5)]

Shrinking Run 160
#Info# Executed steps before collision: 7, Found collision: false
Turtle 1 :[(-1,-1), (5,14), (4,14), (3,14), (2,14), (1,14), (0,14), (-1,-1)]
Turtle 2 :[(-2,-2), (18,10), (18,10), (17,10), (17,9), (16,9), (15,9), (15,8)]
Turtle 3 :[(-3,-3), (12,1), (11,1), (10,1), (9,1), (8,1), (7,1), (-3,-3)]
Turtle 4 :[(-4,-4), (19,12), (18,12), (17,12), (17,11), (17,10), (17,9), (-4,-4)]
Turtle 5 :[(-5,-5), (4,2), (3,2), (2,2), (1,2), (0,2), (0,1), (-5,-5)]

Shrinking Run 161
#Info# Executed steps before collision: 6, Found collision: false
Turtle 1 :[(-1,-1), (5,14), (4,14), (3,14), (2,14), (1,14), (0,14)]
Turtle 2 :[(-2,-2), (18,10), (18,9), (17,9), (16,9), (16,8), (-2,-2)]
Turtle 3 :[(-3,-3), (12,1), (11,1), (10,1), (9,1), (8,1), (7,1)]
Turtle 4 :[(-4,-4), (19,12), (18,12), (17,12), (17,11), (17,10), (17,9)]
Turtle 5 :[(-5,-5), (4,2), (3,2), (2,2), (1,2), (0,2), (0,1)]

Shrinking Run 162
#Info# Executed steps before collision: 6, Found collision: false
Turtle 1 :[(-1,-1), (5,14), (4,14), (3,14), (2,14), (1,14), (0,14)]
Turtle 2 :[(-2,-2), (18,10), (18,10), (18,9), (17,9), (16,9), (16,8)]
Turtle 3 :[(-3,-3), (12,1), (11,1), (10,1), (9,1), (8,1), (7,1)]
Turtle 4 :[(-4,-4), (19,12), (18,12), (17,12), (17,11), (17,10), (17,9)]
Turtle 5 :[(-5,-5), (4,2), (3,2), (2,2), (1,2), (0,2), (0,1)]

Shrinking Run 163
#Info# Executed steps before collision: 7, Found collision: false
Turtle 1 :[(-1,-1), (5,14), (4,14), (3,14), (2,14), (1,14), (0,14), (-1,-1)]
Turtle 2 :[(-2,-2), (18,10), (18,10), (18,10), (17,10), (17,9), (16,9), (16,8)]
Turtle 3 :[(-3,-3), (12,1), (11,1), (10,1), (9,1), (8,1), (7,1), (-3,-3)]
Turtle 4 :[(-4,-4), (19,12), (18,12), (17,12), (17,11), (17,10), (17,10), (17,9)]
Turtle 5 :[(-5,-5), (4,2), (3,2), (2,2), (1,2), (0,2), (0,1), (-5,-5)]

Shrinking Run 164
#Info# Executed steps before collision: 9, Found collision: false
Turtle 1 :[(-1,-1), (5,14), (4,14), (3,14), (2,14), (1,14), (0,14), (-1,-1), (-1,-1), (-1,-1)]
Turtle 2 :[(-2,-2), (18,10), (18,10), (18,10), (17,10), (17,9), (17,9), (16,9), (16,8), (-2,-2)]
Turtle 3 :[(-3,-3), (12,1), (11,1), (10,1), (9,1), (8,1), (7,1), (-3,-3), (-3,-3), (-3,-3)]
Turtle 4 :[(-4,-4), (19,12), (18,12), (17,12), (17,11), (17,10), (17,10), (16,10), (17,10), (17,9)]
Turtle 5 :[(-5,-5), (4,2), (3,2), (2,2), (1,2), (0,2), (0,1), (-5,-5), (-5,-5), (-5,-5)]

Shrinking Run 165
#Info# Executed steps before collision: 9, Found collision: false
Turtle 1 :[(-1,-1), (5,14), (4,14), (3,14), (2,14), (1,14), (0,14), (-1,-1), (-1,-1), (-1,-1)]
Turtle 2 :[(-2,-2), (18,10), (17,10), (17,10), (17,9), (17,9), (17,9), (16,9), (16,9), (16,8)]
Turtle 3 :[(-3,-3), (12,1), (11,1), (10,1), (9,1), (8,1), (7,1), (-3,-3), (-3,-3), (-3,-3)]
Turtle 4 :[(-4,-4), (19,12), (18,12), (17,12), (17,11), (17,12), (17,11), (17,10), (17,9), (-4,-4)]
Turtle 5 :[(-5,-5), (4,2), (3,2), (2,2), (1,2), (0,2), (0,1), (-5,-5), (-5,-5), (-5,-5)]

Shrinking Run 166
#Info# Executed steps before collision: 9, Found collision: false
Turtle 1 :[(-1,-1), (5,14), (4,14), (3,14), (2,14), (1,14), (0,14), (-1,-1), (-1,-1), (-1,-1)]
Turtle 2 :[(-2,-2), (18,10), (18,9), (18,9), (17,9), (17,9), (17,9), (16,9), (16,9), (16,8)]
Turtle 3 :[(-3,-3), (12,1), (11,1), (10,1), (9,1), (8,1), (7,1), (-3,-3), (-3,-3), (-3,-3)]
Turtle 4 :[(-4,-4), (19,12), (18,12), (17,12), (17,11), (17,12), (17,11), (17,10), (17,9), (-4,-4)]
Turtle 5 :[(-5,-5), (4,2), (3,2), (2,2), (1,2), (0,2), (0,1), (-5,-5), (-5,-5), (-5,-5)]

Shrinking Run 167
#Info# Executed steps before collision: 9, Found collision: false
Turtle 1 :[(-1,-1), (5,14), (4,14), (3,14), (2,14), (1,14), (0,14), (-1,-1), (-1,-1), (-1,-1)]
Turtle 2 :[(-2,-2), (18,10), (18,10), (17,10), (17,9), (17,9), (17,9), (16,9), (16,9), (16,8)]
Turtle 3 :[(-3,-3), (12,1), (11,1), (10,1), (9,1), (8,1), (7,1), (-3,-3), (-3,-3), (-3,-3)]
Turtle 4 :[(-4,-4), (19,12), (18,12), (17,12), (17,11), (17,12), (17,11), (17,10), (17,9), (-4,-4)]
Turtle 5 :[(-5,-5), (4,2), (3,2), (2,2), (1,2), (0,2), (0,1), (-5,-5), (-5,-5), (-5,-5)]

Shrinking Run 168
#Info# Executed steps before collision: 7, Found collision: true
Turtle 1 :[(-1,-1), (5,14), (4,14), (3,14), (2,14), (1,14), (0,14), (-1,-1), (-1,-1), (-1,-1)]
Turtle 2 :[(-2,-2), (18,10), (18,10), (18,9), (17,9), (17,9), (17,9), (16,9), (16,9), (16,8)]
Turtle 3 :[(-3,-3), (12,1), (11,1), (10,1), (9,1), (8,1), (7,1), (-3,-3), (-3,-3), (-3,-3)]
Turtle 4 :[(-4,-4), (19,12), (18,12), (17,12), (17,11), (17,10), (16,10), (16,9), (17,9), (-4,-4)]
Turtle 5 :[(-5,-5), (4,2), (3,2), (2,2), (1,2), (0,2), (0,1), (-5,-5), (-5,-5), (-5,-5)]

Shrinking Run 169
#Info# Executed steps before collision: 9, Found collision: false
Turtle 1 :[(-1,-1), (5,14), (4,14), (3,14), (2,14), (1,14), (0,14), (-1,-1), (-1,-1), (-1,-1)]
Turtle 2 :[(-2,-2), (18,10), (18,10), (18,9), (17,9), (16,9), (16,9), (16,9), (16,9), (16,8)]
Turtle 3 :[(-3,-3), (12,1), (11,1), (10,1), (9,1), (8,1), (7,1), (-3,-3), (-3,-3), (-3,-3)]
Turtle 4 :[(-4,-4), (19,12), (18,12), (17,12), (17,11), (17,12), (17,11), (17,10), (17,9), (-4,-4)]
Turtle 5 :[(-5,-5), (4,2), (3,2), (2,2), (1,2), (0,2), (0,1), (-5,-5), (-5,-5), (-5,-5)]

Shrinking Run 170
#Info# Executed steps before collision: 9, Found collision: false
Turtle 1 :[(-1,-1), (5,14), (4,14), (3,14), (2,14), (1,14), (0,14), (-1,-1), (-1,-1), (-1,-1)]
Turtle 2 :[(-2,-2), (18,10), (18,10), (18,9), (17,9), (17,9), (16,9), (16,9), (16,9), (16,8)]
Turtle 3 :[(-3,-3), (12,1), (11,1), (10,1), (9,1), (8,1), (7,1), (-3,-3), (-3,-3), (-3,-3)]
Turtle 4 :[(-4,-4), (19,12), (18,12), (17,12), (17,11), (17,10), (17,11), (17,10), (17,9), (-4,-4)]
Turtle 5 :[(-5,-5), (4,2), (3,2), (2,2), (1,2), (0,2), (0,1), (-5,-5), (-5,-5), (-5,-5)]

Shrinking Run 171
#Info# Executed steps before collision: 9, Found collision: false
Turtle 1 :[(-1,-1), (5,14), (4,14), (3,14), (2,14), (1,14), (0,14), (-1,-1), (-1,-1), (-1,-1)]
Turtle 2 :[(-2,-2), (18,10), (18,10), (18,9), (17,9), (17,9), (17,9), (16,9), (16,9), (16,8)]
Turtle 3 :[(-3,-3), (12,1), (11,1), (10,1), (9,1), (8,1), (7,1), (-3,-3), (-3,-3), (-3,-3)]
Turtle 4 :[(-4,-4), (19,12), (18,12), (17,12), (16,12), (15,12), (14,12), (-4,-4), (-4,-4), (-4,-4)]
Turtle 5 :[(-5,-5), (4,2), (3,2), (2,2), (1,2), (0,2), (0,1), (-5,-5), (-5,-5), (-5,-5)]

Shrinking Run 172
#Info# Executed steps before collision: 9, Found collision: false
Turtle 1 :[(-1,-1), (5,14), (4,14), (3,14), (2,14), (1,14), (0,14), (-1,-1), (-1,-1), (-1,-1)]
Turtle 2 :[(-2,-2), (18,10), (18,10), (18,9), (17,9), (17,9), (17,9), (16,9), (16,9), (16,8)]
Turtle 3 :[(-3,-3), (12,1), (11,1), (10,1), (9,1), (8,1), (7,1), (-3,-3), (-3,-3), (-3,-3)]
Turtle 4 :[(-4,-4), (19,12), (18,12), (18,12), (17,12), (17,12), (17,12), (16,12), (16,13), (-4,-4)]
Turtle 5 :[(-5,-5), (4,2), (3,2), (2,2), (1,2), (0,2), (0,1), (-5,-5), (-5,-5), (-5,-5)]

Shrinking Run 173
#Info# Executed steps before collision: 9, Found collision: false
Turtle 1 :[(-1,-1), (5,14), (4,14), (3,14), (2,14), (1,14), (0,14), (-1,-1), (-1,-1), (-1,-1)]
Turtle 2 :[(-2,-2), (18,10), (18,10), (18,9), (17,9), (17,9), (17,9), (16,9), (16,9), (16,8)]
Turtle 3 :[(-3,-3), (12,1), (11,1), (10,1), (9,1), (8,1), (7,1), (-3,-3), (-3,-3), (-3,-3)]
Turtle 4 :[(-4,-4), (19,12), (18,12), (18,11), (18,11), (18,11), (18,12), (18,12), (18,13), (-4,-4)]
Turtle 5 :[(-5,-5), (4,2), (3,2), (2,2), (1,2), (0,2), (0,1), (-5,-5), (-5,-5), (-5,-5)]

Shrinking Run 174
#Info# Executed steps before collision: 9, Found collision: false
Turtle 1 :[(-1,-1), (5,14), (4,14), (3,14), (2,14), (1,14), (0,14), (-1,-1), (-1,-1), (-1,-1)]
Turtle 2 :[(-2,-2), (18,10), (18,10), (18,9), (17,9), (17,9), (17,9), (16,9), (16,9), (16,8)]
Turtle 3 :[(-3,-3), (12,1), (11,1), (10,1), (9,1), (8,1), (7,1), (-3,-3), (-3,-3), (-3,-3)]
Turtle 4 :[(-4,-4), (19,12), (18,12), (17,12), (16,12), (15,12), (15,11), (-4,-4), (-4,-4), (-4,-4)]
Turtle 5 :[(-5,-5), (4,2), (3,2), (2,2), (1,2), (0,2), (0,1), (-5,-5), (-5,-5), (-5,-5)]

Shrink Run 175
#Info# Executed steps before collision: 9, Found collision: false
Turtle 1 :[(-1,-1), (5,14), (4,14), (3,14), (2,14), (1,14), (0,14), (-1,-1), (-1,-1), (-1,-1)]
Turtle 2 :[(-2,-2), (18,10), (18,10), (18,9), (17,9), (17,9), (17,9), (16,9), (16,9), (16,8)]
Turtle 3 :[(-3,-3), (12,1), (11,1), (10,1), (9,1), (8,1), (7,1), (-3,-3), (-3,-3), (-3,-3)]
Turtle 4 :[(-4,-4), (19,12), (18,12), (17,12), (16,12), (16,11), (16,10), (-4,-4), (-4,-4), (-4,-4)]
Turtle 5 :[(-5,-5), (4,2), (3,2), (2,2), (1,2), (0,2), (0,1), (-5,-5), (-5,-5), (-5,-5)]

