Shrinking Run 1
#Info# Executed steps before collision: 8, Found collision: false
Turtle 1 :[(-1,-1), (16,2), (16,1), (15,1), (14,1), (14,0), (13,0), (-1,-1), (-1,-1)]
Turtle 2 :[(-2,-2), (16,16), (16,17), (16,17), (16,16), (16,16), (16,16), (17,16), (18,16)]
Turtle 3 :[(-3,-3), (17,2), (16,2), (15,2), (15,2), (14,2), (13,2), (12,2), (-3,-3)]
Turtle 4 :[(-4,-4), (19,34), (19,34), (19,33), (19,32), (18,32), (17,32), (17,31), (-4,-4)]
Turtle 5 :[(-5,-5), (5,33), (5,32), (6,32), (7,32), (8,32), (8,31), (-5,-5), (-5,-5)]

Shrinking Run 2
#Info# Executed steps before collision: 8, Found collision: false
Turtle 1 :[(-1,-1), (16,2), (16,1), (16,0), (16,0), (16,1), (17,1), (-1,-1), (-1,-1)]
Turtle 2 :[(-2,-2), (16,16), (16,17), (16,17), (16,16), (16,16), (16,16), (17,16), (18,16)]
Turtle 3 :[(-3,-3), (17,2), (16,2), (15,2), (14,2), (13,2), (12,2), (-3,-3), (-3,-3)]
Turtle 4 :[(-4,-4), (19,34), (19,34), (19,33), (19,32), (18,32), (17,32), (17,31), (-4,-4)]
Turtle 5 :[(-5,-5), (5,33), (5,32), (6,32), (7,32), (8,32), (8,31), (-5,-5), (-5,-5)]

Shrinking Run 3
#Info# Executed steps before collision: 8, Found collision: false
Turtle 1 :[(-1,-1), (16,2), (17,2), (17,1), (17,0), (18,0), (-1,-1), (-1,-1), (-1,-1)]
Turtle 2 :[(-2,-2), (16,16), (16,17), (16,17), (16,16), (16,16), (16,16), (17,16), (18,16)]
Turtle 3 :[(-3,-3), (17,2), (16,2), (15,2), (14,2), (13,2), (12,2), (-3,-3), (-3,-3)]
Turtle 4 :[(-4,-4), (19,34), (19,34), (19,33), (19,32), (18,32), (17,32), (17,31), (-4,-4)]
Turtle 5 :[(-5,-5), (5,33), (5,32), (6,32), (7,32), (8,32), (8,31), (-5,-5), (-5,-5)]

Shrinking Run 4
#Info# Executed steps before collision: 2, Found collision: true
Turtle 1 :[(-1,-1), (16,2), (16,2), (16,1), (16,0), (16,0), (17,0), (18,0), (18,0), (19,0)]
Turtle 2 :[(-2,-2), (16,16), (16,17), (16,17), (16,16), (16,16), (16,16), (17,16), (18,16), (-2,-2)]
Turtle 3 :[(-3,-3), (17,2), (16,2), (15,2), (14,2), (13,2), (12,2), (-3,-3), (-3,-3), (-3,-3)]
Turtle 4 :[(-4,-4), (19,34), (19,34), (19,33), (19,32), (18,32), (17,32), (17,31), (-4,-4), (-4,-4)]
Turtle 5 :[(-5,-5), (5,33), (5,32), (6,32), (7,32), (8,32), (8,31), (-5,-5), (-5,-5), (-5,-5)]

Shrinking Run 5
#Info# Executed steps before collision: 2, Found collision: true
Turtle 1 :[(-1,-1), (16,2), (16,2), (17,2), (17,1), (17,1), (17,0), (18,0), (18,0), (19,0)]
Turtle 2 :[(-2,-2), (16,16), (16,17), (16,17), (16,16), (16,16), (16,16), (17,16), (18,16), (-2,-2)]
Turtle 3 :[(-3,-3), (17,2), (16,2), (15,2), (14,2), (13,2), (12,2), (-3,-3), (-3,-3), (-3,-3)]
Turtle 4 :[(-4,-4), (19,34), (19,34), (19,33), (19,32), (18,32), (17,32), (17,31), (-4,-4), (-4,-4)]
Turtle 5 :[(-5,-5), (5,33), (5,32), (6,32), (7,32), (8,32), (8,31), (-5,-5), (-5,-5), (-5,-5)]

Shrinking Run 6
#Info# Executed steps before collision: 2, Found collision: true
Turtle 1 :[(-1,-1), (16,2), (16,2), (17,2), (18,2), (18,2), (18,1), (19,1), (19,1), (19,0)]
Turtle 2 :[(-2,-2), (16,16), (16,17), (16,17), (16,16), (16,16), (16,16), (17,16), (18,16), (-2,-2)]
Turtle 3 :[(-3,-3), (17,2), (16,2), (15,2), (14,2), (13,2), (12,2), (-3,-3), (-3,-3), (-3,-3)]
Turtle 4 :[(-4,-4), (19,34), (19,34), (19,33), (19,32), (18,32), (17,32), (17,31), (-4,-4), (-4,-4)]
Turtle 5 :[(-5,-5), (5,33), (5,32), (6,32), (7,32), (8,32), (8,31), (-5,-5), (-5,-5), (-5,-5)]

Shrinking Run 7
#Info# Executed steps before collision: 8, Found collision: false
Turtle 1 :[(-1,-1), (16,2), (16,1), (17,1), (18,1), (19,1), (19,0), (-1,-1), (-1,-1)]
Turtle 2 :[(-2,-2), (16,16), (16,17), (16,17), (16,16), (16,16), (16,16), (17,16), (18,16)]
Turtle 3 :[(-3,-3), (17,2), (16,2), (15,2), (14,2), (13,2), (12,2), (-3,-3), (-3,-3)]
Turtle 4 :[(-4,-4), (19,34), (19,34), (19,33), (19,32), (18,32), (17,32), (17,31), (-4,-4)]
Turtle 5 :[(-5,-5), (5,33), (5,32), (6,32), (7,32), (8,32), (8,31), (-5,-5), (-5,-5)]

Shrinking Run 8
#Info# Executed steps before collision: 8, Found collision: false
Turtle 1 :[(-1,-1), (16,2), (17,2), (17,1), (18,1), (18,0), (19,0), (-1,-1), (-1,-1)]
Turtle 2 :[(-2,-2), (16,16), (16,17), (16,17), (16,16), (16,16), (16,16), (17,16), (18,16)]
Turtle 3 :[(-3,-3), (17,2), (16,2), (15,2), (14,2), (13,2), (12,2), (-3,-3), (-3,-3)]
Turtle 4 :[(-4,-4), (19,34), (19,34), (19,33), (19,32), (18,32), (17,32), (17,31), (-4,-4)]
Turtle 5 :[(-5,-5), (5,33), (5,32), (6,32), (7,32), (8,32), (8,31), (-5,-5), (-5,-5)]

Shrinking Run 9
#Info# Executed steps before collision: 8, Found collision: false
Turtle 1 :[(-1,-1), (16,2), (16,1), (17,1), (18,1), (18,0), (19,0), (-1,-1), (-1,-1)]
Turtle 2 :[(-2,-2), (16,16), (16,17), (16,17), (16,16), (16,16), (16,16), (17,16), (18,16)]
Turtle 3 :[(-3,-3), (17,2), (17,2), (16,2), (15,2), (14,2), (13,2), (12,2), (-3,-3)]
Turtle 4 :[(-4,-4), (19,34), (19,34), (19,33), (19,32), (18,32), (17,32), (17,31), (-4,-4)]
Turtle 5 :[(-5,-5), (5,33), (5,32), (6,32), (7,32), (8,32), (8,31), (-5,-5), (-5,-5)]

Shrinking Run 10
#Info# Executed steps before collision: 9, Found collision: false
Turtle 1 :[(-1,-1), (16,2), (17,2), (18,2), (18,1), (18,1), (18,1), (19,1), (19,1), (19,0)]
Turtle 2 :[(-2,-2), (16,16), (16,17), (16,17), (16,16), (16,16), (16,16), (17,16), (18,16), (-2,-2)]
Turtle 3 :[(-3,-3), (17,2), (16,2), (15,2), (14,2), (13,2), (12,2), (-3,-3), (-3,-3), (-3,-3)]
Turtle 4 :[(-4,-4), (19,34), (19,34), (19,33), (19,32), (18,32), (17,32), (17,31), (-4,-4), (-4,-4)]
Turtle 5 :[(-5,-5), (5,33), (5,32), (6,32), (7,32), (8,32), (8,31), (-5,-5), (-5,-5), (-5,-5)]

Shrinking Run 11
#Info# Executed steps before collision: 9, Found collision: false
Turtle 1 :[(-1,-1), (16,2), (16,1), (17,1), (18,1), (18,1), (18,1), (19,1), (19,1), (19,0)]
Turtle 2 :[(-2,-2), (16,16), (16,17), (16,17), (16,16), (16,16), (16,16), (17,16), (18,16), (-2,-2)]
Turtle 3 :[(-3,-3), (17,2), (16,2), (15,2), (14,2), (13,2), (12,2), (-3,-3), (-3,-3), (-3,-3)]
Turtle 4 :[(-4,-4), (19,34), (19,34), (19,33), (19,32), (18,32), (17,32), (17,31), (-4,-4), (-4,-4)]
Turtle 5 :[(-5,-5), (5,33), (5,32), (6,32), (7,32), (8,32), (8,31), (-5,-5), (-5,-5), (-5,-5)]

Shrinking Run 12
#Info# Executed steps before collision: 2, Found collision: true
Turtle 1 :[(-1,-1), (16,2), (16,2), (17,2), (18,2), (19,2), (19,2), (19,1), (19,1), (19,0)]
Turtle 2 :[(-2,-2), (16,16), (16,17), (16,17), (16,16), (16,16), (16,16), (17,16), (18,16), (-2,-2)]
Turtle 3 :[(-3,-3), (17,2), (16,2), (15,2), (14,2), (13,2), (12,2), (-3,-3), (-3,-3), (-3,-3)]
Turtle 4 :[(-4,-4), (19,34), (19,34), (19,33), (19,32), (18,32), (17,32), (17,31), (-4,-4), (-4,-4)]
Turtle 5 :[(-5,-5), (5,33), (5,32), (6,32), (7,32), (8,32), (8,31), (-5,-5), (-5,-5), (-5,-5)]

Shrinking Run 13
#Info# Executed steps before collision: 8, Found collision: false
Turtle 1 :[(-1,-1), (16,2), (17,2), (18,2), (18,1), (19,1), (19,0), (-1,-1), (-1,-1)]
Turtle 2 :[(-2,-2), (16,16), (16,17), (16,17), (16,16), (16,16), (16,16), (17,16), (18,16)]
Turtle 3 :[(-3,-3), (17,2), (16,2), (15,2), (14,2), (13,2), (12,2), (-3,-3), (-3,-3)]
Turtle 4 :[(-4,-4), (19,34), (19,34), (19,33), (19,32), (18,32), (17,32), (17,31), (-4,-4)]
Turtle 5 :[(-5,-5), (5,33), (5,32), (6,32), (7,32), (8,32), (8,31), (-5,-5), (-5,-5)]

Shrinking Run 14
#Info# Executed steps before collision: 8, Found collision: false
Turtle 1 :[(-1,-1), (16,2), (15,2), (15,1), (16,1), (17,1), (18,1), (19,1), (19,0)]
Turtle 2 :[(-2,-2), (16,16), (15,16), (14,16), (13,16), (12,16), (11,16), (-2,-2), (-2,-2)]
Turtle 3 :[(-3,-3), (17,2), (16,2), (16,3), (15,3), (14,3), (13,3), (13,2), (12,2)]
Turtle 4 :[(-4,-4), (19,34), (19,34), (19,33), (19,32), (18,32), (17,32), (17,31), (-4,-4)]
Turtle 5 :[(-5,-5), (5,33), (5,32), (6,32), (7,32), (8,32), (8,31), (-5,-5), (-5,-5)]

Shrinking Run 15
#Info# Executed steps before collision: 2, Found collision: true
Turtle 1 :[(-1,-1), (16,2), (16,2), (17,2), (18,2), (19,2), (19,2), (19,1), (19,1), (19,0)]
Turtle 2 :[(-2,-2), (16,16), (16,16), (16,16), (16,16), (15,16), (14,16), (13,16), (-2,-2), (-2,-2)]
Turtle 3 :[(-3,-3), (17,2), (16,2), (15,2), (14,2), (13,2), (12,2), (-3,-3), (-3,-3), (-3,-3)]
Turtle 4 :[(-4,-4), (19,34), (19,34), (19,33), (19,32), (18,32), (17,32), (17,31), (-4,-4), (-4,-4)]
Turtle 5 :[(-5,-5), (5,33), (5,32), (6,32), (7,32), (8,32), (8,31), (-5,-5), (-5,-5), (-5,-5)]

Shrinking Run 16
#Info# Executed steps before collision: 2, Found collision: true
Turtle 1 :[(-1,-1), (16,2), (16,2), (17,2), (17,1), (18,1), (18,0), (19,0), (-1,-1)]
Turtle 2 :[(-2,-2), (16,16), (16,16), (16,16), (16,16), (15,16), (14,16), (13,16), (12,16)]
Turtle 3 :[(-3,-3), (17,2), (16,2), (15,2), (14,2), (13,2), (12,2), (-3,-3), (-3,-3)]
Turtle 4 :[(-4,-4), (19,34), (19,34), (19,33), (19,32), (18,32), (17,32), (17,31), (-4,-4)]
Turtle 5 :[(-5,-5), (5,33), (5,32), (6,32), (7,32), (8,32), (8,31), (-5,-5), (-5,-5)]

Shrinking Run 17
#Info# Executed steps before collision: 2, Found collision: true
Turtle 1 :[(-1,-1), (16,2), (16,2), (17,2), (18,2), (19,2), (19,2), (19,1), (19,1), (19,0)]
Turtle 2 :[(-2,-2), (16,16), (15,16), (14,16), (13,16), (13,15), (12,15), (-2,-2), (-2,-2), (-2,-2)]
Turtle 3 :[(-3,-3), (17,2), (16,2), (15,2), (14,2), (13,2), (12,2), (-3,-3), (-3,-3), (-3,-3)]
Turtle 4 :[(-4,-4), (19,34), (19,34), (19,33), (19,32), (18,32), (17,32), (17,31), (-4,-4), (-4,-4)]
Turtle 5 :[(-5,-5), (5,33), (5,32), (6,32), (7,32), (8,32), (8,31), (-5,-5), (-5,-5), (-5,-5)]

Shrinking Run 18
#Info# Executed steps before collision: 2, Found collision: true
Turtle 1 :[(-1,-1), (16,2), (16,2), (17,2), (18,2), (19,2), (19,2), (19,1), (19,1), (19,0)]
Turtle 2 :[(-2,-2), (16,16), (15,16), (14,16), (14,15), (13,15), (12,15), (-2,-2), (-2,-2), (-2,-2)]
Turtle 3 :[(-3,-3), (17,2), (16,2), (15,2), (14,2), (13,2), (12,2), (-3,-3), (-3,-3), (-3,-3)]
Turtle 4 :[(-4,-4), (19,34), (19,34), (19,33), (19,32), (18,32), (17,32), (17,31), (-4,-4), (-4,-4)]
Turtle 5 :[(-5,-5), (5,33), (5,32), (6,32), (7,32), (8,32), (8,31), (-5,-5), (-5,-5), (-5,-5)]

Shrinking Run 19
#Info# Executed steps before collision: 2, Found collision: true
Turtle 1 :[(-1,-1), (16,2), (16,2), (17,2), (18,2), (19,2), (19,2), (19,1), (19,1), (19,0)]
Turtle 2 :[(-2,-2), (16,16), (15,16), (15,15), (14,15), (13,15), (12,15), (-2,-2), (-2,-2), (-2,-2)]
Turtle 3 :[(-3,-3), (17,2), (16,2), (15,2), (14,2), (13,2), (12,2), (-3,-3), (-3,-3), (-3,-3)]
Turtle 4 :[(-4,-4), (19,34), (19,34), (19,33), (19,32), (18,32), (17,32), (17,31), (-4,-4), (-4,-4)]
Turtle 5 :[(-5,-5), (5,33), (5,32), (6,32), (7,32), (8,32), (8,31), (-5,-5), (-5,-5), (-5,-5)]

Shrinking Run 20
#Info# Executed steps before collision: 2, Found collision: true
Turtle 1 :[(-1,-1), (16,2), (16,2), (17,2), (18,2), (19,2), (19,2), (19,1), (19,1), (19,0)]
Turtle 2 :[(-2,-2), (16,16), (15,16), (15,15), (14,15), (13,15), (12,15), (-2,-2), (-2,-2), (-2,-2)]
Turtle 3 :[(-3,-3), (17,2), (16,2), (15,2), (14,2), (13,2), (12,2), (-3,-3), (-3,-3), (-3,-3)]
Turtle 4 :[(-4,-4), (19,34), (19,34), (19,33), (19,32), (19,31), (18,31), (18,30), (-4,-4), (-4,-4)]
Turtle 5 :[(-5,-5), (5,33), (5,32), (6,32), (7,32), (8,32), (8,31), (-5,-5), (-5,-5), (-5,-5)]

Shrinking Run 21
#Info# Executed steps before collision: 2, Found collision: true
Turtle 1 :[(-1,-1), (16,2), (16,2), (17,2), (18,2), (19,2), (19,2), (19,1), (19,1), (19,0)]
Turtle 2 :[(-2,-2), (16,16), (15,16), (15,15), (14,15), (13,15), (12,15), (-2,-2), (-2,-2), (-2,-2)]
Turtle 3 :[(-3,-3), (17,2), (16,2), (15,2), (14,2), (13,2), (12,2), (-3,-3), (-3,-3), (-3,-3)]
Turtle 4 :[(-4,-4), (19,34), (19,34), (19,33), (18,33), (18,32), (17,32), (17,31), (-4,-4), (-4,-4)]
Turtle 5 :[(-5,-5), (5,33), (5,32), (6,32), (7,32), (8,32), (8,31), (-5,-5), (-5,-5), (-5,-5)]

Shrinking Run 22
#Info# Executed steps before collision: 2, Found collision: true
Turtle 1 :[(-1,-1), (16,2), (16,2), (17,2), (18,2), (19,2), (19,2), (19,1), (19,1), (19,0)]
Turtle 2 :[(-2,-2), (16,16), (15,16), (15,15), (14,15), (13,15), (12,15), (-2,-2), (-2,-2), (-2,-2)]
Turtle 3 :[(-3,-3), (17,2), (16,2), (15,2), (14,2), (13,2), (12,2), (-3,-3), (-3,-3), (-3,-3)]
Turtle 4 :[(-4,-4), (19,34), (19,34), (19,33), (18,33), (17,33), (16,33), (16,32), (-4,-4), (-4,-4)]
Turtle 5 :[(-5,-5), (5,33), (5,32), (6,32), (7,32), (8,32), (8,31), (-5,-5), (-5,-5), (-5,-5)]

Shrinking Run 23
#Info# Executed steps before collision: 2, Found collision: true
Turtle 1 :[(-1,-1), (16,2), (16,2), (16,2), (17,2), (18,2), (19,2), (19,2), (19,1), (19,1), (19,0)]
Turtle 2 :[(-2,-2), (16,16), (15,16), (15,15), (14,15), (13,15), (12,15), (-2,-2), (-2,-2), (-2,-2), (-2,-2)]
Turtle 3 :[(-3,-3), (17,2), (16,2), (15,2), (14,2), (13,2), (12,2), (-3,-3), (-3,-3), (-3,-3), (-3,-3)]
Turtle 4 :[(-4,-4), (19,34), (19,34), (18,34), (17,34), (16,34), (15,34), (15,33), (-4,-4), (-4,-4), (-4,-4)]
Turtle 5 :[(-5,-5), (5,33), (5,32), (6,32), (7,32), (8,32), (8,31), (-5,-5), (-5,-5), (-5,-5), (-5,-5)]

Shrinking Run 24
#Info# Executed steps before collision: 2, Found collision: true
Turtle 1 :[(-1,-1), (16,2), (16,2), (16,3), (17,3), (17,2), (17,1), (18,1), (19,1), (19,0)]
Turtle 2 :[(-2,-2), (16,16), (15,16), (15,15), (14,15), (13,15), (12,15), (-2,-2), (-2,-2), (-2,-2)]
Turtle 3 :[(-3,-3), (17,2), (16,2), (15,2), (14,2), (13,2), (12,2), (-3,-3), (-3,-3), (-3,-3)]
Turtle 4 :[(-4,-4), (19,34), (19,34), (18,34), (17,34), (16,34), (15,34), (14,34), (-4,-4), (-4,-4)]
Turtle 5 :[(-5,-5), (5,33), (5,32), (6,32), (7,32), (8,32), (8,31), (-5,-5), (-5,-5), (-5,-5)]

Shrinking Run 25
#Info# Executed steps before collision: 2, Found collision: true
Turtle 1 :[(-1,-1), (16,2), (16,2), (17,2), (18,2), (19,2), (19,2), (19,1), (19,1), (19,0)]
Turtle 2 :[(-2,-2), (16,16), (15,16), (15,15), (14,15), (13,15), (12,15), (-2,-2), (-2,-2), (-2,-2)]
Turtle 3 :[(-3,-3), (17,2), (16,2), (15,2), (14,2), (13,2), (12,2), (-3,-3), (-3,-3), (-3,-3)]
Turtle 4 :[(-4,-4), (19,34), (18,34), (17,34), (16,34), (15,34), (14,34), (-4,-4), (-4,-4), (-4,-4)]
Turtle 5 :[(-5,-5), (5,33), (5,32), (6,32), (7,32), (8,32), (8,31), (-5,-5), (-5,-5), (-5,-5)]

Shrinking Run 26
#Info# Executed steps before collision: 2, Found collision: true
Turtle 1 :[(-1,-1), (16,2), (16,2), (17,2), (18,2), (19,2), (19,2), (19,1), (19,1), (19,0)]
Turtle 2 :[(-2,-2), (16,16), (15,16), (15,15), (14,15), (13,15), (12,15), (-2,-2), (-2,-2), (-2,-2)]
Turtle 3 :[(-3,-3), (17,2), (16,2), (15,2), (14,2), (13,2), (12,2), (-3,-3), (-3,-3), (-3,-3)]
Turtle 4 :[(-4,-4), (19,34), (18,34), (17,34), (16,34), (15,34), (14,34), (-4,-4), (-4,-4), (-4,-4)]
Turtle 5 :[(-5,-5), (5,33), (5,32), (4,32), (3,32), (2,32), (2,31), (-5,-5), (-5,-5), (-5,-5)]

Shrinking Run 27
#Info# Executed steps before collision: 2, Found collision: true
Turtle 1 :[(-1,-1), (16,2), (16,2), (17,2), (18,2), (19,2), (19,2), (19,1), (19,1), (19,0)]
Turtle 2 :[(-2,-2), (16,16), (15,16), (15,15), (14,15), (13,15), (12,15), (-2,-2), (-2,-2), (-2,-2)]
Turtle 3 :[(-3,-3), (17,2), (16,2), (15,2), (14,2), (13,2), (12,2), (-3,-3), (-3,-3), (-3,-3)]
Turtle 4 :[(-4,-4), (19,34), (18,34), (17,34), (16,34), (15,34), (14,34), (-4,-4), (-4,-4), (-4,-4)]
Turtle 5 :[(-5,-5), (5,33), (5,32), (5,31), (4,31), (3,31), (3,30), (-5,-5), (-5,-5), (-5,-5)]

Shrinking Run 28
#Info# Executed steps before collision: 2, Found collision: true
Turtle 1 :[(-1,-1), (16,2), (16,2), (17,2), (18,2), (19,2), (19,2), (19,1), (19,1), (19,0)]
Turtle 2 :[(-2,-2), (16,16), (15,16), (15,15), (14,15), (13,15), (12,15), (-2,-2), (-2,-2), (-2,-2)]
Turtle 3 :[(-3,-3), (17,2), (16,2), (15,2), (14,2), (13,2), (12,2), (-3,-3), (-3,-3), (-3,-3)]
Turtle 4 :[(-4,-4), (19,34), (18,34), (17,34), (16,34), (15,34), (14,34), (-4,-4), (-4,-4), (-4,-4)]
Turtle 5 :[(-5,-5), (5,33), (5,32), (4,32), (4,31), (3,31), (3,30), (-5,-5), (-5,-5), (-5,-5)]

Shrinking Run 29
#Info# Executed steps before collision: 2, Found collision: true
Turtle 1 :[(-1,-1), (16,2), (16,2), (17,2), (18,2), (19,2), (19,2), (19,1), (19,1), (19,0)]
Turtle 2 :[(-2,-2), (16,16), (15,16), (15,15), (14,15), (13,15), (12,15), (-2,-2), (-2,-2), (-2,-2)]
Turtle 3 :[(-3,-3), (17,2), (16,2), (15,2), (14,2), (13,2), (12,2), (-3,-3), (-3,-3), (-3,-3)]
Turtle 4 :[(-4,-4), (19,34), (18,34), (17,34), (16,34), (15,34), (14,34), (-4,-4), (-4,-4), (-4,-4)]
Turtle 5 :[(-5,-5), (5,33), (4,33), (3,33), (3,32), (3,31), (3,30), (-5,-5), (-5,-5), (-5,-5)]

Shrinking Run 30
#Info# Executed steps before collision: 2, Found collision: true
Turtle 1 :[(-1,-1), (16,2), (16,2), (17,2), (18,2), (19,2), (19,2), (19,1), (19,1), (19,0)]
Turtle 2 :[(-2,-2), (16,16), (15,16), (15,15), (14,15), (13,15), (12,15), (-2,-2), (-2,-2), (-2,-2)]
Turtle 3 :[(-3,-3), (17,2), (16,2), (15,2), (14,2), (13,2), (12,2), (-3,-3), (-3,-3), (-3,-3)]
Turtle 4 :[(-4,-4), (19,34), (18,34), (17,34), (16,34), (15,34), (14,34), (-4,-4), (-4,-4), (-4,-4)]
Turtle 5 :[(-5,-5), (5,33), (4,33), (3,33), (3,32), (2,32), (2,31), (-5,-5), (-5,-5), (-5,-5)]

Shrinking Run 31
#Info# Executed steps before collision: 2, Found collision: true
Turtle 1 :[(-1,-1), (16,2), (16,2), (17,2), (18,2), (19,2), (19,2), (19,1), (19,1), (19,0)]
Turtle 2 :[(-2,-2), (16,16), (15,16), (15,15), (14,15), (13,15), (12,15), (-2,-2), (-2,-2), (-2,-2)]
Turtle 3 :[(-3,-3), (17,2), (16,2), (15,2), (14,2), (13,2), (12,2), (-3,-3), (-3,-3), (-3,-3)]
Turtle 4 :[(-4,-4), (19,34), (18,34), (17,34), (16,34), (15,34), (14,34), (-4,-4), (-4,-4), (-4,-4)]
Turtle 5 :[(-5,-5), (5,33), (4,33), (3,33), (2,33), (1,33), (1,32), (-5,-5), (-5,-5), (-5,-5)]

Shrinking Run 32
#Info# Executed steps before collision: 2, Found collision: true
Turtle 1 :[(-1,-1), (16,2), (16,2), (17,2), (18,2), (19,2), (19,2), (19,1), (19,1), (19,0)]
Turtle 2 :[(-2,-2), (16,16), (15,16), (15,15), (14,15), (13,15), (12,15), (-2,-2), (-2,-2), (-2,-2)]
Turtle 3 :[(-3,-3), (17,2), (16,2), (15,2), (14,2), (13,2), (12,2), (-3,-3), (-3,-3), (-3,-3)]
Turtle 4 :[(-4,-4), (19,34), (18,34), (17,34), (16,34), (15,34), (14,34), (-4,-4), (-4,-4), (-4,-4)]
Turtle 5 :[(-5,-5), (5,33), (4,33), (3,33), (2,33), (1,33), (0,33), (-5,-5), (-5,-5), (-5,-5)]

Shrinking Run 33
#Info# Executed steps before collision: 2, Found collision: true
Turtle 1 :[(-1,-1), (16,2), (16,2), (15,2), (15,1), (15,1), (14,1), (14,0), (14,0), (13,0)]
Turtle 2 :[(-2,-2), (16,16), (15,16), (15,15), (14,15), (13,15), (12,15), (-2,-2), (-2,-2), (-2,-2)]
Turtle 3 :[(-3,-3), (17,2), (16,2), (16,2), (15,2), (14,2), (13,2), (12,2), (-3,-3), (-3,-3)]
Turtle 4 :[(-4,-4), (19,34), (18,34), (17,34), (16,34), (15,34), (14,34), (-4,-4), (-4,-4), (-4,-4)]
Turtle 5 :[(-5,-5), (5,33), (4,33), (3,33), (2,33), (1,33), (0,33), (-5,-5), (-5,-5), (-5,-5)]

Shrinking Run 34
#Info# Executed steps before collision: 2, Found collision: true
Turtle 1 :[(-1,-1), (16,2), (16,2), (16,1), (16,0), (16,0), (15,0), (14,0), (14,0), (13,0)]
Turtle 2 :[(-2,-2), (16,16), (15,16), (15,15), (14,15), (13,15), (12,15), (-2,-2), (-2,-2), (-2,-2)]
Turtle 3 :[(-3,-3), (17,2), (16,2), (15,2), (14,2), (13,2), (12,2), (-3,-3), (-3,-3), (-3,-3)]
Turtle 4 :[(-4,-4), (19,34), (18,34), (17,34), (16,34), (15,34), (14,34), (-4,-4), (-4,-4), (-4,-4)]
Turtle 5 :[(-5,-5), (5,33), (4,33), (3,33), (2,33), (1,33), (0,33), (-5,-5), (-5,-5), (-5,-5)]

Shrinking Run 35
#Info# Executed steps before collision: 2, Found collision: true
Turtle 1 :[(-1,-1), (16,2), (16,2), (15,2), (15,1), (15,1), (15,0), (14,0), (14,0), (13,0)]
Turtle 2 :[(-2,-2), (16,16), (15,16), (15,15), (14,15), (13,15), (12,15), (-2,-2), (-2,-2), (-2,-2)]
Turtle 3 :[(-3,-3), (17,2), (16,2), (17,2), (16,2), (15,2), (14,2), (13,2), (12,2), (-3,-3)]
Turtle 4 :[(-4,-4), (19,34), (18,34), (17,34), (16,34), (15,34), (14,34), (-4,-4), (-4,-4), (-4,-4)]
Turtle 5 :[(-5,-5), (5,33), (4,33), (3,33), (2,33), (1,33), (0,33), (-5,-5), (-5,-5), (-5,-5)]

Shrinking Run 36
#Info# Executed steps before collision: 2, Found collision: true
Turtle 1 :[(-1,-1), (16,2), (16,2), (17,2), (16,2), (16,1), (15,1), (14,1), (13,1), (12,1)]
Turtle 2 :[(-2,-2), (16,16), (15,16), (15,15), (14,15), (13,15), (12,15), (-2,-2), (-2,-2), (-2,-2)]
Turtle 3 :[(-3,-3), (17,2), (16,2), (15,2), (14,2), (13,2), (12,2), (-3,-3), (-3,-3), (-3,-3)]
Turtle 4 :[(-4,-4), (19,34), (18,34), (17,34), (16,34), (15,34), (14,34), (-4,-4), (-4,-4), (-4,-4)]
Turtle 5 :[(-5,-5), (5,33), (4,33), (3,33), (2,33), (1,33), (0,33), (-5,-5), (-5,-5), (-5,-5)]

Shrinking Run 37
#Info# Executed steps before collision: 2, Found collision: true
Turtle 1 :[(-1,-1), (16,2), (16,2), (15,2), (14,2), (14,2), (13,2), (12,2), (12,2), (12,1), (-1,-1)]
Turtle 2 :[(-2,-2), (16,16), (15,16), (15,15), (14,15), (13,15), (12,15), (-2,-2), (-2,-2), (-2,-2), (-2,-2)]
Turtle 3 :[(-3,-3), (17,2), (16,2), (16,1), (16,2), (15,2), (14,2), (13,2), (14,2), (13,2), (12,2)]
Turtle 4 :[(-4,-4), (19,34), (18,34), (17,34), (16,34), (15,34), (14,34), (-4,-4), (-4,-4), (-4,-4), (-4,-4)]
Turtle 5 :[(-5,-5), (5,33), (4,33), (3,33), (2,33), (1,33), (0,33), (-5,-5), (-5,-5), (-5,-5), (-5,-5)]

Shrinking Run 38
#Info# Executed steps before collision: 2, Found collision: true
Turtle 1 :[(-1,-1), (16,2), (16,2), (16,2), (15,2), (15,2), (14,2), (13,2), (12,2), (11,2)]
Turtle 2 :[(-2,-2), (16,16), (15,16), (15,15), (14,15), (13,15), (12,15), (-2,-2), (-2,-2), (-2,-2)]
Turtle 3 :[(-3,-3), (17,2), (16,2), (15,2), (14,2), (13,2), (12,2), (-3,-3), (-3,-3), (-3,-3)]
Turtle 4 :[(-4,-4), (19,34), (18,34), (17,34), (16,34), (15,34), (14,34), (-4,-4), (-4,-4), (-4,-4)]
Turtle 5 :[(-5,-5), (5,33), (4,33), (3,33), (2,33), (1,33), (0,33), (-5,-5), (-5,-5), (-5,-5)]

Shrinking Run 39
#Info# Executed steps before collision: 8, Found collision: false
Turtle 1 :[(-1,-1), (16,2), (15,2), (14,2), (13,2), (12,2), (11,2), (-1,-1), (-1,-1)]
Turtle 2 :[(-2,-2), (16,16), (15,16), (15,15), (14,15), (13,15), (12,15), (-2,-2), (-2,-2)]
Turtle 3 :[(-3,-3), (17,2), (16,2), (16,1), (16,2), (15,2), (14,2), (13,2), (12,2)]
Turtle 4 :[(-4,-4), (19,34), (18,34), (17,34), (16,34), (15,34), (14,34), (-4,-4), (-4,-4)]
Turtle 5 :[(-5,-5), (5,33), (4,33), (3,33), (2,33), (1,33), (0,33), (-5,-5), (-5,-5)]

Shrinking Run 40
#Info# Executed steps before collision: 10, Found collision: false
Turtle 1 :[(-1,-1), (16,2), (16,1), (15,1), (15,0), (15,1), (14,1), (14,2), (13,2), (12,2), (11,2)]
Turtle 2 :[(-2,-2), (16,16), (15,16), (15,15), (14,15), (13,15), (12,15), (-2,-2), (-2,-2), (-2,-2), (-2,-2)]
Turtle 3 :[(-3,-3), (17,2), (16,2), (15,2), (14,2), (13,2), (12,2), (-3,-3), (-3,-3), (-3,-3), (-3,-3)]
Turtle 4 :[(-4,-4), (19,34), (18,34), (17,34), (16,34), (15,34), (14,34), (-4,-4), (-4,-4), (-4,-4), (-4,-4)]
Turtle 5 :[(-5,-5), (5,33), (4,33), (3,33), (2,33), (1,33), (0,33), (-5,-5), (-5,-5), (-5,-5), (-5,-5)]

Shrinking Run 41
#Info# Executed steps before collision: 2, Found collision: true
Turtle 1 :[(-1,-1), (16,2), (16,2), (15,2), (14,2), (14,2), (13,2), (12,2), (11,2), (-1,-1), (-1,-1)]
Turtle 2 :[(-2,-2), (16,16), (15,16), (15,15), (14,15), (13,15), (12,15), (-2,-2), (-2,-2), (-2,-2), (-2,-2)]
Turtle 3 :[(-3,-3), (17,2), (16,2), (16,3), (15,3), (14,3), (14,2), (13,2), (13,3), (12,3), (12,2)]
Turtle 4 :[(-4,-4), (19,34), (18,34), (17,34), (16,34), (15,34), (14,34), (-4,-4), (-4,-4), (-4,-4), (-4,-4)]
Turtle 5 :[(-5,-5), (5,33), (4,33), (3,33), (2,33), (1,33), (0,33), (-5,-5), (-5,-5), (-5,-5), (-5,-5)]

Shrinking Run 42
#Info# Executed steps before collision: 10, Found collision: false
Turtle 1 :[(-1,-1), (16,2), (15,2), (14,2), (13,2), (13,2), (13,2), (12,2), (11,2), (-1,-1), (-1,-1)]
Turtle 2 :[(-2,-2), (16,16), (15,16), (15,15), (14,15), (13,15), (12,15), (-2,-2), (-2,-2), (-2,-2), (-2,-2)]
Turtle 3 :[(-3,-3), (17,2), (16,2), (16,1), (15,1), (15,2), (14,2), (14,1), (13,1), (13,2), (12,2)]
Turtle 4 :[(-4,-4), (19,34), (18,34), (17,34), (16,34), (15,34), (14,34), (-4,-4), (-4,-4), (-4,-4), (-4,-4)]
Turtle 5 :[(-5,-5), (5,33), (4,33), (3,33), (2,33), (1,33), (0,33), (-5,-5), (-5,-5), (-5,-5), (-5,-5)]

Shrinking Run 43
#Info# Executed steps before collision: 2, Found collision: true
Turtle 1 :[(-1,-1), (16,2), (16,2), (15,2), (14,2), (13,2), (13,2), (12,2), (11,2)]
Turtle 2 :[(-2,-2), (16,16), (15,16), (15,15), (14,15), (13,15), (12,15), (-2,-2), (-2,-2)]
Turtle 3 :[(-3,-3), (17,2), (16,2), (16,2), (15,2), (15,2), (14,2), (13,2), (12,2)]
Turtle 4 :[(-4,-4), (19,34), (18,34), (17,34), (16,34), (15,34), (14,34), (-4,-4), (-4,-4)]
Turtle 5 :[(-5,-5), (5,33), (4,33), (3,33), (2,33), (1,33), (0,33), (-5,-5), (-5,-5)]

Shrinking Run 44
#Info# Executed steps before collision: 2, Found collision: true
Turtle 1 :[(-1,-1), (16,2), (16,2), (15,2), (14,2), (13,2), (12,2), (12,2), (11,2), (-1,-1)]
Turtle 2 :[(-2,-2), (16,16), (15,16), (15,15), (14,15), (13,15), (12,15), (-2,-2), (-2,-2), (-2,-2)]
Turtle 3 :[(-3,-3), (17,2), (16,2), (16,2), (15,2), (16,2), (15,2), (14,2), (13,2), (12,2)]
Turtle 4 :[(-4,-4), (19,34), (18,34), (17,34), (16,34), (15,34), (14,34), (-4,-4), (-4,-4), (-4,-4)]
Turtle 5 :[(-5,-5), (5,33), (4,33), (3,33), (2,33), (1,33), (0,33), (-5,-5), (-5,-5), (-5,-5)]

Shrinking Run 45
#Info# Executed steps before collision: 2, Found collision: true
Turtle 1 :[(-1,-1), (16,2), (16,2), (15,2), (14,2), (13,2), (12,2), (12,2), (11,2), (-1,-1), (-1,-1)]
Turtle 2 :[(-2,-2), (16,16), (15,16), (14,16), (13,16), (12,16), (11,16), (-2,-2), (-2,-2), (-2,-2), (-2,-2)]
Turtle 3 :[(-3,-3), (17,2), (16,2), (17,2), (16,2), (15,2), (14,2), (13,2), (14,2), (13,2), (12,2)]
Turtle 4 :[(-4,-4), (19,34), (18,34), (17,34), (16,34), (15,34), (14,34), (-4,-4), (-4,-4), (-4,-4), (-4,-4)]
Turtle 5 :[(-5,-5), (5,33), (4,33), (3,33), (2,33), (1,33), (0,33), (-5,-5), (-5,-5), (-5,-5), (-5,-5)]

Shrinking Run 46
#Info# Executed steps before collision: 2, Found collision: true
Turtle 1 :[(-1,-1), (16,2), (16,2), (15,2), (14,2), (13,2), (12,2), (12,2), (11,2), (-1,-1)]
Turtle 2 :[(-2,-2), (16,16), (15,16), (14,16), (13,16), (13,15), (12,15), (-2,-2), (-2,-2), (-2,-2)]
Turtle 3 :[(-3,-3), (17,2), (16,2), (15,2), (14,2), (13,2), (14,2), (13,2), (13,2), (12,2)]
Turtle 4 :[(-4,-4), (19,34), (18,34), (17,34), (16,34), (15,34), (14,34), (-4,-4), (-4,-4), (-4,-4)]
Turtle 5 :[(-5,-5), (5,33), (4,33), (3,33), (2,33), (1,33), (0,33), (-5,-5), (-5,-5), (-5,-5)]

Shrinking Run 47
#Info# Executed steps before collision: 2, Found collision: true
Turtle 1 :[(-1,-1), (16,2), (16,2), (16,2), (16,1), (15,1), (14,1), (14,2), (13,2), (12,2), (11,2)]
Turtle 2 :[(-2,-2), (16,16), (15,16), (14,16), (14,15), (13,15), (12,15), (-2,-2), (-2,-2), (-2,-2), (-2,-2)]
Turtle 3 :[(-3,-3), (17,2), (16,2), (15,2), (14,2), (13,2), (12,2), (-3,-3), (-3,-3), (-3,-3), (-3,-3)]
Turtle 4 :[(-4,-4), (19,34), (18,34), (17,34), (16,34), (15,34), (14,34), (-4,-4), (-4,-4), (-4,-4), (-4,-4)]
Turtle 5 :[(-5,-5), (5,33), (4,33), (3,33), (2,33), (1,33), (0,33), (-5,-5), (-5,-5), (-5,-5), (-5,-5)]

Shrinking Run 48
#Info# Executed steps before collision: 8, Found collision: false
Turtle 1 :[(-1,-1), (16,2), (15,2), (14,2), (13,2), (12,2), (11,2), (-1,-1), (-1,-1)]
Turtle 2 :[(-2,-2), (16,16), (15,16), (14,16), (13,16), (12,16), (11,16), (-2,-2), (-2,-2)]
Turtle 3 :[(-3,-3), (17,2), (16,2), (16,1), (15,1), (15,2), (14,2), (13,2), (12,2)]
Turtle 4 :[(-4,-4), (19,34), (18,34), (17,34), (16,34), (15,34), (14,34), (-4,-4), (-4,-4)]
Turtle 5 :[(-5,-5), (5,33), (4,33), (3,33), (2,33), (1,33), (0,33), (-5,-5), (-5,-5)]

Shrinking Run 49
#Info# Executed steps before collision: 2, Found collision: true
Turtle 1 :[(-1,-1), (16,2), (16,2), (15,2), (14,2), (13,2), (12,2), (11,2), (-1,-1), (-1,-1), (-1,-1)]
Turtle 2 :[(-2,-2), (16,16), (15,16), (14,16), (13,16), (12,16), (11,16), (-2,-2), (-2,-2), (-2,-2), (-2,-2)]
Turtle 3 :[(-3,-3), (17,2), (16,2), (17,2), (17,1), (16,1), (16,2), (15,2), (14,2), (13,2), (12,2)]
Turtle 4 :[(-4,-4), (19,34), (18,34), (17,34), (16,34), (15,34), (14,34), (-4,-4), (-4,-4), (-4,-4), (-4,-4)]
Turtle 5 :[(-5,-5), (5,33), (4,33), (3,33), (2,33), (1,33), (0,33), (-5,-5), (-5,-5), (-5,-5), (-5,-5)]

Shrink Run 50
#Info# Executed steps before collision: 10, Found collision: false
Turtle 1 :[(-1,-1), (16,2), (15,2), (14,2), (13,2), (13,2), (12,2), (11,2), (-1,-1), (-1,-1), (-1,-1)]
Turtle 2 :[(-2,-2), (16,16), (15,16), (14,16), (13,16), (12,16), (11,16), (-2,-2), (-2,-2), (-2,-2), (-2,-2)]
Turtle 3 :[(-3,-3), (17,2), (16,2), (16,3), (15,3), (15,2), (15,1), (14,1), (14,2), (13,2), (12,2)]
Turtle 4 :[(-4,-4), (19,34), (18,34), (17,34), (16,34), (15,34), (14,34), (-4,-4), (-4,-4), (-4,-4), (-4,-4)]
Turtle 5 :[(-5,-5), (5,33), (4,33), (3,33), (2,33), (1,33), (0,33), (-5,-5), (-5,-5), (-5,-5), (-5,-5)]

