Shrinking Run 1
#Info# Executed steps before collision: 11, Found collision: false
Turtle 1 :[(-1,-1), (1,11), (1,10), (0,10), (0,11), (0,10), (0,9), (-1,-1), (-1,-1), (-1,-1), (-1,-1), (-1,-1)]
Turtle 2 :[(-2,-2), (8,17), (8,17), (9,17), (9,17), (9,17), (10,17), (10,17), (10,18), (-2,-2), (-2,-2), (-2,-2)]
Turtle 3 :[(-3,-3), (2,9), (2,9), (2,9), (1,9), (1,8), (-3,-3), (-3,-3), (-3,-3), (-3,-3), (-3,-3), (-3,-3)]
Turtle 4 :[(-4,-4), (1,9), (1,9), (0,9), (0,9), (0,8), (0,8), (1,8), (2,8), (3,8), (4,8), (5,8)]
Turtle 5 :[(-5,-5), (10,7), (9,7), (9,6), (9,6), (9,6), (10,6), (10,5), (-5,-5), (-5,-5), (-5,-5), (-5,-5)]

Shrinking Run 2
#Info# Executed steps before collision: 15, Found collision: false
Turtle 1 :[(-1,-1), (1,11), (1,10), (2,10), (1,10), (2,10), (2,9), (-1,-1), (-1,-1), (-1,-1), (-1,-1), (-1,-1), (-1,-1), (-1,-1), (-1,-1), (-1,-1)]
Turtle 2 :[(-2,-2), (8,17), (8,17), (9,17), (9,17), (9,17), (10,17), (10,17), (10,18), (-2,-2), (-2,-2), (-2,-2), (-2,-2), (-2,-2), (-2,-2), (-2,-2)]
Turtle 3 :[(-3,-3), (2,9), (2,9), (2,9), (2,9), (3,9), (3,8), (2,8), (1,8), (-3,-3), (-3,-3), (-3,-3), (-3,-3), (-3,-3), (-3,-3), (-3,-3)]
Turtle 4 :[(-4,-4), (1,9), (1,9), (1,9), (1,9), (0,9), (1,9), (0,9), (0,8), (0,7), (0,8), (1,8), (2,8), (3,8), (4,8), (5,8)]
Turtle 5 :[(-5,-5), (10,7), (9,7), (9,6), (9,6), (9,6), (10,6), (10,5), (-5,-5), (-5,-5), (-5,-5), (-5,-5), (-5,-5), (-5,-5), (-5,-5), (-5,-5)]

Shrinking Run 3
#Info# Executed steps before collision: 9, Found collision: false
Turtle 1 :[(-1,-1), (1,11), (2,11), (2,10), (1,10), (2,10), (2,9), (3,9), (-1,-1), (-1,-1)]
Turtle 2 :[(-2,-2), (8,17), (8,17), (9,17), (9,17), (9,17), (10,17), (10,17), (10,18), (-2,-2)]
Turtle 3 :[(-3,-3), (2,9), (2,9), (2,9), (2,9), (1,9), (1,8), (-3,-3), (-3,-3), (-3,-3)]
Turtle 4 :[(-4,-4), (1,9), (1,9), (1,9), (1,9), (1,8), (2,8), (3,8), (4,8), (5,8)]
Turtle 5 :[(-5,-5), (10,7), (9,7), (9,6), (9,6), (9,6), (10,6), (10,5), (-5,-5), (-5,-5)]

Shrinking Run 4
#Info# Executed steps before collision: 8, Found collision: false
Turtle 1 :[(-1,-1), (1,11), (2,11), (2,10), (2,11), (2,10), (2,9), (2,8), (2,7)]
Turtle 2 :[(-2,-2), (8,17), (8,17), (9,17), (9,17), (9,17), (10,17), (10,17), (10,18)]
Turtle 3 :[(-3,-3), (2,9), (2,9), (2,9), (1,9), (1,10), (1,9), (1,8), (-3,-3)]
Turtle 4 :[(-4,-4), (1,9), (1,9), (1,9), (1,8), (2,8), (3,8), (4,8), (5,8)]
Turtle 5 :[(-5,-5), (10,7), (9,7), (9,6), (9,6), (9,6), (10,6), (10,5), (-5,-5)]

Shrinking Run 5
#Info# Executed steps before collision: 11, Found collision: false
Turtle 1 :[(-1,-1), (1,11), (2,11), (2,10), (2,10), (2,9), (2,8), (2,7), (3,7), (3,8), (-1,-1), (-1,-1)]
Turtle 2 :[(-2,-2), (8,17), (8,17), (9,17), (9,17), (9,17), (10,17), (10,17), (10,18), (-2,-2), (-2,-2), (-2,-2)]
Turtle 3 :[(-3,-3), (2,9), (2,9), (2,9), (3,9), (3,8), (3,8), (2,8), (1,8), (-3,-3), (-3,-3), (-3,-3)]
Turtle 4 :[(-4,-4), (1,9), (1,9), (1,9), (1,9), (1,10), (2,10), (3,10), (4,10), (4,9), (5,9), (5,8)]
Turtle 5 :[(-5,-5), (10,7), (9,7), (9,6), (9,6), (9,6), (10,6), (10,5), (-5,-5), (-5,-5), (-5,-5), (-5,-5)]

Shrinking Run 6
#Info# Executed steps before collision: 11, Found collision: false
Turtle 1 :[(-1,-1), (1,11), (2,11), (3,11), (4,11), (4,10), (4,9), (-1,-1), (-1,-1), (-1,-1), (-1,-1), (-1,-1)]
Turtle 2 :[(-2,-2), (8,17), (8,17), (9,17), (9,17), (9,17), (10,17), (10,17), (10,18), (-2,-2), (-2,-2), (-2,-2)]
Turtle 3 :[(-3,-3), (2,9), (2,9), (2,9), (1,9), (1,8), (-3,-3), (-3,-3), (-3,-3), (-3,-3), (-3,-3), (-3,-3)]
Turtle 4 :[(-4,-4), (1,9), (1,9), (1,10), (1,10), (1,10), (1,9), (1,8), (2,8), (3,8), (4,8), (5,8)]
Turtle 5 :[(-5,-5), (10,7), (9,7), (9,6), (9,6), (9,6), (10,6), (10,5), (-5,-5), (-5,-5), (-5,-5), (-5,-5)]

Shrinking Run 7
#Info# Executed steps before collision: 11, Found collision: false
Turtle 1 :[(-1,-1), (1,11), (2,11), (2,10), (3,10), (4,10), (4,9), (-1,-1), (-1,-1), (-1,-1), (-1,-1), (-1,-1)]
Turtle 2 :[(-2,-2), (8,17), (8,17), (9,17), (9,17), (9,17), (10,17), (10,17), (10,18), (-2,-2), (-2,-2), (-2,-2)]
Turtle 3 :[(-3,-3), (2,9), (2,9), (2,9), (2,10), (1,10), (1,9), (1,8), (-3,-3), (-3,-3), (-3,-3), (-3,-3)]
Turtle 4 :[(-4,-4), (1,9), (1,9), (1,9), (1,9), (2,9), (3,9), (3,9), (4,9), (4,9), (4,8), (5,8)]
Turtle 5 :[(-5,-5), (10,7), (9,7), (9,6), (9,6), (9,6), (10,6), (10,5), (-5,-5), (-5,-5), (-5,-5), (-5,-5)]

Shrinking Run 8
#Info# Executed steps before collision: 8, Found collision: true
Turtle 1 :[(-1,-1), (1,11), (2,11), (3,11), (3,10), (2,10), (3,10), (4,10), (4,9), (-1,-1), (-1,-1)]
Turtle 2 :[(-2,-2), (8,17), (8,17), (9,17), (9,17), (9,17), (10,17), (10,17), (10,18), (-2,-2), (-2,-2)]
Turtle 3 :[(-3,-3), (2,9), (2,9), (2,9), (3,9), (3,8), (2,8), (1,8), (-3,-3), (-3,-3), (-3,-3)]
Turtle 4 :[(-4,-4), (1,9), (1,9), (1,9), (1,9), (2,9), (3,9), (3,9), (4,9), (4,8), (5,8)]
Turtle 5 :[(-5,-5), (10,7), (9,7), (9,6), (9,6), (9,6), (10,6), (10,5), (-5,-5), (-5,-5), (-5,-5)]

Shrinking Run 9
#Info# Executed steps before collision: 11, Found collision: false
Turtle 1 :[(-1,-1), (1,11), (2,11), (3,11), (3,10), (3,9), (4,9), (-1,-1), (-1,-1), (-1,-1), (-1,-1), (-1,-1)]
Turtle 2 :[(-2,-2), (8,17), (8,17), (7,17), (7,17), (7,17), (6,17), (6,17), (6,17), (5,17), (4,17), (3,17)]
Turtle 3 :[(-3,-3), (2,9), (2,9), (2,9), (2,10), (2,9), (1,9), (1,8), (-3,-3), (-3,-3), (-3,-3), (-3,-3)]
Turtle 4 :[(-4,-4), (1,9), (1,9), (1,9), (1,9), (1,10), (2,10), (3,10), (4,10), (4,9), (4,8), (5,8)]
Turtle 5 :[(-5,-5), (10,7), (9,7), (9,6), (9,6), (9,6), (10,6), (10,5), (-5,-5), (-5,-5), (-5,-5), (-5,-5)]

Shrinking Run 10
#Info# Executed steps before collision: 12, Found collision: false
Turtle 1 :[(-1,-1), (1,11), (2,11), (3,11), (3,10), (3,9), (4,9), (-1,-1), (-1,-1), (-1,-1), (-1,-1), (-1,-1), (-1,-1)]
Turtle 2 :[(-2,-2), (8,17), (8,17), (7,17), (7,17), (7,17), (6,17), (6,17), (5,17), (5,18), (-2,-2), (-2,-2), (-2,-2)]
Turtle 3 :[(-3,-3), (2,9), (2,9), (2,9), (1,9), (1,8), (-3,-3), (-3,-3), (-3,-3), (-3,-3), (-3,-3), (-3,-3), (-3,-3)]
Turtle 4 :[(-4,-4), (1,9), (1,9), (1,9), (0,9), (0,10), (1,10), (1,9), (2,9), (3,9), (4,9), (5,9), (5,8)]
Turtle 5 :[(-5,-5), (10,7), (9,7), (9,6), (9,6), (9,6), (10,6), (10,5), (-5,-5), (-5,-5), (-5,-5), (-5,-5), (-5,-5)]

Shrinking Run 11
#Info# Executed steps before collision: 9, Found collision: false
Turtle 1 :[(-1,-1), (1,11), (2,11), (3,11), (3,10), (3,9), (4,9), (-1,-1), (-1,-1), (-1,-1)]
Turtle 2 :[(-2,-2), (8,17), (7,17), (8,17), (9,17), (9,17), (9,17), (9,17), (9,17), (9,18)]
Turtle 3 :[(-3,-3), (2,9), (2,9), (2,9), (1,9), (1,8), (-3,-3), (-3,-3), (-3,-3), (-3,-3)]
Turtle 4 :[(-4,-4), (1,9), (1,9), (1,8), (2,8), (3,8), (4,8), (5,8), (-4,-4), (-4,-4)]
Turtle 5 :[(-5,-5), (10,7), (9,7), (9,6), (9,6), (9,6), (10,6), (10,5), (-5,-5), (-5,-5)]

Shrinking Run 12
#Info# Executed steps before collision: 12, Found collision: false
Turtle 1 :[(-1,-1), (1,11), (2,11), (3,11), (3,10), (3,9), (4,9), (-1,-1), (-1,-1), (-1,-1), (-1,-1), (-1,-1), (-1,-1)]
Turtle 2 :[(-2,-2), (8,17), (8,17), (8,16), (8,16), (8,16), (8,15), (8,15), (8,15), (9,15), (9,14), (10,14), (-2,-2)]
Turtle 3 :[(-3,-3), (2,9), (2,9), (2,9), (2,10), (2,9), (1,9), (1,8), (-3,-3), (-3,-3), (-3,-3), (-3,-3), (-3,-3)]
Turtle 4 :[(-4,-4), (1,9), (1,9), (1,9), (1,9), (1,10), (1,10), (1,9), (2,9), (3,9), (4,9), (4,8), (5,8)]
Turtle 5 :[(-5,-5), (10,7), (9,7), (9,6), (9,6), (9,6), (10,6), (10,5), (-5,-5), (-5,-5), (-5,-5), (-5,-5), (-5,-5)]

Shrinking Run 13
#Info# Executed steps before collision: 11, Found collision: false
Turtle 1 :[(-1,-1), (1,11), (2,11), (3,11), (3,10), (3,9), (4,9), (-1,-1), (-1,-1), (-1,-1), (-1,-1), (-1,-1)]
Turtle 2 :[(-2,-2), (8,17), (8,17), (8,16), (8,16), (8,16), (8,15), (8,15), (8,15), (9,15), (10,15), (10,14)]
Turtle 3 :[(-3,-3), (2,9), (3,9), (2,9), (2,8), (1,8), (-3,-3), (-3,-3), (-3,-3), (-3,-3), (-3,-3), (-3,-3)]
Turtle 4 :[(-4,-4), (1,9), (1,9), (1,9), (1,9), (2,9), (1,9), (2,9), (3,9), (4,9), (5,9), (5,8)]
Turtle 5 :[(-5,-5), (10,7), (9,7), (9,6), (9,6), (9,6), (10,6), (10,5), (-5,-5), (-5,-5), (-5,-5), (-5,-5)]

Shrinking Run 14
#Info# Executed steps before collision: 9, Found collision: false
Turtle 1 :[(-1,-1), (1,11), (2,11), (3,11), (3,10), (3,9), (4,9), (-1,-1), (-1,-1), (-1,-1)]
Turtle 2 :[(-2,-2), (8,17), (8,17), (9,17), (9,17), (9,17), (10,17), (10,17), (10,16), (-2,-2)]
Turtle 3 :[(-3,-3), (2,9), (2,9), (2,9), (2,10), (1,10), (1,9), (1,8), (-3,-3), (-3,-3)]
Turtle 4 :[(-4,-4), (1,9), (1,9), (1,9), (1,9), (2,9), (2,8), (3,8), (4,8), (5,8)]
Turtle 5 :[(-5,-5), (10,7), (9,7), (9,6), (9,6), (9,6), (10,6), (10,5), (-5,-5), (-5,-5)]

Shrinking Run 15
#Info# Executed steps before collision: 11, Found collision: false
Turtle 1 :[(-1,-1), (1,11), (2,11), (3,11), (3,10), (3,9), (4,9), (-1,-1), (-1,-1), (-1,-1), (-1,-1), (-1,-1)]
Turtle 2 :[(-2,-2), (8,17), (7,17), (8,17), (9,17), (9,17), (9,17), (9,17), (9,17), (10,17), (-2,-2), (-2,-2)]
Turtle 3 :[(-3,-3), (2,9), (2,9), (2,9), (2,8), (1,8), (-3,-3), (-3,-3), (-3,-3), (-3,-3), (-3,-3), (-3,-3)]
Turtle 4 :[(-4,-4), (1,9), (1,9), (1,9), (1,9), (2,9), (1,9), (2,9), (3,9), (3,8), (4,8), (5,8)]
Turtle 5 :[(-5,-5), (10,7), (9,7), (9,6), (9,6), (9,6), (10,6), (10,5), (-5,-5), (-5,-5), (-5,-5), (-5,-5)]

Shrinking Run 16
#Info# Executed steps before collision: 11, Found collision: false
Turtle 1 :[(-1,-1), (1,11), (2,11), (3,11), (3,10), (3,10), (3,9), (4,9), (-1,-1), (-1,-1), (-1,-1), (-1,-1)]
Turtle 2 :[(-2,-2), (8,17), (9,17), (10,17), (10,18), (-2,-2), (-2,-2), (-2,-2), (-2,-2), (-2,-2), (-2,-2), (-2,-2)]
Turtle 3 :[(-3,-3), (2,9), (2,9), (2,9), (3,9), (2,9), (2,8), (1,8), (-3,-3), (-3,-3), (-3,-3), (-3,-3)]
Turtle 4 :[(-4,-4), (1,9), (1,9), (1,9), (1,9), (0,9), (1,9), (2,9), (3,9), (4,9), (4,8), (5,8)]
Turtle 5 :[(-5,-5), (10,7), (9,7), (9,6), (9,6), (9,6), (10,6), (10,5), (-5,-5), (-5,-5), (-5,-5), (-5,-5)]

Shrinking Run 17
#Info# Executed steps before collision: 11, Found collision: false
Turtle 1 :[(-1,-1), (1,11), (2,11), (3,11), (3,10), (3,9), (4,9), (-1,-1), (-1,-1), (-1,-1), (-1,-1), (-1,-1)]
Turtle 2 :[(-2,-2), (8,17), (8,17), (9,17), (10,17), (10,18), (-2,-2), (-2,-2), (-2,-2), (-2,-2), (-2,-2), (-2,-2)]
Turtle 3 :[(-3,-3), (2,9), (2,9), (2,9), (2,9), (2,8), (1,8), (-3,-3), (-3,-3), (-3,-3), (-3,-3), (-3,-3)]
Turtle 4 :[(-4,-4), (1,9), (1,9), (1,9), (1,9), (1,10), (2,10), (3,10), (4,10), (4,9), (4,8), (5,8)]
Turtle 5 :[(-5,-5), (10,7), (9,7), (9,6), (9,6), (9,6), (10,6), (10,5), (-5,-5), (-5,-5), (-5,-5), (-5,-5)]

Shrinking Run 18
#Info# Executed steps before collision: 10, Found collision: false
Turtle 1 :[(-1,-1), (1,11), (2,11), (3,11), (3,10), (3,9), (4,9), (-1,-1), (-1,-1), (-1,-1), (-1,-1)]
Turtle 2 :[(-2,-2), (8,17), (8,17), (9,17), (9,17), (10,17), (10,18), (-2,-2), (-2,-2), (-2,-2), (-2,-2)]
Turtle 3 :[(-3,-3), (2,9), (2,9), (2,9), (1,9), (1,8), (-3,-3), (-3,-3), (-3,-3), (-3,-3), (-3,-3)]
Turtle 4 :[(-4,-4), (1,9), (1,9), (1,9), (1,10), (2,10), (3,10), (4,10), (5,10), (5,9), (5,8)]
Turtle 5 :[(-5,-5), (10,7), (9,7), (9,6), (9,6), (9,6), (10,6), (10,5), (-5,-5), (-5,-5), (-5,-5)]

Shrinking Run 19
#Info# Executed steps before collision: 12, Found collision: false
Turtle 1 :[(-1,-1), (1,11), (2,11), (3,11), (3,10), (3,9), (4,9), (-1,-1), (-1,-1), (-1,-1), (-1,-1), (-1,-1), (-1,-1)]
Turtle 2 :[(-2,-2), (8,17), (8,17), (9,17), (9,17), (9,17), (10,17), (10,18), (-2,-2), (-2,-2), (-2,-2), (-2,-2), (-2,-2)]
Turtle 3 :[(-3,-3), (2,9), (2,9), (2,9), (3,9), (2,9), (2,8), (1,8), (-3,-3), (-3,-3), (-3,-3), (-3,-3), (-3,-3)]
Turtle 4 :[(-4,-4), (1,9), (1,9), (1,9), (1,9), (1,9), (1,10), (2,10), (3,10), (3,9), (3,8), (4,8), (5,8)]
Turtle 5 :[(-5,-5), (10,7), (9,7), (9,6), (9,6), (9,6), (10,6), (10,5), (-5,-5), (-5,-5), (-5,-5), (-5,-5), (-5,-5)]

Shrinking Run 20
#Info# Executed steps before collision: 12, Found collision: false
Turtle 1 :[(-1,-1), (1,11), (2,11), (3,11), (3,10), (3,9), (4,9), (-1,-1), (-1,-1), (-1,-1), (-1,-1), (-1,-1), (-1,-1)]
Turtle 2 :[(-2,-2), (8,17), (9,17), (10,17), (10,17), (10,17), (10,17), (10,17), (10,18), (-2,-2), (-2,-2), (-2,-2), (-2,-2)]
Turtle 3 :[(-3,-3), (2,9), (2,9), (2,9), (2,9), (2,10), (2,9), (1,9), (1,8), (-3,-3), (-3,-3), (-3,-3), (-3,-3)]
Turtle 4 :[(-4,-4), (1,9), (1,9), (1,9), (1,9), (1,10), (1,10), (2,10), (3,10), (4,10), (4,9), (4,8), (5,8)]
Turtle 5 :[(-5,-5), (10,7), (9,7), (9,6), (9,6), (9,6), (10,6), (10,5), (-5,-5), (-5,-5), (-5,-5), (-5,-5), (-5,-5)]

Shrinking Run 21
#Info# Executed steps before collision: 10, Found collision: false
Turtle 1 :[(-1,-1), (1,11), (2,11), (3,11), (3,10), (3,9), (4,9), (-1,-1), (-1,-1), (-1,-1), (-1,-1)]
Turtle 2 :[(-2,-2), (8,17), (8,17), (9,17), (10,17), (10,17), (10,17), (10,17), (10,18), (-2,-2), (-2,-2)]
Turtle 3 :[(-3,-3), (2,9), (2,9), (2,9), (2,10), (2,9), (2,8), (1,8), (-3,-3), (-3,-3), (-3,-3)]
Turtle 4 :[(-4,-4), (1,9), (1,9), (1,9), (1,9), (1,9), (2,9), (2,8), (3,8), (4,8), (5,8)]
Turtle 5 :[(-5,-5), (10,7), (9,7), (9,6), (9,6), (9,6), (10,6), (10,5), (-5,-5), (-5,-5), (-5,-5)]

Shrinking Run 22
#Info# Executed steps before collision: 5, Found collision: true
Turtle 1 :[(-1,-1), (1,11), (2,11), (3,11), (3,10), (3,9), (3,9), (4,9), (-1,-1), (-1,-1)]
Turtle 2 :[(-2,-2), (8,17), (8,17), (9,17), (9,17), (10,17), (10,17), (10,17), (10,18), (-2,-2)]
Turtle 3 :[(-3,-3), (2,9), (2,9), (2,9), (2,9), (3,9), (3,8), (3,8), (2,8), (1,8)]
Turtle 4 :[(-4,-4), (1,9), (1,9), (1,10), (1,9), (1,8), (2,8), (3,8), (4,8), (5,8)]
Turtle 5 :[(-5,-5), (10,7), (9,7), (9,6), (9,6), (9,6), (10,6), (10,5), (-5,-5), (-5,-5)]

Shrinking Run 23
#Info# Executed steps before collision: 12, Found collision: false
Turtle 1 :[(-1,-1), (1,11), (2,11), (3,11), (3,10), (3,9), (4,9), (-1,-1), (-1,-1), (-1,-1), (-1,-1), (-1,-1), (-1,-1)]
Turtle 2 :[(-2,-2), (8,17), (8,17), (9,17), (9,17), (10,17), (10,17), (10,17), (10,18), (-2,-2), (-2,-2), (-2,-2), (-2,-2)]
Turtle 3 :[(-3,-3), (2,9), (2,9), (2,9), (2,9), (2,10), (1,10), (1,9), (0,9), (0,8), (-3,-3), (-3,-3), (-3,-3)]
Turtle 4 :[(-4,-4), (1,9), (1,9), (1,9), (1,9), (1,9), (2,9), (3,9), (3,9), (4,9), (4,9), (4,8), (5,8)]
Turtle 5 :[(-5,-5), (10,7), (9,7), (9,6), (9,6), (9,6), (10,6), (10,5), (-5,-5), (-5,-5), (-5,-5), (-5,-5), (-5,-5)]

Shrinking Run 24
#Info# Executed steps before collision: 11, Found collision: false
Turtle 1 :[(-1,-1), (1,11), (2,11), (3,11), (3,10), (3,9), (4,9), (-1,-1), (-1,-1), (-1,-1), (-1,-1), (-1,-1)]
Turtle 2 :[(-2,-2), (8,17), (8,17), (9,17), (9,17), (10,17), (10,17), (10,17), (10,18), (-2,-2), (-2,-2), (-2,-2)]
Turtle 3 :[(-3,-3), (2,9), (2,8), (2,7), (2,6), (1,6), (1,5), (-3,-3), (-3,-3), (-3,-3), (-3,-3), (-3,-3)]
Turtle 4 :[(-4,-4), (1,9), (1,9), (1,9), (1,9), (2,9), (1,9), (1,8), (2,8), (3,8), (4,8), (5,8)]
Turtle 5 :[(-5,-5), (10,7), (9,7), (9,6), (9,6), (9,6), (10,6), (10,5), (-5,-5), (-5,-5), (-5,-5), (-5,-5)]

Shrinking Run 25
#Info# Executed steps before collision: 9, Found collision: false
Turtle 1 :[(-1,-1), (1,11), (2,11), (3,11), (3,10), (3,9), (4,9), (-1,-1), (-1,-1), (-1,-1)]
Turtle 2 :[(-2,-2), (8,17), (8,17), (9,17), (9,17), (10,17), (10,17), (10,17), (10,18), (-2,-2)]
Turtle 3 :[(-3,-3), (2,9), (2,8), (2,7), (1,7), (1,6), (-3,-3), (-3,-3), (-3,-3), (-3,-3)]
Turtle 4 :[(-4,-4), (1,9), (1,9), (1,9), (1,9), (2,9), (3,9), (4,9), (4,8), (5,8)]
Turtle 5 :[(-5,-5), (10,7), (9,7), (9,6), (9,6), (9,6), (10,6), (10,5), (-5,-5), (-5,-5)]

Shrinking Run 26
#Info# Executed steps before collision: 12, Found collision: false
Turtle 1 :[(-1,-1), (1,11), (2,11), (3,11), (3,10), (3,9), (4,9), (-1,-1), (-1,-1), (-1,-1), (-1,-1), (-1,-1), (-1,-1)]
Turtle 2 :[(-2,-2), (8,17), (8,17), (9,17), (9,17), (10,17), (10,17), (10,17), (10,18), (-2,-2), (-2,-2), (-2,-2), (-2,-2)]
Turtle 3 :[(-3,-3), (2,9), (2,9), (2,8), (2,8), (1,8), (1,7), (-3,-3), (-3,-3), (-3,-3), (-3,-3), (-3,-3), (-3,-3)]
Turtle 4 :[(-4,-4), (1,9), (1,9), (1,9), (1,9), (2,9), (2,9), (3,9), (3,9), (4,9), (4,9), (4,8), (5,8)]
Turtle 5 :[(-5,-5), (10,7), (9,7), (9,6), (9,6), (9,6), (10,6), (10,5), (-5,-5), (-5,-5), (-5,-5), (-5,-5), (-5,-5)]

Shrinking Run 27
#Info# Executed steps before collision: 8, Found collision: false
Turtle 1 :[(-1,-1), (1,11), (2,11), (3,11), (3,10), (3,9), (4,9), (-1,-1), (-1,-1)]
Turtle 2 :[(-2,-2), (8,17), (8,17), (9,17), (9,17), (10,17), (10,17), (10,17), (10,18)]
Turtle 3 :[(-3,-3), (2,9), (1,9), (1,8), (-3,-3), (-3,-3), (-3,-3), (-3,-3), (-3,-3)]
Turtle 4 :[(-4,-4), (1,9), (1,10), (2,10), (2,9), (2,8), (3,8), (4,8), (5,8)]
Turtle 5 :[(-5,-5), (10,7), (9,7), (9,6), (9,6), (9,6), (10,6), (10,5), (-5,-5)]

Shrinking Run 28
#Info# Executed steps before collision: 5, Found collision: true
Turtle 1 :[(-1,-1), (1,11), (2,11), (3,11), (3,10), (3,9), (4,9), (-1,-1), (-1,-1), (-1,-1), (-1,-1), (-1,-1)]
Turtle 2 :[(-2,-2), (8,17), (8,17), (9,17), (9,17), (10,17), (10,17), (10,17), (10,18), (-2,-2), (-2,-2), (-2,-2)]
Turtle 3 :[(-3,-3), (2,9), (2,10), (2,9), (2,10), (2,9), (2,8), (1,8), (-3,-3), (-3,-3), (-3,-3), (-3,-3)]
Turtle 4 :[(-4,-4), (1,9), (1,9), (1,9), (1,9), (2,9), (2,10), (3,10), (4,10), (4,9), (5,9), (5,8)]
Turtle 5 :[(-5,-5), (10,7), (9,7), (9,6), (9,6), (9,6), (10,6), (10,5), (-5,-5), (-5,-5), (-5,-5), (-5,-5)]

Shrinking Run 29
#Info# Executed steps before collision: 3, Found collision: true
Turtle 1 :[(-1,-1), (1,11), (2,11), (3,11), (3,10), (3,9), (4,9), (-1,-1), (-1,-1)]
Turtle 2 :[(-2,-2), (8,17), (8,17), (9,17), (9,17), (10,17), (10,17), (10,17), (10,18)]
Turtle 3 :[(-3,-3), (2,9), (1,9), (1,9), (1,8), (-3,-3), (-3,-3), (-3,-3), (-3,-3)]
Turtle 4 :[(-4,-4), (1,9), (0,9), (1,9), (2,9), (2,8), (3,8), (4,8), (5,8)]
Turtle 5 :[(-5,-5), (10,7), (9,7), (9,6), (9,6), (9,6), (10,6), (10,5), (-5,-5)]

Shrinking Run 30
#Info# Executed steps before collision: 3, Found collision: true
Turtle 1 :[(-1,-1), (1,11), (2,11), (3,11), (3,10), (3,9), (4,9), (-1,-1), (-1,-1)]
Turtle 2 :[(-2,-2), (8,17), (8,17), (9,17), (9,17), (10,17), (10,17), (10,17), (10,18)]
Turtle 3 :[(-3,-3), (2,9), (1,9), (1,9), (1,8), (-3,-3), (-3,-3), (-3,-3), (-3,-3)]
Turtle 4 :[(-4,-4), (1,9), (1,10), (1,9), (0,9), (0,8), (0,7), (-4,-4), (-4,-4)]
Turtle 5 :[(-5,-5), (10,7), (9,7), (9,6), (9,6), (9,6), (10,6), (10,5), (-5,-5)]

Shrinking Run 31
#Info# Executed steps before collision: 8, Found collision: false
Turtle 1 :[(-1,-1), (1,11), (2,11), (3,11), (3,10), (3,9), (4,9), (-1,-1), (-1,-1)]
Turtle 2 :[(-2,-2), (8,17), (8,17), (9,17), (9,17), (10,17), (10,17), (10,17), (10,18)]
Turtle 3 :[(-3,-3), (2,9), (1,9), (1,9), (1,8), (-3,-3), (-3,-3), (-3,-3), (-3,-3)]
Turtle 4 :[(-4,-4), (1,9), (1,8), (1,7), (1,6), (0,6), (0,5), (-4,-4), (-4,-4)]
Turtle 5 :[(-5,-5), (10,7), (9,7), (9,6), (9,6), (9,6), (10,6), (10,5), (-5,-5)]

Shrinking Run 32
#Info# Executed steps before collision: 8, Found collision: false
Turtle 1 :[(-1,-1), (1,11), (2,11), (3,11), (3,10), (3,9), (4,9), (-1,-1), (-1,-1)]
Turtle 2 :[(-2,-2), (8,17), (8,17), (9,17), (9,17), (10,17), (10,17), (10,17), (10,18)]
Turtle 3 :[(-3,-3), (2,9), (1,9), (1,9), (1,8), (-3,-3), (-3,-3), (-3,-3), (-3,-3)]
Turtle 4 :[(-4,-4), (1,9), (1,8), (1,7), (1,6), (0,6), (-4,-4), (-4,-4), (-4,-4)]
Turtle 5 :[(-5,-5), (10,7), (9,7), (9,6), (9,6), (9,6), (10,6), (10,5), (-5,-5)]

Shrinking Run 33
#Info# Executed steps before collision: 3, Found collision: true
Turtle 1 :[(-1,-1), (1,11), (2,11), (3,11), (3,10), (3,9), (4,9), (-1,-1), (-1,-1)]
Turtle 2 :[(-2,-2), (8,17), (8,17), (9,17), (9,17), (10,17), (10,17), (10,17), (10,18)]
Turtle 3 :[(-3,-3), (2,9), (1,9), (1,9), (1,8), (-3,-3), (-3,-3), (-3,-3), (-3,-3)]
Turtle 4 :[(-4,-4), (1,9), (1,10), (1,9), (1,9), (0,9), (0,8), (0,7), (-4,-4)]
Turtle 5 :[(-5,-5), (10,7), (9,7), (9,6), (9,6), (9,6), (10,6), (10,5), (-5,-5)]

Shrinking Run 34
#Info# Executed steps before collision: 8, Found collision: false
Turtle 1 :[(-1,-1), (1,11), (2,11), (3,11), (3,10), (3,9), (4,9), (-1,-1), (-1,-1)]
Turtle 2 :[(-2,-2), (8,17), (8,17), (9,17), (9,17), (10,17), (10,17), (10,17), (10,18)]
Turtle 3 :[(-3,-3), (2,9), (1,9), (1,9), (1,8), (-3,-3), (-3,-3), (-3,-3), (-3,-3)]
Turtle 4 :[(-4,-4), (1,9), (1,8), (0,8), (0,7), (-4,-4), (-4,-4), (-4,-4), (-4,-4)]
Turtle 5 :[(-5,-5), (10,7), (9,7), (9,6), (9,6), (9,6), (10,6), (10,5), (-5,-5)]

Shrinking Run 35
#Info# Executed steps before collision: 8, Found collision: false
Turtle 1 :[(-1,-1), (1,11), (2,11), (3,11), (3,10), (3,9), (4,9), (-1,-1), (-1,-1)]
Turtle 2 :[(-2,-2), (8,17), (8,17), (9,17), (9,17), (10,17), (10,17), (10,17), (10,18)]
Turtle 3 :[(-3,-3), (2,9), (1,9), (1,9), (1,8), (-3,-3), (-3,-3), (-3,-3), (-3,-3)]
Turtle 4 :[(-4,-4), (1,9), (1,8), (0,8), (0,7), (-4,-4), (-4,-4), (-4,-4), (-4,-4)]
Turtle 5 :[(-5,-5), (10,7), (9,7), (9,6), (9,6), (9,6), (10,6), (10,5), (-5,-5)]

Shrinking Run 36
#Info# Executed steps before collision: 8, Found collision: false
Turtle 1 :[(-1,-1), (1,11), (2,11), (3,11), (3,10), (3,9), (4,9), (-1,-1), (-1,-1)]
Turtle 2 :[(-2,-2), (8,17), (8,17), (9,17), (9,17), (10,17), (10,17), (10,17), (10,18)]
Turtle 3 :[(-3,-3), (2,9), (1,9), (1,9), (1,8), (-3,-3), (-3,-3), (-3,-3), (-3,-3)]
Turtle 4 :[(-4,-4), (1,9), (0,9), (0,8), (0,9), (0,8), (0,7), (-4,-4), (-4,-4)]
Turtle 5 :[(-5,-5), (10,7), (9,7), (9,6), (9,6), (9,6), (10,6), (10,5), (-5,-5)]

Shrinking Run 37
#Info# Executed steps before collision: 8, Found collision: false
Turtle 1 :[(-1,-1), (1,11), (2,11), (3,11), (3,10), (3,9), (4,9), (-1,-1), (-1,-1)]
Turtle 2 :[(-2,-2), (8,17), (8,17), (9,17), (9,17), (10,17), (10,17), (10,17), (10,18)]
Turtle 3 :[(-3,-3), (2,9), (1,9), (1,9), (1,8), (-3,-3), (-3,-3), (-3,-3), (-3,-3)]
Turtle 4 :[(-4,-4), (1,9), (1,8), (1,7), (1,7), (1,7), (1,8), (0,8), (0,7)]
Turtle 5 :[(-5,-5), (10,7), (9,7), (9,6), (9,6), (9,6), (10,6), (10,5), (-5,-5)]

Shrinking Run 38
#Info# Executed steps before collision: 8, Found collision: false
Turtle 1 :[(-1,-1), (1,11), (2,11), (3,11), (3,10), (3,9), (4,9), (-1,-1), (-1,-1)]
Turtle 2 :[(-2,-2), (8,17), (8,17), (9,17), (9,17), (10,17), (10,17), (10,17), (10,18)]
Turtle 3 :[(-3,-3), (2,9), (1,9), (1,9), (1,8), (-3,-3), (-3,-3), (-3,-3), (-3,-3)]
Turtle 4 :[(-4,-4), (1,9), (1,10), (0,10), (0,9), (0,8), (0,7), (-4,-4), (-4,-4)]
Turtle 5 :[(-5,-5), (10,7), (9,7), (9,6), (9,6), (9,6), (10,6), (10,5), (-5,-5)]

Shrinking Run 39
#Info# Executed steps before collision: 3, Found collision: true
Turtle 1 :[(-1,-1), (1,11), (2,11), (3,11), (3,10), (3,9), (4,9), (-1,-1), (-1,-1)]
Turtle 2 :[(-2,-2), (8,17), (8,17), (9,17), (9,17), (10,17), (10,17), (10,17), (10,18)]
Turtle 3 :[(-3,-3), (2,9), (1,9), (1,9), (1,8), (-3,-3), (-3,-3), (-3,-3), (-3,-3)]
Turtle 4 :[(-4,-4), (1,9), (1,10), (1,9), (0,9), (0,8), (0,7), (-4,-4), (-4,-4)]
Turtle 5 :[(-5,-5), (10,7), (9,7), (9,6), (9,6), (9,6), (10,6), (10,5), (-5,-5)]

Shrinking Run 40
#Info# Executed steps before collision: 3, Found collision: true
Turtle 1 :[(-1,-1), (1,11), (2,11), (3,11), (3,10), (3,9), (4,9), (-1,-1), (-1,-1)]
Turtle 2 :[(-2,-2), (8,17), (8,17), (9,17), (9,17), (10,17), (10,17), (10,17), (10,18)]
Turtle 3 :[(-3,-3), (2,9), (1,9), (1,9), (1,8), (-3,-3), (-3,-3), (-3,-3), (-3,-3)]
Turtle 4 :[(-4,-4), (1,9), (1,10), (1,9), (0,9), (0,8), (0,7), (-4,-4), (-4,-4)]
Turtle 5 :[(-5,-5), (10,7), (10,7), (9,7), (8,7), (8,6), (8,6), (7,6), (6,6)]

Shrinking Run 41
#Info# Executed steps before collision: 3, Found collision: true
Turtle 1 :[(-1,-1), (1,11), (2,11), (3,11), (3,10), (3,9), (4,9), (-1,-1), (-1,-1)]
Turtle 2 :[(-2,-2), (8,17), (8,17), (9,17), (9,17), (10,17), (10,17), (10,17), (10,18)]
Turtle 3 :[(-3,-3), (2,9), (1,9), (1,9), (1,8), (-3,-3), (-3,-3), (-3,-3), (-3,-3)]
Turtle 4 :[(-4,-4), (1,9), (1,10), (1,9), (0,9), (0,8), (0,7), (-4,-4), (-4,-4)]
Turtle 5 :[(-5,-5), (10,7), (10,7), (9,7), (8,7), (8,6), (8,6), (7,6), (7,5)]

Shrinking Run 42
#Info# Executed steps before collision: 3, Found collision: true
Turtle 1 :[(-1,-1), (1,11), (2,11), (3,11), (3,10), (3,9), (4,9), (-1,-1), (-1,-1)]
Turtle 2 :[(-2,-2), (8,17), (8,17), (9,17), (9,17), (10,17), (10,17), (10,17), (10,18)]
Turtle 3 :[(-3,-3), (2,9), (1,9), (1,9), (1,8), (-3,-3), (-3,-3), (-3,-3), (-3,-3)]
Turtle 4 :[(-4,-4), (1,9), (1,10), (1,9), (0,9), (0,8), (0,7), (-4,-4), (-4,-4)]
Turtle 5 :[(-5,-5), (10,7), (10,7), (9,7), (8,7), (7,7), (7,7), (7,6), (7,5)]

Shrinking Run 43
#Info# Executed steps before collision: 3, Found collision: true
Turtle 1 :[(-1,-1), (1,11), (2,11), (3,11), (3,10), (3,9), (4,9), (-1,-1), (-1,-1)]
Turtle 2 :[(-2,-2), (8,17), (8,17), (9,17), (9,17), (10,17), (10,17), (10,17), (10,18)]
Turtle 3 :[(-3,-3), (2,9), (1,9), (1,9), (1,8), (-3,-3), (-3,-3), (-3,-3), (-3,-3)]
Turtle 4 :[(-4,-4), (1,9), (1,10), (1,9), (0,9), (0,8), (0,7), (-4,-4), (-4,-4)]
Turtle 5 :[(-5,-5), (10,7), (10,7), (9,7), (8,7), (7,7), (7,7), (6,7), (6,6)]

Shrinking Run 44
#Info# Executed steps before collision: 3, Found collision: true
Turtle 1 :[(-1,-1), (1,11), (2,11), (3,11), (3,10), (3,9), (4,9), (-1,-1), (-1,-1)]
Turtle 2 :[(-2,-2), (8,17), (8,17), (9,17), (9,17), (10,17), (10,17), (10,17), (10,18)]
Turtle 3 :[(-3,-3), (2,9), (1,9), (1,9), (1,8), (-3,-3), (-3,-3), (-3,-3), (-3,-3)]
Turtle 4 :[(-4,-4), (1,9), (1,10), (1,9), (0,9), (0,8), (0,7), (-4,-4), (-4,-4)]
Turtle 5 :[(-5,-5), (10,7), (10,7), (9,7), (8,7), (7,7), (7,7), (6,7), (5,7)]

Shrinking Run 45
#Info# Executed steps before collision: 3, Found collision: true
Turtle 1 :[(-1,-1), (1,11), (2,11), (3,11), (3,10), (3,9), (4,9), (-1,-1), (-1,-1)]
Turtle 2 :[(-2,-2), (8,17), (8,17), (9,17), (9,17), (10,17), (10,17), (10,17), (10,18)]
Turtle 3 :[(-3,-3), (2,9), (1,9), (1,9), (1,8), (-3,-3), (-3,-3), (-3,-3), (-3,-3)]
Turtle 4 :[(-4,-4), (1,9), (1,10), (1,9), (0,9), (0,8), (0,7), (-4,-4), (-4,-4)]
Turtle 5 :[(-5,-5), (10,7), (9,7), (8,7), (7,7), (6,7), (5,7), (-5,-5), (-5,-5)]

Shrinking Run 46
#Info# Executed steps before collision: 8, Found collision: false
Turtle 1 :[(-1,-1), (1,11), (1,10), (0,10), (0,9), (-1,-1), (-1,-1), (-1,-1), (-1,-1)]
Turtle 2 :[(-2,-2), (8,17), (8,17), (9,17), (9,17), (10,17), (10,17), (10,17), (10,18)]
Turtle 3 :[(-3,-3), (2,9), (1,9), (1,9), (1,8), (-3,-3), (-3,-3), (-3,-3), (-3,-3)]
Turtle 4 :[(-4,-4), (1,9), (1,8), (0,8), (0,7), (-4,-4), (-4,-4), (-4,-4), (-4,-4)]
Turtle 5 :[(-5,-5), (10,7), (9,7), (8,7), (7,7), (6,7), (5,7), (-5,-5), (-5,-5)]

Shrinking Run 47
#Info# Executed steps before collision: 2, Found collision: true
Turtle 1 :[(-1,-1), (1,11), (1,10), (2,10), (2,9), (-1,-1), (-1,-1), (-1,-1), (-1,-1)]
Turtle 2 :[(-2,-2), (8,17), (8,17), (9,17), (9,17), (10,17), (10,17), (10,17), (10,18)]
Turtle 3 :[(-3,-3), (2,9), (1,9), (1,9), (1,8), (-3,-3), (-3,-3), (-3,-3), (-3,-3)]
Turtle 4 :[(-4,-4), (1,9), (1,10), (1,9), (0,9), (0,8), (0,7), (-4,-4), (-4,-4)]
Turtle 5 :[(-5,-5), (10,7), (9,7), (8,7), (7,7), (6,7), (5,7), (-5,-5), (-5,-5)]

Shrinking Run 48
#Info# Executed steps before collision: 2, Found collision: true
Turtle 1 :[(-1,-1), (1,11), (1,10), (1,9), (-1,-1), (-1,-1), (-1,-1), (-1,-1), (-1,-1)]
Turtle 2 :[(-2,-2), (8,17), (8,17), (9,17), (9,17), (10,17), (10,17), (10,17), (10,18)]
Turtle 3 :[(-3,-3), (2,9), (2,10), (2,11), (2,10), (2,9), (1,9), (1,8), (-3,-3)]
Turtle 4 :[(-4,-4), (1,9), (1,10), (0,10), (0,9), (0,8), (0,7), (-4,-4), (-4,-4)]
Turtle 5 :[(-5,-5), (10,7), (9,7), (8,7), (7,7), (6,7), (5,7), (-5,-5), (-5,-5)]

Shrinking Run 49
#Info# Executed steps before collision: 8, Found collision: false
Turtle 1 :[(-1,-1), (1,11), (1,10), (0,10), (0,9), (0,8), (0,7), (0,6), (1,6)]
Turtle 2 :[(-2,-2), (8,17), (8,17), (9,17), (9,17), (10,17), (10,17), (10,17), (10,18)]
Turtle 3 :[(-3,-3), (2,9), (1,9), (1,9), (1,8), (-3,-3), (-3,-3), (-3,-3), (-3,-3)]
Turtle 4 :[(-4,-4), (1,9), (0,9), (0,8), (0,7), (-4,-4), (-4,-4), (-4,-4), (-4,-4)]
Turtle 5 :[(-5,-5), (10,7), (9,7), (8,7), (7,7), (6,7), (5,7), (-5,-5), (-5,-5)]

Shrinking Run 50
#Info# Executed steps before collision: 2, Found collision: true
Turtle 1 :[(-1,-1), (1,11), (1,10), (1,10), (1,9), (1,8), (-1,-1), (-1,-1), (-1,-1), (-1,-1)]
Turtle 2 :[(-2,-2), (8,17), (8,17), (9,17), (9,17), (10,17), (10,17), (10,17), (10,18), (-2,-2)]
Turtle 3 :[(-3,-3), (2,9), (1,9), (0,9), (0,9), (0,8), (1,8), (-3,-3), (-3,-3), (-3,-3)]
Turtle 4 :[(-4,-4), (1,9), (1,9), (1,10), (1,11), (1,10), (1,9), (1,8), (1,7), (0,7)]
Turtle 5 :[(-5,-5), (10,7), (9,7), (8,7), (7,7), (6,7), (5,7), (-5,-5), (-5,-5), (-5,-5)]

Shrinking Run 51
#Info# Executed steps before collision: 8, Found collision: false
Turtle 1 :[(-1,-1), (1,11), (1,10), (1,11), (1,10), (1,9), (1,8), (1,7), (-1,-1)]
Turtle 2 :[(-2,-2), (8,17), (8,17), (9,17), (9,17), (10,17), (10,17), (10,17), (10,18)]
Turtle 3 :[(-3,-3), (2,9), (1,9), (1,9), (1,8), (-3,-3), (-3,-3), (-3,-3), (-3,-3)]
Turtle 4 :[(-4,-4), (1,9), (0,9), (0,8), (0,7), (-4,-4), (-4,-4), (-4,-4), (-4,-4)]
Turtle 5 :[(-5,-5), (10,7), (9,7), (8,7), (7,7), (6,7), (5,7), (-5,-5), (-5,-5)]

Shrinking Run 52
#Info# Executed steps before collision: 2, Found collision: true
Turtle 1 :[(-1,-1), (1,11), (1,10), (1,9), (1,10), (0,10), (0,9), (0,8), (-1,-1), (-1,-1), (-1,-1)]
Turtle 2 :[(-2,-2), (8,17), (8,17), (9,17), (9,17), (10,17), (10,17), (10,17), (10,18), (-2,-2), (-2,-2)]
Turtle 3 :[(-3,-3), (2,9), (2,8), (1,8), (-3,-3), (-3,-3), (-3,-3), (-3,-3), (-3,-3), (-3,-3), (-3,-3)]
Turtle 4 :[(-4,-4), (1,9), (1,10), (2,10), (2,9), (1,9), (1,8), (2,8), (1,8), (0,8), (0,7)]
Turtle 5 :[(-5,-5), (10,7), (9,7), (8,7), (7,7), (6,7), (5,7), (-5,-5), (-5,-5), (-5,-5), (-5,-5)]

Shrinking Run 53
#Info# Executed steps before collision: 8, Found collision: false
Turtle 1 :[(-1,-1), (1,11), (1,10), (2,10), (2,9), (1,9), (1,8), (0,8), (0,7)]
Turtle 2 :[(-2,-2), (8,17), (8,17), (9,17), (9,17), (10,17), (10,17), (10,17), (10,18)]
Turtle 3 :[(-3,-3), (2,9), (1,9), (1,9), (1,8), (-3,-3), (-3,-3), (-3,-3), (-3,-3)]
Turtle 4 :[(-4,-4), (1,9), (1,8), (1,7), (0,7), (-4,-4), (-4,-4), (-4,-4), (-4,-4)]
Turtle 5 :[(-5,-5), (10,7), (9,7), (8,7), (7,7), (6,7), (5,7), (-5,-5), (-5,-5)]

Shrinking Run 54
#Info# Executed steps before collision: 8, Found collision: false
Turtle 1 :[(-1,-1), (1,11), (1,10), (2,10), (2,9), (2,8), (1,8), (0,8), (-1,-1)]
Turtle 2 :[(-2,-2), (8,17), (8,17), (9,17), (9,17), (10,17), (10,17), (10,17), (10,18)]
Turtle 3 :[(-3,-3), (2,9), (1,9), (1,9), (1,8), (-3,-3), (-3,-3), (-3,-3), (-3,-3)]
Turtle 4 :[(-4,-4), (1,9), (0,9), (0,8), (0,7), (-4,-4), (-4,-4), (-4,-4), (-4,-4)]
Turtle 5 :[(-5,-5), (10,7), (9,7), (8,7), (7,7), (6,7), (5,7), (-5,-5), (-5,-5)]

Shrinking Run 55
#Info# Executed steps before collision: 3, Found collision: true
Turtle 1 :[(-1,-1), (1,11), (0,11), (0,10), (0,9), (0,8), (-1,-1), (-1,-1), (-1,-1)]
Turtle 2 :[(-2,-2), (8,17), (8,17), (9,17), (9,17), (10,17), (10,17), (10,17), (10,18)]
Turtle 3 :[(-3,-3), (2,9), (1,9), (1,9), (1,8), (-3,-3), (-3,-3), (-3,-3), (-3,-3)]
Turtle 4 :[(-4,-4), (1,9), (1,10), (1,9), (1,8), (0,8), (0,7), (-4,-4), (-4,-4)]
Turtle 5 :[(-5,-5), (10,7), (9,7), (8,7), (7,7), (6,7), (5,7), (-5,-5), (-5,-5)]

Shrinking Run 56
#Info# Executed steps before collision: 3, Found collision: true
Turtle 1 :[(-1,-1), (1,11), (0,11), (0,10), (0,9), (0,8), (-1,-1), (-1,-1), (-1,-1), (-1,-1), (-1,-1), (-1,-1)]
Turtle 2 :[(-2,-2), (8,17), (8,17), (7,17), (7,17), (7,17), (6,17), (6,17), (6,17), (5,17), (4,17), (3,17)]
Turtle 3 :[(-3,-3), (2,9), (1,9), (1,9), (1,8), (-3,-3), (-3,-3), (-3,-3), (-3,-3), (-3,-3), (-3,-3), (-3,-3)]
Turtle 4 :[(-4,-4), (1,9), (1,10), (1,9), (0,9), (0,10), (0,9), (0,8), (0,7), (-4,-4), (-4,-4), (-4,-4)]
Turtle 5 :[(-5,-5), (10,7), (9,7), (8,7), (7,7), (6,7), (5,7), (-5,-5), (-5,-5), (-5,-5), (-5,-5), (-5,-5)]

Shrinking Run 57
#Info# Executed steps before collision: 3, Found collision: true
Turtle 1 :[(-1,-1), (1,11), (0,11), (0,10), (0,9), (0,8), (-1,-1), (-1,-1), (-1,-1), (-1,-1), (-1,-1), (-1,-1)]
Turtle 2 :[(-2,-2), (8,17), (8,17), (7,17), (7,17), (7,17), (7,16), (7,16), (7,16), (6,16), (6,15), (5,15)]
Turtle 3 :[(-3,-3), (2,9), (1,9), (1,9), (1,8), (-3,-3), (-3,-3), (-3,-3), (-3,-3), (-3,-3), (-3,-3), (-3,-3)]
Turtle 4 :[(-4,-4), (1,9), (1,10), (1,9), (1,8), (1,7), (0,7), (-4,-4), (-4,-4), (-4,-4), (-4,-4), (-4,-4)]
Turtle 5 :[(-5,-5), (10,7), (9,7), (8,7), (7,7), (6,7), (5,7), (-5,-5), (-5,-5), (-5,-5), (-5,-5), (-5,-5)]

Shrinking Run 58
#Info# Executed steps before collision: 3, Found collision: true
Turtle 1 :[(-1,-1), (1,11), (0,11), (0,10), (0,9), (0,8), (-1,-1), (-1,-1), (-1,-1), (-1,-1), (-1,-1), (-1,-1)]
Turtle 2 :[(-2,-2), (8,17), (8,17), (7,17), (7,17), (7,17), (7,16), (7,16), (7,16), (6,16), (5,16), (4,16)]
Turtle 3 :[(-3,-3), (2,9), (1,9), (1,9), (1,8), (-3,-3), (-3,-3), (-3,-3), (-3,-3), (-3,-3), (-3,-3), (-3,-3)]
Turtle 4 :[(-4,-4), (1,9), (1,10), (1,9), (1,10), (1,9), (1,8), (0,8), (0,7), (-4,-4), (-4,-4), (-4,-4)]
Turtle 5 :[(-5,-5), (10,7), (9,7), (8,7), (7,7), (6,7), (5,7), (-5,-5), (-5,-5), (-5,-5), (-5,-5), (-5,-5)]

Shrinking Run 59
#Info# Executed steps before collision: 3, Found collision: true
Turtle 1 :[(-1,-1), (1,11), (0,11), (0,10), (0,9), (0,8), (-1,-1), (-1,-1), (-1,-1), (-1,-1), (-1,-1), (-1,-1)]
Turtle 2 :[(-2,-2), (8,17), (8,17), (7,17), (7,17), (7,17), (6,17), (6,17), (6,17), (5,17), (4,17), (4,16)]
Turtle 3 :[(-3,-3), (2,9), (1,9), (1,9), (1,8), (-3,-3), (-3,-3), (-3,-3), (-3,-3), (-3,-3), (-3,-3), (-3,-3)]
Turtle 4 :[(-4,-4), (1,9), (1,10), (1,9), (1,9), (1,9), (0,9), (0,8), (0,7), (-4,-4), (-4,-4), (-4,-4)]
Turtle 5 :[(-5,-5), (10,7), (9,7), (8,7), (7,7), (6,7), (5,7), (-5,-5), (-5,-5), (-5,-5), (-5,-5), (-5,-5)]

Shrinking Run 60
#Info# Executed steps before collision: 3, Found collision: true
Turtle 1 :[(-1,-1), (1,11), (0,11), (0,10), (0,9), (0,8), (-1,-1)]
Turtle 2 :[(-2,-2), (8,17), (7,17), (6,17), (5,17), (4,17), (3,17)]
Turtle 3 :[(-3,-3), (2,9), (1,9), (1,9), (1,8), (-3,-3), (-3,-3)]
Turtle 4 :[(-4,-4), (1,9), (1,10), (1,9), (1,8), (1,7), (0,7)]
Turtle 5 :[(-5,-5), (10,7), (9,7), (8,7), (7,7), (6,7), (5,7)]

Shrinking Run 61
#Info# Executed steps before collision: 3, Found collision: true
Turtle 1 :[(-1,-1), (1,11), (0,11), (0,10), (0,9), (0,8), (-1,-1), (-1,-1)]
Turtle 2 :[(-2,-2), (8,17), (7,17), (6,17), (5,17), (4,17), (3,17), (-2,-2)]
Turtle 3 :[(-3,-3), (2,9), (2,9), (1,9), (1,10), (1,9), (1,8), (0,8)]
Turtle 4 :[(-4,-4), (1,9), (1,10), (1,9), (1,8), (1,7), (0,7), (-4,-4)]
Turtle 5 :[(-5,-5), (10,7), (9,7), (8,7), (7,7), (6,7), (5,7), (-5,-5)]

Shrinking Run 62
#Info# Executed steps before collision: 9, Found collision: false
Turtle 1 :[(-1,-1), (1,11), (0,11), (0,10), (0,9), (0,8), (-1,-1), (-1,-1), (-1,-1), (-1,-1)]
Turtle 2 :[(-2,-2), (8,17), (7,17), (6,17), (5,17), (4,17), (3,17), (-2,-2), (-2,-2), (-2,-2)]
Turtle 3 :[(-3,-3), (2,9), (2,8), (1,8), (1,7), (0,7), (0,6), (-3,-3), (-3,-3), (-3,-3)]
Turtle 4 :[(-4,-4), (1,9), (1,10), (1,9), (1,9), (1,10), (1,9), (1,8), (0,8), (0,7)]
Turtle 5 :[(-5,-5), (10,7), (9,7), (8,7), (7,7), (6,7), (5,7), (-5,-5), (-5,-5), (-5,-5)]

Shrinking Run 63
#Info# Executed steps before collision: 4, Found collision: true
Turtle 1 :[(-1,-1), (1,11), (0,11), (0,10), (0,9), (0,10), (0,9), (0,8), (-1,-1), (-1,-1), (-1,-1), (-1,-1)]
Turtle 2 :[(-2,-2), (8,17), (7,17), (6,17), (5,17), (4,17), (3,17), (-2,-2), (-2,-2), (-2,-2), (-2,-2), (-2,-2)]
Turtle 3 :[(-3,-3), (2,9), (2,8), (1,8), (0,8), (0,7), (-3,-3), (-3,-3), (-3,-3), (-3,-3), (-3,-3), (-3,-3)]
Turtle 4 :[(-4,-4), (1,9), (1,10), (1,9), (0,9), (0,10), (0,10), (0,9), (1,9), (0,9), (0,8), (0,7)]
Turtle 5 :[(-5,-5), (10,7), (9,7), (8,7), (7,7), (6,7), (5,7), (-5,-5), (-5,-5), (-5,-5), (-5,-5), (-5,-5)]

Shrinking Run 64
#Info# Executed steps before collision: 11, Found collision: false
Turtle 1 :[(-1,-1), (1,11), (0,11), (0,10), (0,9), (0,10), (0,9), (0,8), (-1,-1), (-1,-1), (-1,-1), (-1,-1)]
Turtle 2 :[(-2,-2), (8,17), (7,17), (6,17), (5,17), (4,17), (3,17), (-2,-2), (-2,-2), (-2,-2), (-2,-2), (-2,-2)]
Turtle 3 :[(-3,-3), (2,9), (1,9), (1,8), (0,8), (0,7), (-3,-3), (-3,-3), (-3,-3), (-3,-3), (-3,-3), (-3,-3)]
Turtle 4 :[(-4,-4), (1,9), (1,10), (1,9), (1,9), (2,9), (1,9), (1,8), (2,8), (1,8), (0,8), (0,7)]
Turtle 5 :[(-5,-5), (10,7), (9,7), (8,7), (7,7), (6,7), (5,7), (-5,-5), (-5,-5), (-5,-5), (-5,-5), (-5,-5)]

Shrinking Run 65
#Info# Executed steps before collision: 12, Found collision: false
Turtle 1 :[(-1,-1), (1,11), (0,11), (0,10), (0,9), (0,10), (0,9), (0,8), (-1,-1), (-1,-1), (-1,-1), (-1,-1), (-1,-1)]
Turtle 2 :[(-2,-2), (8,17), (7,17), (6,17), (5,17), (4,17), (3,17), (-2,-2), (-2,-2), (-2,-2), (-2,-2), (-2,-2), (-2,-2)]
Turtle 3 :[(-3,-3), (2,9), (2,8), (1,8), (0,8), (0,7), (-3,-3), (-3,-3), (-3,-3), (-3,-3), (-3,-3), (-3,-3), (-3,-3)]
Turtle 4 :[(-4,-4), (1,9), (1,9), (1,9), (1,9), (1,9), (2,9), (2,8), (1,8), (0,8), (0,7), (0,6), (0,5)]
Turtle 5 :[(-5,-5), (10,7), (9,7), (8,7), (7,7), (6,7), (5,7), (-5,-5), (-5,-5), (-5,-5), (-5,-5), (-5,-5), (-5,-5)]

Shrinking Run 66
#Info# Executed steps before collision: 7, Found collision: false
Turtle 1 :[(-1,-1), (1,11), (0,11), (0,10), (0,9), (0,8), (-1,-1), (-1,-1)]
Turtle 2 :[(-2,-2), (8,17), (7,17), (6,17), (5,17), (4,17), (3,17), (-2,-2)]
Turtle 3 :[(-3,-3), (2,9), (2,8), (2,9), (2,8), (1,8), (1,7), (0,7)]
Turtle 4 :[(-4,-4), (1,9), (1,8), (1,7), (1,6), (0,6), (-4,-4), (-4,-4)]
Turtle 5 :[(-5,-5), (10,7), (9,7), (8,7), (7,7), (6,7), (5,7), (-5,-5)]

Shrinking Run 67
#Info# Executed steps before collision: 8, Found collision: false
Turtle 1 :[(-1,-1), (1,11), (0,11), (0,10), (0,9), (0,8), (-1,-1), (-1,-1), (-1,-1)]
Turtle 2 :[(-2,-2), (8,17), (7,17), (6,17), (5,17), (4,17), (3,17), (-2,-2), (-2,-2)]
Turtle 3 :[(-3,-3), (2,9), (2,8), (2,8), (1,8), (1,9), (0,9), (0,8), (0,7)]
Turtle 4 :[(-4,-4), (1,9), (1,8), (0,8), (0,7), (-4,-4), (-4,-4), (-4,-4), (-4,-4)]
Turtle 5 :[(-5,-5), (10,7), (9,7), (8,7), (7,7), (6,7), (5,7), (-5,-5), (-5,-5)]

Shrinking Run 68
#Info# Executed steps before collision: 6, Found collision: false
Turtle 1 :[(-1,-1), (1,11), (0,11), (0,10), (0,9), (0,8), (-1,-1)]
Turtle 2 :[(-2,-2), (8,17), (7,17), (6,17), (5,17), (4,17), (3,17)]
Turtle 3 :[(-3,-3), (2,9), (2,8), (2,7), (1,7), (1,7), (0,7)]
Turtle 4 :[(-4,-4), (1,9), (1,8), (0,8), (0,7), (-4,-4), (-4,-4)]
Turtle 5 :[(-5,-5), (10,7), (9,7), (8,7), (7,7), (6,7), (5,7)]

Shrinking Run 69
#Info# Executed steps before collision: 5, Found collision: true
Turtle 1 :[(-1,-1), (1,11), (0,11), (0,10), (0,9), (1,9), (0,9), (0,8), (-1,-1)]
Turtle 2 :[(-2,-2), (8,17), (7,17), (6,17), (5,17), (4,17), (3,17), (-2,-2), (-2,-2)]
Turtle 3 :[(-3,-3), (2,9), (2,8), (1,8), (0,8), (0,7), (-3,-3), (-3,-3), (-3,-3)]
Turtle 4 :[(-4,-4), (1,9), (0,9), (1,9), (2,9), (1,9), (1,8), (1,7), (0,7)]
Turtle 5 :[(-5,-5), (10,7), (9,7), (8,7), (7,7), (6,7), (5,7), (-5,-5), (-5,-5)]

Shrinking Run 70
#Info# Executed steps before collision: 5, Found collision: true
Turtle 1 :[(-1,-1), (1,11), (0,11), (0,10), (0,9), (0,8), (-1,-1), (-1,-1), (-1,-1)]
Turtle 2 :[(-2,-2), (8,17), (7,17), (6,17), (5,17), (4,17), (3,17), (-2,-2), (-2,-2)]
Turtle 3 :[(-3,-3), (2,9), (2,8), (1,8), (1,8), (1,9), (0,9), (0,8), (0,7)]
Turtle 4 :[(-4,-4), (1,9), (0,9), (0,8), (0,7), (0,8), (0,7), (-4,-4), (-4,-4)]
Turtle 5 :[(-5,-5), (10,7), (9,7), (8,7), (7,7), (6,7), (5,7), (-5,-5), (-5,-5)]

Shrinking Run 71
#Info# Executed steps before collision: 4, Found collision: true
Turtle 1 :[(-1,-1), (1,11), (1,10), (0,10), (0,9), (-1,-1), (-1,-1), (-1,-1), (-1,-1)]
Turtle 2 :[(-2,-2), (8,17), (7,17), (6,17), (5,17), (4,17), (3,17), (-2,-2), (-2,-2)]
Turtle 3 :[(-3,-3), (2,9), (2,8), (1,8), (0,8), (0,7), (-3,-3), (-3,-3), (-3,-3)]
Turtle 4 :[(-4,-4), (1,9), (0,9), (1,9), (0,9), (0,10), (0,9), (0,8), (0,7)]
Turtle 5 :[(-5,-5), (10,7), (9,7), (8,7), (7,7), (6,7), (5,7), (-5,-5), (-5,-5)]

Shrinking Run 72
#Info# Executed steps before collision: 10, Found collision: false
Turtle 1 :[(-1,-1), (1,11), (1,10), (1,9), (2,9), (2,10), (2,9), (2,8), (2,7), (2,6), (1,6)]
Turtle 2 :[(-2,-2), (8,17), (7,17), (6,17), (5,17), (4,17), (3,17), (-2,-2), (-2,-2), (-2,-2), (-2,-2)]
Turtle 3 :[(-3,-3), (2,9), (2,8), (1,8), (2,8), (1,8), (1,7), (0,7), (-3,-3), (-3,-3), (-3,-3)]
Turtle 4 :[(-4,-4), (1,9), (0,9), (0,8), (0,9), (0,8), (0,7), (-4,-4), (-4,-4), (-4,-4), (-4,-4)]
Turtle 5 :[(-5,-5), (10,7), (9,7), (8,7), (7,7), (6,7), (5,7), (-5,-5), (-5,-5), (-5,-5), (-5,-5)]

Shrinking Run 73
#Info# Executed steps before collision: 8, Found collision: false
Turtle 1 :[(-1,-1), (1,11), (1,10), (1,9), (1,9), (1,8), (2,8), (1,8), (0,8)]
Turtle 2 :[(-2,-2), (8,17), (7,17), (6,17), (5,17), (4,17), (3,17), (-2,-2), (-2,-2)]
Turtle 3 :[(-3,-3), (2,9), (2,8), (1,8), (0,8), (0,7), (-3,-3), (-3,-3), (-3,-3)]
Turtle 4 :[(-4,-4), (1,9), (0,9), (0,8), (0,9), (0,9), (0,8), (0,7), (-4,-4)]
Turtle 5 :[(-5,-5), (10,7), (9,7), (8,7), (7,7), (6,7), (5,7), (-5,-5), (-5,-5)]

Shrinking Run 74
#Info# Executed steps before collision: 7, Found collision: false
Turtle 1 :[(-1,-1), (1,11), (0,11), (0,10), (0,9), (-1,-1), (-1,-1), (-1,-1)]
Turtle 2 :[(-2,-2), (8,17), (7,17), (6,17), (5,17), (4,17), (3,17), (-2,-2)]
Turtle 3 :[(-3,-3), (2,9), (2,8), (1,8), (1,7), (2,7), (1,7), (0,7)]
Turtle 4 :[(-4,-4), (1,9), (0,9), (0,8), (0,7), (-4,-4), (-4,-4), (-4,-4)]
Turtle 5 :[(-5,-5), (10,7), (9,7), (8,7), (7,7), (6,7), (5,7), (-5,-5)]

Shrinking Run 75
#Info# Executed steps before collision: 3, Found collision: true
Turtle 1 :[(-1,-1), (1,11), (1,10), (0,10), (0,9), (-1,-1), (-1,-1), (-1,-1), (-1,-1)]
Turtle 2 :[(-2,-2), (8,17), (7,17), (6,17), (5,17), (4,17), (3,17), (-2,-2), (-2,-2)]
Turtle 3 :[(-3,-3), (2,9), (2,8), (1,8), (1,7), (0,7), (0,6), (-3,-3), (-3,-3)]
Turtle 4 :[(-4,-4), (1,9), (0,9), (0,10), (0,11), (0,10), (0,9), (0,8), (0,7)]
Turtle 5 :[(-5,-5), (10,7), (9,7), (8,7), (7,7), (6,7), (5,7), (-5,-5), (-5,-5)]

Shrinking Run 76
#Info# Executed steps before collision: 9, Found collision: false
Turtle 1 :[(-1,-1), (1,11), (1,10), (0,10), (0,9), (-1,-1), (-1,-1), (-1,-1), (-1,-1), (-1,-1)]
Turtle 2 :[(-2,-2), (8,17), (7,17), (6,17), (5,17), (4,17), (3,17), (-2,-2), (-2,-2), (-2,-2)]
Turtle 3 :[(-3,-3), (2,9), (1,9), (1,8), (1,7), (0,7), (0,6), (-3,-3), (-3,-3), (-3,-3)]
Turtle 4 :[(-4,-4), (1,9), (0,9), (0,8), (0,8), (1,8), (1,7), (2,7), (1,7), (0,7)]
Turtle 5 :[(-5,-5), (10,7), (9,7), (8,7), (7,7), (6,7), (5,7), (-5,-5), (-5,-5), (-5,-5)]

Shrinking Run 77
#Info# Executed steps before collision: 8, Found collision: false
Turtle 1 :[(-1,-1), (1,11), (1,10), (0,10), (0,9), (-1,-1), (-1,-1), (-1,-1), (-1,-1)]
Turtle 2 :[(-2,-2), (8,17), (7,17), (6,17), (5,17), (4,17), (3,17), (-2,-2), (-2,-2)]
Turtle 3 :[(-3,-3), (2,9), (2,8), (1,8), (1,9), (1,8), (1,7), (1,6), (0,6)]
Turtle 4 :[(-4,-4), (1,9), (0,9), (0,8), (0,8), (0,7), (-4,-4), (-4,-4), (-4,-4)]
Turtle 5 :[(-5,-5), (10,7), (9,7), (8,7), (7,7), (6,7), (5,7), (-5,-5), (-5,-5)]

Shrinking Run 78
#Info# Executed steps before collision: 11, Found collision: false
Turtle 1 :[(-1,-1), (1,11), (1,10), (0,10), (0,9), (-1,-1), (-1,-1), (-1,-1), (-1,-1), (-1,-1), (-1,-1), (-1,-1)]
Turtle 2 :[(-2,-2), (8,17), (7,17), (6,17), (5,17), (4,17), (3,17), (-2,-2), (-2,-2), (-2,-2), (-2,-2), (-2,-2)]
Turtle 3 :[(-3,-3), (2,9), (2,8), (1,8), (1,7), (0,7), (0,6), (-3,-3), (-3,-3), (-3,-3), (-3,-3), (-3,-3)]
Turtle 4 :[(-4,-4), (1,9), (1,9), (1,9), (1,9), (1,10), (1,9), (1,8), (1,7), (1,6), (0,6), (0,5)]
Turtle 5 :[(-5,-5), (10,7), (9,7), (8,7), (7,7), (6,7), (5,7), (-5,-5), (-5,-5), (-5,-5), (-5,-5), (-5,-5)]

Shrinking Run 79
#Info# Executed steps before collision: 9, Found collision: false
Turtle 1 :[(-1,-1), (1,11), (1,10), (0,10), (0,9), (-1,-1), (-1,-1), (-1,-1), (-1,-1), (-1,-1)]
Turtle 2 :[(-2,-2), (8,17), (7,17), (6,17), (5,17), (4,17), (3,17), (-2,-2), (-2,-2), (-2,-2)]
Turtle 3 :[(-3,-3), (2,9), (2,8), (2,7), (1,7), (1,6), (0,6), (-3,-3), (-3,-3), (-3,-3)]
Turtle 4 :[(-4,-4), (1,9), (1,8), (2,8), (2,9), (2,8), (2,7), (1,7), (1,6), (0,6)]
Turtle 5 :[(-5,-5), (10,7), (9,7), (8,7), (7,7), (6,7), (5,7), (-5,-5), (-5,-5), (-5,-5)]

Shrinking Run 80
#Info# Executed steps before collision: 6, Found collision: false
Turtle 1 :[(-1,-1), (1,11), (1,10), (0,10), (0,9), (-1,-1), (-1,-1)]
Turtle 2 :[(-2,-2), (8,17), (7,17), (6,17), (5,17), (4,17), (3,17)]
Turtle 3 :[(-3,-3), (2,9), (2,8), (2,7), (1,7), (1,6), (0,6)]
Turtle 4 :[(-4,-4), (1,9), (1,8), (0,8), (0,7), (-4,-4), (-4,-4)]
Turtle 5 :[(-5,-5), (10,7), (9,7), (8,7), (7,7), (6,7), (5,7)]

Shrinking Run 81
#Info# Executed steps before collision: 8, Found collision: false
Turtle 1 :[(-1,-1), (1,11), (1,10), (0,10), (0,9), (-1,-1), (-1,-1), (-1,-1), (-1,-1)]
Turtle 2 :[(-2,-2), (8,17), (7,17), (6,17), (5,17), (4,17), (3,17), (-2,-2), (-2,-2)]
Turtle 3 :[(-3,-3), (2,9), (2,8), (2,7), (1,7), (0,7), (0,6), (-3,-3), (-3,-3)]
Turtle 4 :[(-4,-4), (1,9), (1,8), (1,9), (1,8), (1,9), (1,8), (0,8), (0,7)]
Turtle 5 :[(-5,-5), (10,7), (9,7), (8,7), (7,7), (6,7), (5,7), (-5,-5), (-5,-5)]

Shrinking Run 82
#Info# Executed steps before collision: 8, Found collision: false
Turtle 1 :[(-1,-1), (1,11), (1,10), (1,9), (0,9), (0,8), (1,8), (1,7), (1,6)]
Turtle 2 :[(-2,-2), (8,17), (7,17), (6,17), (5,17), (4,17), (3,17), (-2,-2), (-2,-2)]
Turtle 3 :[(-3,-3), (2,9), (2,8), (1,8), (1,7), (0,7), (0,6), (-3,-3), (-3,-3)]
Turtle 4 :[(-4,-4), (1,9), (0,9), (0,8), (0,7), (-4,-4), (-4,-4), (-4,-4), (-4,-4)]
Turtle 5 :[(-5,-5), (10,7), (9,7), (8,7), (7,7), (6,7), (5,7), (-5,-5), (-5,-5)]

Shrinking Run 83
#Info# Executed steps before collision: 4, Found collision: true
Turtle 1 :[(-1,-1), (1,11), (1,10), (1,9), (0,9), (0,8), (-1,-1), (-1,-1), (-1,-1)]
Turtle 2 :[(-2,-2), (8,17), (7,17), (6,17), (5,17), (4,17), (3,17), (-2,-2), (-2,-2)]
Turtle 3 :[(-3,-3), (2,9), (2,8), (1,8), (1,7), (0,7), (0,6), (-3,-3), (-3,-3)]
Turtle 4 :[(-4,-4), (1,9), (0,9), (0,8), (0,9), (0,8), (0,9), (0,8), (0,7)]
Turtle 5 :[(-5,-5), (10,7), (9,7), (8,7), (7,7), (6,7), (5,7), (-5,-5), (-5,-5)]

Shrinking Run 84
#Info# Executed steps before collision: 10, Found collision: false
Turtle 1 :[(-1,-1), (1,11), (1,10), (1,9), (1,9), (1,8), (1,7), (0,7), (-1,-1), (-1,-1), (-1,-1)]
Turtle 2 :[(-2,-2), (8,17), (7,17), (6,17), (5,17), (4,17), (3,17), (-2,-2), (-2,-2), (-2,-2), (-2,-2)]
Turtle 3 :[(-3,-3), (2,9), (2,8), (1,8), (1,7), (0,7), (0,6), (-3,-3), (-3,-3), (-3,-3), (-3,-3)]
Turtle 4 :[(-4,-4), (1,9), (0,9), (0,10), (0,9), (0,8), (0,8), (0,8), (0,9), (0,8), (0,7)]
Turtle 5 :[(-5,-5), (10,7), (9,7), (8,7), (7,7), (6,7), (5,7), (-5,-5), (-5,-5), (-5,-5), (-5,-5)]

Shrinking Run 85
#Info# Executed steps before collision: 6, Found collision: false
Turtle 1 :[(-1,-1), (1,11), (1,10), (1,9), (0,9), (0,8), (-1,-1)]
Turtle 2 :[(-2,-2), (8,17), (7,17), (6,17), (5,17), (4,17), (3,17)]
Turtle 3 :[(-3,-3), (2,9), (2,8), (1,8), (1,7), (0,7), (0,6)]
Turtle 4 :[(-4,-4), (1,9), (0,9), (0,8), (0,7), (-4,-4), (-4,-4)]
Turtle 5 :[(-5,-5), (10,7), (9,7), (8,7), (7,7), (6,7), (5,7)]

Shrinking Run 86
#Info# Executed steps before collision: 5, Found collision: true
Turtle 1 :[(-1,-1), (1,11), (0,11), (0,10), (0,10), (0,9), (1,9), (1,8), (0,8)]
Turtle 2 :[(-2,-2), (8,17), (7,17), (6,17), (5,17), (4,17), (3,17), (-2,-2), (-2,-2)]
Turtle 3 :[(-3,-3), (2,9), (2,8), (1,8), (1,7), (0,7), (0,6), (-3,-3), (-3,-3)]
Turtle 4 :[(-4,-4), (1,9), (0,9), (0,9), (0,8), (0,7), (-4,-4), (-4,-4), (-4,-4)]
Turtle 5 :[(-5,-5), (10,7), (9,7), (8,7), (7,7), (6,7), (5,7), (-5,-5), (-5,-5)]

Shrinking Run 87
#Info# Executed steps before collision: 5, Found collision: true
Turtle 1 :[(-1,-1), (1,11), (0,11), (0,10), (0,10), (0,9), (0,8), (-1,-1), (-1,-1)]
Turtle 2 :[(-2,-2), (8,17), (7,17), (6,17), (5,17), (4,17), (3,17), (-2,-2), (-2,-2)]
Turtle 3 :[(-3,-3), (2,9), (1,9), (1,8), (1,7), (0,7), (0,6), (-3,-3), (-3,-3)]
Turtle 4 :[(-4,-4), (1,9), (0,9), (0,9), (0,8), (0,9), (0,9), (0,8), (0,7)]
Turtle 5 :[(-5,-5), (10,7), (9,7), (8,7), (7,7), (6,7), (5,7), (-5,-5), (-5,-5)]

Shrinking Run 88
#Info# Executed steps before collision: 8, Found collision: false
Turtle 1 :[(-1,-1), (1,11), (0,11), (0,10), (0,9), (0,8), (-1,-1), (-1,-1), (-1,-1)]
Turtle 2 :[(-2,-2), (8,17), (7,17), (6,17), (5,17), (4,17), (3,17), (-2,-2), (-2,-2)]
Turtle 3 :[(-3,-3), (2,9), (1,9), (2,9), (1,9), (1,8), (1,7), (1,6), (0,6)]
Turtle 4 :[(-4,-4), (1,9), (0,9), (0,8), (0,8), (0,7), (-4,-4), (-4,-4), (-4,-4)]
Turtle 5 :[(-5,-5), (10,7), (9,7), (8,7), (7,7), (6,7), (5,7), (-5,-5), (-5,-5)]

Shrinking Run 89
#Info# Executed steps before collision: 8, Found collision: false
Turtle 1 :[(-1,-1), (1,11), (0,11), (0,10), (0,9), (0,8), (-1,-1), (-1,-1), (-1,-1)]
Turtle 2 :[(-2,-2), (8,17), (7,17), (6,17), (5,17), (4,17), (3,17), (-2,-2), (-2,-2)]
Turtle 3 :[(-3,-3), (2,9), (1,9), (1,8), (2,8), (2,7), (2,6), (1,6), (0,6)]
Turtle 4 :[(-4,-4), (1,9), (0,9), (0,8), (0,7), (-4,-4), (-4,-4), (-4,-4), (-4,-4)]
Turtle 5 :[(-5,-5), (10,7), (9,7), (8,7), (7,7), (6,7), (5,7), (-5,-5), (-5,-5)]

Shrinking Run 90
#Info# Executed steps before collision: 2, Found collision: true
Turtle 1 :[(-1,-1), (1,11), (0,11), (0,10), (0,9), (0,8), (-1,-1), (-1,-1), (-1,-1), (-1,-1), (-1,-1), (-1,-1), (-1,-1)]
Turtle 2 :[(-2,-2), (8,17), (7,17), (6,17), (5,17), (4,17), (3,17), (-2,-2), (-2,-2), (-2,-2), (-2,-2), (-2,-2), (-2,-2)]
Turtle 3 :[(-3,-3), (2,9), (1,9), (1,8), (1,7), (0,7), (0,6), (-3,-3), (-3,-3), (-3,-3), (-3,-3), (-3,-3), (-3,-3)]
Turtle 4 :[(-4,-4), (1,9), (1,9), (1,9), (1,9), (1,9), (0,9), (0,8), (0,8), (0,7), (0,7), (0,6), (0,5)]
Turtle 5 :[(-5,-5), (10,7), (9,7), (8,7), (7,7), (6,7), (5,7), (-5,-5), (-5,-5), (-5,-5), (-5,-5), (-5,-5), (-5,-5)]

Shrinking Run 91
#Info# Executed steps before collision: 8, Found collision: false
Turtle 1 :[(-1,-1), (1,11), (0,11), (0,10), (0,9), (0,8), (-1,-1), (-1,-1), (-1,-1)]
Turtle 2 :[(-2,-2), (8,17), (7,17), (6,17), (5,17), (4,17), (3,17), (-2,-2), (-2,-2)]
Turtle 3 :[(-3,-3), (2,9), (1,9), (2,9), (1,9), (1,8), (1,7), (0,7), (0,6)]
Turtle 4 :[(-4,-4), (1,9), (1,8), (0,8), (0,7), (0,6), (0,5), (-4,-4), (-4,-4)]
Turtle 5 :[(-5,-5), (10,7), (9,7), (8,7), (7,7), (6,7), (5,7), (-5,-5), (-5,-5)]

Shrinking Run 92
#Info# Executed steps before collision: 2, Found collision: true
Turtle 1 :[(-1,-1), (1,11), (0,11), (0,10), (0,9), (0,8), (-1,-1), (-1,-1), (-1,-1), (-1,-1), (-1,-1), (-1,-1), (-1,-1)]
Turtle 2 :[(-2,-2), (8,17), (7,17), (6,17), (5,17), (4,17), (3,17), (-2,-2), (-2,-2), (-2,-2), (-2,-2), (-2,-2), (-2,-2)]
Turtle 3 :[(-3,-3), (2,9), (1,9), (1,8), (1,7), (0,7), (0,6), (-3,-3), (-3,-3), (-3,-3), (-3,-3), (-3,-3), (-3,-3)]
Turtle 4 :[(-4,-4), (1,9), (1,9), (1,9), (1,9), (1,9), (1,8), (1,7), (1,7), (1,6), (1,6), (0,6), (0,5)]
Turtle 5 :[(-5,-5), (10,7), (9,7), (8,7), (7,7), (6,7), (5,7), (-5,-5), (-5,-5), (-5,-5), (-5,-5), (-5,-5), (-5,-5)]

Shrinking Run 93
#Info# Executed steps before collision: 8, Found collision: false
Turtle 1 :[(-1,-1), (1,11), (0,11), (0,10), (0,9), (0,8), (-1,-1), (-1,-1), (-1,-1)]
Turtle 2 :[(-2,-2), (8,17), (7,17), (6,17), (5,17), (4,17), (3,17), (-2,-2), (-2,-2)]
Turtle 3 :[(-3,-3), (2,9), (1,9), (2,9), (2,8), (1,8), (1,7), (0,7), (0,6)]
Turtle 4 :[(-4,-4), (1,9), (1,8), (1,7), (0,7), (0,6), (0,5), (-4,-4), (-4,-4)]
Turtle 5 :[(-5,-5), (10,7), (9,7), (8,7), (7,7), (6,7), (5,7), (-5,-5), (-5,-5)]

Shrinking Run 94
#Info# Executed steps before collision: 7, Found collision: false
Turtle 1 :[(-1,-1), (1,11), (0,11), (0,10), (0,9), (0,8), (-1,-1), (-1,-1)]
Turtle 2 :[(-2,-2), (8,17), (7,17), (6,17), (5,17), (4,17), (3,17), (-2,-2)]
Turtle 3 :[(-3,-3), (2,9), (1,9), (1,9), (1,8), (1,7), (0,7), (0,6)]
Turtle 4 :[(-4,-4), (1,9), (1,8), (0,8), (0,7), (0,6), (0,5), (-4,-4)]
Turtle 5 :[(-5,-5), (10,7), (9,7), (8,7), (7,7), (6,7), (5,7), (-5,-5)]

Shrinking Run 95
#Info# Executed steps before collision: 4, Found collision: true
Turtle 1 :[(-1,-1), (1,11), (0,11), (0,10), (0,9), (0,8), (-1,-1), (-1,-1), (-1,-1), (-1,-1), (-1,-1)]
Turtle 2 :[(-2,-2), (8,17), (7,17), (6,17), (5,17), (4,17), (3,17), (-2,-2), (-2,-2), (-2,-2), (-2,-2)]
Turtle 3 :[(-3,-3), (2,9), (1,9), (1,8), (1,7), (0,7), (0,6), (-3,-3), (-3,-3), (-3,-3), (-3,-3)]
Turtle 4 :[(-4,-4), (1,9), (1,10), (1,9), (0,9), (0,10), (0,9), (0,8), (0,7), (0,6), (0,5)]
Turtle 5 :[(-5,-5), (10,7), (9,7), (8,7), (7,7), (6,7), (5,7), (-5,-5), (-5,-5), (-5,-5), (-5,-5)]

Shrinking Run 96
#Info# Executed steps before collision: 10, Found collision: false
Turtle 1 :[(-1,-1), (1,11), (0,11), (0,10), (0,9), (0,8), (-1,-1), (-1,-1), (-1,-1), (-1,-1), (-1,-1)]
Turtle 2 :[(-2,-2), (8,17), (7,17), (6,17), (5,17), (4,17), (3,17), (-2,-2), (-2,-2), (-2,-2), (-2,-2)]
Turtle 3 :[(-3,-3), (2,9), (1,9), (2,9), (2,8), (3,8), (2,8), (2,7), (1,7), (1,6), (0,6)]
Turtle 4 :[(-4,-4), (1,9), (1,8), (1,8), (1,8), (1,8), (1,7), (0,7), (0,6), (0,5), (-4,-4)]
Turtle 5 :[(-5,-5), (10,7), (9,7), (8,7), (7,7), (6,7), (5,7), (-5,-5), (-5,-5), (-5,-5), (-5,-5)]

Shrinking Run 97
#Info# Executed steps before collision: 4, Found collision: true
Turtle 1 :[(-1,-1), (1,11), (0,11), (0,10), (0,9), (0,8), (-1,-1), (-1,-1), (-1,-1), (-1,-1), (-1,-1)]
Turtle 2 :[(-2,-2), (8,17), (7,17), (6,17), (5,17), (4,17), (3,17), (-2,-2), (-2,-2), (-2,-2), (-2,-2)]
Turtle 3 :[(-3,-3), (2,9), (1,9), (1,9), (1,8), (1,7), (1,6), (0,6), (-3,-3), (-3,-3), (-3,-3)]
Turtle 4 :[(-4,-4), (1,9), (1,8), (1,8), (1,8), (1,8), (1,8), (0,8), (0,7), (0,6), (0,5)]
Turtle 5 :[(-5,-5), (10,7), (9,7), (8,7), (7,7), (6,7), (5,7), (-5,-5), (-5,-5), (-5,-5), (-5,-5)]

Shrinking Run 98
#Info# Executed steps before collision: 10, Found collision: false
Turtle 1 :[(-1,-1), (1,11), (0,11), (0,10), (0,11), (0,10), (0,9), (0,10), (0,9), (0,8), (-1,-1)]
Turtle 2 :[(-2,-2), (8,17), (7,17), (6,17), (5,17), (4,17), (3,17), (-2,-2), (-2,-2), (-2,-2), (-2,-2)]
Turtle 3 :[(-3,-3), (2,9), (1,9), (1,8), (1,7), (0,7), (0,6), (-3,-3), (-3,-3), (-3,-3), (-3,-3)]
Turtle 4 :[(-4,-4), (1,9), (0,9), (0,9), (0,9), (0,9), (0,8), (0,8), (0,7), (0,6), (0,5)]
Turtle 5 :[(-5,-5), (10,7), (9,7), (8,7), (7,7), (6,7), (5,7), (-5,-5), (-5,-5), (-5,-5), (-5,-5)]

Shrinking Run 99
#Info# Executed steps before collision: 10, Found collision: false
Turtle 1 :[(-1,-1), (1,11), (0,11), (0,10), (0,9), (0,8), (-1,-1), (-1,-1), (-1,-1), (-1,-1), (-1,-1)]
Turtle 2 :[(-2,-2), (8,17), (7,17), (6,17), (5,17), (4,17), (3,17), (-2,-2), (-2,-2), (-2,-2), (-2,-2)]
Turtle 3 :[(-3,-3), (2,9), (1,9), (2,9), (2,8), (1,8), (1,9), (0,9), (0,8), (0,7), (0,6)]
Turtle 4 :[(-4,-4), (1,9), (1,8), (1,7), (1,7), (1,6), (0,6), (0,6), (0,5), (-4,-4), (-4,-4)]
Turtle 5 :[(-5,-5), (10,7), (9,7), (8,7), (7,7), (6,7), (5,7), (-5,-5), (-5,-5), (-5,-5), (-5,-5)]

Shrinking Run 100
#Info# Executed steps before collision: 10, Found collision: false
Turtle 1 :[(-1,-1), (1,11), (0,11), (0,10), (0,10), (0,9), (1,9), (0,9), (0,8), (-1,-1), (-1,-1)]
Turtle 2 :[(-2,-2), (8,17), (7,17), (6,17), (5,17), (4,17), (3,17), (-2,-2), (-2,-2), (-2,-2), (-2,-2)]
Turtle 3 :[(-3,-3), (2,9), (1,9), (0,9), (0,8), (0,7), (0,6), (-3,-3), (-3,-3), (-3,-3), (-3,-3)]
Turtle 4 :[(-4,-4), (1,9), (1,8), (1,7), (1,7), (1,7), (2,7), (1,7), (1,6), (1,5), (0,5)]
Turtle 5 :[(-5,-5), (10,7), (9,7), (8,7), (7,7), (6,7), (5,7), (-5,-5), (-5,-5), (-5,-5), (-5,-5)]

Shrinking Run 101
#Info# Executed steps before collision: 11, Found collision: false
Turtle 1 :[(-1,-1), (1,11), (0,11), (0,10), (0,9), (0,8), (-1,-1), (-1,-1), (-1,-1), (-1,-1), (-1,-1), (-1,-1)]
Turtle 2 :[(-2,-2), (8,17), (7,17), (6,17), (5,17), (4,17), (3,17), (-2,-2), (-2,-2), (-2,-2), (-2,-2), (-2,-2)]
Turtle 3 :[(-3,-3), (2,9), (1,9), (1,10), (1,9), (1,8), (1,7), (0,7), (0,6), (-3,-3), (-3,-3), (-3,-3)]
Turtle 4 :[(-4,-4), (1,9), (1,8), (1,8), (1,7), (1,6), (0,6), (1,6), (2,6), (1,6), (0,6), (0,5)]
Turtle 5 :[(-5,-5), (10,7), (9,7), (8,7), (7,7), (6,7), (5,7), (-5,-5), (-5,-5), (-5,-5), (-5,-5), (-5,-5)]

Shrinking Run 102
#Info# Executed steps before collision: 10, Found collision: false
Turtle 1 :[(-1,-1), (1,11), (0,11), (0,10), (0,9), (0,8), (-1,-1), (-1,-1), (-1,-1), (-1,-1), (-1,-1)]
Turtle 2 :[(-2,-2), (8,17), (7,17), (6,17), (5,17), (4,17), (3,17), (-2,-2), (-2,-2), (-2,-2), (-2,-2)]
Turtle 3 :[(-3,-3), (2,9), (1,9), (2,9), (2,8), (2,7), (1,7), (1,6), (0,6), (-3,-3), (-3,-3)]
Turtle 4 :[(-4,-4), (1,9), (1,8), (1,8), (1,7), (0,7), (0,6), (0,6), (1,6), (1,5), (0,5)]
Turtle 5 :[(-5,-5), (10,7), (9,7), (8,7), (7,7), (6,7), (5,7), (-5,-5), (-5,-5), (-5,-5), (-5,-5)]

Shrinking Run 103
#Info# Executed steps before collision: 9, Found collision: false
Turtle 1 :[(-1,-1), (1,11), (1,10), (1,11), (1,10), (1,9), (1,8), (1,7), (1,6), (-1,-1)]
Turtle 2 :[(-2,-2), (8,17), (7,17), (6,17), (5,17), (4,17), (3,17), (-2,-2), (-2,-2), (-2,-2)]
Turtle 3 :[(-3,-3), (2,9), (1,9), (0,9), (0,8), (0,7), (0,6), (-3,-3), (-3,-3), (-3,-3)]
Turtle 4 :[(-4,-4), (1,9), (1,8), (1,8), (1,8), (1,8), (0,8), (0,7), (0,6), (0,5)]
Turtle 5 :[(-5,-5), (10,7), (9,7), (8,7), (7,7), (6,7), (5,7), (-5,-5), (-5,-5), (-5,-5)]

Shrinking Run 104
#Info# Executed steps before collision: 7, Found collision: true
Turtle 1 :[(-1,-1), (1,11), (1,10), (1,11), (1,10), (1,9), (1,8), (1,9), (1,8), (1,9), (0,9), (0,8), (0,7)]
Turtle 2 :[(-2,-2), (8,17), (7,17), (6,17), (5,17), (4,17), (3,17), (-2,-2), (-2,-2), (-2,-2), (-2,-2), (-2,-2), (-2,-2)]
Turtle 3 :[(-3,-3), (2,9), (1,9), (2,9), (2,8), (2,7), (1,7), (0,7), (0,6), (-3,-3), (-3,-3), (-3,-3), (-3,-3)]
Turtle 4 :[(-4,-4), (1,9), (1,8), (1,8), (1,8), (1,8), (0,8), (0,7), (1,7), (0,7), (0,6), (0,5), (-4,-4)]
Turtle 5 :[(-5,-5), (10,7), (9,7), (8,7), (7,7), (6,7), (5,7), (-5,-5), (-5,-5), (-5,-5), (-5,-5), (-5,-5), (-5,-5)]

Shrinking Run 105
#Info# Executed steps before collision: 10, Found collision: false
Turtle 1 :[(-1,-1), (1,11), (1,10), (1,10), (1,9), (0,9), (0,8), (0,8), (0,7), (-1,-1), (-1,-1)]
Turtle 2 :[(-2,-2), (8,17), (7,17), (6,17), (5,17), (4,17), (3,17), (-2,-2), (-2,-2), (-2,-2), (-2,-2)]
Turtle 3 :[(-3,-3), (2,9), (1,9), (2,9), (2,8), (2,7), (1,7), (1,6), (1,6), (1,6), (0,6)]
Turtle 4 :[(-4,-4), (1,9), (1,8), (1,8), (1,8), (0,8), (0,7), (0,6), (0,5), (-4,-4), (-4,-4)]
Turtle 5 :[(-5,-5), (10,7), (9,7), (8,7), (7,7), (6,7), (5,7), (-5,-5), (-5,-5), (-5,-5), (-5,-5)]

Shrinking Run 106
#Info# Executed steps before collision: 7, Found collision: false
Turtle 1 :[(-1,-1), (1,11), (0,11), (0,10), (0,9), (0,8), (0,7), (-1,-1)]
Turtle 2 :[(-2,-2), (8,17), (7,17), (6,17), (5,17), (4,17), (3,17), (-2,-2)]
Turtle 3 :[(-3,-3), (2,9), (1,9), (1,9), (1,8), (1,7), (1,6), (0,6)]
Turtle 4 :[(-4,-4), (1,9), (1,8), (1,7), (0,7), (0,6), (0,5), (-4,-4)]
Turtle 5 :[(-5,-5), (10,7), (9,7), (8,7), (7,7), (6,7), (5,7), (-5,-5)]

Shrinking Run 107
#Info# Executed steps before collision: 7, Found collision: true
Turtle 1 :[(-1,-1), (1,11), (1,10), (0,10), (1,10), (1,9), (0,9), (0,9), (0,8), (0,7), (-1,-1), (-1,-1), (-1,-1), (-1,-1)]
Turtle 2 :[(-2,-2), (8,17), (7,17), (6,17), (5,17), (4,17), (3,17), (-2,-2), (-2,-2), (-2,-2), (-2,-2), (-2,-2), (-2,-2), (-2,-2)]
Turtle 3 :[(-3,-3), (2,9), (1,9), (0,9), (0,8), (0,7), (0,6), (-3,-3), (-3,-3), (-3,-3), (-3,-3), (-3,-3), (-3,-3), (-3,-3)]
Turtle 4 :[(-4,-4), (1,9), (1,8), (1,8), (1,8), (1,8), (0,8), (0,9), (0,8), (1,8), (1,7), (1,6), (1,5), (0,5)]
Turtle 5 :[(-5,-5), (10,7), (9,7), (8,7), (7,7), (6,7), (5,7), (-5,-5), (-5,-5), (-5,-5), (-5,-5), (-5,-5), (-5,-5), (-5,-5)]

Shrinking Run 108
#Info# Executed steps before collision: 7, Found collision: true
Turtle 1 :[(-1,-1), (1,11), (1,10), (0,10), (1,10), (0,10), (0,9), (0,8), (0,7), (-1,-1), (-1,-1)]
Turtle 2 :[(-2,-2), (8,17), (7,17), (6,17), (5,17), (4,17), (3,17), (-2,-2), (-2,-2), (-2,-2), (-2,-2)]
Turtle 3 :[(-3,-3), (2,9), (1,9), (0,9), (0,8), (0,7), (0,6), (-3,-3), (-3,-3), (-3,-3), (-3,-3)]
Turtle 4 :[(-4,-4), (1,9), (1,8), (1,8), (1,8), (1,8), (0,8), (0,8), (0,7), (0,6), (0,5)]
Turtle 5 :[(-5,-5), (10,7), (9,7), (8,7), (7,7), (6,7), (5,7), (-5,-5), (-5,-5), (-5,-5), (-5,-5)]

Shrinking Run 109
#Info# Executed steps before collision: 8, Found collision: false
Turtle 1 :[(-1,-1), (1,11), (1,10), (0,10), (0,9), (0,8), (0,7), (-1,-1), (-1,-1)]
Turtle 2 :[(-2,-2), (8,17), (7,17), (6,17), (5,17), (4,17), (3,17), (-2,-2), (-2,-2)]
Turtle 3 :[(-3,-3), (2,9), (1,9), (2,9), (2,8), (2,7), (2,6), (1,6), (0,6)]
Turtle 4 :[(-4,-4), (1,9), (0,9), (0,8), (0,7), (0,6), (0,5), (-4,-4), (-4,-4)]
Turtle 5 :[(-5,-5), (10,7), (9,7), (8,7), (7,7), (6,7), (5,7), (-5,-5), (-5,-5)]

Shrinking Run 110
#Info# Executed steps before collision: 10, Found collision: false
Turtle 1 :[(-1,-1), (1,11), (1,10), (0,10), (1,10), (1,9), (1,10), (1,9), (1,8), (0,8), (0,7)]
Turtle 2 :[(-2,-2), (8,17), (7,17), (6,17), (5,17), (4,17), (3,17), (-2,-2), (-2,-2), (-2,-2), (-2,-2)]
Turtle 3 :[(-3,-3), (2,9), (1,9), (0,9), (0,8), (0,8), (0,7), (0,6), (-3,-3), (-3,-3), (-3,-3)]
Turtle 4 :[(-4,-4), (1,9), (1,8), (1,7), (0,7), (0,6), (0,5), (-4,-4), (-4,-4), (-4,-4), (-4,-4)]
Turtle 5 :[(-5,-5), (10,7), (9,7), (8,7), (7,7), (6,7), (5,7), (-5,-5), (-5,-5), (-5,-5), (-5,-5)]

Shrinking Run 111
#Info# Executed steps before collision: 9, Found collision: false
Turtle 1 :[(-1,-1), (1,11), (1,10), (0,10), (1,10), (1,9), (0,9), (0,8), (0,7), (-1,-1)]
Turtle 2 :[(-2,-2), (8,17), (7,17), (6,17), (5,17), (4,17), (3,17), (-2,-2), (-2,-2), (-2,-2)]
Turtle 3 :[(-3,-3), (2,9), (1,9), (0,9), (0,8), (0,7), (0,6), (-3,-3), (-3,-3), (-3,-3)]
Turtle 4 :[(-4,-4), (1,9), (1,8), (1,8), (1,7), (1,6), (2,6), (2,5), (1,5), (0,5)]
Turtle 5 :[(-5,-5), (10,7), (9,7), (8,7), (7,7), (6,7), (5,7), (-5,-5), (-5,-5), (-5,-5)]

Shrinking Run 112
#Info# Executed steps before collision: 8, Found collision: false
Turtle 1 :[(-1,-1), (1,11), (1,10), (0,10), (0,11), (0,10), (0,9), (0,8), (0,7)]
Turtle 2 :[(-2,-2), (8,17), (7,17), (6,17), (5,17), (4,17), (3,17), (-2,-2), (-2,-2)]
Turtle 3 :[(-3,-3), (2,9), (1,9), (0,9), (0,8), (0,7), (0,6), (-3,-3), (-3,-3)]
Turtle 4 :[(-4,-4), (1,9), (1,8), (1,8), (1,8), (1,7), (1,6), (1,5), (0,5)]
Turtle 5 :[(-5,-5), (10,7), (9,7), (8,7), (7,7), (6,7), (5,7), (-5,-5), (-5,-5)]

Shrinking Run 113
#Info# Executed steps before collision: 9, Found collision: false
Turtle 1 :[(-1,-1), (1,11), (1,10), (0,10), (0,11), (0,10), (0,9), (0,9), (0,8), (0,7)]
Turtle 2 :[(-2,-2), (8,17), (7,17), (6,17), (5,17), (4,17), (3,17), (-2,-2), (-2,-2), (-2,-2)]
Turtle 3 :[(-3,-3), (2,9), (1,9), (1,9), (1,8), (1,7), (0,7), (0,6), (-3,-3), (-3,-3)]
Turtle 4 :[(-4,-4), (1,9), (0,9), (0,9), (0,9), (0,9), (0,8), (0,7), (0,6), (0,5)]
Turtle 5 :[(-5,-5), (10,7), (9,7), (8,7), (7,7), (6,7), (5,7), (-5,-5), (-5,-5), (-5,-5)]

Shrinking Run 114
#Info# Executed steps before collision: 9, Found collision: false
Turtle 1 :[(-1,-1), (1,11), (1,10), (0,10), (0,11), (0,10), (0,9), (0,8), (0,7), (-1,-1)]
Turtle 2 :[(-2,-2), (8,17), (7,17), (6,17), (5,17), (4,17), (3,17), (-2,-2), (-2,-2), (-2,-2)]
Turtle 3 :[(-3,-3), (2,9), (1,9), (0,9), (0,8), (0,7), (0,6), (-3,-3), (-3,-3), (-3,-3)]
Turtle 4 :[(-4,-4), (1,9), (1,8), (1,7), (1,7), (1,6), (2,6), (2,5), (1,5), (0,5)]
Turtle 5 :[(-5,-5), (10,7), (9,7), (8,7), (7,7), (6,7), (5,7), (-5,-5), (-5,-5), (-5,-5)]

Shrinking Run 115
#Info# Executed steps before collision: 8, Found collision: false
Turtle 1 :[(-1,-1), (1,11), (1,10), (0,10), (1,10), (1,9), (0,9), (0,8), (0,7)]
Turtle 2 :[(-2,-2), (8,17), (7,17), (6,17), (5,17), (4,17), (3,17), (-2,-2), (-2,-2)]
Turtle 3 :[(-3,-3), (2,9), (1,9), (0,9), (0,8), (0,7), (0,6), (-3,-3), (-3,-3)]
Turtle 4 :[(-4,-4), (1,9), (1,8), (1,7), (1,7), (1,7), (0,7), (0,6), (0,5)]
Turtle 5 :[(-5,-5), (10,7), (9,7), (8,7), (7,7), (6,7), (5,7), (-5,-5), (-5,-5)]

Shrinking Run 116
#Info# Executed steps before collision: 10, Found collision: false
Turtle 1 :[(-1,-1), (1,11), (1,10), (0,10), (1,10), (1,9), (1,8), (1,9), (1,8), (1,7), (0,7)]
Turtle 2 :[(-2,-2), (8,17), (7,17), (6,17), (5,17), (4,17), (3,17), (-2,-2), (-2,-2), (-2,-2), (-2,-2)]
Turtle 3 :[(-3,-3), (2,9), (1,9), (0,9), (0,10), (0,9), (0,8), (0,7), (0,6), (-3,-3), (-3,-3)]
Turtle 4 :[(-4,-4), (1,9), (1,8), (0,8), (0,7), (0,6), (0,5), (-4,-4), (-4,-4), (-4,-4), (-4,-4)]
Turtle 5 :[(-5,-5), (10,7), (9,7), (8,7), (7,7), (6,7), (5,7), (-5,-5), (-5,-5), (-5,-5), (-5,-5)]

Shrinking Run 117
#Info# Executed steps before collision: 12, Found collision: false
Turtle 1 :[(-1,-1), (1,11), (1,10), (0,10), (0,11), (0,10), (0,9), (0,9), (0,8), (0,7), (-1,-1), (-1,-1), (-1,-1)]
Turtle 2 :[(-2,-2), (8,17), (7,17), (6,17), (5,17), (4,17), (3,17), (-2,-2), (-2,-2), (-2,-2), (-2,-2), (-2,-2), (-2,-2)]
Turtle 3 :[(-3,-3), (2,9), (1,9), (0,9), (0,8), (0,7), (0,6), (-3,-3), (-3,-3), (-3,-3), (-3,-3), (-3,-3), (-3,-3)]
Turtle 4 :[(-4,-4), (1,9), (1,8), (1,8), (1,7), (1,8), (0,8), (1,8), (1,7), (1,7), (1,6), (1,5), (0,5)]
Turtle 5 :[(-5,-5), (10,7), (9,7), (8,7), (7,7), (6,7), (5,7), (-5,-5), (-5,-5), (-5,-5), (-5,-5), (-5,-5), (-5,-5)]

Shrinking Run 118
#Info# Executed steps before collision: 10, Found collision: false
Turtle 1 :[(-1,-1), (1,11), (1,10), (1,10), (1,9), (2,9), (2,8), (1,8), (1,8), (1,7), (1,6)]
Turtle 2 :[(-2,-2), (8,17), (7,17), (6,17), (5,17), (4,17), (3,17), (-2,-2), (-2,-2), (-2,-2), (-2,-2)]
Turtle 3 :[(-3,-3), (2,9), (1,9), (0,9), (0,8), (0,7), (0,6), (-3,-3), (-3,-3), (-3,-3), (-3,-3)]
Turtle 4 :[(-4,-4), (1,9), (1,8), (1,8), (1,8), (2,8), (2,7), (1,7), (0,7), (0,6), (0,5)]
Turtle 5 :[(-5,-5), (10,7), (9,7), (8,7), (7,7), (6,7), (5,7), (-5,-5), (-5,-5), (-5,-5), (-5,-5)]

Shrinking Run 119
#Info# Executed steps before collision: 10, Found collision: false
Turtle 1 :[(-1,-1), (1,11), (1,10), (2,10), (2,9), (1,9), (1,8), (1,9), (0,9), (0,8), (0,7)]
Turtle 2 :[(-2,-2), (8,17), (7,17), (6,17), (5,17), (4,17), (3,17), (-2,-2), (-2,-2), (-2,-2), (-2,-2)]
Turtle 3 :[(-3,-3), (2,9), (1,9), (0,9), (0,8), (0,7), (0,8), (0,7), (0,6), (-3,-3), (-3,-3)]
Turtle 4 :[(-4,-4), (1,9), (1,8), (1,7), (1,6), (0,6), (0,5), (-4,-4), (-4,-4), (-4,-4), (-4,-4)]
Turtle 5 :[(-5,-5), (10,7), (9,7), (8,7), (7,7), (6,7), (5,7), (-5,-5), (-5,-5), (-5,-5), (-5,-5)]

Shrink Run 120
#Info# Executed steps before collision: 9, Found collision: false
Turtle 1 :[(-1,-1), (1,11), (0,11), (0,10), (0,11), (0,10), (0,9), (0,9), (0,8), (0,7)]
Turtle 2 :[(-2,-2), (8,17), (7,17), (6,17), (5,17), (4,17), (3,17), (-2,-2), (-2,-2), (-2,-2)]
Turtle 3 :[(-3,-3), (2,9), (1,9), (0,9), (0,8), (0,7), (0,6), (-3,-3), (-3,-3), (-3,-3)]
Turtle 4 :[(-4,-4), (1,9), (1,8), (1,8), (1,8), (1,8), (0,8), (0,7), (0,6), (0,5)]
Turtle 5 :[(-5,-5), (10,7), (9,7), (8,7), (7,7), (6,7), (5,7), (-5,-5), (-5,-5), (-5,-5)]

