Detection Run 1
#Info# Executed steps before collision: 8, Found collision: false
Turtle 1 :[(-1,-1), (9,0), (8,0), (7,0), (-1,-1), (-1,-1), (-1,-1), (-1,-1), (-1,-1)]
Turtle 2 :[(-2,-2), (3,10), (3,9), (3,10), (4,10), (5,10), (6,10), (-2,-2), (-2,-2)]
Turtle 3 :[(-3,-3), (18,12), (18,13), (18,14), (18,15), (18,16), (18,17), (-3,-3), (-3,-3)]
Turtle 4 :[(-4,-4), (1,9), (2,9), (2,10), (1,10), (2,10), (2,11), (3,11), (4,11)]
Turtle 5 :[(-5,-5), (6,12), (6,13), (6,14), (5,14), (5,15), (4,15), (-5,-5), (-5,-5)]

Detection Run 2
#Info# Executed steps before collision: 8, Found collision: false
Turtle 1 :[(-1,-1), (3,8), (3,9), (3,8), (3,9), (-1,-1), (-1,-1), (-1,-1), (-1,-1)]
Turtle 2 :[(-2,-2), (12,17), (12,16), (13,16), (13,15), (-2,-2), (-2,-2), (-2,-2), (-2,-2)]
Turtle 3 :[(-3,-3), (0,9), (1,9), (2,9), (1,9), (2,9), (2,8), (2,7), (3,7)]
Turtle 4 :[(-4,-4), (9,9), (9,8), (10,8), (11,8), (11,7), (12,7), (-4,-4), (-4,-4)]
Turtle 5 :[(-5,-5), (1,16), (0,16), (0,17), (-5,-5), (-5,-5), (-5,-5), (-5,-5), (-5,-5)]

Detection Run 3
#Info# Executed steps before collision: 9, Found collision: false
Turtle 1 :[(-1,-1), (15,17), (14,17), (14,18), (13,18), (13,19), (-1,-1), (-1,-1), (-1,-1), (-1,-1)]
Turtle 2 :[(-2,-2), (15,5), (15,6), (15,7), (16,7), (16,8), (17,8), (-2,-2), (-2,-2), (-2,-2)]
Turtle 3 :[(-3,-3), (19,0), (19,0), (19,1), (18,1), (-3,-3), (-3,-3), (-3,-3), (-3,-3), (-3,-3)]
Turtle 4 :[(-4,-4), (8,14), (8,15), (9,15), (9,16), (10,16), (-4,-4), (-4,-4), (-4,-4), (-4,-4)]
Turtle 5 :[(-5,-5), (-5,-5), (-5,-5), (-5,-5), (19,0), (18,0), (18,1), (18,2), (18,3), (17,3)]

Detection Run 4
#Info# Executed steps before collision: 8, Found collision: false
Turtle 1 :[(-1,-1), (2,15), (2,14), (2,13), (2,12), (3,12), (4,12), (-1,-1), (-1,-1)]
Turtle 2 :[(-2,-2), (6,10), (6,9), (5,9), (5,10), (5,9), (4,9), (3,9), (3,8)]
Turtle 3 :[(-3,-3), (3,10), (3,9), (4,9), (4,8), (5,8), (5,7), (-3,-3), (-3,-3)]
Turtle 4 :[(-4,-4), (1,15), (0,15), (1,15), (2,15), (2,14), (-4,-4), (-4,-4), (-4,-4)]
Turtle 5 :[(-5,-5), (17,9), (17,8), (18,8), (19,8), (19,7), (19,6), (-5,-5), (-5,-5)]

Detection Run 5
#Info# Executed steps before collision: 6, Found collision: false
Turtle 1 :[(-1,-1), (13,12), (12,12), (11,12), (11,13), (10,13), (9,13)]
Turtle 2 :[(-2,-2), (3,13), (3,12), (3,11), (3,10), (2,10), (2,9)]
Turtle 3 :[(-3,-3), (15,13), (14,13), (14,14), (14,15), (14,16), (13,16)]
Turtle 4 :[(-4,-4), (13,2), (14,2), (14,1), (15,1), (-4,-4), (-4,-4)]
Turtle 5 :[(-5,-5), (11,2), (10,2), (9,2), (9,3), (8,3), (7,3)]

Detection Run 6
#Info# Executed steps before collision: 6, Found collision: false
Turtle 1 :[(-1,-1), (8,4), (8,5), (9,5), (9,4), (10,4), (11,4)]
Turtle 2 :[(-2,-2), (7,13), (7,12), (6,12), (5,12), (-2,-2), (-2,-2)]
Turtle 3 :[(-3,-3), (9,12), (8,12), (8,13), (7,13), (7,14), (6,14)]
Turtle 4 :[(-4,-4), (16,18), (16,17), (15,17), (14,17), (13,17), (13,16)]
Turtle 5 :[(-5,-5), (13,10), (14,10), (15,10), (16,10), (16,9), (17,9)]

Fault Detection Run 7
#Info# Executed steps before collision: 4, Found collision: true
Turtle 1 :[(-1,-1), (8,8), (8,9), (8,10), (8,11), (8,12), (-1,-1), (-1,-1), (-1,-1)]
Turtle 2 :[(-2,-2), (15,15), (14,15), (14,14), (13,14), (12,14), (12,13), (-2,-2), (-2,-2)]
Turtle 3 :[(-3,-3), (7,12), (8,12), (8,12), (8,11), (8,10), (8,10), (9,10), (-3,-3)]
Turtle 4 :[(-4,-4), (0,0), (0,1), (0,2), (0,3), (0,4), (-4,-4), (-4,-4), (-4,-4)]
Turtle 5 :[(-5,-5), (3,13), (3,13), (3,13), (2,13), (1,13), (1,14), (1,15), (0,15)]

