Shrinking Run 1
#Info# Executed steps before collision: 9, Found collision: false
Turtle 1 :[(-1,-1), (46,41), (46,41), (46,41), (45,41), (44,41), (44,41), (43,41), (42,41), (41,41)]
Turtle 2 :[(-2,-2), (4,34), (4,33), (4,32), (4,31), (4,30), (4,30), (5,30), (-2,-2), (-2,-2)]
Turtle 3 :[(-3,-3), (24,40), (24,40), (23,40), (22,40), (22,40), (22,40), (22,40), (22,40), (21,40)]
Turtle 4 :[(-4,-4), (7,30), (6,30), (6,30), (6,30), (5,30), (5,29), (5,28), (5,27), (-4,-4)]
Turtle 5 :[(-5,-5), (25,43), (25,43), (25,44), (-5,-5), (-5,-5), (-5,-5), (-5,-5), (-5,-5), (-5,-5)]

Shrinking Run 2
#Info# Executed steps before collision: 10, Found collision: false
Turtle 1 :[(-1,-1), (46,41), (46,41), (46,41), (46,41), (45,41), (45,41), (44,41), (44,41), (43,41), (43,42)]
Turtle 2 :[(-2,-2), (4,34), (4,33), (4,32), (4,31), (4,30), (4,29), (4,30), (5,30), (-2,-2), (-2,-2)]
Turtle 3 :[(-3,-3), (24,40), (24,40), (23,40), (22,40), (22,40), (22,40), (22,40), (22,40), (21,40), (-3,-3)]
Turtle 4 :[(-4,-4), (7,30), (6,30), (6,30), (6,30), (5,30), (5,29), (5,28), (5,27), (-4,-4), (-4,-4)]
Turtle 5 :[(-5,-5), (25,43), (25,43), (25,44), (-5,-5), (-5,-5), (-5,-5), (-5,-5), (-5,-5), (-5,-5), (-5,-5)]

Shrinking Run 3
#Info# Executed steps before collision: 12, Found collision: false
Turtle 1 :[(-1,-1), (46,41), (47,41), (47,41), (47,41), (47,41), (46,41), (46,41), (46,41), (47,41), (47,42), (-1,-1), (-1,-1)]
Turtle 2 :[(-2,-2), (4,34), (4,33), (4,32), (4,31), (4,30), (5,30), (-2,-2), (-2,-2), (-2,-2), (-2,-2), (-2,-2), (-2,-2)]
Turtle 3 :[(-3,-3), (24,40), (24,40), (23,40), (22,40), (22,40), (22,40), (22,40), (22,40), (21,40), (-3,-3), (-3,-3), (-3,-3)]
Turtle 4 :[(-4,-4), (7,30), (6,30), (6,30), (6,30), (6,31), (7,31), (7,30), (6,30), (6,29), (6,28), (5,28), (5,27)]
Turtle 5 :[(-5,-5), (25,43), (25,43), (25,44), (-5,-5), (-5,-5), (-5,-5), (-5,-5), (-5,-5), (-5,-5), (-5,-5), (-5,-5), (-5,-5)]

Shrinking Run 4
#Info# Executed steps before collision: 10, Found collision: false
Turtle 1 :[(-1,-1), (46,41), (46,41), (46,41), (46,41), (47,41), (47,41), (48,41), (48,41), (49,41), (49,42)]
Turtle 2 :[(-2,-2), (4,34), (4,33), (4,32), (4,31), (4,30), (5,30), (-2,-2), (-2,-2), (-2,-2), (-2,-2)]
Turtle 3 :[(-3,-3), (24,40), (24,40), (23,40), (22,40), (22,40), (22,40), (22,40), (22,40), (21,40), (-3,-3)]
Turtle 4 :[(-4,-4), (7,30), (6,30), (6,30), (6,30), (6,31), (6,30), (6,29), (6,28), (5,28), (5,27)]
Turtle 5 :[(-5,-5), (25,43), (25,43), (25,44), (-5,-5), (-5,-5), (-5,-5), (-5,-5), (-5,-5), (-5,-5), (-5,-5)]

Shrinking Run 5
#Info# Executed steps before collision: 9, Found collision: false
Turtle 1 :[(-1,-1), (46,41), (46,41), (46,41), (47,41), (47,40), (47,40), (48,40), (48,39), (49,39)]
Turtle 2 :[(-2,-2), (4,34), (4,33), (4,32), (4,31), (4,30), (4,31), (5,31), (5,30), (-2,-2)]
Turtle 3 :[(-3,-3), (24,40), (24,40), (23,40), (22,40), (22,40), (22,40), (22,40), (22,40), (21,40)]
Turtle 4 :[(-4,-4), (7,30), (6,30), (6,30), (6,30), (5,30), (5,29), (5,28), (5,27), (-4,-4)]
Turtle 5 :[(-5,-5), (25,43), (25,43), (25,44), (-5,-5), (-5,-5), (-5,-5), (-5,-5), (-5,-5), (-5,-5)]

Shrinking Run 6
#Info# Executed steps before collision: 9, Found collision: false
Turtle 1 :[(-1,-1), (46,41), (46,41), (46,41), (47,41), (47,40), (47,40), (48,40), (49,40), (49,40)]
Turtle 2 :[(-2,-2), (4,34), (4,33), (4,32), (4,31), (4,30), (4,29), (5,29), (5,30), (-2,-2)]
Turtle 3 :[(-3,-3), (24,40), (24,40), (23,40), (22,40), (22,40), (22,40), (22,40), (22,40), (21,40)]
Turtle 4 :[(-4,-4), (7,30), (6,30), (6,30), (6,30), (5,30), (5,29), (5,28), (5,27), (-4,-4)]
Turtle 5 :[(-5,-5), (25,43), (25,43), (25,44), (-5,-5), (-5,-5), (-5,-5), (-5,-5), (-5,-5), (-5,-5)]

Shrinking Run 7
#Info# Executed steps before collision: 9, Found collision: false
Turtle 1 :[(-1,-1), (46,41), (46,41), (46,41), (47,41), (48,41), (48,41), (49,41), (49,41), (49,40)]
Turtle 2 :[(-2,-2), (4,34), (4,33), (4,32), (4,31), (4,30), (4,29), (4,30), (5,30), (-2,-2)]
Turtle 3 :[(-3,-3), (24,40), (24,40), (23,40), (22,40), (22,40), (22,40), (22,40), (22,40), (21,40)]
Turtle 4 :[(-4,-4), (7,30), (6,30), (6,30), (6,30), (5,30), (5,29), (5,28), (5,27), (-4,-4)]
Turtle 5 :[(-5,-5), (25,43), (25,43), (25,44), (-5,-5), (-5,-5), (-5,-5), (-5,-5), (-5,-5), (-5,-5)]

Shrinking Run 8
#Info# Executed steps before collision: 10, Found collision: false
Turtle 1 :[(-1,-1), (46,41), (46,41), (46,41), (46,41), (47,41), (47,41), (48,41), (48,41), (49,41), (49,41)]
Turtle 2 :[(-2,-2), (4,34), (4,33), (4,32), (4,31), (4,30), (4,31), (5,31), (5,30), (-2,-2), (-2,-2)]
Turtle 3 :[(-3,-3), (24,40), (24,40), (23,40), (22,40), (22,40), (22,40), (22,40), (22,40), (21,40), (-3,-3)]
Turtle 4 :[(-4,-4), (7,30), (6,30), (6,30), (6,30), (5,30), (5,29), (5,28), (5,27), (-4,-4), (-4,-4)]
Turtle 5 :[(-5,-5), (25,43), (25,43), (25,44), (-5,-5), (-5,-5), (-5,-5), (-5,-5), (-5,-5), (-5,-5), (-5,-5)]

Shrinking Run 9
#Info# Executed steps before collision: 9, Found collision: false
Turtle 1 :[(-1,-1), (46,41), (47,41), (48,41), (49,41), (49,41), (49,42), (-1,-1), (-1,-1), (-1,-1)]
Turtle 2 :[(-2,-2), (4,34), (4,33), (4,32), (4,31), (4,30), (4,30), (5,30), (-2,-2), (-2,-2)]
Turtle 3 :[(-3,-3), (24,40), (24,40), (23,40), (22,40), (22,40), (22,40), (22,40), (22,40), (21,40)]
Turtle 4 :[(-4,-4), (7,30), (6,30), (6,30), (6,30), (5,30), (5,29), (5,28), (5,27), (-4,-4)]
Turtle 5 :[(-5,-5), (25,43), (25,43), (25,44), (-5,-5), (-5,-5), (-5,-5), (-5,-5), (-5,-5), (-5,-5)]

Shrinking Run 10
#Info# Executed steps before collision: 9, Found collision: false
Turtle 1 :[(-1,-1), (46,41), (47,41), (48,41), (49,41), (49,41), (49,41), (49,42), (-1,-1), (-1,-1)]
Turtle 2 :[(-2,-2), (4,34), (4,33), (4,32), (4,31), (4,30), (4,31), (5,31), (5,30), (-2,-2)]
Turtle 3 :[(-3,-3), (24,40), (24,40), (23,40), (22,40), (22,40), (22,40), (22,40), (22,40), (21,40)]
Turtle 4 :[(-4,-4), (7,30), (6,30), (6,30), (6,30), (5,30), (5,29), (5,28), (5,27), (-4,-4)]
Turtle 5 :[(-5,-5), (25,43), (25,43), (25,44), (-5,-5), (-5,-5), (-5,-5), (-5,-5), (-5,-5), (-5,-5)]

Shrinking Run 11
#Info# Executed steps before collision: 9, Found collision: false
Turtle 1 :[(-1,-1), (46,41), (46,41), (47,41), (48,41), (49,41), (49,41), (49,41), (49,42), (-1,-1)]
Turtle 2 :[(-2,-2), (4,34), (4,33), (4,32), (4,31), (4,30), (4,29), (4,30), (5,30), (-2,-2)]
Turtle 3 :[(-3,-3), (24,40), (24,40), (23,40), (22,40), (22,40), (22,40), (22,40), (22,40), (21,40)]
Turtle 4 :[(-4,-4), (7,30), (6,30), (6,30), (6,30), (5,30), (5,29), (5,28), (5,27), (-4,-4)]
Turtle 5 :[(-5,-5), (25,43), (25,43), (25,44), (-5,-5), (-5,-5), (-5,-5), (-5,-5), (-5,-5), (-5,-5)]

Shrinking Run 12
#Info# Executed steps before collision: 9, Found collision: false
Turtle 1 :[(-1,-1), (46,41), (47,41), (47,41), (48,41), (49,41), (49,41), (49,41), (49,41), (49,42)]
Turtle 2 :[(-2,-2), (4,34), (4,33), (4,32), (4,31), (4,30), (3,30), (4,30), (5,30), (-2,-2)]
Turtle 3 :[(-3,-3), (24,40), (24,40), (23,40), (22,40), (22,40), (22,40), (22,40), (22,40), (21,40)]
Turtle 4 :[(-4,-4), (7,30), (6,30), (6,30), (6,30), (5,30), (5,29), (5,28), (5,27), (-4,-4)]
Turtle 5 :[(-5,-5), (25,43), (25,43), (25,44), (-5,-5), (-5,-5), (-5,-5), (-5,-5), (-5,-5), (-5,-5)]

Shrinking Run 13
#Info# Executed steps before collision: 9, Found collision: false
Turtle 1 :[(-1,-1), (46,41), (46,41), (47,41), (48,41), (49,41), (49,41), (49,41), (49,41), (49,42)]
Turtle 2 :[(-2,-2), (4,34), (4,33), (4,32), (4,31), (4,30), (3,30), (4,30), (5,30), (-2,-2)]
Turtle 3 :[(-3,-3), (24,40), (24,40), (23,40), (22,40), (22,40), (22,40), (22,40), (22,40), (21,40)]
Turtle 4 :[(-4,-4), (7,30), (6,30), (6,30), (6,30), (5,30), (5,29), (5,28), (5,27), (-4,-4)]
Turtle 5 :[(-5,-5), (25,43), (25,43), (25,44), (-5,-5), (-5,-5), (-5,-5), (-5,-5), (-5,-5), (-5,-5)]

Shrinking Run 14
#Info# Executed steps before collision: 9, Found collision: false
Turtle 1 :[(-1,-1), (46,41), (46,41), (46,41), (47,41), (48,41), (49,41), (49,41), (49,41), (49,42)]
Turtle 2 :[(-2,-2), (4,34), (4,33), (4,32), (4,31), (4,30), (3,30), (4,30), (5,30), (-2,-2)]
Turtle 3 :[(-3,-3), (24,40), (24,40), (23,40), (22,40), (22,40), (22,40), (22,40), (22,40), (21,40)]
Turtle 4 :[(-4,-4), (7,30), (6,30), (6,30), (6,30), (5,30), (5,29), (5,28), (5,27), (-4,-4)]
Turtle 5 :[(-5,-5), (25,43), (25,43), (25,44), (-5,-5), (-5,-5), (-5,-5), (-5,-5), (-5,-5), (-5,-5)]

Shrinking Run 15
#Info# Executed steps before collision: 9, Found collision: false
Turtle 1 :[(-1,-1), (46,41), (46,41), (46,41), (47,41), (48,41), (48,41), (49,41), (49,41), (49,42)]
Turtle 2 :[(-2,-2), (4,34), (4,33), (4,32), (4,31), (4,30), (3,30), (-2,-2), (-2,-2), (-2,-2)]
Turtle 3 :[(-3,-3), (24,40), (24,40), (23,40), (22,40), (22,40), (22,40), (22,40), (22,40), (21,40)]
Turtle 4 :[(-4,-4), (7,30), (6,30), (6,30), (6,30), (5,30), (5,29), (5,28), (5,27), (-4,-4)]
Turtle 5 :[(-5,-5), (25,43), (25,43), (25,44), (-5,-5), (-5,-5), (-5,-5), (-5,-5), (-5,-5), (-5,-5)]

Shrinking Run 16
#Info# Executed steps before collision: 9, Found collision: false
Turtle 1 :[(-1,-1), (46,41), (46,41), (46,41), (47,41), (48,41), (48,41), (49,41), (49,41), (49,42)]
Turtle 2 :[(-2,-2), (4,34), (4,33), (4,32), (4,31), (4,30), (-2,-2), (-2,-2), (-2,-2), (-2,-2)]
Turtle 3 :[(-3,-3), (24,40), (24,40), (23,40), (22,40), (22,40), (22,40), (22,40), (22,40), (21,40)]
Turtle 4 :[(-4,-4), (7,30), (6,30), (6,30), (6,30), (5,30), (5,29), (5,28), (5,27), (-4,-4)]
Turtle 5 :[(-5,-5), (25,43), (25,43), (25,44), (-5,-5), (-5,-5), (-5,-5), (-5,-5), (-5,-5), (-5,-5)]

Shrinking Run 17
#Info# Executed steps before collision: 10, Found collision: false
Turtle 1 :[(-1,-1), (46,41), (46,41), (46,41), (47,41), (48,41), (48,41), (49,41), (49,41), (49,42), (-1,-1)]
Turtle 2 :[(-2,-2), (4,34), (4,33), (4,32), (4,31), (4,30), (4,29), (-2,-2), (-2,-2), (-2,-2), (-2,-2)]
Turtle 3 :[(-3,-3), (24,40), (24,40), (23,40), (22,40), (22,40), (22,40), (22,40), (22,40), (21,40), (-3,-3)]
Turtle 4 :[(-4,-4), (7,30), (6,30), (6,30), (6,30), (7,30), (6,30), (6,29), (5,29), (5,28), (5,27)]
Turtle 5 :[(-5,-5), (25,43), (25,43), (25,44), (-5,-5), (-5,-5), (-5,-5), (-5,-5), (-5,-5), (-5,-5), (-5,-5)]

Shrinking Run 18
#Info# Executed steps before collision: 9, Found collision: false
Turtle 1 :[(-1,-1), (46,41), (46,41), (46,41), (47,41), (48,41), (48,41), (49,41), (49,41), (49,42)]
Turtle 2 :[(-2,-2), (4,34), (4,33), (5,33), (5,32), (5,31), (5,31), (5,30), (-2,-2), (-2,-2)]
Turtle 3 :[(-3,-3), (24,40), (24,40), (23,40), (22,40), (22,40), (22,40), (22,40), (22,40), (21,40)]
Turtle 4 :[(-4,-4), (7,30), (6,30), (6,30), (6,30), (5,30), (5,29), (5,28), (5,27), (-4,-4)]
Turtle 5 :[(-5,-5), (25,43), (25,43), (25,44), (-5,-5), (-5,-5), (-5,-5), (-5,-5), (-5,-5), (-5,-5)]

Shrinking Run 19
#Info# Executed steps before collision: 9, Found collision: false
Turtle 1 :[(-1,-1), (46,41), (46,41), (46,41), (47,41), (48,41), (48,41), (49,41), (49,41), (49,42)]
Turtle 2 :[(-2,-2), (4,34), (4,33), (4,32), (5,32), (5,31), (5,31), (5,30), (-2,-2), (-2,-2)]
Turtle 3 :[(-3,-3), (24,40), (24,40), (23,40), (22,40), (22,40), (22,40), (22,40), (22,40), (21,40)]
Turtle 4 :[(-4,-4), (7,30), (6,30), (6,30), (6,30), (5,30), (5,29), (5,28), (5,27), (-4,-4)]
Turtle 5 :[(-5,-5), (25,43), (25,43), (25,44), (-5,-5), (-5,-5), (-5,-5), (-5,-5), (-5,-5), (-5,-5)]

Shrinking Run 20
#Info# Executed steps before collision: 9, Found collision: false
Turtle 1 :[(-1,-1), (46,41), (46,41), (46,41), (47,41), (48,41), (48,41), (49,41), (49,41), (49,42)]
Turtle 2 :[(-2,-2), (4,34), (5,34), (5,33), (5,32), (5,31), (5,32), (5,31), (5,30), (-2,-2)]
Turtle 3 :[(-3,-3), (24,40), (24,40), (23,40), (22,40), (22,40), (22,40), (22,40), (22,40), (21,40)]
Turtle 4 :[(-4,-4), (7,30), (6,30), (6,30), (6,30), (5,30), (5,29), (5,28), (5,27), (-4,-4)]
Turtle 5 :[(-5,-5), (25,43), (25,43), (25,44), (-5,-5), (-5,-5), (-5,-5), (-5,-5), (-5,-5), (-5,-5)]

Shrinking Run 21
#Info# Executed steps before collision: 9, Found collision: false
Turtle 1 :[(-1,-1), (46,41), (46,41), (46,41), (47,41), (48,41), (48,41), (49,41), (49,41), (49,42)]
Turtle 2 :[(-2,-2), (4,34), (4,33), (4,32), (4,31), (5,31), (5,32), (5,31), (5,30), (-2,-2)]
Turtle 3 :[(-3,-3), (24,40), (24,40), (23,40), (22,40), (22,40), (22,40), (22,40), (22,40), (21,40)]
Turtle 4 :[(-4,-4), (7,30), (6,30), (6,30), (6,30), (5,30), (5,29), (5,28), (5,27), (-4,-4)]
Turtle 5 :[(-5,-5), (25,43), (25,43), (25,44), (-5,-5), (-5,-5), (-5,-5), (-5,-5), (-5,-5), (-5,-5)]

Shrinking Run 22
#Info# Executed steps before collision: 11, Found collision: false
Turtle 1 :[(-1,-1), (46,41), (46,41), (46,41), (47,41), (48,41), (48,41), (49,41), (49,41), (49,42), (-1,-1), (-1,-1)]
Turtle 2 :[(-2,-2), (4,34), (4,33), (4,32), (4,31), (4,30), (4,30), (5,30), (-2,-2), (-2,-2), (-2,-2), (-2,-2)]
Turtle 3 :[(-3,-3), (24,40), (24,40), (23,40), (22,40), (22,40), (21,40), (20,40), (20,40), (20,40), (20,40), (19,40)]
Turtle 4 :[(-4,-4), (7,30), (6,30), (6,30), (6,30), (5,30), (5,29), (5,28), (5,27), (-4,-4), (-4,-4), (-4,-4)]
Turtle 5 :[(-5,-5), (25,43), (25,43), (25,44), (-5,-5), (-5,-5), (-5,-5), (-5,-5), (-5,-5), (-5,-5), (-5,-5), (-5,-5)]

Shrinking Run 23
#Info# Executed steps before collision: 10, Found collision: false
Turtle 1 :[(-1,-1), (46,41), (46,41), (46,41), (47,41), (48,41), (48,41), (49,41), (49,41), (49,42), (-1,-1)]
Turtle 2 :[(-2,-2), (4,34), (4,33), (4,32), (4,31), (4,30), (5,30), (-2,-2), (-2,-2), (-2,-2), (-2,-2)]
Turtle 3 :[(-3,-3), (24,40), (24,40), (23,40), (22,40), (22,40), (21,40), (21,40), (21,40), (21,40), (20,40)]
Turtle 4 :[(-4,-4), (7,30), (6,30), (6,30), (6,30), (7,30), (6,30), (6,29), (6,28), (5,28), (5,27)]
Turtle 5 :[(-5,-5), (25,43), (25,43), (25,44), (-5,-5), (-5,-5), (-5,-5), (-5,-5), (-5,-5), (-5,-5), (-5,-5)]

Shrinking Run 24
#Info# Executed steps before collision: 11, Found collision: false
Turtle 1 :[(-1,-1), (46,41), (46,41), (46,41), (47,41), (48,41), (48,41), (49,41), (49,41), (49,42), (-1,-1), (-1,-1)]
Turtle 2 :[(-2,-2), (4,34), (4,33), (4,32), (4,31), (4,30), (3,30), (4,30), (5,30), (-2,-2), (-2,-2), (-2,-2)]
Turtle 3 :[(-3,-3), (24,40), (24,40), (24,39), (24,38), (24,38), (23,38), (22,38), (22,38), (22,38), (22,38), (22,37)]
Turtle 4 :[(-4,-4), (7,30), (6,30), (6,30), (6,30), (5,30), (5,29), (5,28), (5,27), (-4,-4), (-4,-4), (-4,-4)]
Turtle 5 :[(-5,-5), (25,43), (25,43), (25,44), (-5,-5), (-5,-5), (-5,-5), (-5,-5), (-5,-5), (-5,-5), (-5,-5), (-5,-5)]

Shrinking Run 25
#Info# Executed steps before collision: 11, Found collision: false
Turtle 1 :[(-1,-1), (46,41), (46,41), (46,41), (47,41), (48,41), (48,41), (49,41), (49,41), (49,42), (-1,-1), (-1,-1)]
Turtle 2 :[(-2,-2), (4,34), (4,33), (4,32), (4,31), (4,30), (4,31), (5,31), (5,30), (-2,-2), (-2,-2), (-2,-2)]
Turtle 3 :[(-3,-3), (24,40), (24,40), (24,39), (23,39), (23,39), (22,39), (21,39), (21,39), (21,39), (21,39), (21,38)]
Turtle 4 :[(-4,-4), (7,30), (6,30), (6,30), (6,30), (5,30), (5,29), (5,28), (5,27), (-4,-4), (-4,-4), (-4,-4)]
Turtle 5 :[(-5,-5), (25,43), (25,43), (25,44), (-5,-5), (-5,-5), (-5,-5), (-5,-5), (-5,-5), (-5,-5), (-5,-5), (-5,-5)]

Shrinking Run 26
#Info# Executed steps before collision: 10, Found collision: false
Turtle 1 :[(-1,-1), (46,41), (46,41), (46,41), (47,41), (48,41), (48,41), (49,41), (49,41), (49,42), (-1,-1)]
Turtle 2 :[(-2,-2), (4,34), (4,33), (4,32), (4,31), (4,30), (4,30), (5,30), (-2,-2), (-2,-2), (-2,-2)]
Turtle 3 :[(-3,-3), (24,40), (24,40), (23,40), (22,40), (22,40), (21,40), (21,40), (21,40), (21,40), (21,39)]
Turtle 4 :[(-4,-4), (7,30), (6,30), (6,30), (6,30), (5,30), (5,29), (5,28), (5,27), (-4,-4), (-4,-4)]
Turtle 5 :[(-5,-5), (25,43), (25,43), (25,44), (-5,-5), (-5,-5), (-5,-5), (-5,-5), (-5,-5), (-5,-5), (-5,-5)]

Shrinking Run 27
#Info# Executed steps before collision: 12, Found collision: false
Turtle 1 :[(-1,-1), (46,41), (46,41), (46,41), (47,41), (48,41), (48,41), (49,41), (49,41), (49,42), (-1,-1), (-1,-1), (-1,-1)]
Turtle 2 :[(-2,-2), (4,34), (4,33), (4,32), (4,31), (4,30), (4,29), (4,28), (4,27), (4,28), (4,29), (5,29), (5,30)]
Turtle 3 :[(-3,-3), (24,40), (23,40), (22,40), (21,40), (-3,-3), (-3,-3), (-3,-3), (-3,-3), (-3,-3), (-3,-3), (-3,-3), (-3,-3)]
Turtle 4 :[(-4,-4), (7,30), (6,30), (6,30), (6,30), (5,30), (5,29), (5,28), (5,27), (-4,-4), (-4,-4), (-4,-4), (-4,-4)]
Turtle 5 :[(-5,-5), (25,43), (25,43), (25,44), (-5,-5), (-5,-5), (-5,-5), (-5,-5), (-5,-5), (-5,-5), (-5,-5), (-5,-5), (-5,-5)]

Shrinking Run 28
#Info# Executed steps before collision: 9, Found collision: false
Turtle 1 :[(-1,-1), (46,41), (46,41), (46,41), (47,41), (48,41), (48,41), (49,41), (49,41), (49,42)]
Turtle 2 :[(-2,-2), (4,34), (4,33), (4,32), (4,31), (4,30), (5,30), (-2,-2), (-2,-2), (-2,-2)]
Turtle 3 :[(-3,-3), (24,40), (23,40), (22,40), (22,40), (21,40), (-3,-3), (-3,-3), (-3,-3), (-3,-3)]
Turtle 4 :[(-4,-4), (7,30), (6,30), (6,30), (6,30), (6,29), (6,28), (6,27), (5,27), (-4,-4)]
Turtle 5 :[(-5,-5), (25,43), (25,43), (25,44), (-5,-5), (-5,-5), (-5,-5), (-5,-5), (-5,-5), (-5,-5)]

Shrinking Run 29
#Info# Executed steps before collision: 10, Found collision: false
Turtle 1 :[(-1,-1), (46,41), (46,41), (46,41), (47,41), (48,41), (48,41), (49,41), (49,41), (49,42), (-1,-1)]
Turtle 2 :[(-2,-2), (4,34), (4,33), (4,32), (4,31), (4,30), (4,29), (4,30), (5,30), (-2,-2), (-2,-2)]
Turtle 3 :[(-3,-3), (24,40), (24,40), (23,40), (22,40), (22,40), (21,40), (-3,-3), (-3,-3), (-3,-3), (-3,-3)]
Turtle 4 :[(-4,-4), (7,30), (6,30), (6,30), (6,30), (5,30), (6,30), (6,29), (6,28), (6,27), (5,27)]
Turtle 5 :[(-5,-5), (25,43), (25,43), (25,44), (-5,-5), (-5,-5), (-5,-5), (-5,-5), (-5,-5), (-5,-5), (-5,-5)]

Shrinking Run 30
#Info# Executed steps before collision: 6, Found collision: true
Turtle 1 :[(-1,-1), (46,41), (46,41), (46,41), (47,41), (48,41), (48,41), (49,41), (49,41), (49,42)]
Turtle 2 :[(-2,-2), (4,34), (4,33), (4,32), (4,31), (4,30), (5,30), (-2,-2), (-2,-2), (-2,-2)]
Turtle 3 :[(-3,-3), (24,40), (24,40), (23,40), (22,40), (22,40), (22,40), (22,40), (21,40), (-3,-3)]
Turtle 4 :[(-4,-4), (7,30), (6,30), (6,30), (6,30), (6,30), (5,30), (5,29), (5,28), (5,27)]
Turtle 5 :[(-5,-5), (25,43), (25,43), (25,44), (-5,-5), (-5,-5), (-5,-5), (-5,-5), (-5,-5), (-5,-5)]

Shrinking Run 31
#Info# Executed steps before collision: 9, Found collision: false
Turtle 1 :[(-1,-1), (46,41), (46,41), (46,41), (47,41), (48,41), (48,41), (49,41), (49,41), (49,42)]
Turtle 2 :[(-2,-2), (4,34), (4,33), (4,32), (4,31), (4,30), (4,30), (5,30), (-2,-2), (-2,-2)]
Turtle 3 :[(-3,-3), (24,40), (24,40), (23,40), (22,40), (22,40), (22,40), (21,40), (-3,-3), (-3,-3)]
Turtle 4 :[(-4,-4), (7,30), (6,30), (6,30), (6,30), (5,30), (5,29), (5,28), (5,27), (-4,-4)]
Turtle 5 :[(-5,-5), (25,43), (25,43), (25,44), (-5,-5), (-5,-5), (-5,-5), (-5,-5), (-5,-5), (-5,-5)]

Shrinking Run 32
#Info# Executed steps before collision: 9, Found collision: false
Turtle 1 :[(-1,-1), (46,41), (46,41), (46,41), (47,41), (48,41), (48,41), (49,41), (49,41), (49,42)]
Turtle 2 :[(-2,-2), (4,34), (4,33), (4,32), (4,31), (4,30), (3,30), (4,30), (5,30), (-2,-2)]
Turtle 3 :[(-3,-3), (24,40), (23,40), (23,40), (22,40), (22,40), (22,40), (22,40), (21,40), (-3,-3)]
Turtle 4 :[(-4,-4), (7,30), (6,30), (6,30), (6,30), (5,30), (5,29), (5,28), (5,27), (-4,-4)]
Turtle 5 :[(-5,-5), (25,43), (25,43), (25,44), (-5,-5), (-5,-5), (-5,-5), (-5,-5), (-5,-5), (-5,-5)]

Shrinking Run 33
#Info# Executed steps before collision: 10, Found collision: false
Turtle 1 :[(-1,-1), (46,41), (46,41), (46,41), (47,41), (48,41), (48,41), (49,41), (49,41), (49,42), (-1,-1)]
Turtle 2 :[(-2,-2), (4,34), (4,33), (4,32), (4,31), (4,30), (5,30), (-2,-2), (-2,-2), (-2,-2), (-2,-2)]
Turtle 3 :[(-3,-3), (24,40), (24,40), (23,40), (22,40), (22,40), (22,40), (22,40), (21,40), (-3,-3), (-3,-3)]
Turtle 4 :[(-4,-4), (7,30), (6,30), (6,30), (6,30), (7,30), (6,30), (6,29), (6,28), (5,28), (4,28)]
Turtle 5 :[(-5,-5), (25,43), (25,43), (25,44), (-5,-5), (-5,-5), (-5,-5), (-5,-5), (-5,-5), (-5,-5), (-5,-5)]

Shrinking Run 34
#Info# Executed steps before collision: 9, Found collision: false
Turtle 1 :[(-1,-1), (46,41), (46,41), (46,41), (47,41), (48,41), (48,41), (49,41), (49,41), (49,42)]
Turtle 2 :[(-2,-2), (4,34), (4,33), (4,32), (4,31), (4,30), (5,30), (-2,-2), (-2,-2), (-2,-2)]
Turtle 3 :[(-3,-3), (24,40), (24,40), (23,40), (22,40), (22,40), (22,40), (22,40), (21,40), (-3,-3)]
Turtle 4 :[(-4,-4), (7,30), (6,30), (6,30), (6,30), (6,29), (6,28), (5,28), (5,27), (-4,-4)]
Turtle 5 :[(-5,-5), (25,43), (25,43), (25,44), (-5,-5), (-5,-5), (-5,-5), (-5,-5), (-5,-5), (-5,-5)]

Shrinking Run 35
#Info# Executed steps before collision: 9, Found collision: false
Turtle 1 :[(-1,-1), (46,41), (46,41), (46,41), (47,41), (48,41), (48,41), (49,41), (49,41), (49,42)]
Turtle 2 :[(-2,-2), (4,34), (4,33), (4,32), (4,31), (4,30), (5,30), (-2,-2), (-2,-2), (-2,-2)]
Turtle 3 :[(-3,-3), (24,40), (24,40), (23,40), (22,40), (22,40), (22,40), (22,40), (21,40), (-3,-3)]
Turtle 4 :[(-4,-4), (7,30), (6,30), (6,30), (6,30), (6,29), (5,29), (5,28), (5,27), (-4,-4)]
Turtle 5 :[(-5,-5), (25,43), (25,43), (25,44), (-5,-5), (-5,-5), (-5,-5), (-5,-5), (-5,-5), (-5,-5)]

Shrinking Run 36
#Info# Executed steps before collision: 9, Found collision: false
Turtle 1 :[(-1,-1), (46,41), (46,41), (46,41), (47,41), (48,41), (48,41), (49,41), (49,41), (49,42)]
Turtle 2 :[(-2,-2), (4,34), (4,33), (4,32), (4,31), (4,30), (5,30), (-2,-2), (-2,-2), (-2,-2)]
Turtle 3 :[(-3,-3), (24,40), (24,40), (23,40), (22,40), (22,40), (22,40), (22,40), (21,40), (-3,-3)]
Turtle 4 :[(-4,-4), (7,30), (6,30), (6,30), (5,30), (5,29), (5,28), (5,27), (-4,-4), (-4,-4)]
Turtle 5 :[(-5,-5), (25,43), (25,43), (25,44), (-5,-5), (-5,-5), (-5,-5), (-5,-5), (-5,-5), (-5,-5)]

Shrinking Run 37
#Info# Executed steps before collision: 9, Found collision: false
Turtle 1 :[(-1,-1), (46,41), (46,41), (46,41), (47,41), (48,41), (48,41), (49,41), (49,41), (49,42)]
Turtle 2 :[(-2,-2), (4,34), (4,33), (4,32), (4,31), (4,30), (5,30), (-2,-2), (-2,-2), (-2,-2)]
Turtle 3 :[(-3,-3), (24,40), (24,40), (23,40), (22,40), (22,40), (22,40), (22,40), (21,40), (-3,-3)]
Turtle 4 :[(-4,-4), (7,30), (6,30), (6,29), (6,29), (6,29), (5,29), (5,28), (5,27), (-4,-4)]
Turtle 5 :[(-5,-5), (25,43), (25,43), (25,44), (-5,-5), (-5,-5), (-5,-5), (-5,-5), (-5,-5), (-5,-5)]

Shrinking Run 38
#Info# Executed steps before collision: 9, Found collision: false
Turtle 1 :[(-1,-1), (46,41), (46,41), (46,41), (47,41), (48,41), (48,41), (49,41), (49,41), (49,42)]
Turtle 2 :[(-2,-2), (4,34), (4,33), (4,32), (4,31), (4,30), (4,30), (5,30), (-2,-2), (-2,-2)]
Turtle 3 :[(-3,-3), (24,40), (24,40), (23,40), (22,40), (22,40), (22,40), (22,40), (21,40), (-3,-3)]
Turtle 4 :[(-4,-4), (7,30), (6,30), (5,30), (5,30), (5,30), (5,29), (5,28), (5,27), (-4,-4)]
Turtle 5 :[(-5,-5), (25,43), (25,43), (25,44), (-5,-5), (-5,-5), (-5,-5), (-5,-5), (-5,-5), (-5,-5)]

Shrinking Run 39
#Info# Executed steps before collision: 9, Found collision: false
Turtle 1 :[(-1,-1), (46,41), (46,41), (46,41), (47,41), (48,41), (48,41), (49,41), (49,41), (49,42)]
Turtle 2 :[(-2,-2), (4,34), (4,33), (4,32), (4,31), (4,30), (5,30), (-2,-2), (-2,-2), (-2,-2)]
Turtle 3 :[(-3,-3), (24,40), (24,40), (23,40), (22,40), (22,40), (22,40), (22,40), (21,40), (-3,-3)]
Turtle 4 :[(-4,-4), (7,30), (6,30), (6,30), (6,29), (6,29), (5,29), (5,28), (5,27), (-4,-4)]
Turtle 5 :[(-5,-5), (25,43), (25,43), (25,44), (-5,-5), (-5,-5), (-5,-5), (-5,-5), (-5,-5), (-5,-5)]

Shrinking Run 40
#Info# Executed steps before collision: 9, Found collision: false
Turtle 1 :[(-1,-1), (46,41), (46,41), (46,41), (47,41), (48,41), (48,41), (49,41), (49,41), (49,42)]
Turtle 2 :[(-2,-2), (4,34), (4,33), (4,32), (4,31), (4,30), (4,31), (5,31), (5,30), (-2,-2)]
Turtle 3 :[(-3,-3), (24,40), (24,40), (23,40), (22,40), (22,40), (22,40), (22,40), (21,40), (-3,-3)]
Turtle 4 :[(-4,-4), (7,30), (6,30), (6,30), (5,30), (5,30), (5,29), (5,28), (5,27), (-4,-4)]
Turtle 5 :[(-5,-5), (25,43), (25,43), (25,44), (-5,-5), (-5,-5), (-5,-5), (-5,-5), (-5,-5), (-5,-5)]

Shrinking Run 41
#Info# Executed steps before collision: 10, Found collision: false
Turtle 1 :[(-1,-1), (46,41), (46,41), (46,41), (47,41), (48,41), (48,41), (49,41), (49,41), (49,42), (-1,-1)]
Turtle 2 :[(-2,-2), (4,34), (4,33), (4,32), (4,31), (4,30), (4,29), (3,29), (4,29), (5,29), (5,30)]
Turtle 3 :[(-3,-3), (24,40), (24,40), (23,40), (22,40), (22,40), (22,40), (22,40), (21,40), (-3,-3), (-3,-3)]
Turtle 4 :[(-4,-4), (7,30), (6,30), (6,30), (6,30), (5,30), (5,29), (5,28), (5,27), (-4,-4), (-4,-4)]
Turtle 5 :[(-5,-5), (25,43), (24,43), (23,43), (23,43), (23,44), (22,44), (21,44), (-5,-5), (-5,-5), (-5,-5)]

Shrinking Run 42
#Info# Executed steps before collision: 9, Found collision: false
Turtle 1 :[(-1,-1), (46,41), (46,41), (46,41), (47,41), (48,41), (48,41), (49,41), (49,41), (49,42)]
Turtle 2 :[(-2,-2), (4,34), (4,33), (4,32), (4,31), (4,30), (4,31), (4,30), (5,30), (-2,-2)]
Turtle 3 :[(-3,-3), (24,40), (24,40), (23,40), (22,40), (22,40), (22,40), (22,40), (21,40), (-3,-3)]
Turtle 4 :[(-4,-4), (7,30), (6,30), (6,30), (6,30), (5,30), (5,29), (5,28), (5,27), (-4,-4)]
Turtle 5 :[(-5,-5), (25,43), (24,43), (24,43), (23,43), (23,44), (22,44), (-5,-5), (-5,-5), (-5,-5)]

Shrinking Run 43
#Info# Executed steps before collision: 9, Found collision: false
Turtle 1 :[(-1,-1), (46,41), (46,41), (46,41), (47,41), (48,41), (48,41), (49,41), (49,41), (49,42)]
Turtle 2 :[(-2,-2), (4,34), (4,33), (4,32), (4,31), (4,30), (3,30), (4,30), (5,30), (-2,-2)]
Turtle 3 :[(-3,-3), (24,40), (24,40), (23,40), (22,40), (22,40), (22,40), (22,40), (21,40), (-3,-3)]
Turtle 4 :[(-4,-4), (7,30), (6,30), (6,30), (6,30), (5,30), (5,29), (5,28), (5,27), (-4,-4)]
Turtle 5 :[(-5,-5), (25,43), (24,43), (24,43), (24,44), (-5,-5), (-5,-5), (-5,-5), (-5,-5), (-5,-5)]

Shrinking Run 44
#Info# Executed steps before collision: 9, Found collision: false
Turtle 1 :[(-1,-1), (46,41), (46,41), (46,41), (47,41), (48,41), (48,41), (49,41), (49,41), (49,42)]
Turtle 2 :[(-2,-2), (4,34), (4,33), (4,32), (4,31), (4,30), (4,31), (5,31), (5,30), (-2,-2)]
Turtle 3 :[(-3,-3), (24,40), (24,40), (23,40), (22,40), (22,40), (22,40), (22,40), (21,40), (-3,-3)]
Turtle 4 :[(-4,-4), (7,30), (6,30), (6,30), (6,30), (5,30), (5,29), (5,28), (5,27), (-4,-4)]
Turtle 5 :[(-5,-5), (25,43), (25,42), (25,41), (25,41), (25,40), (25,39), (25,38), (-5,-5), (-5,-5)]

Shrinking Run 45
#Info# Executed steps before collision: 9, Found collision: false
Turtle 1 :[(-1,-1), (46,41), (46,41), (46,41), (47,41), (48,41), (48,41), (49,41), (49,41), (49,42)]
Turtle 2 :[(-2,-2), (4,34), (4,33), (4,32), (4,31), (4,30), (4,31), (5,31), (5,30), (-2,-2)]
Turtle 3 :[(-3,-3), (24,40), (24,40), (23,40), (22,40), (22,40), (22,40), (22,40), (21,40), (-3,-3)]
Turtle 4 :[(-4,-4), (7,30), (6,30), (6,30), (6,30), (5,30), (5,29), (5,28), (5,27), (-4,-4)]
Turtle 5 :[(-5,-5), (25,43), (25,42), (25,42), (25,41), (25,40), (-5,-5), (-5,-5), (-5,-5), (-5,-5)]

Shrinking Run 46
#Info# Executed steps before collision: 11, Found collision: false
Turtle 1 :[(-1,-1), (46,41), (46,41), (46,41), (47,41), (48,41), (48,41), (49,41), (49,41), (49,42), (-1,-1), (-1,-1)]
Turtle 2 :[(-2,-2), (4,34), (4,33), (4,32), (4,31), (4,30), (5,30), (-2,-2), (-2,-2), (-2,-2), (-2,-2), (-2,-2)]
Turtle 3 :[(-3,-3), (24,40), (24,40), (23,40), (22,40), (22,40), (22,40), (22,40), (21,40), (-3,-3), (-3,-3), (-3,-3)]
Turtle 4 :[(-4,-4), (7,30), (6,30), (6,30), (6,30), (6,30), (7,30), (7,29), (6,29), (6,28), (5,28), (5,27)]
Turtle 5 :[(-5,-5), (25,43), (25,43), (25,42), (-5,-5), (-5,-5), (-5,-5), (-5,-5), (-5,-5), (-5,-5), (-5,-5), (-5,-5)]

Shrinking Run 47
#Info# Executed steps before collision: 9, Found collision: false
Turtle 1 :[(-1,-1), (46,41), (46,41), (46,41), (47,41), (48,41), (48,41), (49,41), (49,41), (49,42)]
Turtle 2 :[(-2,-2), (4,34), (4,33), (4,32), (4,31), (4,30), (4,30), (5,30), (-2,-2), (-2,-2)]
Turtle 3 :[(-3,-3), (24,40), (24,40), (23,40), (22,40), (22,40), (22,40), (22,40), (21,40), (-3,-3)]
Turtle 4 :[(-4,-4), (7,30), (6,30), (6,30), (6,30), (5,30), (5,29), (5,28), (5,27), (-4,-4)]
Turtle 5 :[(-5,-5), (7,46), (8,46), (9,46), (9,46), (9,45), (9,44), (9,43), (-5,-5), (-5,-5)]

Shrinking Run 48
#Info# Executed steps before collision: 6, Found collision: true
Turtle 1 :[(-1,-1), (46,41), (46,41), (46,41), (47,41), (48,41), (48,41), (49,41), (49,41), (49,42)]
Turtle 2 :[(-2,-2), (4,34), (4,33), (4,32), (4,31), (4,30), (5,30), (-2,-2), (-2,-2), (-2,-2)]
Turtle 3 :[(-3,-3), (24,40), (24,40), (23,40), (22,40), (22,40), (22,40), (22,40), (21,40), (-3,-3)]
Turtle 4 :[(-4,-4), (7,30), (6,30), (6,30), (6,30), (6,30), (5,30), (5,29), (5,28), (5,27)]
Turtle 5 :[(-5,-5), (25,43), (25,44), (-5,-5), (-5,-5), (-5,-5), (-5,-5), (-5,-5), (-5,-5), (-5,-5)]

Shrinking Run 49
#Info# Executed steps before collision: 7, Found collision: true
Turtle 1 :[(-1,-1), (46,41), (46,41), (46,41), (45,41), (44,41), (44,41), (43,41), (42,41), (41,41)]
Turtle 2 :[(-2,-2), (4,34), (4,33), (4,32), (4,31), (4,30), (4,29), (5,29), (5,30), (-2,-2)]
Turtle 3 :[(-3,-3), (24,40), (24,40), (23,40), (22,40), (22,40), (22,40), (22,40), (21,40), (-3,-3)]
Turtle 4 :[(-4,-4), (7,30), (6,30), (6,30), (6,30), (5,30), (5,30), (5,29), (5,28), (5,27)]
Turtle 5 :[(-5,-5), (25,43), (25,44), (-5,-5), (-5,-5), (-5,-5), (-5,-5), (-5,-5), (-5,-5), (-5,-5)]

Shrinking Run 50
#Info# Executed steps before collision: 9, Found collision: false
Turtle 1 :[(-1,-1), (46,41), (46,41), (46,41), (45,41), (45,40), (45,40), (45,39), (44,39), (43,39)]
Turtle 2 :[(-2,-2), (4,34), (4,33), (4,32), (4,31), (4,30), (4,30), (5,30), (-2,-2), (-2,-2)]
Turtle 3 :[(-3,-3), (24,40), (24,40), (23,40), (22,40), (22,40), (22,40), (22,40), (21,40), (-3,-3)]
Turtle 4 :[(-4,-4), (7,30), (6,30), (6,30), (6,30), (5,30), (5,29), (5,28), (5,27), (-4,-4)]
Turtle 5 :[(-5,-5), (25,43), (25,44), (-5,-5), (-5,-5), (-5,-5), (-5,-5), (-5,-5), (-5,-5), (-5,-5)]

Shrinking Run 51
#Info# Executed steps before collision: 9, Found collision: false
Turtle 1 :[(-1,-1), (46,41), (46,41), (46,41), (45,41), (44,41), (44,41), (44,40), (43,40), (42,40)]
Turtle 2 :[(-2,-2), (4,34), (4,33), (4,32), (4,31), (4,30), (3,30), (4,30), (5,30), (-2,-2)]
Turtle 3 :[(-3,-3), (24,40), (24,40), (23,40), (22,40), (22,40), (22,40), (22,40), (21,40), (-3,-3)]
Turtle 4 :[(-4,-4), (7,30), (6,30), (6,30), (6,30), (5,30), (5,29), (5,28), (5,27), (-4,-4)]
Turtle 5 :[(-5,-5), (25,43), (25,44), (-5,-5), (-5,-5), (-5,-5), (-5,-5), (-5,-5), (-5,-5), (-5,-5)]

Shrinking Run 52
#Info# Executed steps before collision: 8, Found collision: false
Turtle 1 :[(-1,-1), (46,41), (45,41), (44,41), (43,41), (42,41), (41,41), (-1,-1), (-1,-1)]
Turtle 2 :[(-2,-2), (4,34), (4,33), (4,32), (4,31), (4,30), (4,29), (4,30), (5,30)]
Turtle 3 :[(-3,-3), (24,40), (24,40), (23,40), (22,40), (22,40), (22,40), (22,40), (21,40)]
Turtle 4 :[(-4,-4), (7,30), (6,30), (6,30), (6,30), (5,30), (5,29), (5,28), (5,27)]
Turtle 5 :[(-5,-5), (25,43), (25,44), (-5,-5), (-5,-5), (-5,-5), (-5,-5), (-5,-5), (-5,-5)]

Shrinking Run 53
#Info# Executed steps before collision: 8, Found collision: false
Turtle 1 :[(-1,-1), (46,41), (45,41), (44,41), (43,41), (42,41), (42,41), (41,41), (-1,-1)]
Turtle 2 :[(-2,-2), (4,34), (4,33), (4,32), (4,31), (4,30), (4,31), (4,30), (5,30)]
Turtle 3 :[(-3,-3), (24,40), (24,40), (23,40), (22,40), (22,40), (22,40), (22,40), (21,40)]
Turtle 4 :[(-4,-4), (7,30), (6,30), (6,30), (6,30), (5,30), (5,29), (5,28), (5,27)]
Turtle 5 :[(-5,-5), (25,43), (25,44), (-5,-5), (-5,-5), (-5,-5), (-5,-5), (-5,-5), (-5,-5)]

Shrinking Run 54
#Info# Executed steps before collision: 8, Found collision: false
Turtle 1 :[(-1,-1), (46,41), (46,41), (45,41), (44,41), (43,41), (43,41), (42,41), (41,41)]
Turtle 2 :[(-2,-2), (4,34), (4,33), (4,32), (4,31), (4,30), (4,29), (4,30), (5,30)]
Turtle 3 :[(-3,-3), (24,40), (24,40), (23,40), (22,40), (22,40), (22,40), (22,40), (21,40)]
Turtle 4 :[(-4,-4), (7,30), (6,30), (6,30), (6,30), (5,30), (5,29), (5,28), (5,27)]
Turtle 5 :[(-5,-5), (25,43), (25,44), (-5,-5), (-5,-5), (-5,-5), (-5,-5), (-5,-5), (-5,-5)]

Shrinking Run 55
#Info# Executed steps before collision: 9, Found collision: false
Turtle 1 :[(-1,-1), (46,41), (45,41), (45,41), (44,41), (43,41), (43,41), (43,41), (42,41), (41,41)]
Turtle 2 :[(-2,-2), (4,34), (4,33), (4,32), (4,31), (4,30), (3,30), (4,30), (5,30), (-2,-2)]
Turtle 3 :[(-3,-3), (24,40), (24,40), (23,40), (22,40), (22,40), (22,40), (22,40), (21,40), (-3,-3)]
Turtle 4 :[(-4,-4), (7,30), (6,30), (6,30), (6,30), (5,30), (5,29), (5,28), (5,27), (-4,-4)]
Turtle 5 :[(-5,-5), (25,43), (25,44), (-5,-5), (-5,-5), (-5,-5), (-5,-5), (-5,-5), (-5,-5), (-5,-5)]

Shrinking Run 56
#Info# Executed steps before collision: 9, Found collision: false
Turtle 1 :[(-1,-1), (46,41), (46,41), (45,41), (44,41), (43,41), (43,41), (43,41), (42,41), (41,41)]
Turtle 2 :[(-2,-2), (4,34), (4,33), (4,32), (4,31), (4,30), (4,29), (5,29), (5,30), (-2,-2)]
Turtle 3 :[(-3,-3), (24,40), (24,40), (23,40), (22,40), (22,40), (22,40), (22,40), (21,40), (-3,-3)]
Turtle 4 :[(-4,-4), (7,30), (6,30), (6,30), (6,30), (5,30), (5,29), (5,28), (5,27), (-4,-4)]
Turtle 5 :[(-5,-5), (25,43), (25,44), (-5,-5), (-5,-5), (-5,-5), (-5,-5), (-5,-5), (-5,-5), (-5,-5)]

Shrinking Run 57
#Info# Executed steps before collision: 9, Found collision: false
Turtle 1 :[(-1,-1), (46,41), (46,41), (46,41), (45,41), (44,41), (43,41), (43,41), (42,41), (41,41)]
Turtle 2 :[(-2,-2), (4,34), (4,33), (4,32), (4,31), (4,30), (4,30), (5,30), (-2,-2), (-2,-2)]
Turtle 3 :[(-3,-3), (24,40), (24,40), (23,40), (22,40), (22,40), (22,40), (22,40), (21,40), (-3,-3)]
Turtle 4 :[(-4,-4), (7,30), (6,30), (6,30), (6,30), (5,30), (5,29), (5,28), (5,27), (-4,-4)]
Turtle 5 :[(-5,-5), (25,43), (25,44), (-5,-5), (-5,-5), (-5,-5), (-5,-5), (-5,-5), (-5,-5), (-5,-5)]

Shrinking Run 58
#Info# Executed steps before collision: 9, Found collision: false
Turtle 1 :[(-1,-1), (46,41), (46,41), (46,41), (45,41), (44,41), (44,41), (43,41), (42,41), (41,41)]
Turtle 2 :[(-2,-2), (4,34), (4,33), (4,32), (4,31), (4,30), (3,30), (-2,-2), (-2,-2), (-2,-2)]
Turtle 3 :[(-3,-3), (24,40), (24,40), (23,40), (22,40), (22,40), (22,40), (22,40), (21,40), (-3,-3)]
Turtle 4 :[(-4,-4), (7,30), (6,30), (6,30), (6,30), (5,30), (5,29), (5,28), (5,27), (-4,-4)]
Turtle 5 :[(-5,-5), (25,43), (25,44), (-5,-5), (-5,-5), (-5,-5), (-5,-5), (-5,-5), (-5,-5), (-5,-5)]

Shrinking Run 59
#Info# Executed steps before collision: 9, Found collision: false
Turtle 1 :[(-1,-1), (46,41), (46,41), (46,41), (45,41), (44,41), (44,41), (43,41), (42,41), (41,41)]
Turtle 2 :[(-2,-2), (4,34), (4,33), (4,32), (4,31), (4,30), (-2,-2), (-2,-2), (-2,-2), (-2,-2)]
Turtle 3 :[(-3,-3), (24,40), (24,40), (23,40), (22,40), (22,40), (22,40), (22,40), (21,40), (-3,-3)]
Turtle 4 :[(-4,-4), (7,30), (6,30), (6,30), (6,30), (5,30), (5,29), (5,28), (5,27), (-4,-4)]
Turtle 5 :[(-5,-5), (25,43), (25,44), (-5,-5), (-5,-5), (-5,-5), (-5,-5), (-5,-5), (-5,-5), (-5,-5)]

Shrinking Run 60
#Info# Executed steps before collision: 10, Found collision: false
Turtle 1 :[(-1,-1), (46,41), (46,41), (46,41), (45,41), (44,41), (44,41), (43,41), (42,41), (41,41), (-1,-1)]
Turtle 2 :[(-2,-2), (4,34), (4,33), (4,32), (4,31), (4,30), (4,29), (-2,-2), (-2,-2), (-2,-2), (-2,-2)]
Turtle 3 :[(-3,-3), (24,40), (24,40), (23,40), (22,40), (22,40), (22,40), (22,40), (21,40), (-3,-3), (-3,-3)]
Turtle 4 :[(-4,-4), (7,30), (6,30), (6,30), (6,30), (5,30), (5,31), (5,30), (5,29), (5,28), (5,27)]
Turtle 5 :[(-5,-5), (25,43), (25,44), (-5,-5), (-5,-5), (-5,-5), (-5,-5), (-5,-5), (-5,-5), (-5,-5), (-5,-5)]

Shrinking Run 61
#Info# Executed steps before collision: 11, Found collision: false
Turtle 1 :[(-1,-1), (46,41), (46,41), (46,41), (45,41), (44,41), (44,41), (43,41), (42,41), (41,41), (-1,-1), (-1,-1)]
Turtle 2 :[(-2,-2), (4,34), (4,33), (5,33), (5,32), (5,31), (5,30), (-2,-2), (-2,-2), (-2,-2), (-2,-2), (-2,-2)]
Turtle 3 :[(-3,-3), (24,40), (24,40), (23,40), (22,40), (22,40), (22,40), (22,40), (21,40), (-3,-3), (-3,-3), (-3,-3)]
Turtle 4 :[(-4,-4), (7,30), (6,30), (6,30), (6,30), (6,30), (7,30), (7,29), (6,29), (5,29), (5,28), (5,27)]
Turtle 5 :[(-5,-5), (25,43), (25,44), (-5,-5), (-5,-5), (-5,-5), (-5,-5), (-5,-5), (-5,-5), (-5,-5), (-5,-5), (-5,-5)]

Shrinking Run 62
#Info# Executed steps before collision: 9, Found collision: false
Turtle 1 :[(-1,-1), (46,41), (46,41), (46,41), (45,41), (44,41), (44,41), (43,41), (42,41), (41,41)]
Turtle 2 :[(-2,-2), (4,34), (4,33), (4,32), (5,32), (5,31), (6,31), (6,30), (5,30), (-2,-2)]
Turtle 3 :[(-3,-3), (24,40), (24,40), (23,40), (22,40), (22,40), (22,40), (22,40), (21,40), (-3,-3)]
Turtle 4 :[(-4,-4), (7,30), (6,30), (6,30), (6,30), (5,30), (5,29), (5,28), (5,27), (-4,-4)]
Turtle 5 :[(-5,-5), (25,43), (25,44), (-5,-5), (-5,-5), (-5,-5), (-5,-5), (-5,-5), (-5,-5), (-5,-5)]

Shrinking Run 63
#Info# Executed steps before collision: 9, Found collision: false
Turtle 1 :[(-1,-1), (46,41), (46,41), (46,41), (45,41), (44,41), (44,41), (43,41), (42,41), (41,41)]
Turtle 2 :[(-2,-2), (4,34), (5,34), (5,33), (5,32), (5,31), (5,30), (-2,-2), (-2,-2), (-2,-2)]
Turtle 3 :[(-3,-3), (24,40), (24,40), (23,40), (22,40), (22,40), (22,40), (22,40), (21,40), (-3,-3)]
Turtle 4 :[(-4,-4), (7,30), (6,30), (6,30), (6,30), (6,29), (6,28), (6,27), (5,27), (-4,-4)]
Turtle 5 :[(-5,-5), (25,43), (25,44), (-5,-5), (-5,-5), (-5,-5), (-5,-5), (-5,-5), (-5,-5), (-5,-5)]

Shrinking Run 64
#Info# Executed steps before collision: 9, Found collision: false
Turtle 1 :[(-1,-1), (46,41), (46,41), (46,41), (45,41), (44,41), (44,41), (43,41), (42,41), (41,41)]
Turtle 2 :[(-2,-2), (4,34), (4,33), (4,32), (4,31), (5,31), (4,31), (5,31), (5,30), (-2,-2)]
Turtle 3 :[(-3,-3), (24,40), (24,40), (23,40), (22,40), (22,40), (22,40), (22,40), (21,40), (-3,-3)]
Turtle 4 :[(-4,-4), (7,30), (6,30), (6,30), (6,30), (5,30), (5,29), (5,28), (5,27), (-4,-4)]
Turtle 5 :[(-5,-5), (25,43), (25,44), (-5,-5), (-5,-5), (-5,-5), (-5,-5), (-5,-5), (-5,-5), (-5,-5)]

Shrinking Run 65
#Info# Executed steps before collision: 11, Found collision: false
Turtle 1 :[(-1,-1), (46,41), (46,41), (46,41), (45,41), (44,41), (44,41), (43,41), (42,41), (41,41), (-1,-1), (-1,-1)]
Turtle 2 :[(-2,-2), (4,34), (4,33), (4,32), (4,31), (4,30), (3,30), (4,30), (5,30), (-2,-2), (-2,-2), (-2,-2)]
Turtle 3 :[(-3,-3), (24,40), (24,40), (23,40), (22,40), (22,40), (21,40), (20,40), (20,40), (20,40), (20,40), (19,40)]
Turtle 4 :[(-4,-4), (7,30), (6,30), (6,30), (6,30), (5,30), (5,29), (5,28), (5,27), (-4,-4), (-4,-4), (-4,-4)]
Turtle 5 :[(-5,-5), (25,43), (25,44), (-5,-5), (-5,-5), (-5,-5), (-5,-5), (-5,-5), (-5,-5), (-5,-5), (-5,-5), (-5,-5)]

Shrinking Run 66
#Info# Executed steps before collision: 10, Found collision: false
Turtle 1 :[(-1,-1), (46,41), (46,41), (46,41), (45,41), (44,41), (44,41), (43,41), (42,41), (41,41), (-1,-1)]
Turtle 2 :[(-2,-2), (4,34), (4,33), (4,32), (4,31), (4,30), (4,31), (4,30), (5,30), (-2,-2), (-2,-2)]
Turtle 3 :[(-3,-3), (24,40), (24,40), (23,40), (22,40), (22,40), (21,40), (21,40), (21,40), (21,40), (20,40)]
Turtle 4 :[(-4,-4), (7,30), (6,30), (6,30), (6,30), (5,30), (5,29), (5,28), (5,27), (-4,-4), (-4,-4)]
Turtle 5 :[(-5,-5), (25,43), (25,44), (-5,-5), (-5,-5), (-5,-5), (-5,-5), (-5,-5), (-5,-5), (-5,-5), (-5,-5)]

Shrinking Run 67
#Info# Executed steps before collision: 11, Found collision: false
Turtle 1 :[(-1,-1), (46,41), (46,41), (46,41), (45,41), (44,41), (44,41), (43,41), (42,41), (41,41), (-1,-1), (-1,-1)]
Turtle 2 :[(-2,-2), (4,34), (4,33), (4,32), (4,31), (4,30), (4,31), (5,31), (5,30), (-2,-2), (-2,-2), (-2,-2)]
Turtle 3 :[(-3,-3), (24,40), (24,40), (24,39), (24,38), (24,38), (23,38), (22,38), (22,38), (22,38), (22,38), (22,37)]
Turtle 4 :[(-4,-4), (7,30), (6,30), (6,30), (6,30), (5,30), (5,29), (5,28), (5,27), (-4,-4), (-4,-4), (-4,-4)]
Turtle 5 :[(-5,-5), (25,43), (25,44), (-5,-5), (-5,-5), (-5,-5), (-5,-5), (-5,-5), (-5,-5), (-5,-5), (-5,-5), (-5,-5)]

Shrinking Run 68
#Info# Executed steps before collision: 6, Found collision: true
Turtle 1 :[(-1,-1), (46,41), (46,41), (46,41), (45,41), (44,41), (44,41), (43,41), (42,41), (41,41), (-1,-1), (-1,-1)]
Turtle 2 :[(-2,-2), (4,34), (4,33), (4,32), (4,31), (4,30), (5,30), (-2,-2), (-2,-2), (-2,-2), (-2,-2), (-2,-2)]
Turtle 3 :[(-3,-3), (24,40), (24,40), (24,39), (23,39), (23,39), (22,39), (21,39), (21,39), (21,39), (21,39), (21,38)]
Turtle 4 :[(-4,-4), (7,30), (6,30), (6,30), (6,30), (6,30), (5,30), (5,29), (5,28), (5,27), (-4,-4), (-4,-4)]
Turtle 5 :[(-5,-5), (25,43), (25,44), (-5,-5), (-5,-5), (-5,-5), (-5,-5), (-5,-5), (-5,-5), (-5,-5), (-5,-5), (-5,-5)]

Shrinking Run 69
#Info# Executed steps before collision: 6, Found collision: true
Turtle 1 :[(-1,-1), (46,41), (46,41), (46,41), (45,41), (44,41), (44,41), (43,41), (42,41), (41,41), (-1,-1), (-1,-1)]
Turtle 2 :[(-2,-2), (4,34), (4,33), (4,32), (4,31), (4,30), (5,30), (-2,-2), (-2,-2), (-2,-2), (-2,-2), (-2,-2)]
Turtle 3 :[(-3,-3), (24,40), (24,40), (23,40), (22,40), (22,40), (21,40), (20,40), (20,40), (20,40), (20,40), (20,39)]
Turtle 4 :[(-4,-4), (7,30), (6,30), (6,30), (6,30), (6,30), (5,30), (5,29), (5,28), (5,27), (-4,-4), (-4,-4)]
Turtle 5 :[(-5,-5), (25,43), (25,44), (-5,-5), (-5,-5), (-5,-5), (-5,-5), (-5,-5), (-5,-5), (-5,-5), (-5,-5), (-5,-5)]

Shrinking Run 70
#Info# Executed steps before collision: 10, Found collision: false
Turtle 1 :[(-1,-1), (46,41), (46,41), (46,41), (45,41), (44,41), (44,41), (43,41), (42,41), (41,41), (-1,-1)]
Turtle 2 :[(-2,-2), (4,34), (4,33), (4,32), (4,31), (4,30), (5,30), (-2,-2), (-2,-2), (-2,-2), (-2,-2)]
Turtle 3 :[(-3,-3), (24,40), (23,40), (22,40), (21,40), (20,40), (20,39), (-3,-3), (-3,-3), (-3,-3), (-3,-3)]
Turtle 4 :[(-4,-4), (7,30), (6,30), (6,30), (6,30), (6,31), (6,30), (6,29), (6,28), (5,28), (5,27)]
Turtle 5 :[(-5,-5), (25,43), (25,44), (-5,-5), (-5,-5), (-5,-5), (-5,-5), (-5,-5), (-5,-5), (-5,-5), (-5,-5)]

Shrinking Run 71
#Info# Executed steps before collision: 10, Found collision: false
Turtle 1 :[(-1,-1), (46,41), (46,41), (46,41), (45,41), (44,41), (44,41), (43,41), (42,41), (41,41), (-1,-1)]
Turtle 2 :[(-2,-2), (4,34), (4,33), (4,32), (4,31), (4,30), (5,30), (-2,-2), (-2,-2), (-2,-2), (-2,-2)]
Turtle 3 :[(-3,-3), (24,40), (23,40), (22,40), (21,40), (21,40), (20,40), (20,39), (-3,-3), (-3,-3), (-3,-3)]
Turtle 4 :[(-4,-4), (7,30), (6,30), (6,30), (6,30), (7,30), (7,29), (7,28), (7,27), (6,27), (5,27)]
Turtle 5 :[(-5,-5), (25,43), (25,44), (-5,-5), (-5,-5), (-5,-5), (-5,-5), (-5,-5), (-5,-5), (-5,-5), (-5,-5)]

Shrinking Run 72
#Info# Executed steps before collision: 9, Found collision: false
Turtle 1 :[(-1,-1), (46,41), (46,41), (46,41), (45,41), (44,41), (44,41), (43,41), (42,41), (41,41)]
Turtle 2 :[(-2,-2), (4,34), (4,33), (4,32), (4,31), (4,30), (3,30), (4,30), (5,30), (-2,-2)]
Turtle 3 :[(-3,-3), (24,40), (23,40), (22,40), (21,40), (21,40), (20,40), (20,40), (20,39), (-3,-3)]
Turtle 4 :[(-4,-4), (7,30), (6,30), (6,30), (6,30), (5,30), (5,29), (5,28), (5,27), (-4,-4)]
Turtle 5 :[(-5,-5), (25,43), (25,44), (-5,-5), (-5,-5), (-5,-5), (-5,-5), (-5,-5), (-5,-5), (-5,-5)]

Shrinking Run 73
#Info# Executed steps before collision: 10, Found collision: false
Turtle 1 :[(-1,-1), (46,41), (46,41), (46,41), (45,41), (44,41), (44,41), (43,41), (42,41), (41,41), (-1,-1)]
Turtle 2 :[(-2,-2), (4,34), (4,33), (4,32), (4,31), (4,30), (5,30), (-2,-2), (-2,-2), (-2,-2), (-2,-2)]
Turtle 3 :[(-3,-3), (24,40), (24,40), (23,40), (22,40), (22,40), (21,40), (20,40), (20,40), (20,40), (20,39)]
Turtle 4 :[(-4,-4), (7,30), (6,30), (6,30), (6,30), (6,31), (6,30), (6,29), (6,28), (6,27), (5,27)]
Turtle 5 :[(-5,-5), (25,43), (25,44), (-5,-5), (-5,-5), (-5,-5), (-5,-5), (-5,-5), (-5,-5), (-5,-5), (-5,-5)]

Shrinking Run 74
#Info# Executed steps before collision: 9, Found collision: false
Turtle 1 :[(-1,-1), (46,41), (46,41), (46,41), (45,41), (44,41), (44,41), (43,41), (42,41), (41,41)]
Turtle 2 :[(-2,-2), (4,34), (4,33), (4,32), (4,31), (4,30), (4,30), (5,30), (-2,-2), (-2,-2)]
Turtle 3 :[(-3,-3), (24,40), (23,40), (22,40), (21,40), (21,40), (20,40), (20,40), (20,40), (20,39)]
Turtle 4 :[(-4,-4), (7,30), (6,30), (6,30), (6,30), (5,30), (5,29), (5,28), (5,27), (-4,-4)]
Turtle 5 :[(-5,-5), (25,43), (25,44), (-5,-5), (-5,-5), (-5,-5), (-5,-5), (-5,-5), (-5,-5), (-5,-5)]

Shrinking Run 75
#Info# Executed steps before collision: 11, Found collision: false
Turtle 1 :[(-1,-1), (46,41), (46,41), (46,41), (45,41), (44,41), (44,41), (43,41), (42,41), (41,41), (-1,-1), (-1,-1)]
Turtle 2 :[(-2,-2), (4,34), (4,33), (4,32), (4,31), (4,30), (4,31), (4,30), (5,30), (-2,-2), (-2,-2), (-2,-2)]
Turtle 3 :[(-3,-3), (24,40), (23,40), (22,40), (21,40), (21,40), (21,40), (20,40), (20,40), (20,40), (20,40), (20,39)]
Turtle 4 :[(-4,-4), (7,30), (6,30), (6,30), (6,30), (5,30), (5,29), (5,28), (5,27), (-4,-4), (-4,-4), (-4,-4)]
Turtle 5 :[(-5,-5), (25,43), (25,44), (-5,-5), (-5,-5), (-5,-5), (-5,-5), (-5,-5), (-5,-5), (-5,-5), (-5,-5), (-5,-5)]

Shrinking Run 76
#Info# Executed steps before collision: 11, Found collision: false
Turtle 1 :[(-1,-1), (46,41), (46,41), (46,41), (45,41), (44,41), (44,41), (43,41), (42,41), (41,41), (-1,-1), (-1,-1)]
Turtle 2 :[(-2,-2), (4,34), (4,33), (4,32), (4,31), (4,30), (4,31), (4,30), (5,30), (-2,-2), (-2,-2), (-2,-2)]
Turtle 3 :[(-3,-3), (24,40), (24,40), (23,40), (22,40), (21,40), (21,40), (20,40), (20,40), (20,40), (20,40), (20,39)]
Turtle 4 :[(-4,-4), (7,30), (6,30), (6,30), (6,30), (5,30), (5,29), (5,28), (5,27), (-4,-4), (-4,-4), (-4,-4)]
Turtle 5 :[(-5,-5), (25,43), (25,44), (-5,-5), (-5,-5), (-5,-5), (-5,-5), (-5,-5), (-5,-5), (-5,-5), (-5,-5), (-5,-5)]

Shrinking Run 77
#Info# Executed steps before collision: 11, Found collision: false
Turtle 1 :[(-1,-1), (46,41), (46,41), (46,41), (45,41), (44,41), (44,41), (43,41), (42,41), (41,41), (-1,-1), (-1,-1)]
Turtle 2 :[(-2,-2), (4,34), (4,33), (4,32), (4,31), (4,30), (4,30), (5,30), (-2,-2), (-2,-2), (-2,-2), (-2,-2)]
Turtle 3 :[(-3,-3), (24,40), (24,40), (23,40), (22,40), (22,40), (21,40), (20,40), (20,40), (20,40), (20,40), (20,39)]
Turtle 4 :[(-4,-4), (7,30), (6,30), (6,30), (6,30), (5,30), (5,29), (4,29), (4,28), (-4,-4), (-4,-4), (-4,-4)]
Turtle 5 :[(-5,-5), (25,43), (25,44), (-5,-5), (-5,-5), (-5,-5), (-5,-5), (-5,-5), (-5,-5), (-5,-5), (-5,-5), (-5,-5)]

Shrinking Run 78
#Info# Executed steps before collision: 11, Found collision: false
Turtle 1 :[(-1,-1), (46,41), (46,41), (46,41), (45,41), (44,41), (44,41), (43,41), (42,41), (41,41), (-1,-1), (-1,-1)]
Turtle 2 :[(-2,-2), (4,34), (4,33), (4,32), (4,31), (4,30), (5,30), (-2,-2), (-2,-2), (-2,-2), (-2,-2), (-2,-2)]
Turtle 3 :[(-3,-3), (24,40), (24,40), (23,40), (22,40), (22,40), (21,40), (20,40), (20,40), (20,40), (20,40), (20,39)]
Turtle 4 :[(-4,-4), (7,30), (6,30), (6,30), (6,30), (6,29), (6,28), (5,28), (5,27), (-4,-4), (-4,-4), (-4,-4)]
Turtle 5 :[(-5,-5), (25,43), (25,44), (-5,-5), (-5,-5), (-5,-5), (-5,-5), (-5,-5), (-5,-5), (-5,-5), (-5,-5), (-5,-5)]

Shrinking Run 79
#Info# Executed steps before collision: 11, Found collision: false
Turtle 1 :[(-1,-1), (46,41), (46,41), (46,41), (45,41), (44,41), (44,41), (43,41), (42,41), (41,41), (-1,-1), (-1,-1)]
Turtle 2 :[(-2,-2), (4,34), (4,33), (4,32), (4,31), (4,30), (5,30), (-2,-2), (-2,-2), (-2,-2), (-2,-2), (-2,-2)]
Turtle 3 :[(-3,-3), (24,40), (24,40), (23,40), (22,40), (22,40), (21,40), (20,40), (20,40), (20,40), (20,40), (20,39)]
Turtle 4 :[(-4,-4), (7,30), (6,30), (6,30), (6,30), (6,29), (5,29), (5,28), (5,27), (-4,-4), (-4,-4), (-4,-4)]
Turtle 5 :[(-5,-5), (25,43), (25,44), (-5,-5), (-5,-5), (-5,-5), (-5,-5), (-5,-5), (-5,-5), (-5,-5), (-5,-5), (-5,-5)]

Shrinking Run 80
#Info# Executed steps before collision: 11, Found collision: false
Turtle 1 :[(-1,-1), (46,41), (46,41), (46,41), (45,41), (44,41), (44,41), (43,41), (42,41), (41,41), (-1,-1), (-1,-1)]
Turtle 2 :[(-2,-2), (4,34), (4,33), (4,32), (4,31), (4,30), (5,30), (-2,-2), (-2,-2), (-2,-2), (-2,-2), (-2,-2)]
Turtle 3 :[(-3,-3), (24,40), (24,40), (23,40), (22,40), (22,40), (21,40), (20,40), (20,40), (20,40), (20,40), (20,39)]
Turtle 4 :[(-4,-4), (7,30), (6,30), (6,30), (5,30), (5,29), (5,28), (5,27), (-4,-4), (-4,-4), (-4,-4), (-4,-4)]
Turtle 5 :[(-5,-5), (25,43), (25,44), (-5,-5), (-5,-5), (-5,-5), (-5,-5), (-5,-5), (-5,-5), (-5,-5), (-5,-5), (-5,-5)]

Shrinking Run 81
#Info# Executed steps before collision: 11, Found collision: false
Turtle 1 :[(-1,-1), (46,41), (46,41), (46,41), (45,41), (44,41), (44,41), (43,41), (42,41), (41,41), (-1,-1), (-1,-1)]
Turtle 2 :[(-2,-2), (4,34), (4,33), (4,32), (4,31), (4,30), (5,30), (-2,-2), (-2,-2), (-2,-2), (-2,-2), (-2,-2)]
Turtle 3 :[(-3,-3), (24,40), (24,40), (23,40), (22,40), (22,40), (21,40), (20,40), (20,40), (20,40), (20,40), (20,39)]
Turtle 4 :[(-4,-4), (7,30), (6,30), (6,29), (6,29), (6,29), (5,29), (5,28), (5,27), (-4,-4), (-4,-4), (-4,-4)]
Turtle 5 :[(-5,-5), (25,43), (25,44), (-5,-5), (-5,-5), (-5,-5), (-5,-5), (-5,-5), (-5,-5), (-5,-5), (-5,-5), (-5,-5)]

Shrinking Run 82
#Info# Executed steps before collision: 11, Found collision: false
Turtle 1 :[(-1,-1), (46,41), (46,41), (46,41), (45,41), (44,41), (44,41), (43,41), (42,41), (41,41), (-1,-1), (-1,-1)]
Turtle 2 :[(-2,-2), (4,34), (4,33), (4,32), (4,31), (4,30), (4,31), (4,30), (5,30), (-2,-2), (-2,-2), (-2,-2)]
Turtle 3 :[(-3,-3), (24,40), (24,40), (23,40), (22,40), (22,40), (21,40), (20,40), (20,40), (20,40), (20,40), (20,39)]
Turtle 4 :[(-4,-4), (7,30), (6,30), (5,30), (5,30), (5,30), (5,29), (5,28), (5,27), (-4,-4), (-4,-4), (-4,-4)]
Turtle 5 :[(-5,-5), (25,43), (25,44), (-5,-5), (-5,-5), (-5,-5), (-5,-5), (-5,-5), (-5,-5), (-5,-5), (-5,-5), (-5,-5)]

Shrinking Run 83
#Info# Executed steps before collision: 11, Found collision: false
Turtle 1 :[(-1,-1), (46,41), (46,41), (46,41), (45,41), (44,41), (44,41), (43,41), (42,41), (41,41), (-1,-1), (-1,-1)]
Turtle 2 :[(-2,-2), (4,34), (4,33), (4,32), (4,31), (4,30), (5,30), (-2,-2), (-2,-2), (-2,-2), (-2,-2), (-2,-2)]
Turtle 3 :[(-3,-3), (24,40), (24,40), (23,40), (22,40), (22,40), (21,40), (20,40), (20,40), (20,40), (20,40), (20,39)]
Turtle 4 :[(-4,-4), (7,30), (6,30), (6,30), (6,29), (6,29), (5,29), (5,28), (5,27), (-4,-4), (-4,-4), (-4,-4)]
Turtle 5 :[(-5,-5), (25,43), (25,44), (-5,-5), (-5,-5), (-5,-5), (-5,-5), (-5,-5), (-5,-5), (-5,-5), (-5,-5), (-5,-5)]

Shrinking Run 84
#Info# Executed steps before collision: 11, Found collision: false
Turtle 1 :[(-1,-1), (46,41), (46,41), (46,41), (45,41), (44,41), (44,41), (43,41), (42,41), (41,41), (-1,-1), (-1,-1)]
Turtle 2 :[(-2,-2), (4,34), (4,33), (4,32), (4,31), (4,30), (4,31), (4,30), (5,30), (-2,-2), (-2,-2), (-2,-2)]
Turtle 3 :[(-3,-3), (24,40), (24,40), (23,40), (22,40), (22,40), (21,40), (20,40), (20,40), (20,40), (20,40), (20,39)]
Turtle 4 :[(-4,-4), (7,30), (6,30), (6,30), (5,30), (5,30), (5,29), (5,28), (5,27), (-4,-4), (-4,-4), (-4,-4)]
Turtle 5 :[(-5,-5), (25,43), (25,44), (-5,-5), (-5,-5), (-5,-5), (-5,-5), (-5,-5), (-5,-5), (-5,-5), (-5,-5), (-5,-5)]

Shrinking Run 85
#Info# Executed steps before collision: 11, Found collision: false
Turtle 1 :[(-1,-1), (46,41), (46,41), (46,41), (45,41), (44,41), (44,41), (43,41), (42,41), (41,41), (-1,-1), (-1,-1)]
Turtle 2 :[(-2,-2), (4,34), (4,33), (4,32), (4,31), (4,30), (4,31), (4,30), (5,30), (-2,-2), (-2,-2), (-2,-2)]
Turtle 3 :[(-3,-3), (24,40), (24,40), (23,40), (22,40), (22,40), (21,40), (20,40), (20,40), (20,40), (20,40), (20,39)]
Turtle 4 :[(-4,-4), (7,30), (6,30), (6,30), (6,30), (5,30), (5,29), (5,28), (5,27), (-4,-4), (-4,-4), (-4,-4)]
Turtle 5 :[(-5,-5), (25,43), (24,43), (23,43), (23,43), (23,44), (22,44), (21,44), (-5,-5), (-5,-5), (-5,-5), (-5,-5)]

Shrinking Run 86
#Info# Executed steps before collision: 11, Found collision: false
Turtle 1 :[(-1,-1), (46,41), (46,41), (46,41), (45,41), (44,41), (44,41), (43,41), (42,41), (41,41), (-1,-1), (-1,-1)]
Turtle 2 :[(-2,-2), (4,34), (4,33), (4,32), (4,31), (4,30), (4,30), (5,30), (-2,-2), (-2,-2), (-2,-2), (-2,-2)]
Turtle 3 :[(-3,-3), (24,40), (24,40), (23,40), (22,40), (22,40), (21,40), (20,40), (20,40), (20,40), (20,40), (20,39)]
Turtle 4 :[(-4,-4), (7,30), (6,30), (6,30), (6,30), (5,30), (5,29), (5,28), (5,27), (-4,-4), (-4,-4), (-4,-4)]
Turtle 5 :[(-5,-5), (25,43), (24,43), (24,43), (23,43), (23,44), (22,44), (-5,-5), (-5,-5), (-5,-5), (-5,-5), (-5,-5)]

Shrinking Run 87
#Info# Executed steps before collision: 11, Found collision: false
Turtle 1 :[(-1,-1), (46,41), (46,41), (46,41), (45,41), (44,41), (44,41), (43,41), (42,41), (41,41), (-1,-1), (-1,-1)]
Turtle 2 :[(-2,-2), (4,34), (4,33), (4,32), (4,31), (4,30), (4,30), (5,30), (-2,-2), (-2,-2), (-2,-2), (-2,-2)]
Turtle 3 :[(-3,-3), (24,40), (24,40), (23,40), (22,40), (22,40), (21,40), (20,40), (20,40), (20,40), (20,40), (20,39)]
Turtle 4 :[(-4,-4), (7,30), (6,30), (6,30), (6,30), (5,30), (5,29), (5,28), (5,27), (-4,-4), (-4,-4), (-4,-4)]
Turtle 5 :[(-5,-5), (25,43), (24,43), (24,43), (24,44), (-5,-5), (-5,-5), (-5,-5), (-5,-5), (-5,-5), (-5,-5), (-5,-5)]

Shrinking Run 88
#Info# Executed steps before collision: 11, Found collision: false
Turtle 1 :[(-1,-1), (46,41), (46,41), (46,41), (45,41), (44,41), (44,41), (43,41), (42,41), (41,41), (-1,-1), (-1,-1)]
Turtle 2 :[(-2,-2), (4,34), (4,33), (4,32), (4,31), (4,30), (4,31), (5,31), (5,30), (-2,-2), (-2,-2), (-2,-2)]
Turtle 3 :[(-3,-3), (24,40), (24,40), (23,40), (22,40), (22,40), (21,40), (20,40), (20,40), (20,40), (20,40), (20,39)]
Turtle 4 :[(-4,-4), (7,30), (6,30), (6,30), (6,30), (5,30), (5,29), (5,28), (5,27), (-4,-4), (-4,-4), (-4,-4)]
Turtle 5 :[(-5,-5), (25,43), (25,42), (25,41), (25,41), (25,40), (25,39), (25,38), (-5,-5), (-5,-5), (-5,-5), (-5,-5)]

Shrinking Run 89
#Info# Executed steps before collision: 11, Found collision: false
Turtle 1 :[(-1,-1), (46,41), (46,41), (46,41), (45,41), (44,41), (44,41), (43,41), (42,41), (41,41), (-1,-1), (-1,-1)]
Turtle 2 :[(-2,-2), (4,34), (4,33), (4,32), (4,31), (4,30), (4,29), (5,29), (5,30), (-2,-2), (-2,-2), (-2,-2)]
Turtle 3 :[(-3,-3), (24,40), (24,40), (23,40), (22,40), (22,40), (21,40), (20,40), (20,40), (20,40), (20,40), (20,39)]
Turtle 4 :[(-4,-4), (7,30), (6,30), (6,30), (6,30), (5,30), (6,30), (6,29), (6,28), (5,28), (5,27), (-4,-4)]
Turtle 5 :[(-5,-5), (25,43), (25,42), (25,42), (25,41), (25,40), (-5,-5), (-5,-5), (-5,-5), (-5,-5), (-5,-5), (-5,-5)]

Shrinking Run 90
#Info# Executed steps before collision: 11, Found collision: false
Turtle 1 :[(-1,-1), (46,41), (46,41), (46,41), (45,41), (44,41), (44,41), (43,41), (42,41), (41,41), (-1,-1), (-1,-1)]
Turtle 2 :[(-2,-2), (4,34), (4,33), (4,32), (4,31), (4,30), (5,30), (-2,-2), (-2,-2), (-2,-2), (-2,-2), (-2,-2)]
Turtle 3 :[(-3,-3), (24,40), (24,40), (23,40), (22,40), (22,40), (21,40), (20,40), (20,40), (20,40), (20,40), (20,39)]
Turtle 4 :[(-4,-4), (7,30), (6,30), (6,30), (6,30), (6,29), (5,29), (5,28), (5,27), (-4,-4), (-4,-4), (-4,-4)]
Turtle 5 :[(-5,-5), (25,43), (25,43), (25,42), (-5,-5), (-5,-5), (-5,-5), (-5,-5), (-5,-5), (-5,-5), (-5,-5), (-5,-5)]

Shrinking Run 91
#Info# Executed steps before collision: 11, Found collision: false
Turtle 1 :[(-1,-1), (46,41), (46,41), (46,41), (45,41), (44,41), (44,41), (43,41), (42,41), (41,41), (-1,-1), (-1,-1)]
Turtle 2 :[(-2,-2), (4,34), (4,33), (4,32), (4,31), (4,30), (4,29), (4,30), (5,30), (-2,-2), (-2,-2), (-2,-2)]
Turtle 3 :[(-3,-3), (24,40), (24,40), (23,40), (22,40), (22,40), (21,40), (20,40), (20,40), (20,40), (20,40), (20,39)]
Turtle 4 :[(-4,-4), (7,30), (6,30), (6,30), (6,30), (5,30), (5,29), (5,28), (5,27), (-4,-4), (-4,-4), (-4,-4)]
Turtle 5 :[(-5,-5), (7,46), (8,46), (9,46), (9,46), (9,45), (9,44), (9,43), (-5,-5), (-5,-5), (-5,-5), (-5,-5)]

Shrinking Run 92
#Info# Executed steps before collision: 15, Found collision: false
Turtle 1 :[(-1,-1), (46,41), (46,41), (46,41), (45,41), (45,40), (45,40), (45,39), (44,39), (43,39), (-1,-1), (-1,-1), (-1,-1), (-1,-1), (-1,-1), (-1,-1)]
Turtle 2 :[(-2,-2), (4,34), (4,33), (4,32), (4,31), (4,30), (4,29), (5,29), (5,29), (5,30), (-2,-2), (-2,-2), (-2,-2), (-2,-2), (-2,-2), (-2,-2)]
Turtle 3 :[(-3,-3), (24,40), (24,40), (23,40), (22,40), (22,40), (21,40), (20,40), (20,40), (20,40), (20,40), (20,39), (-3,-3), (-3,-3), (-3,-3), (-3,-3)]
Turtle 4 :[(-4,-4), (7,30), (6,30), (6,30), (6,30), (5,30), (5,31), (5,30), (5,30), (5,31), (5,32), (5,31), (5,30), (5,29), (5,28), (5,27)]
Turtle 5 :[(-5,-5), (25,43), (25,44), (-5,-5), (-5,-5), (-5,-5), (-5,-5), (-5,-5), (-5,-5), (-5,-5), (-5,-5), (-5,-5), (-5,-5), (-5,-5), (-5,-5), (-5,-5)]

Shrinking Run 93
#Info# Executed steps before collision: 12, Found collision: false
Turtle 1 :[(-1,-1), (46,41), (46,41), (46,41), (45,41), (44,41), (44,41), (44,40), (43,40), (42,40), (-1,-1), (-1,-1), (-1,-1)]
Turtle 2 :[(-2,-2), (4,34), (4,33), (4,32), (4,31), (4,30), (5,30), (-2,-2), (-2,-2), (-2,-2), (-2,-2), (-2,-2), (-2,-2)]
Turtle 3 :[(-3,-3), (24,40), (24,40), (23,40), (22,40), (22,40), (21,40), (20,40), (20,40), (20,40), (20,40), (20,39), (-3,-3)]
Turtle 4 :[(-4,-4), (7,30), (6,30), (6,30), (6,30), (6,30), (6,30), (6,31), (5,31), (5,30), (5,29), (5,28), (5,27)]
Turtle 5 :[(-5,-5), (25,43), (25,44), (-5,-5), (-5,-5), (-5,-5), (-5,-5), (-5,-5), (-5,-5), (-5,-5), (-5,-5), (-5,-5), (-5,-5)]

Shrinking Run 94
#Info# Executed steps before collision: 11, Found collision: false
Turtle 1 :[(-1,-1), (46,41), (45,41), (44,41), (43,41), (42,41), (41,41), (-1,-1), (-1,-1), (-1,-1), (-1,-1), (-1,-1)]
Turtle 2 :[(-2,-2), (4,34), (4,33), (4,32), (4,31), (4,30), (4,30), (5,30), (-2,-2), (-2,-2), (-2,-2), (-2,-2)]
Turtle 3 :[(-3,-3), (24,40), (24,40), (23,40), (22,40), (22,40), (21,40), (20,40), (20,40), (20,40), (20,40), (20,39)]
Turtle 4 :[(-4,-4), (7,30), (6,30), (6,30), (6,30), (5,30), (5,29), (5,28), (5,27), (-4,-4), (-4,-4), (-4,-4)]
Turtle 5 :[(-5,-5), (25,43), (25,44), (-5,-5), (-5,-5), (-5,-5), (-5,-5), (-5,-5), (-5,-5), (-5,-5), (-5,-5), (-5,-5)]

Shrinking Run 95
#Info# Executed steps before collision: 11, Found collision: false
Turtle 1 :[(-1,-1), (46,41), (45,41), (44,41), (43,41), (42,41), (42,41), (41,41), (-1,-1), (-1,-1), (-1,-1), (-1,-1)]
Turtle 2 :[(-2,-2), (4,34), (4,33), (4,32), (4,31), (4,30), (4,30), (5,30), (-2,-2), (-2,-2), (-2,-2), (-2,-2)]
Turtle 3 :[(-3,-3), (24,40), (24,40), (23,40), (22,40), (22,40), (21,40), (20,40), (20,40), (20,40), (20,40), (20,39)]
Turtle 4 :[(-4,-4), (7,30), (6,30), (6,30), (6,30), (5,30), (5,29), (5,28), (5,27), (-4,-4), (-4,-4), (-4,-4)]
Turtle 5 :[(-5,-5), (25,43), (25,44), (-5,-5), (-5,-5), (-5,-5), (-5,-5), (-5,-5), (-5,-5), (-5,-5), (-5,-5), (-5,-5)]

Shrinking Run 96
#Info# Executed steps before collision: 11, Found collision: false
Turtle 1 :[(-1,-1), (46,41), (46,41), (45,41), (44,41), (43,41), (43,41), (42,41), (41,41), (-1,-1), (-1,-1), (-1,-1)]
Turtle 2 :[(-2,-2), (4,34), (4,33), (4,32), (4,31), (4,30), (4,31), (5,31), (5,30), (-2,-2), (-2,-2), (-2,-2)]
Turtle 3 :[(-3,-3), (24,40), (24,40), (23,40), (22,40), (22,40), (21,40), (20,40), (20,40), (20,40), (20,40), (20,39)]
Turtle 4 :[(-4,-4), (7,30), (6,30), (6,30), (6,30), (5,30), (5,29), (5,28), (5,27), (-4,-4), (-4,-4), (-4,-4)]
Turtle 5 :[(-5,-5), (25,43), (25,44), (-5,-5), (-5,-5), (-5,-5), (-5,-5), (-5,-5), (-5,-5), (-5,-5), (-5,-5), (-5,-5)]

Shrinking Run 97
#Info# Executed steps before collision: 11, Found collision: false
Turtle 1 :[(-1,-1), (46,41), (45,41), (45,41), (44,41), (43,41), (43,41), (43,41), (42,41), (41,41), (-1,-1), (-1,-1)]
Turtle 2 :[(-2,-2), (4,34), (4,33), (4,32), (4,31), (4,30), (4,31), (4,30), (5,30), (-2,-2), (-2,-2), (-2,-2)]
Turtle 3 :[(-3,-3), (24,40), (24,40), (23,40), (22,40), (22,40), (21,40), (20,40), (20,40), (20,40), (20,40), (20,39)]
Turtle 4 :[(-4,-4), (7,30), (6,30), (6,30), (6,30), (5,30), (5,29), (5,28), (5,27), (-4,-4), (-4,-4), (-4,-4)]
Turtle 5 :[(-5,-5), (25,43), (25,44), (-5,-5), (-5,-5), (-5,-5), (-5,-5), (-5,-5), (-5,-5), (-5,-5), (-5,-5), (-5,-5)]

Shrinking Run 98
#Info# Executed steps before collision: 11, Found collision: false
Turtle 1 :[(-1,-1), (46,41), (46,41), (45,41), (44,41), (43,41), (43,41), (43,41), (42,41), (41,41), (-1,-1), (-1,-1)]
Turtle 2 :[(-2,-2), (4,34), (4,33), (4,32), (4,31), (4,30), (4,30), (5,30), (-2,-2), (-2,-2), (-2,-2), (-2,-2)]
Turtle 3 :[(-3,-3), (24,40), (24,40), (23,40), (22,40), (22,40), (21,40), (20,40), (20,40), (20,40), (20,40), (20,39)]
Turtle 4 :[(-4,-4), (7,30), (6,30), (6,30), (6,30), (5,30), (5,29), (5,28), (5,27), (-4,-4), (-4,-4), (-4,-4)]
Turtle 5 :[(-5,-5), (25,43), (25,44), (-5,-5), (-5,-5), (-5,-5), (-5,-5), (-5,-5), (-5,-5), (-5,-5), (-5,-5), (-5,-5)]

Shrinking Run 99
#Info# Executed steps before collision: 11, Found collision: false
Turtle 1 :[(-1,-1), (46,41), (46,41), (46,41), (45,41), (44,41), (43,41), (43,41), (42,41), (41,41), (-1,-1), (-1,-1)]
Turtle 2 :[(-2,-2), (4,34), (4,33), (4,32), (4,31), (4,30), (4,30), (5,30), (-2,-2), (-2,-2), (-2,-2), (-2,-2)]
Turtle 3 :[(-3,-3), (24,40), (24,40), (23,40), (22,40), (22,40), (21,40), (20,40), (20,40), (20,40), (20,40), (20,39)]
Turtle 4 :[(-4,-4), (7,30), (6,30), (6,30), (6,30), (5,30), (5,29), (5,28), (5,27), (-4,-4), (-4,-4), (-4,-4)]
Turtle 5 :[(-5,-5), (25,43), (25,44), (-5,-5), (-5,-5), (-5,-5), (-5,-5), (-5,-5), (-5,-5), (-5,-5), (-5,-5), (-5,-5)]

Shrinking Run 100
#Info# Executed steps before collision: 11, Found collision: false
Turtle 1 :[(-1,-1), (46,41), (46,41), (46,41), (45,41), (44,41), (44,41), (43,41), (42,41), (41,41), (-1,-1), (-1,-1)]
Turtle 2 :[(-2,-2), (4,34), (4,33), (4,32), (4,31), (4,30), (3,30), (-2,-2), (-2,-2), (-2,-2), (-2,-2), (-2,-2)]
Turtle 3 :[(-3,-3), (24,40), (24,40), (23,40), (22,40), (22,40), (21,40), (20,40), (20,40), (20,40), (20,40), (20,39)]
Turtle 4 :[(-4,-4), (7,30), (6,30), (6,30), (6,30), (5,30), (5,29), (5,28), (5,27), (-4,-4), (-4,-4), (-4,-4)]
Turtle 5 :[(-5,-5), (25,43), (25,44), (-5,-5), (-5,-5), (-5,-5), (-5,-5), (-5,-5), (-5,-5), (-5,-5), (-5,-5), (-5,-5)]

Shrinking Run 101
#Info# Executed steps before collision: 11, Found collision: false
Turtle 1 :[(-1,-1), (46,41), (46,41), (46,41), (45,41), (44,41), (44,41), (43,41), (42,41), (41,41), (-1,-1), (-1,-1)]
Turtle 2 :[(-2,-2), (4,34), (4,33), (4,32), (4,31), (4,30), (-2,-2), (-2,-2), (-2,-2), (-2,-2), (-2,-2), (-2,-2)]
Turtle 3 :[(-3,-3), (24,40), (24,40), (23,40), (22,40), (22,40), (21,40), (20,40), (20,40), (20,40), (20,40), (20,39)]
Turtle 4 :[(-4,-4), (7,30), (6,30), (6,30), (6,30), (5,30), (5,29), (5,28), (5,27), (-4,-4), (-4,-4), (-4,-4)]
Turtle 5 :[(-5,-5), (25,43), (25,44), (-5,-5), (-5,-5), (-5,-5), (-5,-5), (-5,-5), (-5,-5), (-5,-5), (-5,-5), (-5,-5)]

Shrinking Run 102
#Info# Executed steps before collision: 11, Found collision: false
Turtle 1 :[(-1,-1), (46,41), (46,41), (46,41), (45,41), (44,41), (44,41), (43,41), (42,41), (41,41), (-1,-1), (-1,-1)]
Turtle 2 :[(-2,-2), (4,34), (4,33), (4,32), (4,31), (4,30), (4,29), (-2,-2), (-2,-2), (-2,-2), (-2,-2), (-2,-2)]
Turtle 3 :[(-3,-3), (24,40), (24,40), (23,40), (22,40), (22,40), (21,40), (20,40), (20,40), (20,40), (20,40), (20,39)]
Turtle 4 :[(-4,-4), (7,30), (6,30), (6,30), (6,30), (5,30), (5,29), (5,28), (5,27), (-4,-4), (-4,-4), (-4,-4)]
Turtle 5 :[(-5,-5), (25,43), (25,44), (-5,-5), (-5,-5), (-5,-5), (-5,-5), (-5,-5), (-5,-5), (-5,-5), (-5,-5), (-5,-5)]

Shrinking Run 103
#Info# Executed steps before collision: 11, Found collision: false
Turtle 1 :[(-1,-1), (46,41), (46,41), (46,41), (45,41), (44,41), (44,41), (43,41), (42,41), (41,41), (-1,-1), (-1,-1)]
Turtle 2 :[(-2,-2), (4,34), (4,33), (5,33), (5,32), (5,31), (4,31), (5,31), (5,30), (-2,-2), (-2,-2), (-2,-2)]
Turtle 3 :[(-3,-3), (24,40), (24,40), (23,40), (22,40), (22,40), (21,40), (20,40), (20,40), (20,40), (20,40), (20,39)]
Turtle 4 :[(-4,-4), (7,30), (6,30), (6,30), (6,30), (5,30), (5,29), (5,28), (5,27), (-4,-4), (-4,-4), (-4,-4)]
Turtle 5 :[(-5,-5), (25,43), (25,44), (-5,-5), (-5,-5), (-5,-5), (-5,-5), (-5,-5), (-5,-5), (-5,-5), (-5,-5), (-5,-5)]

Shrinking Run 104
#Info# Executed steps before collision: 6, Found collision: true
Turtle 1 :[(-1,-1), (46,41), (46,41), (46,41), (45,41), (44,41), (44,41), (43,41), (42,41), (41,41), (-1,-1), (-1,-1)]
Turtle 2 :[(-2,-2), (4,34), (4,33), (4,32), (5,32), (5,31), (5,30), (-2,-2), (-2,-2), (-2,-2), (-2,-2), (-2,-2)]
Turtle 3 :[(-3,-3), (24,40), (24,40), (23,40), (22,40), (22,40), (21,40), (20,40), (20,40), (20,40), (20,40), (20,39)]
Turtle 4 :[(-4,-4), (7,30), (6,30), (6,30), (6,30), (6,30), (5,30), (5,29), (5,28), (5,27), (-4,-4), (-4,-4)]
Turtle 5 :[(-5,-5), (25,43), (25,44), (-5,-5), (-5,-5), (-5,-5), (-5,-5), (-5,-5), (-5,-5), (-5,-5), (-5,-5), (-5,-5)]

Shrinking Run 105
#Info# Executed steps before collision: 11, Found collision: false
Turtle 1 :[(-1,-1), (46,41), (46,41), (46,41), (45,41), (44,41), (44,41), (43,41), (42,41), (41,41), (-1,-1), (-1,-1)]
Turtle 2 :[(-2,-2), (4,34), (5,34), (5,33), (5,32), (5,31), (5,32), (5,31), (5,30), (-2,-2), (-2,-2), (-2,-2)]
Turtle 3 :[(-3,-3), (24,40), (24,40), (23,40), (22,40), (22,40), (21,40), (20,40), (20,40), (20,40), (20,40), (20,39)]
Turtle 4 :[(-4,-4), (7,30), (6,30), (6,30), (6,30), (5,30), (5,29), (5,28), (5,27), (-4,-4), (-4,-4), (-4,-4)]
Turtle 5 :[(-5,-5), (25,43), (25,44), (-5,-5), (-5,-5), (-5,-5), (-5,-5), (-5,-5), (-5,-5), (-5,-5), (-5,-5), (-5,-5)]

Shrinking Run 106
#Info# Executed steps before collision: 11, Found collision: false
Turtle 1 :[(-1,-1), (46,41), (46,41), (46,41), (45,41), (44,41), (44,41), (43,41), (42,41), (41,41), (-1,-1), (-1,-1)]
Turtle 2 :[(-2,-2), (4,34), (4,33), (4,32), (5,32), (5,31), (6,31), (5,31), (5,30), (-2,-2), (-2,-2), (-2,-2)]
Turtle 3 :[(-3,-3), (24,40), (24,40), (23,40), (22,40), (22,40), (21,40), (20,40), (20,40), (20,40), (20,40), (19,40)]
Turtle 4 :[(-4,-4), (7,30), (6,30), (6,30), (6,30), (5,30), (5,29), (5,28), (5,27), (-4,-4), (-4,-4), (-4,-4)]
Turtle 5 :[(-5,-5), (25,43), (25,44), (-5,-5), (-5,-5), (-5,-5), (-5,-5), (-5,-5), (-5,-5), (-5,-5), (-5,-5), (-5,-5)]

Shrinking Run 107
#Info# Executed steps before collision: 10, Found collision: false
Turtle 1 :[(-1,-1), (46,41), (46,41), (46,41), (45,41), (44,41), (44,41), (43,41), (42,41), (41,41), (-1,-1)]
Turtle 2 :[(-2,-2), (4,34), (4,33), (4,32), (5,32), (5,31), (6,31), (5,31), (5,30), (-2,-2), (-2,-2)]
Turtle 3 :[(-3,-3), (24,40), (24,40), (23,40), (22,40), (22,40), (21,40), (21,40), (21,40), (21,40), (20,40)]
Turtle 4 :[(-4,-4), (7,30), (6,30), (6,30), (6,30), (5,30), (5,29), (5,28), (5,27), (-4,-4), (-4,-4)]
Turtle 5 :[(-5,-5), (25,43), (25,44), (-5,-5), (-5,-5), (-5,-5), (-5,-5), (-5,-5), (-5,-5), (-5,-5), (-5,-5)]

Shrinking Run 108
#Info# Executed steps before collision: 11, Found collision: false
Turtle 1 :[(-1,-1), (46,41), (46,41), (46,41), (45,41), (44,41), (44,41), (43,41), (42,41), (41,41), (-1,-1), (-1,-1)]
Turtle 2 :[(-2,-2), (4,34), (4,33), (4,32), (5,32), (5,31), (5,30), (-2,-2), (-2,-2), (-2,-2), (-2,-2), (-2,-2)]
Turtle 3 :[(-3,-3), (24,40), (24,40), (24,39), (24,38), (24,38), (23,38), (22,38), (22,38), (22,38), (22,38), (22,37)]
Turtle 4 :[(-4,-4), (7,30), (6,30), (6,30), (6,30), (6,31), (6,30), (6,29), (5,29), (5,28), (5,27), (-4,-4)]
Turtle 5 :[(-5,-5), (25,43), (25,44), (-5,-5), (-5,-5), (-5,-5), (-5,-5), (-5,-5), (-5,-5), (-5,-5), (-5,-5), (-5,-5)]

Shrinking Run 109
#Info# Executed steps before collision: 9, Found collision: false
Turtle 1 :[(-1,-1), (46,41), (46,41), (46,41), (45,41), (44,41), (44,41), (43,41), (42,41), (41,41)]
Turtle 2 :[(-2,-2), (4,34), (4,33), (4,32), (5,32), (5,31), (4,31), (5,31), (5,30), (-2,-2)]
Turtle 3 :[(-3,-3), (24,40), (23,40), (22,40), (21,40), (20,40), (20,39), (-3,-3), (-3,-3), (-3,-3)]
Turtle 4 :[(-4,-4), (7,30), (6,30), (6,30), (6,30), (5,30), (5,29), (5,28), (5,27), (-4,-4)]
Turtle 5 :[(-5,-5), (25,43), (25,44), (-5,-5), (-5,-5), (-5,-5), (-5,-5), (-5,-5), (-5,-5), (-5,-5)]

Shrinking Run 110
#Info# Executed steps before collision: 9, Found collision: false
Turtle 1 :[(-1,-1), (46,41), (46,41), (46,41), (45,41), (44,41), (44,41), (43,41), (42,41), (41,41)]
Turtle 2 :[(-2,-2), (4,34), (4,33), (4,32), (5,32), (5,31), (6,31), (5,31), (5,30), (-2,-2)]
Turtle 3 :[(-3,-3), (24,40), (23,40), (22,40), (21,40), (21,40), (20,40), (20,39), (-3,-3), (-3,-3)]
Turtle 4 :[(-4,-4), (7,30), (6,30), (6,30), (6,30), (5,30), (5,29), (5,28), (5,27), (-4,-4)]
Turtle 5 :[(-5,-5), (25,43), (25,44), (-5,-5), (-5,-5), (-5,-5), (-5,-5), (-5,-5), (-5,-5), (-5,-5)]

Shrinking Run 111
#Info# Executed steps before collision: 6, Found collision: true
Turtle 1 :[(-1,-1), (46,41), (46,41), (46,41), (45,41), (44,41), (44,41), (43,41), (42,41), (41,41)]
Turtle 2 :[(-2,-2), (4,34), (4,33), (4,32), (5,32), (5,31), (5,30), (-2,-2), (-2,-2), (-2,-2)]
Turtle 3 :[(-3,-3), (24,40), (23,40), (22,40), (21,40), (21,40), (20,40), (20,40), (20,39), (-3,-3)]
Turtle 4 :[(-4,-4), (7,30), (6,30), (6,30), (6,30), (6,30), (5,30), (5,29), (5,28), (5,27)]
Turtle 5 :[(-5,-5), (25,43), (25,44), (-5,-5), (-5,-5), (-5,-5), (-5,-5), (-5,-5), (-5,-5), (-5,-5)]

Shrinking Run 112
#Info# Executed steps before collision: 9, Found collision: false
Turtle 1 :[(-1,-1), (46,41), (46,41), (46,41), (45,41), (44,41), (44,41), (43,41), (42,41), (41,41)]
Turtle 2 :[(-2,-2), (4,34), (4,33), (4,32), (5,32), (5,31), (4,31), (5,31), (5,30), (-2,-2)]
Turtle 3 :[(-3,-3), (24,40), (23,40), (22,40), (21,40), (20,40), (20,40), (20,40), (20,39), (-3,-3)]
Turtle 4 :[(-4,-4), (7,30), (6,30), (6,30), (6,30), (5,30), (5,29), (5,28), (5,27), (-4,-4)]
Turtle 5 :[(-5,-5), (25,43), (25,44), (-5,-5), (-5,-5), (-5,-5), (-5,-5), (-5,-5), (-5,-5), (-5,-5)]

Shrinking Run 113
#Info# Executed steps before collision: 9, Found collision: false
Turtle 1 :[(-1,-1), (46,41), (46,41), (46,41), (45,41), (44,41), (44,41), (43,41), (42,41), (41,41)]
Turtle 2 :[(-2,-2), (4,34), (4,33), (4,32), (5,32), (5,31), (6,31), (6,30), (5,30), (-2,-2)]
Turtle 3 :[(-3,-3), (24,40), (23,40), (22,40), (21,40), (21,40), (20,40), (20,40), (20,39), (-3,-3)]
Turtle 4 :[(-4,-4), (7,30), (6,30), (6,30), (6,30), (5,30), (5,29), (4,29), (4,28), (-4,-4)]
Turtle 5 :[(-5,-5), (25,43), (25,44), (-5,-5), (-5,-5), (-5,-5), (-5,-5), (-5,-5), (-5,-5), (-5,-5)]

Shrinking Run 114
#Info# Executed steps before collision: 9, Found collision: false
Turtle 1 :[(-1,-1), (46,41), (46,41), (46,41), (45,41), (44,41), (44,41), (43,41), (42,41), (41,41)]
Turtle 2 :[(-2,-2), (4,34), (4,33), (4,32), (5,32), (5,31), (5,30), (-2,-2), (-2,-2), (-2,-2)]
Turtle 3 :[(-3,-3), (24,40), (23,40), (22,40), (21,40), (21,40), (20,40), (20,40), (20,39), (-3,-3)]
Turtle 4 :[(-4,-4), (7,30), (6,30), (6,30), (6,30), (6,29), (6,28), (5,28), (5,27), (-4,-4)]
Turtle 5 :[(-5,-5), (25,43), (25,44), (-5,-5), (-5,-5), (-5,-5), (-5,-5), (-5,-5), (-5,-5), (-5,-5)]

Shrinking Run 115
#Info# Executed steps before collision: 9, Found collision: false
Turtle 1 :[(-1,-1), (46,41), (46,41), (46,41), (45,41), (44,41), (44,41), (43,41), (42,41), (41,41)]
Turtle 2 :[(-2,-2), (4,34), (4,33), (4,32), (5,32), (5,31), (5,30), (-2,-2), (-2,-2), (-2,-2)]
Turtle 3 :[(-3,-3), (24,40), (23,40), (22,40), (21,40), (21,40), (20,40), (20,40), (20,39), (-3,-3)]
Turtle 4 :[(-4,-4), (7,30), (6,30), (6,30), (6,30), (6,29), (5,29), (5,28), (5,27), (-4,-4)]
Turtle 5 :[(-5,-5), (25,43), (25,44), (-5,-5), (-5,-5), (-5,-5), (-5,-5), (-5,-5), (-5,-5), (-5,-5)]

Shrinking Run 116
#Info# Executed steps before collision: 9, Found collision: false
Turtle 1 :[(-1,-1), (46,41), (46,41), (46,41), (45,41), (44,41), (44,41), (43,41), (42,41), (41,41)]
Turtle 2 :[(-2,-2), (4,34), (4,33), (4,32), (5,32), (5,31), (5,30), (-2,-2), (-2,-2), (-2,-2)]
Turtle 3 :[(-3,-3), (24,40), (23,40), (22,40), (21,40), (21,40), (20,40), (20,40), (20,39), (-3,-3)]
Turtle 4 :[(-4,-4), (7,30), (6,30), (6,30), (5,30), (5,29), (5,28), (5,27), (-4,-4), (-4,-4)]
Turtle 5 :[(-5,-5), (25,43), (25,44), (-5,-5), (-5,-5), (-5,-5), (-5,-5), (-5,-5), (-5,-5), (-5,-5)]

Shrinking Run 117
#Info# Executed steps before collision: 10, Found collision: false
Turtle 1 :[(-1,-1), (46,41), (46,41), (46,41), (45,41), (44,41), (44,41), (43,41), (42,41), (41,41), (-1,-1)]
Turtle 2 :[(-2,-2), (4,34), (4,33), (4,32), (5,32), (5,31), (5,30), (-2,-2), (-2,-2), (-2,-2), (-2,-2)]
Turtle 3 :[(-3,-3), (24,40), (23,40), (22,40), (21,40), (21,40), (20,40), (20,40), (20,39), (-3,-3), (-3,-3)]
Turtle 4 :[(-4,-4), (7,30), (6,30), (6,29), (6,29), (6,29), (6,30), (6,29), (5,29), (5,28), (5,27)]
Turtle 5 :[(-5,-5), (25,43), (25,44), (-5,-5), (-5,-5), (-5,-5), (-5,-5), (-5,-5), (-5,-5), (-5,-5), (-5,-5)]

Shrinking Run 118
#Info# Executed steps before collision: 9, Found collision: false
Turtle 1 :[(-1,-1), (46,41), (46,41), (46,41), (45,41), (44,41), (44,41), (43,41), (42,41), (41,41)]
Turtle 2 :[(-2,-2), (4,34), (4,33), (4,32), (5,32), (5,31), (6,31), (6,30), (5,30), (-2,-2)]
Turtle 3 :[(-3,-3), (24,40), (23,40), (22,40), (21,40), (21,40), (20,40), (20,40), (20,39), (-3,-3)]
Turtle 4 :[(-4,-4), (7,30), (6,30), (5,30), (5,30), (5,30), (5,29), (5,28), (5,27), (-4,-4)]
Turtle 5 :[(-5,-5), (25,43), (25,44), (-5,-5), (-5,-5), (-5,-5), (-5,-5), (-5,-5), (-5,-5), (-5,-5)]

Shrinking Run 119
#Info# Executed steps before collision: 9, Found collision: false
Turtle 1 :[(-1,-1), (46,41), (46,41), (46,41), (45,41), (44,41), (44,41), (43,41), (42,41), (41,41)]
Turtle 2 :[(-2,-2), (4,34), (4,33), (4,32), (5,32), (5,31), (5,30), (-2,-2), (-2,-2), (-2,-2)]
Turtle 3 :[(-3,-3), (24,40), (23,40), (22,40), (21,40), (21,40), (20,40), (20,40), (20,39), (-3,-3)]
Turtle 4 :[(-4,-4), (7,30), (6,30), (6,30), (6,29), (6,29), (5,29), (5,28), (5,27), (-4,-4)]
Turtle 5 :[(-5,-5), (25,43), (25,44), (-5,-5), (-5,-5), (-5,-5), (-5,-5), (-5,-5), (-5,-5), (-5,-5)]

Shrinking Run 120
#Info# Executed steps before collision: 9, Found collision: false
Turtle 1 :[(-1,-1), (46,41), (46,41), (46,41), (45,41), (44,41), (44,41), (43,41), (42,41), (41,41)]
Turtle 2 :[(-2,-2), (4,34), (4,33), (4,32), (5,32), (5,31), (5,32), (5,31), (5,30), (-2,-2)]
Turtle 3 :[(-3,-3), (24,40), (23,40), (22,40), (21,40), (21,40), (20,40), (20,40), (20,39), (-3,-3)]
Turtle 4 :[(-4,-4), (7,30), (6,30), (6,30), (5,30), (5,30), (5,29), (5,28), (5,27), (-4,-4)]
Turtle 5 :[(-5,-5), (25,43), (25,44), (-5,-5), (-5,-5), (-5,-5), (-5,-5), (-5,-5), (-5,-5), (-5,-5)]

Shrinking Run 121
#Info# Executed steps before collision: 10, Found collision: false
Turtle 1 :[(-1,-1), (46,41), (46,41), (46,41), (45,41), (44,41), (44,41), (43,41), (42,41), (41,41), (-1,-1)]
Turtle 2 :[(-2,-2), (4,34), (4,33), (4,32), (5,32), (5,31), (5,30), (-2,-2), (-2,-2), (-2,-2), (-2,-2)]
Turtle 3 :[(-3,-3), (24,40), (23,40), (22,40), (21,40), (21,40), (20,40), (20,40), (20,39), (-3,-3), (-3,-3)]
Turtle 4 :[(-4,-4), (7,30), (6,30), (6,30), (6,30), (6,31), (6,30), (6,29), (6,28), (5,28), (5,27)]
Turtle 5 :[(-5,-5), (25,43), (24,43), (23,43), (23,43), (23,44), (22,44), (21,44), (-5,-5), (-5,-5), (-5,-5)]

Shrinking Run 122
#Info# Executed steps before collision: 9, Found collision: false
Turtle 1 :[(-1,-1), (46,41), (46,41), (46,41), (45,41), (44,41), (44,41), (43,41), (42,41), (41,41)]
Turtle 2 :[(-2,-2), (4,34), (4,33), (4,32), (5,32), (5,31), (5,32), (5,31), (5,30), (-2,-2)]
Turtle 3 :[(-3,-3), (24,40), (23,40), (22,40), (21,40), (21,40), (20,40), (20,40), (20,39), (-3,-3)]
Turtle 4 :[(-4,-4), (7,30), (6,30), (6,30), (6,30), (5,30), (5,29), (5,28), (5,27), (-4,-4)]
Turtle 5 :[(-5,-5), (25,43), (24,43), (24,43), (23,43), (23,44), (22,44), (-5,-5), (-5,-5), (-5,-5)]

Shrinking Run 123
#Info# Executed steps before collision: 9, Found collision: false
Turtle 1 :[(-1,-1), (46,41), (46,41), (46,41), (45,41), (44,41), (44,41), (43,41), (42,41), (41,41)]
Turtle 2 :[(-2,-2), (4,34), (4,33), (4,32), (5,32), (5,31), (5,31), (5,30), (-2,-2), (-2,-2)]
Turtle 3 :[(-3,-3), (24,40), (23,40), (22,40), (21,40), (21,40), (20,40), (20,40), (20,39), (-3,-3)]
Turtle 4 :[(-4,-4), (7,30), (6,30), (6,30), (6,30), (5,30), (5,29), (5,28), (5,27), (-4,-4)]
Turtle 5 :[(-5,-5), (25,43), (24,43), (24,43), (24,44), (-5,-5), (-5,-5), (-5,-5), (-5,-5), (-5,-5)]

Shrinking Run 124
#Info# Executed steps before collision: 9, Found collision: false
Turtle 1 :[(-1,-1), (46,41), (46,41), (46,41), (45,41), (44,41), (44,41), (43,41), (42,41), (41,41)]
Turtle 2 :[(-2,-2), (4,34), (4,33), (4,32), (5,32), (5,31), (5,31), (5,30), (-2,-2), (-2,-2)]
Turtle 3 :[(-3,-3), (24,40), (23,40), (22,40), (21,40), (21,40), (20,40), (20,40), (20,39), (-3,-3)]
Turtle 4 :[(-4,-4), (7,30), (6,30), (6,30), (6,30), (5,30), (5,29), (5,28), (5,27), (-4,-4)]
Turtle 5 :[(-5,-5), (25,43), (25,42), (25,41), (25,41), (25,40), (25,39), (25,38), (-5,-5), (-5,-5)]

Shrinking Run 125
#Info# Executed steps before collision: 9, Found collision: false
Turtle 1 :[(-1,-1), (46,41), (46,41), (46,41), (45,41), (44,41), (44,41), (43,41), (42,41), (41,41)]
Turtle 2 :[(-2,-2), (4,34), (4,33), (4,32), (5,32), (5,31), (5,31), (5,30), (-2,-2), (-2,-2)]
Turtle 3 :[(-3,-3), (24,40), (23,40), (22,40), (21,40), (21,40), (20,40), (20,40), (20,39), (-3,-3)]
Turtle 4 :[(-4,-4), (7,30), (6,30), (6,30), (6,30), (5,30), (5,29), (5,28), (5,27), (-4,-4)]
Turtle 5 :[(-5,-5), (25,43), (25,42), (25,42), (25,41), (25,40), (-5,-5), (-5,-5), (-5,-5), (-5,-5)]

Shrinking Run 126
#Info# Executed steps before collision: 9, Found collision: false
Turtle 1 :[(-1,-1), (46,41), (46,41), (46,41), (45,41), (44,41), (44,41), (43,41), (42,41), (41,41)]
Turtle 2 :[(-2,-2), (4,34), (4,33), (4,32), (5,32), (5,31), (5,32), (5,31), (5,30), (-2,-2)]
Turtle 3 :[(-3,-3), (24,40), (23,40), (22,40), (21,40), (21,40), (20,40), (20,40), (20,39), (-3,-3)]
Turtle 4 :[(-4,-4), (7,30), (6,30), (6,30), (6,30), (5,30), (5,29), (5,28), (5,27), (-4,-4)]
Turtle 5 :[(-5,-5), (25,43), (25,43), (25,42), (-5,-5), (-5,-5), (-5,-5), (-5,-5), (-5,-5), (-5,-5)]

Shrinking Run 127
#Info# Executed steps before collision: 10, Found collision: false
Turtle 1 :[(-1,-1), (46,41), (46,41), (46,41), (45,41), (44,41), (44,41), (43,41), (42,41), (41,41), (-1,-1)]
Turtle 2 :[(-2,-2), (4,34), (4,33), (4,32), (5,32), (5,31), (5,30), (-2,-2), (-2,-2), (-2,-2), (-2,-2)]
Turtle 3 :[(-3,-3), (24,40), (23,40), (22,40), (21,40), (21,40), (20,40), (20,40), (20,39), (-3,-3), (-3,-3)]
Turtle 4 :[(-4,-4), (7,30), (6,30), (6,30), (6,30), (7,30), (7,29), (6,29), (6,28), (5,28), (5,27)]
Turtle 5 :[(-5,-5), (7,46), (8,46), (9,46), (9,46), (9,45), (9,44), (9,43), (-5,-5), (-5,-5), (-5,-5)]

Shrinking Run 128
#Info# Executed steps before collision: 9, Found collision: false
Turtle 1 :[(-1,-1), (46,41), (46,41), (46,41), (45,41), (45,40), (45,40), (45,39), (44,39), (43,39)]
Turtle 2 :[(-2,-2), (4,34), (4,33), (4,32), (5,32), (5,31), (5,31), (5,30), (-2,-2), (-2,-2)]
Turtle 3 :[(-3,-3), (24,40), (23,40), (22,40), (21,40), (21,40), (20,40), (20,40), (20,39), (-3,-3)]
Turtle 4 :[(-4,-4), (7,30), (6,30), (6,30), (6,30), (5,30), (5,29), (5,28), (5,27), (-4,-4)]
Turtle 5 :[(-5,-5), (25,43), (25,44), (-5,-5), (-5,-5), (-5,-5), (-5,-5), (-5,-5), (-5,-5), (-5,-5)]

Shrinking Run 129
#Info# Executed steps before collision: 9, Found collision: false
Turtle 1 :[(-1,-1), (46,41), (46,41), (46,41), (45,41), (44,41), (44,41), (44,40), (43,40), (42,40)]
Turtle 2 :[(-2,-2), (4,34), (4,33), (4,32), (5,32), (5,31), (5,32), (5,31), (5,30), (-2,-2)]
Turtle 3 :[(-3,-3), (24,40), (23,40), (22,40), (21,40), (21,40), (20,40), (20,40), (20,39), (-3,-3)]
Turtle 4 :[(-4,-4), (7,30), (6,30), (6,30), (6,30), (5,30), (5,29), (5,28), (5,27), (-4,-4)]
Turtle 5 :[(-5,-5), (25,43), (25,44), (-5,-5), (-5,-5), (-5,-5), (-5,-5), (-5,-5), (-5,-5), (-5,-5)]

Shrinking Run 130
#Info# Executed steps before collision: 8, Found collision: false
Turtle 1 :[(-1,-1), (46,41), (45,41), (44,41), (43,41), (42,41), (41,41), (-1,-1), (-1,-1)]
Turtle 2 :[(-2,-2), (4,34), (4,33), (4,32), (5,32), (5,31), (5,32), (5,31), (5,30)]
Turtle 3 :[(-3,-3), (24,40), (23,40), (22,40), (21,40), (21,40), (20,40), (20,40), (20,39)]
Turtle 4 :[(-4,-4), (7,30), (6,30), (6,30), (6,30), (5,30), (5,29), (5,28), (5,27)]
Turtle 5 :[(-5,-5), (25,43), (25,44), (-5,-5), (-5,-5), (-5,-5), (-5,-5), (-5,-5), (-5,-5)]

Shrinking Run 131
#Info# Executed steps before collision: 8, Found collision: false
Turtle 1 :[(-1,-1), (46,41), (45,41), (44,41), (43,41), (42,41), (42,41), (41,41), (-1,-1)]
Turtle 2 :[(-2,-2), (4,34), (4,33), (4,32), (5,32), (5,31), (5,32), (5,31), (5,30)]
Turtle 3 :[(-3,-3), (24,40), (23,40), (22,40), (21,40), (21,40), (20,40), (20,40), (20,39)]
Turtle 4 :[(-4,-4), (7,30), (6,30), (6,30), (6,30), (5,30), (5,29), (5,28), (5,27)]
Turtle 5 :[(-5,-5), (25,43), (25,44), (-5,-5), (-5,-5), (-5,-5), (-5,-5), (-5,-5), (-5,-5)]

Shrinking Run 132
#Info# Executed steps before collision: 8, Found collision: false
Turtle 1 :[(-1,-1), (46,41), (46,41), (45,41), (44,41), (43,41), (43,41), (42,41), (41,41)]
Turtle 2 :[(-2,-2), (4,34), (4,33), (4,32), (5,32), (5,31), (6,31), (6,30), (5,30)]
Turtle 3 :[(-3,-3), (24,40), (23,40), (22,40), (21,40), (21,40), (20,40), (20,40), (20,39)]
Turtle 4 :[(-4,-4), (7,30), (6,30), (6,30), (6,30), (5,30), (5,29), (5,28), (5,27)]
Turtle 5 :[(-5,-5), (25,43), (25,44), (-5,-5), (-5,-5), (-5,-5), (-5,-5), (-5,-5), (-5,-5)]

Shrinking Run 133
#Info# Executed steps before collision: 9, Found collision: false
Turtle 1 :[(-1,-1), (46,41), (45,41), (45,41), (44,41), (43,41), (43,41), (43,41), (42,41), (41,41)]
Turtle 2 :[(-2,-2), (4,34), (4,33), (4,32), (5,32), (5,31), (5,31), (5,30), (-2,-2), (-2,-2)]
Turtle 3 :[(-3,-3), (24,40), (23,40), (22,40), (21,40), (21,40), (20,40), (20,40), (20,39), (-3,-3)]
Turtle 4 :[(-4,-4), (7,30), (6,30), (6,30), (6,30), (5,30), (5,29), (5,28), (5,27), (-4,-4)]
Turtle 5 :[(-5,-5), (25,43), (25,44), (-5,-5), (-5,-5), (-5,-5), (-5,-5), (-5,-5), (-5,-5), (-5,-5)]

Shrinking Run 134
#Info# Executed steps before collision: 9, Found collision: false
Turtle 1 :[(-1,-1), (46,41), (46,41), (45,41), (44,41), (43,41), (43,41), (43,41), (42,41), (41,41)]
Turtle 2 :[(-2,-2), (4,34), (4,33), (4,32), (5,32), (5,31), (4,31), (4,30), (5,30), (-2,-2)]
Turtle 3 :[(-3,-3), (24,40), (23,40), (22,40), (21,40), (21,40), (20,40), (20,40), (20,39), (-3,-3)]
Turtle 4 :[(-4,-4), (7,30), (6,30), (6,30), (6,30), (5,30), (5,29), (5,28), (5,27), (-4,-4)]
Turtle 5 :[(-5,-5), (25,43), (25,44), (-5,-5), (-5,-5), (-5,-5), (-5,-5), (-5,-5), (-5,-5), (-5,-5)]

Shrinking Run 135
#Info# Executed steps before collision: 9, Found collision: false
Turtle 1 :[(-1,-1), (46,41), (46,41), (46,41), (45,41), (44,41), (43,41), (43,41), (42,41), (41,41)]
Turtle 2 :[(-2,-2), (4,34), (4,33), (4,32), (5,32), (5,31), (4,31), (4,30), (5,30), (-2,-2)]
Turtle 3 :[(-3,-3), (24,40), (23,40), (22,40), (21,40), (21,40), (20,40), (20,40), (20,39), (-3,-3)]
Turtle 4 :[(-4,-4), (7,30), (6,30), (6,30), (6,30), (5,30), (5,29), (5,28), (5,27), (-4,-4)]
Turtle 5 :[(-5,-5), (25,43), (25,44), (-5,-5), (-5,-5), (-5,-5), (-5,-5), (-5,-5), (-5,-5), (-5,-5)]

Shrinking Run 136
#Info# Executed steps before collision: 9, Found collision: false
Turtle 1 :[(-1,-1), (46,41), (46,41), (46,41), (45,41), (44,41), (44,41), (43,41), (42,41), (41,41)]
Turtle 2 :[(-2,-2), (4,34), (4,33), (4,32), (4,31), (4,30), (3,30), (-2,-2), (-2,-2), (-2,-2)]
Turtle 3 :[(-3,-3), (24,40), (23,40), (22,40), (21,40), (21,40), (20,40), (20,40), (20,39), (-3,-3)]
Turtle 4 :[(-4,-4), (7,30), (6,30), (6,30), (6,30), (5,30), (5,29), (5,28), (5,27), (-4,-4)]
Turtle 5 :[(-5,-5), (25,43), (25,44), (-5,-5), (-5,-5), (-5,-5), (-5,-5), (-5,-5), (-5,-5), (-5,-5)]

Shrinking Run 137
#Info# Executed steps before collision: 9, Found collision: false
Turtle 1 :[(-1,-1), (46,41), (46,41), (46,41), (45,41), (44,41), (44,41), (43,41), (42,41), (41,41)]
Turtle 2 :[(-2,-2), (4,34), (4,33), (4,32), (4,31), (4,30), (-2,-2), (-2,-2), (-2,-2), (-2,-2)]
Turtle 3 :[(-3,-3), (24,40), (23,40), (22,40), (21,40), (21,40), (20,40), (20,40), (20,39), (-3,-3)]
Turtle 4 :[(-4,-4), (7,30), (6,30), (6,30), (6,30), (6,30), (5,30), (5,29), (5,28), (5,27)]
Turtle 5 :[(-5,-5), (25,43), (25,44), (-5,-5), (-5,-5), (-5,-5), (-5,-5), (-5,-5), (-5,-5), (-5,-5)]

Shrinking Run 138
#Info# Executed steps before collision: 9, Found collision: false
Turtle 1 :[(-1,-1), (46,41), (46,41), (46,41), (45,41), (44,41), (44,41), (43,41), (42,41), (41,41)]
Turtle 2 :[(-2,-2), (4,34), (4,33), (4,32), (4,31), (4,30), (4,29), (-2,-2), (-2,-2), (-2,-2)]
Turtle 3 :[(-3,-3), (24,40), (23,40), (22,40), (21,40), (21,40), (20,40), (20,40), (20,39), (-3,-3)]
Turtle 4 :[(-4,-4), (7,30), (6,30), (6,30), (6,30), (5,30), (5,29), (5,28), (5,27), (-4,-4)]
Turtle 5 :[(-5,-5), (25,43), (25,44), (-5,-5), (-5,-5), (-5,-5), (-5,-5), (-5,-5), (-5,-5), (-5,-5)]

Shrinking Run 139
#Info# Executed steps before collision: 9, Found collision: false
Turtle 1 :[(-1,-1), (46,41), (46,41), (46,41), (45,41), (44,41), (44,41), (43,41), (42,41), (41,41)]
Turtle 2 :[(-2,-2), (4,34), (4,33), (5,33), (5,32), (5,31), (6,31), (5,31), (5,30), (-2,-2)]
Turtle 3 :[(-3,-3), (24,40), (23,40), (22,40), (21,40), (21,40), (20,40), (20,40), (20,39), (-3,-3)]
Turtle 4 :[(-4,-4), (7,30), (6,30), (6,30), (6,30), (5,30), (5,29), (5,28), (5,27), (-4,-4)]
Turtle 5 :[(-5,-5), (25,43), (25,44), (-5,-5), (-5,-5), (-5,-5), (-5,-5), (-5,-5), (-5,-5), (-5,-5)]

Shrink Run 140
#Info# Executed steps before collision: 9, Found collision: false
Turtle 1 :[(-1,-1), (46,41), (46,41), (46,41), (45,41), (44,41), (44,41), (43,41), (42,41), (41,41)]
Turtle 2 :[(-2,-2), (4,34), (5,34), (5,33), (5,32), (5,31), (5,31), (5,30), (-2,-2), (-2,-2)]
Turtle 3 :[(-3,-3), (24,40), (23,40), (22,40), (21,40), (21,40), (20,40), (20,40), (20,39), (-3,-3)]
Turtle 4 :[(-4,-4), (7,30), (6,30), (6,30), (6,30), (5,30), (5,29), (5,28), (5,27), (-4,-4)]
Turtle 5 :[(-5,-5), (25,43), (25,44), (-5,-5), (-5,-5), (-5,-5), (-5,-5), (-5,-5), (-5,-5), (-5,-5)]

