Detection Run 1
#Info# Executed steps before collision: 6, Found collision: false
Turtle 1 :[(-1,-1), (3,15), (3,16), (3,17), (2,17), (1,17), (1,18)]
Turtle 2 :[(-2,-2), (1,7), (1,6), (1,5), (1,4), (1,3), (1,2)]
Turtle 3 :[(-3,-3), (11,16), (11,17), (11,18), (12,18), (-3,-3), (-3,-3)]
Turtle 4 :[(-4,-4), (15,17), (15,18), (14,18), (14,19), (13,19), (12,19)]
Turtle 5 :[(-5,-5), (8,7), (9,7), (9,6), (10,6), (11,6), (11,5)]

Detection Run 2
#Info# Executed steps before collision: 6, Found collision: false
Turtle 1 :[(-1,-1), (2,14), (3,14), (3,13), (4,13), (4,12), (5,12)]
Turtle 2 :[(-2,-2), (8,7), (8,8), (8,9), (9,9), (-2,-2), (-2,-2)]
Turtle 3 :[(-3,-3), (4,8), (5,8), (6,8), (7,8), (7,9), (8,9)]
Turtle 4 :[(-4,-4), (12,0), (11,0), (12,0), (13,0), (-4,-4), (-4,-4)]
Turtle 5 :[(-5,-5), (0,17), (0,18), (0,19), (0,18), (0,19), (1,19)]

Fault Detection Run 3
#Info# Executed steps before collision: 2, Found collision: true
Turtle 1 :[(-1,-1), (12,5), (11,5), (11,4), (10,4), (10,3), (10,2)]
Turtle 2 :[(-2,-2), (18,4), (18,3), (18,2), (19,2), (19,1), (19,0)]
Turtle 3 :[(-3,-3), (17,3), (18,3), (19,3), (19,2), (-3,-3), (-3,-3)]
Turtle 4 :[(-4,-4), (3,0), (4,0), (5,0), (6,0), (7,0), (7,1)]
Turtle 5 :[(-5,-5), (3,7), (3,6), (3,5), (2,5), (2,4), (2,3)]

