Detection Run 1
#Info# Executed steps before collision: 9, Found collision: false
Turtle 1 :[(-1,-1), (6,12), (6,11), (5,11), (5,12), (4,12), (3,12), (-1,-1), (-1,-1), (-1,-1)]
Turtle 2 :[(-2,-2), (12,1), (13,1), (12,1), (11,1), (11,2), (10,2), (-2,-2), (-2,-2), (-2,-2)]
Turtle 3 :[(-3,-3), (2,6), (2,5), (2,4), (3,4), (3,3), (3,2), (-3,-3), (-3,-3), (-3,-3)]
Turtle 4 :[(-4,-4), (10,9), (10,10), (10,11), (9,11), (8,11), (7,11), (-4,-4), (-4,-4), (-4,-4)]
Turtle 5 :[(-5,-5), (9,10), (8,10), (9,10), (9,10), (10,10), (10,11), (11,11), (11,12), (11,13)]

Detection Run 2
#Info# Executed steps before collision: 6, Found collision: false
Turtle 1 :[(-1,-1), (2,7), (1,7), (1,8), (1,9), (1,10), (0,10)]
Turtle 2 :[(-2,-2), (1,11), (1,10), (0,10), (0,9), (0,8), (-2,-2)]
Turtle 3 :[(-3,-3), (2,8), (3,8), (3,7), (3,6), (3,5), (3,4)]
Turtle 4 :[(-4,-4), (9,9), (8,9), (7,9), (7,8), (6,8), (5,8)]
Turtle 5 :[(-5,-5), (7,10), (8,10), (9,10), (10,10), (10,9), (10,8)]

Detection Run 3
#Info# Executed steps before collision: 6, Found collision: false
Turtle 1 :[(-1,-1), (13,13), (14,13), (14,12), (14,11), (14,10), (14,9)]
Turtle 2 :[(-2,-2), (4,8), (4,9), (4,10), (5,10), (5,11), (5,12)]
Turtle 3 :[(-3,-3), (0,6), (1,6), (0,6), (0,5), (-3,-3), (-3,-3)]
Turtle 4 :[(-4,-4), (1,2), (0,2), (-4,-4), (-4,-4), (-4,-4), (-4,-4)]
Turtle 5 :[(-5,-5), (0,8), (1,8), (1,7), (1,6), (1,5), (2,5)]

Detection Run 4
#Info# Executed steps before collision: 8, Found collision: false
Turtle 1 :[(-1,-1), (8,8), (7,8), (6,8), (6,9), (6,10), (5,10), (-1,-1), (-1,-1)]
Turtle 2 :[(-2,-2), (14,10), (14,11), (13,11), (14,11), (13,11), (12,11), (11,11), (10,11)]
Turtle 3 :[(-3,-3), (8,6), (8,5), (7,5), (7,4), (6,4), (6,3), (-3,-3), (-3,-3)]
Turtle 4 :[(-4,-4), (14,14), (14,14), (13,14), (12,14), (-4,-4), (-4,-4), (-4,-4), (-4,-4)]
Turtle 5 :[(-5,-5), (11,10), (11,11), (12,11), (12,12), (13,12), (13,11), (-5,-5), (-5,-5)]

Fault Detection Run 5
#Info# Executed steps before collision: 4, Found collision: true
Turtle 1 :[(-1,-1), (12,7), (13,7), (13,6), (13,7), (14,7), (14,7)]
Turtle 2 :[(-2,-2), (8,12), (9,12), (9,11), (10,11), (11,11), (12,11)]
Turtle 3 :[(-3,-3), (14,5), (14,6), (14,7), (13,7), (13,8), (12,8)]
Turtle 4 :[(-4,-4), (1,8), (2,8), (3,8), (3,7), (4,7), (5,7)]
Turtle 5 :[(-5,-5), (6,13), (7,13), (8,13), (9,13), (-5,-5), (-5,-5)]

