Shrinking Run 1
#Info# Executed steps before collision: 7, Found collision: false
Turtle 1 :[(-1,-1), (6,28), (5,28), (4,28), (3,28), (2,28), (1,28), (-1,-1)]
Turtle 2 :[(-2,-2), (5,29), (6,29), (5,29), (4,29), (3,29), (3,28), (3,27)]
Turtle 3 :[(-3,-3), (19,22), (19,21), (18,21), (18,20), (18,19), (18,18), (-3,-3)]
Turtle 4 :[(-4,-4), (45,47), (44,47), (43,47), (43,48), (42,48), (-4,-4), (-4,-4)]
Turtle 5 :[(-5,-5), (11,41), (12,41), (13,41), (14,41), (15,41), (16,41), (-5,-5)]

Shrinking Run 2
#Info# Executed steps before collision: 7, Found collision: false
Turtle 1 :[(-1,-1), (6,28), (5,28), (4,28), (4,27), (3,27), (3,26), (-1,-1)]
Turtle 2 :[(-2,-2), (5,29), (5,30), (5,29), (5,28), (4,28), (3,28), (3,27)]
Turtle 3 :[(-3,-3), (19,22), (19,21), (18,21), (18,20), (18,19), (18,18), (-3,-3)]
Turtle 4 :[(-4,-4), (45,47), (44,47), (43,47), (43,48), (42,48), (-4,-4), (-4,-4)]
Turtle 5 :[(-5,-5), (11,41), (12,41), (13,41), (14,41), (15,41), (16,41), (-5,-5)]

Shrinking Run 3
#Info# Executed steps before collision: 7, Found collision: false
Turtle 1 :[(-1,-1), (6,28), (5,28), (4,28), (4,27), (3,27), (2,27), (-1,-1)]
Turtle 2 :[(-2,-2), (5,29), (5,30), (4,30), (4,29), (4,28), (3,28), (3,27)]
Turtle 3 :[(-3,-3), (19,22), (19,21), (18,21), (18,20), (18,19), (18,18), (-3,-3)]
Turtle 4 :[(-4,-4), (45,47), (44,47), (43,47), (43,48), (42,48), (-4,-4), (-4,-4)]
Turtle 5 :[(-5,-5), (11,41), (12,41), (13,41), (14,41), (15,41), (16,41), (-5,-5)]

Shrinking Run 4
#Info# Executed steps before collision: 8, Found collision: false
Turtle 1 :[(-1,-1), (6,28), (5,28), (4,28), (3,28), (2,28), (-1,-1), (-1,-1), (-1,-1)]
Turtle 2 :[(-2,-2), (5,29), (4,29), (4,30), (3,30), (3,29), (2,29), (1,29), (1,28)]
Turtle 3 :[(-3,-3), (19,22), (19,21), (18,21), (18,20), (18,19), (18,18), (-3,-3), (-3,-3)]
Turtle 4 :[(-4,-4), (45,47), (44,47), (43,47), (43,48), (42,48), (-4,-4), (-4,-4), (-4,-4)]
Turtle 5 :[(-5,-5), (11,41), (12,41), (13,41), (14,41), (15,41), (16,41), (-5,-5), (-5,-5)]

Shrinking Run 5
#Info# Executed steps before collision: 3, Found collision: true
Turtle 1 :[(-1,-1), (6,28), (5,28), (4,28), (3,28), (2,28), (-1,-1)]
Turtle 2 :[(-2,-2), (5,29), (4,29), (4,28), (4,27), (3,27), (2,27)]
Turtle 3 :[(-3,-3), (19,22), (19,21), (18,21), (18,20), (18,19), (18,18)]
Turtle 4 :[(-4,-4), (45,47), (44,47), (43,47), (43,48), (42,48), (-4,-4)]
Turtle 5 :[(-5,-5), (11,41), (12,41), (13,41), (14,41), (15,41), (16,41)]

Shrinking Run 6
#Info# Executed steps before collision: 3, Found collision: true
Turtle 1 :[(-1,-1), (6,28), (5,28), (4,28), (3,28), (2,28), (-1,-1)]
Turtle 2 :[(-2,-2), (5,29), (4,29), (4,28), (4,27), (3,27), (2,27)]
Turtle 3 :[(-3,-3), (19,22), (19,21), (18,21), (18,20), (18,19), (18,18)]
Turtle 4 :[(-4,-4), (45,47), (44,47), (43,47), (43,48), (42,48), (-4,-4)]
Turtle 5 :[(-5,-5), (11,41), (12,41), (13,41), (14,41), (15,41), (16,41)]

Shrinking Run 7
#Info# Executed steps before collision: 8, Found collision: false
Turtle 1 :[(-1,-1), (6,28), (5,28), (4,28), (3,28), (2,28), (-1,-1), (-1,-1), (-1,-1)]
Turtle 2 :[(-2,-2), (5,29), (4,29), (3,29), (4,29), (3,29), (2,29), (2,28), (1,28)]
Turtle 3 :[(-3,-3), (19,22), (19,21), (18,21), (18,20), (18,19), (18,18), (-3,-3), (-3,-3)]
Turtle 4 :[(-4,-4), (45,47), (44,47), (43,47), (43,48), (42,48), (-4,-4), (-4,-4), (-4,-4)]
Turtle 5 :[(-5,-5), (11,41), (12,41), (13,41), (14,41), (15,41), (16,41), (-5,-5), (-5,-5)]

Shrinking Run 8
#Info# Executed steps before collision: 8, Found collision: false
Turtle 1 :[(-1,-1), (6,28), (5,28), (4,28), (3,28), (2,28), (-1,-1), (-1,-1), (-1,-1)]
Turtle 2 :[(-2,-2), (5,29), (6,29), (5,29), (4,29), (4,28), (3,28), (3,27), (2,27)]
Turtle 3 :[(-3,-3), (19,22), (19,21), (18,21), (18,20), (18,19), (18,18), (-3,-3), (-3,-3)]
Turtle 4 :[(-4,-4), (45,47), (44,47), (43,47), (43,48), (42,48), (-4,-4), (-4,-4), (-4,-4)]
Turtle 5 :[(-5,-5), (11,41), (12,41), (13,41), (14,41), (15,41), (16,41), (-5,-5), (-5,-5)]

Shrinking Run 9
#Info# Executed steps before collision: 8, Found collision: false
Turtle 1 :[(-1,-1), (6,28), (5,28), (4,28), (3,28), (2,28), (-1,-1), (-1,-1), (-1,-1)]
Turtle 2 :[(-2,-2), (5,29), (5,29), (5,29), (5,28), (4,28), (4,27), (3,27), (2,27)]
Turtle 3 :[(-3,-3), (19,22), (19,21), (18,21), (18,20), (18,19), (18,18), (-3,-3), (-3,-3)]
Turtle 4 :[(-4,-4), (45,47), (44,47), (43,47), (43,48), (42,48), (-4,-4), (-4,-4), (-4,-4)]
Turtle 5 :[(-5,-5), (11,41), (12,41), (13,41), (14,41), (15,41), (16,41), (-5,-5), (-5,-5)]

Shrinking Run 10
#Info# Executed steps before collision: 8, Found collision: false
Turtle 1 :[(-1,-1), (6,28), (5,28), (4,28), (3,28), (2,28), (-1,-1), (-1,-1), (-1,-1)]
Turtle 2 :[(-2,-2), (5,29), (4,29), (3,29), (2,29), (3,29), (3,28), (3,27), (2,27)]
Turtle 3 :[(-3,-3), (19,22), (19,21), (18,21), (18,20), (18,19), (18,18), (-3,-3), (-3,-3)]
Turtle 4 :[(-4,-4), (45,47), (44,47), (43,47), (43,48), (42,48), (-4,-4), (-4,-4), (-4,-4)]
Turtle 5 :[(-5,-5), (11,41), (12,41), (13,41), (14,41), (15,41), (16,41), (-5,-5), (-5,-5)]

Shrinking Run 11
#Info# Executed steps before collision: 9, Found collision: false
Turtle 1 :[(-1,-1), (6,28), (5,28), (4,28), (3,28), (2,28), (-1,-1), (-1,-1), (-1,-1), (-1,-1)]
Turtle 2 :[(-2,-2), (5,29), (4,29), (3,29), (3,29), (3,30), (3,29), (3,28), (2,28), (2,27)]
Turtle 3 :[(-3,-3), (19,22), (19,21), (18,21), (18,20), (18,19), (18,18), (-3,-3), (-3,-3), (-3,-3)]
Turtle 4 :[(-4,-4), (45,47), (44,47), (43,47), (43,48), (42,48), (-4,-4), (-4,-4), (-4,-4), (-4,-4)]
Turtle 5 :[(-5,-5), (11,41), (12,41), (13,41), (14,41), (15,41), (16,41), (-5,-5), (-5,-5), (-5,-5)]

Shrinking Run 12
#Info# Executed steps before collision: 8, Found collision: false
Turtle 1 :[(-1,-1), (6,28), (5,28), (4,28), (3,28), (2,28), (-1,-1), (-1,-1), (-1,-1)]
Turtle 2 :[(-2,-2), (5,29), (4,29), (4,30), (3,30), (3,29), (3,28), (2,28), (2,27)]
Turtle 3 :[(-3,-3), (19,22), (18,22), (17,22), (17,21), (16,21), (15,21), (-3,-3), (-3,-3)]
Turtle 4 :[(-4,-4), (45,47), (44,47), (43,47), (43,48), (42,48), (-4,-4), (-4,-4), (-4,-4)]
Turtle 5 :[(-5,-5), (11,41), (12,41), (13,41), (14,41), (15,41), (16,41), (-5,-5), (-5,-5)]

Shrinking Run 13
#Info# Executed steps before collision: 8, Found collision: false
Turtle 1 :[(-1,-1), (6,28), (5,28), (4,28), (3,28), (2,28), (-1,-1), (-1,-1), (-1,-1)]
Turtle 2 :[(-2,-2), (5,29), (4,29), (4,29), (4,29), (4,28), (4,27), (3,27), (2,27)]
Turtle 3 :[(-3,-3), (19,22), (19,21), (18,21), (18,20), (17,20), (16,20), (-3,-3), (-3,-3)]
Turtle 4 :[(-4,-4), (45,47), (44,47), (43,47), (43,48), (42,48), (-4,-4), (-4,-4), (-4,-4)]
Turtle 5 :[(-5,-5), (11,41), (12,41), (13,41), (14,41), (15,41), (16,41), (-5,-5), (-5,-5)]

Shrinking Run 14
#Info# Executed steps before collision: 8, Found collision: false
Turtle 1 :[(-1,-1), (6,28), (5,28), (4,28), (3,28), (2,28), (-1,-1), (-1,-1), (-1,-1)]
Turtle 2 :[(-2,-2), (5,29), (4,29), (5,29), (4,29), (4,28), (4,27), (3,27), (2,27)]
Turtle 3 :[(-3,-3), (19,22), (19,21), (18,21), (18,20), (18,19), (17,19), (-3,-3), (-3,-3)]
Turtle 4 :[(-4,-4), (45,47), (44,47), (43,47), (43,48), (42,48), (-4,-4), (-4,-4), (-4,-4)]
Turtle 5 :[(-5,-5), (11,41), (12,41), (13,41), (14,41), (15,41), (16,41), (-5,-5), (-5,-5)]

Shrinking Run 15
#Info# Executed steps before collision: 8, Found collision: false
Turtle 1 :[(-1,-1), (6,28), (5,28), (4,28), (3,28), (2,28), (-1,-1), (-1,-1), (-1,-1)]
Turtle 2 :[(-2,-2), (5,29), (4,29), (4,29), (4,29), (4,28), (4,27), (3,27), (2,27)]
Turtle 3 :[(-3,-3), (19,22), (18,22), (18,21), (18,20), (18,19), (18,18), (-3,-3), (-3,-3)]
Turtle 4 :[(-4,-4), (45,47), (44,47), (43,47), (43,48), (42,48), (-4,-4), (-4,-4), (-4,-4)]
Turtle 5 :[(-5,-5), (11,41), (12,41), (13,41), (14,41), (15,41), (16,41), (-5,-5), (-5,-5)]

Shrinking Run 16
#Info# Executed steps before collision: 9, Found collision: false
Turtle 1 :[(-1,-1), (6,28), (5,28), (4,28), (3,28), (2,28), (-1,-1), (-1,-1), (-1,-1), (-1,-1)]
Turtle 2 :[(-2,-2), (5,29), (4,29), (4,29), (4,30), (4,29), (3,29), (3,28), (3,27), (2,27)]
Turtle 3 :[(-3,-3), (19,22), (19,21), (18,21), (18,20), (18,19), (18,18), (-3,-3), (-3,-3), (-3,-3)]
Turtle 4 :[(-4,-4), (45,47), (44,47), (43,47), (42,47), (42,48), (41,48), (-4,-4), (-4,-4), (-4,-4)]
Turtle 5 :[(-5,-5), (11,41), (12,41), (13,41), (14,41), (15,41), (16,41), (-5,-5), (-5,-5), (-5,-5)]

Shrinking Run 17
#Info# Executed steps before collision: 8, Found collision: false
Turtle 1 :[(-1,-1), (6,28), (5,28), (4,28), (3,28), (2,28), (-1,-1), (-1,-1), (-1,-1)]
Turtle 2 :[(-2,-2), (5,29), (4,29), (4,29), (4,29), (4,28), (4,27), (3,27), (2,27)]
Turtle 3 :[(-3,-3), (19,22), (19,21), (18,21), (18,20), (18,19), (18,18), (-3,-3), (-3,-3)]
Turtle 4 :[(-4,-4), (45,47), (44,47), (44,46), (44,45), (44,44), (43,44), (-4,-4), (-4,-4)]
Turtle 5 :[(-5,-5), (11,41), (12,41), (13,41), (14,41), (15,41), (16,41), (-5,-5), (-5,-5)]

Shrinking Run 18
#Info# Executed steps before collision: 3, Found collision: true
Turtle 1 :[(-1,-1), (6,28), (5,28), (4,28), (3,28), (2,28), (-1,-1)]
Turtle 2 :[(-2,-2), (5,29), (4,29), (4,28), (4,27), (3,27), (2,27)]
Turtle 3 :[(-3,-3), (19,22), (19,21), (18,21), (18,20), (18,19), (18,18)]
Turtle 4 :[(-4,-4), (45,47), (44,47), (44,46), (43,46), (43,45), (42,45)]
Turtle 5 :[(-5,-5), (11,41), (12,41), (13,41), (14,41), (15,41), (16,41)]

Shrinking Run 19
#Info# Executed steps before collision: 3, Found collision: true
Turtle 1 :[(-1,-1), (6,28), (5,28), (4,28), (3,28), (2,28), (-1,-1), (-1,-1), (-1,-1)]
Turtle 2 :[(-2,-2), (5,29), (4,29), (4,28), (5,28), (4,28), (3,28), (2,28), (2,27)]
Turtle 3 :[(-3,-3), (19,22), (19,21), (18,21), (18,20), (18,19), (18,18), (-3,-3), (-3,-3)]
Turtle 4 :[(-4,-4), (45,47), (44,47), (44,46), (44,45), (43,45), (42,45), (-4,-4), (-4,-4)]
Turtle 5 :[(-5,-5), (11,41), (12,41), (13,41), (14,41), (15,41), (16,41), (-5,-5), (-5,-5)]

Shrinking Run 20
#Info# Executed steps before collision: 3, Found collision: true
Turtle 1 :[(-1,-1), (6,28), (5,28), (4,28), (3,28), (2,28), (-1,-1)]
Turtle 2 :[(-2,-2), (5,29), (4,29), (4,28), (4,27), (3,27), (2,27)]
Turtle 3 :[(-3,-3), (19,22), (19,21), (18,21), (18,20), (18,19), (18,18)]
Turtle 4 :[(-4,-4), (45,47), (44,47), (43,47), (43,46), (42,46), (42,45)]
Turtle 5 :[(-5,-5), (11,41), (12,41), (13,41), (14,41), (15,41), (16,41)]

Shrinking Run 21
#Info# Executed steps before collision: 8, Found collision: false
Turtle 1 :[(-1,-1), (6,28), (5,28), (4,28), (3,28), (2,28), (-1,-1), (-1,-1), (-1,-1)]
Turtle 2 :[(-2,-2), (5,29), (4,29), (4,30), (4,29), (4,28), (3,28), (2,28), (2,27)]
Turtle 3 :[(-3,-3), (19,22), (19,21), (18,21), (18,20), (18,19), (18,18), (-3,-3), (-3,-3)]
Turtle 4 :[(-4,-4), (45,47), (44,47), (43,47), (42,47), (41,47), (41,46), (-4,-4), (-4,-4)]
Turtle 5 :[(-5,-5), (11,41), (12,41), (13,41), (14,41), (15,41), (16,41), (-5,-5), (-5,-5)]

Shrinking Run 22
#Info# Executed steps before collision: 8, Found collision: false
Turtle 1 :[(-1,-1), (6,28), (5,28), (4,28), (3,28), (2,28), (-1,-1), (-1,-1), (-1,-1)]
Turtle 2 :[(-2,-2), (5,29), (4,29), (3,29), (3,29), (2,29), (2,29), (2,28), (2,27)]
Turtle 3 :[(-3,-3), (19,22), (19,21), (18,21), (18,20), (18,19), (18,18), (-3,-3), (-3,-3)]
Turtle 4 :[(-4,-4), (45,47), (44,47), (43,47), (43,46), (42,46), (41,46), (-4,-4), (-4,-4)]
Turtle 5 :[(-5,-5), (11,41), (12,41), (13,41), (14,41), (15,41), (16,41), (-5,-5), (-5,-5)]

Shrinking Run 23
#Info# Executed steps before collision: 8, Found collision: false
Turtle 1 :[(-1,-1), (6,28), (5,28), (4,28), (3,28), (2,28), (-1,-1), (-1,-1), (-1,-1)]
Turtle 2 :[(-2,-2), (5,29), (4,29), (4,30), (3,30), (2,30), (2,29), (2,28), (2,27)]
Turtle 3 :[(-3,-3), (19,22), (19,21), (18,21), (18,20), (18,19), (18,18), (-3,-3), (-3,-3)]
Turtle 4 :[(-4,-4), (45,47), (44,47), (43,47), (42,47), (42,46), (42,45), (-4,-4), (-4,-4)]
Turtle 5 :[(-5,-5), (11,41), (12,41), (13,41), (14,41), (15,41), (16,41), (-5,-5), (-5,-5)]

Shrinking Run 24
#Info# Executed steps before collision: 8, Found collision: false
Turtle 1 :[(-1,-1), (6,28), (5,28), (4,28), (3,28), (2,28), (-1,-1), (-1,-1), (-1,-1)]
Turtle 2 :[(-2,-2), (5,29), (4,29), (5,29), (4,29), (4,28), (3,28), (3,27), (2,27)]
Turtle 3 :[(-3,-3), (19,22), (19,21), (18,21), (18,20), (18,19), (18,18), (-3,-3), (-3,-3)]
Turtle 4 :[(-4,-4), (45,47), (44,47), (43,47), (43,46), (42,46), (42,45), (-4,-4), (-4,-4)]
Turtle 5 :[(-5,-5), (11,41), (10,41), (9,41), (8,41), (7,41), (6,41), (-5,-5), (-5,-5)]

Shrinking Run 25
#Info# Executed steps before collision: 3, Found collision: true
Turtle 1 :[(-1,-1), (6,28), (5,28), (4,28), (3,28), (2,28), (-1,-1), (-1,-1), (-1,-1)]
Turtle 2 :[(-2,-2), (5,29), (4,29), (4,28), (4,29), (4,28), (3,28), (3,27), (2,27)]
Turtle 3 :[(-3,-3), (19,22), (19,21), (18,21), (18,20), (18,19), (18,18), (-3,-3), (-3,-3)]
Turtle 4 :[(-4,-4), (45,47), (44,47), (43,47), (43,46), (42,46), (42,45), (-4,-4), (-4,-4)]
Turtle 5 :[(-5,-5), (11,41), (10,41), (9,41), (10,41), (9,41), (8,41), (-5,-5), (-5,-5)]

Shrinking Run 26
#Info# Executed steps before collision: 8, Found collision: false
Turtle 1 :[(-1,-1), (6,28), (5,28), (4,28), (3,28), (2,28), (-1,-1), (-1,-1), (-1,-1)]
Turtle 2 :[(-2,-2), (5,29), (4,29), (4,30), (4,29), (3,29), (2,29), (2,28), (2,27)]
Turtle 3 :[(-3,-3), (19,22), (19,21), (18,21), (18,20), (18,19), (18,18), (-3,-3), (-3,-3)]
Turtle 4 :[(-4,-4), (45,47), (44,47), (43,47), (43,46), (42,46), (42,45), (-4,-4), (-4,-4)]
Turtle 5 :[(-5,-5), (11,41), (10,41), (9,41), (8,41), (7,41), (-5,-5), (-5,-5), (-5,-5)]

Shrinking Run 27
#Info# Executed steps before collision: 3, Found collision: true
Turtle 1 :[(-1,-1), (6,28), (5,28), (4,28), (3,28), (2,28), (-1,-1)]
Turtle 2 :[(-2,-2), (5,29), (4,29), (4,28), (4,27), (3,27), (2,27)]
Turtle 3 :[(-3,-3), (19,22), (19,21), (18,21), (18,20), (18,19), (18,18)]
Turtle 4 :[(-4,-4), (45,47), (44,47), (43,47), (43,46), (42,46), (42,45)]
Turtle 5 :[(-5,-5), (11,41), (10,41), (10,40), (10,39), (9,39), (9,38)]

Shrinking Run 28
#Info# Executed steps before collision: 3, Found collision: true
Turtle 1 :[(-1,-1), (6,28), (5,28), (4,28), (3,28), (2,28), (-1,-1), (-1,-1), (-1,-1)]
Turtle 2 :[(-2,-2), (5,29), (4,29), (4,28), (4,29), (3,29), (3,28), (2,28), (2,27)]
Turtle 3 :[(-3,-3), (19,22), (19,21), (18,21), (18,20), (18,19), (18,18), (-3,-3), (-3,-3)]
Turtle 4 :[(-4,-4), (45,47), (44,47), (43,47), (43,46), (42,46), (42,45), (-4,-4), (-4,-4)]
Turtle 5 :[(-5,-5), (11,41), (10,41), (10,40), (9,40), (8,40), (8,39), (-5,-5), (-5,-5)]

Shrinking Run 29
#Info# Executed steps before collision: 8, Found collision: false
Turtle 1 :[(-1,-1), (6,28), (5,28), (4,28), (3,28), (2,28), (-1,-1), (-1,-1), (-1,-1)]
Turtle 2 :[(-2,-2), (5,29), (4,29), (5,29), (4,29), (3,29), (2,29), (2,28), (2,27)]
Turtle 3 :[(-3,-3), (19,22), (19,21), (18,21), (18,20), (18,19), (18,18), (-3,-3), (-3,-3)]
Turtle 4 :[(-4,-4), (45,47), (44,47), (43,47), (43,46), (42,46), (42,45), (-4,-4), (-4,-4)]
Turtle 5 :[(-5,-5), (11,41), (10,41), (9,41), (8,41), (7,41), (7,40), (-5,-5), (-5,-5)]

Shrinking Run 30
#Info# Executed steps before collision: 8, Found collision: false
Turtle 1 :[(-1,-1), (6,28), (5,28), (4,28), (3,28), (2,28), (-1,-1), (-1,-1), (-1,-1)]
Turtle 2 :[(-2,-2), (5,29), (4,29), (4,30), (4,29), (3,29), (2,29), (2,28), (2,27)]
Turtle 3 :[(-3,-3), (19,22), (19,21), (18,21), (18,20), (18,19), (18,18), (-3,-3), (-3,-3)]
Turtle 4 :[(-4,-4), (45,47), (44,47), (43,47), (43,46), (42,46), (42,45), (-4,-4), (-4,-4)]
Turtle 5 :[(-5,-5), (11,41), (10,41), (10,40), (9,40), (8,40), (7,40), (-5,-5), (-5,-5)]

Shrinking Run 31
#Info# Executed steps before collision: 8, Found collision: false
Turtle 1 :[(-1,-1), (6,28), (5,28), (4,28), (3,28), (2,28), (-1,-1), (-1,-1), (-1,-1)]
Turtle 2 :[(-2,-2), (5,29), (4,29), (3,29), (4,29), (3,29), (3,28), (2,28), (2,27)]
Turtle 3 :[(-3,-3), (19,22), (19,21), (18,21), (18,20), (18,19), (18,18), (-3,-3), (-3,-3)]
Turtle 4 :[(-4,-4), (45,47), (44,47), (43,47), (43,46), (42,46), (42,45), (-4,-4), (-4,-4)]
Turtle 5 :[(-5,-5), (11,41), (10,41), (9,41), (9,40), (8,40), (8,39), (-5,-5), (-5,-5)]

Shrinking Run 32
#Info# Executed steps before collision: 8, Found collision: false
Turtle 1 :[(-1,-1), (6,28), (5,28), (4,28), (3,28), (2,28), (1,28), (-1,-1), (-1,-1)]
Turtle 2 :[(-2,-2), (5,29), (4,29), (5,29), (4,29), (3,29), (3,28), (2,28), (2,27)]
Turtle 3 :[(-3,-3), (19,22), (19,21), (18,21), (18,20), (18,19), (18,18), (-3,-3), (-3,-3)]
Turtle 4 :[(-4,-4), (45,47), (44,47), (43,47), (43,46), (42,46), (42,45), (-4,-4), (-4,-4)]
Turtle 5 :[(-5,-5), (11,41), (10,41), (10,40), (9,40), (8,40), (8,39), (-5,-5), (-5,-5)]

Shrinking Run 33
#Info# Executed steps before collision: 8, Found collision: false
Turtle 1 :[(-1,-1), (6,28), (5,28), (4,28), (4,27), (3,27), (3,26), (-1,-1), (-1,-1)]
Turtle 2 :[(-2,-2), (5,29), (4,29), (4,30), (4,29), (4,28), (3,28), (2,28), (2,27)]
Turtle 3 :[(-3,-3), (19,22), (19,21), (18,21), (18,20), (18,19), (18,18), (-3,-3), (-3,-3)]
Turtle 4 :[(-4,-4), (45,47), (44,47), (43,47), (43,46), (42,46), (42,45), (-4,-4), (-4,-4)]
Turtle 5 :[(-5,-5), (11,41), (10,41), (10,40), (9,40), (8,40), (8,39), (-5,-5), (-5,-5)]

Shrinking Run 34
#Info# Executed steps before collision: 8, Found collision: false
Turtle 1 :[(-1,-1), (6,28), (5,28), (4,28), (4,27), (3,27), (2,27), (-1,-1), (-1,-1)]
Turtle 2 :[(-2,-2), (5,29), (4,29), (4,30), (3,30), (3,29), (3,28), (3,27), (2,27)]
Turtle 3 :[(-3,-3), (19,22), (19,21), (18,21), (18,20), (18,19), (18,18), (-3,-3), (-3,-3)]
Turtle 4 :[(-4,-4), (45,47), (44,47), (43,47), (43,46), (42,46), (42,45), (-4,-4), (-4,-4)]
Turtle 5 :[(-5,-5), (11,41), (10,41), (10,40), (9,40), (8,40), (8,39), (-5,-5), (-5,-5)]

Shrinking Run 35
#Info# Executed steps before collision: 8, Found collision: false
Turtle 1 :[(-1,-1), (6,28), (5,28), (4,28), (3,28), (2,28), (-1,-1), (-1,-1), (-1,-1)]
Turtle 2 :[(-2,-2), (5,29), (4,29), (5,29), (4,29), (3,29), (3,28), (2,28), (1,28)]
Turtle 3 :[(-3,-3), (19,22), (19,21), (18,21), (18,20), (18,19), (18,18), (-3,-3), (-3,-3)]
Turtle 4 :[(-4,-4), (45,47), (44,47), (43,47), (43,46), (42,46), (42,45), (-4,-4), (-4,-4)]
Turtle 5 :[(-5,-5), (11,41), (10,41), (10,40), (9,40), (8,40), (8,39), (-5,-5), (-5,-5)]

Shrinking Run 36
#Info# Executed steps before collision: 9, Found collision: false
Turtle 1 :[(-1,-1), (6,28), (5,28), (4,28), (3,28), (2,28), (-1,-1), (-1,-1), (-1,-1), (-1,-1)]
Turtle 2 :[(-2,-2), (5,29), (4,29), (3,29), (3,29), (4,29), (3,29), (3,28), (2,28), (1,28)]
Turtle 3 :[(-3,-3), (19,22), (19,21), (18,21), (18,20), (18,19), (18,18), (-3,-3), (-3,-3), (-3,-3)]
Turtle 4 :[(-4,-4), (45,47), (44,47), (43,47), (43,46), (42,46), (42,45), (-4,-4), (-4,-4), (-4,-4)]
Turtle 5 :[(-5,-5), (11,41), (10,41), (10,40), (9,40), (8,40), (8,39), (-5,-5), (-5,-5), (-5,-5)]

Shrinking Run 37
#Info# Executed steps before collision: 9, Found collision: false
Turtle 1 :[(-1,-1), (6,28), (5,28), (4,28), (3,28), (2,28), (-1,-1), (-1,-1), (-1,-1), (-1,-1)]
Turtle 2 :[(-2,-2), (5,29), (5,29), (6,29), (5,29), (5,28), (4,28), (3,28), (3,27), (2,27)]
Turtle 3 :[(-3,-3), (19,22), (19,21), (18,21), (18,20), (18,19), (18,18), (-3,-3), (-3,-3), (-3,-3)]
Turtle 4 :[(-4,-4), (45,47), (44,47), (43,47), (43,46), (42,46), (42,45), (-4,-4), (-4,-4), (-4,-4)]
Turtle 5 :[(-5,-5), (11,41), (10,41), (10,40), (9,40), (8,40), (8,39), (-5,-5), (-5,-5), (-5,-5)]

Shrinking Run 38
#Info# Executed steps before collision: 8, Found collision: false
Turtle 1 :[(-1,-1), (6,28), (5,28), (4,28), (3,28), (2,28), (-1,-1), (-1,-1), (-1,-1)]
Turtle 2 :[(-2,-2), (5,29), (4,29), (3,29), (3,30), (3,29), (2,29), (2,28), (2,27)]
Turtle 3 :[(-3,-3), (19,22), (19,21), (18,21), (18,20), (18,19), (18,18), (-3,-3), (-3,-3)]
Turtle 4 :[(-4,-4), (45,47), (44,47), (43,47), (43,46), (42,46), (42,45), (-4,-4), (-4,-4)]
Turtle 5 :[(-5,-5), (11,41), (10,41), (10,40), (9,40), (8,40), (8,39), (-5,-5), (-5,-5)]

Shrinking Run 39
#Info# Executed steps before collision: 9, Found collision: false
Turtle 1 :[(-1,-1), (6,28), (5,28), (4,28), (3,28), (2,28), (-1,-1), (-1,-1), (-1,-1), (-1,-1)]
Turtle 2 :[(-2,-2), (5,29), (4,29), (3,29), (3,29), (4,29), (3,29), (3,28), (3,27), (2,27)]
Turtle 3 :[(-3,-3), (19,22), (19,21), (18,21), (18,20), (18,19), (18,18), (-3,-3), (-3,-3), (-3,-3)]
Turtle 4 :[(-4,-4), (45,47), (44,47), (43,47), (43,46), (42,46), (42,45), (-4,-4), (-4,-4), (-4,-4)]
Turtle 5 :[(-5,-5), (11,41), (10,41), (10,40), (9,40), (8,40), (8,39), (-5,-5), (-5,-5), (-5,-5)]

Shrinking Run 40
#Info# Executed steps before collision: 4, Found collision: true
Turtle 1 :[(-1,-1), (6,28), (5,28), (4,28), (3,28), (2,28), (-1,-1)]
Turtle 2 :[(-2,-2), (5,29), (4,29), (3,29), (3,28), (3,27), (2,27)]
Turtle 3 :[(-3,-3), (19,22), (19,21), (18,21), (18,20), (18,19), (18,18)]
Turtle 4 :[(-4,-4), (45,47), (44,47), (43,47), (43,46), (42,46), (42,45)]
Turtle 5 :[(-5,-5), (11,41), (10,41), (10,40), (9,40), (8,40), (8,39)]

Shrinking Run 41
#Info# Executed steps before collision: 8, Found collision: false
Turtle 1 :[(-1,-1), (6,28), (5,28), (4,28), (3,28), (2,28), (-1,-1), (-1,-1), (-1,-1)]
Turtle 2 :[(-2,-2), (5,29), (4,29), (3,29), (4,29), (4,28), (4,27), (3,27), (2,27)]
Turtle 3 :[(-3,-3), (19,22), (18,22), (17,22), (17,21), (16,21), (15,21), (-3,-3), (-3,-3)]
Turtle 4 :[(-4,-4), (45,47), (44,47), (43,47), (43,46), (42,46), (42,45), (-4,-4), (-4,-4)]
Turtle 5 :[(-5,-5), (11,41), (10,41), (10,40), (9,40), (8,40), (8,39), (-5,-5), (-5,-5)]

Shrinking Run 42
#Info# Executed steps before collision: 5, Found collision: true
Turtle 1 :[(-1,-1), (6,28), (5,28), (4,28), (3,28), (2,28), (-1,-1)]
Turtle 2 :[(-2,-2), (5,29), (4,29), (3,29), (2,29), (2,28), (2,27)]
Turtle 3 :[(-3,-3), (19,22), (19,21), (18,21), (18,20), (17,20), (16,20)]
Turtle 4 :[(-4,-4), (45,47), (44,47), (43,47), (43,46), (42,46), (42,45)]
Turtle 5 :[(-5,-5), (11,41), (10,41), (10,40), (9,40), (8,40), (8,39)]

Shrinking Run 43
#Info# Executed steps before collision: 5, Found collision: true
Turtle 1 :[(-1,-1), (6,28), (5,28), (4,28), (3,28), (2,28), (-1,-1)]
Turtle 2 :[(-2,-2), (5,29), (4,29), (3,29), (2,29), (2,28), (2,27)]
Turtle 3 :[(-3,-3), (19,22), (19,21), (18,21), (17,21), (16,21), (15,21)]
Turtle 4 :[(-4,-4), (45,47), (44,47), (43,47), (43,46), (42,46), (42,45)]
Turtle 5 :[(-5,-5), (11,41), (10,41), (10,40), (9,40), (8,40), (8,39)]

Shrinking Run 44
#Info# Executed steps before collision: 8, Found collision: false
Turtle 1 :[(-1,-1), (6,28), (5,28), (4,28), (3,28), (2,28), (-1,-1), (-1,-1), (-1,-1)]
Turtle 2 :[(-2,-2), (5,29), (4,29), (3,29), (3,29), (3,29), (3,28), (3,27), (2,27)]
Turtle 3 :[(-3,-3), (19,22), (19,21), (18,21), (17,21), (16,21), (15,21), (-3,-3), (-3,-3)]
Turtle 4 :[(-4,-4), (45,47), (44,47), (43,47), (42,47), (42,48), (41,48), (-4,-4), (-4,-4)]
Turtle 5 :[(-5,-5), (11,41), (10,41), (10,40), (9,40), (8,40), (8,39), (-5,-5), (-5,-5)]

Shrinking Run 45
#Info# Executed steps before collision: 8, Found collision: false
Turtle 1 :[(-1,-1), (6,28), (5,28), (4,28), (3,28), (2,28), (-1,-1), (-1,-1), (-1,-1)]
Turtle 2 :[(-2,-2), (5,29), (4,29), (3,29), (4,29), (3,29), (3,28), (2,28), (2,27)]
Turtle 3 :[(-3,-3), (19,22), (19,21), (18,21), (17,21), (16,21), (15,21), (-3,-3), (-3,-3)]
Turtle 4 :[(-4,-4), (45,47), (44,47), (44,46), (44,45), (44,44), (43,44), (-4,-4), (-4,-4)]
Turtle 5 :[(-5,-5), (11,41), (10,41), (10,40), (9,40), (8,40), (8,39), (-5,-5), (-5,-5)]

Shrinking Run 46
#Info# Executed steps before collision: 5, Found collision: true
Turtle 1 :[(-1,-1), (6,28), (5,28), (4,28), (3,28), (2,28), (-1,-1)]
Turtle 2 :[(-2,-2), (5,29), (4,29), (3,29), (2,29), (2,28), (2,27)]
Turtle 3 :[(-3,-3), (19,22), (19,21), (18,21), (17,21), (16,21), (15,21)]
Turtle 4 :[(-4,-4), (45,47), (44,47), (43,47), (42,47), (41,47), (41,46)]
Turtle 5 :[(-5,-5), (11,41), (10,41), (10,40), (9,40), (8,40), (8,39)]

Shrinking Run 47
#Info# Executed steps before collision: 5, Found collision: true
Turtle 1 :[(-1,-1), (6,28), (5,28), (4,28), (3,28), (2,28), (-1,-1)]
Turtle 2 :[(-2,-2), (5,29), (4,29), (3,29), (2,29), (2,28), (2,27)]
Turtle 3 :[(-3,-3), (19,22), (19,21), (18,21), (17,21), (16,21), (15,21)]
Turtle 4 :[(-4,-4), (45,47), (44,47), (43,47), (42,47), (41,47), (40,47)]
Turtle 5 :[(-5,-5), (11,41), (10,41), (10,40), (9,40), (8,40), (8,39)]

Shrinking Run 48
#Info# Executed steps before collision: 9, Found collision: false
Turtle 1 :[(-1,-1), (6,28), (5,28), (4,28), (3,28), (2,28), (-1,-1), (-1,-1), (-1,-1), (-1,-1)]
Turtle 2 :[(-2,-2), (5,29), (4,29), (3,29), (2,29), (2,29), (3,29), (3,28), (3,27), (2,27)]
Turtle 3 :[(-3,-3), (19,22), (19,21), (18,21), (17,21), (16,21), (15,21), (-3,-3), (-3,-3), (-3,-3)]
Turtle 4 :[(-4,-4), (45,47), (44,47), (43,47), (42,47), (41,47), (40,47), (-4,-4), (-4,-4), (-4,-4)]
Turtle 5 :[(-5,-5), (11,41), (10,41), (9,41), (8,41), (7,41), (6,41), (-5,-5), (-5,-5), (-5,-5)]

Shrinking Run 49
#Info# Executed steps before collision: 8, Found collision: false
Turtle 1 :[(-1,-1), (6,28), (5,28), (4,28), (3,28), (2,28), (-1,-1), (-1,-1), (-1,-1)]
Turtle 2 :[(-2,-2), (5,29), (4,29), (3,29), (3,30), (3,29), (3,28), (2,28), (2,27)]
Turtle 3 :[(-3,-3), (19,22), (19,21), (18,21), (17,21), (16,21), (15,21), (-3,-3), (-3,-3)]
Turtle 4 :[(-4,-4), (45,47), (44,47), (43,47), (42,47), (41,47), (40,47), (-4,-4), (-4,-4)]
Turtle 5 :[(-5,-5), (11,41), (10,41), (9,41), (8,41), (7,41), (-5,-5), (-5,-5), (-5,-5)]

Shrinking Run 50
#Info# Executed steps before collision: 8, Found collision: false
Turtle 1 :[(-1,-1), (6,28), (5,28), (4,28), (3,28), (2,28), (-1,-1), (-1,-1), (-1,-1)]
Turtle 2 :[(-2,-2), (5,29), (4,29), (3,29), (3,30), (3,29), (3,28), (2,28), (2,27)]
Turtle 3 :[(-3,-3), (19,22), (19,21), (18,21), (17,21), (16,21), (15,21), (-3,-3), (-3,-3)]
Turtle 4 :[(-4,-4), (45,47), (44,47), (43,47), (42,47), (41,47), (40,47), (-4,-4), (-4,-4)]
Turtle 5 :[(-5,-5), (11,41), (10,41), (9,41), (8,41), (7,41), (7,40), (-5,-5), (-5,-5)]

Shrinking Run 51
#Info# Executed steps before collision: 4, Found collision: true
Turtle 1 :[(-1,-1), (6,28), (5,28), (4,28), (3,28), (2,28), (-1,-1)]
Turtle 2 :[(-2,-2), (5,29), (4,29), (3,29), (3,28), (3,27), (2,27)]
Turtle 3 :[(-3,-3), (19,22), (19,21), (18,21), (17,21), (16,21), (15,21)]
Turtle 4 :[(-4,-4), (45,47), (44,47), (43,47), (42,47), (41,47), (40,47)]
Turtle 5 :[(-5,-5), (11,41), (10,41), (10,40), (9,40), (8,40), (7,40)]

Shrinking Run 52
#Info# Executed steps before collision: 8, Found collision: false
Turtle 1 :[(-1,-1), (6,28), (5,28), (4,28), (3,28), (2,28), (-1,-1), (-1,-1), (-1,-1)]
Turtle 2 :[(-2,-2), (5,29), (4,29), (3,29), (2,29), (1,29), (1,28), (1,27), (2,27)]
Turtle 3 :[(-3,-3), (19,22), (19,21), (18,21), (17,21), (16,21), (15,21), (-3,-3), (-3,-3)]
Turtle 4 :[(-4,-4), (45,47), (44,47), (43,47), (42,47), (41,47), (40,47), (-4,-4), (-4,-4)]
Turtle 5 :[(-5,-5), (11,41), (10,41), (9,41), (9,40), (8,40), (7,40), (-5,-5), (-5,-5)]

Shrinking Run 53
#Info# Executed steps before collision: 8, Found collision: false
Turtle 1 :[(-1,-1), (6,28), (5,28), (4,28), (3,28), (2,28), (1,28), (-1,-1), (-1,-1)]
Turtle 2 :[(-2,-2), (5,29), (4,29), (3,29), (4,29), (3,29), (3,28), (3,27), (2,27)]
Turtle 3 :[(-3,-3), (19,22), (19,21), (18,21), (17,21), (16,21), (15,21), (-3,-3), (-3,-3)]
Turtle 4 :[(-4,-4), (45,47), (44,47), (43,47), (42,47), (41,47), (40,47), (-4,-4), (-4,-4)]
Turtle 5 :[(-5,-5), (11,41), (10,41), (10,40), (9,40), (8,40), (7,40), (-5,-5), (-5,-5)]

Shrinking Run 54
#Info# Executed steps before collision: 8, Found collision: false
Turtle 1 :[(-1,-1), (6,28), (5,28), (4,28), (4,27), (3,27), (3,26), (-1,-1), (-1,-1)]
Turtle 2 :[(-2,-2), (5,29), (4,29), (3,29), (3,28), (4,28), (4,27), (3,27), (2,27)]
Turtle 3 :[(-3,-3), (19,22), (19,21), (18,21), (17,21), (16,21), (15,21), (-3,-3), (-3,-3)]
Turtle 4 :[(-4,-4), (45,47), (44,47), (43,47), (42,47), (41,47), (40,47), (-4,-4), (-4,-4)]
Turtle 5 :[(-5,-5), (11,41), (10,41), (10,40), (9,40), (8,40), (7,40), (-5,-5), (-5,-5)]

Shrinking Run 55
#Info# Executed steps before collision: 8, Found collision: false
Turtle 1 :[(-1,-1), (6,28), (5,28), (4,28), (4,27), (3,27), (2,27), (-1,-1), (-1,-1)]
Turtle 2 :[(-2,-2), (5,29), (4,29), (3,29), (3,28), (3,29), (3,28), (2,28), (2,27)]
Turtle 3 :[(-3,-3), (19,22), (19,21), (18,21), (17,21), (16,21), (15,21), (-3,-3), (-3,-3)]
Turtle 4 :[(-4,-4), (45,47), (44,47), (43,47), (42,47), (41,47), (40,47), (-4,-4), (-4,-4)]
Turtle 5 :[(-5,-5), (11,41), (10,41), (10,40), (9,40), (8,40), (7,40), (-5,-5), (-5,-5)]

Shrinking Run 56
#Info# Executed steps before collision: 8, Found collision: false
Turtle 1 :[(-1,-1), (6,28), (5,28), (4,28), (3,28), (2,28), (-1,-1), (-1,-1), (-1,-1)]
Turtle 2 :[(-2,-2), (5,29), (4,29), (5,29), (4,29), (3,29), (3,28), (2,28), (1,28)]
Turtle 3 :[(-3,-3), (19,22), (19,21), (18,21), (17,21), (16,21), (15,21), (-3,-3), (-3,-3)]
Turtle 4 :[(-4,-4), (45,47), (44,47), (43,47), (42,47), (41,47), (40,47), (-4,-4), (-4,-4)]
Turtle 5 :[(-5,-5), (11,41), (10,41), (10,40), (9,40), (8,40), (7,40), (-5,-5), (-5,-5)]

Shrinking Run 57
#Info# Executed steps before collision: 8, Found collision: false
Turtle 1 :[(-1,-1), (6,28), (5,28), (4,28), (3,28), (2,28), (-1,-1), (-1,-1), (-1,-1)]
Turtle 2 :[(-2,-2), (5,29), (4,29), (3,29), (3,29), (3,29), (3,28), (2,28), (1,28)]
Turtle 3 :[(-3,-3), (19,22), (19,21), (18,21), (17,21), (16,21), (15,21), (-3,-3), (-3,-3)]
Turtle 4 :[(-4,-4), (45,47), (44,47), (43,47), (42,47), (41,47), (40,47), (-4,-4), (-4,-4)]
Turtle 5 :[(-5,-5), (11,41), (10,41), (10,40), (9,40), (8,40), (7,40), (-5,-5), (-5,-5)]

Shrinking Run 58
#Info# Executed steps before collision: 8, Found collision: false
Turtle 1 :[(-1,-1), (6,28), (5,28), (4,28), (3,28), (2,28), (-1,-1), (-1,-1), (-1,-1)]
Turtle 2 :[(-2,-2), (5,29), (6,29), (6,28), (5,28), (4,28), (3,28), (3,27), (2,27)]
Turtle 3 :[(-3,-3), (19,22), (19,21), (18,21), (17,21), (16,21), (15,21), (-3,-3), (-3,-3)]
Turtle 4 :[(-4,-4), (45,47), (44,47), (43,47), (42,47), (41,47), (40,47), (-4,-4), (-4,-4)]
Turtle 5 :[(-5,-5), (11,41), (10,41), (10,40), (9,40), (8,40), (7,40), (-5,-5), (-5,-5)]

Shrinking Run 59
#Info# Executed steps before collision: 8, Found collision: false
Turtle 1 :[(-1,-1), (6,28), (5,28), (4,28), (3,28), (2,28), (-1,-1), (-1,-1), (-1,-1)]
Turtle 2 :[(-2,-2), (5,29), (4,29), (5,29), (5,28), (4,28), (3,28), (3,27), (2,27)]
Turtle 3 :[(-3,-3), (19,22), (19,21), (18,21), (17,21), (16,21), (15,21), (-3,-3), (-3,-3)]
Turtle 4 :[(-4,-4), (45,47), (44,47), (43,47), (42,47), (41,47), (40,47), (-4,-4), (-4,-4)]
Turtle 5 :[(-5,-5), (11,41), (10,41), (10,40), (9,40), (8,40), (7,40), (-5,-5), (-5,-5)]

Shrinking Run 60
#Info# Executed steps before collision: 8, Found collision: false
Turtle 1 :[(-1,-1), (6,28), (5,28), (4,28), (3,28), (2,28), (-1,-1), (-1,-1), (-1,-1)]
Turtle 2 :[(-2,-2), (5,29), (4,29), (4,30), (3,30), (3,29), (3,28), (2,28), (2,27)]
Turtle 3 :[(-3,-3), (19,22), (19,21), (18,21), (17,21), (16,21), (15,21), (-3,-3), (-3,-3)]
Turtle 4 :[(-4,-4), (45,47), (44,47), (43,47), (42,47), (41,47), (40,47), (-4,-4), (-4,-4)]
Turtle 5 :[(-5,-5), (11,41), (10,41), (10,40), (9,40), (8,40), (7,40), (-5,-5), (-5,-5)]

Shrinking Run 61
#Info# Executed steps before collision: 8, Found collision: false
Turtle 1 :[(-1,-1), (6,28), (5,28), (4,28), (3,28), (2,28), (-1,-1), (-1,-1), (-1,-1)]
Turtle 2 :[(-2,-2), (5,29), (4,29), (3,29), (2,29), (2,29), (2,29), (2,28), (2,27)]
Turtle 3 :[(-3,-3), (19,22), (18,22), (17,22), (17,21), (16,21), (15,21), (-3,-3), (-3,-3)]
Turtle 4 :[(-4,-4), (45,47), (44,47), (43,47), (42,47), (41,47), (40,47), (-4,-4), (-4,-4)]
Turtle 5 :[(-5,-5), (11,41), (10,41), (10,40), (9,40), (8,40), (7,40), (-5,-5), (-5,-5)]

Shrinking Run 62
#Info# Executed steps before collision: 8, Found collision: false
Turtle 1 :[(-1,-1), (6,28), (5,28), (4,28), (3,28), (2,28), (-1,-1), (-1,-1), (-1,-1)]
Turtle 2 :[(-2,-2), (5,29), (4,29), (3,29), (3,30), (3,29), (3,28), (2,28), (2,27)]
Turtle 3 :[(-3,-3), (19,22), (19,21), (18,21), (17,21), (16,21), (15,21), (-3,-3), (-3,-3)]
Turtle 4 :[(-4,-4), (45,47), (44,47), (43,47), (42,47), (42,48), (41,48), (-4,-4), (-4,-4)]
Turtle 5 :[(-5,-5), (11,41), (10,41), (10,40), (9,40), (8,40), (7,40), (-5,-5), (-5,-5)]

Shrinking Run 63
#Info# Executed steps before collision: 4, Found collision: true
Turtle 1 :[(-1,-1), (6,28), (5,28), (4,28), (3,28), (2,28), (-1,-1), (-1,-1), (-1,-1)]
Turtle 2 :[(-2,-2), (5,29), (4,29), (3,29), (3,28), (4,28), (4,27), (3,27), (2,27)]
Turtle 3 :[(-3,-3), (19,22), (19,21), (18,21), (17,21), (16,21), (15,21), (-3,-3), (-3,-3)]
Turtle 4 :[(-4,-4), (45,47), (44,47), (44,46), (44,45), (44,44), (43,44), (-4,-4), (-4,-4)]
Turtle 5 :[(-5,-5), (11,41), (10,41), (10,40), (9,40), (8,40), (7,40), (-5,-5), (-5,-5)]

Shrinking Run 64
#Info# Executed steps before collision: 8, Found collision: false
Turtle 1 :[(-1,-1), (6,28), (5,28), (4,28), (3,28), (2,28), (-1,-1), (-1,-1), (-1,-1)]
Turtle 2 :[(-2,-2), (5,29), (4,29), (3,29), (3,30), (3,29), (3,28), (2,28), (2,27)]
Turtle 3 :[(-3,-3), (19,22), (19,21), (18,21), (17,21), (16,21), (15,21), (-3,-3), (-3,-3)]
Turtle 4 :[(-4,-4), (45,47), (44,47), (44,46), (43,46), (43,45), (42,45), (-4,-4), (-4,-4)]
Turtle 5 :[(-5,-5), (11,41), (10,41), (10,40), (9,40), (8,40), (7,40), (-5,-5), (-5,-5)]

Shrinking Run 65
#Info# Executed steps before collision: 8, Found collision: false
Turtle 1 :[(-1,-1), (6,28), (5,28), (4,28), (3,28), (2,28), (-1,-1), (-1,-1), (-1,-1)]
Turtle 2 :[(-2,-2), (5,29), (4,29), (3,29), (4,29), (3,29), (3,28), (3,27), (2,27)]
Turtle 3 :[(-3,-3), (19,22), (19,21), (18,21), (17,21), (16,21), (15,21), (-3,-3), (-3,-3)]
Turtle 4 :[(-4,-4), (45,47), (44,47), (44,46), (44,45), (43,45), (42,45), (-4,-4), (-4,-4)]
Turtle 5 :[(-5,-5), (11,41), (10,41), (10,40), (9,40), (8,40), (7,40), (-5,-5), (-5,-5)]

Shrinking Run 66
#Info# Executed steps before collision: 8, Found collision: false
Turtle 1 :[(-1,-1), (6,28), (5,28), (4,28), (3,28), (2,28), (-1,-1), (-1,-1), (-1,-1)]
Turtle 2 :[(-2,-2), (5,29), (4,29), (3,29), (4,29), (3,29), (3,28), (3,27), (2,27)]
Turtle 3 :[(-3,-3), (19,22), (19,21), (18,21), (17,21), (16,21), (15,21), (-3,-3), (-3,-3)]
Turtle 4 :[(-4,-4), (45,47), (44,47), (43,47), (43,46), (43,45), (42,45), (-4,-4), (-4,-4)]
Turtle 5 :[(-5,-5), (11,41), (10,41), (10,40), (9,40), (8,40), (7,40), (-5,-5), (-5,-5)]

Shrinking Run 67
#Info# Executed steps before collision: 9, Found collision: false
Turtle 1 :[(-1,-1), (6,28), (5,28), (4,28), (3,28), (2,28), (-1,-1), (-1,-1), (-1,-1), (-1,-1)]
Turtle 2 :[(-2,-2), (5,29), (4,29), (3,29), (3,29), (2,29), (2,30), (2,29), (2,28), (2,27)]
Turtle 3 :[(-3,-3), (19,22), (19,21), (18,21), (17,21), (16,21), (15,21), (-3,-3), (-3,-3), (-3,-3)]
Turtle 4 :[(-4,-4), (45,47), (45,46), (45,45), (45,44), (44,44), (43,44), (-4,-4), (-4,-4), (-4,-4)]
Turtle 5 :[(-5,-5), (11,41), (10,41), (10,40), (9,40), (8,40), (7,40), (-5,-5), (-5,-5), (-5,-5)]

Shrinking Run 68
#Info# Executed steps before collision: 5, Found collision: true
Turtle 1 :[(-1,-1), (6,28), (5,28), (4,28), (3,28), (2,28), (-1,-1)]
Turtle 2 :[(-2,-2), (5,29), (4,29), (3,29), (2,29), (2,28), (2,27)]
Turtle 3 :[(-3,-3), (19,22), (19,21), (18,21), (17,21), (16,21), (15,21)]
Turtle 4 :[(-4,-4), (45,47), (44,47), (44,46), (44,45), (44,44), (43,44)]
Turtle 5 :[(-5,-5), (11,41), (10,41), (9,41), (8,41), (7,41), (6,41)]

Shrinking Run 69
#Info# Executed steps before collision: 8, Found collision: false
Turtle 1 :[(-1,-1), (6,28), (5,28), (4,28), (3,28), (2,28), (-1,-1), (-1,-1), (-1,-1)]
Turtle 2 :[(-2,-2), (5,29), (4,29), (3,29), (2,29), (3,29), (3,28), (2,28), (2,27)]
Turtle 3 :[(-3,-3), (19,22), (19,21), (18,21), (17,21), (16,21), (15,21), (-3,-3), (-3,-3)]
Turtle 4 :[(-4,-4), (45,47), (44,47), (44,46), (44,45), (44,44), (43,44), (-4,-4), (-4,-4)]
Turtle 5 :[(-5,-5), (11,41), (10,41), (10,40), (10,39), (9,39), (9,38), (-5,-5), (-5,-5)]

Shrinking Run 70
#Info# Executed steps before collision: 4, Found collision: true
Turtle 1 :[(-1,-1), (6,28), (5,28), (4,28), (3,28), (2,28), (-1,-1)]
Turtle 2 :[(-2,-2), (5,29), (4,29), (3,29), (3,28), (3,27), (2,27)]
Turtle 3 :[(-3,-3), (19,22), (19,21), (18,21), (17,21), (16,21), (15,21)]
Turtle 4 :[(-4,-4), (45,47), (44,47), (44,46), (44,45), (44,44), (43,44)]
Turtle 5 :[(-5,-5), (11,41), (10,41), (10,40), (10,39), (9,39), (8,39)]

Shrinking Run 71
#Info# Executed steps before collision: 8, Found collision: false
Turtle 1 :[(-1,-1), (6,28), (5,28), (4,28), (3,28), (2,28), (-1,-1), (-1,-1), (-1,-1)]
Turtle 2 :[(-2,-2), (5,29), (4,29), (3,29), (3,29), (3,29), (3,28), (3,27), (2,27)]
Turtle 3 :[(-3,-3), (19,22), (19,21), (18,21), (17,21), (16,21), (15,21), (-3,-3), (-3,-3)]
Turtle 4 :[(-4,-4), (45,47), (44,47), (44,46), (44,45), (44,44), (43,44), (-4,-4), (-4,-4)]
Turtle 5 :[(-5,-5), (11,41), (10,41), (9,41), (9,40), (8,40), (8,39), (-5,-5), (-5,-5)]

Shrinking Run 72
#Info# Executed steps before collision: 8, Found collision: false
Turtle 1 :[(-1,-1), (6,28), (5,28), (4,28), (3,28), (2,28), (-1,-1), (-1,-1), (-1,-1)]
Turtle 2 :[(-2,-2), (5,29), (4,29), (3,29), (4,29), (3,29), (2,29), (2,28), (2,27)]
Turtle 3 :[(-3,-3), (19,22), (19,21), (18,21), (17,21), (16,21), (15,21), (-3,-3), (-3,-3)]
Turtle 4 :[(-4,-4), (45,47), (44,47), (44,46), (44,45), (44,44), (43,44), (-4,-4), (-4,-4)]
Turtle 5 :[(-5,-5), (11,41), (10,41), (9,41), (9,40), (9,39), (8,39), (-5,-5), (-5,-5)]

Shrinking Run 73
#Info# Executed steps before collision: 8, Found collision: false
Turtle 1 :[(-1,-1), (6,28), (5,28), (4,28), (3,28), (2,28), (-1,-1), (-1,-1), (-1,-1)]
Turtle 2 :[(-2,-2), (5,29), (4,29), (3,29), (3,30), (2,30), (2,29), (2,28), (2,27)]
Turtle 3 :[(-3,-3), (19,22), (19,21), (18,21), (17,21), (16,21), (15,21), (-3,-3), (-3,-3)]
Turtle 4 :[(-4,-4), (45,47), (44,47), (44,46), (44,45), (44,44), (43,44), (-4,-4), (-4,-4)]
Turtle 5 :[(-5,-5), (11,41), (10,41), (10,40), (9,40), (9,39), (8,39), (-5,-5), (-5,-5)]

Shrinking Run 74
#Info# Executed steps before collision: 8, Found collision: false
Turtle 1 :[(-1,-1), (6,28), (5,28), (4,28), (3,28), (2,28), (1,28), (-1,-1), (-1,-1)]
Turtle 2 :[(-2,-2), (5,29), (4,29), (3,29), (4,29), (3,29), (2,29), (2,28), (2,27)]
Turtle 3 :[(-3,-3), (19,22), (19,21), (18,21), (17,21), (16,21), (15,21), (-3,-3), (-3,-3)]
Turtle 4 :[(-4,-4), (45,47), (44,47), (44,46), (44,45), (44,44), (43,44), (-4,-4), (-4,-4)]
Turtle 5 :[(-5,-5), (11,41), (10,41), (10,40), (10,39), (9,39), (8,39), (-5,-5), (-5,-5)]

Shrinking Run 75
#Info# Executed steps before collision: 5, Found collision: true
Turtle 1 :[(-1,-1), (6,28), (5,28), (4,28), (4,27), (3,27), (3,26)]
Turtle 2 :[(-2,-2), (5,29), (4,29), (3,29), (3,28), (3,27), (2,27)]
Turtle 3 :[(-3,-3), (19,22), (19,21), (18,21), (17,21), (16,21), (15,21)]
Turtle 4 :[(-4,-4), (45,47), (44,47), (44,46), (44,45), (44,44), (43,44)]
Turtle 5 :[(-5,-5), (11,41), (10,41), (10,40), (10,39), (9,39), (8,39)]

Shrinking Run 76
#Info# Executed steps before collision: 8, Found collision: false
Turtle 1 :[(-1,-1), (6,28), (5,28), (5,27), (4,27), (3,27), (3,26), (-1,-1), (-1,-1)]
Turtle 2 :[(-2,-2), (5,29), (4,29), (3,29), (3,28), (4,28), (3,28), (3,27), (2,27)]
Turtle 3 :[(-3,-3), (19,22), (19,21), (18,21), (17,21), (16,21), (15,21), (-3,-3), (-3,-3)]
Turtle 4 :[(-4,-4), (45,47), (44,47), (44,46), (44,45), (44,44), (43,44), (-4,-4), (-4,-4)]
Turtle 5 :[(-5,-5), (11,41), (10,41), (10,40), (10,39), (9,39), (8,39), (-5,-5), (-5,-5)]

Shrinking Run 77
#Info# Executed steps before collision: 9, Found collision: false
Turtle 1 :[(-1,-1), (6,28), (5,28), (4,28), (4,27), (3,27), (2,27), (-1,-1), (-1,-1), (-1,-1)]
Turtle 2 :[(-2,-2), (5,29), (4,29), (3,29), (3,28), (3,28), (3,29), (3,28), (2,28), (2,27)]
Turtle 3 :[(-3,-3), (19,22), (19,21), (18,21), (17,21), (16,21), (15,21), (-3,-3), (-3,-3), (-3,-3)]
Turtle 4 :[(-4,-4), (45,47), (44,47), (44,46), (44,45), (44,44), (43,44), (-4,-4), (-4,-4), (-4,-4)]
Turtle 5 :[(-5,-5), (11,41), (10,41), (10,40), (10,39), (9,39), (8,39), (-5,-5), (-5,-5), (-5,-5)]

Shrinking Run 78
#Info# Executed steps before collision: 4, Found collision: true
Turtle 1 :[(-1,-1), (6,28), (5,28), (4,28), (3,28), (3,27), (3,26), (-1,-1), (-1,-1), (-1,-1)]
Turtle 2 :[(-2,-2), (5,29), (4,29), (3,29), (3,28), (3,28), (3,29), (3,28), (3,27), (2,27)]
Turtle 3 :[(-3,-3), (19,22), (19,21), (18,21), (17,21), (16,21), (15,21), (-3,-3), (-3,-3), (-3,-3)]
Turtle 4 :[(-4,-4), (45,47), (44,47), (44,46), (44,45), (44,44), (43,44), (-4,-4), (-4,-4), (-4,-4)]
Turtle 5 :[(-5,-5), (11,41), (10,41), (10,40), (10,39), (9,39), (8,39), (-5,-5), (-5,-5), (-5,-5)]

Shrinking Run 79
#Info# Executed steps before collision: 8, Found collision: false
Turtle 1 :[(-1,-1), (6,28), (5,28), (4,28), (4,27), (3,27), (3,26), (-1,-1), (-1,-1)]
Turtle 2 :[(-2,-2), (5,29), (4,29), (4,29), (4,29), (4,28), (3,28), (2,28), (1,28)]
Turtle 3 :[(-3,-3), (19,22), (19,21), (18,21), (17,21), (16,21), (15,21), (-3,-3), (-3,-3)]
Turtle 4 :[(-4,-4), (45,47), (44,47), (44,46), (44,45), (44,44), (43,44), (-4,-4), (-4,-4)]
Turtle 5 :[(-5,-5), (11,41), (10,41), (10,40), (10,39), (9,39), (8,39), (-5,-5), (-5,-5)]

Shrinking Run 80
#Info# Executed steps before collision: 8, Found collision: false
Turtle 1 :[(-1,-1), (6,28), (5,28), (4,28), (4,27), (3,27), (3,26), (-1,-1), (-1,-1)]
Turtle 2 :[(-2,-2), (5,29), (5,30), (4,30), (3,30), (2,30), (2,29), (2,28), (2,27)]
Turtle 3 :[(-3,-3), (19,22), (19,21), (18,21), (17,21), (16,21), (15,21), (-3,-3), (-3,-3)]
Turtle 4 :[(-4,-4), (45,47), (44,47), (44,46), (44,45), (44,44), (43,44), (-4,-4), (-4,-4)]
Turtle 5 :[(-5,-5), (11,41), (10,41), (10,40), (10,39), (9,39), (8,39), (-5,-5), (-5,-5)]

Shrinking Run 81
#Info# Executed steps before collision: 9, Found collision: false
Turtle 1 :[(-1,-1), (6,28), (5,28), (4,28), (4,27), (3,27), (3,26), (-1,-1), (-1,-1), (-1,-1)]
Turtle 2 :[(-2,-2), (5,29), (5,29), (5,30), (4,30), (4,29), (3,29), (3,28), (3,27), (2,27)]
Turtle 3 :[(-3,-3), (19,22), (19,21), (18,21), (17,21), (16,21), (15,21), (-3,-3), (-3,-3), (-3,-3)]
Turtle 4 :[(-4,-4), (45,47), (44,47), (44,46), (44,45), (44,44), (43,44), (-4,-4), (-4,-4), (-4,-4)]
Turtle 5 :[(-5,-5), (11,41), (10,41), (10,40), (10,39), (9,39), (8,39), (-5,-5), (-5,-5), (-5,-5)]

Shrinking Run 82
#Info# Executed steps before collision: 3, Found collision: true
Turtle 1 :[(-1,-1), (6,28), (5,28), (4,28), (4,27), (3,27), (3,26), (-1,-1), (-1,-1)]
Turtle 2 :[(-2,-2), (5,29), (4,29), (4,28), (5,28), (4,28), (3,28), (3,27), (2,27)]
Turtle 3 :[(-3,-3), (19,22), (19,21), (18,21), (17,21), (16,21), (15,21), (-3,-3), (-3,-3)]
Turtle 4 :[(-4,-4), (45,47), (44,47), (44,46), (44,45), (44,44), (43,44), (-4,-4), (-4,-4)]
Turtle 5 :[(-5,-5), (11,41), (10,41), (10,40), (10,39), (9,39), (8,39), (-5,-5), (-5,-5)]

Shrinking Run 83
#Info# Executed steps before collision: 8, Found collision: false
Turtle 1 :[(-1,-1), (6,28), (5,28), (4,28), (4,27), (3,27), (3,26), (-1,-1), (-1,-1)]
Turtle 2 :[(-2,-2), (5,29), (4,29), (4,30), (4,29), (3,29), (3,28), (2,28), (2,27)]
Turtle 3 :[(-3,-3), (19,22), (18,22), (17,22), (17,21), (16,21), (15,21), (-3,-3), (-3,-3)]
Turtle 4 :[(-4,-4), (45,47), (44,47), (44,46), (44,45), (44,44), (43,44), (-4,-4), (-4,-4)]
Turtle 5 :[(-5,-5), (11,41), (10,41), (10,40), (10,39), (9,39), (8,39), (-5,-5), (-5,-5)]

Shrinking Run 84
#Info# Executed steps before collision: 8, Found collision: false
Turtle 1 :[(-1,-1), (6,28), (5,28), (4,28), (4,27), (3,27), (3,26), (-1,-1), (-1,-1)]
Turtle 2 :[(-2,-2), (5,29), (4,29), (4,30), (4,29), (4,28), (3,28), (2,28), (2,27)]
Turtle 3 :[(-3,-3), (19,22), (19,21), (18,21), (17,21), (16,21), (15,21), (-3,-3), (-3,-3)]
Turtle 4 :[(-4,-4), (45,47), (44,47), (43,47), (42,47), (42,48), (41,48), (-4,-4), (-4,-4)]
Turtle 5 :[(-5,-5), (11,41), (10,41), (10,40), (10,39), (9,39), (8,39), (-5,-5), (-5,-5)]

Shrinking Run 85
#Info# Executed steps before collision: 3, Found collision: true
Turtle 1 :[(-1,-1), (6,28), (5,28), (4,28), (4,27), (3,27), (3,26), (-1,-1), (-1,-1), (-1,-1)]
Turtle 2 :[(-2,-2), (5,29), (4,29), (4,28), (4,28), (5,28), (4,28), (3,28), (2,28), (2,27)]
Turtle 3 :[(-3,-3), (19,22), (19,21), (18,21), (17,21), (16,21), (15,21), (-3,-3), (-3,-3), (-3,-3)]
Turtle 4 :[(-4,-4), (45,47), (44,47), (44,46), (43,46), (43,45), (42,45), (-4,-4), (-4,-4), (-4,-4)]
Turtle 5 :[(-5,-5), (11,41), (10,41), (10,40), (10,39), (9,39), (8,39), (-5,-5), (-5,-5), (-5,-5)]

Shrinking Run 86
#Info# Executed steps before collision: 8, Found collision: false
Turtle 1 :[(-1,-1), (6,28), (5,28), (4,28), (4,27), (3,27), (3,26), (-1,-1), (-1,-1)]
Turtle 2 :[(-2,-2), (5,29), (4,29), (4,30), (3,30), (3,29), (3,28), (2,28), (2,27)]
Turtle 3 :[(-3,-3), (19,22), (19,21), (18,21), (17,21), (16,21), (15,21), (-3,-3), (-3,-3)]
Turtle 4 :[(-4,-4), (45,47), (44,47), (44,46), (44,45), (43,45), (42,45), (-4,-4), (-4,-4)]
Turtle 5 :[(-5,-5), (11,41), (10,41), (10,40), (10,39), (9,39), (8,39), (-5,-5), (-5,-5)]

Shrinking Run 87
#Info# Executed steps before collision: 7, Found collision: false
Turtle 1 :[(-1,-1), (6,28), (5,28), (4,28), (4,27), (3,27), (3,26), (-1,-1)]
Turtle 2 :[(-2,-2), (5,29), (4,29), (4,29), (3,29), (3,28), (2,28), (2,27)]
Turtle 3 :[(-3,-3), (19,22), (19,21), (18,21), (17,21), (16,21), (15,21), (-3,-3)]
Turtle 4 :[(-4,-4), (45,47), (44,47), (43,47), (43,46), (43,45), (42,45), (-4,-4)]
Turtle 5 :[(-5,-5), (11,41), (10,41), (10,40), (10,39), (9,39), (8,39), (-5,-5)]

Shrinking Run 88
#Info# Executed steps before collision: 8, Found collision: false
Turtle 1 :[(-1,-1), (6,28), (5,28), (4,28), (4,27), (3,27), (3,26), (-1,-1), (-1,-1)]
Turtle 2 :[(-2,-2), (5,29), (4,29), (4,30), (4,29), (3,29), (2,29), (2,28), (2,27)]
Turtle 3 :[(-3,-3), (19,22), (19,21), (18,21), (17,21), (16,21), (15,21), (-3,-3), (-3,-3)]
Turtle 4 :[(-4,-4), (45,47), (45,46), (45,45), (44,45), (43,45), (42,45), (-4,-4), (-4,-4)]
Turtle 5 :[(-5,-5), (11,41), (10,41), (10,40), (10,39), (9,39), (8,39), (-5,-5), (-5,-5)]

Shrinking Run 89
#Info# Executed steps before collision: 3, Found collision: true
Turtle 1 :[(-1,-1), (6,28), (5,28), (4,28), (4,27), (3,27), (3,26)]
Turtle 2 :[(-2,-2), (5,29), (4,29), (4,28), (3,28), (3,27), (2,27)]
Turtle 3 :[(-3,-3), (19,22), (19,21), (18,21), (17,21), (16,21), (15,21)]
Turtle 4 :[(-4,-4), (45,47), (44,47), (44,46), (43,46), (43,45), (42,45)]
Turtle 5 :[(-5,-5), (11,41), (10,41), (10,40), (10,39), (9,39), (9,38)]

Shrinking Run 90
#Info# Executed steps before collision: 3, Found collision: true
Turtle 1 :[(-1,-1), (6,28), (5,28), (4,28), (4,27), (3,27), (3,26), (-1,-1), (-1,-1)]
Turtle 2 :[(-2,-2), (5,29), (4,29), (4,28), (3,28), (3,29), (3,28), (3,27), (2,27)]
Turtle 3 :[(-3,-3), (19,22), (19,21), (18,21), (17,21), (16,21), (15,21), (-3,-3), (-3,-3)]
Turtle 4 :[(-4,-4), (45,47), (44,47), (44,46), (43,46), (43,45), (42,45), (-4,-4), (-4,-4)]
Turtle 5 :[(-5,-5), (11,41), (10,41), (10,40), (9,40), (8,40), (8,39), (-5,-5), (-5,-5)]

Shrinking Run 91
#Info# Executed steps before collision: 8, Found collision: false
Turtle 1 :[(-1,-1), (6,28), (5,28), (4,28), (4,27), (3,27), (3,26), (-1,-1), (-1,-1)]
Turtle 2 :[(-2,-2), (5,29), (4,29), (5,29), (4,29), (3,29), (2,29), (2,28), (2,27)]
Turtle 3 :[(-3,-3), (19,22), (19,21), (18,21), (17,21), (16,21), (15,21), (-3,-3), (-3,-3)]
Turtle 4 :[(-4,-4), (45,47), (44,47), (44,46), (43,46), (43,45), (42,45), (-4,-4), (-4,-4)]
Turtle 5 :[(-5,-5), (11,41), (10,41), (9,41), (8,41), (7,41), (7,40), (-5,-5), (-5,-5)]

Shrinking Run 92
#Info# Executed steps before collision: 6, Found collision: false
Turtle 1 :[(-1,-1), (6,28), (5,28), (4,28), (4,27), (3,27), (3,26)]
Turtle 2 :[(-2,-2), (5,29), (4,29), (3,29), (3,28), (2,28), (2,27)]
Turtle 3 :[(-3,-3), (19,22), (19,21), (18,21), (17,21), (16,21), (15,21)]
Turtle 4 :[(-4,-4), (45,47), (44,47), (44,46), (43,46), (43,45), (42,45)]
Turtle 5 :[(-5,-5), (11,41), (10,41), (10,40), (9,40), (8,40), (7,40)]

Shrinking Run 93
#Info# Executed steps before collision: 6, Found collision: false
Turtle 1 :[(-1,-1), (6,28), (5,28), (4,28), (4,27), (3,27), (3,26)]
Turtle 2 :[(-2,-2), (5,29), (4,29), (3,29), (3,28), (2,28), (2,27)]
Turtle 3 :[(-3,-3), (19,22), (19,21), (18,21), (17,21), (16,21), (15,21)]
Turtle 4 :[(-4,-4), (45,47), (44,47), (44,46), (43,46), (43,45), (42,45)]
Turtle 5 :[(-5,-5), (11,41), (10,41), (9,41), (9,40), (8,40), (8,39)]

Shrinking Run 94
#Info# Executed steps before collision: 8, Found collision: false
Turtle 1 :[(-1,-1), (6,28), (5,28), (4,28), (3,28), (2,28), (1,28), (-1,-1), (-1,-1)]
Turtle 2 :[(-2,-2), (5,29), (4,29), (5,29), (4,29), (4,28), (3,28), (3,27), (2,27)]
Turtle 3 :[(-3,-3), (19,22), (19,21), (18,21), (17,21), (16,21), (15,21), (-3,-3), (-3,-3)]
Turtle 4 :[(-4,-4), (45,47), (44,47), (44,46), (43,46), (43,45), (42,45), (-4,-4), (-4,-4)]
Turtle 5 :[(-5,-5), (11,41), (10,41), (10,40), (9,40), (8,40), (8,39), (-5,-5), (-5,-5)]

Shrinking Run 95
#Info# Executed steps before collision: 6, Found collision: false
Turtle 1 :[(-1,-1), (6,28), (5,28), (5,27), (4,27), (3,27), (3,26)]
Turtle 2 :[(-2,-2), (5,29), (4,29), (4,28), (3,28), (2,28), (2,27)]
Turtle 3 :[(-3,-3), (19,22), (19,21), (18,21), (17,21), (16,21), (15,21)]
Turtle 4 :[(-4,-4), (45,47), (44,47), (44,46), (43,46), (43,45), (42,45)]
Turtle 5 :[(-5,-5), (11,41), (10,41), (10,40), (9,40), (8,40), (8,39)]

Shrinking Run 96
#Info# Executed steps before collision: 9, Found collision: false
Turtle 1 :[(-1,-1), (6,28), (5,28), (4,28), (4,27), (3,27), (2,27), (-1,-1), (-1,-1), (-1,-1)]
Turtle 2 :[(-2,-2), (5,29), (4,29), (4,29), (5,29), (4,29), (4,28), (3,28), (3,27), (2,27)]
Turtle 3 :[(-3,-3), (19,22), (19,21), (18,21), (17,21), (16,21), (15,21), (-3,-3), (-3,-3), (-3,-3)]
Turtle 4 :[(-4,-4), (45,47), (44,47), (44,46), (43,46), (43,45), (42,45), (-4,-4), (-4,-4), (-4,-4)]
Turtle 5 :[(-5,-5), (11,41), (10,41), (10,40), (9,40), (8,40), (8,39), (-5,-5), (-5,-5), (-5,-5)]

Shrinking Run 97
#Info# Executed steps before collision: 6, Found collision: false
Turtle 1 :[(-1,-1), (6,28), (5,28), (4,28), (4,27), (3,27), (3,26)]
Turtle 2 :[(-2,-2), (5,29), (4,29), (3,29), (2,29), (1,29), (1,28)]
Turtle 3 :[(-3,-3), (19,22), (19,21), (18,21), (17,21), (16,21), (15,21)]
Turtle 4 :[(-4,-4), (45,47), (44,47), (44,46), (43,46), (43,45), (42,45)]
Turtle 5 :[(-5,-5), (11,41), (10,41), (10,40), (9,40), (8,40), (8,39)]

Shrinking Run 98
#Info# Executed steps before collision: 8, Found collision: false
Turtle 1 :[(-1,-1), (6,28), (5,28), (4,28), (4,27), (3,27), (3,26), (-1,-1), (-1,-1)]
Turtle 2 :[(-2,-2), (5,29), (6,29), (5,29), (4,29), (3,29), (3,28), (3,27), (2,27)]
Turtle 3 :[(-3,-3), (19,22), (19,21), (18,21), (17,21), (16,21), (15,21), (-3,-3), (-3,-3)]
Turtle 4 :[(-4,-4), (45,47), (44,47), (44,46), (43,46), (43,45), (42,45), (-4,-4), (-4,-4)]
Turtle 5 :[(-5,-5), (11,41), (10,41), (10,40), (9,40), (8,40), (8,39), (-5,-5), (-5,-5)]

Shrinking Run 99
#Info# Executed steps before collision: 2, Found collision: true
Turtle 1 :[(-1,-1), (6,28), (5,28), (4,28), (4,27), (3,27), (3,26), (-1,-1), (-1,-1)]
Turtle 2 :[(-2,-2), (5,29), (5,28), (4,28), (3,28), (3,29), (3,28), (2,28), (2,27)]
Turtle 3 :[(-3,-3), (19,22), (19,21), (18,21), (17,21), (16,21), (15,21), (-3,-3), (-3,-3)]
Turtle 4 :[(-4,-4), (45,47), (44,47), (44,46), (43,46), (43,45), (42,45), (-4,-4), (-4,-4)]
Turtle 5 :[(-5,-5), (11,41), (10,41), (10,40), (9,40), (8,40), (8,39), (-5,-5), (-5,-5)]

Shrinking Run 100
#Info# Executed steps before collision: 6, Found collision: false
Turtle 1 :[(-1,-1), (6,28), (5,28), (4,28), (4,27), (3,27), (3,26)]
Turtle 2 :[(-2,-2), (5,29), (4,29), (3,29), (3,28), (2,28), (2,27)]
Turtle 3 :[(-3,-3), (19,22), (19,21), (18,21), (17,21), (16,21), (15,21)]
Turtle 4 :[(-4,-4), (45,47), (44,47), (44,46), (43,46), (43,45), (42,45)]
Turtle 5 :[(-5,-5), (11,41), (10,41), (10,40), (9,40), (8,40), (8,39)]

Shrinking Run 101
#Info# Executed steps before collision: 8, Found collision: false
Turtle 1 :[(-1,-1), (6,28), (5,28), (4,28), (4,27), (3,27), (3,26), (-1,-1), (-1,-1)]
Turtle 2 :[(-2,-2), (5,29), (5,30), (5,29), (4,29), (4,28), (4,27), (3,27), (2,27)]
Turtle 3 :[(-3,-3), (19,22), (19,21), (18,21), (17,21), (16,21), (15,21), (-3,-3), (-3,-3)]
Turtle 4 :[(-4,-4), (45,47), (44,47), (44,46), (43,46), (43,45), (42,45), (-4,-4), (-4,-4)]
Turtle 5 :[(-5,-5), (11,41), (10,41), (10,40), (9,40), (8,40), (8,39), (-5,-5), (-5,-5)]

Shrinking Run 102
#Info# Executed steps before collision: 8, Found collision: false
Turtle 1 :[(-1,-1), (6,28), (5,28), (4,28), (4,27), (3,27), (3,26), (-1,-1), (-1,-1)]
Turtle 2 :[(-2,-2), (5,29), (6,29), (6,28), (5,28), (4,28), (3,28), (3,27), (2,27)]
Turtle 3 :[(-3,-3), (19,22), (18,22), (17,22), (17,21), (16,21), (15,21), (-3,-3), (-3,-3)]
Turtle 4 :[(-4,-4), (45,47), (44,47), (44,46), (43,46), (43,45), (42,45), (-4,-4), (-4,-4)]
Turtle 5 :[(-5,-5), (11,41), (10,41), (10,40), (9,40), (8,40), (8,39), (-5,-5), (-5,-5)]

Shrinking Run 103
#Info# Executed steps before collision: 8, Found collision: false
Turtle 1 :[(-1,-1), (6,28), (5,28), (4,28), (4,27), (3,27), (3,26), (-1,-1), (-1,-1)]
Turtle 2 :[(-2,-2), (5,29), (4,29), (4,30), (4,29), (4,28), (3,28), (2,28), (2,27)]
Turtle 3 :[(-3,-3), (19,22), (19,21), (18,21), (17,21), (16,21), (15,21), (-3,-3), (-3,-3)]
Turtle 4 :[(-4,-4), (45,47), (44,47), (43,47), (42,47), (42,48), (41,48), (-4,-4), (-4,-4)]
Turtle 5 :[(-5,-5), (11,41), (10,41), (10,40), (9,40), (8,40), (8,39), (-5,-5), (-5,-5)]

Shrinking Run 104
#Info# Executed steps before collision: 8, Found collision: false
Turtle 1 :[(-1,-1), (6,28), (5,28), (4,28), (4,27), (3,27), (3,26), (-1,-1), (-1,-1)]
Turtle 2 :[(-2,-2), (5,29), (6,29), (5,29), (5,28), (4,28), (3,28), (3,27), (2,27)]
Turtle 3 :[(-3,-3), (19,22), (19,21), (18,21), (17,21), (16,21), (15,21), (-3,-3), (-3,-3)]
Turtle 4 :[(-4,-4), (45,47), (44,47), (44,46), (44,45), (43,45), (42,45), (-4,-4), (-4,-4)]
Turtle 5 :[(-5,-5), (11,41), (10,41), (10,40), (9,40), (8,40), (8,39), (-5,-5), (-5,-5)]

Shrinking Run 105
#Info# Executed steps before collision: 9, Found collision: false
Turtle 1 :[(-1,-1), (6,28), (5,28), (4,28), (4,27), (3,27), (3,26), (-1,-1), (-1,-1), (-1,-1)]
Turtle 2 :[(-2,-2), (5,29), (5,29), (5,30), (4,30), (3,30), (3,29), (3,28), (2,28), (2,27)]
Turtle 3 :[(-3,-3), (19,22), (19,21), (18,21), (17,21), (16,21), (15,21), (-3,-3), (-3,-3), (-3,-3)]
Turtle 4 :[(-4,-4), (45,47), (44,47), (43,47), (43,46), (43,45), (42,45), (-4,-4), (-4,-4), (-4,-4)]
Turtle 5 :[(-5,-5), (11,41), (10,41), (10,40), (9,40), (8,40), (8,39), (-5,-5), (-5,-5), (-5,-5)]

Shrinking Run 106
#Info# Executed steps before collision: 9, Found collision: false
Turtle 1 :[(-1,-1), (6,28), (5,28), (4,28), (4,27), (3,27), (3,26), (-1,-1), (-1,-1), (-1,-1)]
Turtle 2 :[(-2,-2), (5,29), (5,29), (6,29), (6,28), (6,27), (5,27), (4,27), (3,27), (2,27)]
Turtle 3 :[(-3,-3), (19,22), (19,21), (18,21), (17,21), (16,21), (15,21), (-3,-3), (-3,-3), (-3,-3)]
Turtle 4 :[(-4,-4), (45,47), (45,46), (45,45), (44,45), (43,45), (42,45), (-4,-4), (-4,-4), (-4,-4)]
Turtle 5 :[(-5,-5), (11,41), (10,41), (10,40), (9,40), (8,40), (8,39), (-5,-5), (-5,-5), (-5,-5)]

Shrinking Run 107
#Info# Executed steps before collision: 6, Found collision: false
Turtle 1 :[(-1,-1), (6,28), (5,28), (4,28), (4,27), (3,27), (3,26)]
Turtle 2 :[(-2,-2), (5,29), (4,29), (3,29), (2,29), (2,28), (2,27)]
Turtle 3 :[(-3,-3), (19,22), (19,21), (18,21), (17,21), (16,21), (15,21)]
Turtle 4 :[(-4,-4), (45,47), (44,47), (44,46), (43,46), (43,45), (42,45)]
Turtle 5 :[(-5,-5), (11,41), (10,41), (9,41), (8,41), (7,41), (7,40)]

Shrinking Run 108
#Info# Executed steps before collision: 8, Found collision: false
Turtle 1 :[(-1,-1), (6,28), (5,28), (4,28), (4,27), (3,27), (3,26), (-1,-1), (-1,-1)]
Turtle 2 :[(-2,-2), (5,29), (6,29), (5,29), (4,29), (3,29), (2,29), (2,28), (2,27)]
Turtle 3 :[(-3,-3), (19,22), (19,21), (18,21), (17,21), (16,21), (15,21), (-3,-3), (-3,-3)]
Turtle 4 :[(-4,-4), (45,47), (44,47), (44,46), (43,46), (43,45), (42,45), (-4,-4), (-4,-4)]
Turtle 5 :[(-5,-5), (11,41), (10,41), (10,40), (9,40), (8,40), (7,40), (-5,-5), (-5,-5)]

Shrinking Run 109
#Info# Executed steps before collision: 8, Found collision: false
Turtle 1 :[(-1,-1), (6,28), (5,28), (4,28), (4,27), (3,27), (3,26), (-1,-1), (-1,-1)]
Turtle 2 :[(-2,-2), (5,29), (6,29), (6,28), (6,27), (5,27), (4,27), (3,27), (2,27)]
Turtle 3 :[(-3,-3), (19,22), (19,21), (18,21), (17,21), (16,21), (15,21), (-3,-3), (-3,-3)]
Turtle 4 :[(-4,-4), (45,47), (44,47), (44,46), (43,46), (43,45), (42,45), (-4,-4), (-4,-4)]
Turtle 5 :[(-5,-5), (11,41), (10,41), (9,41), (9,40), (8,40), (8,39), (-5,-5), (-5,-5)]

Shrinking Run 110
#Info# Executed steps before collision: 8, Found collision: false
Turtle 1 :[(-1,-1), (6,28), (5,28), (4,28), (3,28), (2,28), (1,28), (-1,-1), (-1,-1)]
Turtle 2 :[(-2,-2), (5,29), (5,30), (4,30), (3,30), (3,29), (2,29), (2,28), (2,27)]
Turtle 3 :[(-3,-3), (19,22), (19,21), (18,21), (17,21), (16,21), (15,21), (-3,-3), (-3,-3)]
Turtle 4 :[(-4,-4), (45,47), (44,47), (44,46), (43,46), (43,45), (42,45), (-4,-4), (-4,-4)]
Turtle 5 :[(-5,-5), (11,41), (10,41), (10,40), (9,40), (8,40), (8,39), (-5,-5), (-5,-5)]

Shrinking Run 111
#Info# Executed steps before collision: 8, Found collision: false
Turtle 1 :[(-1,-1), (6,28), (5,28), (5,27), (4,27), (3,27), (3,26), (-1,-1), (-1,-1)]
Turtle 2 :[(-2,-2), (5,29), (5,30), (4,30), (4,29), (3,29), (3,28), (3,27), (2,27)]
Turtle 3 :[(-3,-3), (19,22), (19,21), (18,21), (17,21), (16,21), (15,21), (-3,-3), (-3,-3)]
Turtle 4 :[(-4,-4), (45,47), (44,47), (44,46), (43,46), (43,45), (42,45), (-4,-4), (-4,-4)]
Turtle 5 :[(-5,-5), (11,41), (10,41), (10,40), (9,40), (8,40), (8,39), (-5,-5), (-5,-5)]

Shrinking Run 112
#Info# Executed steps before collision: 2, Found collision: true
Turtle 1 :[(-1,-1), (6,28), (5,28), (4,28), (4,27), (3,27), (2,27), (-1,-1), (-1,-1), (-1,-1)]
Turtle 2 :[(-2,-2), (5,29), (5,28), (5,27), (5,27), (6,27), (5,27), (4,27), (3,27), (2,27)]
Turtle 3 :[(-3,-3), (19,22), (19,21), (18,21), (17,21), (16,21), (15,21), (-3,-3), (-3,-3), (-3,-3)]
Turtle 4 :[(-4,-4), (45,47), (44,47), (44,46), (43,46), (43,45), (42,45), (-4,-4), (-4,-4), (-4,-4)]
Turtle 5 :[(-5,-5), (11,41), (10,41), (10,40), (9,40), (8,40), (8,39), (-5,-5), (-5,-5), (-5,-5)]

Shrinking Run 113
#Info# Executed steps before collision: 8, Found collision: false
Turtle 1 :[(-1,-1), (6,28), (5,28), (4,28), (3,28), (3,27), (2,27), (-1,-1), (-1,-1)]
Turtle 2 :[(-2,-2), (5,29), (4,29), (3,29), (3,30), (3,29), (3,28), (3,27), (2,27)]
Turtle 3 :[(-3,-3), (19,22), (19,21), (18,21), (17,21), (16,21), (15,21), (-3,-3), (-3,-3)]
Turtle 4 :[(-4,-4), (45,47), (44,47), (44,46), (43,46), (43,45), (42,45), (-4,-4), (-4,-4)]
Turtle 5 :[(-5,-5), (11,41), (10,41), (10,40), (9,40), (8,40), (8,39), (-5,-5), (-5,-5)]

Shrinking Run 114
#Info# Executed steps before collision: 8, Found collision: false
Turtle 1 :[(-1,-1), (6,28), (5,28), (5,27), (4,27), (3,27), (2,27), (-1,-1), (-1,-1)]
Turtle 2 :[(-2,-2), (5,29), (6,29), (5,29), (4,29), (3,29), (3,28), (3,27), (2,27)]
Turtle 3 :[(-3,-3), (19,22), (19,21), (18,21), (17,21), (16,21), (15,21), (-3,-3), (-3,-3)]
Turtle 4 :[(-4,-4), (45,47), (44,47), (44,46), (43,46), (43,45), (42,45), (-4,-4), (-4,-4)]
Turtle 5 :[(-5,-5), (11,41), (10,41), (10,40), (9,40), (8,40), (8,39), (-5,-5), (-5,-5)]

Shrinking Run 115
#Info# Executed steps before collision: 8, Found collision: false
Turtle 1 :[(-1,-1), (6,28), (5,28), (4,28), (4,27), (3,27), (2,27), (-1,-1), (-1,-1)]
Turtle 2 :[(-2,-2), (5,29), (4,29), (4,30), (3,30), (3,29), (3,28), (2,28), (1,28)]
Turtle 3 :[(-3,-3), (19,22), (19,21), (18,21), (17,21), (16,21), (15,21), (-3,-3), (-3,-3)]
Turtle 4 :[(-4,-4), (45,47), (44,47), (44,46), (43,46), (43,45), (42,45), (-4,-4), (-4,-4)]
Turtle 5 :[(-5,-5), (11,41), (10,41), (10,40), (9,40), (8,40), (8,39), (-5,-5), (-5,-5)]

Shrinking Run 116
#Info# Executed steps before collision: 9, Found collision: false
Turtle 1 :[(-1,-1), (6,28), (5,28), (4,28), (4,27), (3,27), (2,27), (-1,-1), (-1,-1), (-1,-1)]
Turtle 2 :[(-2,-2), (5,29), (5,29), (6,29), (5,29), (4,29), (3,29), (2,29), (2,28), (2,27)]
Turtle 3 :[(-3,-3), (19,22), (19,21), (18,21), (17,21), (16,21), (15,21), (-3,-3), (-3,-3), (-3,-3)]
Turtle 4 :[(-4,-4), (45,47), (44,47), (44,46), (43,46), (43,45), (42,45), (-4,-4), (-4,-4), (-4,-4)]
Turtle 5 :[(-5,-5), (11,41), (10,41), (10,40), (9,40), (8,40), (8,39), (-5,-5), (-5,-5), (-5,-5)]

Shrinking Run 117
#Info# Executed steps before collision: 5, Found collision: true
Turtle 1 :[(-1,-1), (6,28), (5,28), (4,28), (4,27), (3,27), (2,27), (-1,-1), (-1,-1)]
Turtle 2 :[(-2,-2), (5,29), (4,29), (3,29), (3,28), (3,27), (4,27), (3,27), (2,27)]
Turtle 3 :[(-3,-3), (19,22), (19,21), (18,21), (17,21), (16,21), (15,21), (-3,-3), (-3,-3)]
Turtle 4 :[(-4,-4), (45,47), (44,47), (44,46), (43,46), (43,45), (42,45), (-4,-4), (-4,-4)]
Turtle 5 :[(-5,-5), (11,41), (10,41), (10,40), (9,40), (8,40), (8,39), (-5,-5), (-5,-5)]

Shrinking Run 118
#Info# Executed steps before collision: 9, Found collision: false
Turtle 1 :[(-1,-1), (6,28), (5,28), (4,28), (4,27), (3,27), (2,27), (-1,-1), (-1,-1), (-1,-1)]
Turtle 2 :[(-2,-2), (5,29), (4,29), (4,29), (4,30), (3,30), (3,29), (3,28), (3,27), (2,27)]
Turtle 3 :[(-3,-3), (19,22), (19,21), (18,21), (17,21), (16,21), (15,21), (-3,-3), (-3,-3), (-3,-3)]
Turtle 4 :[(-4,-4), (45,47), (44,47), (44,46), (43,46), (43,45), (42,45), (-4,-4), (-4,-4), (-4,-4)]
Turtle 5 :[(-5,-5), (11,41), (10,41), (10,40), (9,40), (8,40), (8,39), (-5,-5), (-5,-5), (-5,-5)]

Shrinking Run 119
#Info# Executed steps before collision: 9, Found collision: false
Turtle 1 :[(-1,-1), (6,28), (5,28), (4,28), (4,27), (3,27), (2,27), (-1,-1), (-1,-1), (-1,-1)]
Turtle 2 :[(-2,-2), (5,29), (4,29), (3,29), (3,28), (3,28), (4,28), (3,28), (3,27), (2,27)]
Turtle 3 :[(-3,-3), (19,22), (18,22), (17,22), (17,21), (16,21), (15,21), (-3,-3), (-3,-3), (-3,-3)]
Turtle 4 :[(-4,-4), (45,47), (44,47), (44,46), (43,46), (43,45), (42,45), (-4,-4), (-4,-4), (-4,-4)]
Turtle 5 :[(-5,-5), (11,41), (10,41), (10,40), (9,40), (8,40), (8,39), (-5,-5), (-5,-5), (-5,-5)]

Shrinking Run 120
#Info# Executed steps before collision: 8, Found collision: false
Turtle 1 :[(-1,-1), (6,28), (5,28), (4,28), (4,27), (3,27), (2,27), (-1,-1), (-1,-1)]
Turtle 2 :[(-2,-2), (5,29), (4,29), (3,29), (3,28), (3,28), (3,28), (3,27), (2,27)]
Turtle 3 :[(-3,-3), (19,22), (19,21), (18,21), (17,21), (16,21), (15,21), (-3,-3), (-3,-3)]
Turtle 4 :[(-4,-4), (45,47), (44,47), (43,47), (42,47), (42,48), (41,48), (-4,-4), (-4,-4)]
Turtle 5 :[(-5,-5), (11,41), (10,41), (10,40), (9,40), (8,40), (8,39), (-5,-5), (-5,-5)]

Shrinking Run 121
#Info# Executed steps before collision: 8, Found collision: false
Turtle 1 :[(-1,-1), (6,28), (5,28), (4,28), (4,27), (3,27), (2,27), (-1,-1), (-1,-1)]
Turtle 2 :[(-2,-2), (5,29), (4,29), (3,29), (3,28), (3,29), (2,29), (2,28), (2,27)]
Turtle 3 :[(-3,-3), (19,22), (19,21), (18,21), (17,21), (16,21), (15,21), (-3,-3), (-3,-3)]
Turtle 4 :[(-4,-4), (45,47), (44,47), (44,46), (44,45), (43,45), (42,45), (-4,-4), (-4,-4)]
Turtle 5 :[(-5,-5), (11,41), (10,41), (10,40), (9,40), (8,40), (8,39), (-5,-5), (-5,-5)]

Shrinking Run 122
#Info# Executed steps before collision: 5, Found collision: true
Turtle 1 :[(-1,-1), (6,28), (5,28), (4,28), (4,27), (3,27), (2,27), (-1,-1), (-1,-1)]
Turtle 2 :[(-2,-2), (5,29), (4,29), (3,29), (3,28), (3,27), (3,26), (2,26), (2,27)]
Turtle 3 :[(-3,-3), (19,22), (19,21), (18,21), (17,21), (16,21), (15,21), (-3,-3), (-3,-3)]
Turtle 4 :[(-4,-4), (45,47), (44,47), (43,47), (43,46), (43,45), (42,45), (-4,-4), (-4,-4)]
Turtle 5 :[(-5,-5), (11,41), (10,41), (10,40), (9,40), (8,40), (8,39), (-5,-5), (-5,-5)]

Shrinking Run 123
#Info# Executed steps before collision: 8, Found collision: false
Turtle 1 :[(-1,-1), (6,28), (5,28), (4,28), (4,27), (3,27), (2,27), (-1,-1), (-1,-1)]
Turtle 2 :[(-2,-2), (5,29), (4,29), (3,29), (3,28), (4,28), (4,27), (3,27), (2,27)]
Turtle 3 :[(-3,-3), (19,22), (19,21), (18,21), (17,21), (16,21), (15,21), (-3,-3), (-3,-3)]
Turtle 4 :[(-4,-4), (45,47), (44,47), (43,47), (42,47), (42,46), (42,45), (-4,-4), (-4,-4)]
Turtle 5 :[(-5,-5), (11,41), (10,41), (10,40), (9,40), (8,40), (8,39), (-5,-5), (-5,-5)]

Shrinking Run 124
#Info# Executed steps before collision: 8, Found collision: false
Turtle 1 :[(-1,-1), (6,28), (5,28), (4,28), (4,27), (3,27), (2,27), (-1,-1), (-1,-1)]
Turtle 2 :[(-2,-2), (5,29), (4,29), (3,29), (3,28), (4,28), (3,28), (3,27), (2,27)]
Turtle 3 :[(-3,-3), (19,22), (19,21), (18,21), (17,21), (16,21), (15,21), (-3,-3), (-3,-3)]
Turtle 4 :[(-4,-4), (45,47), (45,46), (44,46), (44,45), (43,45), (42,45), (-4,-4), (-4,-4)]
Turtle 5 :[(-5,-5), (11,41), (10,41), (10,40), (9,40), (8,40), (8,39), (-5,-5), (-5,-5)]

Shrinking Run 125
#Info# Executed steps before collision: 9, Found collision: false
Turtle 1 :[(-1,-1), (6,28), (5,28), (4,28), (4,27), (3,27), (2,27), (-1,-1), (-1,-1), (-1,-1)]
Turtle 2 :[(-2,-2), (5,29), (4,29), (3,29), (3,28), (2,28), (2,28), (1,28), (2,28), (2,27)]
Turtle 3 :[(-3,-3), (19,22), (19,21), (18,21), (17,21), (16,21), (15,21), (-3,-3), (-3,-3), (-3,-3)]
Turtle 4 :[(-4,-4), (45,47), (44,47), (43,47), (43,46), (43,45), (42,45), (-4,-4), (-4,-4), (-4,-4)]
Turtle 5 :[(-5,-5), (11,41), (10,41), (9,41), (8,41), (7,41), (7,40), (-5,-5), (-5,-5), (-5,-5)]

Shrinking Run 126
#Info# Executed steps before collision: 8, Found collision: false
Turtle 1 :[(-1,-1), (6,28), (5,28), (4,28), (4,27), (3,27), (2,27), (-1,-1), (-1,-1)]
Turtle 2 :[(-2,-2), (5,29), (4,29), (3,29), (3,28), (3,29), (2,29), (2,28), (2,27)]
Turtle 3 :[(-3,-3), (19,22), (19,21), (18,21), (17,21), (16,21), (15,21), (-3,-3), (-3,-3)]
Turtle 4 :[(-4,-4), (45,47), (44,47), (43,47), (43,46), (43,45), (42,45), (-4,-4), (-4,-4)]
Turtle 5 :[(-5,-5), (11,41), (10,41), (10,40), (9,40), (8,40), (7,40), (-5,-5), (-5,-5)]

Shrinking Run 127
#Info# Executed steps before collision: 8, Found collision: false
Turtle 1 :[(-1,-1), (6,28), (5,28), (4,28), (4,27), (3,27), (2,27), (-1,-1), (-1,-1)]
Turtle 2 :[(-2,-2), (5,29), (4,29), (3,29), (3,28), (3,29), (3,28), (2,28), (2,27)]
Turtle 3 :[(-3,-3), (19,22), (19,21), (18,21), (17,21), (16,21), (15,21), (-3,-3), (-3,-3)]
Turtle 4 :[(-4,-4), (45,47), (44,47), (43,47), (43,46), (43,45), (42,45), (-4,-4), (-4,-4)]
Turtle 5 :[(-5,-5), (11,41), (10,41), (9,41), (9,40), (8,40), (8,39), (-5,-5), (-5,-5)]

Shrinking Run 128
#Info# Executed steps before collision: 7, Found collision: false
Turtle 1 :[(-1,-1), (6,28), (5,28), (4,28), (3,28), (2,28), (1,28), (-1,-1)]
Turtle 2 :[(-2,-2), (5,29), (4,29), (3,29), (3,29), (2,29), (2,28), (2,27)]
Turtle 3 :[(-3,-3), (19,22), (19,21), (18,21), (17,21), (16,21), (15,21), (-3,-3)]
Turtle 4 :[(-4,-4), (45,47), (44,47), (43,47), (43,46), (43,45), (42,45), (-4,-4)]
Turtle 5 :[(-5,-5), (11,41), (10,41), (10,40), (9,40), (8,40), (8,39), (-5,-5)]

Shrinking Run 129
#Info# Executed steps before collision: 8, Found collision: false
Turtle 1 :[(-1,-1), (6,28), (5,28), (5,27), (4,27), (3,27), (3,26), (-1,-1), (-1,-1)]
Turtle 2 :[(-2,-2), (5,29), (4,29), (3,29), (3,28), (4,28), (3,28), (2,28), (2,27)]
Turtle 3 :[(-3,-3), (19,22), (19,21), (18,21), (17,21), (16,21), (15,21), (-3,-3), (-3,-3)]
Turtle 4 :[(-4,-4), (45,47), (44,47), (43,47), (43,46), (43,45), (42,45), (-4,-4), (-4,-4)]
Turtle 5 :[(-5,-5), (11,41), (10,41), (10,40), (9,40), (8,40), (8,39), (-5,-5), (-5,-5)]

Shrinking Run 130
#Info# Executed steps before collision: 9, Found collision: false
Turtle 1 :[(-1,-1), (6,28), (5,28), (4,28), (3,28), (3,27), (2,27), (-1,-1), (-1,-1), (-1,-1)]
Turtle 2 :[(-2,-2), (5,29), (4,29), (3,29), (3,29), (3,30), (3,29), (3,28), (2,28), (2,27)]
Turtle 3 :[(-3,-3), (19,22), (19,21), (18,21), (17,21), (16,21), (15,21), (-3,-3), (-3,-3), (-3,-3)]
Turtle 4 :[(-4,-4), (45,47), (44,47), (43,47), (43,46), (43,45), (42,45), (-4,-4), (-4,-4), (-4,-4)]
Turtle 5 :[(-5,-5), (11,41), (10,41), (10,40), (9,40), (8,40), (8,39), (-5,-5), (-5,-5), (-5,-5)]

Shrinking Run 131
#Info# Executed steps before collision: 8, Found collision: false
Turtle 1 :[(-1,-1), (6,28), (5,28), (5,27), (4,27), (3,27), (2,27), (-1,-1), (-1,-1)]
Turtle 2 :[(-2,-2), (5,29), (4,29), (3,29), (3,28), (2,28), (3,28), (2,28), (2,27)]
Turtle 3 :[(-3,-3), (19,22), (19,21), (18,21), (17,21), (16,21), (15,21), (-3,-3), (-3,-3)]
Turtle 4 :[(-4,-4), (45,47), (44,47), (43,47), (43,46), (43,45), (42,45), (-4,-4), (-4,-4)]
Turtle 5 :[(-5,-5), (11,41), (10,41), (10,40), (9,40), (8,40), (8,39), (-5,-5), (-5,-5)]

Shrinking Run 132
#Info# Executed steps before collision: 6, Found collision: false
Turtle 1 :[(-1,-1), (6,28), (5,28), (4,28), (4,27), (3,27), (2,27)]
Turtle 2 :[(-2,-2), (5,29), (4,29), (3,29), (2,29), (2,28), (1,28)]
Turtle 3 :[(-3,-3), (19,22), (19,21), (18,21), (17,21), (16,21), (15,21)]
Turtle 4 :[(-4,-4), (45,47), (44,47), (43,47), (43,46), (43,45), (42,45)]
Turtle 5 :[(-5,-5), (11,41), (10,41), (10,40), (9,40), (8,40), (8,39)]

Shrinking Run 133
#Info# Executed steps before collision: 2, Found collision: true
Turtle 1 :[(-1,-1), (6,28), (5,28), (4,28), (4,27), (3,27), (2,27), (-1,-1), (-1,-1)]
Turtle 2 :[(-2,-2), (5,29), (5,28), (5,29), (4,29), (4,28), (4,27), (3,27), (2,27)]
Turtle 3 :[(-3,-3), (19,22), (19,21), (18,21), (17,21), (16,21), (15,21), (-3,-3), (-3,-3)]
Turtle 4 :[(-4,-4), (45,47), (44,47), (43,47), (43,46), (43,45), (42,45), (-4,-4), (-4,-4)]
Turtle 5 :[(-5,-5), (11,41), (10,41), (10,40), (9,40), (8,40), (8,39), (-5,-5), (-5,-5)]

Shrinking Run 134
#Info# Executed steps before collision: 8, Found collision: false
Turtle 1 :[(-1,-1), (6,28), (5,28), (4,28), (4,27), (3,27), (2,27), (-1,-1), (-1,-1)]
Turtle 2 :[(-2,-2), (5,29), (6,29), (6,28), (5,28), (4,28), (3,28), (3,27), (2,27)]
Turtle 3 :[(-3,-3), (19,22), (19,21), (18,21), (17,21), (16,21), (15,21), (-3,-3), (-3,-3)]
Turtle 4 :[(-4,-4), (45,47), (44,47), (43,47), (43,46), (43,45), (42,45), (-4,-4), (-4,-4)]
Turtle 5 :[(-5,-5), (11,41), (10,41), (10,40), (9,40), (8,40), (8,39), (-5,-5), (-5,-5)]

Shrinking Run 135
#Info# Executed steps before collision: 9, Found collision: false
Turtle 1 :[(-1,-1), (6,28), (5,28), (4,28), (4,27), (3,27), (2,27), (-1,-1), (-1,-1), (-1,-1)]
Turtle 2 :[(-2,-2), (5,29), (4,29), (3,29), (3,28), (3,28), (2,28), (2,29), (2,28), (2,27)]
Turtle 3 :[(-3,-3), (19,22), (19,21), (18,21), (17,21), (16,21), (15,21), (-3,-3), (-3,-3), (-3,-3)]
Turtle 4 :[(-4,-4), (45,47), (44,47), (43,47), (43,46), (43,45), (42,45), (-4,-4), (-4,-4), (-4,-4)]
Turtle 5 :[(-5,-5), (11,41), (10,41), (10,40), (9,40), (8,40), (8,39), (-5,-5), (-5,-5), (-5,-5)]

Shrinking Run 136
#Info# Executed steps before collision: 8, Found collision: false
Turtle 1 :[(-1,-1), (6,28), (5,28), (4,28), (4,27), (3,27), (2,27), (-1,-1), (-1,-1)]
Turtle 2 :[(-2,-2), (5,29), (6,29), (5,29), (4,29), (3,29), (3,28), (2,28), (2,27)]
Turtle 3 :[(-3,-3), (19,22), (18,22), (17,22), (17,21), (16,21), (15,21), (-3,-3), (-3,-3)]
Turtle 4 :[(-4,-4), (45,47), (44,47), (43,47), (43,46), (43,45), (42,45), (-4,-4), (-4,-4)]
Turtle 5 :[(-5,-5), (11,41), (10,41), (10,40), (9,40), (8,40), (8,39), (-5,-5), (-5,-5)]

Shrinking Run 137
#Info# Executed steps before collision: 8, Found collision: false
Turtle 1 :[(-1,-1), (6,28), (5,28), (4,28), (4,27), (3,27), (2,27), (-1,-1), (-1,-1)]
Turtle 2 :[(-2,-2), (5,29), (5,30), (5,29), (5,28), (4,28), (3,28), (2,28), (2,27)]
Turtle 3 :[(-3,-3), (19,22), (19,21), (18,21), (17,21), (16,21), (15,21), (-3,-3), (-3,-3)]
Turtle 4 :[(-4,-4), (45,47), (44,47), (43,47), (42,47), (42,48), (41,48), (-4,-4), (-4,-4)]
Turtle 5 :[(-5,-5), (11,41), (10,41), (10,40), (9,40), (8,40), (8,39), (-5,-5), (-5,-5)]

Shrinking Run 138
#Info# Executed steps before collision: 3, Found collision: true
Turtle 1 :[(-1,-1), (6,28), (5,28), (4,28), (4,27), (3,27), (2,27), (-1,-1), (-1,-1)]
Turtle 2 :[(-2,-2), (5,29), (4,29), (4,28), (3,28), (2,28), (1,28), (1,27), (2,27)]
Turtle 3 :[(-3,-3), (19,22), (19,21), (18,21), (17,21), (16,21), (15,21), (-3,-3), (-3,-3)]
Turtle 4 :[(-4,-4), (45,47), (44,47), (44,46), (44,45), (43,45), (42,45), (-4,-4), (-4,-4)]
Turtle 5 :[(-5,-5), (11,41), (10,41), (10,40), (9,40), (8,40), (8,39), (-5,-5), (-5,-5)]

Shrinking Run 139
#Info# Executed steps before collision: 8, Found collision: false
Turtle 1 :[(-1,-1), (6,28), (5,28), (4,28), (4,27), (3,27), (2,27), (-1,-1), (-1,-1)]
Turtle 2 :[(-2,-2), (5,29), (5,30), (4,30), (4,29), (3,29), (2,29), (2,28), (2,27)]
Turtle 3 :[(-3,-3), (19,22), (19,21), (18,21), (17,21), (16,21), (15,21), (-3,-3), (-3,-3)]
Turtle 4 :[(-4,-4), (45,47), (44,47), (43,47), (43,46), (42,46), (42,45), (-4,-4), (-4,-4)]
Turtle 5 :[(-5,-5), (11,41), (10,41), (10,40), (9,40), (8,40), (8,39), (-5,-5), (-5,-5)]

Shrinking Run 140
#Info# Executed steps before collision: 8, Found collision: false
Turtle 1 :[(-1,-1), (6,28), (5,28), (4,28), (4,27), (3,27), (2,27), (-1,-1), (-1,-1)]
Turtle 2 :[(-2,-2), (5,29), (5,30), (4,30), (3,30), (2,30), (2,29), (2,28), (2,27)]
Turtle 3 :[(-3,-3), (19,22), (19,21), (18,21), (17,21), (16,21), (15,21), (-3,-3), (-3,-3)]
Turtle 4 :[(-4,-4), (45,47), (44,47), (44,46), (43,46), (42,46), (42,45), (-4,-4), (-4,-4)]
Turtle 5 :[(-5,-5), (11,41), (10,41), (10,40), (9,40), (8,40), (8,39), (-5,-5), (-5,-5)]

Shrinking Run 141
#Info# Executed steps before collision: 9, Found collision: false
Turtle 1 :[(-1,-1), (6,28), (5,28), (4,28), (4,27), (3,27), (2,27), (-1,-1), (-1,-1), (-1,-1)]
Turtle 2 :[(-2,-2), (5,29), (5,29), (5,30), (5,29), (5,28), (4,28), (3,28), (3,27), (2,27)]
Turtle 3 :[(-3,-3), (19,22), (19,21), (18,21), (17,21), (16,21), (15,21), (-3,-3), (-3,-3), (-3,-3)]
Turtle 4 :[(-4,-4), (45,47), (44,47), (43,47), (43,46), (43,45), (42,45), (-4,-4), (-4,-4), (-4,-4)]
Turtle 5 :[(-5,-5), (11,41), (10,41), (9,41), (8,41), (7,41), (7,40), (-5,-5), (-5,-5), (-5,-5)]

Shrinking Run 142
#Info# Executed steps before collision: 8, Found collision: false
Turtle 1 :[(-1,-1), (6,28), (5,28), (4,28), (4,27), (3,27), (2,27), (-1,-1), (-1,-1)]
Turtle 2 :[(-2,-2), (5,29), (6,29), (6,28), (6,27), (5,27), (4,27), (3,27), (2,27)]
Turtle 3 :[(-3,-3), (19,22), (19,21), (18,21), (17,21), (16,21), (15,21), (-3,-3), (-3,-3)]
Turtle 4 :[(-4,-4), (45,47), (44,47), (43,47), (43,46), (43,45), (42,45), (-4,-4), (-4,-4)]
Turtle 5 :[(-5,-5), (11,41), (10,41), (10,40), (9,40), (8,40), (7,40), (-5,-5), (-5,-5)]

Shrinking Run 143
#Info# Executed steps before collision: 8, Found collision: false
Turtle 1 :[(-1,-1), (6,28), (5,28), (4,28), (4,27), (3,27), (2,27), (-1,-1), (-1,-1)]
Turtle 2 :[(-2,-2), (5,29), (4,29), (3,29), (2,29), (2,28), (2,29), (2,28), (2,27)]
Turtle 3 :[(-3,-3), (19,22), (19,21), (18,21), (17,21), (16,21), (15,21), (-3,-3), (-3,-3)]
Turtle 4 :[(-4,-4), (45,47), (44,47), (43,47), (43,46), (43,45), (42,45), (-4,-4), (-4,-4)]
Turtle 5 :[(-5,-5), (11,41), (10,41), (9,41), (9,40), (8,40), (8,39), (-5,-5), (-5,-5)]

Shrinking Run 144
#Info# Executed steps before collision: 8, Found collision: false
Turtle 1 :[(-1,-1), (6,28), (5,28), (4,28), (3,28), (2,28), (1,28), (-1,-1), (-1,-1)]
Turtle 2 :[(-2,-2), (5,29), (4,29), (3,29), (2,29), (2,30), (2,29), (2,28), (2,27)]
Turtle 3 :[(-3,-3), (19,22), (19,21), (18,21), (17,21), (16,21), (15,21), (-3,-3), (-3,-3)]
Turtle 4 :[(-4,-4), (45,47), (44,47), (43,47), (43,46), (43,45), (42,45), (-4,-4), (-4,-4)]
Turtle 5 :[(-5,-5), (11,41), (10,41), (10,40), (9,40), (8,40), (8,39), (-5,-5), (-5,-5)]

Shrinking Run 145
#Info# Executed steps before collision: 6, Found collision: false
Turtle 1 :[(-1,-1), (6,28), (5,28), (5,27), (4,27), (3,27), (3,26)]
Turtle 2 :[(-2,-2), (5,29), (4,29), (3,29), (2,29), (2,28), (2,27)]
Turtle 3 :[(-3,-3), (19,22), (19,21), (18,21), (17,21), (16,21), (15,21)]
Turtle 4 :[(-4,-4), (45,47), (44,47), (43,47), (43,46), (43,45), (42,45)]
Turtle 5 :[(-5,-5), (11,41), (10,41), (10,40), (9,40), (8,40), (8,39)]

Shrinking Run 146
#Info# Executed steps before collision: 4, Found collision: true
Turtle 1 :[(-1,-1), (6,28), (5,28), (4,28), (3,28), (3,27), (2,27), (-1,-1), (-1,-1)]
Turtle 2 :[(-2,-2), (5,29), (4,29), (3,29), (3,28), (3,29), (3,28), (2,28), (2,27)]
Turtle 3 :[(-3,-3), (19,22), (19,21), (18,21), (17,21), (16,21), (15,21), (-3,-3), (-3,-3)]
Turtle 4 :[(-4,-4), (45,47), (44,47), (43,47), (43,46), (43,45), (42,45), (-4,-4), (-4,-4)]
Turtle 5 :[(-5,-5), (11,41), (10,41), (10,40), (9,40), (8,40), (8,39), (-5,-5), (-5,-5)]

Shrink Run 147
#Info# Executed steps before collision: 2, Found collision: true
Turtle 1 :[(-1,-1), (6,28), (5,28), (4,28), (4,27), (3,27), (2,27), (-1,-1), (-1,-1)]
Turtle 2 :[(-2,-2), (5,29), (5,28), (4,28), (5,28), (4,28), (3,28), (3,27), (2,27)]
Turtle 3 :[(-3,-3), (19,22), (19,21), (18,21), (17,21), (16,21), (15,21), (-3,-3), (-3,-3)]
Turtle 4 :[(-4,-4), (45,47), (44,47), (43,47), (43,46), (43,45), (42,45), (-4,-4), (-4,-4)]
Turtle 5 :[(-5,-5), (11,41), (10,41), (10,40), (9,40), (8,40), (8,39), (-5,-5), (-5,-5)]

