Shrinking Run 1
#Info# Executed steps before collision: 11, Found collision: false
Turtle 1 :[(-1,-1), (2,22), (2,23), (2,23), (1,23), (1,24), (1,25), (0,25), (-1,-1), (-1,-1), (-1,-1), (-1,-1)]
Turtle 2 :[(-2,-2), (2,24), (2,24), (3,24), (3,23), (3,22), (2,22), (2,21), (-2,-2), (-2,-2), (-2,-2), (-2,-2)]
Turtle 3 :[(-3,-3), (28,35), (28,35), (28,34), (28,34), (28,33), (-3,-3), (-3,-3), (-3,-3), (-3,-3), (-3,-3), (-3,-3)]
Turtle 4 :[(-4,-4), (28,32), (28,32), (27,32), (27,32), (26,32), (26,32), (26,33), (25,33), (25,33), (25,33), (24,33)]
Turtle 5 :[(-5,-5), (1,15), (0,15), (0,15), (0,15), (1,15), (1,15), (1,14), (-5,-5), (-5,-5), (-5,-5), (-5,-5)]

Shrinking Run 2
#Info# Executed steps before collision: 11, Found collision: false
Turtle 1 :[(-1,-1), (2,22), (2,21), (2,21), (2,20), (2,19), (2,18), (1,18), (-1,-1), (-1,-1), (-1,-1), (-1,-1)]
Turtle 2 :[(-2,-2), (2,24), (2,24), (2,23), (2,23), (2,22), (2,21), (-2,-2), (-2,-2), (-2,-2), (-2,-2), (-2,-2)]
Turtle 3 :[(-3,-3), (28,35), (28,35), (28,34), (28,34), (28,33), (-3,-3), (-3,-3), (-3,-3), (-3,-3), (-3,-3), (-3,-3)]
Turtle 4 :[(-4,-4), (28,32), (28,32), (27,32), (27,32), (26,32), (26,32), (26,33), (25,33), (25,33), (25,33), (24,33)]
Turtle 5 :[(-5,-5), (1,15), (0,15), (0,15), (0,15), (1,15), (1,15), (1,14), (-5,-5), (-5,-5), (-5,-5), (-5,-5)]

Shrinking Run 3
#Info# Executed steps before collision: 11, Found collision: false
Turtle 1 :[(-1,-1), (2,22), (2,21), (2,21), (2,21), (2,20), (2,20), (2,19), (1,19), (-1,-1), (-1,-1), (-1,-1)]
Turtle 2 :[(-2,-2), (2,24), (2,24), (2,23), (2,23), (2,22), (2,21), (-2,-2), (-2,-2), (-2,-2), (-2,-2), (-2,-2)]
Turtle 3 :[(-3,-3), (28,35), (28,35), (28,34), (28,34), (28,33), (-3,-3), (-3,-3), (-3,-3), (-3,-3), (-3,-3), (-3,-3)]
Turtle 4 :[(-4,-4), (28,32), (28,32), (27,32), (27,32), (26,32), (26,32), (26,33), (25,33), (25,33), (25,33), (24,33)]
Turtle 5 :[(-5,-5), (1,15), (0,15), (0,15), (0,15), (1,15), (1,15), (1,14), (-5,-5), (-5,-5), (-5,-5), (-5,-5)]

Shrinking Run 4
#Info# Executed steps before collision: 11, Found collision: false
Turtle 1 :[(-1,-1), (2,22), (2,22), (2,21), (2,22), (2,22), (2,22), (2,23), (1,23), (-1,-1), (-1,-1), (-1,-1)]
Turtle 2 :[(-2,-2), (2,24), (2,24), (2,23), (2,23), (2,24), (2,23), (2,22), (2,21), (-2,-2), (-2,-2), (-2,-2)]
Turtle 3 :[(-3,-3), (28,35), (28,35), (28,34), (28,34), (28,33), (-3,-3), (-3,-3), (-3,-3), (-3,-3), (-3,-3), (-3,-3)]
Turtle 4 :[(-4,-4), (28,32), (28,32), (27,32), (27,32), (26,32), (26,32), (26,33), (25,33), (25,33), (25,33), (24,33)]
Turtle 5 :[(-5,-5), (1,15), (0,15), (0,15), (0,15), (1,15), (1,15), (1,14), (-5,-5), (-5,-5), (-5,-5), (-5,-5)]

Shrinking Run 5
#Info# Executed steps before collision: 11, Found collision: false
Turtle 1 :[(-1,-1), (2,22), (2,23), (2,23), (2,23), (2,23), (2,24), (1,24), (-1,-1), (-1,-1), (-1,-1), (-1,-1)]
Turtle 2 :[(-2,-2), (2,24), (2,24), (1,24), (1,23), (1,22), (2,22), (2,21), (-2,-2), (-2,-2), (-2,-2), (-2,-2)]
Turtle 3 :[(-3,-3), (28,35), (28,35), (28,34), (28,34), (28,33), (-3,-3), (-3,-3), (-3,-3), (-3,-3), (-3,-3), (-3,-3)]
Turtle 4 :[(-4,-4), (28,32), (28,32), (27,32), (27,32), (26,32), (26,32), (26,33), (25,33), (25,33), (25,33), (24,33)]
Turtle 5 :[(-5,-5), (1,15), (0,15), (0,15), (0,15), (1,15), (1,15), (1,14), (-5,-5), (-5,-5), (-5,-5), (-5,-5)]

Shrinking Run 6
#Info# Executed steps before collision: 11, Found collision: false
Turtle 1 :[(-1,-1), (2,22), (2,23), (2,23), (2,23), (1,23), (1,24), (1,25), (-1,-1), (-1,-1), (-1,-1), (-1,-1)]
Turtle 2 :[(-2,-2), (2,24), (2,24), (2,25), (2,24), (2,24), (2,23), (2,22), (2,21), (-2,-2), (-2,-2), (-2,-2)]
Turtle 3 :[(-3,-3), (28,35), (28,35), (28,34), (28,34), (28,33), (-3,-3), (-3,-3), (-3,-3), (-3,-3), (-3,-3), (-3,-3)]
Turtle 4 :[(-4,-4), (28,32), (28,32), (27,32), (27,32), (26,32), (26,32), (26,33), (25,33), (25,33), (25,33), (24,33)]
Turtle 5 :[(-5,-5), (1,15), (0,15), (0,15), (0,15), (1,15), (1,15), (1,14), (-5,-5), (-5,-5), (-5,-5), (-5,-5)]

Shrinking Run 7
#Info# Executed steps before collision: 11, Found collision: false
Turtle 1 :[(-1,-1), (2,22), (1,22), (1,22), (1,22), (1,23), (1,23), (1,24), (1,25), (-1,-1), (-1,-1), (-1,-1)]
Turtle 2 :[(-2,-2), (2,24), (2,24), (2,23), (2,23), (2,22), (2,21), (-2,-2), (-2,-2), (-2,-2), (-2,-2), (-2,-2)]
Turtle 3 :[(-3,-3), (28,35), (28,35), (28,34), (28,34), (28,33), (-3,-3), (-3,-3), (-3,-3), (-3,-3), (-3,-3), (-3,-3)]
Turtle 4 :[(-4,-4), (28,32), (28,32), (27,32), (27,32), (26,32), (26,32), (26,33), (25,33), (25,33), (25,33), (24,33)]
Turtle 5 :[(-5,-5), (1,15), (0,15), (0,15), (0,15), (1,15), (1,15), (1,14), (-5,-5), (-5,-5), (-5,-5), (-5,-5)]

Shrinking Run 8
#Info# Executed steps before collision: 11, Found collision: false
Turtle 1 :[(-1,-1), (2,22), (2,23), (2,23), (2,23), (1,23), (1,23), (1,24), (1,25), (-1,-1), (-1,-1), (-1,-1)]
Turtle 2 :[(-2,-2), (2,24), (2,24), (2,25), (2,24), (2,24), (2,23), (2,22), (2,21), (-2,-2), (-2,-2), (-2,-2)]
Turtle 3 :[(-3,-3), (28,35), (28,35), (28,34), (28,34), (28,33), (-3,-3), (-3,-3), (-3,-3), (-3,-3), (-3,-3), (-3,-3)]
Turtle 4 :[(-4,-4), (28,32), (28,32), (27,32), (27,32), (26,32), (26,32), (26,33), (25,33), (25,33), (25,33), (24,33)]
Turtle 5 :[(-5,-5), (1,15), (0,15), (0,15), (0,15), (1,15), (1,15), (1,14), (-5,-5), (-5,-5), (-5,-5), (-5,-5)]

Shrinking Run 9
#Info# Executed steps before collision: 11, Found collision: false
Turtle 1 :[(-1,-1), (2,22), (2,23), (2,22), (2,23), (1,23), (1,23), (1,24), (1,25), (-1,-1), (-1,-1), (-1,-1)]
Turtle 2 :[(-2,-2), (2,24), (2,24), (2,25), (2,24), (1,24), (2,24), (2,23), (2,22), (2,21), (-2,-2), (-2,-2)]
Turtle 3 :[(-3,-3), (28,35), (28,35), (28,34), (28,34), (28,33), (-3,-3), (-3,-3), (-3,-3), (-3,-3), (-3,-3), (-3,-3)]
Turtle 4 :[(-4,-4), (28,32), (28,32), (27,32), (27,32), (26,32), (26,32), (26,33), (25,33), (25,33), (25,33), (24,33)]
Turtle 5 :[(-5,-5), (1,15), (0,15), (0,15), (0,15), (1,15), (1,15), (1,14), (-5,-5), (-5,-5), (-5,-5), (-5,-5)]

Shrinking Run 10
#Info# Executed steps before collision: 11, Found collision: false
Turtle 1 :[(-1,-1), (2,22), (2,23), (2,23), (3,23), (3,24), (3,25), (2,25), (1,25), (-1,-1), (-1,-1), (-1,-1)]
Turtle 2 :[(-2,-2), (2,24), (2,24), (2,24), (1,24), (2,24), (2,23), (2,22), (2,21), (-2,-2), (-2,-2), (-2,-2)]
Turtle 3 :[(-3,-3), (28,35), (28,35), (28,34), (28,34), (28,33), (-3,-3), (-3,-3), (-3,-3), (-3,-3), (-3,-3), (-3,-3)]
Turtle 4 :[(-4,-4), (28,32), (28,32), (27,32), (27,32), (26,32), (26,32), (26,33), (25,33), (25,33), (25,33), (24,33)]
Turtle 5 :[(-5,-5), (1,15), (0,15), (0,15), (0,15), (1,15), (1,15), (1,14), (-5,-5), (-5,-5), (-5,-5), (-5,-5)]

Shrinking Run 11
#Info# Executed steps before collision: 11, Found collision: false
Turtle 1 :[(-1,-1), (2,22), (2,23), (2,23), (2,23), (2,24), (2,25), (1,25), (-1,-1), (-1,-1), (-1,-1), (-1,-1)]
Turtle 2 :[(-2,-2), (2,24), (1,24), (1,23), (1,22), (2,22), (2,21), (-2,-2), (-2,-2), (-2,-2), (-2,-2), (-2,-2)]
Turtle 3 :[(-3,-3), (28,35), (28,35), (28,34), (28,34), (28,33), (-3,-3), (-3,-3), (-3,-3), (-3,-3), (-3,-3), (-3,-3)]
Turtle 4 :[(-4,-4), (28,32), (28,32), (27,32), (27,32), (26,32), (26,32), (26,33), (25,33), (25,33), (25,33), (24,33)]
Turtle 5 :[(-5,-5), (1,15), (0,15), (0,15), (0,15), (1,15), (1,15), (1,14), (-5,-5), (-5,-5), (-5,-5), (-5,-5)]

Shrinking Run 12
#Info# Executed steps before collision: 11, Found collision: false
Turtle 1 :[(-1,-1), (2,22), (2,23), (2,24), (2,25), (1,25), (-1,-1), (-1,-1), (-1,-1), (-1,-1), (-1,-1), (-1,-1)]
Turtle 2 :[(-2,-2), (2,24), (2,24), (1,24), (1,23), (2,23), (2,22), (2,21), (-2,-2), (-2,-2), (-2,-2), (-2,-2)]
Turtle 3 :[(-3,-3), (28,35), (28,35), (28,34), (28,34), (28,33), (-3,-3), (-3,-3), (-3,-3), (-3,-3), (-3,-3), (-3,-3)]
Turtle 4 :[(-4,-4), (28,32), (28,32), (27,32), (27,32), (26,32), (26,32), (26,33), (25,33), (25,33), (25,33), (24,33)]
Turtle 5 :[(-5,-5), (1,15), (0,15), (0,15), (0,15), (1,15), (1,15), (1,14), (-5,-5), (-5,-5), (-5,-5), (-5,-5)]

Shrinking Run 13
#Info# Executed steps before collision: 11, Found collision: false
Turtle 1 :[(-1,-1), (2,22), (2,23), (2,23), (3,23), (3,24), (2,24), (1,24), (1,25), (-1,-1), (-1,-1), (-1,-1)]
Turtle 2 :[(-2,-2), (2,24), (2,24), (2,24), (2,24), (2,23), (2,23), (2,22), (2,21), (-2,-2), (-2,-2), (-2,-2)]
Turtle 3 :[(-3,-3), (28,35), (28,35), (28,34), (28,34), (28,33), (-3,-3), (-3,-3), (-3,-3), (-3,-3), (-3,-3), (-3,-3)]
Turtle 4 :[(-4,-4), (28,32), (28,32), (27,32), (27,32), (26,32), (26,32), (26,33), (25,33), (25,33), (25,33), (24,33)]
Turtle 5 :[(-5,-5), (1,15), (0,15), (0,15), (0,15), (1,15), (1,15), (1,14), (-5,-5), (-5,-5), (-5,-5), (-5,-5)]

Shrinking Run 14
#Info# Executed steps before collision: 11, Found collision: false
Turtle 1 :[(-1,-1), (2,22), (2,23), (2,23), (2,23), (2,24), (2,25), (2,25), (1,25), (-1,-1), (-1,-1), (-1,-1)]
Turtle 2 :[(-2,-2), (2,24), (2,24), (3,24), (3,23), (3,22), (3,21), (2,21), (-2,-2), (-2,-2), (-2,-2), (-2,-2)]
Turtle 3 :[(-3,-3), (28,35), (28,35), (28,34), (28,34), (28,33), (-3,-3), (-3,-3), (-3,-3), (-3,-3), (-3,-3), (-3,-3)]
Turtle 4 :[(-4,-4), (28,32), (28,32), (27,32), (27,32), (26,32), (26,32), (26,33), (25,33), (25,33), (25,33), (24,33)]
Turtle 5 :[(-5,-5), (1,15), (0,15), (0,15), (0,15), (1,15), (1,15), (1,14), (-5,-5), (-5,-5), (-5,-5), (-5,-5)]

Shrinking Run 15
#Info# Executed steps before collision: 11, Found collision: false
Turtle 1 :[(-1,-1), (2,22), (2,23), (2,23), (2,23), (2,24), (2,24), (2,25), (1,25), (-1,-1), (-1,-1), (-1,-1)]
Turtle 2 :[(-2,-2), (2,24), (2,24), (3,24), (3,23), (3,22), (2,22), (1,22), (0,22), (0,21), (-2,-2), (-2,-2)]
Turtle 3 :[(-3,-3), (28,35), (28,35), (28,34), (28,34), (28,33), (-3,-3), (-3,-3), (-3,-3), (-3,-3), (-3,-3), (-3,-3)]
Turtle 4 :[(-4,-4), (28,32), (28,32), (27,32), (27,32), (26,32), (26,32), (26,33), (25,33), (25,33), (25,33), (24,33)]
Turtle 5 :[(-5,-5), (1,15), (0,15), (0,15), (0,15), (1,15), (1,15), (1,14), (-5,-5), (-5,-5), (-5,-5), (-5,-5)]

Shrinking Run 16
#Info# Executed steps before collision: 11, Found collision: false
Turtle 1 :[(-1,-1), (2,22), (2,23), (2,23), (2,23), (2,24), (2,24), (2,25), (1,25), (-1,-1), (-1,-1), (-1,-1)]
Turtle 2 :[(-2,-2), (2,24), (2,24), (1,24), (1,23), (1,22), (1,21), (-2,-2), (-2,-2), (-2,-2), (-2,-2), (-2,-2)]
Turtle 3 :[(-3,-3), (28,35), (28,35), (28,34), (28,34), (28,33), (-3,-3), (-3,-3), (-3,-3), (-3,-3), (-3,-3), (-3,-3)]
Turtle 4 :[(-4,-4), (28,32), (28,32), (27,32), (27,32), (26,32), (26,32), (26,33), (25,33), (25,33), (25,33), (24,33)]
Turtle 5 :[(-5,-5), (1,15), (0,15), (0,15), (0,15), (1,15), (1,15), (1,14), (-5,-5), (-5,-5), (-5,-5), (-5,-5)]

Shrinking Run 17
#Info# Executed steps before collision: 11, Found collision: false
Turtle 1 :[(-1,-1), (2,22), (2,23), (2,23), (2,23), (3,23), (2,23), (2,22), (1,22), (1,23), (1,24), (1,25)]
Turtle 2 :[(-2,-2), (2,24), (2,24), (2,25), (2,24), (3,24), (2,24), (2,23), (2,22), (2,21), (2,20), (2,19)]
Turtle 3 :[(-3,-3), (28,35), (28,35), (28,34), (28,34), (28,33), (-3,-3), (-3,-3), (-3,-3), (-3,-3), (-3,-3), (-3,-3)]
Turtle 4 :[(-4,-4), (28,32), (28,32), (27,32), (27,32), (26,32), (26,32), (26,33), (25,33), (25,33), (25,33), (24,33)]
Turtle 5 :[(-5,-5), (1,15), (0,15), (0,15), (0,15), (1,15), (1,15), (1,14), (-5,-5), (-5,-5), (-5,-5), (-5,-5)]

Shrinking Run 18
#Info# Executed steps before collision: 11, Found collision: false
Turtle 1 :[(-1,-1), (2,22), (2,23), (2,23), (2,23), (2,24), (2,24), (2,25), (1,25), (-1,-1), (-1,-1), (-1,-1)]
Turtle 2 :[(-2,-2), (2,24), (2,24), (1,24), (1,23), (1,22), (1,21), (1,20), (2,20), (-2,-2), (-2,-2), (-2,-2)]
Turtle 3 :[(-3,-3), (28,35), (28,35), (28,34), (28,34), (28,33), (-3,-3), (-3,-3), (-3,-3), (-3,-3), (-3,-3), (-3,-3)]
Turtle 4 :[(-4,-4), (28,32), (28,32), (27,32), (27,32), (26,32), (26,32), (26,33), (25,33), (25,33), (25,33), (24,33)]
Turtle 5 :[(-5,-5), (1,15), (0,15), (0,15), (0,15), (1,15), (1,15), (1,14), (-5,-5), (-5,-5), (-5,-5), (-5,-5)]

Shrinking Run 19
#Info# Executed steps before collision: 2, Found collision: true
Turtle 1 :[(-1,-1), (2,22), (2,23), (2,22), (2,23), (2,24), (1,24), (1,25), (-1,-1), (-1,-1), (-1,-1), (-1,-1)]
Turtle 2 :[(-2,-2), (2,24), (2,23), (1,23), (1,22), (1,21), (2,21), (-2,-2), (-2,-2), (-2,-2), (-2,-2), (-2,-2)]
Turtle 3 :[(-3,-3), (28,35), (28,35), (28,34), (28,34), (28,33), (-3,-3), (-3,-3), (-3,-3), (-3,-3), (-3,-3), (-3,-3)]
Turtle 4 :[(-4,-4), (28,32), (28,32), (27,32), (27,32), (26,32), (26,32), (26,33), (25,33), (25,33), (25,33), (24,33)]
Turtle 5 :[(-5,-5), (1,15), (0,15), (0,15), (0,15), (1,15), (1,15), (1,14), (-5,-5), (-5,-5), (-5,-5), (-5,-5)]

Shrinking Run 20
#Info# Executed steps before collision: 2, Found collision: true
Turtle 1 :[(-1,-1), (2,22), (2,23), (2,22), (2,23), (2,24), (1,24), (1,25), (-1,-1), (-1,-1), (-1,-1), (-1,-1)]
Turtle 2 :[(-2,-2), (2,24), (2,23), (3,23), (3,24), (3,23), (2,23), (2,22), (2,21), (-2,-2), (-2,-2), (-2,-2)]
Turtle 3 :[(-3,-3), (28,35), (27,35), (26,35), (26,35), (26,34), (25,34), (25,34), (24,34), (-3,-3), (-3,-3), (-3,-3)]
Turtle 4 :[(-4,-4), (28,32), (28,32), (27,32), (27,32), (26,32), (26,32), (26,33), (25,33), (25,33), (25,33), (24,33)]
Turtle 5 :[(-5,-5), (1,15), (0,15), (0,15), (0,15), (1,15), (1,15), (1,14), (-5,-5), (-5,-5), (-5,-5), (-5,-5)]

Shrinking Run 21
#Info# Executed steps before collision: 2, Found collision: true
Turtle 1 :[(-1,-1), (2,22), (2,23), (2,23), (2,23), (2,23), (2,24), (2,24), (2,25), (1,25), (-1,-1), (-1,-1), (-1,-1), (-1,-1)]
Turtle 2 :[(-2,-2), (2,24), (2,23), (2,22), (2,21), (-2,-2), (-2,-2), (-2,-2), (-2,-2), (-2,-2), (-2,-2), (-2,-2), (-2,-2), (-2,-2)]
Turtle 3 :[(-3,-3), (28,35), (27,35), (27,34), (27,34), (27,33), (26,33), (26,33), (26,32), (-3,-3), (-3,-3), (-3,-3), (-3,-3), (-3,-3)]
Turtle 4 :[(-4,-4), (28,32), (28,32), (27,32), (27,32), (26,32), (26,32), (26,31), (26,30), (26,31), (26,32), (25,32), (24,32), (24,33)]
Turtle 5 :[(-5,-5), (1,15), (0,15), (0,15), (0,15), (1,15), (1,15), (1,14), (-5,-5), (-5,-5), (-5,-5), (-5,-5), (-5,-5), (-5,-5)]

Shrinking Run 22
#Info# Executed steps before collision: 2, Found collision: true
Turtle 1 :[(-1,-1), (2,22), (2,23), (2,24), (1,24), (1,25), (-1,-1), (-1,-1), (-1,-1), (-1,-1), (-1,-1)]
Turtle 2 :[(-2,-2), (2,24), (2,23), (2,22), (2,21), (-2,-2), (-2,-2), (-2,-2), (-2,-2), (-2,-2), (-2,-2)]
Turtle 3 :[(-3,-3), (28,35), (28,34), (27,34), (27,34), (27,33), (26,33), (26,33), (27,33), (27,32), (26,32)]
Turtle 4 :[(-4,-4), (28,32), (28,32), (27,32), (27,32), (26,32), (26,32), (26,32), (26,33), (25,33), (24,33)]
Turtle 5 :[(-5,-5), (1,15), (0,15), (0,15), (0,15), (1,15), (1,15), (1,14), (-5,-5), (-5,-5), (-5,-5)]

Shrinking Run 23
#Info# Executed steps before collision: 2, Found collision: true
Turtle 1 :[(-1,-1), (2,22), (2,23), (3,23), (2,23), (2,24), (1,24), (1,25), (-1,-1), (-1,-1), (-1,-1), (-1,-1), (-1,-1)]
Turtle 2 :[(-2,-2), (2,24), (2,23), (2,22), (2,21), (-2,-2), (-2,-2), (-2,-2), (-2,-2), (-2,-2), (-2,-2), (-2,-2), (-2,-2)]
Turtle 3 :[(-3,-3), (28,35), (28,34), (27,34), (27,34), (26,34), (25,34), (25,34), (25,33), (-3,-3), (-3,-3), (-3,-3), (-3,-3)]
Turtle 4 :[(-4,-4), (28,32), (28,32), (27,32), (27,32), (26,32), (26,32), (26,33), (26,33), (26,32), (25,32), (25,33), (24,33)]
Turtle 5 :[(-5,-5), (1,15), (0,15), (0,15), (0,15), (1,15), (1,15), (1,14), (-5,-5), (-5,-5), (-5,-5), (-5,-5), (-5,-5)]

Shrinking Run 24
#Info# Executed steps before collision: 2, Found collision: true
Turtle 1 :[(-1,-1), (2,22), (2,23), (1,23), (1,24), (1,25), (-1,-1), (-1,-1), (-1,-1), (-1,-1), (-1,-1), (-1,-1)]
Turtle 2 :[(-2,-2), (2,24), (2,23), (2,22), (2,21), (-2,-2), (-2,-2), (-2,-2), (-2,-2), (-2,-2), (-2,-2), (-2,-2)]
Turtle 3 :[(-3,-3), (28,35), (27,35), (26,35), (26,35), (25,35), (24,35), (24,35), (24,34), (-3,-3), (-3,-3), (-3,-3)]
Turtle 4 :[(-4,-4), (28,32), (28,32), (27,32), (27,32), (26,32), (26,32), (26,33), (25,33), (25,33), (25,33), (24,33)]
Turtle 5 :[(-5,-5), (1,15), (0,15), (0,15), (0,15), (1,15), (1,15), (1,14), (-5,-5), (-5,-5), (-5,-5), (-5,-5)]

Shrinking Run 25
#Info# Executed steps before collision: 2, Found collision: true
Turtle 1 :[(-1,-1), (2,22), (2,23), (2,22), (2,23), (1,23), (1,24), (1,25), (-1,-1), (-1,-1), (-1,-1), (-1,-1)]
Turtle 2 :[(-2,-2), (2,24), (2,23), (2,24), (2,25), (2,24), (2,23), (2,22), (2,21), (-2,-2), (-2,-2), (-2,-2)]
Turtle 3 :[(-3,-3), (28,35), (27,35), (26,35), (26,35), (25,35), (24,35), (24,35), (23,35), (-3,-3), (-3,-3), (-3,-3)]
Turtle 4 :[(-4,-4), (28,32), (28,32), (27,32), (27,32), (26,32), (26,32), (26,33), (25,33), (25,33), (25,33), (24,33)]
Turtle 5 :[(-5,-5), (1,15), (0,15), (0,15), (0,15), (1,15), (1,15), (1,14), (-5,-5), (-5,-5), (-5,-5), (-5,-5)]

Shrinking Run 26
#Info# Executed steps before collision: 11, Found collision: false
Turtle 1 :[(-1,-1), (2,22), (2,23), (2,23), (2,23), (2,24), (2,24), (2,25), (1,25), (-1,-1), (-1,-1), (-1,-1)]
Turtle 2 :[(-2,-2), (2,24), (1,24), (1,23), (1,23), (0,23), (0,22), (1,22), (1,21), (2,21), (-2,-2), (-2,-2)]
Turtle 3 :[(-3,-3), (28,35), (27,35), (26,35), (25,35), (24,35), (23,35), (-3,-3), (-3,-3), (-3,-3), (-3,-3), (-3,-3)]
Turtle 4 :[(-4,-4), (28,32), (28,32), (27,32), (27,32), (26,32), (26,32), (26,33), (25,33), (25,33), (25,33), (24,33)]
Turtle 5 :[(-5,-5), (1,15), (0,15), (0,15), (0,15), (1,15), (1,15), (1,14), (-5,-5), (-5,-5), (-5,-5), (-5,-5)]

Shrinking Run 27
#Info# Executed steps before collision: 2, Found collision: true
Turtle 1 :[(-1,-1), (2,22), (2,23), (1,23), (1,24), (1,25), (-1,-1), (-1,-1), (-1,-1), (-1,-1), (-1,-1), (-1,-1)]
Turtle 2 :[(-2,-2), (2,24), (2,23), (2,22), (2,21), (-2,-2), (-2,-2), (-2,-2), (-2,-2), (-2,-2), (-2,-2), (-2,-2)]
Turtle 3 :[(-3,-3), (28,35), (27,35), (26,35), (26,35), (25,35), (24,35), (23,35), (-3,-3), (-3,-3), (-3,-3), (-3,-3)]
Turtle 4 :[(-4,-4), (28,32), (28,32), (27,32), (27,32), (26,32), (26,32), (26,33), (25,33), (25,33), (25,33), (24,33)]
Turtle 5 :[(-5,-5), (1,15), (0,15), (0,15), (0,15), (1,15), (1,15), (1,14), (-5,-5), (-5,-5), (-5,-5), (-5,-5)]

Shrinking Run 28
#Info# Executed steps before collision: 2, Found collision: true
Turtle 1 :[(-1,-1), (2,22), (2,23), (2,23), (2,23), (2,23), (2,24), (2,24), (2,25), (1,25), (-1,-1), (-1,-1)]
Turtle 2 :[(-2,-2), (2,24), (2,23), (2,22), (2,21), (-2,-2), (-2,-2), (-2,-2), (-2,-2), (-2,-2), (-2,-2), (-2,-2)]
Turtle 3 :[(-3,-3), (28,35), (27,35), (26,35), (25,35), (24,35), (24,35), (23,35), (-3,-3), (-3,-3), (-3,-3), (-3,-3)]
Turtle 4 :[(-4,-4), (28,32), (28,32), (27,32), (27,32), (26,32), (26,32), (26,33), (25,33), (25,33), (25,33), (24,33)]
Turtle 5 :[(-5,-5), (1,15), (0,15), (0,15), (0,15), (1,15), (1,15), (1,14), (-5,-5), (-5,-5), (-5,-5), (-5,-5)]

Shrinking Run 29
#Info# Executed steps before collision: 2, Found collision: true
Turtle 1 :[(-1,-1), (2,22), (2,23), (2,22), (1,22), (1,23), (1,24), (1,25), (-1,-1), (-1,-1), (-1,-1), (-1,-1)]
Turtle 2 :[(-2,-2), (2,24), (2,23), (2,24), (2,23), (2,22), (2,21), (-2,-2), (-2,-2), (-2,-2), (-2,-2), (-2,-2)]
Turtle 3 :[(-3,-3), (28,35), (27,35), (26,35), (25,35), (24,35), (24,35), (23,35), (-3,-3), (-3,-3), (-3,-3), (-3,-3)]
Turtle 4 :[(-4,-4), (28,32), (28,32), (28,31), (28,31), (27,31), (27,31), (27,30), (27,29), (27,29), (27,29), (27,28)]
Turtle 5 :[(-5,-5), (1,15), (0,15), (0,15), (0,15), (1,15), (1,15), (1,14), (-5,-5), (-5,-5), (-5,-5), (-5,-5)]

Shrinking Run 30
#Info# Executed steps before collision: 2, Found collision: true
Turtle 1 :[(-1,-1), (2,22), (2,23), (2,24), (2,25), (1,25), (-1,-1), (-1,-1), (-1,-1), (-1,-1), (-1,-1), (-1,-1)]
Turtle 2 :[(-2,-2), (2,24), (2,23), (2,22), (2,21), (-2,-2), (-2,-2), (-2,-2), (-2,-2), (-2,-2), (-2,-2), (-2,-2)]
Turtle 3 :[(-3,-3), (28,35), (27,35), (26,35), (25,35), (24,35), (24,35), (23,35), (-3,-3), (-3,-3), (-3,-3), (-3,-3)]
Turtle 4 :[(-4,-4), (28,32), (28,32), (28,31), (28,31), (27,31), (27,31), (27,30), (26,30), (26,30), (26,30), (26,29)]
Turtle 5 :[(-5,-5), (1,15), (0,15), (0,15), (0,15), (1,15), (1,15), (1,14), (-5,-5), (-5,-5), (-5,-5), (-5,-5)]

Shrinking Run 31
#Info# Executed steps before collision: 11, Found collision: false
Turtle 1 :[(-1,-1), (2,22), (2,23), (2,23), (2,23), (2,24), (2,24), (2,25), (1,25), (-1,-1), (-1,-1), (-1,-1)]
Turtle 2 :[(-2,-2), (2,24), (3,24), (3,23), (4,23), (3,23), (3,22), (3,21), (2,21), (-2,-2), (-2,-2), (-2,-2)]
Turtle 3 :[(-3,-3), (28,35), (27,35), (26,35), (25,35), (24,35), (24,35), (23,35), (-3,-3), (-3,-3), (-3,-3), (-3,-3)]
Turtle 4 :[(-4,-4), (28,32), (28,32), (28,31), (28,31), (27,31), (27,31), (26,31), (25,31), (25,31), (25,31), (25,30)]
Turtle 5 :[(-5,-5), (1,15), (0,15), (0,15), (0,15), (1,15), (1,15), (1,14), (-5,-5), (-5,-5), (-5,-5), (-5,-5)]

Shrinking Run 32
#Info# Executed steps before collision: 2, Found collision: true
Turtle 1 :[(-1,-1), (2,22), (2,23), (2,24), (2,25), (1,25), (-1,-1), (-1,-1), (-1,-1), (-1,-1), (-1,-1), (-1,-1)]
Turtle 2 :[(-2,-2), (2,24), (2,23), (2,22), (2,21), (-2,-2), (-2,-2), (-2,-2), (-2,-2), (-2,-2), (-2,-2), (-2,-2)]
Turtle 3 :[(-3,-3), (28,35), (27,35), (26,35), (25,35), (24,35), (24,35), (23,35), (-3,-3), (-3,-3), (-3,-3), (-3,-3)]
Turtle 4 :[(-4,-4), (28,32), (28,32), (27,32), (27,32), (26,32), (26,32), (26,31), (25,31), (25,31), (25,31), (25,30)]
Turtle 5 :[(-5,-5), (1,15), (0,15), (0,15), (0,15), (1,15), (1,15), (1,14), (-5,-5), (-5,-5), (-5,-5), (-5,-5)]

Shrinking Run 33
#Info# Executed steps before collision: 2, Found collision: true
Turtle 1 :[(-1,-1), (2,22), (2,23), (1,23), (1,24), (1,25), (-1,-1), (-1,-1), (-1,-1), (-1,-1), (-1,-1), (-1,-1)]
Turtle 2 :[(-2,-2), (2,24), (2,23), (2,22), (2,21), (-2,-2), (-2,-2), (-2,-2), (-2,-2), (-2,-2), (-2,-2), (-2,-2)]
Turtle 3 :[(-3,-3), (28,35), (27,35), (26,35), (25,35), (24,35), (24,35), (23,35), (-3,-3), (-3,-3), (-3,-3), (-3,-3)]
Turtle 4 :[(-4,-4), (28,32), (28,32), (27,32), (27,32), (26,32), (26,32), (26,31), (25,31), (25,31), (25,31), (24,31)]
Turtle 5 :[(-5,-5), (1,15), (0,15), (0,15), (0,15), (1,15), (1,15), (1,14), (-5,-5), (-5,-5), (-5,-5), (-5,-5)]

Shrinking Run 34
#Info# Executed steps before collision: 2, Found collision: true
Turtle 1 :[(-1,-1), (2,22), (2,23), (2,24), (1,24), (1,25), (-1,-1), (-1,-1)]
Turtle 2 :[(-2,-2), (2,24), (2,23), (2,22), (2,21), (-2,-2), (-2,-2), (-2,-2)]
Turtle 3 :[(-3,-3), (28,35), (27,35), (26,35), (25,35), (24,35), (24,35), (23,35)]
Turtle 4 :[(-4,-4), (28,32), (27,32), (27,31), (26,31), (25,31), (24,31), (-4,-4)]
Turtle 5 :[(-5,-5), (1,15), (0,15), (0,15), (0,15), (1,15), (1,15), (1,14)]

Shrinking Run 35
#Info# Executed steps before collision: 2, Found collision: true
Turtle 1 :[(-1,-1), (2,22), (2,23), (2,22), (2,23), (2,22), (2,23), (2,22), (2,22), (1,22), (1,23), (1,24), (1,25)]
Turtle 2 :[(-2,-2), (2,24), (2,23), (2,24), (2,24), (2,25), (2,24), (2,23), (2,23), (2,24), (2,23), (2,22), (2,21)]
Turtle 3 :[(-3,-3), (28,35), (27,35), (26,35), (25,35), (24,35), (24,35), (23,35), (-3,-3), (-3,-3), (-3,-3), (-3,-3), (-3,-3)]
Turtle 4 :[(-4,-4), (28,32), (27,32), (26,32), (25,32), (25,31), (24,31), (-4,-4), (-4,-4), (-4,-4), (-4,-4), (-4,-4), (-4,-4)]
Turtle 5 :[(-5,-5), (1,15), (0,15), (0,15), (0,15), (1,15), (1,15), (1,14), (-5,-5), (-5,-5), (-5,-5), (-5,-5), (-5,-5)]

Shrinking Run 36
#Info# Executed steps before collision: 2, Found collision: true
Turtle 1 :[(-1,-1), (2,22), (2,23), (2,24), (2,25), (1,25), (-1,-1), (-1,-1), (-1,-1), (-1,-1), (-1,-1), (-1,-1)]
Turtle 2 :[(-2,-2), (2,24), (2,23), (2,22), (2,21), (-2,-2), (-2,-2), (-2,-2), (-2,-2), (-2,-2), (-2,-2), (-2,-2)]
Turtle 3 :[(-3,-3), (28,35), (27,35), (26,35), (25,35), (24,35), (24,35), (23,35), (-3,-3), (-3,-3), (-3,-3), (-3,-3)]
Turtle 4 :[(-4,-4), (28,32), (27,32), (27,31), (26,31), (25,31), (24,31), (-4,-4), (-4,-4), (-4,-4), (-4,-4), (-4,-4)]
Turtle 5 :[(-5,-5), (1,15), (1,15), (1,15), (1,14), (1,14), (1,14), (1,14), (1,13), (0,13), (0,12), (0,11)]

Shrinking Run 37
#Info# Executed steps before collision: 2, Found collision: true
Turtle 1 :[(-1,-1), (2,22), (2,23), (3,23), (2,23), (1,23), (1,24), (1,25), (-1,-1), (-1,-1), (-1,-1), (-1,-1)]
Turtle 2 :[(-2,-2), (2,24), (2,23), (2,22), (2,21), (-2,-2), (-2,-2), (-2,-2), (-2,-2), (-2,-2), (-2,-2), (-2,-2)]
Turtle 3 :[(-3,-3), (28,35), (27,35), (26,35), (25,35), (24,35), (24,35), (23,35), (-3,-3), (-3,-3), (-3,-3), (-3,-3)]
Turtle 4 :[(-4,-4), (28,32), (27,32), (27,31), (26,31), (25,31), (24,31), (-4,-4), (-4,-4), (-4,-4), (-4,-4), (-4,-4)]
Turtle 5 :[(-5,-5), (1,15), (1,15), (1,15), (0,15), (0,15), (0,15), (0,15), (0,14), (0,13), (0,12), (0,11)]

Shrinking Run 38
#Info# Executed steps before collision: 2, Found collision: true
Turtle 1 :[(-1,-1), (2,22), (2,23), (2,24), (2,25), (1,25), (-1,-1), (-1,-1)]
Turtle 2 :[(-2,-2), (2,24), (2,23), (2,22), (2,21), (-2,-2), (-2,-2), (-2,-2)]
Turtle 3 :[(-3,-3), (28,35), (27,35), (26,35), (25,35), (24,35), (24,35), (23,35)]
Turtle 4 :[(-4,-4), (28,32), (27,32), (27,31), (26,31), (25,31), (24,31), (-4,-4)]
Turtle 5 :[(-5,-5), (1,15), (1,14), (1,13), (0,13), (0,12), (0,11), (-5,-5)]

Shrinking Run 39
#Info# Executed steps before collision: 2, Found collision: true
Turtle 1 :[(-1,-1), (2,22), (2,23), (2,22), (2,23), (2,24), (1,24), (1,25)]
Turtle 2 :[(-2,-2), (2,24), (2,23), (1,23), (1,22), (1,21), (2,21), (-2,-2)]
Turtle 3 :[(-3,-3), (28,35), (27,35), (26,35), (25,35), (24,35), (24,35), (23,35)]
Turtle 4 :[(-4,-4), (28,32), (27,32), (27,31), (26,31), (25,31), (24,31), (-4,-4)]
Turtle 5 :[(-5,-5), (1,15), (0,15), (0,14), (0,13), (0,12), (0,11), (-5,-5)]

Shrinking Run 40
#Info# Executed steps before collision: 2, Found collision: true
Turtle 1 :[(-1,-1), (2,22), (2,23), (1,23), (1,24), (1,25), (0,25), (-1,-1)]
Turtle 2 :[(-2,-2), (2,24), (2,23), (2,22), (2,21), (-2,-2), (-2,-2), (-2,-2)]
Turtle 3 :[(-3,-3), (28,35), (27,35), (26,35), (25,35), (24,35), (24,35), (23,35)]
Turtle 4 :[(-4,-4), (28,32), (27,32), (27,31), (26,31), (25,31), (24,31), (-4,-4)]
Turtle 5 :[(-5,-5), (1,15), (0,15), (0,14), (0,13), (0,12), (0,11), (-5,-5)]

Shrinking Run 41
#Info# Executed steps before collision: 7, Found collision: false
Turtle 1 :[(-1,-1), (2,22), (2,21), (2,21), (2,20), (2,19), (2,18), (1,18)]
Turtle 2 :[(-2,-2), (2,24), (2,23), (2,22), (1,22), (2,22), (2,21), (-2,-2)]
Turtle 3 :[(-3,-3), (28,35), (27,35), (26,35), (25,35), (24,35), (24,35), (23,35)]
Turtle 4 :[(-4,-4), (28,32), (27,32), (27,31), (26,31), (25,31), (24,31), (-4,-4)]
Turtle 5 :[(-5,-5), (1,15), (0,15), (0,14), (0,13), (0,12), (0,11), (-5,-5)]

Shrinking Run 42
#Info# Executed steps before collision: 7, Found collision: false
Turtle 1 :[(-1,-1), (2,22), (2,21), (2,21), (1,21), (1,20), (1,19), (0,19)]
Turtle 2 :[(-2,-2), (2,24), (2,23), (2,22), (1,22), (2,22), (2,21), (-2,-2)]
Turtle 3 :[(-3,-3), (28,35), (27,35), (26,35), (25,35), (24,35), (24,35), (23,35)]
Turtle 4 :[(-4,-4), (28,32), (27,32), (27,31), (26,31), (25,31), (24,31), (-4,-4)]
Turtle 5 :[(-5,-5), (1,15), (0,15), (0,14), (0,13), (0,12), (0,11), (-5,-5)]

Shrinking Run 43
#Info# Executed steps before collision: 7, Found collision: false
Turtle 1 :[(-1,-1), (2,22), (1,22), (1,22), (1,22), (1,22), (1,23), (0,23)]
Turtle 2 :[(-2,-2), (2,24), (2,24), (2,23), (2,22), (2,21), (-2,-2), (-2,-2)]
Turtle 3 :[(-3,-3), (28,35), (27,35), (26,35), (25,35), (24,35), (24,35), (23,35)]
Turtle 4 :[(-4,-4), (28,32), (27,32), (27,31), (26,31), (25,31), (24,31), (-4,-4)]
Turtle 5 :[(-5,-5), (1,15), (0,15), (0,14), (0,13), (0,12), (0,11), (-5,-5)]

Shrinking Run 44
#Info# Executed steps before collision: 2, Found collision: true
Turtle 1 :[(-1,-1), (2,22), (2,23), (1,23), (1,24), (0,24), (-1,-1), (-1,-1)]
Turtle 2 :[(-2,-2), (2,24), (2,23), (2,22), (2,21), (-2,-2), (-2,-2), (-2,-2)]
Turtle 3 :[(-3,-3), (28,35), (27,35), (26,35), (25,35), (24,35), (24,35), (23,35)]
Turtle 4 :[(-4,-4), (28,32), (27,32), (27,31), (26,31), (25,31), (24,31), (-4,-4)]
Turtle 5 :[(-5,-5), (1,15), (0,15), (0,14), (0,13), (0,12), (0,11), (-5,-5)]

Shrinking Run 45
#Info# Executed steps before collision: 2, Found collision: true
Turtle 1 :[(-1,-1), (2,22), (2,23), (2,24), (1,24), (0,24), (-1,-1), (-1,-1)]
Turtle 2 :[(-2,-2), (2,24), (2,23), (2,22), (2,21), (-2,-2), (-2,-2), (-2,-2)]
Turtle 3 :[(-3,-3), (28,35), (27,35), (26,35), (25,35), (24,35), (24,35), (23,35)]
Turtle 4 :[(-4,-4), (28,32), (27,32), (27,31), (26,31), (25,31), (24,31), (-4,-4)]
Turtle 5 :[(-5,-5), (1,15), (0,15), (0,14), (0,13), (0,12), (0,11), (-5,-5)]

Shrinking Run 46
#Info# Executed steps before collision: 11, Found collision: false
Turtle 1 :[(-1,-1), (2,22), (1,22), (1,22), (1,22), (1,23), (1,23), (0,23), (0,24), (-1,-1), (-1,-1), (-1,-1)]
Turtle 2 :[(-2,-2), (2,24), (1,24), (1,23), (1,24), (1,24), (0,24), (1,24), (2,24), (2,23), (2,22), (2,21)]
Turtle 3 :[(-3,-3), (28,35), (27,35), (26,35), (25,35), (24,35), (24,35), (23,35), (-3,-3), (-3,-3), (-3,-3), (-3,-3)]
Turtle 4 :[(-4,-4), (28,32), (27,32), (27,31), (26,31), (25,31), (24,31), (-4,-4), (-4,-4), (-4,-4), (-4,-4), (-4,-4)]
Turtle 5 :[(-5,-5), (1,15), (0,15), (0,14), (0,13), (0,12), (0,11), (-5,-5), (-5,-5), (-5,-5), (-5,-5), (-5,-5)]

Shrinking Run 47
#Info# Executed steps before collision: 2, Found collision: true
Turtle 1 :[(-1,-1), (2,22), (2,23), (2,22), (2,23), (1,23), (0,23), (1,23), (0,23), (0,24), (-1,-1), (-1,-1)]
Turtle 2 :[(-2,-2), (2,24), (2,23), (2,24), (2,24), (1,24), (0,24), (1,24), (1,23), (2,23), (2,22), (2,21)]
Turtle 3 :[(-3,-3), (28,35), (27,35), (26,35), (25,35), (24,35), (24,35), (23,35), (-3,-3), (-3,-3), (-3,-3), (-3,-3)]
Turtle 4 :[(-4,-4), (28,32), (27,32), (27,31), (26,31), (25,31), (24,31), (-4,-4), (-4,-4), (-4,-4), (-4,-4), (-4,-4)]
Turtle 5 :[(-5,-5), (1,15), (0,15), (0,14), (0,13), (0,12), (0,11), (-5,-5), (-5,-5), (-5,-5), (-5,-5), (-5,-5)]

Shrinking Run 48
#Info# Executed steps before collision: 7, Found collision: false
Turtle 1 :[(-1,-1), (2,22), (1,22), (0,22), (0,23), (0,24), (-1,-1), (-1,-1)]
Turtle 2 :[(-2,-2), (2,24), (2,23), (2,22), (2,21), (-2,-2), (-2,-2), (-2,-2)]
Turtle 3 :[(-3,-3), (28,35), (27,35), (26,35), (25,35), (24,35), (24,35), (23,35)]
Turtle 4 :[(-4,-4), (28,32), (27,32), (27,31), (26,31), (25,31), (24,31), (-4,-4)]
Turtle 5 :[(-5,-5), (1,15), (0,15), (0,14), (0,13), (0,12), (0,11), (-5,-5)]

Shrinking Run 49
#Info# Executed steps before collision: 8, Found collision: false
Turtle 1 :[(-1,-1), (2,22), (2,23), (2,23), (1,23), (0,23), (0,24), (-1,-1), (-1,-1)]
Turtle 2 :[(-2,-2), (2,24), (3,24), (2,24), (1,24), (2,24), (2,23), (2,22), (2,21)]
Turtle 3 :[(-3,-3), (28,35), (27,35), (26,35), (25,35), (24,35), (24,35), (23,35), (-3,-3)]
Turtle 4 :[(-4,-4), (28,32), (27,32), (27,31), (26,31), (25,31), (24,31), (-4,-4), (-4,-4)]
Turtle 5 :[(-5,-5), (1,15), (0,15), (0,14), (0,13), (0,12), (0,11), (-5,-5), (-5,-5)]

Shrinking Run 50
#Info# Executed steps before collision: 8, Found collision: false
Turtle 1 :[(-1,-1), (2,22), (2,23), (2,23), (2,23), (1,23), (0,23), (0,24), (-1,-1)]
Turtle 2 :[(-2,-2), (2,24), (2,25), (2,24), (2,24), (2,24), (2,23), (2,22), (2,21)]
Turtle 3 :[(-3,-3), (28,35), (27,35), (26,35), (25,35), (24,35), (24,35), (23,35), (-3,-3)]
Turtle 4 :[(-4,-4), (28,32), (27,32), (27,31), (26,31), (25,31), (24,31), (-4,-4), (-4,-4)]
Turtle 5 :[(-5,-5), (1,15), (0,15), (0,14), (0,13), (0,12), (0,11), (-5,-5), (-5,-5)]

Shrinking Run 51
#Info# Executed steps before collision: 8, Found collision: false
Turtle 1 :[(-1,-1), (2,22), (1,22), (1,22), (1,22), (0,22), (0,22), (0,23), (0,24)]
Turtle 2 :[(-2,-2), (2,24), (2,24), (2,23), (2,22), (2,21), (-2,-2), (-2,-2), (-2,-2)]
Turtle 3 :[(-3,-3), (28,35), (27,35), (26,35), (25,35), (24,35), (24,35), (23,35), (-3,-3)]
Turtle 4 :[(-4,-4), (28,32), (27,32), (27,31), (26,31), (25,31), (24,31), (-4,-4), (-4,-4)]
Turtle 5 :[(-5,-5), (1,15), (0,15), (0,14), (0,13), (0,12), (0,11), (-5,-5), (-5,-5)]

Shrinking Run 52
#Info# Executed steps before collision: 2, Found collision: true
Turtle 1 :[(-1,-1), (2,22), (2,23), (1,23), (1,23), (1,23), (1,23), (0,23), (0,24)]
Turtle 2 :[(-2,-2), (2,24), (2,23), (2,22), (2,21), (-2,-2), (-2,-2), (-2,-2), (-2,-2)]
Turtle 3 :[(-3,-3), (28,35), (27,35), (26,35), (25,35), (24,35), (24,35), (23,35), (-3,-3)]
Turtle 4 :[(-4,-4), (28,32), (27,32), (27,31), (26,31), (25,31), (24,31), (-4,-4), (-4,-4)]
Turtle 5 :[(-5,-5), (1,15), (0,15), (0,14), (0,13), (0,12), (0,11), (-5,-5), (-5,-5)]

Shrinking Run 53
#Info# Executed steps before collision: 2, Found collision: true
Turtle 1 :[(-1,-1), (2,22), (2,23), (1,23), (0,23), (0,23), (0,23), (0,23), (0,24)]
Turtle 2 :[(-2,-2), (2,24), (2,23), (2,22), (2,21), (-2,-2), (-2,-2), (-2,-2), (-2,-2)]
Turtle 3 :[(-3,-3), (28,35), (27,35), (26,35), (25,35), (24,35), (24,35), (23,35), (-3,-3)]
Turtle 4 :[(-4,-4), (28,32), (27,32), (27,31), (26,31), (25,31), (24,31), (-4,-4), (-4,-4)]
Turtle 5 :[(-5,-5), (1,15), (0,15), (0,14), (0,13), (0,12), (0,11), (-5,-5), (-5,-5)]

Shrinking Run 54
#Info# Executed steps before collision: 9, Found collision: false
Turtle 1 :[(-1,-1), (2,22), (2,23), (1,23), (0,23), (0,23), (0,23), (0,23), (0,24), (-1,-1)]
Turtle 2 :[(-2,-2), (2,24), (2,24), (2,25), (2,24), (2,23), (1,23), (1,22), (1,21), (0,21)]
Turtle 3 :[(-3,-3), (28,35), (27,35), (26,35), (25,35), (24,35), (24,35), (23,35), (-3,-3), (-3,-3)]
Turtle 4 :[(-4,-4), (28,32), (27,32), (27,31), (26,31), (25,31), (24,31), (-4,-4), (-4,-4), (-4,-4)]
Turtle 5 :[(-5,-5), (1,15), (0,15), (0,14), (0,13), (0,12), (0,11), (-5,-5), (-5,-5), (-5,-5)]

Shrinking Run 55
#Info# Executed steps before collision: 8, Found collision: false
Turtle 1 :[(-1,-1), (2,22), (2,23), (1,23), (0,23), (0,23), (0,23), (0,23), (0,24)]
Turtle 2 :[(-2,-2), (2,24), (2,24), (2,25), (1,25), (1,24), (1,23), (1,22), (1,21)]
Turtle 3 :[(-3,-3), (28,35), (27,35), (26,35), (25,35), (24,35), (24,35), (23,35), (-3,-3)]
Turtle 4 :[(-4,-4), (28,32), (27,32), (27,31), (26,31), (25,31), (24,31), (-4,-4), (-4,-4)]
Turtle 5 :[(-5,-5), (1,15), (0,15), (0,14), (0,13), (0,12), (0,11), (-5,-5), (-5,-5)]

Shrinking Run 56
#Info# Executed steps before collision: 2, Found collision: true
Turtle 1 :[(-1,-1), (2,22), (2,23), (1,23), (0,23), (0,23), (0,23), (0,23), (0,24)]
Turtle 2 :[(-2,-2), (2,24), (2,23), (2,22), (2,21), (2,20), (2,19), (-2,-2), (-2,-2)]
Turtle 3 :[(-3,-3), (28,35), (27,35), (26,35), (25,35), (24,35), (24,35), (23,35), (-3,-3)]
Turtle 4 :[(-4,-4), (28,32), (27,32), (27,31), (26,31), (25,31), (24,31), (-4,-4), (-4,-4)]
Turtle 5 :[(-5,-5), (1,15), (0,15), (0,14), (0,13), (0,12), (0,11), (-5,-5), (-5,-5)]

Shrinking Run 57
#Info# Executed steps before collision: 8, Found collision: false
Turtle 1 :[(-1,-1), (2,22), (2,23), (1,23), (0,23), (0,23), (0,23), (0,23), (0,24)]
Turtle 2 :[(-2,-2), (2,24), (2,24), (2,24), (2,23), (2,22), (2,21), (1,21), (1,20)]
Turtle 3 :[(-3,-3), (28,35), (27,35), (26,35), (25,35), (24,35), (24,35), (23,35), (-3,-3)]
Turtle 4 :[(-4,-4), (28,32), (27,32), (27,31), (26,31), (25,31), (24,31), (-4,-4), (-4,-4)]
Turtle 5 :[(-5,-5), (1,15), (0,15), (0,14), (0,13), (0,12), (0,11), (-5,-5), (-5,-5)]

Shrinking Run 58
#Info# Executed steps before collision: 2, Found collision: true
Turtle 1 :[(-1,-1), (2,22), (2,23), (1,23), (0,23), (0,23), (0,23), (0,23), (0,24)]
Turtle 2 :[(-2,-2), (2,24), (2,23), (2,22), (2,21), (2,20), (2,19), (-2,-2), (-2,-2)]
Turtle 3 :[(-3,-3), (28,35), (27,35), (26,35), (25,35), (24,35), (24,35), (23,35), (-3,-3)]
Turtle 4 :[(-4,-4), (28,32), (27,32), (27,31), (26,31), (25,31), (24,31), (-4,-4), (-4,-4)]
Turtle 5 :[(-5,-5), (1,15), (0,15), (0,14), (0,13), (0,12), (0,11), (-5,-5), (-5,-5)]

Shrinking Run 59
#Info# Executed steps before collision: 2, Found collision: true
Turtle 1 :[(-1,-1), (2,22), (2,23), (1,23), (0,23), (0,23), (0,23), (0,23), (0,24)]
Turtle 2 :[(-2,-2), (2,24), (2,23), (2,22), (2,21), (2,20), (2,19), (-2,-2), (-2,-2)]
Turtle 3 :[(-3,-3), (28,35), (27,35), (26,35), (25,35), (24,35), (23,35), (-3,-3), (-3,-3)]
Turtle 4 :[(-4,-4), (28,32), (27,32), (27,31), (26,31), (25,31), (24,31), (-4,-4), (-4,-4)]
Turtle 5 :[(-5,-5), (1,15), (0,15), (0,14), (0,13), (0,12), (0,11), (-5,-5), (-5,-5)]

Shrinking Run 60
#Info# Executed steps before collision: 2, Found collision: true
Turtle 1 :[(-1,-1), (2,22), (2,23), (1,23), (0,23), (0,23), (0,23), (0,23), (0,24), (-1,-1), (-1,-1), (-1,-1)]
Turtle 2 :[(-2,-2), (2,24), (2,23), (2,22), (2,21), (2,20), (2,19), (-2,-2), (-2,-2), (-2,-2), (-2,-2), (-2,-2)]
Turtle 3 :[(-3,-3), (28,35), (27,35), (26,35), (25,35), (24,35), (23,35), (-3,-3), (-3,-3), (-3,-3), (-3,-3), (-3,-3)]
Turtle 4 :[(-4,-4), (28,32), (28,32), (28,31), (28,31), (27,31), (27,31), (26,31), (25,31), (25,31), (25,31), (25,30)]
Turtle 5 :[(-5,-5), (1,15), (0,15), (0,14), (0,13), (0,12), (0,11), (-5,-5), (-5,-5), (-5,-5), (-5,-5), (-5,-5)]

Shrinking Run 61
#Info# Executed steps before collision: 2, Found collision: true
Turtle 1 :[(-1,-1), (2,22), (2,23), (1,23), (0,23), (0,23), (0,23), (0,23), (0,24), (-1,-1), (-1,-1), (-1,-1)]
Turtle 2 :[(-2,-2), (2,24), (2,23), (2,22), (2,21), (2,20), (2,19), (-2,-2), (-2,-2), (-2,-2), (-2,-2), (-2,-2)]
Turtle 3 :[(-3,-3), (28,35), (27,35), (26,35), (25,35), (24,35), (23,35), (-3,-3), (-3,-3), (-3,-3), (-3,-3), (-3,-3)]
Turtle 4 :[(-4,-4), (28,32), (28,32), (27,32), (27,32), (26,32), (26,32), (25,32), (24,32), (24,32), (24,32), (24,31)]
Turtle 5 :[(-5,-5), (1,15), (0,15), (0,14), (0,13), (0,12), (0,11), (-5,-5), (-5,-5), (-5,-5), (-5,-5), (-5,-5)]

Shrinking Run 62
#Info# Executed steps before collision: 2, Found collision: true
Turtle 1 :[(-1,-1), (2,22), (2,23), (1,23), (0,23), (0,23), (0,23), (0,23), (0,24), (-1,-1), (-1,-1), (-1,-1)]
Turtle 2 :[(-2,-2), (2,24), (2,23), (2,22), (2,21), (2,20), (2,19), (-2,-2), (-2,-2), (-2,-2), (-2,-2), (-2,-2)]
Turtle 3 :[(-3,-3), (28,35), (27,35), (26,35), (25,35), (24,35), (23,35), (-3,-3), (-3,-3), (-3,-3), (-3,-3), (-3,-3)]
Turtle 4 :[(-4,-4), (28,32), (28,32), (27,32), (27,32), (26,32), (26,32), (25,32), (24,32), (24,32), (24,32), (23,32)]
Turtle 5 :[(-5,-5), (1,15), (0,15), (0,14), (0,13), (0,12), (0,11), (-5,-5), (-5,-5), (-5,-5), (-5,-5), (-5,-5)]

Shrinking Run 63
#Info# Executed steps before collision: 2, Found collision: true
Turtle 1 :[(-1,-1), (2,22), (2,23), (1,23), (0,23), (0,23), (0,23), (0,23), (0,24)]
Turtle 2 :[(-2,-2), (2,24), (2,23), (2,22), (2,21), (2,20), (2,19), (-2,-2), (-2,-2)]
Turtle 3 :[(-3,-3), (28,35), (27,35), (26,35), (25,35), (24,35), (23,35), (-3,-3), (-3,-3)]
Turtle 4 :[(-4,-4), (28,32), (27,32), (26,32), (25,32), (24,32), (23,32), (-4,-4), (-4,-4)]
Turtle 5 :[(-5,-5), (1,15), (0,15), (0,14), (0,13), (0,12), (0,11), (-5,-5), (-5,-5)]

Shrinking Run 64
#Info# Executed steps before collision: 8, Found collision: false
Turtle 1 :[(-1,-1), (2,22), (2,21), (2,21), (2,20), (2,19), (2,18), (1,18), (-1,-1)]
Turtle 2 :[(-2,-2), (2,24), (2,23), (2,22), (3,22), (3,21), (3,20), (2,20), (2,19)]
Turtle 3 :[(-3,-3), (28,35), (27,35), (26,35), (25,35), (24,35), (23,35), (-3,-3), (-3,-3)]
Turtle 4 :[(-4,-4), (28,32), (27,32), (26,32), (25,32), (24,32), (23,32), (-4,-4), (-4,-4)]
Turtle 5 :[(-5,-5), (1,15), (0,15), (0,14), (0,13), (0,12), (0,11), (-5,-5), (-5,-5)]

Shrinking Run 65
#Info# Executed steps before collision: 8, Found collision: false
Turtle 1 :[(-1,-1), (2,22), (2,21), (2,21), (1,21), (1,20), (1,19), (0,19), (-1,-1)]
Turtle 2 :[(-2,-2), (2,24), (3,24), (2,24), (2,23), (2,22), (2,21), (2,20), (2,19)]
Turtle 3 :[(-3,-3), (28,35), (27,35), (26,35), (25,35), (24,35), (23,35), (-3,-3), (-3,-3)]
Turtle 4 :[(-4,-4), (28,32), (27,32), (26,32), (25,32), (24,32), (23,32), (-4,-4), (-4,-4)]
Turtle 5 :[(-5,-5), (1,15), (0,15), (0,14), (0,13), (0,12), (0,11), (-5,-5), (-5,-5)]

Shrinking Run 66
#Info# Executed steps before collision: 7, Found collision: false
Turtle 1 :[(-1,-1), (2,22), (1,22), (1,22), (1,22), (1,22), (1,23), (0,23)]
Turtle 2 :[(-2,-2), (2,24), (2,23), (2,22), (2,21), (2,20), (2,19), (-2,-2)]
Turtle 3 :[(-3,-3), (28,35), (27,35), (26,35), (25,35), (24,35), (23,35), (-3,-3)]
Turtle 4 :[(-4,-4), (28,32), (27,32), (26,32), (25,32), (24,32), (23,32), (-4,-4)]
Turtle 5 :[(-5,-5), (1,15), (0,15), (0,14), (0,13), (0,12), (0,11), (-5,-5)]

Shrinking Run 67
#Info# Executed steps before collision: 8, Found collision: false
Turtle 1 :[(-1,-1), (2,22), (1,22), (1,22), (1,22), (1,23), (1,23), (0,23), (0,24)]
Turtle 2 :[(-2,-2), (2,24), (2,23), (2,22), (2,21), (2,20), (2,19), (-2,-2), (-2,-2)]
Turtle 3 :[(-3,-3), (28,35), (27,35), (26,35), (25,35), (24,35), (23,35), (-3,-3), (-3,-3)]
Turtle 4 :[(-4,-4), (28,32), (27,32), (26,32), (25,32), (24,32), (23,32), (-4,-4), (-4,-4)]
Turtle 5 :[(-5,-5), (1,15), (0,15), (0,14), (0,13), (0,12), (0,11), (-5,-5), (-5,-5)]

Shrinking Run 68
#Info# Executed steps before collision: 7, Found collision: false
Turtle 1 :[(-1,-1), (2,22), (1,22), (0,22), (0,23), (0,24), (-1,-1), (-1,-1)]
Turtle 2 :[(-2,-2), (2,24), (2,24), (2,23), (2,22), (2,21), (2,20), (2,19)]
Turtle 3 :[(-3,-3), (28,35), (27,35), (26,35), (25,35), (24,35), (23,35), (-3,-3)]
Turtle 4 :[(-4,-4), (28,32), (27,32), (26,32), (25,32), (24,32), (23,32), (-4,-4)]
Turtle 5 :[(-5,-5), (1,15), (0,15), (0,14), (0,13), (0,12), (0,11), (-5,-5)]

Shrinking Run 69
#Info# Executed steps before collision: 2, Found collision: true
Turtle 1 :[(-1,-1), (2,22), (2,23), (2,22), (1,22), (0,22), (0,23), (0,24), (-1,-1)]
Turtle 2 :[(-2,-2), (2,24), (2,23), (3,23), (2,23), (2,22), (2,21), (2,20), (2,19)]
Turtle 3 :[(-3,-3), (28,35), (27,35), (26,35), (25,35), (24,35), (23,35), (-3,-3), (-3,-3)]
Turtle 4 :[(-4,-4), (28,32), (27,32), (26,32), (25,32), (24,32), (23,32), (-4,-4), (-4,-4)]
Turtle 5 :[(-5,-5), (1,15), (0,15), (0,14), (0,13), (0,12), (0,11), (-5,-5), (-5,-5)]

Shrinking Run 70
#Info# Executed steps before collision: 6, Found collision: false
Turtle 1 :[(-1,-1), (2,22), (1,22), (1,22), (0,22), (0,23), (0,24)]
Turtle 2 :[(-2,-2), (2,24), (2,23), (2,22), (2,21), (2,20), (2,19)]
Turtle 3 :[(-3,-3), (28,35), (27,35), (26,35), (25,35), (24,35), (23,35)]
Turtle 4 :[(-4,-4), (28,32), (27,32), (26,32), (25,32), (24,32), (23,32)]
Turtle 5 :[(-5,-5), (1,15), (0,15), (0,14), (0,13), (0,12), (0,11)]

Shrinking Run 71
#Info# Executed steps before collision: 2, Found collision: true
Turtle 1 :[(-1,-1), (2,22), (2,23), (1,23), (1,23), (0,23), (0,24)]
Turtle 2 :[(-2,-2), (2,24), (2,23), (2,22), (2,21), (2,20), (2,19)]
Turtle 3 :[(-3,-3), (28,35), (27,35), (26,35), (25,35), (24,35), (23,35)]
Turtle 4 :[(-4,-4), (28,32), (27,32), (26,32), (25,32), (24,32), (23,32)]
Turtle 5 :[(-5,-5), (1,15), (0,15), (0,14), (0,13), (0,12), (0,11)]

Shrinking Run 72
#Info# Executed steps before collision: 2, Found collision: true
Turtle 1 :[(-1,-1), (2,22), (2,23), (1,23), (0,23), (0,23), (0,24)]
Turtle 2 :[(-2,-2), (2,24), (2,23), (2,22), (2,21), (2,20), (2,19)]
Turtle 3 :[(-3,-3), (28,35), (27,35), (26,35), (25,35), (24,35), (23,35)]
Turtle 4 :[(-4,-4), (28,32), (27,32), (26,32), (25,32), (24,32), (23,32)]
Turtle 5 :[(-5,-5), (1,15), (0,15), (0,14), (0,13), (0,12), (0,11)]

Shrinking Run 73
#Info# Executed steps before collision: 11, Found collision: false
Turtle 1 :[(-1,-1), (2,22), (2,23), (1,23), (0,23), (0,23), (0,24), (-1,-1), (-1,-1), (-1,-1), (-1,-1), (-1,-1)]
Turtle 2 :[(-2,-2), (2,24), (2,24), (3,24), (2,24), (1,24), (1,25), (1,24), (0,24), (0,23), (0,22), (0,21)]
Turtle 3 :[(-3,-3), (28,35), (27,35), (26,35), (25,35), (24,35), (23,35), (-3,-3), (-3,-3), (-3,-3), (-3,-3), (-3,-3)]
Turtle 4 :[(-4,-4), (28,32), (27,32), (26,32), (25,32), (24,32), (23,32), (-4,-4), (-4,-4), (-4,-4), (-4,-4), (-4,-4)]
Turtle 5 :[(-5,-5), (1,15), (0,15), (0,14), (0,13), (0,12), (0,11), (-5,-5), (-5,-5), (-5,-5), (-5,-5), (-5,-5)]

Shrinking Run 74
#Info# Executed steps before collision: 8, Found collision: false
Turtle 1 :[(-1,-1), (2,22), (2,23), (1,23), (0,23), (0,23), (0,24), (-1,-1), (-1,-1)]
Turtle 2 :[(-2,-2), (2,24), (2,24), (3,24), (3,23), (3,22), (2,22), (1,22), (1,21)]
Turtle 3 :[(-3,-3), (28,35), (27,35), (26,35), (25,35), (24,35), (23,35), (-3,-3), (-3,-3)]
Turtle 4 :[(-4,-4), (28,32), (27,32), (26,32), (25,32), (24,32), (23,32), (-4,-4), (-4,-4)]
Turtle 5 :[(-5,-5), (1,15), (0,15), (0,14), (0,13), (0,12), (0,11), (-5,-5), (-5,-5)]

Shrink Run 75
#Info# Executed steps before collision: 7, Found collision: false
Turtle 1 :[(-1,-1), (2,22), (2,23), (1,23), (0,23), (0,23), (0,24), (-1,-1)]
Turtle 2 :[(-2,-2), (2,24), (2,24), (2,23), (2,22), (2,21), (1,21), (1,20)]
Turtle 3 :[(-3,-3), (28,35), (27,35), (26,35), (25,35), (24,35), (23,35), (-3,-3)]
Turtle 4 :[(-4,-4), (28,32), (27,32), (26,32), (25,32), (24,32), (23,32), (-4,-4)]
Turtle 5 :[(-5,-5), (1,15), (0,15), (0,14), (0,13), (0,12), (0,11), (-5,-5)]

