Shrinking Run 1
#Info# Executed steps before collision: 3, Found collision: true
Turtle 1 :[(-1,-1), (16,13), (15,13), (15,12), (14,12), (13,12), (12,12)]
Turtle 2 :[(-2,-2), (5,16), (4,16), (-2,-2), (-2,-2), (-2,-2), (-2,-2)]
Turtle 3 :[(-3,-3), (18,0), (19,0), (19,0), (19,1), (19,2), (19,3)]
Turtle 4 :[(-4,-4), (1,13), (2,13), (3,13), (4,13), (5,13), (5,14)]
Turtle 5 :[(-5,-5), (18,1), (18,0), (19,0), (-5,-5), (-5,-5), (-5,-5)]

Shrinking Run 2
#Info# Executed steps before collision: 6, Found collision: false
Turtle 1 :[(-1,-1), (16,13), (15,13), (15,12), (14,12), (14,11), (14,10)]
Turtle 2 :[(-2,-2), (5,16), (4,16), (-2,-2), (-2,-2), (-2,-2), (-2,-2)]
Turtle 3 :[(-3,-3), (18,0), (19,0), (19,0), (19,1), (19,2), (19,3)]
Turtle 4 :[(-4,-4), (1,13), (2,13), (3,13), (4,13), (5,13), (5,14)]
Turtle 5 :[(-5,-5), (18,1), (17,1), (18,1), (18,0), (19,0), (-5,-5)]

Shrinking Run 3
#Info# Executed steps before collision: 4, Found collision: true
Turtle 1 :[(-1,-1), (16,13), (15,13), (15,12), (14,12), (13,12), (13,11), (-1,-1)]
Turtle 2 :[(-2,-2), (5,16), (4,16), (-2,-2), (-2,-2), (-2,-2), (-2,-2), (-2,-2)]
Turtle 3 :[(-3,-3), (18,0), (19,0), (19,0), (19,0), (19,1), (19,2), (19,3)]
Turtle 4 :[(-4,-4), (1,13), (2,13), (3,13), (4,13), (5,13), (5,14), (-4,-4)]
Turtle 5 :[(-5,-5), (18,1), (19,1), (19,1), (19,0), (-5,-5), (-5,-5), (-5,-5)]

Shrinking Run 4
#Info# Executed steps before collision: 7, Found collision: false
Turtle 1 :[(-1,-1), (16,13), (15,13), (14,13), (13,13), (13,12), (13,11), (-1,-1)]
Turtle 2 :[(-2,-2), (5,16), (4,16), (-2,-2), (-2,-2), (-2,-2), (-2,-2), (-2,-2)]
Turtle 3 :[(-3,-3), (18,0), (19,0), (19,0), (19,1), (19,2), (19,3), (-3,-3)]
Turtle 4 :[(-4,-4), (1,13), (2,13), (3,13), (4,13), (5,13), (5,14), (-4,-4)]
Turtle 5 :[(-5,-5), (18,1), (17,1), (17,0), (17,1), (18,1), (19,1), (19,0)]

Shrinking Run 5
#Info# Executed steps before collision: 4, Found collision: true
Turtle 1 :[(-1,-1), (16,13), (16,12), (15,12), (14,12), (13,12), (12,12)]
Turtle 2 :[(-2,-2), (5,16), (4,16), (-2,-2), (-2,-2), (-2,-2), (-2,-2)]
Turtle 3 :[(-3,-3), (18,0), (19,0), (19,0), (19,1), (19,2), (19,3)]
Turtle 4 :[(-4,-4), (1,13), (2,13), (3,13), (4,13), (5,13), (5,14)]
Turtle 5 :[(-5,-5), (18,1), (17,1), (18,1), (19,1), (19,0), (-5,-5)]

Shrinking Run 6
#Info# Executed steps before collision: 3, Found collision: true
Turtle 1 :[(-1,-1), (16,13), (16,12), (15,12), (14,12), (13,12), (12,12)]
Turtle 2 :[(-2,-2), (5,16), (4,16), (3,16), (2,16), (1,16), (0,16)]
Turtle 3 :[(-3,-3), (18,0), (19,0), (19,0), (19,1), (19,2), (19,3)]
Turtle 4 :[(-4,-4), (1,13), (2,13), (3,13), (4,13), (5,13), (5,14)]
Turtle 5 :[(-5,-5), (18,1), (18,0), (19,0), (19,0), (-5,-5), (-5,-5)]

Shrinking Run 7
#Info# Executed steps before collision: 7, Found collision: false
Turtle 1 :[(-1,-1), (16,13), (16,12), (15,12), (14,12), (13,12), (12,12), (-1,-1)]
Turtle 2 :[(-2,-2), (5,16), (5,15), (5,14), (4,14), (4,14), (4,13), (4,12)]
Turtle 3 :[(-3,-3), (18,0), (19,0), (19,0), (19,1), (19,2), (19,3), (-3,-3)]
Turtle 4 :[(-4,-4), (1,13), (2,13), (3,13), (4,13), (5,13), (5,14), (-4,-4)]
Turtle 5 :[(-5,-5), (18,1), (18,0), (18,0), (17,0), (18,0), (19,0), (-5,-5)]

Shrinking Run 8
#Info# Executed steps before collision: 7, Found collision: false
Turtle 1 :[(-1,-1), (16,13), (16,12), (15,12), (14,12), (13,12), (12,12), (-1,-1)]
Turtle 2 :[(-2,-2), (5,16), (4,16), (4,15), (3,15), (3,14), (3,13), (-2,-2)]
Turtle 3 :[(-3,-3), (18,0), (19,0), (19,0), (19,1), (19,2), (19,3), (-3,-3)]
Turtle 4 :[(-4,-4), (1,13), (2,13), (3,13), (4,13), (5,13), (5,14), (-4,-4)]
Turtle 5 :[(-5,-5), (18,1), (18,0), (18,1), (18,2), (18,1), (19,1), (19,0)]

Shrinking Run 9
#Info# Executed steps before collision: 3, Found collision: true
Turtle 1 :[(-1,-1), (16,13), (16,12), (15,12), (14,12), (13,12), (12,12)]
Turtle 2 :[(-2,-2), (5,16), (4,16), (3,16), (2,16), (2,15), (1,15)]
Turtle 3 :[(-3,-3), (18,0), (19,0), (19,0), (19,1), (19,2), (19,3)]
Turtle 4 :[(-4,-4), (1,13), (2,13), (3,13), (4,13), (5,13), (5,14)]
Turtle 5 :[(-5,-5), (18,1), (19,1), (19,0), (-5,-5), (-5,-5), (-5,-5)]

Shrinking Run 10
#Info# Executed steps before collision: 6, Found collision: false
Turtle 1 :[(-1,-1), (16,13), (16,12), (15,12), (14,12), (13,12), (12,12)]
Turtle 2 :[(-2,-2), (5,16), (4,16), (4,15), (3,15), (3,14), (2,14)]
Turtle 3 :[(-3,-3), (18,0), (19,0), (19,0), (19,1), (19,2), (19,3)]
Turtle 4 :[(-4,-4), (1,13), (2,13), (3,13), (4,13), (5,13), (5,14)]
Turtle 5 :[(-5,-5), (18,1), (17,1), (18,1), (18,1), (18,0), (19,0)]

Shrinking Run 11
#Info# Executed steps before collision: 3, Found collision: true
Turtle 1 :[(-1,-1), (16,13), (16,12), (15,12), (14,12), (13,12), (12,12)]
Turtle 2 :[(-2,-2), (5,16), (4,16), (3,16), (2,16), (1,16), (1,15)]
Turtle 3 :[(-3,-3), (18,0), (19,0), (19,0), (19,1), (19,2), (19,3)]
Turtle 4 :[(-4,-4), (1,13), (2,13), (3,13), (4,13), (5,13), (5,14)]
Turtle 5 :[(-5,-5), (18,1), (18,0), (19,0), (19,0), (-5,-5), (-5,-5)]

Shrinking Run 12
#Info# Executed steps before collision: 6, Found collision: false
Turtle 1 :[(-1,-1), (16,13), (16,12), (15,12), (14,12), (13,12), (12,12)]
Turtle 2 :[(-2,-2), (5,16), (4,16), (3,16), (2,16), (1,16), (0,16)]
Turtle 3 :[(-3,-3), (18,0), (17,0), (16,0), (16,1), (16,2), (16,3)]
Turtle 4 :[(-4,-4), (1,13), (2,13), (3,13), (4,13), (5,13), (5,14)]
Turtle 5 :[(-5,-5), (18,1), (18,0), (19,0), (19,0), (-5,-5), (-5,-5)]

Shrinking Run 13
#Info# Executed steps before collision: 6, Found collision: false
Turtle 1 :[(-1,-1), (16,13), (16,12), (15,12), (14,12), (13,12), (12,12)]
Turtle 2 :[(-2,-2), (5,16), (4,16), (3,16), (2,16), (1,16), (0,16)]
Turtle 3 :[(-3,-3), (18,0), (19,0), (19,1), (19,2), (19,3), (19,4)]
Turtle 4 :[(-4,-4), (1,13), (2,13), (3,13), (4,13), (5,13), (5,14)]
Turtle 5 :[(-5,-5), (18,1), (18,0), (19,0), (19,0), (-5,-5), (-5,-5)]

Shrinking Run 14
#Info# Executed steps before collision: 3, Found collision: true
Turtle 1 :[(-1,-1), (16,13), (16,12), (15,12), (14,12), (13,12), (12,12)]
Turtle 2 :[(-2,-2), (5,16), (4,16), (3,16), (2,16), (1,16), (0,16)]
Turtle 3 :[(-3,-3), (18,0), (19,0), (19,0), (-3,-3), (-3,-3), (-3,-3)]
Turtle 4 :[(-4,-4), (1,13), (2,13), (3,13), (4,13), (5,13), (5,14)]
Turtle 5 :[(-5,-5), (18,1), (18,0), (19,0), (19,0), (-5,-5), (-5,-5)]

Shrinking Run 15
#Info# Executed steps before collision: 6, Found collision: false
Turtle 1 :[(-1,-1), (16,13), (16,12), (15,12), (14,12), (13,12), (12,12)]
Turtle 2 :[(-2,-2), (5,16), (4,16), (3,16), (2,16), (1,16), (0,16)]
Turtle 3 :[(-3,-3), (18,0), (17,0), (16,0), (15,0), (14,0), (13,0)]
Turtle 4 :[(-4,-4), (1,13), (2,13), (3,13), (4,13), (5,13), (5,14)]
Turtle 5 :[(-5,-5), (18,1), (18,0), (19,0), (19,0), (-5,-5), (-5,-5)]

Shrinking Run 16
#Info# Executed steps before collision: 6, Found collision: false
Turtle 1 :[(-1,-1), (16,13), (16,12), (15,12), (14,12), (13,12), (12,12)]
Turtle 2 :[(-2,-2), (5,16), (4,16), (3,16), (2,16), (1,16), (0,16)]
Turtle 3 :[(-3,-3), (18,0), (17,0), (16,0), (15,0), (-3,-3), (-3,-3)]
Turtle 4 :[(-4,-4), (1,13), (2,13), (3,13), (4,13), (5,13), (5,14)]
Turtle 5 :[(-5,-5), (18,1), (19,1), (19,0), (-5,-5), (-5,-5), (-5,-5)]

Shrinking Run 17
#Info# Executed steps before collision: 6, Found collision: false
Turtle 1 :[(-1,-1), (16,13), (16,12), (15,12), (14,12), (13,12), (12,12)]
Turtle 2 :[(-2,-2), (5,16), (4,16), (3,16), (2,16), (1,16), (0,16)]
Turtle 3 :[(-3,-3), (18,0), (19,0), (-3,-3), (-3,-3), (-3,-3), (-3,-3)]
Turtle 4 :[(-4,-4), (1,13), (2,13), (3,13), (4,13), (5,13), (5,14)]
Turtle 5 :[(-5,-5), (18,1), (18,0), (19,0), (-5,-5), (-5,-5), (-5,-5)]

Shrinking Run 18
#Info# Executed steps before collision: 6, Found collision: false
Turtle 1 :[(-1,-1), (16,13), (16,12), (15,12), (14,12), (13,12), (12,12)]
Turtle 2 :[(-2,-2), (5,16), (4,16), (3,16), (2,16), (1,16), (0,16)]
Turtle 3 :[(-3,-3), (18,0), (19,0), (19,0), (-3,-3), (-3,-3), (-3,-3)]
Turtle 4 :[(-4,-4), (1,13), (0,13), (0,14), (0,15), (-4,-4), (-4,-4)]
Turtle 5 :[(-5,-5), (18,1), (18,0), (17,0), (18,0), (19,0), (-5,-5)]

Shrinking Run 19
#Info# Executed steps before collision: 3, Found collision: true
Turtle 1 :[(-1,-1), (16,13), (16,12), (15,12), (14,12), (13,12), (12,12)]
Turtle 2 :[(-2,-2), (5,16), (4,16), (3,16), (2,16), (1,16), (0,16)]
Turtle 3 :[(-3,-3), (18,0), (19,0), (19,0), (-3,-3), (-3,-3), (-3,-3)]
Turtle 4 :[(-4,-4), (1,13), (2,13), (2,14), (2,15), (-4,-4), (-4,-4)]
Turtle 5 :[(-5,-5), (18,1), (18,0), (19,0), (19,0), (-5,-5), (-5,-5)]

Shrinking Run 20
#Info# Executed steps before collision: 6, Found collision: false
Turtle 1 :[(-1,-1), (16,13), (16,12), (15,12), (14,12), (13,12), (12,12)]
Turtle 2 :[(-2,-2), (5,16), (4,16), (3,16), (2,16), (1,16), (0,16)]
Turtle 3 :[(-3,-3), (18,0), (19,0), (19,0), (-3,-3), (-3,-3), (-3,-3)]
Turtle 4 :[(-4,-4), (1,13), (2,13), (1,13), (1,14), (1,15), (-4,-4)]
Turtle 5 :[(-5,-5), (18,1), (17,1), (17,0), (18,0), (19,0), (-5,-5)]

Shrinking Run 21
#Info# Executed steps before collision: 6, Found collision: false
Turtle 1 :[(-1,-1), (16,13), (16,12), (15,12), (14,12), (13,12), (12,12)]
Turtle 2 :[(-2,-2), (5,16), (4,16), (3,16), (2,16), (1,16), (0,16)]
Turtle 3 :[(-3,-3), (18,0), (19,0), (19,0), (-3,-3), (-3,-3), (-3,-3)]
Turtle 4 :[(-4,-4), (1,13), (2,13), (2,12), (2,11), (2,10), (2,9)]
Turtle 5 :[(-5,-5), (18,1), (18,0), (18,1), (19,1), (19,0), (-5,-5)]

Shrinking Run 22
#Info# Executed steps before collision: 3, Found collision: true
Turtle 1 :[(-1,-1), (16,13), (16,12), (15,12), (14,12), (13,12), (12,12)]
Turtle 2 :[(-2,-2), (5,16), (4,16), (3,16), (2,16), (1,16), (0,16)]
Turtle 3 :[(-3,-3), (18,0), (19,0), (19,0), (-3,-3), (-3,-3), (-3,-3)]
Turtle 4 :[(-4,-4), (1,13), (2,13), (2,12), (2,11), (2,10), (-4,-4)]
Turtle 5 :[(-5,-5), (18,1), (18,0), (19,0), (19,0), (-5,-5), (-5,-5)]

Shrinking Run 23
#Info# Executed steps before collision: 3, Found collision: true
Turtle 1 :[(-1,-1), (16,13), (16,12), (15,12), (14,12), (13,12), (12,12)]
Turtle 2 :[(-2,-2), (5,16), (4,16), (3,16), (2,16), (1,16), (0,16)]
Turtle 3 :[(-3,-3), (18,0), (19,0), (19,0), (-3,-3), (-3,-3), (-3,-3)]
Turtle 4 :[(-4,-4), (1,13), (0,13), (0,12), (0,11), (0,10), (-4,-4)]
Turtle 5 :[(-5,-5), (18,1), (19,1), (19,0), (-5,-5), (-5,-5), (-5,-5)]

Shrinking Run 24
#Info# Executed steps before collision: 3, Found collision: true
Turtle 1 :[(-1,-1), (16,13), (16,12), (15,12), (14,12), (13,12), (12,12)]
Turtle 2 :[(-2,-2), (5,16), (4,16), (3,16), (2,16), (1,16), (0,16)]
Turtle 3 :[(-3,-3), (18,0), (19,0), (19,0), (-3,-3), (-3,-3), (-3,-3)]
Turtle 4 :[(-4,-4), (1,13), (0,13), (0,12), (0,11), (0,10), (0,9)]
Turtle 5 :[(-5,-5), (18,1), (18,0), (19,0), (19,0), (-5,-5), (-5,-5)]

Shrinking Run 25
#Info# Executed steps before collision: 3, Found collision: true
Turtle 1 :[(-1,-1), (16,13), (16,12), (15,12), (14,12), (13,12), (12,12)]
Turtle 2 :[(-2,-2), (5,16), (4,16), (3,16), (2,16), (1,16), (0,16)]
Turtle 3 :[(-3,-3), (18,0), (19,0), (19,0), (-3,-3), (-3,-3), (-3,-3)]
Turtle 4 :[(-4,-4), (1,13), (1,12), (1,11), (1,10), (0,10), (0,9)]
Turtle 5 :[(-5,-5), (18,1), (18,0), (19,0), (19,0), (-5,-5), (-5,-5)]

Shrinking Run 26
#Info# Executed steps before collision: 6, Found collision: false
Turtle 1 :[(-1,-1), (16,13), (16,12), (15,12), (14,12), (13,12), (12,12)]
Turtle 2 :[(-2,-2), (5,16), (4,16), (3,16), (2,16), (1,16), (0,16)]
Turtle 3 :[(-3,-3), (18,0), (19,0), (19,0), (-3,-3), (-3,-3), (-3,-3)]
Turtle 4 :[(-4,-4), (1,13), (0,13), (0,12), (0,11), (0,10), (0,9)]
Turtle 5 :[(-5,-5), (18,1), (17,1), (16,1), (15,1), (15,0), (14,0)]

Shrinking Run 27
#Info# Executed steps before collision: 6, Found collision: false
Turtle 1 :[(-1,-1), (16,13), (16,12), (15,12), (14,12), (13,12), (12,12)]
Turtle 2 :[(-2,-2), (5,16), (4,16), (3,16), (2,16), (1,16), (0,16)]
Turtle 3 :[(-3,-3), (18,0), (19,0), (19,0), (-3,-3), (-3,-3), (-3,-3)]
Turtle 4 :[(-4,-4), (1,13), (0,13), (0,12), (0,11), (0,10), (0,9)]
Turtle 5 :[(-5,-5), (18,1), (17,1), (16,1), (16,0), (15,0), (-5,-5)]

Shrinking Run 28
#Info# Executed steps before collision: 6, Found collision: false
Turtle 1 :[(-1,-1), (16,13), (16,12), (15,12), (14,12), (13,12), (12,12)]
Turtle 2 :[(-2,-2), (5,16), (4,16), (3,16), (2,16), (1,16), (0,16)]
Turtle 3 :[(-3,-3), (18,0), (19,0), (19,0), (-3,-3), (-3,-3), (-3,-3)]
Turtle 4 :[(-4,-4), (1,13), (0,13), (0,12), (0,11), (0,10), (0,9)]
Turtle 5 :[(-5,-5), (18,1), (18,0), (17,0), (18,0), (19,0), (-5,-5)]

Shrinking Run 29
#Info# Executed steps before collision: 3, Found collision: true
Turtle 1 :[(-1,-1), (16,13), (16,12), (15,12), (14,12), (13,12), (12,12)]
Turtle 2 :[(-2,-2), (5,16), (4,16), (3,16), (2,16), (1,16), (0,16)]
Turtle 3 :[(-3,-3), (18,0), (19,0), (19,0), (-3,-3), (-3,-3), (-3,-3)]
Turtle 4 :[(-4,-4), (1,13), (0,13), (0,12), (0,11), (0,10), (0,9)]
Turtle 5 :[(-5,-5), (18,1), (19,1), (19,0), (19,0), (-5,-5), (-5,-5)]

Shrinking Run 30
#Info# Executed steps before collision: 6, Found collision: false
Turtle 1 :[(-1,-1), (16,13), (16,12), (15,12), (14,12), (13,12), (12,12)]
Turtle 2 :[(-2,-2), (5,16), (4,16), (3,16), (2,16), (1,16), (0,16)]
Turtle 3 :[(-3,-3), (18,0), (19,0), (19,0), (-3,-3), (-3,-3), (-3,-3)]
Turtle 4 :[(-4,-4), (1,13), (0,13), (0,12), (0,11), (0,10), (0,9)]
Turtle 5 :[(-5,-5), (18,1), (17,1), (18,1), (18,0), (19,0), (-5,-5)]

Shrinking Run 31
#Info# Executed steps before collision: 3, Found collision: true
Turtle 1 :[(-1,-1), (16,13), (15,13), (15,12), (14,12), (14,11), (14,10)]
Turtle 2 :[(-2,-2), (5,16), (4,16), (3,16), (2,16), (1,16), (0,16)]
Turtle 3 :[(-3,-3), (18,0), (19,0), (19,0), (-3,-3), (-3,-3), (-3,-3)]
Turtle 4 :[(-4,-4), (1,13), (0,13), (0,12), (0,11), (0,10), (0,9)]
Turtle 5 :[(-5,-5), (18,1), (19,1), (19,0), (19,0), (-5,-5), (-5,-5)]

Shrinking Run 32
#Info# Executed steps before collision: 3, Found collision: true
Turtle 1 :[(-1,-1), (16,13), (15,13), (14,13), (13,13), (13,12), (13,11)]
Turtle 2 :[(-2,-2), (5,16), (4,16), (3,16), (2,16), (1,16), (0,16)]
Turtle 3 :[(-3,-3), (18,0), (19,0), (19,0), (-3,-3), (-3,-3), (-3,-3)]
Turtle 4 :[(-4,-4), (1,13), (0,13), (0,12), (0,11), (0,10), (0,9)]
Turtle 5 :[(-5,-5), (18,1), (19,1), (19,0), (19,0), (-5,-5), (-5,-5)]

Shrinking Run 33
#Info# Executed steps before collision: 3, Found collision: true
Turtle 1 :[(-1,-1), (16,13), (15,13), (14,13), (13,13), (12,13), (12,12)]
Turtle 2 :[(-2,-2), (5,16), (4,16), (3,16), (2,16), (1,16), (0,16)]
Turtle 3 :[(-3,-3), (18,0), (19,0), (19,0), (-3,-3), (-3,-3), (-3,-3)]
Turtle 4 :[(-4,-4), (1,13), (0,13), (0,12), (0,11), (0,10), (0,9)]
Turtle 5 :[(-5,-5), (18,1), (19,1), (19,0), (19,0), (-5,-5), (-5,-5)]

Shrinking Run 34
#Info# Executed steps before collision: 3, Found collision: true
Turtle 1 :[(-1,-1), (16,13), (15,13), (14,13), (13,13), (12,13), (11,13)]
Turtle 2 :[(-2,-2), (5,16), (4,16), (3,16), (2,16), (1,16), (0,16)]
Turtle 3 :[(-3,-3), (18,0), (19,0), (19,0), (-3,-3), (-3,-3), (-3,-3)]
Turtle 4 :[(-4,-4), (1,13), (0,13), (0,12), (0,11), (0,10), (0,9)]
Turtle 5 :[(-5,-5), (18,1), (19,1), (19,0), (19,0), (-5,-5), (-5,-5)]

Shrinking Run 35
#Info# Executed steps before collision: 6, Found collision: false
Turtle 1 :[(-1,-1), (16,13), (15,13), (14,13), (13,13), (12,13), (11,13)]
Turtle 2 :[(-2,-2), (5,16), (5,15), (5,14), (4,14), (4,13), (4,12)]
Turtle 3 :[(-3,-3), (18,0), (19,0), (19,0), (-3,-3), (-3,-3), (-3,-3)]
Turtle 4 :[(-4,-4), (1,13), (0,13), (0,12), (0,11), (0,10), (0,9)]
Turtle 5 :[(-5,-5), (18,1), (19,1), (19,1), (19,0), (19,0), (-5,-5)]

Shrinking Run 36
#Info# Executed steps before collision: 3, Found collision: true
Turtle 1 :[(-1,-1), (16,13), (15,13), (14,13), (13,13), (12,13), (11,13)]
Turtle 2 :[(-2,-2), (5,16), (4,16), (4,15), (3,15), (3,14), (3,13)]
Turtle 3 :[(-3,-3), (18,0), (19,0), (19,0), (-3,-3), (-3,-3), (-3,-3)]
Turtle 4 :[(-4,-4), (1,13), (0,13), (0,12), (0,11), (0,10), (0,9)]
Turtle 5 :[(-5,-5), (18,1), (19,1), (19,0), (19,0), (-5,-5), (-5,-5)]

Shrinking Run 37
#Info# Executed steps before collision: 3, Found collision: true
Turtle 1 :[(-1,-1), (16,13), (15,13), (14,13), (13,13), (12,13), (11,13)]
Turtle 2 :[(-2,-2), (5,16), (5,15), (4,15), (3,15), (3,14), (3,13)]
Turtle 3 :[(-3,-3), (18,0), (19,0), (19,0), (-3,-3), (-3,-3), (-3,-3)]
Turtle 4 :[(-4,-4), (1,13), (0,13), (0,12), (0,11), (0,10), (0,9)]
Turtle 5 :[(-5,-5), (18,1), (19,1), (19,0), (19,0), (-5,-5), (-5,-5)]

Shrinking Run 38
#Info# Executed steps before collision: 3, Found collision: true
Turtle 1 :[(-1,-1), (16,13), (15,13), (14,13), (13,13), (12,13), (11,13)]
Turtle 2 :[(-2,-2), (5,16), (4,16), (3,16), (3,15), (3,14), (3,13)]
Turtle 3 :[(-3,-3), (18,0), (19,0), (19,0), (-3,-3), (-3,-3), (-3,-3)]
Turtle 4 :[(-4,-4), (1,13), (0,13), (0,12), (0,11), (0,10), (0,9)]
Turtle 5 :[(-5,-5), (18,1), (19,1), (19,0), (19,0), (-5,-5), (-5,-5)]

Shrinking Run 39
#Info# Executed steps before collision: 3, Found collision: true
Turtle 1 :[(-1,-1), (16,13), (15,13), (14,13), (13,13), (12,13), (11,13)]
Turtle 2 :[(-2,-2), (5,16), (4,16), (3,16), (3,15), (2,15), (2,14)]
Turtle 3 :[(-3,-3), (18,0), (19,0), (19,0), (-3,-3), (-3,-3), (-3,-3)]
Turtle 4 :[(-4,-4), (1,13), (0,13), (0,12), (0,11), (0,10), (0,9)]
Turtle 5 :[(-5,-5), (18,1), (19,1), (19,0), (19,0), (-5,-5), (-5,-5)]

Shrinking Run 40
#Info# Executed steps before collision: 6, Found collision: false
Turtle 1 :[(-1,-1), (16,13), (15,13), (14,13), (13,13), (12,13), (11,13)]
Turtle 2 :[(-2,-2), (5,16), (4,16), (3,16), (2,16), (1,16), (1,15)]
Turtle 3 :[(-3,-3), (18,0), (19,0), (19,0), (-3,-3), (-3,-3), (-3,-3)]
Turtle 4 :[(-4,-4), (1,13), (0,13), (0,12), (0,11), (0,10), (0,9)]
Turtle 5 :[(-5,-5), (18,1), (18,1), (18,2), (18,1), (18,0), (19,0)]

Shrinking Run 41
#Info# Executed steps before collision: 3, Found collision: true
Turtle 1 :[(-1,-1), (16,13), (15,13), (14,13), (13,13), (12,13), (11,13)]
Turtle 2 :[(-2,-2), (5,16), (4,16), (3,16), (3,15), (2,15), (1,15)]
Turtle 3 :[(-3,-3), (18,0), (19,0), (19,0), (-3,-3), (-3,-3), (-3,-3)]
Turtle 4 :[(-4,-4), (1,13), (0,13), (0,12), (0,11), (0,10), (0,9)]
Turtle 5 :[(-5,-5), (18,1), (19,1), (19,0), (19,0), (-5,-5), (-5,-5)]

Shrinking Run 42
#Info# Executed steps before collision: 3, Found collision: true
Turtle 1 :[(-1,-1), (16,13), (15,13), (14,13), (13,13), (12,13), (11,13)]
Turtle 2 :[(-2,-2), (5,16), (4,16), (3,16), (2,16), (2,15), (1,15)]
Turtle 3 :[(-3,-3), (18,0), (19,0), (19,0), (-3,-3), (-3,-3), (-3,-3)]
Turtle 4 :[(-4,-4), (1,13), (0,13), (0,12), (0,11), (0,10), (0,9)]
Turtle 5 :[(-5,-5), (18,1), (19,1), (19,0), (19,0), (-5,-5), (-5,-5)]

Shrinking Run 43
#Info# Executed steps before collision: 6, Found collision: false
Turtle 1 :[(-1,-1), (16,13), (15,13), (14,13), (13,13), (12,13), (11,13)]
Turtle 2 :[(-2,-2), (5,16), (4,16), (3,16), (2,16), (2,15), (1,15)]
Turtle 3 :[(-3,-3), (18,0), (17,0), (16,0), (16,1), (16,2), (16,3)]
Turtle 4 :[(-4,-4), (1,13), (0,13), (0,12), (0,11), (0,10), (0,9)]
Turtle 5 :[(-5,-5), (18,1), (19,1), (19,0), (19,0), (-5,-5), (-5,-5)]

Shrinking Run 44
#Info# Executed steps before collision: 8, Found collision: false
Turtle 1 :[(-1,-1), (16,13), (15,13), (14,13), (13,13), (12,13), (11,13), (-1,-1), (-1,-1)]
Turtle 2 :[(-2,-2), (5,16), (4,16), (3,16), (2,16), (2,15), (1,15), (-2,-2), (-2,-2)]
Turtle 3 :[(-3,-3), (18,0), (19,0), (18,0), (19,0), (19,1), (19,2), (19,3), (19,4)]
Turtle 4 :[(-4,-4), (1,13), (0,13), (0,12), (0,11), (0,10), (0,9), (-4,-4), (-4,-4)]
Turtle 5 :[(-5,-5), (18,1), (19,1), (18,1), (18,2), (19,2), (19,1), (19,0), (-5,-5)]

Shrinking Run 45
#Info# Executed steps before collision: 6, Found collision: false
Turtle 1 :[(-1,-1), (16,13), (15,13), (14,13), (13,13), (12,13), (11,13)]
Turtle 2 :[(-2,-2), (5,16), (4,16), (3,16), (2,16), (2,15), (1,15)]
Turtle 3 :[(-3,-3), (18,0), (17,0), (16,0), (15,0), (14,0), (13,0)]
Turtle 4 :[(-4,-4), (1,13), (0,13), (0,12), (0,11), (0,10), (0,9)]
Turtle 5 :[(-5,-5), (18,1), (19,1), (19,0), (19,0), (-5,-5), (-5,-5)]

Shrinking Run 46
#Info# Executed steps before collision: 6, Found collision: false
Turtle 1 :[(-1,-1), (16,13), (15,13), (14,13), (13,13), (12,13), (11,13)]
Turtle 2 :[(-2,-2), (5,16), (4,16), (3,16), (2,16), (2,15), (1,15)]
Turtle 3 :[(-3,-3), (18,0), (17,0), (16,0), (15,0), (-3,-3), (-3,-3)]
Turtle 4 :[(-4,-4), (1,13), (0,13), (0,12), (0,11), (0,10), (0,9)]
Turtle 5 :[(-5,-5), (18,1), (19,1), (19,0), (19,0), (-5,-5), (-5,-5)]

Shrinking Run 47
#Info# Executed steps before collision: 6, Found collision: false
Turtle 1 :[(-1,-1), (16,13), (15,13), (14,13), (13,13), (12,13), (11,13)]
Turtle 2 :[(-2,-2), (5,16), (4,16), (3,16), (2,16), (2,15), (1,15)]
Turtle 3 :[(-3,-3), (18,0), (19,0), (-3,-3), (-3,-3), (-3,-3), (-3,-3)]
Turtle 4 :[(-4,-4), (1,13), (0,13), (0,12), (0,11), (0,10), (0,9)]
Turtle 5 :[(-5,-5), (18,1), (18,2), (18,1), (18,0), (19,0), (-5,-5)]

Shrinking Run 48
#Info# Executed steps before collision: 6, Found collision: false
Turtle 1 :[(-1,-1), (16,13), (15,13), (14,13), (13,13), (12,13), (11,13)]
Turtle 2 :[(-2,-2), (5,16), (4,16), (3,16), (2,16), (2,15), (1,15)]
Turtle 3 :[(-3,-3), (18,0), (19,0), (19,0), (-3,-3), (-3,-3), (-3,-3)]
Turtle 4 :[(-4,-4), (1,13), (0,13), (0,14), (0,15), (-4,-4), (-4,-4)]
Turtle 5 :[(-5,-5), (18,1), (19,1), (19,1), (19,0), (19,0), (-5,-5)]

Shrinking Run 49
#Info# Executed steps before collision: 7, Found collision: false
Turtle 1 :[(-1,-1), (16,13), (15,13), (14,13), (13,13), (12,13), (11,13), (-1,-1)]
Turtle 2 :[(-2,-2), (5,16), (4,16), (3,16), (2,16), (2,15), (2,15), (1,15)]
Turtle 3 :[(-3,-3), (18,0), (19,0), (19,0), (-3,-3), (-3,-3), (-3,-3), (-3,-3)]
Turtle 4 :[(-4,-4), (1,13), (2,13), (1,13), (1,14), (1,15), (-4,-4), (-4,-4)]
Turtle 5 :[(-5,-5), (18,1), (19,1), (19,2), (19,1), (19,0), (-5,-5), (-5,-5)]

Shrinking Run 50
#Info# Executed steps before collision: 6, Found collision: false
Turtle 1 :[(-1,-1), (16,13), (15,13), (14,13), (13,13), (12,13), (11,13)]
Turtle 2 :[(-2,-2), (5,16), (4,16), (3,16), (2,16), (2,15), (1,15)]
Turtle 3 :[(-3,-3), (18,0), (19,0), (19,0), (-3,-3), (-3,-3), (-3,-3)]
Turtle 4 :[(-4,-4), (1,13), (2,13), (2,12), (2,11), (2,10), (2,9)]
Turtle 5 :[(-5,-5), (18,1), (19,1), (19,2), (19,1), (19,0), (-5,-5)]

Shrinking Run 51
#Info# Executed steps before collision: 6, Found collision: false
Turtle 1 :[(-1,-1), (16,13), (15,13), (14,13), (13,13), (12,13), (11,13)]
Turtle 2 :[(-2,-2), (5,16), (4,16), (3,16), (2,16), (2,15), (1,15)]
Turtle 3 :[(-3,-3), (18,0), (19,0), (19,0), (-3,-3), (-3,-3), (-3,-3)]
Turtle 4 :[(-4,-4), (1,13), (0,13), (0,12), (0,11), (0,10), (0,9)]
Turtle 5 :[(-5,-5), (18,1), (17,1), (16,1), (15,1), (15,0), (14,0)]

Shrinking Run 52
#Info# Executed steps before collision: 6, Found collision: false
Turtle 1 :[(-1,-1), (16,13), (15,13), (14,13), (13,13), (12,13), (11,13)]
Turtle 2 :[(-2,-2), (5,16), (4,16), (3,16), (2,16), (2,15), (1,15)]
Turtle 3 :[(-3,-3), (18,0), (19,0), (19,0), (-3,-3), (-3,-3), (-3,-3)]
Turtle 4 :[(-4,-4), (1,13), (0,13), (0,12), (0,11), (0,10), (0,9)]
Turtle 5 :[(-5,-5), (18,1), (17,1), (16,1), (16,0), (15,0), (-5,-5)]

Shrinking Run 53
#Info# Executed steps before collision: 6, Found collision: false
Turtle 1 :[(-1,-1), (16,13), (15,13), (14,13), (13,13), (12,13), (11,13)]
Turtle 2 :[(-2,-2), (5,16), (4,16), (3,16), (2,16), (2,15), (1,15)]
Turtle 3 :[(-3,-3), (18,0), (19,0), (19,0), (-3,-3), (-3,-3), (-3,-3)]
Turtle 4 :[(-4,-4), (1,13), (0,13), (0,12), (0,11), (0,10), (0,9)]
Turtle 5 :[(-5,-5), (18,1), (18,0), (17,0), (18,0), (19,0), (-5,-5)]

Shrink Run 54
#Info# Executed steps before collision: 6, Found collision: false
Turtle 1 :[(-1,-1), (16,13), (15,13), (14,13), (13,13), (12,13), (11,13)]
Turtle 2 :[(-2,-2), (5,16), (4,16), (3,16), (2,16), (2,15), (1,15)]
Turtle 3 :[(-3,-3), (18,0), (19,0), (19,0), (-3,-3), (-3,-3), (-3,-3)]
Turtle 4 :[(-4,-4), (1,13), (0,13), (0,12), (0,11), (0,10), (0,9)]
Turtle 5 :[(-5,-5), (18,1), (19,1), (19,1), (19,0), (-5,-5), (-5,-5)]

