Shrinking Run 1
#Info# Executed steps before collision: 3, Found collision: true
Turtle 1 :[(-1,-1), (3,10), (3,9), (3,8), (2,8), (2,7), (1,7)]
Turtle 2 :[(-2,-2), (1,8), (2,8), (3,8), (3,7), (4,7), (5,7)]
Turtle 3 :[(-3,-3), (9,12), (9,13), (9,14), (9,15), (9,16), (8,16)]
Turtle 4 :[(-4,-4), (14,1), (13,1), (13,0), (-4,-4), (-4,-4), (-4,-4)]
Turtle 5 :[(-5,-5), (11,13), (11,14), (12,14), (12,15), (12,16), (12,17)]

Shrinking Run 2
#Info# Executed steps before collision: 6, Found collision: false
Turtle 1 :[(-1,-1), (3,10), (2,10), (2,9), (1,9), (1,8), (1,7)]
Turtle 2 :[(-2,-2), (1,8), (2,8), (3,8), (4,8), (4,7), (5,7)]
Turtle 3 :[(-3,-3), (9,12), (9,13), (9,14), (9,15), (9,16), (8,16)]
Turtle 4 :[(-4,-4), (14,1), (13,1), (13,0), (-4,-4), (-4,-4), (-4,-4)]
Turtle 5 :[(-5,-5), (11,13), (11,14), (12,14), (12,15), (12,16), (12,17)]

Shrinking Run 3
#Info# Executed steps before collision: 7, Found collision: false
Turtle 1 :[(-1,-1), (3,10), (3,9), (3,8), (3,7), (2,7), (1,7), (-1,-1)]
Turtle 2 :[(-2,-2), (1,8), (2,8), (2,8), (3,8), (4,8), (4,7), (5,7)]
Turtle 3 :[(-3,-3), (9,12), (9,13), (9,14), (9,15), (9,16), (8,16), (-3,-3)]
Turtle 4 :[(-4,-4), (14,1), (13,1), (13,0), (-4,-4), (-4,-4), (-4,-4), (-4,-4)]
Turtle 5 :[(-5,-5), (11,13), (11,14), (12,14), (12,15), (12,16), (12,17), (-5,-5)]

Shrinking Run 4
#Info# Executed steps before collision: 6, Found collision: false
Turtle 1 :[(-1,-1), (3,10), (3,9), (2,9), (1,9), (1,8), (1,7)]
Turtle 2 :[(-2,-2), (1,8), (2,8), (2,7), (3,7), (4,7), (5,7)]
Turtle 3 :[(-3,-3), (9,12), (9,13), (9,14), (9,15), (9,16), (8,16)]
Turtle 4 :[(-4,-4), (14,1), (13,1), (13,0), (-4,-4), (-4,-4), (-4,-4)]
Turtle 5 :[(-5,-5), (11,13), (11,14), (12,14), (12,15), (12,16), (12,17)]

Shrinking Run 5
#Info# Executed steps before collision: 8, Found collision: false
Turtle 1 :[(-1,-1), (3,10), (3,9), (4,9), (3,9), (2,9), (2,8), (2,7), (1,7)]
Turtle 2 :[(-2,-2), (1,8), (2,8), (2,7), (3,7), (4,7), (5,7), (-2,-2), (-2,-2)]
Turtle 3 :[(-3,-3), (9,12), (9,13), (9,14), (9,15), (9,16), (8,16), (-3,-3), (-3,-3)]
Turtle 4 :[(-4,-4), (14,1), (13,1), (13,0), (-4,-4), (-4,-4), (-4,-4), (-4,-4), (-4,-4)]
Turtle 5 :[(-5,-5), (11,13), (11,14), (12,14), (12,15), (12,16), (12,17), (-5,-5), (-5,-5)]

Shrinking Run 6
#Info# Executed steps before collision: 6, Found collision: false
Turtle 1 :[(-1,-1), (3,10), (3,9), (3,8), (2,8), (2,7), (1,7)]
Turtle 2 :[(-2,-2), (1,8), (2,8), (2,7), (-2,-2), (-2,-2), (-2,-2)]
Turtle 3 :[(-3,-3), (9,12), (9,13), (9,14), (9,15), (9,16), (8,16)]
Turtle 4 :[(-4,-4), (14,1), (13,1), (13,0), (-4,-4), (-4,-4), (-4,-4)]
Turtle 5 :[(-5,-5), (11,13), (11,14), (12,14), (12,15), (12,16), (12,17)]

Shrinking Run 7
#Info# Executed steps before collision: 3, Found collision: true
Turtle 1 :[(-1,-1), (3,10), (3,9), (3,8), (2,8), (2,7), (1,7)]
Turtle 2 :[(-2,-2), (1,8), (2,8), (3,8), (4,8), (4,7), (-2,-2)]
Turtle 3 :[(-3,-3), (9,12), (9,13), (9,14), (9,15), (9,16), (8,16)]
Turtle 4 :[(-4,-4), (14,1), (13,1), (13,0), (-4,-4), (-4,-4), (-4,-4)]
Turtle 5 :[(-5,-5), (11,13), (11,14), (12,14), (12,15), (12,16), (12,17)]

Shrinking Run 8
#Info# Executed steps before collision: 7, Found collision: false
Turtle 1 :[(-1,-1), (3,10), (3,9), (3,8), (2,8), (2,8), (2,7), (1,7)]
Turtle 2 :[(-2,-2), (1,8), (2,8), (2,7), (3,7), (-2,-2), (-2,-2), (-2,-2)]
Turtle 3 :[(-3,-3), (9,12), (9,13), (9,14), (9,15), (9,16), (8,16), (-3,-3)]
Turtle 4 :[(-4,-4), (14,1), (13,1), (13,0), (-4,-4), (-4,-4), (-4,-4), (-4,-4)]
Turtle 5 :[(-5,-5), (11,13), (11,14), (12,14), (12,15), (12,16), (12,17), (-5,-5)]

Shrinking Run 9
#Info# Executed steps before collision: 7, Found collision: false
Turtle 1 :[(-1,-1), (3,10), (3,9), (3,8), (2,8), (2,7), (1,7), (-1,-1)]
Turtle 2 :[(-2,-2), (1,8), (1,7), (2,7), (2,7), (3,7), (3,6), (3,5)]
Turtle 3 :[(-3,-3), (9,12), (9,13), (9,14), (9,15), (9,16), (8,16), (-3,-3)]
Turtle 4 :[(-4,-4), (14,1), (13,1), (13,0), (-4,-4), (-4,-4), (-4,-4), (-4,-4)]
Turtle 5 :[(-5,-5), (11,13), (11,14), (12,14), (12,15), (12,16), (12,17), (-5,-5)]

Shrinking Run 10
#Info# Executed steps before collision: 6, Found collision: false
Turtle 1 :[(-1,-1), (3,10), (3,9), (3,8), (2,8), (2,7), (1,7)]
Turtle 2 :[(-2,-2), (1,8), (1,7), (2,7), (3,7), (3,6), (4,6)]
Turtle 3 :[(-3,-3), (9,12), (9,13), (9,14), (9,15), (9,16), (8,16)]
Turtle 4 :[(-4,-4), (14,1), (13,1), (13,0), (-4,-4), (-4,-4), (-4,-4)]
Turtle 5 :[(-5,-5), (11,13), (11,14), (12,14), (12,15), (12,16), (12,17)]

Shrinking Run 11
#Info# Executed steps before collision: 6, Found collision: false
Turtle 1 :[(-1,-1), (3,10), (3,9), (3,8), (2,8), (2,7), (1,7)]
Turtle 2 :[(-2,-2), (1,8), (2,8), (2,7), (2,7), (3,7), (4,7)]
Turtle 3 :[(-3,-3), (9,12), (8,12), (8,13), (7,13), (7,14), (6,14)]
Turtle 4 :[(-4,-4), (14,1), (13,1), (13,0), (-4,-4), (-4,-4), (-4,-4)]
Turtle 5 :[(-5,-5), (11,13), (11,14), (12,14), (12,15), (12,16), (12,17)]

Shrinking Run 12
#Info# Executed steps before collision: 3, Found collision: true
Turtle 1 :[(-1,-1), (3,10), (3,9), (3,8), (2,8), (2,7), (1,7)]
Turtle 2 :[(-2,-2), (1,8), (2,8), (3,8), (4,8), (4,7), (-2,-2)]
Turtle 3 :[(-3,-3), (9,12), (8,12), (8,13), (8,14), (8,15), (7,15)]
Turtle 4 :[(-4,-4), (14,1), (13,1), (13,0), (-4,-4), (-4,-4), (-4,-4)]
Turtle 5 :[(-5,-5), (11,13), (11,14), (12,14), (12,15), (12,16), (12,17)]

Shrinking Run 13
#Info# Executed steps before collision: 3, Found collision: true
Turtle 1 :[(-1,-1), (3,10), (3,9), (3,8), (2,8), (2,7), (1,7)]
Turtle 2 :[(-2,-2), (1,8), (2,8), (3,8), (3,7), (4,7), (-2,-2)]
Turtle 3 :[(-3,-3), (9,12), (8,12), (8,13), (7,13), (7,14), (7,15)]
Turtle 4 :[(-4,-4), (14,1), (13,1), (13,0), (-4,-4), (-4,-4), (-4,-4)]
Turtle 5 :[(-5,-5), (11,13), (11,14), (12,14), (12,15), (12,16), (12,17)]

Shrinking Run 14
#Info# Executed steps before collision: 3, Found collision: true
Turtle 1 :[(-1,-1), (3,10), (3,9), (3,8), (2,8), (2,7), (1,7)]
Turtle 2 :[(-2,-2), (1,8), (2,8), (3,8), (4,8), (4,7), (-2,-2)]
Turtle 3 :[(-3,-3), (9,12), (8,12), (8,11), (7,11), (7,10), (7,9)]
Turtle 4 :[(-4,-4), (14,1), (13,1), (13,0), (-4,-4), (-4,-4), (-4,-4)]
Turtle 5 :[(-5,-5), (11,13), (11,14), (12,14), (12,15), (12,16), (12,17)]

Shrinking Run 15
#Info# Executed steps before collision: 8, Found collision: false
Turtle 1 :[(-1,-1), (3,10), (3,9), (4,9), (3,9), (2,9), (2,8), (2,7), (1,7)]
Turtle 2 :[(-2,-2), (1,8), (2,8), (3,8), (3,7), (4,7), (-2,-2), (-2,-2), (-2,-2)]
Turtle 3 :[(-3,-3), (9,12), (8,12), (8,11), (7,11), (7,10), (6,10), (-3,-3), (-3,-3)]
Turtle 4 :[(-4,-4), (14,1), (13,1), (13,0), (-4,-4), (-4,-4), (-4,-4), (-4,-4), (-4,-4)]
Turtle 5 :[(-5,-5), (11,13), (11,14), (12,14), (12,15), (12,16), (12,17), (-5,-5), (-5,-5)]

Shrinking Run 16
#Info# Executed steps before collision: 9, Found collision: false
Turtle 1 :[(-1,-1), (3,10), (3,9), (3,8), (2,8), (2,7), (1,7), (-1,-1), (-1,-1), (-1,-1)]
Turtle 2 :[(-2,-2), (1,8), (2,8), (1,8), (1,7), (1,6), (2,6), (3,6), (3,7), (4,7)]
Turtle 3 :[(-3,-3), (9,12), (8,12), (7,12), (7,11), (7,10), (7,9), (-3,-3), (-3,-3), (-3,-3)]
Turtle 4 :[(-4,-4), (14,1), (13,1), (13,0), (-4,-4), (-4,-4), (-4,-4), (-4,-4), (-4,-4), (-4,-4)]
Turtle 5 :[(-5,-5), (11,13), (11,14), (12,14), (12,15), (12,16), (12,17), (-5,-5), (-5,-5), (-5,-5)]

Shrinking Run 17
#Info# Executed steps before collision: 3, Found collision: true
Turtle 1 :[(-1,-1), (3,10), (3,9), (3,8), (2,8), (2,7), (1,7)]
Turtle 2 :[(-2,-2), (1,8), (2,8), (3,8), (4,8), (4,7), (-2,-2)]
Turtle 3 :[(-3,-3), (9,12), (8,12), (8,11), (7,11), (6,11), (6,10)]
Turtle 4 :[(-4,-4), (14,1), (13,1), (13,0), (-4,-4), (-4,-4), (-4,-4)]
Turtle 5 :[(-5,-5), (11,13), (11,14), (12,14), (12,15), (12,16), (12,17)]

Shrinking Run 18
#Info# Executed steps before collision: 3, Found collision: true
Turtle 1 :[(-1,-1), (3,10), (3,9), (3,8), (2,8), (2,7), (1,7)]
Turtle 2 :[(-2,-2), (1,8), (2,8), (3,8), (3,7), (4,7), (-2,-2)]
Turtle 3 :[(-3,-3), (9,12), (8,12), (8,11), (7,11), (6,11), (5,11)]
Turtle 4 :[(-4,-4), (14,1), (13,1), (13,0), (-4,-4), (-4,-4), (-4,-4)]
Turtle 5 :[(-5,-5), (11,13), (11,14), (12,14), (12,15), (12,16), (12,17)]

Shrinking Run 19
#Info# Executed steps before collision: 3, Found collision: true
Turtle 1 :[(-1,-1), (3,10), (3,9), (3,8), (2,8), (2,7), (1,7), (-1,-1)]
Turtle 2 :[(-2,-2), (1,8), (2,8), (3,8), (3,9), (3,8), (3,7), (4,7)]
Turtle 3 :[(-3,-3), (9,12), (8,12), (8,11), (7,11), (6,11), (5,11), (-3,-3)]
Turtle 4 :[(-4,-4), (14,1), (13,1), (12,1), (11,1), (10,1), (10,0), (-4,-4)]
Turtle 5 :[(-5,-5), (11,13), (11,14), (12,14), (12,15), (12,16), (12,17), (-5,-5)]

Shrinking Run 20
#Info# Executed steps before collision: 3, Found collision: true
Turtle 1 :[(-1,-1), (3,10), (3,9), (3,8), (2,8), (2,7), (1,7)]
Turtle 2 :[(-2,-2), (1,8), (2,8), (3,8), (4,8), (4,7), (-2,-2)]
Turtle 3 :[(-3,-3), (9,12), (8,12), (8,11), (7,11), (6,11), (5,11)]
Turtle 4 :[(-4,-4), (14,1), (13,1), (12,1), (11,1), (10,1), (9,1)]
Turtle 5 :[(-5,-5), (11,13), (11,14), (12,14), (12,15), (12,16), (12,17)]

Shrinking Run 21
#Info# Executed steps before collision: 9, Found collision: false
Turtle 1 :[(-1,-1), (3,10), (3,9), (3,9), (3,8), (2,8), (2,9), (2,8), (1,8), (1,7)]
Turtle 2 :[(-2,-2), (1,8), (2,8), (1,8), (2,8), (2,7), (3,7), (4,7), (-2,-2), (-2,-2)]
Turtle 3 :[(-3,-3), (9,12), (8,12), (8,11), (7,11), (6,11), (5,11), (-3,-3), (-3,-3), (-3,-3)]
Turtle 4 :[(-4,-4), (14,1), (13,1), (12,1), (11,1), (10,1), (9,1), (-4,-4), (-4,-4), (-4,-4)]
Turtle 5 :[(-5,-5), (11,13), (11,14), (10,14), (10,15), (10,16), (10,17), (-5,-5), (-5,-5), (-5,-5)]

Shrinking Run 22
#Info# Executed steps before collision: 4, Found collision: true
Turtle 1 :[(-1,-1), (3,10), (3,9), (4,9), (4,8), (3,8), (2,8), (2,7), (1,7)]
Turtle 2 :[(-2,-2), (1,8), (2,8), (3,8), (4,8), (4,7), (-2,-2), (-2,-2), (-2,-2)]
Turtle 3 :[(-3,-3), (9,12), (8,12), (8,11), (7,11), (6,11), (5,11), (-3,-3), (-3,-3)]
Turtle 4 :[(-4,-4), (14,1), (13,1), (12,1), (11,1), (10,1), (9,1), (-4,-4), (-4,-4)]
Turtle 5 :[(-5,-5), (11,13), (11,14), (11,15), (11,16), (11,17), (-5,-5), (-5,-5), (-5,-5)]

Shrinking Run 23
#Info# Executed steps before collision: 3, Found collision: true
Turtle 1 :[(-1,-1), (3,10), (3,9), (3,8), (2,8), (2,7), (1,7)]
Turtle 2 :[(-2,-2), (1,8), (2,8), (3,8), (4,8), (4,7), (-2,-2)]
Turtle 3 :[(-3,-3), (9,12), (8,12), (8,11), (7,11), (6,11), (5,11)]
Turtle 4 :[(-4,-4), (14,1), (13,1), (12,1), (11,1), (10,1), (9,1)]
Turtle 5 :[(-5,-5), (11,13), (11,12), (11,11), (11,10), (11,9), (11,8)]

Shrinking Run 24
#Info# Executed steps before collision: 3, Found collision: true
Turtle 1 :[(-1,-1), (3,10), (3,9), (3,8), (2,8), (2,7), (1,7)]
Turtle 2 :[(-2,-2), (1,8), (2,8), (3,8), (4,8), (4,7), (-2,-2)]
Turtle 3 :[(-3,-3), (9,12), (8,12), (8,11), (7,11), (6,11), (5,11)]
Turtle 4 :[(-4,-4), (14,1), (13,1), (12,1), (11,1), (10,1), (9,1)]
Turtle 5 :[(-5,-5), (11,13), (11,12), (10,12), (10,11), (10,10), (10,9)]

Shrinking Run 25
#Info# Executed steps before collision: 3, Found collision: true
Turtle 1 :[(-1,-1), (3,10), (3,9), (3,8), (2,8), (2,7), (1,7)]
Turtle 2 :[(-2,-2), (1,8), (2,8), (3,8), (4,8), (4,7), (-2,-2)]
Turtle 3 :[(-3,-3), (9,12), (8,12), (8,11), (7,11), (6,11), (5,11)]
Turtle 4 :[(-4,-4), (14,1), (13,1), (12,1), (11,1), (10,1), (9,1)]
Turtle 5 :[(-5,-5), (11,13), (11,12), (10,12), (10,11), (9,11), (9,10)]

Shrinking Run 26
#Info# Executed steps before collision: 3, Found collision: true
Turtle 1 :[(-1,-1), (3,10), (3,9), (3,8), (2,8), (2,7), (1,7)]
Turtle 2 :[(-2,-2), (1,8), (2,8), (3,8), (4,8), (4,7), (-2,-2)]
Turtle 3 :[(-3,-3), (9,12), (8,12), (8,11), (7,11), (6,11), (5,11)]
Turtle 4 :[(-4,-4), (14,1), (13,1), (12,1), (11,1), (10,1), (9,1)]
Turtle 5 :[(-5,-5), (11,13), (11,12), (10,12), (9,12), (8,12), (8,11)]

Shrinking Run 27
#Info# Executed steps before collision: 3, Found collision: true
Turtle 1 :[(-1,-1), (3,10), (3,9), (3,8), (2,8), (2,7), (1,7)]
Turtle 2 :[(-2,-2), (1,8), (2,8), (3,8), (4,8), (4,7), (-2,-2)]
Turtle 3 :[(-3,-3), (9,12), (8,12), (8,11), (7,11), (6,11), (5,11)]
Turtle 4 :[(-4,-4), (14,1), (13,1), (12,1), (11,1), (10,1), (9,1)]
Turtle 5 :[(-5,-5), (11,13), (10,13), (9,13), (8,13), (7,13), (7,12)]

Shrinking Run 28
#Info# Executed steps before collision: 7, Found collision: false
Turtle 1 :[(-1,-1), (3,10), (3,9), (3,9), (3,8), (2,8), (2,7), (1,7)]
Turtle 2 :[(-2,-2), (1,8), (2,8), (1,8), (2,8), (2,7), (3,7), (4,7)]
Turtle 3 :[(-3,-3), (9,12), (8,12), (8,11), (7,11), (6,11), (5,11), (-3,-3)]
Turtle 4 :[(-4,-4), (14,1), (13,1), (12,1), (11,1), (10,1), (9,1), (-4,-4)]
Turtle 5 :[(-5,-5), (11,13), (10,13), (9,13), (8,13), (7,13), (6,13), (-5,-5)]

Shrinking Run 29
#Info# Executed steps before collision: 6, Found collision: false
Turtle 1 :[(-1,-1), (3,10), (2,10), (2,9), (1,9), (1,8), (1,7)]
Turtle 2 :[(-2,-2), (1,8), (2,8), (3,8), (4,8), (4,7), (-2,-2)]
Turtle 3 :[(-3,-3), (9,12), (8,12), (8,11), (7,11), (6,11), (5,11)]
Turtle 4 :[(-4,-4), (14,1), (13,1), (12,1), (11,1), (10,1), (9,1)]
Turtle 5 :[(-5,-5), (11,13), (10,13), (9,13), (8,13), (7,13), (7,12)]

Shrinking Run 30
#Info# Executed steps before collision: 3, Found collision: true
Turtle 1 :[(-1,-1), (3,10), (3,9), (3,8), (2,8), (1,8), (1,7)]
Turtle 2 :[(-2,-2), (1,8), (2,8), (3,8), (4,8), (4,7), (-2,-2)]
Turtle 3 :[(-3,-3), (9,12), (8,12), (8,11), (7,11), (6,11), (5,11)]
Turtle 4 :[(-4,-4), (14,1), (13,1), (12,1), (11,1), (10,1), (9,1)]
Turtle 5 :[(-5,-5), (11,13), (10,13), (9,13), (8,13), (7,13), (7,12)]

Shrinking Run 31
#Info# Executed steps before collision: 6, Found collision: false
Turtle 1 :[(-1,-1), (3,10), (3,9), (2,9), (2,8), (1,8), (1,7)]
Turtle 2 :[(-2,-2), (1,8), (2,8), (3,8), (4,8), (4,7), (-2,-2)]
Turtle 3 :[(-3,-3), (9,12), (8,12), (8,11), (7,11), (6,11), (5,11)]
Turtle 4 :[(-4,-4), (14,1), (13,1), (12,1), (11,1), (10,1), (9,1)]
Turtle 5 :[(-5,-5), (11,13), (10,13), (9,13), (8,13), (7,13), (7,12)]

Shrinking Run 32
#Info# Executed steps before collision: 3, Found collision: true
Turtle 1 :[(-1,-1), (3,10), (3,9), (3,8), (2,8), (1,8), (0,8)]
Turtle 2 :[(-2,-2), (1,8), (2,8), (3,8), (4,8), (4,7), (-2,-2)]
Turtle 3 :[(-3,-3), (9,12), (8,12), (8,11), (7,11), (6,11), (5,11)]
Turtle 4 :[(-4,-4), (14,1), (13,1), (12,1), (11,1), (10,1), (9,1)]
Turtle 5 :[(-5,-5), (11,13), (10,13), (9,13), (8,13), (7,13), (7,12)]

Shrinking Run 33
#Info# Executed steps before collision: 6, Found collision: false
Turtle 1 :[(-1,-1), (3,10), (3,9), (2,9), (1,9), (1,8), (0,8)]
Turtle 2 :[(-2,-2), (1,8), (2,8), (3,8), (4,8), (4,7), (-2,-2)]
Turtle 3 :[(-3,-3), (9,12), (8,12), (8,11), (7,11), (6,11), (5,11)]
Turtle 4 :[(-4,-4), (14,1), (13,1), (12,1), (11,1), (10,1), (9,1)]
Turtle 5 :[(-5,-5), (11,13), (10,13), (9,13), (8,13), (7,13), (7,12)]

Shrinking Run 34
#Info# Executed steps before collision: 6, Found collision: false
Turtle 1 :[(-1,-1), (3,10), (3,9), (3,8), (2,8), (1,8), (0,8)]
Turtle 2 :[(-2,-2), (1,8), (0,8), (0,7), (-2,-2), (-2,-2), (-2,-2)]
Turtle 3 :[(-3,-3), (9,12), (8,12), (8,11), (7,11), (6,11), (5,11)]
Turtle 4 :[(-4,-4), (14,1), (13,1), (12,1), (11,1), (10,1), (9,1)]
Turtle 5 :[(-5,-5), (11,13), (10,13), (9,13), (8,13), (7,13), (7,12)]

Shrinking Run 35
#Info# Executed steps before collision: 6, Found collision: false
Turtle 1 :[(-1,-1), (3,10), (3,9), (3,8), (2,8), (1,8), (0,8)]
Turtle 2 :[(-2,-2), (1,8), (2,8), (2,7), (-2,-2), (-2,-2), (-2,-2)]
Turtle 3 :[(-3,-3), (9,12), (8,12), (8,11), (7,11), (6,11), (5,11)]
Turtle 4 :[(-4,-4), (14,1), (13,1), (12,1), (11,1), (10,1), (9,1)]
Turtle 5 :[(-5,-5), (11,13), (10,13), (9,13), (8,13), (7,13), (7,12)]

Shrinking Run 36
#Info# Executed steps before collision: 6, Found collision: false
Turtle 1 :[(-1,-1), (3,10), (3,9), (3,8), (2,8), (1,8), (0,8)]
Turtle 2 :[(-2,-2), (1,8), (2,8), (2,7), (1,7), (2,7), (3,7)]
Turtle 3 :[(-3,-3), (9,12), (8,12), (8,11), (7,11), (6,11), (5,11)]
Turtle 4 :[(-4,-4), (14,1), (13,1), (12,1), (11,1), (10,1), (9,1)]
Turtle 5 :[(-5,-5), (11,13), (10,13), (9,13), (8,13), (7,13), (7,12)]

Shrinking Run 37
#Info# Executed steps before collision: 6, Found collision: false
Turtle 1 :[(-1,-1), (3,10), (3,9), (3,8), (2,8), (1,8), (0,8)]
Turtle 2 :[(-2,-2), (1,8), (1,7), (2,7), (3,7), (3,6), (3,5)]
Turtle 3 :[(-3,-3), (9,12), (8,12), (8,11), (7,11), (6,11), (5,11)]
Turtle 4 :[(-4,-4), (14,1), (13,1), (12,1), (11,1), (10,1), (9,1)]
Turtle 5 :[(-5,-5), (11,13), (10,13), (9,13), (8,13), (7,13), (7,12)]

Shrinking Run 38
#Info# Executed steps before collision: 6, Found collision: false
Turtle 1 :[(-1,-1), (3,10), (3,9), (3,8), (2,8), (1,8), (0,8)]
Turtle 2 :[(-2,-2), (1,8), (1,7), (2,7), (3,7), (3,6), (4,6)]
Turtle 3 :[(-3,-3), (9,12), (8,12), (8,11), (7,11), (6,11), (5,11)]
Turtle 4 :[(-4,-4), (14,1), (13,1), (12,1), (11,1), (10,1), (9,1)]
Turtle 5 :[(-5,-5), (11,13), (10,13), (9,13), (8,13), (7,13), (7,12)]

Shrinking Run 39
#Info# Executed steps before collision: 3, Found collision: true
Turtle 1 :[(-1,-1), (3,10), (3,9), (3,8), (2,8), (1,8), (0,8), (-1,-1), (-1,-1)]
Turtle 2 :[(-2,-2), (1,8), (2,8), (3,8), (2,8), (2,7), (3,7), (4,7), (-2,-2)]
Turtle 3 :[(-3,-3), (9,12), (8,12), (8,13), (7,13), (7,14), (6,14), (-3,-3), (-3,-3)]
Turtle 4 :[(-4,-4), (14,1), (13,1), (12,1), (11,1), (10,1), (9,1), (-4,-4), (-4,-4)]
Turtle 5 :[(-5,-5), (11,13), (10,13), (9,13), (9,14), (8,14), (8,13), (8,12), (7,12)]

Shrinking Run 40
#Info# Executed steps before collision: 8, Found collision: false
Turtle 1 :[(-1,-1), (3,10), (3,9), (3,10), (2,10), (2,9), (1,9), (1,8), (0,8)]
Turtle 2 :[(-2,-2), (1,8), (2,8), (3,8), (4,8), (4,7), (-2,-2), (-2,-2), (-2,-2)]
Turtle 3 :[(-3,-3), (9,12), (8,12), (8,11), (7,11), (7,10), (6,10), (-3,-3), (-3,-3)]
Turtle 4 :[(-4,-4), (14,1), (13,1), (12,1), (11,1), (10,1), (9,1), (-4,-4), (-4,-4)]
Turtle 5 :[(-5,-5), (11,13), (10,13), (9,13), (8,13), (7,13), (7,12), (-5,-5), (-5,-5)]

Shrinking Run 41
#Info# Executed steps before collision: 7, Found collision: false
Turtle 1 :[(-1,-1), (3,10), (3,9), (3,8), (2,8), (1,8), (0,8), (-1,-1)]
Turtle 2 :[(-2,-2), (1,8), (2,8), (1,8), (1,7), (2,7), (3,7), (4,7)]
Turtle 3 :[(-3,-3), (9,12), (8,12), (7,12), (6,12), (6,11), (5,11), (-3,-3)]
Turtle 4 :[(-4,-4), (14,1), (13,1), (12,1), (11,1), (10,1), (9,1), (-4,-4)]
Turtle 5 :[(-5,-5), (11,13), (10,13), (9,13), (8,13), (7,13), (7,12), (-5,-5)]

Shrinking Run 42
#Info# Executed steps before collision: 4, Found collision: true
Turtle 1 :[(-1,-1), (3,10), (3,9), (3,8), (2,8), (1,8), (0,8), (-1,-1)]
Turtle 2 :[(-2,-2), (1,8), (2,8), (2,9), (2,8), (3,8), (4,8), (4,7)]
Turtle 3 :[(-3,-3), (9,12), (8,12), (7,12), (6,12), (5,12), (4,12), (-3,-3)]
Turtle 4 :[(-4,-4), (14,1), (13,1), (12,1), (11,1), (10,1), (9,1), (-4,-4)]
Turtle 5 :[(-5,-5), (11,13), (10,13), (9,13), (8,13), (7,13), (7,12), (-5,-5)]

Shrinking Run 43
#Info# Executed steps before collision: 3, Found collision: true
Turtle 1 :[(-1,-1), (3,10), (3,9), (3,8), (2,8), (1,8), (0,8)]
Turtle 2 :[(-2,-2), (1,8), (2,8), (3,8), (4,8), (4,7), (-2,-2)]
Turtle 3 :[(-3,-3), (9,12), (8,12), (7,12), (6,12), (5,12), (4,12)]
Turtle 4 :[(-4,-4), (14,1), (13,1), (12,1), (11,1), (10,1), (9,1)]
Turtle 5 :[(-5,-5), (11,13), (11,14), (10,14), (10,15), (10,16), (10,17)]

Shrinking Run 44
#Info# Executed steps before collision: 3, Found collision: true
Turtle 1 :[(-1,-1), (3,10), (3,9), (3,8), (2,8), (3,8), (2,8), (1,8), (0,8)]
Turtle 2 :[(-2,-2), (1,8), (2,8), (3,8), (2,8), (2,7), (3,7), (4,7), (-2,-2)]
Turtle 3 :[(-3,-3), (9,12), (8,12), (7,12), (6,12), (5,12), (4,12), (-3,-3), (-3,-3)]
Turtle 4 :[(-4,-4), (14,1), (13,1), (12,1), (11,1), (10,1), (9,1), (-4,-4), (-4,-4)]
Turtle 5 :[(-5,-5), (11,13), (11,12), (10,12), (10,11), (10,10), (10,9), (-5,-5), (-5,-5)]

Shrinking Run 45
#Info# Executed steps before collision: 3, Found collision: true
Turtle 1 :[(-1,-1), (3,10), (3,9), (3,8), (2,8), (1,8), (0,8), (-1,-1)]
Turtle 2 :[(-2,-2), (1,8), (2,8), (3,8), (3,9), (3,8), (4,8), (4,7)]
Turtle 3 :[(-3,-3), (9,12), (8,12), (7,12), (6,12), (5,12), (4,12), (-3,-3)]
Turtle 4 :[(-4,-4), (14,1), (13,1), (12,1), (11,1), (10,1), (9,1), (-4,-4)]
Turtle 5 :[(-5,-5), (11,13), (11,12), (10,12), (10,11), (9,11), (9,10), (-5,-5)]

Shrinking Run 46
#Info# Executed steps before collision: 3, Found collision: true
Turtle 1 :[(-1,-1), (3,10), (3,9), (3,8), (2,8), (1,8), (0,8)]
Turtle 2 :[(-2,-2), (1,8), (2,8), (3,8), (4,8), (4,7), (-2,-2)]
Turtle 3 :[(-3,-3), (9,12), (8,12), (7,12), (6,12), (5,12), (4,12)]
Turtle 4 :[(-4,-4), (14,1), (13,1), (12,1), (11,1), (10,1), (9,1)]
Turtle 5 :[(-5,-5), (11,13), (11,12), (10,12), (9,12), (8,12), (8,11)]

Shrinking Run 47
#Info# Executed steps before collision: 3, Found collision: true
Turtle 1 :[(-1,-1), (3,10), (3,9), (3,8), (2,8), (1,8), (0,8)]
Turtle 2 :[(-2,-2), (1,8), (2,8), (3,8), (4,8), (4,7), (-2,-2)]
Turtle 3 :[(-3,-3), (9,12), (8,12), (7,12), (6,12), (5,12), (4,12)]
Turtle 4 :[(-4,-4), (14,1), (13,1), (12,1), (11,1), (10,1), (9,1)]
Turtle 5 :[(-5,-5), (11,13), (10,13), (9,13), (8,13), (7,13), (6,13)]

Shrinking Run 48
#Info# Executed steps before collision: 6, Found collision: false
Turtle 1 :[(-1,-1), (3,10), (2,10), (2,9), (1,9), (1,8), (1,7)]
Turtle 2 :[(-2,-2), (1,8), (2,8), (3,8), (4,8), (4,7), (-2,-2)]
Turtle 3 :[(-3,-3), (9,12), (8,12), (7,12), (6,12), (5,12), (4,12)]
Turtle 4 :[(-4,-4), (14,1), (13,1), (12,1), (11,1), (10,1), (9,1)]
Turtle 5 :[(-5,-5), (11,13), (10,13), (9,13), (8,13), (7,13), (6,13)]

Shrinking Run 49
#Info# Executed steps before collision: 6, Found collision: false
Turtle 1 :[(-1,-1), (3,10), (3,9), (2,9), (2,8), (1,8), (1,7)]
Turtle 2 :[(-2,-2), (1,8), (2,8), (3,8), (4,8), (4,7), (-2,-2)]
Turtle 3 :[(-3,-3), (9,12), (8,12), (7,12), (6,12), (5,12), (4,12)]
Turtle 4 :[(-4,-4), (14,1), (13,1), (12,1), (11,1), (10,1), (9,1)]
Turtle 5 :[(-5,-5), (11,13), (10,13), (9,13), (8,13), (7,13), (6,13)]

Shrinking Run 50
#Info# Executed steps before collision: 6, Found collision: false
Turtle 1 :[(-1,-1), (3,10), (3,9), (2,9), (1,9), (1,8), (0,8)]
Turtle 2 :[(-2,-2), (1,8), (2,8), (3,8), (4,8), (4,7), (-2,-2)]
Turtle 3 :[(-3,-3), (9,12), (8,12), (7,12), (6,12), (5,12), (4,12)]
Turtle 4 :[(-4,-4), (14,1), (13,1), (12,1), (11,1), (10,1), (9,1)]
Turtle 5 :[(-5,-5), (11,13), (10,13), (9,13), (8,13), (7,13), (6,13)]

Shrinking Run 51
#Info# Executed steps before collision: 6, Found collision: false
Turtle 1 :[(-1,-1), (3,10), (3,9), (3,8), (2,8), (1,8), (0,8)]
Turtle 2 :[(-2,-2), (1,8), (0,8), (0,7), (-2,-2), (-2,-2), (-2,-2)]
Turtle 3 :[(-3,-3), (9,12), (8,12), (7,12), (6,12), (5,12), (4,12)]
Turtle 4 :[(-4,-4), (14,1), (13,1), (12,1), (11,1), (10,1), (9,1)]
Turtle 5 :[(-5,-5), (11,13), (10,13), (9,13), (8,13), (7,13), (6,13)]

Shrinking Run 52
#Info# Executed steps before collision: 6, Found collision: false
Turtle 1 :[(-1,-1), (3,10), (3,9), (3,8), (2,8), (1,8), (0,8)]
Turtle 2 :[(-2,-2), (1,8), (2,8), (2,7), (-2,-2), (-2,-2), (-2,-2)]
Turtle 3 :[(-3,-3), (9,12), (8,12), (7,12), (6,12), (5,12), (4,12)]
Turtle 4 :[(-4,-4), (14,1), (13,1), (12,1), (11,1), (10,1), (9,1)]
Turtle 5 :[(-5,-5), (11,13), (10,13), (9,13), (8,13), (7,13), (6,13)]

Shrinking Run 53
#Info# Executed steps before collision: 6, Found collision: false
Turtle 1 :[(-1,-1), (3,10), (3,9), (3,8), (2,8), (1,8), (0,8)]
Turtle 2 :[(-2,-2), (1,8), (2,8), (2,7), (3,7), (-2,-2), (-2,-2)]
Turtle 3 :[(-3,-3), (9,12), (8,12), (7,12), (6,12), (5,12), (4,12)]
Turtle 4 :[(-4,-4), (14,1), (13,1), (12,1), (11,1), (10,1), (9,1)]
Turtle 5 :[(-5,-5), (11,13), (10,13), (9,13), (8,13), (7,13), (6,13)]

Shrinking Run 54
#Info# Executed steps before collision: 6, Found collision: false
Turtle 1 :[(-1,-1), (3,10), (3,9), (3,8), (2,8), (1,8), (0,8)]
Turtle 2 :[(-2,-2), (1,8), (1,7), (2,7), (3,7), (3,6), (3,5)]
Turtle 3 :[(-3,-3), (9,12), (8,12), (7,12), (6,12), (5,12), (4,12)]
Turtle 4 :[(-4,-4), (14,1), (13,1), (12,1), (11,1), (10,1), (9,1)]
Turtle 5 :[(-5,-5), (11,13), (10,13), (9,13), (8,13), (7,13), (6,13)]

Shrinking Run 55
#Info# Executed steps before collision: 6, Found collision: false
Turtle 1 :[(-1,-1), (3,10), (3,9), (3,8), (2,8), (1,8), (0,8)]
Turtle 2 :[(-2,-2), (1,8), (1,7), (2,7), (2,6), (3,6), (4,6)]
Turtle 3 :[(-3,-3), (9,12), (8,12), (7,12), (6,12), (5,12), (4,12)]
Turtle 4 :[(-4,-4), (14,1), (13,1), (12,1), (11,1), (10,1), (9,1)]
Turtle 5 :[(-5,-5), (11,13), (10,13), (9,13), (8,13), (7,13), (6,13)]

Shrinking Run 56
#Info# Executed steps before collision: 3, Found collision: true
Turtle 1 :[(-1,-1), (3,10), (3,9), (3,8), (2,8), (1,8), (0,8)]
Turtle 2 :[(-2,-2), (1,8), (2,8), (3,8), (4,8), (4,7), (-2,-2)]
Turtle 3 :[(-3,-3), (9,12), (8,12), (8,11), (7,11), (7,10), (6,10)]
Turtle 4 :[(-4,-4), (14,1), (13,1), (12,1), (11,1), (10,1), (9,1)]
Turtle 5 :[(-5,-5), (11,13), (10,13), (9,13), (8,13), (7,13), (6,13)]

Shrinking Run 57
#Info# Executed steps before collision: 8, Found collision: false
Turtle 1 :[(-1,-1), (3,10), (3,9), (3,10), (2,10), (2,9), (1,9), (0,9), (0,8)]
Turtle 2 :[(-2,-2), (1,8), (2,8), (3,8), (4,8), (4,7), (-2,-2), (-2,-2), (-2,-2)]
Turtle 3 :[(-3,-3), (9,12), (8,12), (7,12), (6,12), (6,11), (6,10), (-3,-3), (-3,-3)]
Turtle 4 :[(-4,-4), (14,1), (13,1), (12,1), (11,1), (10,1), (9,1), (-4,-4), (-4,-4)]
Turtle 5 :[(-5,-5), (11,13), (10,13), (9,13), (8,13), (7,13), (6,13), (-5,-5), (-5,-5)]

Shrinking Run 58
#Info# Executed steps before collision: 6, Found collision: false
Turtle 1 :[(-1,-1), (3,10), (3,9), (2,9), (1,9), (1,8), (0,8)]
Turtle 2 :[(-2,-2), (1,8), (2,8), (3,8), (4,8), (4,7), (-2,-2)]
Turtle 3 :[(-3,-3), (9,12), (8,12), (8,11), (7,11), (6,11), (6,10)]
Turtle 4 :[(-4,-4), (14,1), (13,1), (12,1), (11,1), (10,1), (9,1)]
Turtle 5 :[(-5,-5), (11,13), (10,13), (9,13), (8,13), (7,13), (6,13)]

Shrinking Run 59
#Info# Executed steps before collision: 6, Found collision: false
Turtle 1 :[(-1,-1), (3,10), (2,10), (2,9), (1,9), (1,8), (1,7)]
Turtle 2 :[(-2,-2), (1,8), (2,8), (3,8), (4,8), (4,7), (-2,-2)]
Turtle 3 :[(-3,-3), (9,12), (8,12), (8,11), (7,11), (7,10), (6,10)]
Turtle 4 :[(-4,-4), (14,1), (13,1), (12,1), (11,1), (10,1), (9,1)]
Turtle 5 :[(-5,-5), (11,13), (10,13), (9,13), (8,13), (7,13), (6,13)]

Shrinking Run 60
#Info# Executed steps before collision: 6, Found collision: false
Turtle 1 :[(-1,-1), (3,10), (3,9), (2,9), (2,8), (1,8), (1,7)]
Turtle 2 :[(-2,-2), (1,8), (2,8), (3,8), (4,8), (4,7), (-2,-2)]
Turtle 3 :[(-3,-3), (9,12), (8,12), (8,11), (7,11), (7,10), (6,10)]
Turtle 4 :[(-4,-4), (14,1), (13,1), (12,1), (11,1), (10,1), (9,1)]
Turtle 5 :[(-5,-5), (11,13), (10,13), (9,13), (8,13), (7,13), (6,13)]

Shrinking Run 61
#Info# Executed steps before collision: 6, Found collision: false
Turtle 1 :[(-1,-1), (3,10), (3,9), (2,9), (1,9), (1,8), (0,8)]
Turtle 2 :[(-2,-2), (1,8), (2,8), (3,8), (4,8), (4,7), (-2,-2)]
Turtle 3 :[(-3,-3), (9,12), (8,12), (8,11), (7,11), (7,10), (6,10)]
Turtle 4 :[(-4,-4), (14,1), (13,1), (12,1), (11,1), (10,1), (9,1)]
Turtle 5 :[(-5,-5), (11,13), (10,13), (9,13), (8,13), (7,13), (6,13)]

Shrinking Run 62
#Info# Executed steps before collision: 6, Found collision: false
Turtle 1 :[(-1,-1), (3,10), (3,9), (3,8), (2,8), (1,8), (0,8)]
Turtle 2 :[(-2,-2), (1,8), (0,8), (0,7), (-2,-2), (-2,-2), (-2,-2)]
Turtle 3 :[(-3,-3), (9,12), (8,12), (8,11), (7,11), (7,10), (6,10)]
Turtle 4 :[(-4,-4), (14,1), (13,1), (12,1), (11,1), (10,1), (9,1)]
Turtle 5 :[(-5,-5), (11,13), (10,13), (9,13), (8,13), (7,13), (6,13)]

Shrinking Run 63
#Info# Executed steps before collision: 6, Found collision: false
Turtle 1 :[(-1,-1), (3,10), (3,9), (3,8), (2,8), (1,8), (0,8)]
Turtle 2 :[(-2,-2), (1,8), (2,8), (2,7), (-2,-2), (-2,-2), (-2,-2)]
Turtle 3 :[(-3,-3), (9,12), (8,12), (8,11), (7,11), (7,10), (6,10)]
Turtle 4 :[(-4,-4), (14,1), (13,1), (12,1), (11,1), (10,1), (9,1)]
Turtle 5 :[(-5,-5), (11,13), (10,13), (9,13), (8,13), (7,13), (6,13)]

Shrinking Run 64
#Info# Executed steps before collision: 4, Found collision: true
Turtle 1 :[(-1,-1), (3,10), (3,9), (3,8), (2,8), (3,8), (2,8), (1,8), (0,8)]
Turtle 2 :[(-2,-2), (1,8), (2,8), (2,7), (2,8), (2,7), (3,7), (-2,-2), (-2,-2)]
Turtle 3 :[(-3,-3), (9,12), (8,12), (8,11), (7,11), (7,10), (6,10), (-3,-3), (-3,-3)]
Turtle 4 :[(-4,-4), (14,1), (13,1), (12,1), (11,1), (10,1), (9,1), (-4,-4), (-4,-4)]
Turtle 5 :[(-5,-5), (11,13), (10,13), (9,13), (8,13), (7,13), (6,13), (-5,-5), (-5,-5)]

Shrinking Run 65
#Info# Executed steps before collision: 6, Found collision: false
Turtle 1 :[(-1,-1), (3,10), (3,9), (3,8), (2,8), (1,8), (0,8)]
Turtle 2 :[(-2,-2), (1,8), (1,7), (2,7), (3,7), (3,6), (3,5)]
Turtle 3 :[(-3,-3), (9,12), (8,12), (8,11), (7,11), (7,10), (6,10)]
Turtle 4 :[(-4,-4), (14,1), (13,1), (12,1), (11,1), (10,1), (9,1)]
Turtle 5 :[(-5,-5), (11,13), (10,13), (9,13), (8,13), (7,13), (6,13)]

Shrinking Run 66
#Info# Executed steps before collision: 6, Found collision: false
Turtle 1 :[(-1,-1), (3,10), (3,9), (3,8), (2,8), (1,8), (0,8)]
Turtle 2 :[(-2,-2), (1,8), (1,7), (2,7), (3,7), (3,6), (-2,-2)]
Turtle 3 :[(-3,-3), (9,12), (8,12), (8,11), (7,11), (7,10), (6,10)]
Turtle 4 :[(-4,-4), (14,1), (13,1), (12,1), (11,1), (10,1), (9,1)]
Turtle 5 :[(-5,-5), (11,13), (10,13), (9,13), (8,13), (7,13), (6,13)]

Shrinking Run 67
#Info# Executed steps before collision: 3, Found collision: true
Turtle 1 :[(-1,-1), (3,10), (3,9), (3,8), (2,8), (1,8), (0,8)]
Turtle 2 :[(-2,-2), (1,8), (2,8), (3,8), (3,7), (-2,-2), (-2,-2)]
Turtle 3 :[(-3,-3), (9,12), (8,12), (8,11), (7,11), (7,10), (6,10)]
Turtle 4 :[(-4,-4), (14,1), (13,1), (12,1), (11,1), (10,1), (9,1)]
Turtle 5 :[(-5,-5), (11,13), (10,13), (9,13), (8,13), (7,13), (6,13)]

Shrinking Run 68
#Info# Executed steps before collision: 6, Found collision: false
Turtle 1 :[(-1,-1), (3,10), (3,9), (3,8), (2,8), (1,8), (0,8)]
Turtle 2 :[(-2,-2), (1,8), (2,8), (1,8), (1,7), (2,7), (3,7)]
Turtle 3 :[(-3,-3), (9,12), (8,12), (7,12), (6,12), (6,11), (6,10)]
Turtle 4 :[(-4,-4), (14,1), (13,1), (12,1), (11,1), (10,1), (9,1)]
Turtle 5 :[(-5,-5), (11,13), (10,13), (9,13), (8,13), (7,13), (6,13)]

Shrinking Run 69
#Info# Executed steps before collision: 3, Found collision: true
Turtle 1 :[(-1,-1), (3,10), (3,9), (3,8), (2,8), (1,8), (0,8)]
Turtle 2 :[(-2,-2), (1,8), (2,8), (3,8), (3,7), (-2,-2), (-2,-2)]
Turtle 3 :[(-3,-3), (9,12), (8,12), (8,11), (7,11), (6,11), (6,10)]
Turtle 4 :[(-4,-4), (14,1), (13,1), (12,1), (11,1), (10,1), (9,1)]
Turtle 5 :[(-5,-5), (11,13), (10,13), (9,13), (8,13), (7,13), (6,13)]

Shrinking Run 70
#Info# Executed steps before collision: 3, Found collision: true
Turtle 1 :[(-1,-1), (3,10), (3,9), (3,8), (2,8), (1,8), (0,8)]
Turtle 2 :[(-2,-2), (1,8), (2,8), (3,8), (3,7), (-2,-2), (-2,-2)]
Turtle 3 :[(-3,-3), (9,12), (8,12), (8,11), (7,11), (6,11), (5,11)]
Turtle 4 :[(-4,-4), (14,1), (13,1), (12,1), (11,1), (10,1), (9,1)]
Turtle 5 :[(-5,-5), (11,13), (10,13), (9,13), (8,13), (7,13), (6,13)]

Shrinking Run 71
#Info# Executed steps before collision: 7, Found collision: false
Turtle 1 :[(-1,-1), (3,10), (2,10), (2,10), (2,9), (1,9), (1,8), (1,7)]
Turtle 2 :[(-2,-2), (1,8), (2,8), (3,8), (3,7), (-2,-2), (-2,-2), (-2,-2)]
Turtle 3 :[(-3,-3), (9,12), (8,12), (8,11), (7,11), (6,11), (5,11), (-3,-3)]
Turtle 4 :[(-4,-4), (14,1), (13,1), (12,1), (11,1), (10,1), (9,1), (-4,-4)]
Turtle 5 :[(-5,-5), (11,13), (10,13), (9,13), (8,13), (7,13), (6,13), (-5,-5)]

Shrinking Run 72
#Info# Executed steps before collision: 6, Found collision: false
Turtle 1 :[(-1,-1), (3,10), (3,9), (2,9), (2,8), (1,8), (1,7)]
Turtle 2 :[(-2,-2), (1,8), (2,8), (3,8), (3,7), (-2,-2), (-2,-2)]
Turtle 3 :[(-3,-3), (9,12), (8,12), (8,11), (7,11), (6,11), (5,11)]
Turtle 4 :[(-4,-4), (14,1), (13,1), (12,1), (11,1), (10,1), (9,1)]
Turtle 5 :[(-5,-5), (11,13), (10,13), (9,13), (8,13), (7,13), (6,13)]

Shrinking Run 73
#Info# Executed steps before collision: 6, Found collision: false
Turtle 1 :[(-1,-1), (3,10), (3,9), (2,9), (1,9), (1,8), (0,8)]
Turtle 2 :[(-2,-2), (1,8), (2,8), (3,8), (3,7), (-2,-2), (-2,-2)]
Turtle 3 :[(-3,-3), (9,12), (8,12), (8,11), (7,11), (6,11), (5,11)]
Turtle 4 :[(-4,-4), (14,1), (13,1), (12,1), (11,1), (10,1), (9,1)]
Turtle 5 :[(-5,-5), (11,13), (10,13), (9,13), (8,13), (7,13), (6,13)]

Shrinking Run 74
#Info# Executed steps before collision: 6, Found collision: false
Turtle 1 :[(-1,-1), (3,10), (3,9), (3,8), (2,8), (1,8), (0,8)]
Turtle 2 :[(-2,-2), (1,8), (0,8), (0,7), (-2,-2), (-2,-2), (-2,-2)]
Turtle 3 :[(-3,-3), (9,12), (8,12), (8,11), (7,11), (6,11), (5,11)]
Turtle 4 :[(-4,-4), (14,1), (13,1), (12,1), (11,1), (10,1), (9,1)]
Turtle 5 :[(-5,-5), (11,13), (10,13), (9,13), (8,13), (7,13), (6,13)]

Shrinking Run 75
#Info# Executed steps before collision: 8, Found collision: false
Turtle 1 :[(-1,-1), (3,10), (3,9), (3,10), (3,9), (2,9), (1,9), (1,8), (0,8)]
Turtle 2 :[(-2,-2), (1,8), (2,8), (2,7), (-2,-2), (-2,-2), (-2,-2), (-2,-2), (-2,-2)]
Turtle 3 :[(-3,-3), (9,12), (8,12), (8,11), (7,11), (6,11), (5,11), (-3,-3), (-3,-3)]
Turtle 4 :[(-4,-4), (14,1), (13,1), (12,1), (11,1), (10,1), (9,1), (-4,-4), (-4,-4)]
Turtle 5 :[(-5,-5), (11,13), (10,13), (9,13), (8,13), (7,13), (6,13), (-5,-5), (-5,-5)]

Shrinking Run 76
#Info# Executed steps before collision: 6, Found collision: false
Turtle 1 :[(-1,-1), (3,10), (3,9), (3,8), (2,8), (1,8), (0,8)]
Turtle 2 :[(-2,-2), (1,8), (1,7), (2,7), (3,7), (3,6), (3,5)]
Turtle 3 :[(-3,-3), (9,12), (8,12), (8,11), (7,11), (6,11), (5,11)]
Turtle 4 :[(-4,-4), (14,1), (13,1), (12,1), (11,1), (10,1), (9,1)]
Turtle 5 :[(-5,-5), (11,13), (10,13), (9,13), (8,13), (7,13), (6,13)]

Shrink Run 77
#Info# Executed steps before collision: 6, Found collision: false
Turtle 1 :[(-1,-1), (3,10), (3,9), (3,8), (2,8), (1,8), (0,8)]
Turtle 2 :[(-2,-2), (1,8), (1,7), (2,7), (3,7), (3,6), (-2,-2)]
Turtle 3 :[(-3,-3), (9,12), (8,12), (8,11), (7,11), (6,11), (5,11)]
Turtle 4 :[(-4,-4), (14,1), (13,1), (12,1), (11,1), (10,1), (9,1)]
Turtle 5 :[(-5,-5), (11,13), (10,13), (9,13), (8,13), (7,13), (6,13)]

