Shrinking Run 1
#Info# Executed steps before collision: 11, Found collision: false
Turtle 1 :[(-1,-1), (42,12), (41,12), (41,12), (41,11), (41,11), (40,11), (39,11), (39,11), (39,11), (39,11), (39,10)]
Turtle 2 :[(-2,-2), (23,18), (23,18), (23,18), (23,18), (23,18), (23,17), (22,17), (22,16), (22,15), (22,15), (21,15)]
Turtle 3 :[(-3,-3), (34,45), (34,46), (34,47), (34,48), (34,49), (34,49), (-3,-3), (-3,-3), (-3,-3), (-3,-3), (-3,-3)]
Turtle 4 :[(-4,-4), (21,18), (22,18), (22,18), (22,17), (22,17), (22,18), (23,18), (24,18), (25,18), (25,17), (-4,-4)]
Turtle 5 :[(-5,-5), (39,0), (38,0), (37,0), (38,0), (37,0), (-5,-5), (-5,-5), (-5,-5), (-5,-5), (-5,-5), (-5,-5)]

Shrinking Run 2
#Info# Executed steps before collision: 11, Found collision: false
Turtle 1 :[(-1,-1), (42,12), (41,12), (41,12), (41,11), (41,11), (41,10), (40,10), (40,10), (40,10), (40,10), (40,9)]
Turtle 2 :[(-2,-2), (23,18), (23,18), (23,18), (23,18), (23,18), (23,17), (22,17), (22,16), (22,15), (22,15), (21,15)]
Turtle 3 :[(-3,-3), (34,45), (34,46), (34,47), (34,48), (34,49), (34,49), (-3,-3), (-3,-3), (-3,-3), (-3,-3), (-3,-3)]
Turtle 4 :[(-4,-4), (21,18), (21,19), (21,18), (22,18), (21,18), (22,18), (23,18), (23,17), (24,17), (25,17), (-4,-4)]
Turtle 5 :[(-5,-5), (39,0), (38,0), (37,0), (38,0), (37,0), (-5,-5), (-5,-5), (-5,-5), (-5,-5), (-5,-5), (-5,-5)]

Shrinking Run 3
#Info# Executed steps before collision: 14, Found collision: false
Turtle 1 :[(-1,-1), (42,12), (42,11), (43,11), (43,10), (43,9), (-1,-1), (-1,-1), (-1,-1), (-1,-1), (-1,-1), (-1,-1), (-1,-1), (-1,-1), (-1,-1)]
Turtle 2 :[(-2,-2), (23,18), (23,18), (23,18), (23,18), (23,18), (23,17), (22,17), (22,16), (22,15), (22,15), (21,15), (-2,-2), (-2,-2), (-2,-2)]
Turtle 3 :[(-3,-3), (34,45), (34,46), (34,47), (34,48), (34,49), (34,49), (-3,-3), (-3,-3), (-3,-3), (-3,-3), (-3,-3), (-3,-3), (-3,-3), (-3,-3)]
Turtle 4 :[(-4,-4), (21,18), (21,19), (21,18), (22,18), (21,18), (21,17), (21,16), (21,16), (21,16), (22,16), (23,16), (23,17), (24,17), (25,17)]
Turtle 5 :[(-5,-5), (39,0), (38,0), (37,0), (38,0), (37,0), (-5,-5), (-5,-5), (-5,-5), (-5,-5), (-5,-5), (-5,-5), (-5,-5), (-5,-5), (-5,-5)]

Shrinking Run 4
#Info# Executed steps before collision: 11, Found collision: false
Turtle 1 :[(-1,-1), (42,12), (42,11), (42,11), (42,10), (42,10), (42,9), (43,9), (43,9), (43,9), (43,9), (43,8)]
Turtle 2 :[(-2,-2), (23,18), (23,18), (23,18), (23,18), (23,18), (23,17), (22,17), (22,16), (22,15), (22,15), (21,15)]
Turtle 3 :[(-3,-3), (34,45), (34,46), (34,47), (34,48), (34,49), (34,49), (-3,-3), (-3,-3), (-3,-3), (-3,-3), (-3,-3)]
Turtle 4 :[(-4,-4), (21,18), (22,18), (22,18), (22,17), (22,17), (22,16), (23,16), (24,16), (25,16), (25,17), (-4,-4)]
Turtle 5 :[(-5,-5), (39,0), (38,0), (37,0), (38,0), (37,0), (-5,-5), (-5,-5), (-5,-5), (-5,-5), (-5,-5), (-5,-5)]

Shrinking Run 5
#Info# Executed steps before collision: 6, Found collision: true
Turtle 1 :[(-1,-1), (42,12), (42,11), (42,11), (42,10), (42,10), (43,10), (44,10), (44,10), (44,10), (44,10), (44,9)]
Turtle 2 :[(-2,-2), (23,18), (23,18), (23,18), (23,18), (23,18), (23,17), (22,17), (22,16), (22,15), (22,15), (21,15)]
Turtle 3 :[(-3,-3), (34,45), (34,46), (34,47), (34,48), (34,49), (34,49), (-3,-3), (-3,-3), (-3,-3), (-3,-3), (-3,-3)]
Turtle 4 :[(-4,-4), (21,18), (22,18), (22,18), (22,17), (22,17), (23,17), (24,17), (24,17), (24,17), (24,17), (25,17)]
Turtle 5 :[(-5,-5), (39,0), (38,0), (37,0), (38,0), (37,0), (-5,-5), (-5,-5), (-5,-5), (-5,-5), (-5,-5), (-5,-5)]

Shrinking Run 6
#Info# Executed steps before collision: 11, Found collision: false
Turtle 1 :[(-1,-1), (42,12), (43,12), (43,11), (44,11), (44,10), (44,9), (-1,-1), (-1,-1), (-1,-1), (-1,-1), (-1,-1)]
Turtle 2 :[(-2,-2), (23,18), (23,18), (23,18), (23,18), (23,18), (23,17), (22,17), (22,16), (22,15), (22,15), (21,15)]
Turtle 3 :[(-3,-3), (34,45), (34,46), (34,47), (34,48), (34,49), (34,49), (-3,-3), (-3,-3), (-3,-3), (-3,-3), (-3,-3)]
Turtle 4 :[(-4,-4), (21,18), (22,18), (22,18), (22,17), (22,17), (22,18), (23,18), (23,17), (24,17), (25,17), (-4,-4)]
Turtle 5 :[(-5,-5), (39,0), (38,0), (37,0), (38,0), (37,0), (-5,-5), (-5,-5), (-5,-5), (-5,-5), (-5,-5), (-5,-5)]

Shrinking Run 7
#Info# Executed steps before collision: 12, Found collision: false
Turtle 1 :[(-1,-1), (42,12), (43,12), (43,11), (43,10), (43,10), (44,10), (44,9), (-1,-1), (-1,-1), (-1,-1), (-1,-1), (-1,-1)]
Turtle 2 :[(-2,-2), (23,18), (23,18), (23,18), (23,18), (23,18), (23,17), (23,17), (22,17), (22,16), (22,15), (22,15), (21,15)]
Turtle 3 :[(-3,-3), (34,45), (34,46), (34,47), (34,48), (34,49), (34,49), (-3,-3), (-3,-3), (-3,-3), (-3,-3), (-3,-3), (-3,-3)]
Turtle 4 :[(-4,-4), (21,18), (22,18), (22,18), (22,17), (22,17), (22,17), (22,18), (23,18), (23,17), (24,17), (25,17), (-4,-4)]
Turtle 5 :[(-5,-5), (39,0), (38,0), (37,0), (38,0), (37,0), (-5,-5), (-5,-5), (-5,-5), (-5,-5), (-5,-5), (-5,-5), (-5,-5)]

Shrinking Run 8
#Info# Executed steps before collision: 6, Found collision: true
Turtle 1 :[(-1,-1), (42,12), (43,12), (43,11), (43,10), (43,10), (44,10), (44,10), (44,9), (-1,-1), (-1,-1), (-1,-1)]
Turtle 2 :[(-2,-2), (23,18), (23,18), (23,18), (23,18), (23,18), (23,17), (22,17), (22,16), (22,15), (22,15), (21,15)]
Turtle 3 :[(-3,-3), (34,45), (34,46), (34,47), (34,48), (34,49), (34,49), (-3,-3), (-3,-3), (-3,-3), (-3,-3), (-3,-3)]
Turtle 4 :[(-4,-4), (21,18), (20,18), (21,18), (21,17), (22,17), (23,17), (24,17), (25,17), (-4,-4), (-4,-4), (-4,-4)]
Turtle 5 :[(-5,-5), (39,0), (38,0), (37,0), (38,0), (37,0), (-5,-5), (-5,-5), (-5,-5), (-5,-5), (-5,-5), (-5,-5)]

Shrinking Run 9
#Info# Executed steps before collision: 11, Found collision: false
Turtle 1 :[(-1,-1), (42,12), (43,12), (44,12), (44,11), (44,11), (44,10), (44,10), (44,9), (-1,-1), (-1,-1), (-1,-1)]
Turtle 2 :[(-2,-2), (23,18), (23,18), (23,18), (23,18), (23,18), (23,17), (22,17), (22,16), (22,15), (22,15), (21,15)]
Turtle 3 :[(-3,-3), (34,45), (34,46), (34,47), (34,48), (34,49), (34,49), (-3,-3), (-3,-3), (-3,-3), (-3,-3), (-3,-3)]
Turtle 4 :[(-4,-4), (21,18), (22,18), (22,18), (22,17), (22,17), (22,18), (23,18), (24,18), (24,17), (25,17), (-4,-4)]
Turtle 5 :[(-5,-5), (39,0), (38,0), (37,0), (38,0), (37,0), (-5,-5), (-5,-5), (-5,-5), (-5,-5), (-5,-5), (-5,-5)]

Shrinking Run 10
#Info# Executed steps before collision: 6, Found collision: true
Turtle 1 :[(-1,-1), (42,12), (43,12), (43,11), (44,11), (44,11), (44,10), (44,10), (44,9), (-1,-1), (-1,-1), (-1,-1)]
Turtle 2 :[(-2,-2), (23,18), (23,18), (23,18), (23,18), (23,18), (23,17), (22,17), (22,16), (22,15), (22,15), (21,15)]
Turtle 3 :[(-3,-3), (34,45), (34,46), (34,47), (34,48), (34,49), (34,49), (-3,-3), (-3,-3), (-3,-3), (-3,-3), (-3,-3)]
Turtle 4 :[(-4,-4), (21,18), (22,18), (22,18), (22,17), (22,17), (23,17), (24,17), (24,17), (24,17), (24,17), (25,17)]
Turtle 5 :[(-5,-5), (39,0), (38,0), (37,0), (38,0), (37,0), (-5,-5), (-5,-5), (-5,-5), (-5,-5), (-5,-5), (-5,-5)]

Shrinking Run 11
#Info# Executed steps before collision: 12, Found collision: false
Turtle 1 :[(-1,-1), (42,12), (43,12), (43,11), (44,11), (44,10), (44,10), (44,10), (44,9), (-1,-1), (-1,-1), (-1,-1), (-1,-1)]
Turtle 2 :[(-2,-2), (23,18), (23,18), (23,18), (23,18), (23,18), (23,17), (24,17), (24,16), (24,15), (23,15), (22,15), (21,15)]
Turtle 3 :[(-3,-3), (34,45), (34,46), (34,47), (34,48), (34,49), (34,49), (-3,-3), (-3,-3), (-3,-3), (-3,-3), (-3,-3), (-3,-3)]
Turtle 4 :[(-4,-4), (21,18), (21,18), (22,18), (22,18), (22,17), (22,17), (21,17), (22,17), (23,17), (24,17), (25,17), (-4,-4)]
Turtle 5 :[(-5,-5), (39,0), (38,0), (37,0), (38,0), (37,0), (-5,-5), (-5,-5), (-5,-5), (-5,-5), (-5,-5), (-5,-5), (-5,-5)]

Shrinking Run 12
#Info# Executed steps before collision: 6, Found collision: true
Turtle 1 :[(-1,-1), (42,12), (43,12), (43,11), (44,11), (44,11), (44,10), (44,10), (44,9), (-1,-1), (-1,-1), (-1,-1)]
Turtle 2 :[(-2,-2), (23,18), (23,18), (23,18), (23,18), (23,18), (23,17), (22,17), (22,16), (21,16), (21,16), (20,16)]
Turtle 3 :[(-3,-3), (34,45), (34,46), (34,47), (34,48), (34,49), (34,49), (-3,-3), (-3,-3), (-3,-3), (-3,-3), (-3,-3)]
Turtle 4 :[(-4,-4), (21,18), (22,18), (22,18), (22,17), (22,17), (23,17), (24,17), (25,17), (-4,-4), (-4,-4), (-4,-4)]
Turtle 5 :[(-5,-5), (39,0), (38,0), (37,0), (38,0), (37,0), (-5,-5), (-5,-5), (-5,-5), (-5,-5), (-5,-5), (-5,-5)]

Shrinking Run 13
#Info# Executed steps before collision: 11, Found collision: false
Turtle 1 :[(-1,-1), (42,12), (43,12), (43,11), (44,11), (44,11), (44,10), (44,10), (44,9), (-1,-1), (-1,-1), (-1,-1)]
Turtle 2 :[(-2,-2), (23,18), (23,18), (23,18), (23,18), (23,18), (22,18), (21,18), (21,17), (20,17), (20,17), (19,17)]
Turtle 3 :[(-3,-3), (34,45), (34,46), (34,47), (34,48), (34,49), (34,49), (-3,-3), (-3,-3), (-3,-3), (-3,-3), (-3,-3)]
Turtle 4 :[(-4,-4), (21,18), (22,18), (22,18), (22,17), (22,17), (23,17), (24,17), (24,17), (24,17), (24,17), (25,17)]
Turtle 5 :[(-5,-5), (39,0), (38,0), (37,0), (38,0), (37,0), (-5,-5), (-5,-5), (-5,-5), (-5,-5), (-5,-5), (-5,-5)]

Shrinking Run 14
#Info# Executed steps before collision: 6, Found collision: true
Turtle 1 :[(-1,-1), (42,12), (43,12), (43,11), (44,11), (44,11), (44,10), (44,10), (44,9), (-1,-1), (-1,-1), (-1,-1)]
Turtle 2 :[(-2,-2), (23,18), (23,18), (23,18), (23,18), (23,18), (23,17), (22,17), (21,17), (20,17), (20,17), (19,17)]
Turtle 3 :[(-3,-3), (34,45), (34,46), (34,47), (34,48), (34,49), (34,49), (-3,-3), (-3,-3), (-3,-3), (-3,-3), (-3,-3)]
Turtle 4 :[(-4,-4), (21,18), (22,18), (22,18), (22,17), (22,17), (23,17), (24,17), (24,17), (24,17), (24,17), (25,17)]
Turtle 5 :[(-5,-5), (39,0), (38,0), (37,0), (38,0), (37,0), (-5,-5), (-5,-5), (-5,-5), (-5,-5), (-5,-5), (-5,-5)]

Shrinking Run 15
#Info# Executed steps before collision: 2, Found collision: true
Turtle 1 :[(-1,-1), (42,12), (43,12), (43,11), (44,11), (44,11), (44,10), (44,10), (44,9)]
Turtle 2 :[(-2,-2), (23,18), (22,18), (22,17), (21,17), (20,17), (19,17), (-2,-2), (-2,-2)]
Turtle 3 :[(-3,-3), (34,45), (34,46), (34,47), (34,48), (34,49), (34,49), (-3,-3), (-3,-3)]
Turtle 4 :[(-4,-4), (21,18), (22,18), (22,19), (23,19), (24,19), (24,18), (24,17), (25,17)]
Turtle 5 :[(-5,-5), (39,0), (38,0), (37,0), (38,0), (37,0), (-5,-5), (-5,-5), (-5,-5)]

Shrinking Run 16
#Info# Executed steps before collision: 2, Found collision: true
Turtle 1 :[(-1,-1), (42,12), (43,12), (43,11), (44,11), (44,11), (44,10), (44,10), (44,9)]
Turtle 2 :[(-2,-2), (23,18), (22,18), (21,18), (21,17), (20,17), (19,17), (-2,-2), (-2,-2)]
Turtle 3 :[(-3,-3), (34,45), (34,46), (34,47), (34,48), (34,49), (34,49), (-3,-3), (-3,-3)]
Turtle 4 :[(-4,-4), (21,18), (22,18), (22,19), (23,19), (23,18), (24,18), (24,17), (25,17)]
Turtle 5 :[(-5,-5), (39,0), (38,0), (37,0), (38,0), (37,0), (-5,-5), (-5,-5), (-5,-5)]

Shrinking Run 17
#Info# Executed steps before collision: 2, Found collision: true
Turtle 1 :[(-1,-1), (42,12), (43,12), (43,11), (44,11), (44,11), (44,10), (44,10), (44,9)]
Turtle 2 :[(-2,-2), (23,18), (22,18), (21,18), (20,18), (20,17), (19,17), (-2,-2), (-2,-2)]
Turtle 3 :[(-3,-3), (34,45), (34,46), (34,47), (34,48), (34,49), (34,49), (-3,-3), (-3,-3)]
Turtle 4 :[(-4,-4), (21,18), (22,18), (22,19), (23,19), (23,18), (24,18), (25,18), (25,17)]
Turtle 5 :[(-5,-5), (39,0), (38,0), (37,0), (38,0), (37,0), (-5,-5), (-5,-5), (-5,-5)]

Shrinking Run 18
#Info# Executed steps before collision: 8, Found collision: false
Turtle 1 :[(-1,-1), (42,12), (43,12), (43,11), (44,11), (44,11), (44,10), (44,10), (44,9)]
Turtle 2 :[(-2,-2), (23,18), (22,18), (21,18), (21,17), (20,17), (19,17), (-2,-2), (-2,-2)]
Turtle 3 :[(-3,-3), (34,45), (33,45), (33,46), (33,47), (32,47), (32,48), (-3,-3), (-3,-3)]
Turtle 4 :[(-4,-4), (21,18), (21,17), (22,17), (23,17), (24,17), (25,17), (-4,-4), (-4,-4)]
Turtle 5 :[(-5,-5), (39,0), (38,0), (37,0), (38,0), (37,0), (-5,-5), (-5,-5), (-5,-5)]

Shrinking Run 19
#Info# Executed steps before collision: 2, Found collision: true
Turtle 1 :[(-1,-1), (42,12), (43,12), (43,11), (44,11), (44,11), (44,10), (44,10), (44,9)]
Turtle 2 :[(-2,-2), (23,18), (22,18), (21,18), (21,17), (20,17), (19,17), (-2,-2), (-2,-2)]
Turtle 3 :[(-3,-3), (34,45), (33,45), (33,46), (33,47), (33,48), (33,49), (-3,-3), (-3,-3)]
Turtle 4 :[(-4,-4), (21,18), (22,18), (22,19), (22,18), (23,18), (23,17), (24,17), (25,17)]
Turtle 5 :[(-5,-5), (39,0), (38,0), (37,0), (38,0), (37,0), (-5,-5), (-5,-5), (-5,-5)]

Shrinking Run 20
#Info# Executed steps before collision: 9, Found collision: false
Turtle 1 :[(-1,-1), (42,12), (43,12), (43,11), (44,11), (44,11), (44,10), (44,10), (44,9), (-1,-1)]
Turtle 2 :[(-2,-2), (23,18), (22,18), (21,18), (20,18), (19,18), (19,17), (-2,-2), (-2,-2), (-2,-2)]
Turtle 3 :[(-3,-3), (34,45), (33,45), (33,44), (33,43), (33,42), (33,41), (-3,-3), (-3,-3), (-3,-3)]
Turtle 4 :[(-4,-4), (21,18), (21,18), (21,19), (22,19), (23,19), (24,19), (24,18), (25,18), (25,17)]
Turtle 5 :[(-5,-5), (39,0), (38,0), (37,0), (38,0), (37,0), (-5,-5), (-5,-5), (-5,-5), (-5,-5)]

Shrinking Run 21
#Info# Executed steps before collision: 2, Found collision: true
Turtle 1 :[(-1,-1), (42,12), (43,12), (43,11), (44,11), (44,11), (44,10), (44,10), (44,9)]
Turtle 2 :[(-2,-2), (23,18), (22,18), (21,18), (21,17), (20,17), (19,17), (-2,-2), (-2,-2)]
Turtle 3 :[(-3,-3), (34,45), (33,45), (33,44), (33,43), (32,43), (32,42), (-3,-3), (-3,-3)]
Turtle 4 :[(-4,-4), (21,18), (22,18), (22,19), (22,18), (23,18), (24,18), (25,18), (25,17)]
Turtle 5 :[(-5,-5), (39,0), (38,0), (37,0), (38,0), (37,0), (-5,-5), (-5,-5), (-5,-5)]

Shrinking Run 22
#Info# Executed steps before collision: 2, Found collision: true
Turtle 1 :[(-1,-1), (42,12), (43,12), (43,11), (44,11), (44,11), (44,10), (44,10), (44,9)]
Turtle 2 :[(-2,-2), (23,18), (22,18), (21,18), (21,17), (20,17), (19,17), (-2,-2), (-2,-2)]
Turtle 3 :[(-3,-3), (34,45), (33,45), (32,45), (32,44), (31,44), (31,43), (-3,-3), (-3,-3)]
Turtle 4 :[(-4,-4), (21,18), (22,18), (22,19), (23,19), (24,19), (25,19), (25,18), (25,17)]
Turtle 5 :[(-5,-5), (39,0), (38,0), (37,0), (38,0), (37,0), (-5,-5), (-5,-5), (-5,-5)]

Shrinking Run 23
#Info# Executed steps before collision: 11, Found collision: false
Turtle 1 :[(-1,-1), (42,12), (43,12), (43,11), (44,11), (44,11), (44,10), (44,10), (44,9), (-1,-1), (-1,-1), (-1,-1)]
Turtle 2 :[(-2,-2), (23,18), (22,18), (22,19), (22,18), (21,18), (20,18), (19,18), (19,17), (-2,-2), (-2,-2), (-2,-2)]
Turtle 3 :[(-3,-3), (34,45), (33,45), (32,45), (31,45), (30,45), (30,44), (-3,-3), (-3,-3), (-3,-3), (-3,-3), (-3,-3)]
Turtle 4 :[(-4,-4), (21,18), (21,18), (20,18), (21,18), (21,19), (21,18), (22,18), (23,18), (24,18), (25,18), (25,17)]
Turtle 5 :[(-5,-5), (39,0), (38,0), (37,0), (38,0), (37,0), (-5,-5), (-5,-5), (-5,-5), (-5,-5), (-5,-5), (-5,-5)]

Shrinking Run 24
#Info# Executed steps before collision: 2, Found collision: true
Turtle 1 :[(-1,-1), (42,12), (43,12), (43,11), (44,11), (44,11), (44,10), (44,10), (44,9)]
Turtle 2 :[(-2,-2), (23,18), (22,18), (21,18), (21,17), (20,17), (19,17), (-2,-2), (-2,-2)]
Turtle 3 :[(-3,-3), (34,45), (33,45), (32,45), (32,44), (31,44), (30,44), (-3,-3), (-3,-3)]
Turtle 4 :[(-4,-4), (21,18), (22,18), (22,19), (23,19), (23,18), (23,17), (24,17), (25,17)]
Turtle 5 :[(-5,-5), (39,0), (38,0), (37,0), (38,0), (37,0), (-5,-5), (-5,-5), (-5,-5)]

Shrinking Run 25
#Info# Executed steps before collision: 2, Found collision: true
Turtle 1 :[(-1,-1), (42,12), (43,12), (43,11), (44,11), (44,11), (44,10), (44,10), (44,9)]
Turtle 2 :[(-2,-2), (23,18), (22,18), (21,18), (21,17), (20,17), (19,17), (-2,-2), (-2,-2)]
Turtle 3 :[(-3,-3), (34,45), (33,45), (32,45), (31,45), (31,44), (30,44), (-3,-3), (-3,-3)]
Turtle 4 :[(-4,-4), (21,18), (22,18), (22,17), (23,17), (24,17), (25,17), (-4,-4), (-4,-4)]
Turtle 5 :[(-5,-5), (39,0), (38,0), (37,0), (38,0), (37,0), (-5,-5), (-5,-5), (-5,-5)]

Shrinking Run 26
#Info# Executed steps before collision: 8, Found collision: false
Turtle 1 :[(-1,-1), (42,12), (43,12), (43,11), (44,11), (44,11), (44,10), (44,10), (44,9)]
Turtle 2 :[(-2,-2), (23,18), (22,18), (21,18), (21,17), (20,17), (21,17), (20,17), (19,17)]
Turtle 3 :[(-3,-3), (34,45), (33,45), (32,45), (31,45), (31,44), (30,44), (-3,-3), (-3,-3)]
Turtle 4 :[(-4,-4), (21,18), (20,18), (20,18), (20,17), (19,17), (18,17), (17,17), (-4,-4)]
Turtle 5 :[(-5,-5), (39,0), (38,0), (37,0), (38,0), (37,0), (-5,-5), (-5,-5), (-5,-5)]

Shrinking Run 27
#Info# Executed steps before collision: 5, Found collision: true
Turtle 1 :[(-1,-1), (42,12), (43,12), (43,11), (44,11), (44,11), (44,10), (44,10), (44,9), (-1,-1)]
Turtle 2 :[(-2,-2), (23,18), (22,18), (21,18), (21,17), (20,17), (19,17), (-2,-2), (-2,-2), (-2,-2)]
Turtle 3 :[(-3,-3), (34,45), (33,45), (32,45), (31,45), (31,44), (30,44), (-3,-3), (-3,-3), (-3,-3)]
Turtle 4 :[(-4,-4), (21,18), (20,18), (20,18), (20,17), (20,17), (21,17), (20,17), (19,17), (18,17)]
Turtle 5 :[(-5,-5), (39,0), (38,0), (37,0), (38,0), (37,0), (-5,-5), (-5,-5), (-5,-5), (-5,-5)]

Shrinking Run 28
#Info# Executed steps before collision: 9, Found collision: false
Turtle 1 :[(-1,-1), (42,12), (43,12), (43,11), (44,11), (44,11), (44,10), (44,10), (44,9), (-1,-1)]
Turtle 2 :[(-2,-2), (23,18), (22,18), (21,18), (21,17), (20,17), (19,17), (-2,-2), (-2,-2), (-2,-2)]
Turtle 3 :[(-3,-3), (34,45), (33,45), (32,45), (31,45), (31,44), (30,44), (-3,-3), (-3,-3), (-3,-3)]
Turtle 4 :[(-4,-4), (21,18), (20,18), (20,18), (20,17), (20,18), (20,17), (20,16), (19,16), (19,15)]
Turtle 5 :[(-5,-5), (39,0), (38,0), (37,0), (38,0), (37,0), (-5,-5), (-5,-5), (-5,-5), (-5,-5)]

Shrinking Run 29
#Info# Executed steps before collision: 5, Found collision: true
Turtle 1 :[(-1,-1), (42,12), (43,12), (43,11), (44,11), (44,11), (44,10), (44,10), (44,9), (-1,-1), (-1,-1)]
Turtle 2 :[(-2,-2), (23,18), (22,18), (21,18), (21,17), (20,17), (19,17), (-2,-2), (-2,-2), (-2,-2), (-2,-2)]
Turtle 3 :[(-3,-3), (34,45), (33,45), (32,45), (31,45), (31,44), (30,44), (-3,-3), (-3,-3), (-3,-3), (-3,-3)]
Turtle 4 :[(-4,-4), (21,18), (20,18), (20,18), (20,17), (20,17), (20,18), (19,18), (19,17), (19,16), (18,16)]
Turtle 5 :[(-5,-5), (39,0), (38,0), (37,0), (38,0), (37,0), (-5,-5), (-5,-5), (-5,-5), (-5,-5), (-5,-5)]

Shrinking Run 30
#Info# Executed steps before collision: 11, Found collision: false
Turtle 1 :[(-1,-1), (42,12), (43,12), (43,11), (44,11), (44,11), (44,10), (44,10), (44,9), (-1,-1), (-1,-1), (-1,-1)]
Turtle 2 :[(-2,-2), (23,18), (22,18), (21,18), (21,17), (20,17), (19,17), (-2,-2), (-2,-2), (-2,-2), (-2,-2), (-2,-2)]
Turtle 3 :[(-3,-3), (34,45), (33,45), (32,45), (31,45), (31,44), (30,44), (-3,-3), (-3,-3), (-3,-3), (-3,-3), (-3,-3)]
Turtle 4 :[(-4,-4), (21,18), (20,18), (20,18), (19,18), (19,18), (18,18), (18,17), (18,17), (18,17), (18,17), (18,16)]
Turtle 5 :[(-5,-5), (39,0), (38,0), (37,0), (38,0), (37,0), (-5,-5), (-5,-5), (-5,-5), (-5,-5), (-5,-5), (-5,-5)]

Shrinking Run 31
#Info# Executed steps before collision: 8, Found collision: false
Turtle 1 :[(-1,-1), (42,12), (43,12), (43,11), (44,11), (44,11), (44,10), (44,10), (44,9)]
Turtle 2 :[(-2,-2), (23,18), (22,18), (21,18), (21,17), (20,17), (19,17), (-2,-2), (-2,-2)]
Turtle 3 :[(-3,-3), (34,45), (33,45), (32,45), (31,45), (31,44), (30,44), (-3,-3), (-3,-3)]
Turtle 4 :[(-4,-4), (21,18), (21,17), (20,17), (19,17), (18,17), (18,16), (-4,-4), (-4,-4)]
Turtle 5 :[(-5,-5), (39,0), (38,0), (37,0), (38,0), (37,0), (-5,-5), (-5,-5), (-5,-5)]

Shrinking Run 32
#Info# Executed steps before collision: 8, Found collision: false
Turtle 1 :[(-1,-1), (42,12), (43,12), (43,11), (44,11), (44,11), (44,10), (44,10), (44,9)]
Turtle 2 :[(-2,-2), (23,18), (22,18), (21,18), (21,17), (20,17), (20,16), (20,17), (19,17)]
Turtle 3 :[(-3,-3), (34,45), (33,45), (32,45), (31,45), (31,44), (30,44), (-3,-3), (-3,-3)]
Turtle 4 :[(-4,-4), (21,18), (20,18), (20,18), (20,17), (19,17), (18,17), (18,16), (-4,-4)]
Turtle 5 :[(-5,-5), (39,0), (38,0), (37,0), (38,0), (37,0), (-5,-5), (-5,-5), (-5,-5)]

Shrinking Run 33
#Info# Executed steps before collision: 10, Found collision: false
Turtle 1 :[(-1,-1), (42,12), (43,12), (43,11), (44,11), (44,11), (44,10), (44,10), (44,9), (-1,-1), (-1,-1)]
Turtle 2 :[(-2,-2), (23,18), (22,18), (21,18), (21,17), (20,17), (20,18), (20,17), (21,17), (20,17), (19,17)]
Turtle 3 :[(-3,-3), (34,45), (33,45), (32,45), (31,45), (31,44), (30,44), (-3,-3), (-3,-3), (-3,-3), (-3,-3)]
Turtle 4 :[(-4,-4), (21,18), (20,18), (20,18), (20,17), (19,17), (18,17), (18,17), (18,16), (-4,-4), (-4,-4)]
Turtle 5 :[(-5,-5), (39,0), (38,0), (37,0), (38,0), (37,0), (-5,-5), (-5,-5), (-5,-5), (-5,-5), (-5,-5)]

Shrinking Run 34
#Info# Executed steps before collision: 5, Found collision: true
Turtle 1 :[(-1,-1), (42,12), (43,12), (43,11), (44,11), (44,11), (44,10), (44,10), (44,9), (-1,-1), (-1,-1), (-1,-1)]
Turtle 2 :[(-2,-2), (23,18), (22,18), (21,18), (21,17), (20,17), (19,17), (-2,-2), (-2,-2), (-2,-2), (-2,-2), (-2,-2)]
Turtle 3 :[(-3,-3), (34,45), (33,45), (32,45), (31,45), (31,44), (30,44), (-3,-3), (-3,-3), (-3,-3), (-3,-3), (-3,-3)]
Turtle 4 :[(-4,-4), (21,18), (20,18), (20,18), (20,17), (20,17), (20,17), (21,17), (20,17), (19,17), (18,17), (18,16)]
Turtle 5 :[(-5,-5), (39,0), (38,0), (37,0), (38,0), (37,0), (-5,-5), (-5,-5), (-5,-5), (-5,-5), (-5,-5), (-5,-5)]

Shrinking Run 35
#Info# Executed steps before collision: 9, Found collision: false
Turtle 1 :[(-1,-1), (42,12), (43,12), (43,11), (44,11), (44,11), (44,10), (44,10), (44,9), (-1,-1)]
Turtle 2 :[(-2,-2), (23,18), (22,18), (21,18), (21,17), (20,17), (20,18), (20,17), (19,17), (-2,-2)]
Turtle 3 :[(-3,-3), (34,45), (33,45), (32,45), (31,45), (31,44), (30,44), (-3,-3), (-3,-3), (-3,-3)]
Turtle 4 :[(-4,-4), (21,18), (20,18), (20,18), (20,17), (19,17), (18,17), (18,17), (18,17), (18,16)]
Turtle 5 :[(-5,-5), (39,0), (38,0), (37,0), (38,0), (37,0), (-5,-5), (-5,-5), (-5,-5), (-5,-5)]

Shrinking Run 36
#Info# Executed steps before collision: 5, Found collision: true
Turtle 1 :[(-1,-1), (42,12), (43,12), (43,11), (44,11), (44,11), (44,10), (44,10), (44,9), (-1,-1), (-1,-1), (-1,-1)]
Turtle 2 :[(-2,-2), (23,18), (22,18), (21,18), (20,18), (20,17), (19,17), (-2,-2), (-2,-2), (-2,-2), (-2,-2), (-2,-2)]
Turtle 3 :[(-3,-3), (34,45), (33,45), (32,45), (31,45), (31,44), (30,44), (-3,-3), (-3,-3), (-3,-3), (-3,-3), (-3,-3)]
Turtle 4 :[(-4,-4), (21,18), (21,17), (21,17), (20,17), (20,17), (20,17), (20,18), (19,18), (19,17), (18,17), (18,16)]
Turtle 5 :[(-5,-5), (39,0), (38,0), (37,0), (38,0), (37,0), (-5,-5), (-5,-5), (-5,-5), (-5,-5), (-5,-5), (-5,-5)]

Shrinking Run 37
#Info# Executed steps before collision: 10, Found collision: false
Turtle 1 :[(-1,-1), (42,12), (43,12), (43,11), (44,11), (44,11), (44,10), (44,10), (44,9), (-1,-1), (-1,-1)]
Turtle 2 :[(-2,-2), (23,18), (22,18), (21,18), (21,17), (21,18), (20,18), (20,17), (19,17), (-2,-2), (-2,-2)]
Turtle 3 :[(-3,-3), (34,45), (33,45), (32,45), (31,45), (31,44), (30,44), (-3,-3), (-3,-3), (-3,-3), (-3,-3)]
Turtle 4 :[(-4,-4), (21,18), (21,17), (20,17), (19,17), (19,17), (19,17), (18,17), (18,17), (18,17), (18,16)]
Turtle 5 :[(-5,-5), (39,0), (38,0), (37,0), (38,0), (37,0), (-5,-5), (-5,-5), (-5,-5), (-5,-5), (-5,-5)]

Shrinking Run 38
#Info# Executed steps before collision: 6, Found collision: true
Turtle 1 :[(-1,-1), (42,12), (43,12), (43,11), (44,11), (44,11), (44,10), (44,10), (44,9), (-1,-1), (-1,-1)]
Turtle 2 :[(-2,-2), (23,18), (22,18), (21,18), (20,18), (19,18), (19,17), (-2,-2), (-2,-2), (-2,-2), (-2,-2)]
Turtle 3 :[(-3,-3), (34,45), (33,45), (32,45), (31,45), (31,44), (30,44), (-3,-3), (-3,-3), (-3,-3), (-3,-3)]
Turtle 4 :[(-4,-4), (21,18), (21,17), (21,17), (20,17), (19,17), (19,17), (18,17), (18,17), (18,17), (18,16)]
Turtle 5 :[(-5,-5), (39,0), (38,0), (37,0), (38,0), (37,0), (-5,-5), (-5,-5), (-5,-5), (-5,-5), (-5,-5)]

Shrinking Run 39
#Info# Executed steps before collision: 10, Found collision: false
Turtle 1 :[(-1,-1), (42,12), (43,12), (43,11), (44,11), (44,11), (44,10), (44,10), (44,9), (-1,-1), (-1,-1)]
Turtle 2 :[(-2,-2), (23,18), (22,18), (21,18), (21,19), (21,18), (21,17), (20,17), (19,17), (-2,-2), (-2,-2)]
Turtle 3 :[(-3,-3), (34,45), (33,45), (32,45), (31,45), (31,44), (30,44), (-3,-3), (-3,-3), (-3,-3), (-3,-3)]
Turtle 4 :[(-4,-4), (21,18), (21,17), (21,17), (20,17), (19,17), (18,17), (18,17), (18,17), (18,17), (18,16)]
Turtle 5 :[(-5,-5), (39,0), (38,0), (37,0), (38,0), (37,0), (-5,-5), (-5,-5), (-5,-5), (-5,-5), (-5,-5)]

Shrinking Run 40
#Info# Executed steps before collision: 10, Found collision: false
Turtle 1 :[(-1,-1), (42,12), (43,12), (43,11), (44,11), (44,11), (44,10), (44,10), (44,9), (-1,-1), (-1,-1)]
Turtle 2 :[(-2,-2), (23,18), (22,18), (21,18), (21,19), (21,18), (21,17), (20,17), (19,17), (-2,-2), (-2,-2)]
Turtle 3 :[(-3,-3), (34,45), (33,45), (32,45), (31,45), (31,44), (30,44), (-3,-3), (-3,-3), (-3,-3), (-3,-3)]
Turtle 4 :[(-4,-4), (21,18), (21,17), (21,17), (20,17), (19,17), (19,17), (18,17), (18,17), (18,17), (18,16)]
Turtle 5 :[(-5,-5), (39,0), (38,0), (37,0), (36,0), (35,0), (34,0), (-5,-5), (-5,-5), (-5,-5), (-5,-5)]

Shrinking Run 41
#Info# Executed steps before collision: 10, Found collision: false
Turtle 1 :[(-1,-1), (42,12), (43,12), (43,11), (44,11), (44,11), (44,10), (44,10), (44,9), (-1,-1), (-1,-1)]
Turtle 2 :[(-2,-2), (23,18), (22,18), (21,18), (21,19), (21,18), (21,17), (20,17), (19,17), (-2,-2), (-2,-2)]
Turtle 3 :[(-3,-3), (34,45), (33,45), (32,45), (31,45), (31,44), (30,44), (-3,-3), (-3,-3), (-3,-3), (-3,-3)]
Turtle 4 :[(-4,-4), (21,18), (21,17), (21,17), (20,17), (19,17), (19,17), (18,17), (18,17), (18,17), (18,16)]
Turtle 5 :[(-5,-5), (39,0), (40,0), (39,0), (38,0), (37,0), (36,0), (-5,-5), (-5,-5), (-5,-5), (-5,-5)]

Shrinking Run 42
#Info# Executed steps before collision: 6, Found collision: true
Turtle 1 :[(-1,-1), (42,12), (43,12), (43,11), (44,11), (44,11), (44,10), (44,10), (44,9)]
Turtle 2 :[(-2,-2), (23,18), (22,18), (21,18), (20,18), (20,17), (19,17), (-2,-2), (-2,-2)]
Turtle 3 :[(-3,-3), (34,45), (33,45), (32,45), (31,45), (31,44), (30,44), (-3,-3), (-3,-3)]
Turtle 4 :[(-4,-4), (21,18), (21,17), (21,17), (20,17), (19,17), (19,17), (19,16), (18,16)]
Turtle 5 :[(-5,-5), (39,0), (38,0), (37,0), (-5,-5), (-5,-5), (-5,-5), (-5,-5), (-5,-5)]

Shrinking Run 43
#Info# Executed steps before collision: 11, Found collision: false
Turtle 1 :[(-1,-1), (42,12), (41,12), (41,12), (41,11), (41,11), (40,11), (39,11), (39,11), (39,11), (39,11), (39,10)]
Turtle 2 :[(-2,-2), (23,18), (22,18), (21,18), (20,18), (19,18), (19,18), (18,18), (18,17), (19,17), (-2,-2), (-2,-2)]
Turtle 3 :[(-3,-3), (34,45), (33,45), (32,45), (31,45), (31,44), (30,44), (-3,-3), (-3,-3), (-3,-3), (-3,-3), (-3,-3)]
Turtle 4 :[(-4,-4), (21,18), (21,17), (21,17), (20,17), (19,17), (19,17), (18,17), (19,17), (19,16), (18,16), (-4,-4)]
Turtle 5 :[(-5,-5), (39,0), (38,0), (37,0), (-5,-5), (-5,-5), (-5,-5), (-5,-5), (-5,-5), (-5,-5), (-5,-5), (-5,-5)]

Shrinking Run 44
#Info# Executed steps before collision: 11, Found collision: false
Turtle 1 :[(-1,-1), (42,12), (41,12), (41,12), (41,11), (41,11), (41,10), (40,10), (40,10), (40,10), (40,10), (40,9)]
Turtle 2 :[(-2,-2), (23,18), (22,18), (21,18), (21,18), (21,17), (20,17), (19,17), (-2,-2), (-2,-2), (-2,-2), (-2,-2)]
Turtle 3 :[(-3,-3), (34,45), (33,45), (32,45), (31,45), (31,44), (30,44), (-3,-3), (-3,-3), (-3,-3), (-3,-3), (-3,-3)]
Turtle 4 :[(-4,-4), (21,18), (21,17), (21,17), (20,17), (19,17), (19,16), (18,16), (-4,-4), (-4,-4), (-4,-4), (-4,-4)]
Turtle 5 :[(-5,-5), (39,0), (38,0), (37,0), (-5,-5), (-5,-5), (-5,-5), (-5,-5), (-5,-5), (-5,-5), (-5,-5), (-5,-5)]

Shrinking Run 45
#Info# Executed steps before collision: 10, Found collision: false
Turtle 1 :[(-1,-1), (42,12), (42,11), (43,11), (43,10), (43,9), (-1,-1), (-1,-1), (-1,-1), (-1,-1), (-1,-1)]
Turtle 2 :[(-2,-2), (23,18), (22,18), (21,18), (22,18), (21,18), (20,18), (20,17), (19,17), (-2,-2), (-2,-2)]
Turtle 3 :[(-3,-3), (34,45), (33,45), (32,45), (31,45), (31,44), (30,44), (-3,-3), (-3,-3), (-3,-3), (-3,-3)]
Turtle 4 :[(-4,-4), (21,18), (21,17), (21,17), (20,17), (19,17), (19,17), (18,17), (18,17), (18,17), (18,16)]
Turtle 5 :[(-5,-5), (39,0), (38,0), (37,0), (-5,-5), (-5,-5), (-5,-5), (-5,-5), (-5,-5), (-5,-5), (-5,-5)]

Shrinking Run 46
#Info# Executed steps before collision: 11, Found collision: false
Turtle 1 :[(-1,-1), (42,12), (42,11), (42,11), (42,10), (42,10), (42,9), (43,9), (43,9), (43,9), (43,9), (43,8)]
Turtle 2 :[(-2,-2), (23,18), (22,18), (21,18), (21,18), (21,17), (20,17), (19,17), (-2,-2), (-2,-2), (-2,-2), (-2,-2)]
Turtle 3 :[(-3,-3), (34,45), (33,45), (32,45), (31,45), (31,44), (30,44), (-3,-3), (-3,-3), (-3,-3), (-3,-3), (-3,-3)]
Turtle 4 :[(-4,-4), (21,18), (21,17), (21,17), (20,17), (19,17), (18,17), (18,16), (-4,-4), (-4,-4), (-4,-4), (-4,-4)]
Turtle 5 :[(-5,-5), (39,0), (38,0), (37,0), (-5,-5), (-5,-5), (-5,-5), (-5,-5), (-5,-5), (-5,-5), (-5,-5), (-5,-5)]

Shrinking Run 47
#Info# Executed steps before collision: 10, Found collision: false
Turtle 1 :[(-1,-1), (42,12), (43,12), (43,11), (44,11), (44,10), (44,9), (-1,-1), (-1,-1), (-1,-1), (-1,-1)]
Turtle 2 :[(-2,-2), (23,18), (22,18), (21,18), (21,19), (21,18), (20,18), (19,18), (18,18), (19,18), (19,17)]
Turtle 3 :[(-3,-3), (34,45), (33,45), (32,45), (31,45), (31,44), (30,44), (-3,-3), (-3,-3), (-3,-3), (-3,-3)]
Turtle 4 :[(-4,-4), (21,18), (21,17), (21,17), (20,17), (19,17), (19,17), (18,17), (18,17), (18,17), (18,16)]
Turtle 5 :[(-5,-5), (39,0), (38,0), (37,0), (-5,-5), (-5,-5), (-5,-5), (-5,-5), (-5,-5), (-5,-5), (-5,-5)]

Shrinking Run 48
#Info# Executed steps before collision: 10, Found collision: false
Turtle 1 :[(-1,-1), (42,12), (43,12), (43,11), (43,10), (43,10), (44,10), (44,9), (-1,-1), (-1,-1), (-1,-1)]
Turtle 2 :[(-2,-2), (23,18), (22,18), (21,18), (22,18), (21,18), (20,18), (19,18), (19,17), (-2,-2), (-2,-2)]
Turtle 3 :[(-3,-3), (34,45), (33,45), (32,45), (31,45), (31,44), (30,44), (-3,-3), (-3,-3), (-3,-3), (-3,-3)]
Turtle 4 :[(-4,-4), (21,18), (21,17), (21,17), (20,17), (19,17), (19,17), (18,17), (18,17), (18,17), (18,16)]
Turtle 5 :[(-5,-5), (39,0), (38,0), (37,0), (-5,-5), (-5,-5), (-5,-5), (-5,-5), (-5,-5), (-5,-5), (-5,-5)]

Shrinking Run 49
#Info# Executed steps before collision: 10, Found collision: false
Turtle 1 :[(-1,-1), (42,12), (43,12), (44,12), (44,11), (44,11), (44,10), (44,10), (44,9), (-1,-1), (-1,-1)]
Turtle 2 :[(-2,-2), (23,18), (22,18), (21,18), (21,19), (21,18), (20,18), (19,18), (19,17), (-2,-2), (-2,-2)]
Turtle 3 :[(-3,-3), (34,45), (33,45), (32,45), (31,45), (31,44), (30,44), (-3,-3), (-3,-3), (-3,-3), (-3,-3)]
Turtle 4 :[(-4,-4), (21,18), (21,17), (21,17), (20,17), (19,17), (19,17), (18,17), (18,17), (18,17), (18,16)]
Turtle 5 :[(-5,-5), (39,0), (38,0), (37,0), (-5,-5), (-5,-5), (-5,-5), (-5,-5), (-5,-5), (-5,-5), (-5,-5)]

Shrinking Run 50
#Info# Executed steps before collision: 10, Found collision: false
Turtle 1 :[(-1,-1), (42,12), (43,12), (43,11), (44,11), (44,10), (44,10), (44,10), (44,9), (-1,-1), (-1,-1)]
Turtle 2 :[(-2,-2), (23,18), (22,18), (21,18), (22,18), (21,18), (20,18), (20,17), (19,17), (-2,-2), (-2,-2)]
Turtle 3 :[(-3,-3), (34,45), (33,45), (32,45), (31,45), (31,44), (30,44), (-3,-3), (-3,-3), (-3,-3), (-3,-3)]
Turtle 4 :[(-4,-4), (21,18), (21,17), (21,17), (20,17), (19,17), (19,17), (18,17), (18,17), (18,17), (18,16)]
Turtle 5 :[(-5,-5), (39,0), (38,0), (37,0), (-5,-5), (-5,-5), (-5,-5), (-5,-5), (-5,-5), (-5,-5), (-5,-5)]

Shrinking Run 51
#Info# Executed steps before collision: 11, Found collision: false
Turtle 1 :[(-1,-1), (42,12), (43,12), (43,11), (44,11), (44,11), (44,10), (44,10), (44,9), (-1,-1), (-1,-1), (-1,-1)]
Turtle 2 :[(-2,-2), (23,18), (23,18), (23,18), (23,18), (23,18), (22,18), (21,18), (21,17), (20,17), (20,17), (19,17)]
Turtle 3 :[(-3,-3), (34,45), (33,45), (32,45), (31,45), (31,44), (30,44), (-3,-3), (-3,-3), (-3,-3), (-3,-3), (-3,-3)]
Turtle 4 :[(-4,-4), (21,18), (21,17), (21,17), (20,17), (19,17), (19,17), (18,17), (18,17), (18,17), (18,16), (-4,-4)]
Turtle 5 :[(-5,-5), (39,0), (38,0), (37,0), (-5,-5), (-5,-5), (-5,-5), (-5,-5), (-5,-5), (-5,-5), (-5,-5), (-5,-5)]

Shrinking Run 52
#Info# Executed steps before collision: 11, Found collision: false
Turtle 1 :[(-1,-1), (42,12), (43,12), (43,11), (44,11), (44,11), (44,10), (44,10), (44,9), (-1,-1), (-1,-1), (-1,-1)]
Turtle 2 :[(-2,-2), (23,18), (22,18), (21,18), (21,18), (21,17), (20,17), (20,16), (20,17), (20,18), (19,18), (19,17)]
Turtle 3 :[(-3,-3), (34,45), (33,45), (33,46), (33,47), (32,47), (32,48), (-3,-3), (-3,-3), (-3,-3), (-3,-3), (-3,-3)]
Turtle 4 :[(-4,-4), (21,18), (21,17), (21,17), (20,17), (19,17), (19,17), (18,17), (18,17), (18,17), (18,16), (-4,-4)]
Turtle 5 :[(-5,-5), (39,0), (38,0), (37,0), (-5,-5), (-5,-5), (-5,-5), (-5,-5), (-5,-5), (-5,-5), (-5,-5), (-5,-5)]

Shrinking Run 53
#Info# Executed steps before collision: 10, Found collision: false
Turtle 1 :[(-1,-1), (42,12), (43,12), (43,11), (44,11), (44,11), (44,10), (44,10), (44,9), (-1,-1), (-1,-1)]
Turtle 2 :[(-2,-2), (23,18), (22,18), (21,18), (20,18), (19,18), (19,19), (19,18), (19,17), (-2,-2), (-2,-2)]
Turtle 3 :[(-3,-3), (34,45), (33,45), (33,44), (33,43), (33,42), (33,41), (-3,-3), (-3,-3), (-3,-3), (-3,-3)]
Turtle 4 :[(-4,-4), (21,18), (21,17), (21,17), (20,17), (19,17), (19,17), (18,17), (18,17), (18,17), (18,16)]
Turtle 5 :[(-5,-5), (39,0), (38,0), (37,0), (-5,-5), (-5,-5), (-5,-5), (-5,-5), (-5,-5), (-5,-5), (-5,-5)]

Shrinking Run 54
#Info# Executed steps before collision: 10, Found collision: false
Turtle 1 :[(-1,-1), (42,12), (43,12), (43,11), (44,11), (44,11), (44,10), (44,10), (44,9), (-1,-1), (-1,-1)]
Turtle 2 :[(-2,-2), (23,18), (22,18), (21,18), (21,19), (21,18), (20,18), (19,18), (19,17), (-2,-2), (-2,-2)]
Turtle 3 :[(-3,-3), (34,45), (33,45), (32,45), (31,45), (30,45), (30,44), (-3,-3), (-3,-3), (-3,-3), (-3,-3)]
Turtle 4 :[(-4,-4), (21,18), (21,17), (21,17), (20,17), (19,17), (19,17), (18,17), (18,17), (18,17), (18,16)]
Turtle 5 :[(-5,-5), (39,0), (38,0), (37,0), (-5,-5), (-5,-5), (-5,-5), (-5,-5), (-5,-5), (-5,-5), (-5,-5)]

Shrinking Run 55
#Info# Executed steps before collision: 10, Found collision: false
Turtle 1 :[(-1,-1), (42,12), (43,12), (43,11), (44,11), (44,11), (44,10), (44,10), (44,9), (-1,-1), (-1,-1)]
Turtle 2 :[(-2,-2), (23,18), (22,18), (21,18), (21,17), (20,17), (19,17), (-2,-2), (-2,-2), (-2,-2), (-2,-2)]
Turtle 3 :[(-3,-3), (34,45), (33,45), (32,45), (31,45), (31,44), (30,44), (-3,-3), (-3,-3), (-3,-3), (-3,-3)]
Turtle 4 :[(-4,-4), (21,18), (20,18), (20,18), (20,17), (20,16), (20,16), (19,16), (18,16), (17,16), (17,17)]
Turtle 5 :[(-5,-5), (39,0), (38,0), (37,0), (-5,-5), (-5,-5), (-5,-5), (-5,-5), (-5,-5), (-5,-5), (-5,-5)]

Shrinking Run 56
#Info# Executed steps before collision: 5, Found collision: true
Turtle 1 :[(-1,-1), (42,12), (43,12), (43,11), (44,11), (44,11), (44,10), (44,10), (44,9), (-1,-1), (-1,-1), (-1,-1)]
Turtle 2 :[(-2,-2), (23,18), (22,18), (21,18), (21,17), (20,17), (19,17), (-2,-2), (-2,-2), (-2,-2), (-2,-2), (-2,-2)]
Turtle 3 :[(-3,-3), (34,45), (33,45), (32,45), (31,45), (31,44), (30,44), (-3,-3), (-3,-3), (-3,-3), (-3,-3), (-3,-3)]
Turtle 4 :[(-4,-4), (21,18), (20,18), (20,18), (20,17), (20,17), (20,17), (21,17), (21,16), (20,16), (19,16), (19,15)]
Turtle 5 :[(-5,-5), (39,0), (38,0), (37,0), (-5,-5), (-5,-5), (-5,-5), (-5,-5), (-5,-5), (-5,-5), (-5,-5), (-5,-5)]

Shrinking Run 57
#Info# Executed steps before collision: 10, Found collision: false
Turtle 1 :[(-1,-1), (42,12), (43,12), (43,11), (44,11), (44,11), (44,10), (44,10), (44,9), (-1,-1), (-1,-1)]
Turtle 2 :[(-2,-2), (23,18), (22,18), (21,18), (21,17), (20,17), (20,16), (20,15), (19,15), (19,16), (19,17)]
Turtle 3 :[(-3,-3), (34,45), (33,45), (32,45), (31,45), (31,44), (30,44), (-3,-3), (-3,-3), (-3,-3), (-3,-3)]
Turtle 4 :[(-4,-4), (21,18), (20,18), (20,18), (20,17), (19,17), (19,16), (18,16), (-4,-4), (-4,-4), (-4,-4)]
Turtle 5 :[(-5,-5), (39,0), (38,0), (37,0), (-5,-5), (-5,-5), (-5,-5), (-5,-5), (-5,-5), (-5,-5), (-5,-5)]

Shrinking Run 58
#Info# Executed steps before collision: 11, Found collision: false
Turtle 1 :[(-1,-1), (42,12), (43,12), (43,11), (44,11), (44,11), (44,10), (44,10), (44,9), (-1,-1), (-1,-1), (-1,-1)]
Turtle 2 :[(-2,-2), (23,18), (22,18), (21,18), (21,17), (20,17), (19,17), (-2,-2), (-2,-2), (-2,-2), (-2,-2), (-2,-2)]
Turtle 3 :[(-3,-3), (34,45), (33,45), (32,45), (31,45), (31,44), (30,44), (-3,-3), (-3,-3), (-3,-3), (-3,-3), (-3,-3)]
Turtle 4 :[(-4,-4), (21,18), (20,18), (20,18), (19,18), (19,18), (18,18), (18,17), (18,17), (18,17), (18,17), (18,16)]
Turtle 5 :[(-5,-5), (39,0), (38,0), (37,0), (-5,-5), (-5,-5), (-5,-5), (-5,-5), (-5,-5), (-5,-5), (-5,-5), (-5,-5)]

Shrinking Run 59
#Info# Executed steps before collision: 11, Found collision: false
Turtle 1 :[(-1,-1), (42,12), (43,12), (43,11), (44,11), (44,11), (44,10), (44,10), (44,9), (-1,-1), (-1,-1), (-1,-1)]
Turtle 2 :[(-2,-2), (23,18), (22,18), (21,18), (21,17), (20,17), (19,17), (-2,-2), (-2,-2), (-2,-2), (-2,-2), (-2,-2)]
Turtle 3 :[(-3,-3), (34,45), (33,45), (32,45), (31,45), (31,44), (30,44), (-3,-3), (-3,-3), (-3,-3), (-3,-3), (-3,-3)]
Turtle 4 :[(-4,-4), (21,18), (20,18), (20,18), (20,17), (20,18), (19,18), (19,19), (18,19), (18,18), (18,17), (18,16)]
Turtle 5 :[(-5,-5), (39,0), (38,0), (37,0), (-5,-5), (-5,-5), (-5,-5), (-5,-5), (-5,-5), (-5,-5), (-5,-5), (-5,-5)]

Shrinking Run 60
#Info# Executed steps before collision: 8, Found collision: false
Turtle 1 :[(-1,-1), (42,12), (43,12), (43,11), (44,11), (44,11), (44,10), (44,10), (44,9)]
Turtle 2 :[(-2,-2), (23,18), (22,18), (21,18), (21,17), (20,17), (19,17), (-2,-2), (-2,-2)]
Turtle 3 :[(-3,-3), (34,45), (33,45), (32,45), (31,45), (31,44), (30,44), (-3,-3), (-3,-3)]
Turtle 4 :[(-4,-4), (21,18), (21,17), (20,17), (20,16), (19,16), (19,15), (-4,-4), (-4,-4)]
Turtle 5 :[(-5,-5), (39,0), (38,0), (37,0), (-5,-5), (-5,-5), (-5,-5), (-5,-5), (-5,-5)]

Shrinking Run 61
#Info# Executed steps before collision: 8, Found collision: false
Turtle 1 :[(-1,-1), (42,12), (43,12), (43,11), (44,11), (44,11), (44,10), (44,10), (44,9)]
Turtle 2 :[(-2,-2), (23,18), (22,18), (21,18), (22,18), (21,18), (20,18), (20,17), (19,17)]
Turtle 3 :[(-3,-3), (34,45), (33,45), (32,45), (31,45), (31,44), (30,44), (-3,-3), (-3,-3)]
Turtle 4 :[(-4,-4), (21,18), (21,17), (21,17), (21,16), (20,16), (19,16), (19,15), (-4,-4)]
Turtle 5 :[(-5,-5), (39,0), (38,0), (37,0), (-5,-5), (-5,-5), (-5,-5), (-5,-5), (-5,-5)]

Shrinking Run 62
#Info# Executed steps before collision: 8, Found collision: false
Turtle 1 :[(-1,-1), (42,12), (43,12), (43,11), (44,11), (44,11), (44,10), (44,10), (44,9)]
Turtle 2 :[(-2,-2), (23,18), (22,18), (21,18), (22,18), (21,18), (21,17), (20,17), (19,17)]
Turtle 3 :[(-3,-3), (34,45), (33,45), (32,45), (31,45), (31,44), (30,44), (-3,-3), (-3,-3)]
Turtle 4 :[(-4,-4), (21,18), (21,17), (21,17), (21,16), (20,16), (19,16), (19,16), (19,15)]
Turtle 5 :[(-5,-5), (39,0), (38,0), (37,0), (-5,-5), (-5,-5), (-5,-5), (-5,-5), (-5,-5)]

Shrinking Run 63
#Info# Executed steps before collision: 10, Found collision: false
Turtle 1 :[(-1,-1), (42,12), (43,12), (43,11), (44,11), (44,11), (44,10), (44,10), (44,9), (-1,-1), (-1,-1)]
Turtle 2 :[(-2,-2), (23,18), (22,18), (21,18), (21,18), (20,18), (19,18), (19,17), (-2,-2), (-2,-2), (-2,-2)]
Turtle 3 :[(-3,-3), (34,45), (33,45), (32,45), (31,45), (31,44), (30,44), (-3,-3), (-3,-3), (-3,-3), (-3,-3)]
Turtle 4 :[(-4,-4), (21,18), (21,17), (21,17), (21,16), (21,16), (20,16), (19,16), (19,16), (19,16), (19,15)]
Turtle 5 :[(-5,-5), (39,0), (38,0), (37,0), (-5,-5), (-5,-5), (-5,-5), (-5,-5), (-5,-5), (-5,-5), (-5,-5)]

Shrinking Run 64
#Info# Executed steps before collision: 9, Found collision: false
Turtle 1 :[(-1,-1), (42,12), (43,12), (43,11), (44,11), (44,11), (44,10), (44,10), (44,9), (-1,-1)]
Turtle 2 :[(-2,-2), (23,18), (22,18), (21,18), (20,18), (19,18), (19,17), (-2,-2), (-2,-2), (-2,-2)]
Turtle 3 :[(-3,-3), (34,45), (33,45), (32,45), (31,45), (31,44), (30,44), (-3,-3), (-3,-3), (-3,-3)]
Turtle 4 :[(-4,-4), (21,18), (21,17), (21,17), (21,16), (20,16), (19,16), (19,16), (19,16), (19,15)]
Turtle 5 :[(-5,-5), (39,0), (38,0), (37,0), (-5,-5), (-5,-5), (-5,-5), (-5,-5), (-5,-5), (-5,-5)]

Shrinking Run 65
#Info# Executed steps before collision: 11, Found collision: false
Turtle 1 :[(-1,-1), (42,12), (43,12), (43,11), (44,11), (44,11), (44,10), (44,10), (44,9), (-1,-1), (-1,-1), (-1,-1)]
Turtle 2 :[(-2,-2), (23,18), (22,18), (21,18), (21,18), (21,17), (20,17), (19,17), (-2,-2), (-2,-2), (-2,-2), (-2,-2)]
Turtle 3 :[(-3,-3), (34,45), (33,45), (32,45), (31,45), (31,44), (30,44), (-3,-3), (-3,-3), (-3,-3), (-3,-3), (-3,-3)]
Turtle 4 :[(-4,-4), (21,18), (21,17), (21,17), (21,16), (21,16), (20,16), (19,16), (19,16), (19,16), (19,16), (19,15)]
Turtle 5 :[(-5,-5), (39,0), (38,0), (37,0), (-5,-5), (-5,-5), (-5,-5), (-5,-5), (-5,-5), (-5,-5), (-5,-5), (-5,-5)]

Shrinking Run 66
#Info# Executed steps before collision: 11, Found collision: false
Turtle 1 :[(-1,-1), (42,12), (43,12), (43,11), (44,11), (44,11), (44,10), (44,10), (44,9), (-1,-1), (-1,-1), (-1,-1)]
Turtle 2 :[(-2,-2), (23,18), (22,18), (21,18), (21,17), (20,17), (19,17), (-2,-2), (-2,-2), (-2,-2), (-2,-2), (-2,-2)]
Turtle 3 :[(-3,-3), (34,45), (33,45), (32,45), (31,45), (31,44), (30,44), (-3,-3), (-3,-3), (-3,-3), (-3,-3), (-3,-3)]
Turtle 4 :[(-4,-4), (21,18), (20,18), (20,17), (20,16), (20,16), (20,16), (19,16), (19,16), (19,16), (19,16), (19,15)]
Turtle 5 :[(-5,-5), (39,0), (38,0), (37,0), (-5,-5), (-5,-5), (-5,-5), (-5,-5), (-5,-5), (-5,-5), (-5,-5), (-5,-5)]

Shrinking Run 67
#Info# Executed steps before collision: 11, Found collision: false
Turtle 1 :[(-1,-1), (42,12), (43,12), (43,11), (44,11), (44,11), (44,10), (44,10), (44,9), (-1,-1), (-1,-1), (-1,-1)]
Turtle 2 :[(-2,-2), (23,18), (22,18), (21,18), (21,17), (21,17), (20,17), (20,18), (20,17), (19,17), (-2,-2), (-2,-2)]
Turtle 3 :[(-3,-3), (34,45), (33,45), (32,45), (31,45), (31,44), (30,44), (-3,-3), (-3,-3), (-3,-3), (-3,-3), (-3,-3)]
Turtle 4 :[(-4,-4), (21,18), (20,18), (19,18), (19,17), (19,17), (19,17), (19,16), (19,16), (19,16), (19,16), (19,15)]
Turtle 5 :[(-5,-5), (39,0), (38,0), (37,0), (-5,-5), (-5,-5), (-5,-5), (-5,-5), (-5,-5), (-5,-5), (-5,-5), (-5,-5)]

Shrinking Run 68
#Info# Executed steps before collision: 12, Found collision: false
Turtle 1 :[(-1,-1), (42,12), (43,12), (43,11), (44,11), (44,11), (44,10), (44,10), (44,9), (-1,-1), (-1,-1), (-1,-1), (-1,-1)]
Turtle 2 :[(-2,-2), (23,18), (22,18), (21,18), (21,17), (20,17), (19,17), (-2,-2), (-2,-2), (-2,-2), (-2,-2), (-2,-2), (-2,-2)]
Turtle 3 :[(-3,-3), (34,45), (33,45), (32,45), (31,45), (31,44), (30,44), (-3,-3), (-3,-3), (-3,-3), (-3,-3), (-3,-3), (-3,-3)]
Turtle 4 :[(-4,-4), (21,18), (20,18), (20,18), (20,17), (20,16), (20,16), (20,16), (19,16), (19,16), (19,16), (19,16), (19,15)]
Turtle 5 :[(-5,-5), (39,0), (38,0), (37,0), (-5,-5), (-5,-5), (-5,-5), (-5,-5), (-5,-5), (-5,-5), (-5,-5), (-5,-5), (-5,-5)]

Shrinking Run 69
#Info# Executed steps before collision: 11, Found collision: false
Turtle 1 :[(-1,-1), (42,12), (43,12), (43,11), (44,11), (44,11), (44,10), (44,10), (44,9), (-1,-1), (-1,-1), (-1,-1)]
Turtle 2 :[(-2,-2), (23,18), (22,18), (21,18), (21,17), (20,17), (20,18), (19,18), (19,17), (-2,-2), (-2,-2), (-2,-2)]
Turtle 3 :[(-3,-3), (34,45), (33,45), (32,45), (31,45), (31,44), (30,44), (-3,-3), (-3,-3), (-3,-3), (-3,-3), (-3,-3)]
Turtle 4 :[(-4,-4), (21,18), (20,18), (20,18), (20,17), (19,17), (19,17), (19,16), (19,16), (19,16), (19,16), (19,15)]
Turtle 5 :[(-5,-5), (39,0), (38,0), (37,0), (-5,-5), (-5,-5), (-5,-5), (-5,-5), (-5,-5), (-5,-5), (-5,-5), (-5,-5)]

Shrinking Run 70
#Info# Executed steps before collision: 8, Found collision: false
Turtle 1 :[(-1,-1), (42,12), (43,12), (43,11), (44,11), (44,11), (44,10), (44,10), (44,9)]
Turtle 2 :[(-2,-2), (23,18), (22,18), (21,18), (21,17), (20,17), (19,17), (-2,-2), (-2,-2)]
Turtle 3 :[(-3,-3), (34,45), (33,45), (32,45), (31,45), (31,44), (30,44), (-3,-3), (-3,-3)]
Turtle 4 :[(-4,-4), (21,18), (20,18), (20,18), (20,17), (20,16), (19,16), (19,15), (-4,-4)]
Turtle 5 :[(-5,-5), (39,0), (38,0), (37,0), (-5,-5), (-5,-5), (-5,-5), (-5,-5), (-5,-5)]

Shrinking Run 71
#Info# Executed steps before collision: 8, Found collision: false
Turtle 1 :[(-1,-1), (42,12), (43,12), (43,11), (44,11), (44,11), (44,10), (44,10), (44,9)]
Turtle 2 :[(-2,-2), (23,18), (22,18), (21,18), (21,17), (20,17), (20,17), (19,17), (-2,-2)]
Turtle 3 :[(-3,-3), (34,45), (33,45), (32,45), (31,45), (31,44), (30,44), (-3,-3), (-3,-3)]
Turtle 4 :[(-4,-4), (21,18), (20,18), (20,18), (20,17), (19,17), (19,16), (19,15), (-4,-4)]
Turtle 5 :[(-5,-5), (39,0), (38,0), (37,0), (36,0), (35,0), (34,0), (-5,-5), (-5,-5)]

Shrinking Run 72
#Info# Executed steps before collision: 8, Found collision: false
Turtle 1 :[(-1,-1), (42,12), (43,12), (43,11), (44,11), (44,11), (44,10), (44,10), (44,9)]
Turtle 2 :[(-2,-2), (23,18), (22,18), (21,18), (21,17), (20,17), (19,17), (-2,-2), (-2,-2)]
Turtle 3 :[(-3,-3), (34,45), (33,45), (32,45), (31,45), (31,44), (30,44), (-3,-3), (-3,-3)]
Turtle 4 :[(-4,-4), (21,18), (20,18), (20,18), (20,17), (20,16), (20,15), (19,15), (-4,-4)]
Turtle 5 :[(-5,-5), (39,0), (40,0), (39,0), (38,0), (37,0), (36,0), (-5,-5), (-5,-5)]

Shrinking Run 73
#Info# Executed steps before collision: 11, Found collision: false
Turtle 1 :[(-1,-1), (42,12), (41,12), (41,12), (41,11), (41,11), (40,11), (39,11), (39,11), (39,11), (39,11), (39,10)]
Turtle 2 :[(-2,-2), (23,18), (22,18), (21,18), (21,17), (20,17), (19,17), (-2,-2), (-2,-2), (-2,-2), (-2,-2), (-2,-2)]
Turtle 3 :[(-3,-3), (34,45), (33,45), (32,45), (31,45), (31,44), (30,44), (-3,-3), (-3,-3), (-3,-3), (-3,-3), (-3,-3)]
Turtle 4 :[(-4,-4), (21,18), (20,18), (20,18), (20,17), (20,16), (20,15), (19,15), (-4,-4), (-4,-4), (-4,-4), (-4,-4)]
Turtle 5 :[(-5,-5), (39,0), (38,0), (37,0), (-5,-5), (-5,-5), (-5,-5), (-5,-5), (-5,-5), (-5,-5), (-5,-5), (-5,-5)]

Shrinking Run 74
#Info# Executed steps before collision: 11, Found collision: false
Turtle 1 :[(-1,-1), (42,12), (41,12), (41,12), (41,11), (41,11), (41,10), (40,10), (40,10), (40,10), (40,10), (40,9)]
Turtle 2 :[(-2,-2), (23,18), (22,18), (21,18), (21,17), (20,17), (19,17), (-2,-2), (-2,-2), (-2,-2), (-2,-2), (-2,-2)]
Turtle 3 :[(-3,-3), (34,45), (33,45), (32,45), (31,45), (31,44), (30,44), (-3,-3), (-3,-3), (-3,-3), (-3,-3), (-3,-3)]
Turtle 4 :[(-4,-4), (21,18), (20,18), (20,18), (20,17), (19,17), (19,16), (19,15), (-4,-4), (-4,-4), (-4,-4), (-4,-4)]
Turtle 5 :[(-5,-5), (39,0), (38,0), (37,0), (-5,-5), (-5,-5), (-5,-5), (-5,-5), (-5,-5), (-5,-5), (-5,-5), (-5,-5)]

Shrinking Run 75
#Info# Executed steps before collision: 8, Found collision: false
Turtle 1 :[(-1,-1), (42,12), (42,11), (43,11), (43,10), (43,9), (-1,-1), (-1,-1), (-1,-1)]
Turtle 2 :[(-2,-2), (23,18), (22,18), (21,18), (21,17), (20,17), (21,17), (20,17), (19,17)]
Turtle 3 :[(-3,-3), (34,45), (33,45), (32,45), (31,45), (31,44), (30,44), (-3,-3), (-3,-3)]
Turtle 4 :[(-4,-4), (21,18), (20,18), (20,18), (20,17), (19,17), (19,16), (19,15), (-4,-4)]
Turtle 5 :[(-5,-5), (39,0), (38,0), (37,0), (-5,-5), (-5,-5), (-5,-5), (-5,-5), (-5,-5)]

Shrinking Run 76
#Info# Executed steps before collision: 11, Found collision: false
Turtle 1 :[(-1,-1), (42,12), (42,11), (42,11), (42,10), (42,10), (42,9), (43,9), (43,9), (43,9), (43,9), (43,8)]
Turtle 2 :[(-2,-2), (23,18), (22,18), (21,18), (21,17), (20,17), (20,18), (20,17), (19,17), (-2,-2), (-2,-2), (-2,-2)]
Turtle 3 :[(-3,-3), (34,45), (33,45), (32,45), (31,45), (31,44), (30,44), (-3,-3), (-3,-3), (-3,-3), (-3,-3), (-3,-3)]
Turtle 4 :[(-4,-4), (21,18), (20,18), (20,18), (20,17), (19,17), (19,16), (19,15), (-4,-4), (-4,-4), (-4,-4), (-4,-4)]
Turtle 5 :[(-5,-5), (39,0), (38,0), (37,0), (-5,-5), (-5,-5), (-5,-5), (-5,-5), (-5,-5), (-5,-5), (-5,-5), (-5,-5)]

Shrinking Run 77
#Info# Executed steps before collision: 8, Found collision: false
Turtle 1 :[(-1,-1), (42,12), (43,12), (43,11), (44,11), (44,10), (44,9), (-1,-1), (-1,-1)]
Turtle 2 :[(-2,-2), (23,18), (22,18), (21,18), (21,17), (20,17), (20,16), (20,17), (19,17)]
Turtle 3 :[(-3,-3), (34,45), (33,45), (32,45), (31,45), (31,44), (30,44), (-3,-3), (-3,-3)]
Turtle 4 :[(-4,-4), (21,18), (20,18), (20,18), (20,17), (19,17), (19,16), (19,15), (-4,-4)]
Turtle 5 :[(-5,-5), (39,0), (38,0), (37,0), (-5,-5), (-5,-5), (-5,-5), (-5,-5), (-5,-5)]

Shrinking Run 78
#Info# Executed steps before collision: 5, Found collision: true
Turtle 1 :[(-1,-1), (42,12), (43,12), (43,11), (43,10), (43,10), (44,10), (44,9), (-1,-1), (-1,-1), (-1,-1)]
Turtle 2 :[(-2,-2), (23,18), (22,18), (21,18), (21,17), (20,17), (19,17), (-2,-2), (-2,-2), (-2,-2), (-2,-2)]
Turtle 3 :[(-3,-3), (34,45), (33,45), (32,45), (31,45), (31,44), (30,44), (-3,-3), (-3,-3), (-3,-3), (-3,-3)]
Turtle 4 :[(-4,-4), (21,18), (20,18), (20,18), (20,17), (20,17), (21,17), (20,17), (20,16), (20,15), (19,15)]
Turtle 5 :[(-5,-5), (39,0), (38,0), (37,0), (-5,-5), (-5,-5), (-5,-5), (-5,-5), (-5,-5), (-5,-5), (-5,-5)]

Shrinking Run 79
#Info# Executed steps before collision: 7, Found collision: false
Turtle 1 :[(-1,-1), (42,12), (43,12), (44,12), (44,11), (44,11), (44,10), (44,9)]
Turtle 2 :[(-2,-2), (23,18), (22,18), (21,18), (21,17), (20,17), (20,17), (19,17)]
Turtle 3 :[(-3,-3), (34,45), (33,45), (32,45), (31,45), (31,44), (30,44), (-3,-3)]
Turtle 4 :[(-4,-4), (21,18), (20,18), (20,18), (20,17), (19,17), (19,16), (19,15)]
Turtle 5 :[(-5,-5), (39,0), (38,0), (37,0), (-5,-5), (-5,-5), (-5,-5), (-5,-5)]

Shrinking Run 80
#Info# Executed steps before collision: 5, Found collision: true
Turtle 1 :[(-1,-1), (42,12), (43,12), (43,11), (44,11), (44,11), (44,10), (44,9), (-1,-1), (-1,-1)]
Turtle 2 :[(-2,-2), (23,18), (22,18), (21,18), (21,17), (20,17), (19,17), (-2,-2), (-2,-2), (-2,-2)]
Turtle 3 :[(-3,-3), (34,45), (33,45), (32,45), (31,45), (31,44), (30,44), (-3,-3), (-3,-3), (-3,-3)]
Turtle 4 :[(-4,-4), (21,18), (20,18), (20,18), (20,17), (20,17), (20,17), (20,16), (19,16), (19,15)]
Turtle 5 :[(-5,-5), (39,0), (38,0), (37,0), (-5,-5), (-5,-5), (-5,-5), (-5,-5), (-5,-5), (-5,-5)]

Shrinking Run 81
#Info# Executed steps before collision: 7, Found collision: false
Turtle 1 :[(-1,-1), (42,12), (43,12), (43,11), (44,11), (44,10), (44,10), (44,9)]
Turtle 2 :[(-2,-2), (23,18), (22,18), (21,18), (21,17), (20,17), (19,17), (-2,-2)]
Turtle 3 :[(-3,-3), (34,45), (33,45), (32,45), (31,45), (31,44), (30,44), (-3,-3)]
Turtle 4 :[(-4,-4), (21,18), (20,18), (20,18), (20,17), (20,16), (20,15), (19,15)]
Turtle 5 :[(-5,-5), (39,0), (38,0), (37,0), (-5,-5), (-5,-5), (-5,-5), (-5,-5)]

Shrinking Run 82
#Info# Executed steps before collision: 11, Found collision: false
Turtle 1 :[(-1,-1), (42,12), (43,12), (43,11), (44,11), (44,11), (44,10), (44,9), (-1,-1), (-1,-1), (-1,-1), (-1,-1)]
Turtle 2 :[(-2,-2), (23,18), (23,18), (23,18), (23,18), (23,18), (22,18), (21,18), (21,17), (20,17), (20,17), (19,17)]
Turtle 3 :[(-3,-3), (34,45), (33,45), (32,45), (31,45), (31,44), (30,44), (-3,-3), (-3,-3), (-3,-3), (-3,-3), (-3,-3)]
Turtle 4 :[(-4,-4), (21,18), (20,18), (20,18), (20,17), (20,17), (19,17), (19,16), (19,16), (19,16), (19,16), (19,15)]
Turtle 5 :[(-5,-5), (39,0), (38,0), (37,0), (-5,-5), (-5,-5), (-5,-5), (-5,-5), (-5,-5), (-5,-5), (-5,-5), (-5,-5)]

Shrinking Run 83
#Info# Executed steps before collision: 9, Found collision: false
Turtle 1 :[(-1,-1), (42,12), (43,12), (43,11), (44,11), (44,11), (44,10), (44,9), (-1,-1), (-1,-1)]
Turtle 2 :[(-2,-2), (23,18), (22,18), (21,18), (21,17), (20,17), (19,17), (-2,-2), (-2,-2), (-2,-2)]
Turtle 3 :[(-3,-3), (34,45), (33,45), (33,46), (33,47), (32,47), (32,48), (-3,-3), (-3,-3), (-3,-3)]
Turtle 4 :[(-4,-4), (21,18), (20,18), (20,18), (20,17), (20,18), (20,17), (20,16), (20,15), (19,15)]
Turtle 5 :[(-5,-5), (39,0), (38,0), (37,0), (-5,-5), (-5,-5), (-5,-5), (-5,-5), (-5,-5), (-5,-5)]

Shrinking Run 84
#Info# Executed steps before collision: 9, Found collision: false
Turtle 1 :[(-1,-1), (42,12), (43,12), (43,11), (44,11), (44,11), (44,10), (44,9), (-1,-1), (-1,-1)]
Turtle 2 :[(-2,-2), (23,18), (22,18), (21,18), (21,17), (20,17), (19,17), (-2,-2), (-2,-2), (-2,-2)]
Turtle 3 :[(-3,-3), (34,45), (33,45), (33,44), (33,43), (33,42), (33,41), (-3,-3), (-3,-3), (-3,-3)]
Turtle 4 :[(-4,-4), (21,18), (20,18), (20,18), (20,17), (20,18), (20,17), (20,16), (20,15), (19,15)]
Turtle 5 :[(-5,-5), (39,0), (38,0), (37,0), (-5,-5), (-5,-5), (-5,-5), (-5,-5), (-5,-5), (-5,-5)]

Shrinking Run 85
#Info# Executed steps before collision: 5, Found collision: true
Turtle 1 :[(-1,-1), (42,12), (43,12), (43,11), (44,11), (44,11), (44,10), (44,9), (-1,-1), (-1,-1), (-1,-1), (-1,-1), (-1,-1), (-1,-1)]
Turtle 2 :[(-2,-2), (23,18), (22,18), (21,18), (21,17), (20,17), (19,17), (-2,-2), (-2,-2), (-2,-2), (-2,-2), (-2,-2), (-2,-2), (-2,-2)]
Turtle 3 :[(-3,-3), (34,45), (33,45), (32,45), (31,45), (30,45), (30,44), (-3,-3), (-3,-3), (-3,-3), (-3,-3), (-3,-3), (-3,-3), (-3,-3)]
Turtle 4 :[(-4,-4), (21,18), (20,18), (20,18), (20,17), (20,17), (20,17), (20,17), (19,17), (19,16), (19,16), (19,16), (19,16), (19,15)]
Turtle 5 :[(-5,-5), (39,0), (38,0), (37,0), (-5,-5), (-5,-5), (-5,-5), (-5,-5), (-5,-5), (-5,-5), (-5,-5), (-5,-5), (-5,-5), (-5,-5)]

Shrinking Run 86
#Info# Executed steps before collision: 8, Found collision: false
Turtle 1 :[(-1,-1), (42,12), (43,12), (43,11), (44,11), (44,11), (44,10), (44,9), (-1,-1)]
Turtle 2 :[(-2,-2), (23,18), (22,18), (21,18), (21,17), (20,17), (20,16), (20,17), (19,17)]
Turtle 3 :[(-3,-3), (34,45), (33,45), (32,45), (31,45), (30,45), (29,45), (-3,-3), (-3,-3)]
Turtle 4 :[(-4,-4), (21,18), (20,18), (20,18), (20,17), (19,17), (19,16), (19,15), (-4,-4)]
Turtle 5 :[(-5,-5), (39,0), (38,0), (37,0), (-5,-5), (-5,-5), (-5,-5), (-5,-5), (-5,-5)]

Shrinking Run 87
#Info# Executed steps before collision: 5, Found collision: true
Turtle 1 :[(-1,-1), (42,12), (43,12), (43,11), (44,11), (44,11), (44,10), (44,9), (-1,-1), (-1,-1), (-1,-1), (-1,-1)]
Turtle 2 :[(-2,-2), (23,18), (22,18), (21,18), (21,17), (20,17), (19,17), (-2,-2), (-2,-2), (-2,-2), (-2,-2), (-2,-2)]
Turtle 3 :[(-3,-3), (34,45), (33,45), (32,45), (31,45), (30,45), (30,44), (-3,-3), (-3,-3), (-3,-3), (-3,-3), (-3,-3)]
Turtle 4 :[(-4,-4), (21,18), (20,18), (20,18), (20,17), (20,17), (20,17), (20,16), (19,16), (18,16), (17,16), (17,17)]
Turtle 5 :[(-5,-5), (39,0), (38,0), (37,0), (-5,-5), (-5,-5), (-5,-5), (-5,-5), (-5,-5), (-5,-5), (-5,-5), (-5,-5)]

Shrinking Run 88
#Info# Executed steps before collision: 8, Found collision: false
Turtle 1 :[(-1,-1), (42,12), (43,12), (43,11), (44,11), (44,11), (44,10), (44,9), (-1,-1)]
Turtle 2 :[(-2,-2), (23,18), (22,18), (21,18), (21,17), (20,17), (20,18), (20,17), (19,17)]
Turtle 3 :[(-3,-3), (34,45), (33,45), (32,45), (31,45), (30,45), (30,44), (-3,-3), (-3,-3)]
Turtle 4 :[(-4,-4), (21,18), (20,18), (20,18), (20,17), (19,17), (19,16), (18,16), (-4,-4)]
Turtle 5 :[(-5,-5), (39,0), (38,0), (37,0), (-5,-5), (-5,-5), (-5,-5), (-5,-5), (-5,-5)]

Shrinking Run 89
#Info# Executed steps before collision: 11, Found collision: false
Turtle 1 :[(-1,-1), (42,12), (43,12), (43,11), (44,11), (44,11), (44,10), (44,9), (-1,-1), (-1,-1), (-1,-1), (-1,-1)]
Turtle 2 :[(-2,-2), (23,18), (22,18), (21,18), (21,17), (20,17), (19,17), (-2,-2), (-2,-2), (-2,-2), (-2,-2), (-2,-2)]
Turtle 3 :[(-3,-3), (34,45), (33,45), (32,45), (31,45), (30,45), (30,44), (-3,-3), (-3,-3), (-3,-3), (-3,-3), (-3,-3)]
Turtle 4 :[(-4,-4), (21,18), (20,18), (20,18), (19,18), (19,18), (18,18), (17,18), (17,18), (17,18), (17,18), (17,17)]
Turtle 5 :[(-5,-5), (39,0), (38,0), (37,0), (-5,-5), (-5,-5), (-5,-5), (-5,-5), (-5,-5), (-5,-5), (-5,-5), (-5,-5)]

Shrinking Run 90
#Info# Executed steps before collision: 7, Found collision: false
Turtle 1 :[(-1,-1), (42,12), (43,12), (43,11), (44,11), (44,11), (44,10), (44,9)]
Turtle 2 :[(-2,-2), (23,18), (22,18), (21,18), (21,17), (20,17), (19,17), (-2,-2)]
Turtle 3 :[(-3,-3), (34,45), (33,45), (32,45), (31,45), (30,45), (30,44), (-3,-3)]
Turtle 4 :[(-4,-4), (21,18), (21,17), (20,17), (19,17), (18,17), (17,17), (-4,-4)]
Turtle 5 :[(-5,-5), (39,0), (38,0), (37,0), (-5,-5), (-5,-5), (-5,-5), (-5,-5)]

Shrinking Run 91
#Info# Executed steps before collision: 7, Found collision: false
Turtle 1 :[(-1,-1), (42,12), (43,12), (43,11), (44,11), (44,11), (44,10), (44,9)]
Turtle 2 :[(-2,-2), (23,18), (22,18), (21,18), (21,17), (20,17), (19,17), (-2,-2)]
Turtle 3 :[(-3,-3), (34,45), (33,45), (32,45), (31,45), (30,45), (30,44), (-3,-3)]
Turtle 4 :[(-4,-4), (21,18), (20,18), (20,18), (20,17), (19,17), (18,17), (17,17)]
Turtle 5 :[(-5,-5), (39,0), (38,0), (37,0), (-5,-5), (-5,-5), (-5,-5), (-5,-5)]

Shrinking Run 92
#Info# Executed steps before collision: 8, Found collision: false
Turtle 1 :[(-1,-1), (42,12), (43,12), (43,11), (44,11), (44,11), (44,10), (44,9), (-1,-1)]
Turtle 2 :[(-2,-2), (23,18), (22,18), (21,18), (21,17), (20,17), (21,17), (20,17), (19,17)]
Turtle 3 :[(-3,-3), (34,45), (33,45), (32,45), (31,45), (30,45), (30,44), (-3,-3), (-3,-3)]
Turtle 4 :[(-4,-4), (21,18), (20,18), (20,18), (20,17), (19,17), (18,17), (18,17), (17,17)]
Turtle 5 :[(-5,-5), (39,0), (38,0), (37,0), (-5,-5), (-5,-5), (-5,-5), (-5,-5), (-5,-5)]

Shrinking Run 93
#Info# Executed steps before collision: 9, Found collision: false
Turtle 1 :[(-1,-1), (42,12), (43,12), (43,11), (44,11), (44,11), (44,10), (44,9), (-1,-1), (-1,-1)]
Turtle 2 :[(-2,-2), (23,18), (22,18), (21,18), (21,17), (20,17), (19,17), (-2,-2), (-2,-2), (-2,-2)]
Turtle 3 :[(-3,-3), (34,45), (33,45), (32,45), (31,45), (30,45), (30,44), (-3,-3), (-3,-3), (-3,-3)]
Turtle 4 :[(-4,-4), (21,18), (20,18), (20,18), (20,17), (20,18), (19,18), (18,18), (17,18), (17,17)]
Turtle 5 :[(-5,-5), (39,0), (38,0), (37,0), (-5,-5), (-5,-5), (-5,-5), (-5,-5), (-5,-5), (-5,-5)]

Shrinking Run 94
#Info# Executed steps before collision: 9, Found collision: false
Turtle 1 :[(-1,-1), (42,12), (43,12), (43,11), (44,11), (44,11), (44,10), (44,9), (-1,-1), (-1,-1)]
Turtle 2 :[(-2,-2), (23,18), (22,18), (21,18), (21,17), (20,17), (20,18), (19,18), (19,17), (-2,-2)]
Turtle 3 :[(-3,-3), (34,45), (33,45), (32,45), (31,45), (30,45), (30,44), (-3,-3), (-3,-3), (-3,-3)]
Turtle 4 :[(-4,-4), (21,18), (20,18), (20,18), (20,17), (19,17), (18,17), (18,17), (18,17), (17,17)]
Turtle 5 :[(-5,-5), (39,0), (38,0), (37,0), (-5,-5), (-5,-5), (-5,-5), (-5,-5), (-5,-5), (-5,-5)]

Shrinking Run 95
#Info# Executed steps before collision: 11, Found collision: false
Turtle 1 :[(-1,-1), (42,12), (43,12), (43,11), (44,11), (44,11), (44,10), (44,9), (-1,-1), (-1,-1), (-1,-1), (-1,-1)]
Turtle 2 :[(-2,-2), (23,18), (22,18), (21,18), (21,18), (21,17), (21,17), (20,17), (19,17), (-2,-2), (-2,-2), (-2,-2)]
Turtle 3 :[(-3,-3), (34,45), (33,45), (32,45), (31,45), (30,45), (30,44), (-3,-3), (-3,-3), (-3,-3), (-3,-3), (-3,-3)]
Turtle 4 :[(-4,-4), (21,18), (21,17), (21,17), (20,17), (20,17), (19,17), (18,17), (18,17), (18,17), (18,17), (17,17)]
Turtle 5 :[(-5,-5), (39,0), (38,0), (37,0), (-5,-5), (-5,-5), (-5,-5), (-5,-5), (-5,-5), (-5,-5), (-5,-5), (-5,-5)]

Shrinking Run 96
#Info# Executed steps before collision: 9, Found collision: false
Turtle 1 :[(-1,-1), (42,12), (43,12), (43,11), (44,11), (44,11), (44,10), (44,9), (-1,-1), (-1,-1)]
Turtle 2 :[(-2,-2), (23,18), (22,18), (21,18), (21,17), (20,17), (21,17), (20,17), (19,17), (-2,-2)]
Turtle 3 :[(-3,-3), (34,45), (33,45), (32,45), (31,45), (30,45), (30,44), (-3,-3), (-3,-3), (-3,-3)]
Turtle 4 :[(-4,-4), (21,18), (20,18), (20,17), (19,17), (19,17), (19,16), (19,17), (18,17), (17,17)]
Turtle 5 :[(-5,-5), (39,0), (38,0), (37,0), (-5,-5), (-5,-5), (-5,-5), (-5,-5), (-5,-5), (-5,-5)]

Shrinking Run 97
#Info# Executed steps before collision: 11, Found collision: false
Turtle 1 :[(-1,-1), (42,12), (43,12), (43,11), (44,11), (44,11), (44,10), (44,9), (-1,-1), (-1,-1), (-1,-1), (-1,-1)]
Turtle 2 :[(-2,-2), (23,18), (22,18), (21,18), (21,17), (20,17), (20,16), (19,16), (19,17), (-2,-2), (-2,-2), (-2,-2)]
Turtle 3 :[(-3,-3), (34,45), (33,45), (32,45), (31,45), (30,45), (30,44), (-3,-3), (-3,-3), (-3,-3), (-3,-3), (-3,-3)]
Turtle 4 :[(-4,-4), (21,18), (20,18), (19,18), (19,17), (19,17), (19,17), (18,17), (18,17), (18,17), (18,17), (17,17)]
Turtle 5 :[(-5,-5), (39,0), (38,0), (37,0), (-5,-5), (-5,-5), (-5,-5), (-5,-5), (-5,-5), (-5,-5), (-5,-5), (-5,-5)]

Shrinking Run 98
#Info# Executed steps before collision: 6, Found collision: true
Turtle 1 :[(-1,-1), (42,12), (43,12), (43,11), (44,11), (44,11), (44,10), (44,9), (-1,-1), (-1,-1), (-1,-1), (-1,-1)]
Turtle 2 :[(-2,-2), (23,18), (22,18), (21,18), (21,17), (20,17), (19,17), (-2,-2), (-2,-2), (-2,-2), (-2,-2), (-2,-2)]
Turtle 3 :[(-3,-3), (34,45), (33,45), (32,45), (31,45), (30,45), (30,44), (-3,-3), (-3,-3), (-3,-3), (-3,-3), (-3,-3)]
Turtle 4 :[(-4,-4), (21,18), (20,18), (20,18), (20,17), (19,17), (19,17), (18,17), (18,17), (18,17), (18,17), (17,17)]
Turtle 5 :[(-5,-5), (39,0), (38,0), (37,0), (-5,-5), (-5,-5), (-5,-5), (-5,-5), (-5,-5), (-5,-5), (-5,-5), (-5,-5)]

Shrinking Run 99
#Info# Executed steps before collision: 11, Found collision: false
Turtle 1 :[(-1,-1), (42,12), (43,12), (43,11), (44,11), (44,11), (44,10), (44,9), (-1,-1), (-1,-1), (-1,-1), (-1,-1)]
Turtle 2 :[(-2,-2), (23,18), (22,18), (21,18), (21,17), (20,17), (20,16), (19,16), (19,17), (-2,-2), (-2,-2), (-2,-2)]
Turtle 3 :[(-3,-3), (34,45), (33,45), (32,45), (31,45), (30,45), (30,44), (-3,-3), (-3,-3), (-3,-3), (-3,-3), (-3,-3)]
Turtle 4 :[(-4,-4), (21,18), (20,18), (20,18), (20,17), (19,17), (18,17), (18,17), (18,17), (18,17), (18,17), (17,17)]
Turtle 5 :[(-5,-5), (39,0), (38,0), (37,0), (-5,-5), (-5,-5), (-5,-5), (-5,-5), (-5,-5), (-5,-5), (-5,-5), (-5,-5)]

Shrinking Run 100
#Info# Executed steps before collision: 6, Found collision: true
Turtle 1 :[(-1,-1), (42,12), (43,12), (43,11), (44,11), (44,11), (44,10), (44,9), (-1,-1), (-1,-1), (-1,-1), (-1,-1)]
Turtle 2 :[(-2,-2), (23,18), (22,18), (21,18), (21,17), (20,17), (19,17), (-2,-2), (-2,-2), (-2,-2), (-2,-2), (-2,-2)]
Turtle 3 :[(-3,-3), (34,45), (33,45), (32,45), (31,45), (30,45), (30,44), (-3,-3), (-3,-3), (-3,-3), (-3,-3), (-3,-3)]
Turtle 4 :[(-4,-4), (21,18), (20,18), (20,18), (20,17), (19,17), (19,17), (18,17), (18,17), (18,17), (18,17), (17,17)]
Turtle 5 :[(-5,-5), (39,0), (38,0), (37,0), (36,0), (35,0), (34,0), (-5,-5), (-5,-5), (-5,-5), (-5,-5), (-5,-5)]

Shrinking Run 101
#Info# Executed steps before collision: 11, Found collision: false
Turtle 1 :[(-1,-1), (42,12), (41,12), (41,12), (41,11), (41,11), (40,11), (39,11), (39,11), (39,11), (39,11), (39,10)]
Turtle 2 :[(-2,-2), (23,18), (22,18), (21,18), (21,17), (20,17), (21,17), (20,17), (19,17), (-2,-2), (-2,-2), (-2,-2)]
Turtle 3 :[(-3,-3), (34,45), (33,45), (32,45), (31,45), (30,45), (30,44), (-3,-3), (-3,-3), (-3,-3), (-3,-3), (-3,-3)]
Turtle 4 :[(-4,-4), (21,18), (20,18), (20,18), (20,17), (19,17), (19,17), (18,17), (18,17), (18,17), (18,17), (17,17)]
Turtle 5 :[(-5,-5), (39,0), (38,0), (37,0), (36,0), (35,0), (34,0), (-5,-5), (-5,-5), (-5,-5), (-5,-5), (-5,-5)]

Shrinking Run 102
#Info# Executed steps before collision: 11, Found collision: false
Turtle 1 :[(-1,-1), (42,12), (41,12), (41,12), (41,11), (41,11), (41,10), (40,10), (40,10), (40,10), (40,10), (40,9)]
Turtle 2 :[(-2,-2), (23,18), (22,18), (21,18), (21,17), (20,17), (20,18), (19,18), (19,17), (-2,-2), (-2,-2), (-2,-2)]
Turtle 3 :[(-3,-3), (34,45), (33,45), (32,45), (31,45), (30,45), (30,44), (-3,-3), (-3,-3), (-3,-3), (-3,-3), (-3,-3)]
Turtle 4 :[(-4,-4), (21,18), (20,18), (20,18), (20,17), (19,17), (18,17), (17,17), (-4,-4), (-4,-4), (-4,-4), (-4,-4)]
Turtle 5 :[(-5,-5), (39,0), (38,0), (37,0), (36,0), (35,0), (34,0), (-5,-5), (-5,-5), (-5,-5), (-5,-5), (-5,-5)]

Shrinking Run 103
#Info# Executed steps before collision: 9, Found collision: false
Turtle 1 :[(-1,-1), (42,12), (42,11), (43,11), (43,10), (43,9), (-1,-1), (-1,-1), (-1,-1), (-1,-1)]
Turtle 2 :[(-2,-2), (23,18), (22,18), (21,18), (21,17), (20,17), (21,17), (20,17), (19,17), (-2,-2)]
Turtle 3 :[(-3,-3), (34,45), (33,45), (32,45), (31,45), (30,45), (30,44), (-3,-3), (-3,-3), (-3,-3)]
Turtle 4 :[(-4,-4), (21,18), (20,18), (20,18), (20,17), (19,17), (19,18), (18,18), (18,17), (17,17)]
Turtle 5 :[(-5,-5), (39,0), (38,0), (37,0), (36,0), (35,0), (34,0), (-5,-5), (-5,-5), (-5,-5)]

Shrinking Run 104
#Info# Executed steps before collision: 11, Found collision: false
Turtle 1 :[(-1,-1), (42,12), (42,11), (42,11), (42,10), (42,10), (42,9), (43,9), (43,9), (43,9), (43,9), (43,8)]
Turtle 2 :[(-2,-2), (23,18), (22,18), (21,18), (21,17), (20,17), (20,18), (20,17), (19,17), (-2,-2), (-2,-2), (-2,-2)]
Turtle 3 :[(-3,-3), (34,45), (33,45), (32,45), (31,45), (30,45), (30,44), (-3,-3), (-3,-3), (-3,-3), (-3,-3), (-3,-3)]
Turtle 4 :[(-4,-4), (21,18), (20,18), (20,18), (20,17), (19,17), (19,17), (18,17), (18,17), (18,17), (18,17), (17,17)]
Turtle 5 :[(-5,-5), (39,0), (38,0), (37,0), (36,0), (35,0), (34,0), (-5,-5), (-5,-5), (-5,-5), (-5,-5), (-5,-5)]

Shrinking Run 105
#Info# Executed steps before collision: 9, Found collision: false
Turtle 1 :[(-1,-1), (42,12), (43,12), (43,11), (44,11), (44,10), (44,9), (-1,-1), (-1,-1), (-1,-1)]
Turtle 2 :[(-2,-2), (23,18), (22,18), (21,18), (21,17), (20,17), (20,18), (20,17), (19,17), (-2,-2)]
Turtle 3 :[(-3,-3), (34,45), (33,45), (32,45), (31,45), (30,45), (30,44), (-3,-3), (-3,-3), (-3,-3)]
Turtle 4 :[(-4,-4), (21,18), (20,18), (20,18), (20,17), (19,17), (19,16), (18,16), (17,16), (17,17)]
Turtle 5 :[(-5,-5), (39,0), (38,0), (37,0), (36,0), (35,0), (34,0), (-5,-5), (-5,-5), (-5,-5)]

Shrinking Run 106
#Info# Executed steps before collision: 11, Found collision: false
Turtle 1 :[(-1,-1), (42,12), (43,12), (44,12), (44,11), (44,11), (44,10), (44,9), (-1,-1), (-1,-1), (-1,-1), (-1,-1)]
Turtle 2 :[(-2,-2), (23,18), (22,18), (21,18), (21,17), (20,17), (21,17), (20,17), (19,17), (-2,-2), (-2,-2), (-2,-2)]
Turtle 3 :[(-3,-3), (34,45), (33,45), (32,45), (31,45), (30,45), (30,44), (-3,-3), (-3,-3), (-3,-3), (-3,-3), (-3,-3)]
Turtle 4 :[(-4,-4), (21,18), (20,18), (20,18), (20,17), (19,17), (19,17), (18,17), (18,17), (18,17), (18,17), (17,17)]
Turtle 5 :[(-5,-5), (39,0), (38,0), (37,0), (36,0), (35,0), (34,0), (-5,-5), (-5,-5), (-5,-5), (-5,-5), (-5,-5)]

Shrinking Run 107
#Info# Executed steps before collision: 6, Found collision: true
Turtle 1 :[(-1,-1), (42,12), (43,12), (43,11), (44,11), (44,10), (44,10), (44,9), (-1,-1), (-1,-1), (-1,-1), (-1,-1)]
Turtle 2 :[(-2,-2), (23,18), (22,18), (21,18), (21,17), (20,17), (19,17), (-2,-2), (-2,-2), (-2,-2), (-2,-2), (-2,-2)]
Turtle 3 :[(-3,-3), (34,45), (33,45), (32,45), (31,45), (30,45), (30,44), (-3,-3), (-3,-3), (-3,-3), (-3,-3), (-3,-3)]
Turtle 4 :[(-4,-4), (21,18), (20,18), (20,18), (20,17), (19,17), (19,17), (18,17), (18,17), (18,17), (18,17), (17,17)]
Turtle 5 :[(-5,-5), (39,0), (38,0), (37,0), (36,0), (35,0), (34,0), (-5,-5), (-5,-5), (-5,-5), (-5,-5), (-5,-5)]

Shrinking Run 108
#Info# Executed steps before collision: 11, Found collision: false
Turtle 1 :[(-1,-1), (42,12), (43,12), (43,11), (44,11), (44,10), (44,10), (44,9), (-1,-1), (-1,-1), (-1,-1), (-1,-1)]
Turtle 2 :[(-2,-2), (23,18), (23,18), (23,18), (23,18), (23,18), (22,18), (21,18), (21,17), (20,17), (20,17), (19,17)]
Turtle 3 :[(-3,-3), (34,45), (33,45), (32,45), (31,45), (30,45), (30,44), (-3,-3), (-3,-3), (-3,-3), (-3,-3), (-3,-3)]
Turtle 4 :[(-4,-4), (21,18), (20,18), (20,18), (20,17), (19,17), (19,17), (18,17), (18,17), (18,17), (18,17), (17,17)]
Turtle 5 :[(-5,-5), (39,0), (38,0), (37,0), (36,0), (35,0), (34,0), (-5,-5), (-5,-5), (-5,-5), (-5,-5), (-5,-5)]

Shrinking Run 109
#Info# Executed steps before collision: 11, Found collision: false
Turtle 1 :[(-1,-1), (42,12), (43,12), (43,11), (44,11), (44,10), (44,10), (44,9), (-1,-1), (-1,-1), (-1,-1), (-1,-1)]
Turtle 2 :[(-2,-2), (23,18), (22,18), (21,18), (21,17), (20,17), (20,18), (19,18), (19,17), (-2,-2), (-2,-2), (-2,-2)]
Turtle 3 :[(-3,-3), (34,45), (33,45), (33,46), (33,47), (32,47), (32,48), (-3,-3), (-3,-3), (-3,-3), (-3,-3), (-3,-3)]
Turtle 4 :[(-4,-4), (21,18), (20,18), (20,18), (20,17), (19,17), (19,17), (18,17), (18,17), (18,17), (18,17), (17,17)]
Turtle 5 :[(-5,-5), (39,0), (38,0), (37,0), (36,0), (35,0), (34,0), (-5,-5), (-5,-5), (-5,-5), (-5,-5), (-5,-5)]

Shrinking Run 110
#Info# Executed steps before collision: 11, Found collision: false
Turtle 1 :[(-1,-1), (42,12), (43,12), (43,11), (44,11), (44,10), (44,10), (44,9), (-1,-1), (-1,-1), (-1,-1), (-1,-1)]
Turtle 2 :[(-2,-2), (23,18), (22,18), (21,18), (21,17), (20,17), (21,17), (20,17), (19,17), (-2,-2), (-2,-2), (-2,-2)]
Turtle 3 :[(-3,-3), (34,45), (33,45), (33,44), (33,43), (33,42), (33,41), (-3,-3), (-3,-3), (-3,-3), (-3,-3), (-3,-3)]
Turtle 4 :[(-4,-4), (21,18), (20,18), (20,18), (20,17), (19,17), (19,17), (18,17), (18,17), (18,17), (18,17), (17,17)]
Turtle 5 :[(-5,-5), (39,0), (38,0), (37,0), (36,0), (35,0), (34,0), (-5,-5), (-5,-5), (-5,-5), (-5,-5), (-5,-5)]

Shrinking Run 111
#Info# Executed steps before collision: 11, Found collision: false
Turtle 1 :[(-1,-1), (42,12), (43,12), (43,11), (44,11), (44,10), (44,10), (44,9), (-1,-1), (-1,-1), (-1,-1), (-1,-1)]
Turtle 2 :[(-2,-2), (23,18), (22,18), (21,18), (21,17), (20,17), (20,16), (20,17), (19,17), (-2,-2), (-2,-2), (-2,-2)]
Turtle 3 :[(-3,-3), (34,45), (33,45), (32,45), (31,45), (30,45), (29,45), (-3,-3), (-3,-3), (-3,-3), (-3,-3), (-3,-3)]
Turtle 4 :[(-4,-4), (21,18), (20,18), (20,18), (20,17), (19,17), (19,17), (18,17), (18,17), (18,17), (18,17), (17,17)]
Turtle 5 :[(-5,-5), (39,0), (38,0), (37,0), (36,0), (35,0), (34,0), (-5,-5), (-5,-5), (-5,-5), (-5,-5), (-5,-5)]

Shrinking Run 112
#Info# Executed steps before collision: 5, Found collision: true
Turtle 1 :[(-1,-1), (42,12), (43,12), (43,11), (44,11), (44,10), (44,10), (44,9), (-1,-1), (-1,-1), (-1,-1), (-1,-1)]
Turtle 2 :[(-2,-2), (23,18), (22,18), (21,18), (21,17), (20,17), (19,17), (-2,-2), (-2,-2), (-2,-2), (-2,-2), (-2,-2)]
Turtle 3 :[(-3,-3), (34,45), (33,45), (32,45), (31,45), (30,45), (30,44), (-3,-3), (-3,-3), (-3,-3), (-3,-3), (-3,-3)]
Turtle 4 :[(-4,-4), (21,18), (20,18), (20,18), (20,17), (20,17), (20,17), (21,17), (20,17), (19,17), (18,17), (18,16)]
Turtle 5 :[(-5,-5), (39,0), (38,0), (37,0), (36,0), (35,0), (34,0), (-5,-5), (-5,-5), (-5,-5), (-5,-5), (-5,-5)]

Shrinking Run 113
#Info# Executed steps before collision: 11, Found collision: false
Turtle 1 :[(-1,-1), (42,12), (43,12), (43,11), (44,11), (44,10), (44,10), (44,9), (-1,-1), (-1,-1), (-1,-1), (-1,-1)]
Turtle 2 :[(-2,-2), (23,18), (22,18), (21,18), (21,17), (20,17), (19,17), (-2,-2), (-2,-2), (-2,-2), (-2,-2), (-2,-2)]
Turtle 3 :[(-3,-3), (34,45), (33,45), (32,45), (31,45), (30,45), (30,44), (-3,-3), (-3,-3), (-3,-3), (-3,-3), (-3,-3)]
Turtle 4 :[(-4,-4), (21,18), (20,18), (20,18), (19,18), (19,18), (18,18), (18,17), (18,17), (18,17), (18,17), (18,16)]
Turtle 5 :[(-5,-5), (39,0), (38,0), (37,0), (36,0), (35,0), (34,0), (-5,-5), (-5,-5), (-5,-5), (-5,-5), (-5,-5)]

Shrinking Run 114
#Info# Executed steps before collision: 5, Found collision: true
Turtle 1 :[(-1,-1), (42,12), (43,12), (43,11), (44,11), (44,10), (44,10), (44,9), (-1,-1), (-1,-1), (-1,-1), (-1,-1)]
Turtle 2 :[(-2,-2), (23,18), (22,18), (21,18), (21,17), (20,17), (19,17), (-2,-2), (-2,-2), (-2,-2), (-2,-2), (-2,-2)]
Turtle 3 :[(-3,-3), (34,45), (33,45), (32,45), (31,45), (30,45), (30,44), (-3,-3), (-3,-3), (-3,-3), (-3,-3), (-3,-3)]
Turtle 4 :[(-4,-4), (21,18), (20,18), (20,18), (20,17), (20,17), (20,17), (20,18), (19,18), (19,17), (18,17), (17,17)]
Turtle 5 :[(-5,-5), (39,0), (38,0), (37,0), (36,0), (35,0), (34,0), (-5,-5), (-5,-5), (-5,-5), (-5,-5), (-5,-5)]

Shrinking Run 115
#Info# Executed steps before collision: 7, Found collision: false
Turtle 1 :[(-1,-1), (42,12), (43,12), (43,11), (44,11), (44,10), (44,10), (44,9)]
Turtle 2 :[(-2,-2), (23,18), (22,18), (21,18), (21,17), (20,17), (19,17), (-2,-2)]
Turtle 3 :[(-3,-3), (34,45), (33,45), (32,45), (31,45), (30,45), (30,44), (-3,-3)]
Turtle 4 :[(-4,-4), (21,18), (21,17), (20,17), (19,17), (18,17), (17,17), (-4,-4)]
Turtle 5 :[(-5,-5), (39,0), (38,0), (37,0), (36,0), (35,0), (34,0), (-5,-5)]

Shrinking Run 116
#Info# Executed steps before collision: 9, Found collision: false
Turtle 1 :[(-1,-1), (42,12), (43,12), (43,11), (44,11), (44,10), (44,10), (44,9), (-1,-1), (-1,-1)]
Turtle 2 :[(-2,-2), (23,18), (22,18), (21,18), (21,17), (20,17), (19,17), (-2,-2), (-2,-2), (-2,-2)]
Turtle 3 :[(-3,-3), (34,45), (33,45), (32,45), (31,45), (30,45), (30,44), (-3,-3), (-3,-3), (-3,-3)]
Turtle 4 :[(-4,-4), (21,18), (20,18), (20,18), (20,17), (19,17), (19,16), (18,16), (17,16), (17,17)]
Turtle 5 :[(-5,-5), (39,0), (38,0), (37,0), (36,0), (35,0), (34,0), (-5,-5), (-5,-5), (-5,-5)]

Shrinking Run 117
#Info# Executed steps before collision: 8, Found collision: false
Turtle 1 :[(-1,-1), (42,12), (43,12), (43,11), (44,11), (44,10), (44,10), (44,9), (-1,-1)]
Turtle 2 :[(-2,-2), (23,18), (22,18), (21,18), (21,17), (20,17), (20,18), (19,18), (19,17)]
Turtle 3 :[(-3,-3), (34,45), (33,45), (32,45), (31,45), (30,45), (30,44), (-3,-3), (-3,-3)]
Turtle 4 :[(-4,-4), (21,18), (20,18), (20,18), (20,17), (19,17), (18,17), (18,17), (17,17)]
Turtle 5 :[(-5,-5), (39,0), (38,0), (37,0), (36,0), (35,0), (34,0), (-5,-5), (-5,-5)]

Shrinking Run 118
#Info# Executed steps before collision: 9, Found collision: false
Turtle 1 :[(-1,-1), (42,12), (43,12), (43,11), (44,11), (44,10), (44,10), (44,9), (-1,-1), (-1,-1)]
Turtle 2 :[(-2,-2), (23,18), (22,18), (21,18), (21,17), (20,17), (19,17), (-2,-2), (-2,-2), (-2,-2)]
Turtle 3 :[(-3,-3), (34,45), (33,45), (32,45), (31,45), (30,45), (30,44), (-3,-3), (-3,-3), (-3,-3)]
Turtle 4 :[(-4,-4), (21,18), (20,18), (20,18), (20,17), (20,18), (19,18), (18,18), (17,18), (17,17)]
Turtle 5 :[(-5,-5), (39,0), (38,0), (37,0), (36,0), (35,0), (34,0), (-5,-5), (-5,-5), (-5,-5)]

Shrinking Run 119
#Info# Executed steps before collision: 9, Found collision: false
Turtle 1 :[(-1,-1), (42,12), (43,12), (43,11), (44,11), (44,10), (44,10), (44,9), (-1,-1), (-1,-1)]
Turtle 2 :[(-2,-2), (23,18), (22,18), (21,18), (21,17), (20,17), (21,17), (20,17), (19,17), (-2,-2)]
Turtle 3 :[(-3,-3), (34,45), (33,45), (32,45), (31,45), (30,45), (30,44), (-3,-3), (-3,-3), (-3,-3)]
Turtle 4 :[(-4,-4), (21,18), (20,18), (20,18), (20,17), (19,17), (18,17), (18,17), (18,17), (17,17)]
Turtle 5 :[(-5,-5), (39,0), (38,0), (37,0), (36,0), (35,0), (34,0), (-5,-5), (-5,-5), (-5,-5)]

Shrinking Run 120
#Info# Executed steps before collision: 11, Found collision: false
Turtle 1 :[(-1,-1), (42,12), (43,12), (43,11), (44,11), (44,10), (44,10), (44,9), (-1,-1), (-1,-1), (-1,-1), (-1,-1)]
Turtle 2 :[(-2,-2), (23,18), (22,18), (21,18), (21,18), (21,17), (21,18), (20,18), (19,18), (19,17), (-2,-2), (-2,-2)]
Turtle 3 :[(-3,-3), (34,45), (33,45), (32,45), (31,45), (30,45), (30,44), (-3,-3), (-3,-3), (-3,-3), (-3,-3), (-3,-3)]
Turtle 4 :[(-4,-4), (21,18), (21,17), (21,17), (20,17), (20,17), (19,17), (18,17), (18,17), (18,17), (18,17), (17,17)]
Turtle 5 :[(-5,-5), (39,0), (38,0), (37,0), (36,0), (35,0), (34,0), (-5,-5), (-5,-5), (-5,-5), (-5,-5), (-5,-5)]

Shrinking Run 121
#Info# Executed steps before collision: 9, Found collision: false
Turtle 1 :[(-1,-1), (42,12), (43,12), (43,11), (44,11), (44,10), (44,10), (44,9), (-1,-1), (-1,-1)]
Turtle 2 :[(-2,-2), (23,18), (22,18), (21,18), (21,17), (20,17), (20,16), (20,17), (19,17), (-2,-2)]
Turtle 3 :[(-3,-3), (34,45), (33,45), (32,45), (31,45), (30,45), (30,44), (-3,-3), (-3,-3), (-3,-3)]
Turtle 4 :[(-4,-4), (21,18), (20,18), (20,17), (19,17), (19,17), (19,16), (18,16), (18,17), (17,17)]
Turtle 5 :[(-5,-5), (39,0), (38,0), (37,0), (36,0), (35,0), (34,0), (-5,-5), (-5,-5), (-5,-5)]

Shrinking Run 122
#Info# Executed steps before collision: 11, Found collision: false
Turtle 1 :[(-1,-1), (42,12), (43,12), (43,11), (44,11), (44,10), (44,10), (44,9), (-1,-1), (-1,-1), (-1,-1), (-1,-1)]
Turtle 2 :[(-2,-2), (23,18), (22,18), (21,18), (21,17), (20,17), (20,16), (19,16), (19,17), (-2,-2), (-2,-2), (-2,-2)]
Turtle 3 :[(-3,-3), (34,45), (33,45), (32,45), (31,45), (30,45), (30,44), (-3,-3), (-3,-3), (-3,-3), (-3,-3), (-3,-3)]
Turtle 4 :[(-4,-4), (21,18), (20,18), (19,18), (19,17), (19,17), (19,17), (18,17), (18,17), (18,17), (18,17), (17,17)]
Turtle 5 :[(-5,-5), (39,0), (38,0), (37,0), (36,0), (35,0), (34,0), (-5,-5), (-5,-5), (-5,-5), (-5,-5), (-5,-5)]

Shrinking Run 123
#Info# Executed steps before collision: 11, Found collision: false
Turtle 1 :[(-1,-1), (42,12), (43,12), (43,11), (44,11), (44,10), (44,10), (44,9), (-1,-1), (-1,-1), (-1,-1), (-1,-1)]
Turtle 2 :[(-2,-2), (23,18), (22,18), (21,18), (21,17), (20,17), (20,17), (19,17), (-2,-2), (-2,-2), (-2,-2), (-2,-2)]
Turtle 3 :[(-3,-3), (34,45), (33,45), (32,45), (31,45), (30,45), (30,44), (-3,-3), (-3,-3), (-3,-3), (-3,-3), (-3,-3)]
Turtle 4 :[(-4,-4), (21,18), (20,18), (20,18), (20,17), (19,17), (18,17), (18,17), (18,17), (18,17), (18,17), (17,17)]
Turtle 5 :[(-5,-5), (39,0), (38,0), (37,0), (36,0), (35,0), (34,0), (-5,-5), (-5,-5), (-5,-5), (-5,-5), (-5,-5)]

Shrink Run 124
#Info# Executed steps before collision: 11, Found collision: false
Turtle 1 :[(-1,-1), (42,12), (43,12), (43,11), (44,11), (44,10), (44,10), (44,9), (-1,-1), (-1,-1), (-1,-1), (-1,-1)]
Turtle 2 :[(-2,-2), (23,18), (22,18), (21,18), (21,17), (20,17), (20,18), (20,17), (19,17), (-2,-2), (-2,-2), (-2,-2)]
Turtle 3 :[(-3,-3), (34,45), (33,45), (32,45), (31,45), (30,45), (30,44), (-3,-3), (-3,-3), (-3,-3), (-3,-3), (-3,-3)]
Turtle 4 :[(-4,-4), (21,18), (20,18), (20,18), (20,17), (19,17), (19,17), (18,17), (18,17), (18,17), (18,17), (17,17)]
Turtle 5 :[(-5,-5), (39,0), (38,0), (37,0), (36,0), (35,0), (34,0), (-5,-5), (-5,-5), (-5,-5), (-5,-5), (-5,-5)]

