Detection Run 1
#Info# Executed steps before collision: 6, Found collision: false
Turtle 1 :[(-1,-1), (2,7), (2,8), (3,8), (-1,-1), (-1,-1), (-1,-1)]
Turtle 2 :[(-2,-2), (16,18), (16,17), (17,17), (18,17), (19,17), (19,17)]
Turtle 3 :[(-3,-3), (10,11), (10,12), (9,12), (9,13), (9,14), (8,14)]
Turtle 4 :[(-4,-4), (0,7), (0,6), (0,7), (0,8), (1,8), (2,8)]
Turtle 5 :[(-5,-5), (17,7), (16,7), (17,7), (16,7), (16,8), (-5,-5)]

Fault Detection Run 2
#Info# Executed steps before collision: 5, Found collision: true
Turtle 1 :[(-1,-1), (17,2), (18,2), (18,1), (19,1), (18,1), (18,0), (-1,-1)]
Turtle 2 :[(-2,-2), (3,1), (3,2), (3,3), (4,3), (4,4), (4,4), (4,5)]
Turtle 3 :[(-3,-3), (1,5), (2,5), (3,5), (4,5), (4,4), (5,4), (-3,-3)]
Turtle 4 :[(-4,-4), (13,9), (14,9), (13,9), (14,9), (13,9), (12,9), (-4,-4)]
Turtle 5 :[(-5,-5), (2,19), (3,19), (4,19), (5,19), (5,19), (6,19), (-5,-5)]

