Shrinking Run 1
#Info# Executed steps before collision: 12, Found collision: false
Turtle 1 :[(-1,-1), (4,36), (3,36), (2,36), (2,35), (2,34), (1,34), (-1,-1), (-1,-1), (-1,-1), (-1,-1), (-1,-1), (-1,-1)]
Turtle 2 :[(-2,-2), (31,35), (31,35), (31,35), (32,35), (32,36), (32,36), (33,36), (34,36), (34,36), (34,37), (34,36), (35,36)]
Turtle 3 :[(-3,-3), (38,35), (38,36), (38,36), (38,36), (37,36), (37,36), (36,36), (35,36), (35,36), (35,37), (-3,-3), (-3,-3)]
Turtle 4 :[(-4,-4), (4,12), (3,12), (3,12), (3,12), (3,11), (3,11), (3,10), (-4,-4), (-4,-4), (-4,-4), (-4,-4), (-4,-4)]
Turtle 5 :[(-5,-5), (1,29), (1,28), (1,29), (1,28), (0,28), (-5,-5), (-5,-5), (-5,-5), (-5,-5), (-5,-5), (-5,-5), (-5,-5)]

Shrinking Run 2
#Info# Executed steps before collision: 13, Found collision: false
Turtle 1 :[(-1,-1), (4,36), (4,35), (3,35), (3,34), (3,33), (2,33), (-1,-1), (-1,-1), (-1,-1), (-1,-1), (-1,-1), (-1,-1), (-1,-1)]
Turtle 2 :[(-2,-2), (31,35), (31,35), (31,35), (32,35), (32,36), (32,36), (33,36), (34,36), (35,36), (-2,-2), (-2,-2), (-2,-2), (-2,-2)]
Turtle 3 :[(-3,-3), (38,35), (38,36), (38,36), (38,36), (37,36), (37,36), (36,36), (36,35), (37,35), (36,35), (36,36), (36,37), (35,37)]
Turtle 4 :[(-4,-4), (4,12), (3,12), (3,12), (3,12), (3,11), (3,11), (3,10), (-4,-4), (-4,-4), (-4,-4), (-4,-4), (-4,-4), (-4,-4)]
Turtle 5 :[(-5,-5), (1,29), (1,28), (1,29), (1,28), (0,28), (-5,-5), (-5,-5), (-5,-5), (-5,-5), (-5,-5), (-5,-5), (-5,-5), (-5,-5)]

Shrinking Run 3
#Info# Executed steps before collision: 9, Found collision: true
Turtle 1 :[(-1,-1), (4,36), (4,35), (5,35), (5,35), (5,34), (5,34), (5,34), (5,33), (-1,-1), (-1,-1)]
Turtle 2 :[(-2,-2), (31,35), (31,35), (31,35), (32,35), (32,36), (32,36), (33,36), (34,36), (35,36), (-2,-2)]
Turtle 3 :[(-3,-3), (38,35), (38,36), (38,36), (38,36), (37,36), (37,36), (36,36), (35,36), (35,36), (35,37)]
Turtle 4 :[(-4,-4), (4,12), (3,12), (3,12), (3,12), (3,11), (3,11), (3,10), (-4,-4), (-4,-4), (-4,-4)]
Turtle 5 :[(-5,-5), (1,29), (1,28), (1,29), (1,28), (0,28), (-5,-5), (-5,-5), (-5,-5), (-5,-5), (-5,-5)]

Shrinking Run 4
#Info# Executed steps before collision: 12, Found collision: false
Turtle 1 :[(-1,-1), (4,36), (4,35), (3,35), (3,35), (3,34), (3,34), (3,34), (3,33), (-1,-1), (-1,-1), (-1,-1), (-1,-1)]
Turtle 2 :[(-2,-2), (31,35), (31,35), (31,35), (32,35), (32,36), (32,36), (33,36), (34,36), (34,36), (33,36), (34,36), (35,36)]
Turtle 3 :[(-3,-3), (38,35), (38,36), (38,36), (38,36), (37,36), (37,36), (36,36), (35,36), (35,36), (35,37), (-3,-3), (-3,-3)]
Turtle 4 :[(-4,-4), (4,12), (3,12), (3,12), (3,12), (3,11), (3,11), (3,10), (-4,-4), (-4,-4), (-4,-4), (-4,-4), (-4,-4)]
Turtle 5 :[(-5,-5), (1,29), (1,28), (1,29), (1,28), (0,28), (-5,-5), (-5,-5), (-5,-5), (-5,-5), (-5,-5), (-5,-5), (-5,-5)]

Shrinking Run 5
#Info# Executed steps before collision: 9, Found collision: false
Turtle 1 :[(-1,-1), (4,36), (4,35), (4,35), (3,35), (3,34), (4,34), (4,34), (4,34), (4,33)]
Turtle 2 :[(-2,-2), (31,35), (31,35), (31,35), (32,35), (32,36), (32,36), (33,36), (34,36), (35,36)]
Turtle 3 :[(-3,-3), (38,35), (38,36), (38,36), (38,36), (37,36), (37,36), (36,36), (35,36), (35,37)]
Turtle 4 :[(-4,-4), (4,12), (3,12), (3,12), (3,12), (3,11), (3,11), (3,10), (-4,-4), (-4,-4)]
Turtle 5 :[(-5,-5), (1,29), (1,28), (1,29), (1,28), (0,28), (-5,-5), (-5,-5), (-5,-5), (-5,-5)]

Shrinking Run 6
#Info# Executed steps before collision: 11, Found collision: true
Turtle 1 :[(-1,-1), (4,36), (4,35), (5,35), (5,34), (5,33), (5,32), (-1,-1), (-1,-1), (-1,-1), (-1,-1), (-1,-1), (-1,-1)]
Turtle 2 :[(-2,-2), (31,35), (31,35), (31,35), (32,35), (32,36), (32,36), (33,36), (34,36), (34,37), (35,37), (35,36), (-2,-2)]
Turtle 3 :[(-3,-3), (38,35), (38,36), (38,36), (38,36), (37,36), (37,36), (36,36), (35,36), (35,36), (35,36), (35,36), (35,37)]
Turtle 4 :[(-4,-4), (4,12), (3,12), (3,12), (3,12), (3,11), (3,11), (3,10), (-4,-4), (-4,-4), (-4,-4), (-4,-4), (-4,-4)]
Turtle 5 :[(-5,-5), (1,29), (1,28), (1,29), (1,28), (0,28), (-5,-5), (-5,-5), (-5,-5), (-5,-5), (-5,-5), (-5,-5), (-5,-5)]

Shrinking Run 7
#Info# Executed steps before collision: 11, Found collision: false
Turtle 1 :[(-1,-1), (4,36), (4,35), (3,35), (3,34), (3,33), (3,32), (-1,-1), (-1,-1), (-1,-1), (-1,-1), (-1,-1)]
Turtle 2 :[(-2,-2), (31,35), (31,35), (31,35), (32,35), (32,36), (32,36), (33,36), (34,36), (34,35), (35,35), (35,36)]
Turtle 3 :[(-3,-3), (38,35), (38,36), (38,36), (38,36), (37,36), (37,36), (36,36), (35,36), (35,37), (-3,-3), (-3,-3)]
Turtle 4 :[(-4,-4), (4,12), (3,12), (3,12), (3,12), (3,11), (3,11), (3,10), (-4,-4), (-4,-4), (-4,-4), (-4,-4)]
Turtle 5 :[(-5,-5), (1,29), (1,28), (1,29), (1,28), (0,28), (-5,-5), (-5,-5), (-5,-5), (-5,-5), (-5,-5), (-5,-5)]

Shrinking Run 8
#Info# Executed steps before collision: 10, Found collision: false
Turtle 1 :[(-1,-1), (4,36), (4,35), (4,34), (4,33), (4,32), (4,31), (-1,-1), (-1,-1), (-1,-1), (-1,-1)]
Turtle 2 :[(-2,-2), (31,35), (31,35), (31,35), (32,35), (32,36), (32,36), (33,36), (34,36), (34,36), (35,36)]
Turtle 3 :[(-3,-3), (38,35), (38,36), (38,36), (38,36), (37,36), (37,36), (36,36), (35,36), (35,36), (35,37)]
Turtle 4 :[(-4,-4), (4,12), (3,12), (3,12), (3,12), (3,11), (3,11), (3,10), (-4,-4), (-4,-4), (-4,-4)]
Turtle 5 :[(-5,-5), (1,29), (1,28), (1,29), (1,28), (0,28), (-5,-5), (-5,-5), (-5,-5), (-5,-5), (-5,-5)]

Shrinking Run 9
#Info# Executed steps before collision: 11, Found collision: false
Turtle 1 :[(-1,-1), (4,36), (5,36), (5,35), (5,34), (5,33), (5,32), (-1,-1), (-1,-1), (-1,-1), (-1,-1), (-1,-1)]
Turtle 2 :[(-2,-2), (31,35), (31,35), (31,35), (32,35), (32,36), (32,36), (33,36), (34,36), (34,35), (34,36), (35,36)]
Turtle 3 :[(-3,-3), (38,35), (38,36), (38,36), (38,36), (37,36), (37,36), (36,36), (35,36), (35,36), (35,37), (-3,-3)]
Turtle 4 :[(-4,-4), (4,12), (3,12), (3,12), (3,12), (3,11), (3,11), (3,10), (-4,-4), (-4,-4), (-4,-4), (-4,-4)]
Turtle 5 :[(-5,-5), (1,29), (1,28), (1,29), (1,28), (0,28), (-5,-5), (-5,-5), (-5,-5), (-5,-5), (-5,-5), (-5,-5)]

Shrinking Run 10
#Info# Executed steps before collision: 11, Found collision: false
Turtle 1 :[(-1,-1), (4,36), (4,35), (4,34), (4,33), (5,33), (5,32), (-1,-1), (-1,-1), (-1,-1), (-1,-1), (-1,-1)]
Turtle 2 :[(-2,-2), (31,35), (31,35), (31,35), (32,35), (32,36), (32,36), (33,36), (34,36), (34,35), (35,35), (35,36)]
Turtle 3 :[(-3,-3), (38,35), (38,36), (38,36), (38,36), (37,36), (37,36), (36,36), (35,36), (35,36), (35,37), (-3,-3)]
Turtle 4 :[(-4,-4), (4,12), (3,12), (3,12), (3,12), (3,11), (3,11), (3,10), (-4,-4), (-4,-4), (-4,-4), (-4,-4)]
Turtle 5 :[(-5,-5), (1,29), (1,28), (1,29), (1,28), (0,28), (-5,-5), (-5,-5), (-5,-5), (-5,-5), (-5,-5), (-5,-5)]

Shrinking Run 11
#Info# Executed steps before collision: 10, Found collision: false
Turtle 1 :[(-1,-1), (4,36), (4,35), (5,35), (5,34), (5,33), (5,32), (-1,-1), (-1,-1), (-1,-1), (-1,-1)]
Turtle 2 :[(-2,-2), (31,35), (31,35), (31,35), (32,35), (33,35), (33,35), (34,35), (34,36), (-2,-2), (-2,-2)]
Turtle 3 :[(-3,-3), (38,35), (38,36), (38,36), (38,36), (37,36), (37,36), (36,36), (35,36), (35,36), (35,37)]
Turtle 4 :[(-4,-4), (4,12), (3,12), (3,12), (3,12), (3,11), (3,11), (3,10), (-4,-4), (-4,-4), (-4,-4)]
Turtle 5 :[(-5,-5), (1,29), (1,28), (1,29), (1,28), (0,28), (-5,-5), (-5,-5), (-5,-5), (-5,-5), (-5,-5)]

Shrinking Run 12
#Info# Executed steps before collision: 10, Found collision: false
Turtle 1 :[(-1,-1), (4,36), (4,35), (5,35), (5,34), (5,33), (5,32), (-1,-1), (-1,-1), (-1,-1), (-1,-1)]
Turtle 2 :[(-2,-2), (31,35), (31,35), (31,35), (32,35), (32,34), (32,34), (33,34), (34,34), (35,34), (-2,-2)]
Turtle 3 :[(-3,-3), (38,35), (38,36), (38,36), (38,36), (37,36), (37,36), (36,36), (35,36), (35,36), (35,37)]
Turtle 4 :[(-4,-4), (4,12), (3,12), (3,12), (3,12), (3,11), (3,11), (3,10), (-4,-4), (-4,-4), (-4,-4)]
Turtle 5 :[(-5,-5), (1,29), (1,28), (1,29), (1,28), (0,28), (-5,-5), (-5,-5), (-5,-5), (-5,-5), (-5,-5)]

Shrinking Run 13
#Info# Executed steps before collision: 11, Found collision: false
Turtle 1 :[(-1,-1), (4,36), (4,35), (5,35), (5,34), (5,33), (5,32), (-1,-1), (-1,-1), (-1,-1), (-1,-1), (-1,-1)]
Turtle 2 :[(-2,-2), (31,35), (31,35), (31,35), (32,35), (33,35), (33,35), (34,35), (35,35), (-2,-2), (-2,-2), (-2,-2)]
Turtle 3 :[(-3,-3), (38,35), (38,36), (38,36), (38,36), (37,36), (37,36), (36,36), (35,36), (35,35), (35,36), (35,37)]
Turtle 4 :[(-4,-4), (4,12), (3,12), (3,12), (3,12), (3,11), (3,11), (3,10), (-4,-4), (-4,-4), (-4,-4), (-4,-4)]
Turtle 5 :[(-5,-5), (1,29), (1,28), (1,29), (1,28), (0,28), (-5,-5), (-5,-5), (-5,-5), (-5,-5), (-5,-5), (-5,-5)]

Shrinking Run 14
#Info# Executed steps before collision: 11, Found collision: false
Turtle 1 :[(-1,-1), (4,36), (4,35), (5,35), (5,34), (5,33), (5,32), (-1,-1), (-1,-1), (-1,-1), (-1,-1), (-1,-1)]
Turtle 2 :[(-2,-2), (31,35), (31,35), (31,35), (32,35), (33,35), (33,35), (34,35), (35,35), (34,35), (34,36), (35,36)]
Turtle 3 :[(-3,-3), (38,35), (38,36), (38,36), (38,36), (37,36), (37,36), (36,36), (35,36), (35,36), (35,37), (-3,-3)]
Turtle 4 :[(-4,-4), (4,12), (3,12), (3,12), (3,12), (3,11), (3,11), (3,10), (-4,-4), (-4,-4), (-4,-4), (-4,-4)]
Turtle 5 :[(-5,-5), (1,29), (1,28), (1,29), (1,28), (0,28), (-5,-5), (-5,-5), (-5,-5), (-5,-5), (-5,-5), (-5,-5)]

Shrinking Run 15
#Info# Executed steps before collision: 10, Found collision: false
Turtle 1 :[(-1,-1), (4,36), (4,35), (5,35), (5,34), (5,33), (5,32), (-1,-1), (-1,-1), (-1,-1), (-1,-1)]
Turtle 2 :[(-2,-2), (31,35), (31,36), (32,36), (33,36), (34,36), (35,36), (-2,-2), (-2,-2), (-2,-2), (-2,-2)]
Turtle 3 :[(-3,-3), (38,35), (38,36), (38,36), (38,36), (37,36), (37,36), (36,36), (35,36), (35,36), (35,37)]
Turtle 4 :[(-4,-4), (4,12), (3,12), (3,12), (3,12), (3,11), (3,11), (3,10), (-4,-4), (-4,-4), (-4,-4)]
Turtle 5 :[(-5,-5), (1,29), (1,28), (1,29), (1,28), (0,28), (-5,-5), (-5,-5), (-5,-5), (-5,-5), (-5,-5)]

Shrinking Run 16
#Info# Executed steps before collision: 10, Found collision: false
Turtle 1 :[(-1,-1), (4,36), (4,35), (5,35), (5,34), (5,33), (5,32), (-1,-1), (-1,-1), (-1,-1), (-1,-1)]
Turtle 2 :[(-2,-2), (31,35), (31,35), (31,36), (32,36), (33,36), (34,36), (35,36), (-2,-2), (-2,-2), (-2,-2)]
Turtle 3 :[(-3,-3), (38,35), (38,36), (38,36), (38,36), (37,36), (37,36), (36,36), (35,36), (35,36), (35,37)]
Turtle 4 :[(-4,-4), (4,12), (3,12), (3,12), (3,12), (3,11), (3,11), (3,10), (-4,-4), (-4,-4), (-4,-4)]
Turtle 5 :[(-5,-5), (1,29), (1,28), (1,29), (1,28), (0,28), (-5,-5), (-5,-5), (-5,-5), (-5,-5), (-5,-5)]

Shrinking Run 17
#Info# Executed steps before collision: 8, Found collision: true
Turtle 1 :[(-1,-1), (4,36), (4,35), (5,35), (5,34), (5,33), (5,32), (-1,-1), (-1,-1), (-1,-1), (-1,-1)]
Turtle 2 :[(-2,-2), (31,35), (31,35), (31,35), (32,35), (33,35), (33,36), (34,36), (35,36), (-2,-2), (-2,-2)]
Turtle 3 :[(-3,-3), (38,35), (38,36), (38,36), (38,36), (37,36), (37,36), (36,36), (35,36), (35,36), (35,37)]
Turtle 4 :[(-4,-4), (4,12), (3,12), (3,12), (3,12), (3,11), (3,11), (3,10), (-4,-4), (-4,-4), (-4,-4)]
Turtle 5 :[(-5,-5), (1,29), (1,28), (1,29), (1,28), (0,28), (-5,-5), (-5,-5), (-5,-5), (-5,-5), (-5,-5)]

Shrinking Run 18
#Info# Executed steps before collision: 8, Found collision: true
Turtle 1 :[(-1,-1), (4,36), (4,35), (5,35), (5,34), (5,33), (5,32), (-1,-1), (-1,-1), (-1,-1), (-1,-1)]
Turtle 2 :[(-2,-2), (31,35), (32,35), (32,35), (33,35), (33,36), (33,36), (34,36), (35,36), (-2,-2), (-2,-2)]
Turtle 3 :[(-3,-3), (38,35), (38,36), (38,36), (38,36), (37,36), (37,36), (36,36), (35,36), (35,36), (35,37)]
Turtle 4 :[(-4,-4), (4,12), (3,12), (3,12), (3,12), (3,11), (3,11), (3,10), (-4,-4), (-4,-4), (-4,-4)]
Turtle 5 :[(-5,-5), (1,29), (1,28), (1,29), (1,28), (0,28), (-5,-5), (-5,-5), (-5,-5), (-5,-5), (-5,-5)]

Shrinking Run 19
#Info# Executed steps before collision: 8, Found collision: true
Turtle 1 :[(-1,-1), (4,36), (4,35), (5,35), (5,34), (5,33), (5,32), (-1,-1), (-1,-1), (-1,-1), (-1,-1)]
Turtle 2 :[(-2,-2), (31,35), (32,35), (33,35), (33,36), (33,36), (33,36), (34,36), (35,36), (-2,-2), (-2,-2)]
Turtle 3 :[(-3,-3), (38,35), (38,36), (38,36), (38,36), (37,36), (37,36), (36,36), (35,36), (35,36), (35,37)]
Turtle 4 :[(-4,-4), (4,12), (3,12), (3,12), (3,12), (3,11), (3,11), (3,10), (-4,-4), (-4,-4), (-4,-4)]
Turtle 5 :[(-5,-5), (1,29), (1,28), (1,29), (1,28), (0,28), (-5,-5), (-5,-5), (-5,-5), (-5,-5), (-5,-5)]

Shrinking Run 20
#Info# Executed steps before collision: 8, Found collision: true
Turtle 1 :[(-1,-1), (4,36), (4,35), (5,35), (5,34), (5,33), (5,32), (-1,-1), (-1,-1), (-1,-1), (-1,-1)]
Turtle 2 :[(-2,-2), (31,35), (32,35), (33,35), (34,35), (34,35), (34,35), (34,36), (35,36), (-2,-2), (-2,-2)]
Turtle 3 :[(-3,-3), (38,35), (38,36), (38,36), (38,36), (37,36), (37,36), (36,36), (35,36), (35,36), (35,37)]
Turtle 4 :[(-4,-4), (4,12), (3,12), (3,12), (3,12), (3,11), (3,11), (3,10), (-4,-4), (-4,-4), (-4,-4)]
Turtle 5 :[(-5,-5), (1,29), (1,28), (1,29), (1,28), (0,28), (-5,-5), (-5,-5), (-5,-5), (-5,-5), (-5,-5)]

Shrinking Run 21
#Info# Executed steps before collision: 8, Found collision: true
Turtle 1 :[(-1,-1), (4,36), (4,35), (5,35), (5,34), (5,33), (5,32), (-1,-1), (-1,-1), (-1,-1), (-1,-1)]
Turtle 2 :[(-2,-2), (31,35), (32,35), (33,35), (34,35), (34,36), (34,36), (34,36), (35,36), (-2,-2), (-2,-2)]
Turtle 3 :[(-3,-3), (38,35), (38,36), (38,36), (38,36), (37,36), (37,36), (36,36), (35,36), (35,36), (35,37)]
Turtle 4 :[(-4,-4), (4,12), (3,12), (3,12), (3,12), (3,11), (3,11), (3,10), (-4,-4), (-4,-4), (-4,-4)]
Turtle 5 :[(-5,-5), (1,29), (1,28), (1,29), (1,28), (0,28), (-5,-5), (-5,-5), (-5,-5), (-5,-5), (-5,-5)]

Shrinking Run 22
#Info# Executed steps before collision: 10, Found collision: false
Turtle 1 :[(-1,-1), (4,36), (4,35), (5,35), (5,34), (5,33), (5,32), (-1,-1), (-1,-1), (-1,-1), (-1,-1)]
Turtle 2 :[(-2,-2), (31,35), (32,35), (33,35), (34,35), (34,36), (34,36), (34,36), (35,36), (-2,-2), (-2,-2)]
Turtle 3 :[(-3,-3), (38,35), (38,34), (38,34), (38,34), (37,34), (37,34), (36,34), (35,34), (35,34), (35,33)]
Turtle 4 :[(-4,-4), (4,12), (3,12), (3,12), (3,12), (3,11), (3,11), (3,10), (-4,-4), (-4,-4), (-4,-4)]
Turtle 5 :[(-5,-5), (1,29), (1,28), (1,29), (1,28), (0,28), (-5,-5), (-5,-5), (-5,-5), (-5,-5), (-5,-5)]

Shrinking Run 23
#Info# Executed steps before collision: 8, Found collision: true
Turtle 1 :[(-1,-1), (4,36), (4,35), (5,35), (5,34), (5,33), (5,32), (-1,-1), (-1,-1), (-1,-1), (-1,-1)]
Turtle 2 :[(-2,-2), (31,35), (32,35), (33,35), (34,35), (34,36), (34,36), (34,36), (35,36), (-2,-2), (-2,-2)]
Turtle 3 :[(-3,-3), (38,35), (38,36), (38,36), (38,36), (37,36), (37,36), (36,36), (35,36), (35,36), (34,36)]
Turtle 4 :[(-4,-4), (4,12), (3,12), (3,12), (3,12), (3,11), (3,11), (3,10), (-4,-4), (-4,-4), (-4,-4)]
Turtle 5 :[(-5,-5), (1,29), (1,28), (1,29), (1,28), (0,28), (-5,-5), (-5,-5), (-5,-5), (-5,-5), (-5,-5)]

Shrinking Run 24
#Info# Executed steps before collision: 10, Found collision: false
Turtle 1 :[(-1,-1), (4,36), (4,35), (5,35), (5,34), (5,33), (5,32), (-1,-1), (-1,-1), (-1,-1), (-1,-1)]
Turtle 2 :[(-2,-2), (31,35), (32,35), (33,35), (34,35), (34,36), (34,36), (34,36), (35,36), (-2,-2), (-2,-2)]
Turtle 3 :[(-3,-3), (38,35), (38,34), (38,34), (38,34), (37,34), (37,34), (36,34), (35,34), (35,34), (34,34)]
Turtle 4 :[(-4,-4), (4,12), (3,12), (3,12), (3,12), (3,11), (3,11), (3,10), (-4,-4), (-4,-4), (-4,-4)]
Turtle 5 :[(-5,-5), (1,29), (1,28), (1,29), (1,28), (0,28), (-5,-5), (-5,-5), (-5,-5), (-5,-5), (-5,-5)]

Shrinking Run 25
#Info# Executed steps before collision: 10, Found collision: false
Turtle 1 :[(-1,-1), (4,36), (4,35), (5,35), (5,34), (5,33), (5,32), (-1,-1), (-1,-1), (-1,-1), (-1,-1)]
Turtle 2 :[(-2,-2), (31,35), (32,35), (33,35), (34,35), (34,36), (34,36), (34,36), (35,36), (-2,-2), (-2,-2)]
Turtle 3 :[(-3,-3), (38,35), (37,35), (37,35), (37,35), (36,35), (36,35), (35,35), (34,35), (34,35), (33,35)]
Turtle 4 :[(-4,-4), (4,12), (3,12), (3,12), (3,12), (3,11), (3,11), (3,10), (-4,-4), (-4,-4), (-4,-4)]
Turtle 5 :[(-5,-5), (1,29), (1,28), (1,29), (1,28), (0,28), (-5,-5), (-5,-5), (-5,-5), (-5,-5), (-5,-5)]

Shrinking Run 26
#Info# Executed steps before collision: 10, Found collision: false
Turtle 1 :[(-1,-1), (4,36), (4,35), (5,35), (5,34), (5,33), (5,32), (-1,-1), (-1,-1), (-1,-1), (-1,-1)]
Turtle 2 :[(-2,-2), (31,35), (32,35), (33,35), (34,35), (34,36), (34,36), (34,36), (35,36), (-2,-2), (-2,-2)]
Turtle 3 :[(-3,-3), (38,35), (37,35), (37,35), (37,35), (36,35), (36,35), (35,35), (34,35), (34,35), (34,36)]
Turtle 4 :[(-4,-4), (4,12), (3,12), (3,12), (3,12), (3,11), (3,11), (3,10), (-4,-4), (-4,-4), (-4,-4)]
Turtle 5 :[(-5,-5), (1,29), (1,28), (1,29), (1,28), (0,28), (-5,-5), (-5,-5), (-5,-5), (-5,-5), (-5,-5)]

Shrinking Run 27
#Info# Executed steps before collision: 10, Found collision: false
Turtle 1 :[(-1,-1), (4,36), (4,35), (5,35), (5,34), (5,33), (5,32), (-1,-1), (-1,-1), (-1,-1), (-1,-1)]
Turtle 2 :[(-2,-2), (31,35), (32,35), (33,35), (34,35), (34,36), (34,36), (34,36), (35,36), (-2,-2), (-2,-2)]
Turtle 3 :[(-3,-3), (38,35), (38,36), (37,36), (36,36), (35,36), (35,37), (34,37), (35,37), (34,37), (34,36)]
Turtle 4 :[(-4,-4), (4,12), (3,12), (3,12), (3,12), (3,11), (3,11), (3,10), (-4,-4), (-4,-4), (-4,-4)]
Turtle 5 :[(-5,-5), (1,29), (1,28), (1,29), (1,28), (0,28), (-5,-5), (-5,-5), (-5,-5), (-5,-5), (-5,-5)]

Shrinking Run 28
#Info# Executed steps before collision: 8, Found collision: true
Turtle 1 :[(-1,-1), (4,36), (4,35), (5,35), (5,34), (5,33), (5,32), (-1,-1), (-1,-1), (-1,-1)]
Turtle 2 :[(-2,-2), (31,35), (32,35), (33,35), (34,35), (34,36), (34,36), (34,36), (34,36), (35,36)]
Turtle 3 :[(-3,-3), (38,35), (38,36), (37,36), (36,36), (35,36), (35,36), (35,36), (34,36), (-3,-3)]
Turtle 4 :[(-4,-4), (4,12), (3,12), (3,12), (3,12), (3,11), (3,11), (3,10), (-4,-4), (-4,-4)]
Turtle 5 :[(-5,-5), (1,29), (1,28), (1,29), (1,28), (0,28), (-5,-5), (-5,-5), (-5,-5), (-5,-5)]

Shrinking Run 29
#Info# Executed steps before collision: 9, Found collision: false
Turtle 1 :[(-1,-1), (4,36), (4,35), (5,35), (5,34), (5,33), (5,32), (-1,-1), (-1,-1), (-1,-1)]
Turtle 2 :[(-2,-2), (31,35), (32,35), (33,35), (34,35), (34,36), (34,36), (34,36), (35,36), (-2,-2)]
Turtle 3 :[(-3,-3), (38,35), (38,36), (37,36), (36,36), (35,36), (35,36), (35,35), (34,35), (34,36)]
Turtle 4 :[(-4,-4), (4,12), (3,12), (3,11), (2,11), (1,11), (1,10), (-4,-4), (-4,-4), (-4,-4)]
Turtle 5 :[(-5,-5), (1,29), (1,28), (1,29), (1,28), (0,28), (-5,-5), (-5,-5), (-5,-5), (-5,-5)]

Shrinking Run 30
#Info# Executed steps before collision: 11, Found collision: false
Turtle 1 :[(-1,-1), (4,36), (4,35), (5,35), (5,34), (5,33), (5,32), (-1,-1), (-1,-1), (-1,-1), (-1,-1), (-1,-1)]
Turtle 2 :[(-2,-2), (31,35), (32,35), (33,35), (34,35), (34,36), (34,36), (34,36), (35,36), (-2,-2), (-2,-2), (-2,-2)]
Turtle 3 :[(-3,-3), (38,35), (38,36), (37,36), (36,36), (35,36), (35,36), (35,35), (36,35), (36,36), (35,36), (34,36)]
Turtle 4 :[(-4,-4), (4,12), (3,12), (3,11), (2,11), (2,10), (1,10), (-4,-4), (-4,-4), (-4,-4), (-4,-4), (-4,-4)]
Turtle 5 :[(-5,-5), (1,29), (1,28), (1,29), (1,28), (0,28), (-5,-5), (-5,-5), (-5,-5), (-5,-5), (-5,-5), (-5,-5)]

Shrinking Run 31
#Info# Executed steps before collision: 8, Found collision: true
Turtle 1 :[(-1,-1), (4,36), (4,35), (5,35), (5,34), (5,33), (5,32), (-1,-1), (-1,-1), (-1,-1), (-1,-1), (-1,-1)]
Turtle 2 :[(-2,-2), (31,35), (32,35), (33,35), (34,35), (34,36), (34,36), (34,36), (35,36), (-2,-2), (-2,-2), (-2,-2)]
Turtle 3 :[(-3,-3), (38,35), (38,36), (37,36), (36,36), (35,36), (35,36), (35,37), (35,36), (35,35), (34,35), (34,36)]
Turtle 4 :[(-4,-4), (4,12), (3,12), (2,12), (2,11), (2,10), (-4,-4), (-4,-4), (-4,-4), (-4,-4), (-4,-4), (-4,-4)]
Turtle 5 :[(-5,-5), (1,29), (1,28), (1,29), (1,28), (0,28), (-5,-5), (-5,-5), (-5,-5), (-5,-5), (-5,-5), (-5,-5)]

Shrinking Run 32
#Info# Executed steps before collision: 9, Found collision: false
Turtle 1 :[(-1,-1), (4,36), (4,35), (5,35), (5,34), (5,33), (5,32), (-1,-1), (-1,-1), (-1,-1)]
Turtle 2 :[(-2,-2), (31,35), (32,35), (33,35), (34,35), (34,36), (34,36), (34,36), (35,36), (-2,-2)]
Turtle 3 :[(-3,-3), (38,35), (38,36), (37,36), (36,36), (35,36), (35,36), (35,35), (34,35), (34,36)]
Turtle 4 :[(-4,-4), (4,12), (4,11), (4,10), (3,10), (3,9), (3,8), (-4,-4), (-4,-4), (-4,-4)]
Turtle 5 :[(-5,-5), (1,29), (1,28), (1,29), (1,28), (0,28), (-5,-5), (-5,-5), (-5,-5), (-5,-5)]

Shrinking Run 33
#Info# Executed steps before collision: 8, Found collision: true
Turtle 1 :[(-1,-1), (4,36), (4,35), (5,35), (5,34), (5,33), (5,32), (-1,-1), (-1,-1), (-1,-1)]
Turtle 2 :[(-2,-2), (31,35), (32,35), (33,35), (34,35), (34,36), (34,36), (34,36), (35,36), (-2,-2)]
Turtle 3 :[(-3,-3), (38,35), (38,36), (37,36), (36,36), (35,36), (35,36), (35,35), (35,36), (34,36)]
Turtle 4 :[(-4,-4), (4,12), (4,11), (4,10), (3,10), (3,9), (2,9), (-4,-4), (-4,-4), (-4,-4)]
Turtle 5 :[(-5,-5), (1,29), (1,28), (1,29), (1,28), (0,28), (-5,-5), (-5,-5), (-5,-5), (-5,-5)]

Shrinking Run 34
#Info# Executed steps before collision: 9, Found collision: false
Turtle 1 :[(-1,-1), (4,36), (4,35), (5,35), (5,34), (5,33), (5,32), (-1,-1), (-1,-1), (-1,-1)]
Turtle 2 :[(-2,-2), (31,35), (32,35), (33,35), (34,35), (34,36), (34,36), (34,36), (35,36), (-2,-2)]
Turtle 3 :[(-3,-3), (38,35), (38,36), (37,36), (36,36), (35,36), (35,36), (35,35), (34,35), (34,36)]
Turtle 4 :[(-4,-4), (4,12), (3,12), (3,11), (2,11), (2,10), (2,9), (-4,-4), (-4,-4), (-4,-4)]
Turtle 5 :[(-5,-5), (1,29), (1,28), (1,29), (1,28), (0,28), (-5,-5), (-5,-5), (-5,-5), (-5,-5)]

Shrinking Run 35
#Info# Executed steps before collision: 8, Found collision: true
Turtle 1 :[(-1,-1), (4,36), (4,35), (5,35), (5,34), (5,33), (5,32), (-1,-1), (-1,-1), (-1,-1)]
Turtle 2 :[(-2,-2), (31,35), (32,35), (33,35), (34,35), (34,36), (34,36), (34,36), (35,36), (-2,-2)]
Turtle 3 :[(-3,-3), (38,35), (38,36), (37,36), (36,36), (35,36), (35,36), (35,35), (35,36), (34,36)]
Turtle 4 :[(-4,-4), (4,12), (4,11), (3,11), (2,11), (2,10), (2,9), (-4,-4), (-4,-4), (-4,-4)]
Turtle 5 :[(-5,-5), (1,29), (1,28), (1,29), (1,28), (0,28), (-5,-5), (-5,-5), (-5,-5), (-5,-5)]

Shrinking Run 36
#Info# Executed steps before collision: 8, Found collision: true
Turtle 1 :[(-1,-1), (4,36), (4,35), (5,35), (5,34), (5,33), (5,32), (-1,-1), (-1,-1), (-1,-1)]
Turtle 2 :[(-2,-2), (31,35), (32,35), (33,35), (34,35), (34,36), (34,36), (34,36), (35,36), (-2,-2)]
Turtle 3 :[(-3,-3), (38,35), (38,36), (37,36), (36,36), (35,36), (35,36), (35,35), (35,36), (34,36)]
Turtle 4 :[(-4,-4), (4,12), (4,11), (3,11), (2,11), (2,10), (2,9), (-4,-4), (-4,-4), (-4,-4)]
Turtle 5 :[(-5,-5), (1,29), (1,28), (1,27), (0,27), (0,26), (0,25), (-5,-5), (-5,-5), (-5,-5)]

Shrinking Run 37
#Info# Executed steps before collision: 8, Found collision: true
Turtle 1 :[(-1,-1), (4,36), (4,35), (5,35), (5,34), (5,33), (5,32), (-1,-1), (-1,-1), (-1,-1)]
Turtle 2 :[(-2,-2), (31,35), (32,35), (33,35), (34,35), (34,36), (34,36), (34,36), (34,36), (35,36)]
Turtle 3 :[(-3,-3), (38,35), (38,36), (37,36), (36,36), (35,36), (35,36), (35,36), (34,36), (-3,-3)]
Turtle 4 :[(-4,-4), (4,12), (4,11), (3,11), (2,11), (2,10), (2,9), (-4,-4), (-4,-4), (-4,-4)]
Turtle 5 :[(-5,-5), (1,29), (1,28), (1,27), (1,26), (0,26), (0,25), (-5,-5), (-5,-5), (-5,-5)]

Shrinking Run 38
#Info# Executed steps before collision: 11, Found collision: false
Turtle 1 :[(-1,-1), (4,36), (4,35), (5,35), (5,34), (5,33), (5,32), (-1,-1), (-1,-1), (-1,-1), (-1,-1), (-1,-1)]
Turtle 2 :[(-2,-2), (31,35), (32,35), (33,35), (34,35), (34,36), (34,36), (34,36), (33,36), (33,36), (34,36), (35,36)]
Turtle 3 :[(-3,-3), (38,35), (38,36), (37,36), (36,36), (35,36), (35,36), (35,36), (34,36), (-3,-3), (-3,-3), (-3,-3)]
Turtle 4 :[(-4,-4), (4,12), (4,11), (3,11), (2,11), (2,10), (2,9), (-4,-4), (-4,-4), (-4,-4), (-4,-4), (-4,-4)]
Turtle 5 :[(-5,-5), (1,29), (0,29), (0,28), (0,27), (0,26), (0,25), (-5,-5), (-5,-5), (-5,-5), (-5,-5), (-5,-5)]

Shrinking Run 39
#Info# Executed steps before collision: 8, Found collision: true
Turtle 1 :[(-1,-1), (4,36), (4,35), (5,35), (5,34), (5,33), (5,32), (-1,-1), (-1,-1), (-1,-1)]
Turtle 2 :[(-2,-2), (31,35), (32,35), (33,35), (34,35), (34,36), (34,36), (34,36), (35,36), (-2,-2)]
Turtle 3 :[(-3,-3), (38,35), (38,36), (37,36), (36,36), (35,36), (35,36), (35,37), (35,36), (34,36)]
Turtle 4 :[(-4,-4), (4,12), (4,11), (3,11), (2,11), (2,10), (2,9), (-4,-4), (-4,-4), (-4,-4)]
Turtle 5 :[(-5,-5), (1,29), (1,28), (0,28), (0,27), (0,26), (0,25), (-5,-5), (-5,-5), (-5,-5)]

Shrinking Run 40
#Info# Executed steps before collision: 8, Found collision: true
Turtle 1 :[(-1,-1), (4,36), (3,36), (2,36), (2,35), (2,34), (1,34), (-1,-1), (-1,-1), (-1,-1)]
Turtle 2 :[(-2,-2), (31,35), (32,35), (33,35), (34,35), (34,36), (34,36), (34,36), (35,36), (-2,-2)]
Turtle 3 :[(-3,-3), (38,35), (38,36), (37,36), (36,36), (35,36), (35,36), (35,35), (35,36), (34,36)]
Turtle 4 :[(-4,-4), (4,12), (4,11), (3,11), (2,11), (2,10), (2,9), (-4,-4), (-4,-4), (-4,-4)]
Turtle 5 :[(-5,-5), (1,29), (1,28), (0,28), (0,27), (0,26), (0,25), (-5,-5), (-5,-5), (-5,-5)]

Shrinking Run 41
#Info# Executed steps before collision: 8, Found collision: true
Turtle 1 :[(-1,-1), (4,36), (4,35), (3,35), (3,34), (3,33), (3,32), (-1,-1), (-1,-1), (-1,-1)]
Turtle 2 :[(-2,-2), (31,35), (32,35), (33,35), (34,35), (34,36), (34,36), (34,36), (35,36), (-2,-2)]
Turtle 3 :[(-3,-3), (38,35), (38,36), (37,36), (36,36), (35,36), (35,36), (35,35), (35,36), (34,36)]
Turtle 4 :[(-4,-4), (4,12), (4,11), (3,11), (2,11), (2,10), (2,9), (-4,-4), (-4,-4), (-4,-4)]
Turtle 5 :[(-5,-5), (1,29), (1,28), (0,28), (0,27), (0,26), (0,25), (-5,-5), (-5,-5), (-5,-5)]

Shrinking Run 42
#Info# Executed steps before collision: 8, Found collision: true
Turtle 1 :[(-1,-1), (4,36), (3,36), (2,36), (2,35), (2,34), (2,33), (-1,-1), (-1,-1), (-1,-1)]
Turtle 2 :[(-2,-2), (31,35), (32,35), (33,35), (34,35), (34,36), (34,36), (34,36), (35,36), (-2,-2)]
Turtle 3 :[(-3,-3), (38,35), (38,36), (37,36), (36,36), (35,36), (35,36), (35,35), (35,36), (34,36)]
Turtle 4 :[(-4,-4), (4,12), (4,11), (3,11), (2,11), (2,10), (2,9), (-4,-4), (-4,-4), (-4,-4)]
Turtle 5 :[(-5,-5), (1,29), (1,28), (0,28), (0,27), (0,26), (0,25), (-5,-5), (-5,-5), (-5,-5)]

Shrinking Run 43
#Info# Executed steps before collision: 8, Found collision: true
Turtle 1 :[(-1,-1), (4,36), (3,36), (2,36), (2,35), (1,35), (1,34), (-1,-1), (-1,-1), (-1,-1)]
Turtle 2 :[(-2,-2), (31,35), (32,35), (33,35), (34,35), (34,36), (34,36), (34,36), (34,36), (35,36)]
Turtle 3 :[(-3,-3), (38,35), (38,36), (37,36), (36,36), (35,36), (35,36), (35,36), (34,36), (-3,-3)]
Turtle 4 :[(-4,-4), (4,12), (4,11), (3,11), (2,11), (2,10), (2,9), (-4,-4), (-4,-4), (-4,-4)]
Turtle 5 :[(-5,-5), (1,29), (1,28), (0,28), (0,27), (0,26), (0,25), (-5,-5), (-5,-5), (-5,-5)]

Shrinking Run 44
#Info# Executed steps before collision: 10, Found collision: false
Turtle 1 :[(-1,-1), (4,36), (3,36), (2,36), (1,36), (0,36), (0,35), (-1,-1), (-1,-1), (-1,-1), (-1,-1)]
Turtle 2 :[(-2,-2), (31,35), (32,35), (33,35), (34,35), (34,36), (34,36), (34,36), (35,36), (-2,-2), (-2,-2)]
Turtle 3 :[(-3,-3), (38,35), (38,36), (37,36), (36,36), (35,36), (35,36), (35,35), (35,35), (35,36), (34,36)]
Turtle 4 :[(-4,-4), (4,12), (4,11), (3,11), (2,11), (2,10), (2,9), (-4,-4), (-4,-4), (-4,-4), (-4,-4)]
Turtle 5 :[(-5,-5), (1,29), (1,28), (0,28), (0,27), (0,26), (0,25), (-5,-5), (-5,-5), (-5,-5), (-5,-5)]

Shrinking Run 45
#Info# Executed steps before collision: 12, Found collision: false
Turtle 1 :[(-1,-1), (4,36), (3,36), (2,36), (2,35), (1,35), (0,35), (-1,-1), (-1,-1), (-1,-1), (-1,-1), (-1,-1), (-1,-1)]
Turtle 2 :[(-2,-2), (31,35), (32,35), (33,35), (34,35), (34,36), (34,36), (34,36), (33,36), (33,35), (33,36), (34,36), (35,36)]
Turtle 3 :[(-3,-3), (38,35), (38,36), (37,36), (36,36), (36,36), (35,36), (35,36), (34,36), (-3,-3), (-3,-3), (-3,-3), (-3,-3)]
Turtle 4 :[(-4,-4), (4,12), (4,11), (3,11), (2,11), (2,10), (2,9), (-4,-4), (-4,-4), (-4,-4), (-4,-4), (-4,-4), (-4,-4)]
Turtle 5 :[(-5,-5), (1,29), (1,28), (0,28), (0,27), (0,26), (0,25), (-5,-5), (-5,-5), (-5,-5), (-5,-5), (-5,-5), (-5,-5)]

Shrinking Run 46
#Info# Executed steps before collision: 11, Found collision: false
Turtle 1 :[(-1,-1), (4,36), (3,36), (2,36), (1,36), (1,35), (1,34), (-1,-1), (-1,-1), (-1,-1), (-1,-1), (-1,-1)]
Turtle 2 :[(-2,-2), (31,35), (32,35), (33,35), (34,35), (34,36), (34,36), (34,36), (35,36), (-2,-2), (-2,-2), (-2,-2)]
Turtle 3 :[(-3,-3), (38,35), (38,36), (37,36), (36,36), (35,36), (35,36), (35,37), (36,37), (35,37), (35,36), (34,36)]
Turtle 4 :[(-4,-4), (4,12), (4,11), (3,11), (2,11), (2,10), (2,9), (-4,-4), (-4,-4), (-4,-4), (-4,-4), (-4,-4)]
Turtle 5 :[(-5,-5), (1,29), (1,28), (0,28), (0,27), (0,26), (0,25), (-5,-5), (-5,-5), (-5,-5), (-5,-5), (-5,-5)]

Shrinking Run 47
#Info# Executed steps before collision: 7, Found collision: false
Turtle 1 :[(-1,-1), (4,36), (3,36), (2,36), (2,35), (1,35), (1,34), (-1,-1)]
Turtle 2 :[(-2,-2), (31,35), (31,35), (31,35), (31,36), (32,36), (-2,-2), (-2,-2)]
Turtle 3 :[(-3,-3), (38,35), (38,36), (37,36), (36,36), (35,36), (35,36), (34,36)]
Turtle 4 :[(-4,-4), (4,12), (4,11), (3,11), (2,11), (2,10), (2,9), (-4,-4)]
Turtle 5 :[(-5,-5), (1,29), (1,28), (0,28), (0,27), (0,26), (0,25), (-5,-5)]

Shrinking Run 48
#Info# Executed steps before collision: 10, Found collision: false
Turtle 1 :[(-1,-1), (4,36), (3,36), (2,36), (2,35), (1,35), (1,34), (-1,-1), (-1,-1), (-1,-1), (-1,-1)]
Turtle 2 :[(-2,-2), (31,35), (31,35), (31,35), (32,35), (33,35), (33,35), (34,35), (33,35), (33,36), (34,36)]
Turtle 3 :[(-3,-3), (38,35), (38,36), (37,36), (36,36), (35,36), (35,36), (34,36), (-3,-3), (-3,-3), (-3,-3)]
Turtle 4 :[(-4,-4), (4,12), (4,11), (3,11), (2,11), (2,10), (2,9), (-4,-4), (-4,-4), (-4,-4), (-4,-4)]
Turtle 5 :[(-5,-5), (1,29), (1,28), (0,28), (0,27), (0,26), (0,25), (-5,-5), (-5,-5), (-5,-5), (-5,-5)]

Shrinking Run 49
#Info# Executed steps before collision: 9, Found collision: false
Turtle 1 :[(-1,-1), (4,36), (3,36), (2,36), (2,35), (1,35), (1,34), (-1,-1), (-1,-1), (-1,-1)]
Turtle 2 :[(-2,-2), (31,35), (31,35), (31,35), (32,35), (32,34), (32,34), (33,34), (34,34), (35,34)]
Turtle 3 :[(-3,-3), (38,35), (38,36), (37,36), (36,36), (35,36), (35,36), (34,36), (-3,-3), (-3,-3)]
Turtle 4 :[(-4,-4), (4,12), (4,11), (3,11), (2,11), (2,10), (2,9), (-4,-4), (-4,-4), (-4,-4)]
Turtle 5 :[(-5,-5), (1,29), (1,28), (0,28), (0,27), (0,26), (0,25), (-5,-5), (-5,-5), (-5,-5)]

Shrinking Run 50
#Info# Executed steps before collision: 8, Found collision: false
Turtle 1 :[(-1,-1), (4,36), (3,36), (2,36), (2,35), (1,35), (1,34), (-1,-1), (-1,-1)]
Turtle 2 :[(-2,-2), (31,35), (31,35), (31,35), (32,35), (33,35), (33,35), (34,35), (35,35)]
Turtle 3 :[(-3,-3), (38,35), (38,36), (37,36), (36,36), (35,36), (35,36), (34,36), (-3,-3)]
Turtle 4 :[(-4,-4), (4,12), (4,11), (3,11), (2,11), (2,10), (2,9), (-4,-4), (-4,-4)]
Turtle 5 :[(-5,-5), (1,29), (1,28), (0,28), (0,27), (0,26), (0,25), (-5,-5), (-5,-5)]

Shrinking Run 51
#Info# Executed steps before collision: 9, Found collision: false
Turtle 1 :[(-1,-1), (4,36), (3,36), (2,36), (2,35), (1,35), (1,34), (-1,-1), (-1,-1), (-1,-1)]
Turtle 2 :[(-2,-2), (31,35), (31,35), (31,35), (32,35), (33,35), (33,35), (34,35), (35,35), (35,36)]
Turtle 3 :[(-3,-3), (38,35), (38,36), (37,36), (36,36), (35,36), (35,36), (34,36), (-3,-3), (-3,-3)]
Turtle 4 :[(-4,-4), (4,12), (4,11), (3,11), (2,11), (2,10), (2,9), (-4,-4), (-4,-4), (-4,-4)]
Turtle 5 :[(-5,-5), (1,29), (1,28), (0,28), (0,27), (0,26), (0,25), (-5,-5), (-5,-5), (-5,-5)]

Shrinking Run 52
#Info# Executed steps before collision: 11, Found collision: false
Turtle 1 :[(-1,-1), (4,36), (3,36), (2,36), (2,35), (1,35), (1,34), (-1,-1), (-1,-1), (-1,-1), (-1,-1), (-1,-1)]
Turtle 2 :[(-2,-2), (31,35), (31,36), (32,36), (33,36), (34,36), (34,37), (34,36), (35,36), (-2,-2), (-2,-2), (-2,-2)]
Turtle 3 :[(-3,-3), (38,35), (38,36), (37,36), (36,36), (35,36), (35,36), (36,36), (37,36), (36,36), (35,36), (34,36)]
Turtle 4 :[(-4,-4), (4,12), (4,11), (3,11), (2,11), (2,10), (2,9), (-4,-4), (-4,-4), (-4,-4), (-4,-4), (-4,-4)]
Turtle 5 :[(-5,-5), (1,29), (1,28), (0,28), (0,27), (0,26), (0,25), (-5,-5), (-5,-5), (-5,-5), (-5,-5), (-5,-5)]

Shrinking Run 53
#Info# Executed steps before collision: 8, Found collision: true
Turtle 1 :[(-1,-1), (4,36), (3,36), (2,36), (2,35), (1,35), (1,34), (-1,-1), (-1,-1), (-1,-1)]
Turtle 2 :[(-2,-2), (31,35), (31,35), (31,36), (32,36), (33,36), (34,36), (33,36), (34,36), (35,36)]
Turtle 3 :[(-3,-3), (38,35), (38,36), (37,36), (36,36), (35,36), (35,36), (35,36), (34,36), (-3,-3)]
Turtle 4 :[(-4,-4), (4,12), (4,11), (3,11), (2,11), (2,10), (2,9), (-4,-4), (-4,-4), (-4,-4)]
Turtle 5 :[(-5,-5), (1,29), (1,28), (0,28), (0,27), (0,26), (0,25), (-5,-5), (-5,-5), (-5,-5)]

Shrinking Run 54
#Info# Executed steps before collision: 9, Found collision: false
Turtle 1 :[(-1,-1), (4,36), (3,36), (2,36), (2,35), (1,35), (1,34), (-1,-1), (-1,-1), (-1,-1)]
Turtle 2 :[(-2,-2), (31,35), (32,35), (32,35), (33,35), (33,36), (34,36), (35,36), (-2,-2), (-2,-2)]
Turtle 3 :[(-3,-3), (38,35), (38,36), (37,36), (36,36), (35,36), (35,36), (35,35), (35,36), (34,36)]
Turtle 4 :[(-4,-4), (4,12), (4,11), (3,11), (2,11), (2,10), (2,9), (-4,-4), (-4,-4), (-4,-4)]
Turtle 5 :[(-5,-5), (1,29), (1,28), (0,28), (0,27), (0,26), (0,25), (-5,-5), (-5,-5), (-5,-5)]

Shrinking Run 55
#Info# Executed steps before collision: 9, Found collision: false
Turtle 1 :[(-1,-1), (4,36), (3,36), (2,36), (2,35), (1,35), (1,34), (-1,-1), (-1,-1), (-1,-1)]
Turtle 2 :[(-2,-2), (31,35), (31,36), (31,36), (32,36), (33,36), (34,36), (34,37), (34,36), (35,36)]
Turtle 3 :[(-3,-3), (38,35), (38,36), (37,36), (36,36), (35,36), (35,36), (35,37), (34,37), (34,36)]
Turtle 4 :[(-4,-4), (4,12), (4,11), (3,11), (2,11), (2,10), (2,9), (-4,-4), (-4,-4), (-4,-4)]
Turtle 5 :[(-5,-5), (1,29), (1,28), (0,28), (0,27), (0,26), (0,25), (-5,-5), (-5,-5), (-5,-5)]

Shrinking Run 56
#Info# Executed steps before collision: 9, Found collision: false
Turtle 1 :[(-1,-1), (4,36), (3,36), (2,36), (2,35), (1,35), (1,34), (-1,-1), (-1,-1), (-1,-1)]
Turtle 2 :[(-2,-2), (31,35), (31,35), (32,35), (33,35), (33,36), (34,36), (35,36), (-2,-2), (-2,-2)]
Turtle 3 :[(-3,-3), (38,35), (38,36), (37,36), (36,36), (35,36), (35,36), (36,36), (35,36), (34,36)]
Turtle 4 :[(-4,-4), (4,12), (4,11), (3,11), (2,11), (2,10), (2,9), (-4,-4), (-4,-4), (-4,-4)]
Turtle 5 :[(-5,-5), (1,29), (1,28), (0,28), (0,27), (0,26), (0,25), (-5,-5), (-5,-5), (-5,-5)]

Shrinking Run 57
#Info# Executed steps before collision: 10, Found collision: false
Turtle 1 :[(-1,-1), (4,36), (3,36), (2,36), (2,35), (1,35), (1,34), (-1,-1), (-1,-1), (-1,-1), (-1,-1)]
Turtle 2 :[(-2,-2), (31,35), (31,35), (31,36), (32,36), (33,36), (34,36), (35,36), (-2,-2), (-2,-2), (-2,-2)]
Turtle 3 :[(-3,-3), (38,35), (38,34), (38,34), (38,34), (37,34), (37,34), (36,34), (35,34), (35,34), (35,33)]
Turtle 4 :[(-4,-4), (4,12), (4,11), (3,11), (2,11), (2,10), (2,9), (-4,-4), (-4,-4), (-4,-4), (-4,-4)]
Turtle 5 :[(-5,-5), (1,29), (1,28), (0,28), (0,27), (0,26), (0,25), (-5,-5), (-5,-5), (-5,-5), (-5,-5)]

Shrinking Run 58
#Info# Executed steps before collision: 10, Found collision: false
Turtle 1 :[(-1,-1), (4,36), (3,36), (2,36), (2,35), (1,35), (1,34), (-1,-1), (-1,-1), (-1,-1), (-1,-1)]
Turtle 2 :[(-2,-2), (31,35), (31,35), (31,36), (32,36), (33,36), (34,36), (35,36), (-2,-2), (-2,-2), (-2,-2)]
Turtle 3 :[(-3,-3), (38,35), (38,34), (38,34), (38,34), (37,34), (37,34), (36,34), (35,34), (35,34), (34,34)]
Turtle 4 :[(-4,-4), (4,12), (4,11), (3,11), (2,11), (2,10), (2,9), (-4,-4), (-4,-4), (-4,-4), (-4,-4)]
Turtle 5 :[(-5,-5), (1,29), (1,28), (0,28), (0,27), (0,26), (0,25), (-5,-5), (-5,-5), (-5,-5), (-5,-5)]

Shrinking Run 59
#Info# Executed steps before collision: 10, Found collision: false
Turtle 1 :[(-1,-1), (4,36), (3,36), (2,36), (2,35), (1,35), (1,34), (-1,-1), (-1,-1), (-1,-1), (-1,-1)]
Turtle 2 :[(-2,-2), (31,35), (31,35), (31,36), (32,36), (33,36), (34,36), (35,36), (-2,-2), (-2,-2), (-2,-2)]
Turtle 3 :[(-3,-3), (38,35), (37,35), (37,35), (37,35), (36,35), (36,35), (35,35), (34,35), (34,35), (33,35)]
Turtle 4 :[(-4,-4), (4,12), (4,11), (3,11), (2,11), (2,10), (2,9), (-4,-4), (-4,-4), (-4,-4), (-4,-4)]
Turtle 5 :[(-5,-5), (1,29), (1,28), (0,28), (0,27), (0,26), (0,25), (-5,-5), (-5,-5), (-5,-5), (-5,-5)]

Shrinking Run 60
#Info# Executed steps before collision: 10, Found collision: false
Turtle 1 :[(-1,-1), (4,36), (3,36), (2,36), (2,35), (1,35), (1,34), (-1,-1), (-1,-1), (-1,-1), (-1,-1)]
Turtle 2 :[(-2,-2), (31,35), (31,35), (31,36), (32,36), (33,36), (34,36), (35,36), (-2,-2), (-2,-2), (-2,-2)]
Turtle 3 :[(-3,-3), (38,35), (37,35), (37,35), (37,35), (36,35), (36,35), (35,35), (34,35), (34,35), (34,36)]
Turtle 4 :[(-4,-4), (4,12), (4,11), (3,11), (2,11), (2,10), (2,9), (-4,-4), (-4,-4), (-4,-4), (-4,-4)]
Turtle 5 :[(-5,-5), (1,29), (1,28), (0,28), (0,27), (0,26), (0,25), (-5,-5), (-5,-5), (-5,-5), (-5,-5)]

Shrinking Run 61
#Info# Executed steps before collision: 8, Found collision: false
Turtle 1 :[(-1,-1), (4,36), (3,36), (2,36), (2,35), (1,35), (1,34), (-1,-1), (-1,-1)]
Turtle 2 :[(-2,-2), (31,35), (31,35), (31,36), (32,36), (33,36), (34,36), (35,36), (-2,-2)]
Turtle 3 :[(-3,-3), (38,35), (38,36), (37,36), (36,36), (35,36), (35,37), (34,37), (34,36)]
Turtle 4 :[(-4,-4), (4,12), (4,11), (3,11), (2,11), (2,10), (2,9), (-4,-4), (-4,-4)]
Turtle 5 :[(-5,-5), (1,29), (1,28), (0,28), (0,27), (0,26), (0,25), (-5,-5), (-5,-5)]

Shrinking Run 62
#Info# Executed steps before collision: 9, Found collision: false
Turtle 1 :[(-1,-1), (4,36), (3,36), (2,36), (2,35), (1,35), (1,34), (-1,-1), (-1,-1), (-1,-1)]
Turtle 2 :[(-2,-2), (31,35), (31,35), (31,36), (32,36), (33,36), (34,36), (34,35), (35,35), (35,36)]
Turtle 3 :[(-3,-3), (38,35), (38,36), (37,36), (36,36), (35,36), (35,36), (35,36), (34,36), (-3,-3)]
Turtle 4 :[(-4,-4), (4,12), (3,12), (3,11), (2,11), (1,11), (1,10), (-4,-4), (-4,-4), (-4,-4)]
Turtle 5 :[(-5,-5), (1,29), (1,28), (0,28), (0,27), (0,26), (0,25), (-5,-5), (-5,-5), (-5,-5)]

Shrinking Run 63
#Info# Executed steps before collision: 9, Found collision: false
Turtle 1 :[(-1,-1), (4,36), (3,36), (2,36), (2,35), (1,35), (1,34), (-1,-1), (-1,-1), (-1,-1)]
Turtle 2 :[(-2,-2), (31,35), (31,35), (31,36), (32,36), (33,36), (34,36), (34,35), (35,35), (35,36)]
Turtle 3 :[(-3,-3), (38,35), (38,36), (37,36), (36,36), (35,36), (35,36), (35,36), (34,36), (-3,-3)]
Turtle 4 :[(-4,-4), (4,12), (3,12), (3,11), (2,11), (2,10), (1,10), (-4,-4), (-4,-4), (-4,-4)]
Turtle 5 :[(-5,-5), (1,29), (1,28), (0,28), (0,27), (0,26), (0,25), (-5,-5), (-5,-5), (-5,-5)]

Shrinking Run 64
#Info# Executed steps before collision: 9, Found collision: false
Turtle 1 :[(-1,-1), (4,36), (3,36), (2,36), (2,35), (1,35), (1,34), (-1,-1), (-1,-1), (-1,-1)]
Turtle 2 :[(-2,-2), (31,35), (31,35), (31,36), (32,36), (33,36), (34,36), (34,37), (35,37), (35,36)]
Turtle 3 :[(-3,-3), (38,35), (38,36), (37,36), (36,36), (35,36), (35,36), (35,36), (34,36), (-3,-3)]
Turtle 4 :[(-4,-4), (4,12), (4,11), (4,10), (3,10), (3,9), (3,8), (-4,-4), (-4,-4), (-4,-4)]
Turtle 5 :[(-5,-5), (1,29), (1,28), (0,28), (0,27), (0,26), (0,25), (-5,-5), (-5,-5), (-5,-5)]

Shrinking Run 65
#Info# Executed steps before collision: 8, Found collision: true
Turtle 1 :[(-1,-1), (4,36), (3,36), (2,36), (2,35), (1,35), (1,34), (-1,-1), (-1,-1), (-1,-1)]
Turtle 2 :[(-2,-2), (31,35), (31,35), (31,36), (32,36), (33,36), (34,36), (34,37), (34,36), (35,36)]
Turtle 3 :[(-3,-3), (38,35), (38,36), (37,36), (36,36), (35,36), (35,36), (35,36), (34,36), (-3,-3)]
Turtle 4 :[(-4,-4), (4,12), (3,12), (3,11), (2,11), (2,10), (2,9), (-4,-4), (-4,-4), (-4,-4)]
Turtle 5 :[(-5,-5), (1,29), (1,28), (0,28), (0,27), (0,26), (0,25), (-5,-5), (-5,-5), (-5,-5)]

Shrinking Run 66
#Info# Executed steps before collision: 11, Found collision: false
Turtle 1 :[(-1,-1), (4,36), (3,36), (2,36), (2,35), (1,35), (1,34), (-1,-1), (-1,-1), (-1,-1), (-1,-1), (-1,-1)]
Turtle 2 :[(-2,-2), (31,35), (31,35), (31,36), (32,36), (33,36), (34,36), (34,37), (34,36), (35,36), (-2,-2), (-2,-2)]
Turtle 3 :[(-3,-3), (38,35), (38,36), (37,36), (36,36), (35,36), (35,36), (35,35), (34,35), (33,35), (33,36), (34,36)]
Turtle 4 :[(-4,-4), (4,12), (4,11), (4,10), (3,10), (3,9), (2,9), (-4,-4), (-4,-4), (-4,-4), (-4,-4), (-4,-4)]
Turtle 5 :[(-5,-5), (1,29), (1,28), (0,28), (0,27), (0,26), (0,25), (-5,-5), (-5,-5), (-5,-5), (-5,-5), (-5,-5)]

Shrinking Run 67
#Info# Executed steps before collision: 12, Found collision: false
Turtle 1 :[(-1,-1), (4,36), (3,36), (2,36), (2,35), (1,35), (1,34), (-1,-1), (-1,-1), (-1,-1), (-1,-1), (-1,-1), (-1,-1)]
Turtle 2 :[(-2,-2), (31,35), (31,35), (31,36), (32,36), (33,36), (34,36), (34,35), (34,36), (33,36), (33,36), (34,36), (35,36)]
Turtle 3 :[(-3,-3), (38,35), (38,36), (37,36), (36,36), (35,36), (35,36), (35,35), (35,36), (34,36), (-3,-3), (-3,-3), (-3,-3)]
Turtle 4 :[(-4,-4), (4,12), (3,12), (2,12), (1,12), (1,11), (1,10), (-4,-4), (-4,-4), (-4,-4), (-4,-4), (-4,-4), (-4,-4)]
Turtle 5 :[(-5,-5), (1,29), (1,28), (0,28), (0,27), (0,26), (0,25), (-5,-5), (-5,-5), (-5,-5), (-5,-5), (-5,-5), (-5,-5)]

Shrinking Run 68
#Info# Executed steps before collision: 10, Found collision: false
Turtle 1 :[(-1,-1), (4,36), (3,36), (2,36), (2,35), (1,35), (1,34), (-1,-1), (-1,-1), (-1,-1), (-1,-1)]
Turtle 2 :[(-2,-2), (31,35), (31,35), (31,36), (32,36), (33,36), (34,36), (34,35), (35,35), (35,35), (35,36)]
Turtle 3 :[(-3,-3), (38,35), (38,36), (37,36), (36,36), (35,36), (35,36), (35,37), (35,36), (34,36), (-3,-3)]
Turtle 4 :[(-4,-4), (4,12), (3,12), (2,12), (2,11), (2,10), (2,9), (-4,-4), (-4,-4), (-4,-4), (-4,-4)]
Turtle 5 :[(-5,-5), (1,29), (1,28), (0,28), (0,27), (0,26), (0,25), (-5,-5), (-5,-5), (-5,-5), (-5,-5)]

Shrinking Run 69
#Info# Executed steps before collision: 8, Found collision: true
Turtle 1 :[(-1,-1), (4,36), (3,36), (2,36), (2,35), (1,35), (1,34), (-1,-1), (-1,-1), (-1,-1)]
Turtle 2 :[(-2,-2), (31,35), (31,35), (31,36), (32,36), (33,36), (34,36), (34,36), (35,36), (-2,-2)]
Turtle 3 :[(-3,-3), (38,35), (38,36), (37,36), (36,36), (35,36), (35,36), (36,36), (35,36), (34,36)]
Turtle 4 :[(-4,-4), (4,12), (3,12), (3,11), (2,11), (2,10), (2,9), (-4,-4), (-4,-4), (-4,-4)]
Turtle 5 :[(-5,-5), (1,29), (0,29), (0,28), (0,27), (0,26), (0,25), (-5,-5), (-5,-5), (-5,-5)]

Shrinking Run 70
#Info# Executed steps before collision: 10, Found collision: false
Turtle 1 :[(-1,-1), (4,36), (3,36), (2,36), (1,36), (0,36), (0,35), (-1,-1), (-1,-1), (-1,-1), (-1,-1)]
Turtle 2 :[(-2,-2), (31,35), (31,35), (31,36), (32,36), (33,36), (34,36), (34,36), (34,35), (35,35), (35,36)]
Turtle 3 :[(-3,-3), (38,35), (38,36), (37,36), (36,36), (35,36), (35,36), (35,36), (34,36), (-3,-3), (-3,-3)]
Turtle 4 :[(-4,-4), (4,12), (3,12), (3,11), (2,11), (2,10), (2,9), (-4,-4), (-4,-4), (-4,-4), (-4,-4)]
Turtle 5 :[(-5,-5), (1,29), (0,29), (0,28), (0,27), (0,26), (0,25), (-5,-5), (-5,-5), (-5,-5), (-5,-5)]

Shrinking Run 71
#Info# Executed steps before collision: 11, Found collision: false
Turtle 1 :[(-1,-1), (4,36), (3,36), (2,36), (2,35), (1,35), (0,35), (-1,-1), (-1,-1), (-1,-1), (-1,-1), (-1,-1)]
Turtle 2 :[(-2,-2), (31,35), (31,35), (31,36), (32,36), (33,36), (34,36), (34,37), (34,36), (34,35), (35,35), (35,36)]
Turtle 3 :[(-3,-3), (38,35), (38,36), (37,36), (36,36), (35,36), (35,36), (35,37), (35,36), (34,36), (-3,-3), (-3,-3)]
Turtle 4 :[(-4,-4), (4,12), (3,12), (3,11), (2,11), (2,10), (2,9), (-4,-4), (-4,-4), (-4,-4), (-4,-4), (-4,-4)]
Turtle 5 :[(-5,-5), (1,29), (0,29), (0,28), (0,27), (0,26), (0,25), (-5,-5), (-5,-5), (-5,-5), (-5,-5), (-5,-5)]

Shrinking Run 72
#Info# Executed steps before collision: 7, Found collision: true
Turtle 1 :[(-1,-1), (4,36), (3,36), (2,36), (1,36), (1,35), (1,34), (-1,-1), (-1,-1), (-1,-1), (-1,-1)]
Turtle 2 :[(-2,-2), (31,35), (31,35), (31,36), (32,36), (33,36), (34,36), (35,36), (-2,-2), (-2,-2), (-2,-2)]
Turtle 3 :[(-3,-3), (38,35), (38,36), (37,36), (36,36), (35,36), (35,36), (35,36), (35,37), (34,37), (34,36)]
Turtle 4 :[(-4,-4), (4,12), (3,12), (3,11), (2,11), (2,10), (2,9), (-4,-4), (-4,-4), (-4,-4), (-4,-4)]
Turtle 5 :[(-5,-5), (1,29), (0,29), (0,28), (0,27), (0,26), (0,25), (-5,-5), (-5,-5), (-5,-5), (-5,-5)]

Shrinking Run 73
#Info# Executed steps before collision: 7, Found collision: false
Turtle 1 :[(-1,-1), (4,36), (3,36), (2,36), (1,36), (1,35), (1,34), (-1,-1)]
Turtle 2 :[(-2,-2), (31,35), (31,35), (31,35), (31,36), (32,36), (-2,-2), (-2,-2)]
Turtle 3 :[(-3,-3), (38,35), (38,36), (37,36), (36,36), (35,36), (35,36), (34,36)]
Turtle 4 :[(-4,-4), (4,12), (3,12), (3,11), (2,11), (2,10), (2,9), (-4,-4)]
Turtle 5 :[(-5,-5), (1,29), (0,29), (0,28), (0,27), (0,26), (0,25), (-5,-5)]

Shrinking Run 74
#Info# Executed steps before collision: 9, Found collision: false
Turtle 1 :[(-1,-1), (4,36), (3,36), (2,36), (1,36), (1,35), (1,34), (-1,-1), (-1,-1), (-1,-1)]
Turtle 2 :[(-2,-2), (31,35), (31,35), (31,35), (32,35), (33,35), (33,35), (34,35), (34,35), (34,36)]
Turtle 3 :[(-3,-3), (38,35), (38,36), (37,36), (36,36), (35,36), (35,36), (34,36), (-3,-3), (-3,-3)]
Turtle 4 :[(-4,-4), (4,12), (3,12), (3,11), (2,11), (2,10), (2,9), (-4,-4), (-4,-4), (-4,-4)]
Turtle 5 :[(-5,-5), (1,29), (0,29), (0,28), (0,27), (0,26), (0,25), (-5,-5), (-5,-5), (-5,-5)]

Shrinking Run 75
#Info# Executed steps before collision: 9, Found collision: false
Turtle 1 :[(-1,-1), (4,36), (3,36), (2,36), (1,36), (1,35), (1,34), (-1,-1), (-1,-1), (-1,-1)]
Turtle 2 :[(-2,-2), (31,35), (31,35), (31,35), (32,35), (32,34), (32,34), (33,34), (34,34), (35,34)]
Turtle 3 :[(-3,-3), (38,35), (38,36), (37,36), (36,36), (35,36), (35,36), (34,36), (-3,-3), (-3,-3)]
Turtle 4 :[(-4,-4), (4,12), (3,12), (3,11), (2,11), (2,10), (2,9), (-4,-4), (-4,-4), (-4,-4)]
Turtle 5 :[(-5,-5), (1,29), (0,29), (0,28), (0,27), (0,26), (0,25), (-5,-5), (-5,-5), (-5,-5)]

Shrinking Run 76
#Info# Executed steps before collision: 8, Found collision: false
Turtle 1 :[(-1,-1), (4,36), (3,36), (2,36), (1,36), (1,35), (1,34), (-1,-1), (-1,-1)]
Turtle 2 :[(-2,-2), (31,35), (31,35), (31,35), (32,35), (33,35), (33,35), (34,35), (35,35)]
Turtle 3 :[(-3,-3), (38,35), (38,36), (37,36), (36,36), (35,36), (35,36), (34,36), (-3,-3)]
Turtle 4 :[(-4,-4), (4,12), (3,12), (3,11), (2,11), (2,10), (2,9), (-4,-4), (-4,-4)]
Turtle 5 :[(-5,-5), (1,29), (0,29), (0,28), (0,27), (0,26), (0,25), (-5,-5), (-5,-5)]

Shrinking Run 77
#Info# Executed steps before collision: 9, Found collision: false
Turtle 1 :[(-1,-1), (4,36), (3,36), (2,36), (1,36), (1,35), (1,34), (-1,-1), (-1,-1), (-1,-1)]
Turtle 2 :[(-2,-2), (31,35), (31,35), (31,35), (32,35), (33,35), (33,35), (34,35), (35,35), (35,36)]
Turtle 3 :[(-3,-3), (38,35), (38,36), (37,36), (36,36), (35,36), (35,36), (34,36), (-3,-3), (-3,-3)]
Turtle 4 :[(-4,-4), (4,12), (3,12), (3,11), (2,11), (2,10), (2,9), (-4,-4), (-4,-4), (-4,-4)]
Turtle 5 :[(-5,-5), (1,29), (0,29), (0,28), (0,27), (0,26), (0,25), (-5,-5), (-5,-5), (-5,-5)]

Shrinking Run 78
#Info# Executed steps before collision: 8, Found collision: false
Turtle 1 :[(-1,-1), (4,36), (3,36), (2,36), (1,36), (1,35), (1,34), (-1,-1), (-1,-1)]
Turtle 2 :[(-2,-2), (31,35), (31,36), (32,36), (33,36), (34,36), (34,35), (35,35), (35,36)]
Turtle 3 :[(-3,-3), (38,35), (38,36), (37,36), (36,36), (35,36), (35,36), (34,36), (-3,-3)]
Turtle 4 :[(-4,-4), (4,12), (3,12), (3,11), (2,11), (2,10), (2,9), (-4,-4), (-4,-4)]
Turtle 5 :[(-5,-5), (1,29), (0,29), (0,28), (0,27), (0,26), (0,25), (-5,-5), (-5,-5)]

Shrinking Run 79
#Info# Executed steps before collision: 7, Found collision: true
Turtle 1 :[(-1,-1), (4,36), (3,36), (2,36), (1,36), (1,35), (1,34), (-1,-1), (-1,-1)]
Turtle 2 :[(-2,-2), (31,35), (32,35), (32,35), (33,35), (33,36), (34,36), (35,36), (-2,-2)]
Turtle 3 :[(-3,-3), (38,35), (38,36), (37,36), (36,36), (35,36), (35,36), (35,36), (34,36)]
Turtle 4 :[(-4,-4), (4,12), (3,12), (3,11), (2,11), (2,10), (2,9), (-4,-4), (-4,-4)]
Turtle 5 :[(-5,-5), (1,29), (0,29), (0,28), (0,27), (0,26), (0,25), (-5,-5), (-5,-5)]

Shrinking Run 80
#Info# Executed steps before collision: 8, Found collision: true
Turtle 1 :[(-1,-1), (4,36), (3,36), (2,36), (1,36), (1,35), (1,34), (-1,-1), (-1,-1), (-1,-1)]
Turtle 2 :[(-2,-2), (31,35), (32,35), (33,35), (33,36), (33,36), (34,36), (34,37), (34,36), (35,36)]
Turtle 3 :[(-3,-3), (38,35), (38,36), (37,36), (36,36), (35,36), (35,36), (35,36), (34,36), (-3,-3)]
Turtle 4 :[(-4,-4), (4,12), (3,12), (3,11), (2,11), (2,10), (2,9), (-4,-4), (-4,-4), (-4,-4)]
Turtle 5 :[(-5,-5), (1,29), (0,29), (0,28), (0,27), (0,26), (0,25), (-5,-5), (-5,-5), (-5,-5)]

Shrinking Run 81
#Info# Executed steps before collision: 9, Found collision: false
Turtle 1 :[(-1,-1), (4,36), (3,36), (2,36), (1,36), (1,35), (1,34), (-1,-1), (-1,-1), (-1,-1)]
Turtle 2 :[(-2,-2), (31,35), (32,35), (33,35), (34,35), (34,35), (34,36), (35,36), (-2,-2), (-2,-2)]
Turtle 3 :[(-3,-3), (38,35), (38,36), (37,36), (36,36), (35,36), (35,36), (36,36), (35,36), (34,36)]
Turtle 4 :[(-4,-4), (4,12), (3,12), (3,11), (2,11), (2,10), (2,9), (-4,-4), (-4,-4), (-4,-4)]
Turtle 5 :[(-5,-5), (1,29), (0,29), (0,28), (0,27), (0,26), (0,25), (-5,-5), (-5,-5), (-5,-5)]

Shrinking Run 82
#Info# Executed steps before collision: 9, Found collision: false
Turtle 1 :[(-1,-1), (4,36), (3,36), (2,36), (1,36), (1,35), (1,34), (-1,-1), (-1,-1), (-1,-1)]
Turtle 2 :[(-2,-2), (31,35), (32,35), (33,35), (33,36), (34,36), (34,36), (35,36), (-2,-2), (-2,-2)]
Turtle 3 :[(-3,-3), (38,35), (38,36), (37,36), (36,36), (35,36), (35,36), (36,36), (35,36), (34,36)]
Turtle 4 :[(-4,-4), (4,12), (3,12), (3,11), (2,11), (2,10), (2,9), (-4,-4), (-4,-4), (-4,-4)]
Turtle 5 :[(-5,-5), (1,29), (0,29), (0,28), (0,27), (0,26), (0,25), (-5,-5), (-5,-5), (-5,-5)]

Shrinking Run 83
#Info# Executed steps before collision: 10, Found collision: false
Turtle 1 :[(-1,-1), (4,36), (3,36), (2,36), (1,36), (1,35), (1,34), (-1,-1), (-1,-1), (-1,-1), (-1,-1)]
Turtle 2 :[(-2,-2), (31,35), (32,35), (33,35), (33,36), (33,36), (34,36), (35,36), (-2,-2), (-2,-2), (-2,-2)]
Turtle 3 :[(-3,-3), (38,35), (38,34), (38,34), (38,34), (37,34), (37,34), (36,34), (35,34), (35,34), (35,33)]
Turtle 4 :[(-4,-4), (4,12), (3,12), (3,11), (2,11), (2,10), (2,9), (-4,-4), (-4,-4), (-4,-4), (-4,-4)]
Turtle 5 :[(-5,-5), (1,29), (0,29), (0,28), (0,27), (0,26), (0,25), (-5,-5), (-5,-5), (-5,-5), (-5,-5)]

Shrinking Run 84
#Info# Executed steps before collision: 10, Found collision: false
Turtle 1 :[(-1,-1), (4,36), (3,36), (2,36), (1,36), (1,35), (1,34), (-1,-1), (-1,-1), (-1,-1), (-1,-1)]
Turtle 2 :[(-2,-2), (31,35), (32,35), (33,35), (33,36), (33,36), (34,36), (35,36), (-2,-2), (-2,-2), (-2,-2)]
Turtle 3 :[(-3,-3), (38,35), (38,34), (38,34), (38,34), (37,34), (37,34), (36,34), (35,34), (35,34), (34,34)]
Turtle 4 :[(-4,-4), (4,12), (3,12), (3,11), (2,11), (2,10), (2,9), (-4,-4), (-4,-4), (-4,-4), (-4,-4)]
Turtle 5 :[(-5,-5), (1,29), (0,29), (0,28), (0,27), (0,26), (0,25), (-5,-5), (-5,-5), (-5,-5), (-5,-5)]

Shrinking Run 85
#Info# Executed steps before collision: 10, Found collision: false
Turtle 1 :[(-1,-1), (4,36), (3,36), (2,36), (1,36), (1,35), (1,34), (-1,-1), (-1,-1), (-1,-1), (-1,-1)]
Turtle 2 :[(-2,-2), (31,35), (32,35), (33,35), (33,36), (33,36), (34,36), (35,36), (-2,-2), (-2,-2), (-2,-2)]
Turtle 3 :[(-3,-3), (38,35), (37,35), (37,35), (37,35), (36,35), (36,35), (35,35), (34,35), (34,35), (33,35)]
Turtle 4 :[(-4,-4), (4,12), (3,12), (3,11), (2,11), (2,10), (2,9), (-4,-4), (-4,-4), (-4,-4), (-4,-4)]
Turtle 5 :[(-5,-5), (1,29), (0,29), (0,28), (0,27), (0,26), (0,25), (-5,-5), (-5,-5), (-5,-5), (-5,-5)]

Shrinking Run 86
#Info# Executed steps before collision: 10, Found collision: false
Turtle 1 :[(-1,-1), (4,36), (3,36), (2,36), (1,36), (1,35), (1,34), (-1,-1), (-1,-1), (-1,-1), (-1,-1)]
Turtle 2 :[(-2,-2), (31,35), (32,35), (33,35), (33,36), (33,36), (34,36), (35,36), (-2,-2), (-2,-2), (-2,-2)]
Turtle 3 :[(-3,-3), (38,35), (37,35), (37,35), (37,35), (36,35), (36,35), (35,35), (34,35), (34,35), (34,36)]
Turtle 4 :[(-4,-4), (4,12), (3,12), (3,11), (2,11), (2,10), (2,9), (-4,-4), (-4,-4), (-4,-4), (-4,-4)]
Turtle 5 :[(-5,-5), (1,29), (0,29), (0,28), (0,27), (0,26), (0,25), (-5,-5), (-5,-5), (-5,-5), (-5,-5)]

Shrinking Run 87
#Info# Executed steps before collision: 8, Found collision: false
Turtle 1 :[(-1,-1), (4,36), (3,36), (2,36), (1,36), (1,35), (1,34), (-1,-1), (-1,-1)]
Turtle 2 :[(-2,-2), (31,35), (32,35), (33,35), (33,36), (33,36), (34,36), (35,36), (-2,-2)]
Turtle 3 :[(-3,-3), (38,35), (38,36), (37,36), (36,36), (35,36), (35,35), (34,35), (34,36)]
Turtle 4 :[(-4,-4), (4,12), (3,12), (3,11), (2,11), (2,10), (2,9), (-4,-4), (-4,-4)]
Turtle 5 :[(-5,-5), (1,29), (0,29), (0,28), (0,27), (0,26), (0,25), (-5,-5), (-5,-5)]

Shrinking Run 88
#Info# Executed steps before collision: 9, Found collision: false
Turtle 1 :[(-1,-1), (4,36), (3,36), (2,36), (1,36), (1,35), (1,34), (-1,-1), (-1,-1), (-1,-1)]
Turtle 2 :[(-2,-2), (31,35), (32,35), (33,35), (33,36), (33,36), (34,36), (33,36), (34,36), (35,36)]
Turtle 3 :[(-3,-3), (38,35), (38,36), (37,36), (36,36), (35,36), (35,36), (35,35), (34,35), (34,36)]
Turtle 4 :[(-4,-4), (4,12), (3,12), (3,11), (2,11), (1,11), (1,10), (-4,-4), (-4,-4), (-4,-4)]
Turtle 5 :[(-5,-5), (1,29), (0,29), (0,28), (0,27), (0,26), (0,25), (-5,-5), (-5,-5), (-5,-5)]

Shrinking Run 89
#Info# Executed steps before collision: 9, Found collision: true
Turtle 1 :[(-1,-1), (4,36), (3,36), (2,36), (1,36), (1,35), (1,34), (-1,-1), (-1,-1), (-1,-1), (-1,-1)]
Turtle 2 :[(-2,-2), (31,35), (32,35), (33,35), (33,36), (33,36), (34,36), (34,37), (34,36), (34,36), (35,36)]
Turtle 3 :[(-3,-3), (38,35), (38,36), (37,36), (36,36), (35,36), (35,36), (36,36), (35,36), (34,36), (-3,-3)]
Turtle 4 :[(-4,-4), (4,12), (3,12), (3,11), (2,11), (2,10), (1,10), (-4,-4), (-4,-4), (-4,-4), (-4,-4)]
Turtle 5 :[(-5,-5), (1,29), (0,29), (0,28), (0,27), (0,26), (0,25), (-5,-5), (-5,-5), (-5,-5), (-5,-5)]

Shrinking Run 90
#Info# Executed steps before collision: 9, Found collision: true
Turtle 1 :[(-1,-1), (4,36), (3,36), (2,36), (1,36), (1,35), (1,34), (-1,-1), (-1,-1), (-1,-1), (-1,-1)]
Turtle 2 :[(-2,-2), (31,35), (32,35), (33,35), (33,36), (33,36), (34,36), (33,36), (34,36), (35,36), (-2,-2)]
Turtle 3 :[(-3,-3), (38,35), (38,36), (37,36), (36,36), (35,36), (35,36), (35,36), (36,36), (35,36), (34,36)]
Turtle 4 :[(-4,-4), (4,12), (4,11), (4,10), (3,10), (3,9), (3,8), (-4,-4), (-4,-4), (-4,-4), (-4,-4)]
Turtle 5 :[(-5,-5), (1,29), (0,29), (0,28), (0,27), (0,26), (0,25), (-5,-5), (-5,-5), (-5,-5), (-5,-5)]

Shrinking Run 91
#Info# Executed steps before collision: 8, Found collision: true
Turtle 1 :[(-1,-1), (4,36), (3,36), (2,36), (1,36), (1,35), (1,34), (-1,-1), (-1,-1), (-1,-1)]
Turtle 2 :[(-2,-2), (31,35), (32,35), (33,35), (33,36), (33,36), (34,36), (33,36), (34,36), (35,36)]
Turtle 3 :[(-3,-3), (38,35), (38,36), (37,36), (36,36), (35,36), (35,36), (35,36), (34,36), (-3,-3)]
Turtle 4 :[(-4,-4), (4,12), (3,12), (2,12), (1,12), (1,11), (1,10), (-4,-4), (-4,-4), (-4,-4)]
Turtle 5 :[(-5,-5), (1,29), (0,29), (0,28), (0,27), (0,26), (0,25), (-5,-5), (-5,-5), (-5,-5)]

Shrinking Run 92
#Info# Executed steps before collision: 8, Found collision: true
Turtle 1 :[(-1,-1), (4,36), (3,36), (2,36), (1,36), (1,35), (1,34), (-1,-1), (-1,-1), (-1,-1)]
Turtle 2 :[(-2,-2), (31,35), (32,35), (33,35), (33,36), (33,36), (34,36), (33,36), (34,36), (35,36)]
Turtle 3 :[(-3,-3), (38,35), (38,36), (37,36), (36,36), (35,36), (35,36), (35,36), (34,36), (-3,-3)]
Turtle 4 :[(-4,-4), (4,12), (3,12), (2,12), (1,12), (0,12), (0,11), (-4,-4), (-4,-4), (-4,-4)]
Turtle 5 :[(-5,-5), (1,29), (0,29), (0,28), (0,27), (0,26), (0,25), (-5,-5), (-5,-5), (-5,-5)]

Shrinking Run 93
#Info# Executed steps before collision: 11, Found collision: false
Turtle 1 :[(-1,-1), (4,36), (3,36), (2,36), (1,36), (0,36), (0,35), (-1,-1), (-1,-1), (-1,-1), (-1,-1), (-1,-1)]
Turtle 2 :[(-2,-2), (31,35), (32,35), (33,35), (33,36), (33,36), (34,36), (33,36), (34,36), (35,36), (-2,-2), (-2,-2)]
Turtle 3 :[(-3,-3), (38,35), (38,36), (37,36), (36,36), (35,36), (35,36), (36,36), (35,36), (35,35), (34,35), (34,36)]
Turtle 4 :[(-4,-4), (4,12), (3,12), (2,12), (1,12), (0,12), (0,11), (-4,-4), (-4,-4), (-4,-4), (-4,-4), (-4,-4)]
Turtle 5 :[(-5,-5), (1,29), (0,29), (0,28), (0,27), (0,26), (0,25), (-5,-5), (-5,-5), (-5,-5), (-5,-5), (-5,-5)]

Shrinking Run 94
#Info# Executed steps before collision: 11, Found collision: false
Turtle 1 :[(-1,-1), (4,36), (3,36), (2,36), (2,35), (1,35), (0,35), (-1,-1), (-1,-1), (-1,-1), (-1,-1), (-1,-1)]
Turtle 2 :[(-2,-2), (31,35), (32,35), (33,35), (33,36), (33,36), (34,36), (34,36), (35,36), (-2,-2), (-2,-2), (-2,-2)]
Turtle 3 :[(-3,-3), (38,35), (38,36), (37,36), (36,36), (35,36), (35,36), (35,35), (34,35), (34,34), (34,35), (34,36)]
Turtle 4 :[(-4,-4), (4,12), (3,12), (2,12), (1,12), (0,12), (0,11), (-4,-4), (-4,-4), (-4,-4), (-4,-4), (-4,-4)]
Turtle 5 :[(-5,-5), (1,29), (0,29), (0,28), (0,27), (0,26), (0,25), (-5,-5), (-5,-5), (-5,-5), (-5,-5), (-5,-5)]

Shrinking Run 95
#Info# Executed steps before collision: 7, Found collision: false
Turtle 1 :[(-1,-1), (4,36), (3,36), (2,36), (1,36), (1,35), (1,34), (-1,-1)]
Turtle 2 :[(-2,-2), (31,35), (31,35), (31,35), (31,36), (32,36), (-2,-2), (-2,-2)]
Turtle 3 :[(-3,-3), (38,35), (38,36), (37,36), (36,36), (35,36), (35,36), (34,36)]
Turtle 4 :[(-4,-4), (4,12), (3,12), (2,12), (1,12), (0,12), (0,11), (-4,-4)]
Turtle 5 :[(-5,-5), (1,29), (0,29), (0,28), (0,27), (0,26), (0,25), (-5,-5)]

Shrinking Run 96
#Info# Executed steps before collision: 10, Found collision: false
Turtle 1 :[(-1,-1), (4,36), (3,36), (2,36), (1,36), (1,35), (1,34), (-1,-1), (-1,-1), (-1,-1), (-1,-1)]
Turtle 2 :[(-2,-2), (31,35), (31,35), (31,35), (32,35), (33,35), (33,35), (34,35), (33,35), (34,35), (34,36)]
Turtle 3 :[(-3,-3), (38,35), (38,36), (37,36), (36,36), (35,36), (35,36), (34,36), (-3,-3), (-3,-3), (-3,-3)]
Turtle 4 :[(-4,-4), (4,12), (3,12), (2,12), (1,12), (0,12), (0,11), (-4,-4), (-4,-4), (-4,-4), (-4,-4)]
Turtle 5 :[(-5,-5), (1,29), (0,29), (0,28), (0,27), (0,26), (0,25), (-5,-5), (-5,-5), (-5,-5), (-5,-5)]

Shrinking Run 97
#Info# Executed steps before collision: 9, Found collision: false
Turtle 1 :[(-1,-1), (4,36), (3,36), (2,36), (1,36), (1,35), (1,34), (-1,-1), (-1,-1), (-1,-1)]
Turtle 2 :[(-2,-2), (31,35), (31,35), (31,35), (32,35), (32,34), (32,34), (33,34), (34,34), (35,34)]
Turtle 3 :[(-3,-3), (38,35), (38,36), (37,36), (36,36), (35,36), (35,36), (34,36), (-3,-3), (-3,-3)]
Turtle 4 :[(-4,-4), (4,12), (3,12), (2,12), (1,12), (0,12), (0,11), (-4,-4), (-4,-4), (-4,-4)]
Turtle 5 :[(-5,-5), (1,29), (0,29), (0,28), (0,27), (0,26), (0,25), (-5,-5), (-5,-5), (-5,-5)]

Shrinking Run 98
#Info# Executed steps before collision: 8, Found collision: false
Turtle 1 :[(-1,-1), (4,36), (3,36), (2,36), (1,36), (1,35), (1,34), (-1,-1), (-1,-1)]
Turtle 2 :[(-2,-2), (31,35), (31,35), (31,35), (32,35), (33,35), (33,35), (34,35), (35,35)]
Turtle 3 :[(-3,-3), (38,35), (38,36), (37,36), (36,36), (35,36), (35,36), (34,36), (-3,-3)]
Turtle 4 :[(-4,-4), (4,12), (3,12), (2,12), (1,12), (0,12), (0,11), (-4,-4), (-4,-4)]
Turtle 5 :[(-5,-5), (1,29), (0,29), (0,28), (0,27), (0,26), (0,25), (-5,-5), (-5,-5)]

Shrinking Run 99
#Info# Executed steps before collision: 9, Found collision: false
Turtle 1 :[(-1,-1), (4,36), (3,36), (2,36), (1,36), (1,35), (1,34), (-1,-1), (-1,-1), (-1,-1)]
Turtle 2 :[(-2,-2), (31,35), (31,35), (31,35), (32,35), (33,35), (33,35), (34,35), (35,35), (35,36)]
Turtle 3 :[(-3,-3), (38,35), (38,36), (37,36), (36,36), (35,36), (35,36), (34,36), (-3,-3), (-3,-3)]
Turtle 4 :[(-4,-4), (4,12), (3,12), (2,12), (1,12), (0,12), (0,11), (-4,-4), (-4,-4), (-4,-4)]
Turtle 5 :[(-5,-5), (1,29), (0,29), (0,28), (0,27), (0,26), (0,25), (-5,-5), (-5,-5), (-5,-5)]

Shrinking Run 100
#Info# Executed steps before collision: 8, Found collision: true
Turtle 1 :[(-1,-1), (4,36), (3,36), (2,36), (1,36), (1,35), (1,34), (-1,-1), (-1,-1), (-1,-1), (-1,-1), (-1,-1)]
Turtle 2 :[(-2,-2), (31,35), (31,36), (32,36), (33,36), (34,36), (34,37), (34,36), (35,36), (-2,-2), (-2,-2), (-2,-2)]
Turtle 3 :[(-3,-3), (38,35), (38,36), (37,36), (36,36), (35,36), (35,36), (35,37), (35,36), (35,37), (35,36), (34,36)]
Turtle 4 :[(-4,-4), (4,12), (3,12), (2,12), (1,12), (0,12), (0,11), (-4,-4), (-4,-4), (-4,-4), (-4,-4), (-4,-4)]
Turtle 5 :[(-5,-5), (1,29), (0,29), (0,28), (0,27), (0,26), (0,25), (-5,-5), (-5,-5), (-5,-5), (-5,-5), (-5,-5)]

Shrinking Run 101
#Info# Executed steps before collision: 8, Found collision: true
Turtle 1 :[(-1,-1), (4,36), (3,36), (2,36), (1,36), (1,35), (1,34), (-1,-1), (-1,-1), (-1,-1)]
Turtle 2 :[(-2,-2), (31,35), (32,35), (32,36), (33,36), (34,36), (34,36), (34,36), (34,36), (35,36)]
Turtle 3 :[(-3,-3), (38,35), (38,36), (37,36), (36,36), (35,36), (35,36), (35,36), (34,36), (-3,-3)]
Turtle 4 :[(-4,-4), (4,12), (3,12), (2,12), (1,12), (0,12), (0,11), (-4,-4), (-4,-4), (-4,-4)]
Turtle 5 :[(-5,-5), (1,29), (0,29), (0,28), (0,27), (0,26), (0,25), (-5,-5), (-5,-5), (-5,-5)]

Shrinking Run 102
#Info# Executed steps before collision: 8, Found collision: true
Turtle 1 :[(-1,-1), (4,36), (3,36), (2,36), (1,36), (1,35), (1,34), (-1,-1), (-1,-1), (-1,-1)]
Turtle 2 :[(-2,-2), (31,35), (32,35), (33,35), (34,35), (34,36), (34,36), (34,36), (35,36), (-2,-2)]
Turtle 3 :[(-3,-3), (38,35), (38,36), (37,36), (36,36), (35,36), (35,36), (35,37), (35,36), (34,36)]
Turtle 4 :[(-4,-4), (4,12), (3,12), (2,12), (1,12), (0,12), (0,11), (-4,-4), (-4,-4), (-4,-4)]
Turtle 5 :[(-5,-5), (1,29), (0,29), (0,28), (0,27), (0,26), (0,25), (-5,-5), (-5,-5), (-5,-5)]

Shrinking Run 103
#Info# Executed steps before collision: 10, Found collision: false
Turtle 1 :[(-1,-1), (4,36), (3,36), (2,36), (1,36), (1,35), (1,34), (-1,-1), (-1,-1), (-1,-1), (-1,-1)]
Turtle 2 :[(-2,-2), (31,35), (32,35), (33,35), (34,35), (34,36), (35,36), (-2,-2), (-2,-2), (-2,-2), (-2,-2)]
Turtle 3 :[(-3,-3), (38,35), (38,34), (38,34), (38,34), (37,34), (37,34), (36,34), (35,34), (35,34), (35,33)]
Turtle 4 :[(-4,-4), (4,12), (3,12), (2,12), (1,12), (0,12), (0,11), (-4,-4), (-4,-4), (-4,-4), (-4,-4)]
Turtle 5 :[(-5,-5), (1,29), (0,29), (0,28), (0,27), (0,26), (0,25), (-5,-5), (-5,-5), (-5,-5), (-5,-5)]

Shrinking Run 104
#Info# Executed steps before collision: 10, Found collision: false
Turtle 1 :[(-1,-1), (4,36), (3,36), (2,36), (1,36), (1,35), (1,34), (-1,-1), (-1,-1), (-1,-1), (-1,-1)]
Turtle 2 :[(-2,-2), (31,35), (32,35), (33,35), (34,35), (34,36), (35,36), (-2,-2), (-2,-2), (-2,-2), (-2,-2)]
Turtle 3 :[(-3,-3), (38,35), (38,34), (38,34), (38,34), (37,34), (37,34), (36,34), (35,34), (35,34), (34,34)]
Turtle 4 :[(-4,-4), (4,12), (3,12), (2,12), (1,12), (0,12), (0,11), (-4,-4), (-4,-4), (-4,-4), (-4,-4)]
Turtle 5 :[(-5,-5), (1,29), (0,29), (0,28), (0,27), (0,26), (0,25), (-5,-5), (-5,-5), (-5,-5), (-5,-5)]

Shrinking Run 105
#Info# Executed steps before collision: 10, Found collision: false
Turtle 1 :[(-1,-1), (4,36), (3,36), (2,36), (1,36), (1,35), (1,34), (-1,-1), (-1,-1), (-1,-1), (-1,-1)]
Turtle 2 :[(-2,-2), (31,35), (32,35), (33,35), (34,35), (34,36), (35,36), (-2,-2), (-2,-2), (-2,-2), (-2,-2)]
Turtle 3 :[(-3,-3), (38,35), (37,35), (37,35), (37,35), (36,35), (36,35), (35,35), (34,35), (34,35), (33,35)]
Turtle 4 :[(-4,-4), (4,12), (3,12), (2,12), (1,12), (0,12), (0,11), (-4,-4), (-4,-4), (-4,-4), (-4,-4)]
Turtle 5 :[(-5,-5), (1,29), (0,29), (0,28), (0,27), (0,26), (0,25), (-5,-5), (-5,-5), (-5,-5), (-5,-5)]

Shrinking Run 106
#Info# Executed steps before collision: 10, Found collision: false
Turtle 1 :[(-1,-1), (4,36), (3,36), (2,36), (1,36), (1,35), (1,34), (-1,-1), (-1,-1), (-1,-1), (-1,-1)]
Turtle 2 :[(-2,-2), (31,35), (32,35), (33,35), (34,35), (34,36), (35,36), (-2,-2), (-2,-2), (-2,-2), (-2,-2)]
Turtle 3 :[(-3,-3), (38,35), (37,35), (37,35), (37,35), (36,35), (36,35), (35,35), (34,35), (34,35), (34,36)]
Turtle 4 :[(-4,-4), (4,12), (3,12), (2,12), (1,12), (0,12), (0,11), (-4,-4), (-4,-4), (-4,-4), (-4,-4)]
Turtle 5 :[(-5,-5), (1,29), (0,29), (0,28), (0,27), (0,26), (0,25), (-5,-5), (-5,-5), (-5,-5), (-5,-5)]

Shrinking Run 107
#Info# Executed steps before collision: 10, Found collision: false
Turtle 1 :[(-1,-1), (4,36), (3,36), (2,36), (1,36), (1,35), (1,34), (-1,-1), (-1,-1), (-1,-1), (-1,-1)]
Turtle 2 :[(-2,-2), (31,35), (32,35), (33,35), (34,35), (34,36), (35,36), (-2,-2), (-2,-2), (-2,-2), (-2,-2)]
Turtle 3 :[(-3,-3), (38,35), (38,36), (37,36), (36,36), (37,36), (36,36), (36,35), (36,36), (35,36), (34,36)]
Turtle 4 :[(-4,-4), (4,12), (3,12), (2,12), (1,12), (0,12), (0,11), (-4,-4), (-4,-4), (-4,-4), (-4,-4)]
Turtle 5 :[(-5,-5), (1,29), (0,29), (0,28), (0,27), (0,26), (0,25), (-5,-5), (-5,-5), (-5,-5), (-5,-5)]

Shrinking Run 108
#Info# Executed steps before collision: 8, Found collision: true
Turtle 1 :[(-1,-1), (4,36), (3,36), (2,36), (1,36), (1,35), (1,34), (-1,-1), (-1,-1), (-1,-1)]
Turtle 2 :[(-2,-2), (31,35), (32,35), (33,35), (34,35), (34,36), (33,36), (34,36), (35,36), (-2,-2)]
Turtle 3 :[(-3,-3), (38,35), (38,36), (37,36), (36,36), (35,36), (35,36), (35,37), (35,36), (34,36)]
Turtle 4 :[(-4,-4), (4,12), (3,12), (3,11), (2,11), (1,11), (1,10), (-4,-4), (-4,-4), (-4,-4)]
Turtle 5 :[(-5,-5), (1,29), (0,29), (0,28), (0,27), (0,26), (0,25), (-5,-5), (-5,-5), (-5,-5)]

Shrinking Run 109
#Info# Executed steps before collision: 8, Found collision: false
Turtle 1 :[(-1,-1), (4,36), (3,36), (2,36), (1,36), (1,35), (1,34), (-1,-1), (-1,-1)]
Turtle 2 :[(-2,-2), (31,35), (32,35), (33,35), (34,35), (34,36), (35,36), (-2,-2), (-2,-2)]
Turtle 3 :[(-3,-3), (38,35), (38,36), (37,36), (36,36), (36,37), (35,37), (34,37), (34,36)]
Turtle 4 :[(-4,-4), (4,12), (4,11), (4,10), (3,10), (3,9), (3,8), (-4,-4), (-4,-4)]
Turtle 5 :[(-5,-5), (1,29), (0,29), (0,28), (0,27), (0,26), (0,25), (-5,-5), (-5,-5)]

Shrinking Run 110
#Info# Executed steps before collision: 6, Found collision: false
Turtle 1 :[(-1,-1), (4,36), (3,36), (2,36), (1,36), (1,35), (1,34)]
Turtle 2 :[(-2,-2), (31,35), (32,35), (33,35), (34,35), (34,36), (35,36)]
Turtle 3 :[(-3,-3), (38,35), (38,36), (37,36), (36,36), (35,36), (34,36)]
Turtle 4 :[(-4,-4), (4,12), (3,12), (3,11), (2,11), (2,10), (1,10)]
Turtle 5 :[(-5,-5), (1,29), (0,29), (0,28), (0,27), (0,26), (0,25)]

Shrinking Run 111
#Info# Executed steps before collision: 8, Found collision: true
Turtle 1 :[(-1,-1), (4,36), (3,36), (2,36), (1,36), (1,35), (1,34), (-1,-1), (-1,-1), (-1,-1), (-1,-1), (-1,-1)]
Turtle 2 :[(-2,-2), (31,35), (32,35), (33,35), (34,35), (34,36), (34,37), (34,36), (35,36), (-2,-2), (-2,-2), (-2,-2)]
Turtle 3 :[(-3,-3), (38,35), (38,36), (37,36), (36,36), (35,36), (35,36), (35,35), (35,36), (36,36), (35,36), (34,36)]
Turtle 4 :[(-4,-4), (4,12), (3,12), (2,12), (1,12), (1,11), (1,10), (-4,-4), (-4,-4), (-4,-4), (-4,-4), (-4,-4)]
Turtle 5 :[(-5,-5), (1,29), (0,29), (0,28), (0,27), (0,26), (0,25), (-5,-5), (-5,-5), (-5,-5), (-5,-5), (-5,-5)]

Shrinking Run 112
#Info# Executed steps before collision: 8, Found collision: false
Turtle 1 :[(-1,-1), (4,36), (3,36), (2,36), (1,36), (0,36), (0,35), (-1,-1), (-1,-1)]
Turtle 2 :[(-2,-2), (31,35), (32,35), (33,35), (34,35), (34,36), (35,36), (-2,-2), (-2,-2)]
Turtle 3 :[(-3,-3), (38,35), (38,36), (37,36), (36,36), (35,36), (35,37), (34,37), (34,36)]
Turtle 4 :[(-4,-4), (4,12), (3,12), (2,12), (1,12), (0,12), (0,11), (-4,-4), (-4,-4)]
Turtle 5 :[(-5,-5), (1,29), (0,29), (0,28), (0,27), (0,26), (0,25), (-5,-5), (-5,-5)]

Shrinking Run 113
#Info# Executed steps before collision: 7, Found collision: true
Turtle 1 :[(-1,-1), (4,36), (3,36), (2,36), (2,35), (1,35), (0,35), (-1,-1), (-1,-1)]
Turtle 2 :[(-2,-2), (31,35), (32,35), (33,35), (34,35), (34,36), (33,36), (34,36), (35,36)]
Turtle 3 :[(-3,-3), (38,35), (38,36), (37,36), (36,36), (35,36), (35,36), (34,36), (-3,-3)]
Turtle 4 :[(-4,-4), (4,12), (3,12), (2,12), (1,12), (0,12), (0,11), (-4,-4), (-4,-4)]
Turtle 5 :[(-5,-5), (1,29), (0,29), (0,28), (0,27), (0,26), (0,25), (-5,-5), (-5,-5)]

Shrinking Run 114
#Info# Executed steps before collision: 10, Found collision: false
Turtle 1 :[(-1,-1), (4,36), (3,36), (2,36), (1,36), (1,35), (0,35), (-1,-1), (-1,-1), (-1,-1), (-1,-1)]
Turtle 2 :[(-2,-2), (31,35), (32,35), (33,35), (34,35), (34,36), (35,36), (-2,-2), (-2,-2), (-2,-2), (-2,-2)]
Turtle 3 :[(-3,-3), (38,35), (38,36), (37,36), (36,36), (35,36), (35,35), (36,35), (36,36), (35,36), (34,36)]
Turtle 4 :[(-4,-4), (4,12), (3,12), (2,12), (1,12), (0,12), (0,11), (-4,-4), (-4,-4), (-4,-4), (-4,-4)]
Turtle 5 :[(-5,-5), (1,29), (0,29), (0,28), (0,27), (0,26), (0,25), (-5,-5), (-5,-5), (-5,-5), (-5,-5)]

Shrinking Run 115
#Info# Executed steps before collision: 7, Found collision: false
Turtle 1 :[(-1,-1), (4,36), (3,36), (2,36), (2,35), (1,35), (0,35), (-1,-1)]
Turtle 2 :[(-2,-2), (31,35), (31,35), (31,35), (31,36), (32,36), (-2,-2), (-2,-2)]
Turtle 3 :[(-3,-3), (38,35), (38,36), (37,36), (36,36), (35,36), (35,36), (34,36)]
Turtle 4 :[(-4,-4), (4,12), (3,12), (2,12), (1,12), (0,12), (0,11), (-4,-4)]
Turtle 5 :[(-5,-5), (1,29), (0,29), (0,28), (0,27), (0,26), (0,25), (-5,-5)]

Shrinking Run 116
#Info# Executed steps before collision: 9, Found collision: false
Turtle 1 :[(-1,-1), (4,36), (3,36), (2,36), (2,35), (1,35), (0,35), (-1,-1), (-1,-1), (-1,-1)]
Turtle 2 :[(-2,-2), (31,35), (31,35), (31,35), (32,35), (33,35), (33,35), (34,35), (34,35), (34,36)]
Turtle 3 :[(-3,-3), (38,35), (38,36), (37,36), (36,36), (35,36), (35,36), (34,36), (-3,-3), (-3,-3)]
Turtle 4 :[(-4,-4), (4,12), (3,12), (2,12), (1,12), (0,12), (0,11), (-4,-4), (-4,-4), (-4,-4)]
Turtle 5 :[(-5,-5), (1,29), (0,29), (0,28), (0,27), (0,26), (0,25), (-5,-5), (-5,-5), (-5,-5)]

Shrinking Run 117
#Info# Executed steps before collision: 9, Found collision: false
Turtle 1 :[(-1,-1), (4,36), (3,36), (2,36), (2,35), (1,35), (0,35), (-1,-1), (-1,-1), (-1,-1)]
Turtle 2 :[(-2,-2), (31,35), (31,35), (31,35), (32,35), (32,34), (32,34), (33,34), (34,34), (35,34)]
Turtle 3 :[(-3,-3), (38,35), (38,36), (37,36), (36,36), (35,36), (35,36), (34,36), (-3,-3), (-3,-3)]
Turtle 4 :[(-4,-4), (4,12), (3,12), (2,12), (1,12), (0,12), (0,11), (-4,-4), (-4,-4), (-4,-4)]
Turtle 5 :[(-5,-5), (1,29), (0,29), (0,28), (0,27), (0,26), (0,25), (-5,-5), (-5,-5), (-5,-5)]

Shrinking Run 118
#Info# Executed steps before collision: 8, Found collision: false
Turtle 1 :[(-1,-1), (4,36), (3,36), (2,36), (2,35), (1,35), (0,35), (-1,-1), (-1,-1)]
Turtle 2 :[(-2,-2), (31,35), (31,35), (31,35), (32,35), (33,35), (33,35), (34,35), (35,35)]
Turtle 3 :[(-3,-3), (38,35), (38,36), (37,36), (36,36), (35,36), (35,36), (34,36), (-3,-3)]
Turtle 4 :[(-4,-4), (4,12), (3,12), (2,12), (1,12), (0,12), (0,11), (-4,-4), (-4,-4)]
Turtle 5 :[(-5,-5), (1,29), (0,29), (0,28), (0,27), (0,26), (0,25), (-5,-5), (-5,-5)]

Shrinking Run 119
#Info# Executed steps before collision: 9, Found collision: false
Turtle 1 :[(-1,-1), (4,36), (3,36), (2,36), (2,35), (1,35), (0,35), (-1,-1), (-1,-1), (-1,-1)]
Turtle 2 :[(-2,-2), (31,35), (31,35), (31,35), (32,35), (33,35), (33,35), (34,35), (35,35), (35,36)]
Turtle 3 :[(-3,-3), (38,35), (38,36), (37,36), (36,36), (35,36), (35,36), (34,36), (-3,-3), (-3,-3)]
Turtle 4 :[(-4,-4), (4,12), (3,12), (2,12), (1,12), (0,12), (0,11), (-4,-4), (-4,-4), (-4,-4)]
Turtle 5 :[(-5,-5), (1,29), (0,29), (0,28), (0,27), (0,26), (0,25), (-5,-5), (-5,-5), (-5,-5)]

Shrinking Run 120
#Info# Executed steps before collision: 10, Found collision: false
Turtle 1 :[(-1,-1), (4,36), (3,36), (2,36), (2,35), (1,35), (0,35), (-1,-1), (-1,-1), (-1,-1), (-1,-1)]
Turtle 2 :[(-2,-2), (31,35), (32,35), (33,35), (34,35), (34,36), (35,36), (-2,-2), (-2,-2), (-2,-2), (-2,-2)]
Turtle 3 :[(-3,-3), (38,35), (38,34), (38,34), (38,34), (37,34), (37,34), (36,34), (35,34), (35,34), (35,33)]
Turtle 4 :[(-4,-4), (4,12), (3,12), (2,12), (1,12), (0,12), (0,11), (-4,-4), (-4,-4), (-4,-4), (-4,-4)]
Turtle 5 :[(-5,-5), (1,29), (0,29), (0,28), (0,27), (0,26), (0,25), (-5,-5), (-5,-5), (-5,-5), (-5,-5)]

Shrinking Run 121
#Info# Executed steps before collision: 10, Found collision: false
Turtle 1 :[(-1,-1), (4,36), (3,36), (2,36), (2,35), (1,35), (0,35), (-1,-1), (-1,-1), (-1,-1), (-1,-1)]
Turtle 2 :[(-2,-2), (31,35), (32,35), (33,35), (34,35), (34,36), (35,36), (-2,-2), (-2,-2), (-2,-2), (-2,-2)]
Turtle 3 :[(-3,-3), (38,35), (38,34), (38,34), (38,34), (37,34), (37,34), (36,34), (35,34), (35,34), (34,34)]
Turtle 4 :[(-4,-4), (4,12), (3,12), (2,12), (1,12), (0,12), (0,11), (-4,-4), (-4,-4), (-4,-4), (-4,-4)]
Turtle 5 :[(-5,-5), (1,29), (0,29), (0,28), (0,27), (0,26), (0,25), (-5,-5), (-5,-5), (-5,-5), (-5,-5)]

Shrinking Run 122
#Info# Executed steps before collision: 10, Found collision: false
Turtle 1 :[(-1,-1), (4,36), (3,36), (2,36), (2,35), (1,35), (0,35), (-1,-1), (-1,-1), (-1,-1), (-1,-1)]
Turtle 2 :[(-2,-2), (31,35), (32,35), (33,35), (34,35), (34,36), (35,36), (-2,-2), (-2,-2), (-2,-2), (-2,-2)]
Turtle 3 :[(-3,-3), (38,35), (37,35), (37,35), (37,35), (36,35), (36,35), (35,35), (34,35), (34,35), (33,35)]
Turtle 4 :[(-4,-4), (4,12), (3,12), (2,12), (1,12), (0,12), (0,11), (-4,-4), (-4,-4), (-4,-4), (-4,-4)]
Turtle 5 :[(-5,-5), (1,29), (0,29), (0,28), (0,27), (0,26), (0,25), (-5,-5), (-5,-5), (-5,-5), (-5,-5)]

Shrinking Run 123
#Info# Executed steps before collision: 10, Found collision: false
Turtle 1 :[(-1,-1), (4,36), (3,36), (2,36), (2,35), (1,35), (0,35), (-1,-1), (-1,-1), (-1,-1), (-1,-1)]
Turtle 2 :[(-2,-2), (31,35), (32,35), (33,35), (34,35), (34,36), (35,36), (-2,-2), (-2,-2), (-2,-2), (-2,-2)]
Turtle 3 :[(-3,-3), (38,35), (37,35), (37,35), (37,35), (36,35), (36,35), (35,35), (34,35), (34,35), (34,36)]
Turtle 4 :[(-4,-4), (4,12), (3,12), (2,12), (1,12), (0,12), (0,11), (-4,-4), (-4,-4), (-4,-4), (-4,-4)]
Turtle 5 :[(-5,-5), (1,29), (0,29), (0,28), (0,27), (0,26), (0,25), (-5,-5), (-5,-5), (-5,-5), (-5,-5)]

Shrinking Run 124
#Info# Executed steps before collision: 10, Found collision: false
Turtle 1 :[(-1,-1), (4,36), (3,36), (2,36), (2,35), (1,35), (0,35), (-1,-1), (-1,-1), (-1,-1), (-1,-1)]
Turtle 2 :[(-2,-2), (31,35), (32,35), (33,35), (34,35), (34,36), (35,36), (-2,-2), (-2,-2), (-2,-2), (-2,-2)]
Turtle 3 :[(-3,-3), (38,35), (38,36), (37,36), (36,36), (37,36), (36,36), (36,37), (35,37), (34,37), (34,36)]
Turtle 4 :[(-4,-4), (4,12), (3,12), (2,12), (1,12), (0,12), (0,11), (-4,-4), (-4,-4), (-4,-4), (-4,-4)]
Turtle 5 :[(-5,-5), (1,29), (0,29), (0,28), (0,27), (0,26), (0,25), (-5,-5), (-5,-5), (-5,-5), (-5,-5)]

Shrinking Run 125
#Info# Executed steps before collision: 8, Found collision: false
Turtle 1 :[(-1,-1), (4,36), (3,36), (2,36), (2,35), (1,35), (0,35), (-1,-1), (-1,-1)]
Turtle 2 :[(-2,-2), (31,35), (32,35), (33,35), (34,35), (34,36), (34,35), (35,35), (35,36)]
Turtle 3 :[(-3,-3), (38,35), (38,36), (37,36), (36,36), (35,36), (35,36), (34,36), (-3,-3)]
Turtle 4 :[(-4,-4), (4,12), (4,11), (4,10), (3,10), (3,9), (3,8), (-4,-4), (-4,-4)]
Turtle 5 :[(-5,-5), (1,29), (0,29), (0,28), (0,27), (0,26), (0,25), (-5,-5), (-5,-5)]

Shrink Run 126
#Info# Executed steps before collision: 10, Found collision: false
Turtle 1 :[(-1,-1), (4,36), (3,36), (2,36), (2,35), (1,35), (0,35), (-1,-1), (-1,-1), (-1,-1), (-1,-1)]
Turtle 2 :[(-2,-2), (31,35), (32,35), (33,35), (34,35), (34,36), (35,36), (-2,-2), (-2,-2), (-2,-2), (-2,-2)]
Turtle 3 :[(-3,-3), (38,35), (38,36), (37,36), (36,36), (36,37), (36,36), (36,35), (35,35), (34,35), (34,36)]
Turtle 4 :[(-4,-4), (4,12), (3,12), (3,11), (2,11), (2,10), (1,10), (-4,-4), (-4,-4), (-4,-4), (-4,-4)]
Turtle 5 :[(-5,-5), (1,29), (0,29), (0,28), (0,27), (0,26), (0,25), (-5,-5), (-5,-5), (-5,-5), (-5,-5)]

