Shrinking Run 1
#Info# Executed steps before collision: 7, Found collision: false
Turtle 1 :[(-1,-1), (36,38), (36,37), (35,37), (34,37), (34,36), (33,36), (-1,-1)]
Turtle 2 :[(-2,-2), (35,1), (35,2), (35,3), (35,4), (36,4), (36,5), (-2,-2)]
Turtle 3 :[(-3,-3), (5,37), (6,37), (6,37), (7,37), (7,36), (7,35), (8,35)]
Turtle 4 :[(-4,-4), (37,39), (37,38), (37,37), (36,37), (36,36), (36,35), (-4,-4)]
Turtle 5 :[(-5,-5), (15,31), (16,31), (16,30), (16,29), (17,29), (18,29), (-5,-5)]

Shrinking Run 2
#Info# Executed steps before collision: 8, Found collision: false
Turtle 1 :[(-1,-1), (36,38), (36,37), (36,36), (37,36), (-1,-1), (-1,-1), (-1,-1), (-1,-1)]
Turtle 2 :[(-2,-2), (35,1), (35,2), (35,3), (35,4), (36,4), (36,5), (-2,-2), (-2,-2)]
Turtle 3 :[(-3,-3), (5,37), (6,37), (6,37), (7,37), (7,36), (7,35), (8,35), (-3,-3)]
Turtle 4 :[(-4,-4), (37,39), (37,38), (37,37), (36,37), (35,37), (35,36), (35,35), (36,35)]
Turtle 5 :[(-5,-5), (15,31), (16,31), (16,30), (16,29), (17,29), (18,29), (-5,-5), (-5,-5)]

Shrinking Run 3
#Info# Executed steps before collision: 8, Found collision: false
Turtle 1 :[(-1,-1), (36,38), (36,37), (37,37), (37,36), (38,36), (-1,-1), (-1,-1), (-1,-1)]
Turtle 2 :[(-2,-2), (35,1), (35,2), (35,3), (35,4), (36,4), (36,5), (-2,-2), (-2,-2)]
Turtle 3 :[(-3,-3), (5,37), (6,37), (6,37), (7,37), (7,36), (7,35), (8,35), (-3,-3)]
Turtle 4 :[(-4,-4), (37,39), (37,38), (37,39), (36,39), (36,38), (36,37), (36,36), (36,35)]
Turtle 5 :[(-5,-5), (15,31), (16,31), (16,30), (16,29), (17,29), (18,29), (-5,-5), (-5,-5)]

Shrinking Run 4
#Info# Executed steps before collision: 8, Found collision: false
Turtle 1 :[(-1,-1), (36,38), (36,37), (36,36), (37,36), (37,35), (38,35), (-1,-1), (-1,-1)]
Turtle 2 :[(-2,-2), (35,1), (35,2), (35,3), (35,4), (36,4), (36,5), (-2,-2), (-2,-2)]
Turtle 3 :[(-3,-3), (5,37), (6,37), (6,37), (7,37), (7,36), (7,35), (8,35), (-3,-3)]
Turtle 4 :[(-4,-4), (37,39), (37,38), (37,37), (37,38), (37,37), (37,36), (36,36), (36,35)]
Turtle 5 :[(-5,-5), (15,31), (16,31), (16,30), (16,29), (17,29), (18,29), (-5,-5), (-5,-5)]

Shrinking Run 5
#Info# Executed steps before collision: 8, Found collision: false
Turtle 1 :[(-1,-1), (36,38), (36,37), (36,36), (37,36), (38,36), (39,36), (-1,-1), (-1,-1)]
Turtle 2 :[(-2,-2), (35,1), (35,2), (35,3), (35,4), (36,4), (36,5), (-2,-2), (-2,-2)]
Turtle 3 :[(-3,-3), (5,37), (6,37), (6,37), (7,37), (7,36), (7,35), (8,35), (-3,-3)]
Turtle 4 :[(-4,-4), (37,39), (37,38), (37,37), (37,38), (37,37), (37,36), (37,35), (36,35)]
Turtle 5 :[(-5,-5), (15,31), (16,31), (16,30), (16,29), (17,29), (18,29), (-5,-5), (-5,-5)]

Shrinking Run 6
#Info# Executed steps before collision: 8, Found collision: false
Turtle 1 :[(-1,-1), (36,38), (37,38), (37,37), (38,37), (38,36), (39,36), (-1,-1), (-1,-1)]
Turtle 2 :[(-2,-2), (35,1), (35,2), (35,3), (35,4), (36,4), (36,5), (-2,-2), (-2,-2)]
Turtle 3 :[(-3,-3), (5,37), (6,37), (6,37), (7,37), (7,36), (7,35), (8,35), (-3,-3)]
Turtle 4 :[(-4,-4), (37,39), (38,39), (37,39), (36,39), (36,38), (36,37), (36,36), (36,35)]
Turtle 5 :[(-5,-5), (15,31), (16,31), (16,30), (16,29), (17,29), (18,29), (-5,-5), (-5,-5)]

Shrinking Run 7
#Info# Executed steps before collision: 3, Found collision: true
Turtle 1 :[(-1,-1), (36,38), (36,37), (37,37), (37,36), (38,36), (39,36), (-1,-1)]
Turtle 2 :[(-2,-2), (35,1), (35,2), (35,3), (35,4), (36,4), (36,5), (-2,-2)]
Turtle 3 :[(-3,-3), (5,37), (6,37), (6,37), (7,37), (7,36), (7,35), (8,35)]
Turtle 4 :[(-4,-4), (37,39), (37,38), (37,37), (36,37), (36,36), (36,35), (-4,-4)]
Turtle 5 :[(-5,-5), (15,31), (16,31), (16,30), (16,29), (17,29), (18,29), (-5,-5)]

Shrinking Run 8
#Info# Executed steps before collision: 7, Found collision: false
Turtle 1 :[(-1,-1), (36,38), (36,37), (37,37), (37,36), (38,36), (39,36), (-1,-1)]
Turtle 2 :[(-2,-2), (35,1), (35,2), (34,2), (34,3), (33,3), (32,3), (-2,-2)]
Turtle 3 :[(-3,-3), (5,37), (6,37), (6,37), (7,37), (7,36), (7,35), (8,35)]
Turtle 4 :[(-4,-4), (37,39), (37,38), (37,38), (36,38), (36,37), (36,36), (36,35)]
Turtle 5 :[(-5,-5), (15,31), (16,31), (16,30), (16,29), (17,29), (18,29), (-5,-5)]

Shrinking Run 9
#Info# Executed steps before collision: 3, Found collision: true
Turtle 1 :[(-1,-1), (36,38), (36,37), (37,37), (37,36), (38,36), (39,36), (-1,-1)]
Turtle 2 :[(-2,-2), (35,1), (35,2), (34,2), (34,3), (33,3), (33,4), (-2,-2)]
Turtle 3 :[(-3,-3), (5,37), (6,37), (6,37), (7,37), (7,36), (7,35), (8,35)]
Turtle 4 :[(-4,-4), (37,39), (37,38), (37,37), (36,37), (36,36), (36,35), (-4,-4)]
Turtle 5 :[(-5,-5), (15,31), (16,31), (16,30), (16,29), (17,29), (18,29), (-5,-5)]

Shrinking Run 10
#Info# Executed steps before collision: 3, Found collision: true
Turtle 1 :[(-1,-1), (36,38), (36,37), (37,37), (37,36), (38,36), (39,36), (-1,-1), (-1,-1)]
Turtle 2 :[(-2,-2), (35,1), (34,1), (33,1), (33,0), (32,0), (31,0), (-2,-2), (-2,-2)]
Turtle 3 :[(-3,-3), (5,37), (6,37), (6,37), (7,37), (7,36), (7,35), (8,35), (-3,-3)]
Turtle 4 :[(-4,-4), (37,39), (37,38), (37,37), (36,37), (36,38), (36,37), (36,36), (36,35)]
Turtle 5 :[(-5,-5), (15,31), (16,31), (16,30), (16,29), (17,29), (18,29), (-5,-5), (-5,-5)]

Shrinking Run 11
#Info# Executed steps before collision: 3, Found collision: true
Turtle 1 :[(-1,-1), (36,38), (36,37), (37,37), (37,36), (38,36), (39,36), (-1,-1)]
Turtle 2 :[(-2,-2), (35,1), (34,1), (33,1), (32,1), (31,1), (31,0), (-2,-2)]
Turtle 3 :[(-3,-3), (5,37), (6,37), (6,37), (7,37), (7,36), (7,35), (8,35)]
Turtle 4 :[(-4,-4), (37,39), (37,38), (37,37), (37,37), (36,37), (36,36), (36,35)]
Turtle 5 :[(-5,-5), (15,31), (16,31), (16,30), (16,29), (17,29), (18,29), (-5,-5)]

Shrinking Run 12
#Info# Executed steps before collision: 3, Found collision: true
Turtle 1 :[(-1,-1), (36,38), (36,37), (37,37), (37,36), (38,36), (39,36), (-1,-1)]
Turtle 2 :[(-2,-2), (35,1), (34,1), (33,1), (32,1), (31,1), (30,1), (-2,-2)]
Turtle 3 :[(-3,-3), (5,37), (6,37), (6,37), (7,37), (7,36), (7,35), (8,35)]
Turtle 4 :[(-4,-4), (37,39), (37,38), (37,37), (36,37), (36,36), (36,35), (-4,-4)]
Turtle 5 :[(-5,-5), (15,31), (16,31), (16,30), (16,29), (17,29), (18,29), (-5,-5)]

Shrinking Run 13
#Info# Executed steps before collision: 8, Found collision: false
Turtle 1 :[(-1,-1), (36,38), (36,37), (37,37), (37,36), (38,36), (39,36), (-1,-1), (-1,-1)]
Turtle 2 :[(-2,-2), (35,1), (34,1), (33,1), (32,1), (31,1), (30,1), (-2,-2), (-2,-2)]
Turtle 3 :[(-3,-3), (5,37), (4,37), (4,37), (3,37), (3,36), (3,35), (2,35), (-3,-3)]
Turtle 4 :[(-4,-4), (37,39), (37,38), (37,39), (36,39), (36,38), (36,37), (36,36), (36,35)]
Turtle 5 :[(-5,-5), (15,31), (16,31), (16,30), (16,29), (17,29), (18,29), (-5,-5), (-5,-5)]

Shrinking Run 14
#Info# Executed steps before collision: 3, Found collision: true
Turtle 1 :[(-1,-1), (36,38), (36,37), (37,37), (37,36), (38,36), (39,36), (-1,-1), (-1,-1)]
Turtle 2 :[(-2,-2), (35,1), (34,1), (33,1), (32,1), (31,1), (30,1), (-2,-2), (-2,-2)]
Turtle 3 :[(-3,-3), (5,37), (5,36), (5,36), (4,36), (4,35), (4,34), (3,34), (-3,-3)]
Turtle 4 :[(-4,-4), (37,39), (37,38), (37,37), (37,38), (36,38), (36,37), (36,36), (36,35)]
Turtle 5 :[(-5,-5), (15,31), (16,31), (16,30), (16,29), (17,29), (18,29), (-5,-5), (-5,-5)]

Shrinking Run 15
#Info# Executed steps before collision: 3, Found collision: true
Turtle 1 :[(-1,-1), (36,38), (36,37), (37,37), (37,36), (38,36), (39,36), (-1,-1)]
Turtle 2 :[(-2,-2), (35,1), (34,1), (33,1), (32,1), (31,1), (30,1), (-2,-2)]
Turtle 3 :[(-3,-3), (5,37), (4,37), (4,37), (4,36), (4,35), (4,34), (3,34)]
Turtle 4 :[(-4,-4), (37,39), (37,38), (37,37), (36,37), (36,36), (36,35), (-4,-4)]
Turtle 5 :[(-5,-5), (15,31), (16,31), (16,30), (16,29), (17,29), (18,29), (-5,-5)]

Shrinking Run 16
#Info# Executed steps before collision: 3, Found collision: true
Turtle 1 :[(-1,-1), (36,38), (36,37), (37,37), (37,36), (38,36), (39,36), (-1,-1)]
Turtle 2 :[(-2,-2), (35,1), (34,1), (33,1), (32,1), (31,1), (30,1), (-2,-2)]
Turtle 3 :[(-3,-3), (5,37), (4,37), (4,37), (4,36), (3,36), (3,35), (2,35)]
Turtle 4 :[(-4,-4), (37,39), (37,38), (37,37), (36,37), (36,36), (36,35), (-4,-4)]
Turtle 5 :[(-5,-5), (15,31), (16,31), (16,30), (16,29), (17,29), (18,29), (-5,-5)]

Shrinking Run 17
#Info# Executed steps before collision: 3, Found collision: true
Turtle 1 :[(-1,-1), (36,38), (36,37), (37,37), (37,36), (38,36), (39,36), (-1,-1)]
Turtle 2 :[(-2,-2), (35,1), (34,1), (33,1), (32,1), (31,1), (30,1), (-2,-2)]
Turtle 3 :[(-3,-3), (5,37), (4,37), (4,37), (3,37), (2,37), (2,36), (2,35)]
Turtle 4 :[(-4,-4), (37,39), (37,38), (37,37), (37,37), (36,37), (36,36), (36,35)]
Turtle 5 :[(-5,-5), (15,31), (16,31), (16,30), (16,29), (17,29), (18,29), (-5,-5)]

Shrinking Run 18
#Info# Executed steps before collision: 3, Found collision: true
Turtle 1 :[(-1,-1), (36,38), (36,37), (37,37), (37,36), (38,36), (39,36), (-1,-1)]
Turtle 2 :[(-2,-2), (35,1), (34,1), (33,1), (32,1), (31,1), (30,1), (-2,-2)]
Turtle 3 :[(-3,-3), (5,37), (4,37), (4,37), (3,37), (2,37), (1,37), (1,36)]
Turtle 4 :[(-4,-4), (37,39), (37,38), (37,37), (36,37), (36,36), (36,35), (-4,-4)]
Turtle 5 :[(-5,-5), (15,31), (16,31), (16,30), (16,29), (17,29), (18,29), (-5,-5)]

Shrinking Run 19
#Info# Executed steps before collision: 3, Found collision: true
Turtle 1 :[(-1,-1), (36,38), (36,37), (37,37), (37,36), (38,36), (39,36), (-1,-1)]
Turtle 2 :[(-2,-2), (35,1), (34,1), (33,1), (32,1), (31,1), (30,1), (-2,-2)]
Turtle 3 :[(-3,-3), (5,37), (4,37), (4,37), (3,37), (2,37), (1,37), (0,37)]
Turtle 4 :[(-4,-4), (37,39), (37,38), (37,37), (36,37), (36,36), (36,35), (-4,-4)]
Turtle 5 :[(-5,-5), (15,31), (16,31), (16,30), (16,29), (17,29), (18,29), (-5,-5)]

Shrinking Run 20
#Info# Executed steps before collision: 7, Found collision: false
Turtle 1 :[(-1,-1), (36,38), (36,37), (37,37), (37,36), (38,36), (39,36), (-1,-1)]
Turtle 2 :[(-2,-2), (35,1), (34,1), (33,1), (32,1), (31,1), (30,1), (-2,-2)]
Turtle 3 :[(-3,-3), (5,37), (4,37), (3,37), (2,37), (1,37), (0,37), (-3,-3)]
Turtle 4 :[(-4,-4), (37,39), (37,38), (37,38), (37,37), (36,37), (36,36), (36,35)]
Turtle 5 :[(-5,-5), (15,31), (16,31), (16,30), (16,29), (17,29), (18,29), (-5,-5)]

Shrinking Run 21
#Info# Executed steps before collision: 3, Found collision: true
Turtle 1 :[(-1,-1), (36,38), (36,37), (37,37), (37,36), (38,36), (39,36), (-1,-1)]
Turtle 2 :[(-2,-2), (35,1), (34,1), (33,1), (32,1), (31,1), (30,1), (-2,-2)]
Turtle 3 :[(-3,-3), (5,37), (4,37), (3,37), (2,37), (1,37), (1,37), (0,37)]
Turtle 4 :[(-4,-4), (37,39), (37,38), (37,37), (36,37), (36,36), (36,35), (-4,-4)]
Turtle 5 :[(-5,-5), (15,31), (16,31), (16,30), (16,29), (17,29), (18,29), (-5,-5)]

Shrinking Run 22
#Info# Executed steps before collision: 7, Found collision: false
Turtle 1 :[(-1,-1), (36,38), (36,37), (37,37), (37,36), (38,36), (39,36), (-1,-1)]
Turtle 2 :[(-2,-2), (35,1), (34,1), (33,1), (32,1), (31,1), (30,1), (-2,-2)]
Turtle 3 :[(-3,-3), (5,37), (4,37), (3,37), (2,37), (1,37), (1,37), (0,37)]
Turtle 4 :[(-4,-4), (37,39), (36,39), (36,38), (35,38), (35,37), (35,36), (-4,-4)]
Turtle 5 :[(-5,-5), (15,31), (16,31), (16,30), (16,29), (17,29), (18,29), (-5,-5)]

Shrinking Run 23
#Info# Executed steps before collision: 3, Found collision: true
Turtle 1 :[(-1,-1), (36,38), (36,37), (37,37), (37,36), (38,36), (39,36), (-1,-1)]
Turtle 2 :[(-2,-2), (35,1), (34,1), (33,1), (32,1), (31,1), (30,1), (-2,-2)]
Turtle 3 :[(-3,-3), (5,37), (4,37), (3,37), (2,37), (1,37), (1,37), (0,37)]
Turtle 4 :[(-4,-4), (37,39), (37,38), (37,37), (36,37), (35,37), (35,36), (-4,-4)]
Turtle 5 :[(-5,-5), (15,31), (16,31), (16,30), (16,29), (17,29), (18,29), (-5,-5)]

Shrinking Run 24
#Info# Executed steps before collision: 7, Found collision: false
Turtle 1 :[(-1,-1), (36,38), (36,37), (37,37), (37,36), (38,36), (39,36), (-1,-1)]
Turtle 2 :[(-2,-2), (35,1), (34,1), (33,1), (32,1), (31,1), (30,1), (-2,-2)]
Turtle 3 :[(-3,-3), (5,37), (4,37), (3,37), (2,37), (1,37), (1,37), (0,37)]
Turtle 4 :[(-4,-4), (37,39), (37,38), (36,38), (35,38), (34,38), (34,37), (-4,-4)]
Turtle 5 :[(-5,-5), (15,31), (16,31), (16,30), (16,29), (17,29), (18,29), (-5,-5)]

Shrinking Run 25
#Info# Executed steps before collision: 8, Found collision: false
Turtle 1 :[(-1,-1), (36,38), (36,37), (37,37), (37,36), (38,36), (39,36), (-1,-1), (-1,-1)]
Turtle 2 :[(-2,-2), (35,1), (34,1), (33,1), (32,1), (31,1), (30,1), (-2,-2), (-2,-2)]
Turtle 3 :[(-3,-3), (5,37), (4,37), (3,37), (2,37), (1,37), (1,37), (0,37), (-3,-3)]
Turtle 4 :[(-4,-4), (37,39), (37,38), (37,39), (37,38), (36,38), (35,38), (34,38), (34,37)]
Turtle 5 :[(-5,-5), (15,31), (16,31), (16,30), (16,29), (17,29), (18,29), (-5,-5), (-5,-5)]

Shrinking Run 26
#Info# Executed steps before collision: 7, Found collision: false
Turtle 1 :[(-1,-1), (36,38), (36,37), (37,37), (37,36), (38,36), (39,36), (-1,-1)]
Turtle 2 :[(-2,-2), (35,1), (34,1), (33,1), (32,1), (31,1), (30,1), (-2,-2)]
Turtle 3 :[(-3,-3), (5,37), (4,37), (3,37), (2,37), (1,37), (1,37), (0,37)]
Turtle 4 :[(-4,-4), (37,39), (37,38), (36,38), (36,37), (35,37), (35,36), (-4,-4)]
Turtle 5 :[(-5,-5), (15,31), (16,31), (16,30), (16,29), (17,29), (18,29), (-5,-5)]

Shrinking Run 27
#Info# Executed steps before collision: 3, Found collision: true
Turtle 1 :[(-1,-1), (36,38), (36,37), (37,37), (37,36), (38,36), (39,36), (-1,-1)]
Turtle 2 :[(-2,-2), (35,1), (34,1), (33,1), (32,1), (31,1), (30,1), (-2,-2)]
Turtle 3 :[(-3,-3), (5,37), (4,37), (3,37), (2,37), (1,37), (1,37), (0,37)]
Turtle 4 :[(-4,-4), (37,39), (37,38), (37,37), (36,37), (35,37), (35,36), (-4,-4)]
Turtle 5 :[(-5,-5), (15,31), (14,31), (14,30), (14,29), (13,29), (12,29), (-5,-5)]

Shrinking Run 28
#Info# Executed steps before collision: 3, Found collision: true
Turtle 1 :[(-1,-1), (36,38), (36,37), (37,37), (37,36), (38,36), (39,36), (-1,-1)]
Turtle 2 :[(-2,-2), (35,1), (34,1), (33,1), (32,1), (31,1), (30,1), (-2,-2)]
Turtle 3 :[(-3,-3), (5,37), (4,37), (3,37), (2,37), (1,37), (1,37), (0,37)]
Turtle 4 :[(-4,-4), (37,39), (37,38), (37,37), (36,37), (35,37), (35,36), (-4,-4)]
Turtle 5 :[(-5,-5), (15,31), (14,31), (14,30), (13,30), (12,30), (11,30), (-5,-5)]

Shrinking Run 29
#Info# Executed steps before collision: 3, Found collision: true
Turtle 1 :[(-1,-1), (36,38), (36,37), (37,37), (37,36), (38,36), (39,36), (-1,-1)]
Turtle 2 :[(-2,-2), (35,1), (34,1), (33,1), (32,1), (31,1), (30,1), (-2,-2)]
Turtle 3 :[(-3,-3), (5,37), (4,37), (3,37), (2,37), (1,37), (1,37), (0,37)]
Turtle 4 :[(-4,-4), (37,39), (37,38), (37,37), (36,37), (35,37), (35,36), (-4,-4)]
Turtle 5 :[(-5,-5), (15,31), (14,31), (13,31), (12,31), (11,31), (11,30), (-5,-5)]

Shrinking Run 30
#Info# Executed steps before collision: 3, Found collision: true
Turtle 1 :[(-1,-1), (36,38), (36,37), (37,37), (37,36), (38,36), (39,36), (-1,-1)]
Turtle 2 :[(-2,-2), (35,1), (34,1), (33,1), (32,1), (31,1), (30,1), (-2,-2)]
Turtle 3 :[(-3,-3), (5,37), (4,37), (3,37), (2,37), (1,37), (1,37), (0,37)]
Turtle 4 :[(-4,-4), (37,39), (37,38), (37,37), (36,37), (35,37), (35,36), (-4,-4)]
Turtle 5 :[(-5,-5), (15,31), (14,31), (13,31), (12,31), (11,31), (10,31), (-5,-5)]

Shrinking Run 31
#Info# Executed steps before collision: 7, Found collision: false
Turtle 1 :[(-1,-1), (36,38), (36,37), (35,37), (34,37), (34,36), (33,36), (-1,-1)]
Turtle 2 :[(-2,-2), (35,1), (34,1), (33,1), (32,1), (31,1), (30,1), (-2,-2)]
Turtle 3 :[(-3,-3), (5,37), (4,37), (3,37), (2,37), (1,37), (1,37), (0,37)]
Turtle 4 :[(-4,-4), (37,39), (37,38), (37,37), (36,37), (35,37), (35,36), (-4,-4)]
Turtle 5 :[(-5,-5), (15,31), (14,31), (13,31), (12,31), (11,31), (10,31), (-5,-5)]

Shrinking Run 32
#Info# Executed steps before collision: 7, Found collision: false
Turtle 1 :[(-1,-1), (36,38), (36,37), (36,36), (37,36), (-1,-1), (-1,-1), (-1,-1)]
Turtle 2 :[(-2,-2), (35,1), (34,1), (33,1), (32,1), (31,1), (30,1), (-2,-2)]
Turtle 3 :[(-3,-3), (5,37), (4,37), (3,37), (2,37), (1,37), (1,37), (0,37)]
Turtle 4 :[(-4,-4), (37,39), (37,38), (37,37), (36,37), (35,37), (35,36), (-4,-4)]
Turtle 5 :[(-5,-5), (15,31), (14,31), (13,31), (12,31), (11,31), (10,31), (-5,-5)]

Shrinking Run 33
#Info# Executed steps before collision: 3, Found collision: true
Turtle 1 :[(-1,-1), (36,38), (36,37), (37,37), (37,36), (38,36), (-1,-1), (-1,-1), (-1,-1)]
Turtle 2 :[(-2,-2), (35,1), (34,1), (33,1), (32,1), (31,1), (30,1), (-2,-2), (-2,-2)]
Turtle 3 :[(-3,-3), (5,37), (4,37), (3,37), (2,37), (1,37), (1,37), (0,37), (-3,-3)]
Turtle 4 :[(-4,-4), (37,39), (37,38), (37,37), (37,38), (37,37), (36,37), (35,37), (35,36)]
Turtle 5 :[(-5,-5), (15,31), (14,31), (13,31), (12,31), (11,31), (10,31), (-5,-5), (-5,-5)]

Shrinking Run 34
#Info# Executed steps before collision: 7, Found collision: false
Turtle 1 :[(-1,-1), (36,38), (36,37), (36,36), (37,36), (37,35), (37,34), (-1,-1)]
Turtle 2 :[(-2,-2), (35,1), (34,1), (33,1), (32,1), (31,1), (30,1), (-2,-2)]
Turtle 3 :[(-3,-3), (5,37), (4,37), (3,37), (2,37), (1,37), (1,37), (0,37)]
Turtle 4 :[(-4,-4), (37,39), (37,38), (37,37), (36,37), (35,37), (35,36), (-4,-4)]
Turtle 5 :[(-5,-5), (15,31), (14,31), (13,31), (12,31), (11,31), (10,31), (-5,-5)]

Shrinking Run 35
#Info# Executed steps before collision: 7, Found collision: false
Turtle 1 :[(-1,-1), (36,38), (36,37), (36,36), (37,36), (37,35), (38,35), (-1,-1)]
Turtle 2 :[(-2,-2), (35,1), (34,1), (33,1), (32,1), (31,1), (30,1), (-2,-2)]
Turtle 3 :[(-3,-3), (5,37), (4,37), (3,37), (2,37), (1,37), (1,37), (0,37)]
Turtle 4 :[(-4,-4), (37,39), (37,38), (37,37), (36,37), (36,36), (35,36), (-4,-4)]
Turtle 5 :[(-5,-5), (15,31), (14,31), (13,31), (12,31), (11,31), (10,31), (-5,-5)]

Shrinking Run 36
#Info# Executed steps before collision: 3, Found collision: true
Turtle 1 :[(-1,-1), (36,38), (36,37), (37,37), (38,37), (38,36), (-1,-1), (-1,-1)]
Turtle 2 :[(-2,-2), (35,1), (34,1), (33,1), (32,1), (31,1), (30,1), (-2,-2)]
Turtle 3 :[(-3,-3), (5,37), (4,37), (3,37), (2,37), (1,37), (1,37), (0,37)]
Turtle 4 :[(-4,-4), (37,39), (37,38), (37,37), (36,37), (35,37), (35,36), (-4,-4)]
Turtle 5 :[(-5,-5), (15,31), (14,31), (13,31), (12,31), (11,31), (10,31), (-5,-5)]

Shrinking Run 37
#Info# Executed steps before collision: 8, Found collision: false
Turtle 1 :[(-1,-1), (36,38), (37,38), (37,37), (38,37), (38,36), (-1,-1), (-1,-1), (-1,-1)]
Turtle 2 :[(-2,-2), (35,1), (34,1), (33,1), (32,1), (31,1), (30,1), (-2,-2), (-2,-2)]
Turtle 3 :[(-3,-3), (5,37), (4,37), (3,37), (2,37), (1,37), (1,37), (0,37), (-3,-3)]
Turtle 4 :[(-4,-4), (37,39), (37,40), (36,40), (35,40), (35,39), (35,38), (35,37), (35,36)]
Turtle 5 :[(-5,-5), (15,31), (14,31), (13,31), (12,31), (11,31), (10,31), (-5,-5), (-5,-5)]

Shrinking Run 38
#Info# Executed steps before collision: 7, Found collision: false
Turtle 1 :[(-1,-1), (36,38), (37,38), (38,38), (38,37), (38,36), (-1,-1), (-1,-1)]
Turtle 2 :[(-2,-2), (35,1), (34,1), (33,1), (32,1), (31,1), (30,1), (-2,-2)]
Turtle 3 :[(-3,-3), (5,37), (4,37), (3,37), (2,37), (1,37), (1,37), (0,37)]
Turtle 4 :[(-4,-4), (37,39), (37,39), (37,38), (37,37), (36,37), (35,37), (35,36)]
Turtle 5 :[(-5,-5), (15,31), (14,31), (13,31), (12,31), (11,31), (10,31), (-5,-5)]

Shrinking Run 39
#Info# Executed steps before collision: 3, Found collision: true
Turtle 1 :[(-1,-1), (36,38), (36,37), (37,37), (38,37), (38,36), (-1,-1), (-1,-1)]
Turtle 2 :[(-2,-2), (35,1), (35,2), (34,2), (34,3), (33,3), (32,3), (-2,-2)]
Turtle 3 :[(-3,-3), (5,37), (4,37), (3,37), (2,37), (1,37), (1,37), (0,37)]
Turtle 4 :[(-4,-4), (37,39), (37,38), (37,37), (36,37), (35,37), (35,36), (-4,-4)]
Turtle 5 :[(-5,-5), (15,31), (14,31), (13,31), (12,31), (11,31), (10,31), (-5,-5)]

Shrinking Run 40
#Info# Executed steps before collision: 3, Found collision: true
Turtle 1 :[(-1,-1), (36,38), (36,37), (37,37), (38,37), (38,36), (-1,-1), (-1,-1)]
Turtle 2 :[(-2,-2), (35,1), (34,1), (33,1), (33,0), (32,0), (31,0), (-2,-2)]
Turtle 3 :[(-3,-3), (5,37), (4,37), (3,37), (2,37), (1,37), (1,37), (0,37)]
Turtle 4 :[(-4,-4), (37,39), (37,38), (37,37), (36,37), (35,37), (35,36), (-4,-4)]
Turtle 5 :[(-5,-5), (15,31), (14,31), (13,31), (12,31), (11,31), (10,31), (-5,-5)]

Shrinking Run 41
#Info# Executed steps before collision: 8, Found collision: false
Turtle 1 :[(-1,-1), (36,38), (36,37), (37,37), (38,37), (38,36), (-1,-1), (-1,-1), (-1,-1)]
Turtle 2 :[(-2,-2), (35,1), (34,1), (33,1), (32,1), (31,1), (31,0), (-2,-2), (-2,-2)]
Turtle 3 :[(-3,-3), (5,37), (4,37), (3,37), (2,37), (1,37), (1,37), (0,37), (-3,-3)]
Turtle 4 :[(-4,-4), (37,39), (37,38), (38,38), (37,38), (36,38), (36,37), (35,37), (35,36)]
Turtle 5 :[(-5,-5), (15,31), (14,31), (13,31), (12,31), (11,31), (10,31), (-5,-5), (-5,-5)]

Shrinking Run 42
#Info# Executed steps before collision: 3, Found collision: true
Turtle 1 :[(-1,-1), (36,38), (36,37), (37,37), (38,37), (38,36), (-1,-1), (-1,-1)]
Turtle 2 :[(-2,-2), (35,1), (34,1), (33,1), (32,1), (32,0), (31,0), (-2,-2)]
Turtle 3 :[(-3,-3), (5,37), (4,37), (3,37), (2,37), (1,37), (1,37), (0,37)]
Turtle 4 :[(-4,-4), (37,39), (37,38), (37,37), (36,37), (35,37), (35,36), (-4,-4)]
Turtle 5 :[(-5,-5), (15,31), (14,31), (13,31), (12,31), (11,31), (10,31), (-5,-5)]

Shrinking Run 43
#Info# Executed steps before collision: 7, Found collision: false
Turtle 1 :[(-1,-1), (36,38), (36,37), (37,37), (38,37), (38,36), (-1,-1), (-1,-1)]
Turtle 2 :[(-2,-2), (35,1), (34,1), (33,1), (32,1), (32,0), (31,0), (-2,-2)]
Turtle 3 :[(-3,-3), (5,37), (4,37), (4,37), (3,37), (3,36), (3,35), (2,35)]
Turtle 4 :[(-4,-4), (37,39), (37,38), (36,38), (36,37), (36,36), (35,36), (-4,-4)]
Turtle 5 :[(-5,-5), (15,31), (14,31), (13,31), (12,31), (11,31), (10,31), (-5,-5)]

Shrinking Run 44
#Info# Executed steps before collision: 3, Found collision: true
Turtle 1 :[(-1,-1), (36,38), (36,37), (37,37), (38,37), (38,36), (-1,-1)]
Turtle 2 :[(-2,-2), (35,1), (34,1), (33,1), (32,1), (32,0), (31,0)]
Turtle 3 :[(-3,-3), (5,37), (4,37), (3,37), (2,37), (1,37), (0,37)]
Turtle 4 :[(-4,-4), (37,39), (37,38), (37,37), (37,36), (36,36), (35,36)]
Turtle 5 :[(-5,-5), (15,31), (14,31), (13,31), (12,31), (11,31), (10,31)]

Shrinking Run 45
#Info# Executed steps before collision: 6, Found collision: false
Turtle 1 :[(-1,-1), (36,38), (36,37), (37,37), (38,37), (38,36), (-1,-1)]
Turtle 2 :[(-2,-2), (35,1), (34,1), (33,1), (32,1), (32,0), (31,0)]
Turtle 3 :[(-3,-3), (5,37), (4,37), (3,37), (2,37), (1,37), (0,37)]
Turtle 4 :[(-4,-4), (37,39), (36,39), (35,39), (35,38), (35,37), (35,36)]
Turtle 5 :[(-5,-5), (15,31), (14,31), (13,31), (12,31), (11,31), (10,31)]

Shrinking Run 46
#Info# Executed steps before collision: 6, Found collision: false
Turtle 1 :[(-1,-1), (36,38), (36,37), (37,37), (38,37), (38,36), (-1,-1)]
Turtle 2 :[(-2,-2), (35,1), (34,1), (33,1), (32,1), (32,0), (31,0)]
Turtle 3 :[(-3,-3), (5,37), (4,37), (3,37), (2,37), (1,37), (0,37)]
Turtle 4 :[(-4,-4), (37,39), (37,38), (36,38), (35,38), (34,38), (34,37)]
Turtle 5 :[(-5,-5), (15,31), (14,31), (13,31), (12,31), (11,31), (10,31)]

Shrinking Run 47
#Info# Executed steps before collision: 3, Found collision: true
Turtle 1 :[(-1,-1), (36,38), (36,37), (37,37), (38,37), (38,36), (-1,-1), (-1,-1), (-1,-1)]
Turtle 2 :[(-2,-2), (35,1), (34,1), (33,1), (32,1), (32,0), (31,0), (-2,-2), (-2,-2)]
Turtle 3 :[(-3,-3), (5,37), (4,37), (3,37), (2,37), (1,37), (0,37), (-3,-3), (-3,-3)]
Turtle 4 :[(-4,-4), (37,39), (37,38), (37,37), (37,38), (36,38), (35,38), (34,38), (34,37)]
Turtle 5 :[(-5,-5), (15,31), (14,31), (13,31), (12,31), (11,31), (10,31), (-5,-5), (-5,-5)]

Shrinking Run 48
#Info# Executed steps before collision: 8, Found collision: false
Turtle 1 :[(-1,-1), (36,38), (36,37), (37,37), (38,37), (38,36), (-1,-1), (-1,-1), (-1,-1)]
Turtle 2 :[(-2,-2), (35,1), (34,1), (33,1), (32,1), (32,0), (31,0), (-2,-2), (-2,-2)]
Turtle 3 :[(-3,-3), (5,37), (4,37), (3,37), (2,37), (1,37), (0,37), (-3,-3), (-3,-3)]
Turtle 4 :[(-4,-4), (37,39), (37,38), (38,38), (37,38), (36,38), (36,37), (35,37), (34,37)]
Turtle 5 :[(-5,-5), (15,31), (14,31), (13,31), (12,31), (11,31), (10,31), (-5,-5), (-5,-5)]

Shrinking Run 49
#Info# Executed steps before collision: 6, Found collision: false
Turtle 1 :[(-1,-1), (36,38), (36,37), (35,37), (34,37), (34,36), (33,36)]
Turtle 2 :[(-2,-2), (35,1), (34,1), (33,1), (32,1), (32,0), (31,0)]
Turtle 3 :[(-3,-3), (5,37), (4,37), (3,37), (2,37), (1,37), (0,37)]
Turtle 4 :[(-4,-4), (37,39), (37,38), (37,37), (36,37), (35,37), (34,37)]
Turtle 5 :[(-5,-5), (15,31), (14,31), (13,31), (12,31), (11,31), (10,31)]

Shrinking Run 50
#Info# Executed steps before collision: 6, Found collision: false
Turtle 1 :[(-1,-1), (36,38), (36,37), (36,36), (37,36), (-1,-1), (-1,-1)]
Turtle 2 :[(-2,-2), (35,1), (34,1), (33,1), (32,1), (32,0), (31,0)]
Turtle 3 :[(-3,-3), (5,37), (4,37), (3,37), (2,37), (1,37), (0,37)]
Turtle 4 :[(-4,-4), (37,39), (37,38), (37,37), (36,37), (35,37), (34,37)]
Turtle 5 :[(-5,-5), (15,31), (14,31), (13,31), (12,31), (11,31), (10,31)]

Shrinking Run 51
#Info# Executed steps before collision: 6, Found collision: false
Turtle 1 :[(-1,-1), (36,38), (36,37), (36,36), (37,36), (37,35), (37,34)]
Turtle 2 :[(-2,-2), (35,1), (34,1), (33,1), (32,1), (32,0), (31,0)]
Turtle 3 :[(-3,-3), (5,37), (4,37), (3,37), (2,37), (1,37), (0,37)]
Turtle 4 :[(-4,-4), (37,39), (37,38), (37,37), (36,37), (35,37), (34,37)]
Turtle 5 :[(-5,-5), (15,31), (14,31), (13,31), (12,31), (11,31), (10,31)]

Shrinking Run 52
#Info# Executed steps before collision: 6, Found collision: false
Turtle 1 :[(-1,-1), (36,38), (36,37), (36,36), (37,36), (37,35), (38,35)]
Turtle 2 :[(-2,-2), (35,1), (34,1), (33,1), (32,1), (32,0), (31,0)]
Turtle 3 :[(-3,-3), (5,37), (4,37), (3,37), (2,37), (1,37), (0,37)]
Turtle 4 :[(-4,-4), (37,39), (37,38), (37,37), (36,37), (35,37), (34,37)]
Turtle 5 :[(-5,-5), (15,31), (14,31), (13,31), (12,31), (11,31), (10,31)]

Shrinking Run 53
#Info# Executed steps before collision: 9, Found collision: false
Turtle 1 :[(-1,-1), (36,38), (37,38), (37,37), (38,37), (38,36), (-1,-1), (-1,-1), (-1,-1), (-1,-1)]
Turtle 2 :[(-2,-2), (35,1), (34,1), (33,1), (32,1), (32,0), (31,0), (-2,-2), (-2,-2), (-2,-2)]
Turtle 3 :[(-3,-3), (5,37), (4,37), (3,37), (2,37), (1,37), (0,37), (-3,-3), (-3,-3), (-3,-3)]
Turtle 4 :[(-4,-4), (37,39), (37,40), (37,40), (37,39), (36,39), (35,39), (35,38), (34,38), (34,37)]
Turtle 5 :[(-5,-5), (15,31), (14,31), (13,31), (12,31), (11,31), (10,31), (-5,-5), (-5,-5), (-5,-5)]

Shrinking Run 54
#Info# Executed steps before collision: 8, Found collision: false
Turtle 1 :[(-1,-1), (36,38), (37,38), (38,38), (38,37), (38,36), (-1,-1), (-1,-1), (-1,-1)]
Turtle 2 :[(-2,-2), (35,1), (34,1), (33,1), (32,1), (32,0), (31,0), (-2,-2), (-2,-2)]
Turtle 3 :[(-3,-3), (5,37), (4,37), (3,37), (2,37), (1,37), (0,37), (-3,-3), (-3,-3)]
Turtle 4 :[(-4,-4), (37,39), (37,40), (37,39), (37,38), (37,37), (36,37), (35,37), (34,37)]
Turtle 5 :[(-5,-5), (15,31), (14,31), (13,31), (12,31), (11,31), (10,31), (-5,-5), (-5,-5)]

Shrinking Run 55
#Info# Executed steps before collision: 3, Found collision: true
Turtle 1 :[(-1,-1), (36,38), (36,37), (37,37), (38,37), (38,36), (-1,-1)]
Turtle 2 :[(-2,-2), (35,1), (34,1), (33,1), (32,1), (31,1), (31,0)]
Turtle 3 :[(-3,-3), (5,37), (4,37), (3,37), (2,37), (1,37), (0,37)]
Turtle 4 :[(-4,-4), (37,39), (37,38), (37,37), (36,37), (35,37), (34,37)]
Turtle 5 :[(-5,-5), (15,31), (14,31), (13,31), (12,31), (11,31), (10,31)]

Shrinking Run 56
#Info# Executed steps before collision: 3, Found collision: true
Turtle 1 :[(-1,-1), (36,38), (36,37), (37,37), (38,37), (38,36), (-1,-1), (-1,-1), (-1,-1)]
Turtle 2 :[(-2,-2), (35,1), (34,1), (33,1), (32,1), (31,1), (30,1), (-2,-2), (-2,-2)]
Turtle 3 :[(-3,-3), (5,37), (4,37), (3,37), (2,37), (1,37), (0,37), (-3,-3), (-3,-3)]
Turtle 4 :[(-4,-4), (37,39), (37,38), (37,37), (38,37), (37,37), (36,37), (35,37), (34,37)]
Turtle 5 :[(-5,-5), (15,31), (14,31), (13,31), (12,31), (11,31), (10,31), (-5,-5), (-5,-5)]

Shrinking Run 57
#Info# Executed steps before collision: 3, Found collision: true
Turtle 1 :[(-1,-1), (36,38), (36,37), (37,37), (38,37), (38,36), (-1,-1), (-1,-1)]
Turtle 2 :[(-2,-2), (35,1), (34,1), (33,1), (32,1), (31,1), (30,1), (-2,-2)]
Turtle 3 :[(-3,-3), (5,37), (4,37), (4,37), (3,37), (3,36), (3,35), (2,35)]
Turtle 4 :[(-4,-4), (37,39), (37,38), (37,37), (36,37), (35,37), (34,37), (-4,-4)]
Turtle 5 :[(-5,-5), (15,31), (14,31), (13,31), (12,31), (11,31), (10,31), (-5,-5)]

Shrinking Run 58
#Info# Executed steps before collision: 3, Found collision: true
Turtle 1 :[(-1,-1), (36,38), (36,37), (37,37), (38,37), (38,36), (-1,-1), (-1,-1)]
Turtle 2 :[(-2,-2), (35,1), (34,1), (33,1), (32,1), (31,1), (30,1), (-2,-2)]
Turtle 3 :[(-3,-3), (5,37), (5,36), (5,36), (4,36), (4,35), (4,34), (3,34)]
Turtle 4 :[(-4,-4), (37,39), (37,38), (37,37), (37,37), (36,37), (35,37), (34,37)]
Turtle 5 :[(-5,-5), (15,31), (14,31), (13,31), (12,31), (11,31), (10,31), (-5,-5)]

Shrinking Run 59
#Info# Executed steps before collision: 3, Found collision: true
Turtle 1 :[(-1,-1), (36,38), (36,37), (37,37), (38,37), (38,36), (-1,-1), (-1,-1), (-1,-1)]
Turtle 2 :[(-2,-2), (35,1), (34,1), (33,1), (32,1), (31,1), (30,1), (-2,-2), (-2,-2)]
Turtle 3 :[(-3,-3), (5,37), (4,37), (4,37), (4,36), (4,35), (4,34), (3,34), (-3,-3)]
Turtle 4 :[(-4,-4), (37,39), (37,38), (37,37), (38,37), (37,37), (36,37), (35,37), (34,37)]
Turtle 5 :[(-5,-5), (15,31), (14,31), (13,31), (12,31), (11,31), (10,31), (-5,-5), (-5,-5)]

Shrinking Run 60
#Info# Executed steps before collision: 7, Found collision: false
Turtle 1 :[(-1,-1), (36,38), (36,37), (37,37), (38,37), (38,36), (-1,-1), (-1,-1)]
Turtle 2 :[(-2,-2), (35,1), (34,1), (33,1), (32,1), (31,1), (30,1), (-2,-2)]
Turtle 3 :[(-3,-3), (5,37), (4,37), (4,37), (4,36), (3,36), (3,35), (2,35)]
Turtle 4 :[(-4,-4), (37,39), (37,38), (37,38), (37,37), (36,37), (35,37), (34,37)]
Turtle 5 :[(-5,-5), (15,31), (14,31), (13,31), (12,31), (11,31), (10,31), (-5,-5)]

Shrinking Run 61
#Info# Executed steps before collision: 3, Found collision: true
Turtle 1 :[(-1,-1), (36,38), (36,37), (37,37), (38,37), (38,36), (-1,-1), (-1,-1)]
Turtle 2 :[(-2,-2), (35,1), (34,1), (33,1), (32,1), (31,1), (30,1), (-2,-2)]
Turtle 3 :[(-3,-3), (5,37), (4,37), (4,37), (3,37), (3,36), (2,36), (2,35)]
Turtle 4 :[(-4,-4), (37,39), (37,38), (37,37), (36,37), (35,37), (34,37), (-4,-4)]
Turtle 5 :[(-5,-5), (15,31), (14,31), (13,31), (12,31), (11,31), (10,31), (-5,-5)]

Shrinking Run 62
#Info# Executed steps before collision: 3, Found collision: true
Turtle 1 :[(-1,-1), (36,38), (36,37), (37,37), (38,37), (38,36), (-1,-1), (-1,-1)]
Turtle 2 :[(-2,-2), (35,1), (34,1), (33,1), (32,1), (31,1), (30,1), (-2,-2)]
Turtle 3 :[(-3,-3), (5,37), (4,37), (4,37), (3,37), (3,36), (2,36), (1,36)]
Turtle 4 :[(-4,-4), (37,39), (37,38), (37,37), (36,37), (35,37), (34,37), (-4,-4)]
Turtle 5 :[(-5,-5), (15,31), (14,31), (13,31), (12,31), (11,31), (10,31), (-5,-5)]

Shrinking Run 63
#Info# Executed steps before collision: 3, Found collision: true
Turtle 1 :[(-1,-1), (36,38), (36,37), (37,37), (38,37), (38,36), (-1,-1)]
Turtle 2 :[(-2,-2), (35,1), (34,1), (33,1), (32,1), (31,1), (30,1)]
Turtle 3 :[(-3,-3), (5,37), (4,37), (3,37), (3,36), (2,36), (1,36)]
Turtle 4 :[(-4,-4), (37,39), (37,38), (37,37), (36,37), (35,37), (34,37)]
Turtle 5 :[(-5,-5), (15,31), (14,31), (13,31), (12,31), (11,31), (10,31)]

Shrinking Run 64
#Info# Executed steps before collision: 3, Found collision: true
Turtle 1 :[(-1,-1), (36,38), (36,37), (37,37), (38,37), (38,36), (-1,-1)]
Turtle 2 :[(-2,-2), (35,1), (34,1), (33,1), (32,1), (31,1), (30,1)]
Turtle 3 :[(-3,-3), (5,37), (4,37), (4,36), (3,36), (2,36), (1,36)]
Turtle 4 :[(-4,-4), (37,39), (37,38), (37,37), (36,37), (35,37), (34,37)]
Turtle 5 :[(-5,-5), (15,31), (14,31), (13,31), (12,31), (11,31), (10,31)]

Shrinking Run 65
#Info# Executed steps before collision: 6, Found collision: false
Turtle 1 :[(-1,-1), (36,38), (36,37), (37,37), (38,37), (38,36), (-1,-1)]
Turtle 2 :[(-2,-2), (35,1), (34,1), (33,1), (32,1), (31,1), (30,1)]
Turtle 3 :[(-3,-3), (5,37), (4,37), (4,36), (3,36), (2,36), (1,36)]
Turtle 4 :[(-4,-4), (37,39), (36,39), (36,38), (35,38), (35,37), (35,36)]
Turtle 5 :[(-5,-5), (15,31), (14,31), (13,31), (12,31), (11,31), (10,31)]

Shrinking Run 66
#Info# Executed steps before collision: 6, Found collision: false
Turtle 1 :[(-1,-1), (36,38), (36,37), (37,37), (38,37), (38,36), (-1,-1)]
Turtle 2 :[(-2,-2), (35,1), (34,1), (33,1), (32,1), (31,1), (30,1)]
Turtle 3 :[(-3,-3), (5,37), (4,37), (4,36), (3,36), (2,36), (1,36)]
Turtle 4 :[(-4,-4), (37,39), (37,38), (36,38), (35,38), (34,38), (34,37)]
Turtle 5 :[(-5,-5), (15,31), (14,31), (13,31), (12,31), (11,31), (10,31)]

Shrinking Run 67
#Info# Executed steps before collision: 6, Found collision: false
Turtle 1 :[(-1,-1), (36,38), (36,37), (37,37), (38,37), (38,36), (-1,-1)]
Turtle 2 :[(-2,-2), (35,1), (34,1), (33,1), (32,1), (31,1), (30,1)]
Turtle 3 :[(-3,-3), (5,37), (4,37), (4,36), (3,36), (2,36), (1,36)]
Turtle 4 :[(-4,-4), (37,39), (37,38), (36,38), (36,37), (35,37), (34,37)]
Turtle 5 :[(-5,-5), (15,31), (14,31), (13,31), (12,31), (11,31), (10,31)]

Shrinking Run 68
#Info# Executed steps before collision: 8, Found collision: false
Turtle 1 :[(-1,-1), (36,38), (36,37), (35,37), (34,37), (34,36), (33,36), (-1,-1), (-1,-1)]
Turtle 2 :[(-2,-2), (35,1), (34,1), (33,1), (32,1), (31,1), (30,1), (-2,-2), (-2,-2)]
Turtle 3 :[(-3,-3), (5,37), (4,37), (4,36), (3,36), (2,36), (1,36), (-3,-3), (-3,-3)]
Turtle 4 :[(-4,-4), (37,39), (37,38), (37,37), (38,37), (37,37), (36,37), (35,37), (34,37)]
Turtle 5 :[(-5,-5), (15,31), (14,31), (13,31), (12,31), (11,31), (10,31), (-5,-5), (-5,-5)]

Shrinking Run 69
#Info# Executed steps before collision: 6, Found collision: false
Turtle 1 :[(-1,-1), (36,38), (36,37), (36,36), (37,36), (-1,-1), (-1,-1)]
Turtle 2 :[(-2,-2), (35,1), (34,1), (33,1), (32,1), (31,1), (30,1)]
Turtle 3 :[(-3,-3), (5,37), (4,37), (4,36), (3,36), (2,36), (1,36)]
Turtle 4 :[(-4,-4), (37,39), (37,38), (37,37), (36,37), (35,37), (34,37)]
Turtle 5 :[(-5,-5), (15,31), (14,31), (13,31), (12,31), (11,31), (10,31)]

Shrinking Run 70
#Info# Executed steps before collision: 6, Found collision: false
Turtle 1 :[(-1,-1), (36,38), (36,37), (36,36), (37,36), (37,35), (37,34)]
Turtle 2 :[(-2,-2), (35,1), (34,1), (33,1), (32,1), (31,1), (30,1)]
Turtle 3 :[(-3,-3), (5,37), (4,37), (4,36), (3,36), (2,36), (1,36)]
Turtle 4 :[(-4,-4), (37,39), (37,38), (37,37), (36,37), (35,37), (34,37)]
Turtle 5 :[(-5,-5), (15,31), (14,31), (13,31), (12,31), (11,31), (10,31)]

Shrinking Run 71
#Info# Executed steps before collision: 4, Found collision: true
Turtle 1 :[(-1,-1), (36,38), (36,37), (36,36), (37,36), (37,35), (38,35), (-1,-1), (-1,-1)]
Turtle 2 :[(-2,-2), (35,1), (34,1), (33,1), (32,1), (31,1), (30,1), (-2,-2), (-2,-2)]
Turtle 3 :[(-3,-3), (5,37), (4,37), (4,36), (3,36), (2,36), (1,36), (-3,-3), (-3,-3)]
Turtle 4 :[(-4,-4), (37,39), (37,38), (37,37), (37,36), (36,36), (35,36), (35,37), (34,37)]
Turtle 5 :[(-5,-5), (15,31), (14,31), (13,31), (12,31), (11,31), (10,31), (-5,-5), (-5,-5)]

Shrinking Run 72
#Info# Executed steps before collision: 6, Found collision: false
Turtle 1 :[(-1,-1), (36,38), (36,37), (36,36), (35,36), (35,35), (34,35)]
Turtle 2 :[(-2,-2), (35,1), (34,1), (33,1), (32,1), (31,1), (30,1)]
Turtle 3 :[(-3,-3), (5,37), (4,37), (4,36), (3,36), (2,36), (1,36)]
Turtle 4 :[(-4,-4), (37,39), (37,38), (37,37), (36,37), (35,37), (34,37)]
Turtle 5 :[(-5,-5), (15,31), (14,31), (13,31), (12,31), (11,31), (10,31)]

Shrinking Run 73
#Info# Executed steps before collision: 7, Found collision: false
Turtle 1 :[(-1,-1), (36,38), (36,37), (36,36), (37,36), (38,36), (38,35), (-1,-1)]
Turtle 2 :[(-2,-2), (35,1), (34,1), (33,1), (32,1), (31,1), (30,1), (-2,-2)]
Turtle 3 :[(-3,-3), (5,37), (4,37), (4,36), (3,36), (2,36), (1,36), (-3,-3)]
Turtle 4 :[(-4,-4), (37,39), (37,38), (37,37), (37,37), (36,37), (35,37), (34,37)]
Turtle 5 :[(-5,-5), (15,31), (14,31), (13,31), (12,31), (11,31), (10,31), (-5,-5)]

Shrinking Run 74
#Info# Executed steps before collision: 6, Found collision: false
Turtle 1 :[(-1,-1), (36,38), (37,38), (37,37), (38,37), (38,36), (38,35)]
Turtle 2 :[(-2,-2), (35,1), (34,1), (33,1), (32,1), (31,1), (30,1)]
Turtle 3 :[(-3,-3), (5,37), (4,37), (4,36), (3,36), (2,36), (1,36)]
Turtle 4 :[(-4,-4), (37,39), (36,39), (35,39), (34,39), (34,38), (34,37)]
Turtle 5 :[(-5,-5), (15,31), (14,31), (13,31), (12,31), (11,31), (10,31)]

Shrinking Run 75
#Info# Executed steps before collision: 8, Found collision: false
Turtle 1 :[(-1,-1), (36,38), (36,37), (37,37), (38,37), (38,36), (38,35), (-1,-1), (-1,-1)]
Turtle 2 :[(-2,-2), (35,1), (34,1), (33,1), (32,1), (31,1), (30,1), (-2,-2), (-2,-2)]
Turtle 3 :[(-3,-3), (5,37), (4,37), (4,36), (3,36), (2,36), (1,36), (-3,-3), (-3,-3)]
Turtle 4 :[(-4,-4), (37,39), (37,38), (37,39), (37,38), (36,38), (36,37), (35,37), (34,37)]
Turtle 5 :[(-5,-5), (15,31), (14,31), (13,31), (12,31), (11,31), (10,31), (-5,-5), (-5,-5)]

Shrinking Run 76
#Info# Executed steps before collision: 6, Found collision: false
Turtle 1 :[(-1,-1), (36,38), (36,37), (36,36), (36,35), (37,35), (38,35)]
Turtle 2 :[(-2,-2), (35,1), (34,1), (33,1), (32,1), (31,1), (30,1)]
Turtle 3 :[(-3,-3), (5,37), (4,37), (4,36), (3,36), (2,36), (1,36)]
Turtle 4 :[(-4,-4), (37,39), (37,38), (37,37), (36,37), (35,37), (34,37)]
Turtle 5 :[(-5,-5), (15,31), (14,31), (13,31), (12,31), (11,31), (10,31)]

Shrinking Run 77
#Info# Executed steps before collision: 3, Found collision: true
Turtle 1 :[(-1,-1), (36,38), (36,37), (37,37), (37,36), (37,35), (38,35)]
Turtle 2 :[(-2,-2), (35,1), (34,1), (33,1), (32,1), (31,1), (30,1)]
Turtle 3 :[(-3,-3), (5,37), (4,37), (4,36), (3,36), (2,36), (1,36)]
Turtle 4 :[(-4,-4), (37,39), (37,38), (37,37), (36,37), (35,37), (34,37)]
Turtle 5 :[(-5,-5), (15,31), (14,31), (13,31), (12,31), (11,31), (10,31)]

Shrinking Run 78
#Info# Executed steps before collision: 3, Found collision: true
Turtle 1 :[(-1,-1), (36,38), (36,37), (37,37), (37,36), (37,35), (38,35), (-1,-1)]
Turtle 2 :[(-2,-2), (35,1), (34,1), (33,1), (32,1), (31,1), (30,1), (-2,-2)]
Turtle 3 :[(-3,-3), (5,37), (4,37), (4,37), (4,36), (3,36), (3,35), (2,35)]
Turtle 4 :[(-4,-4), (37,39), (37,38), (37,37), (36,37), (35,37), (34,37), (-4,-4)]
Turtle 5 :[(-5,-5), (15,31), (14,31), (13,31), (12,31), (11,31), (10,31), (-5,-5)]

Shrinking Run 79
#Info# Executed steps before collision: 3, Found collision: true
Turtle 1 :[(-1,-1), (36,38), (36,37), (37,37), (37,36), (37,35), (38,35), (-1,-1)]
Turtle 2 :[(-2,-2), (35,1), (34,1), (33,1), (32,1), (31,1), (30,1), (-2,-2)]
Turtle 3 :[(-3,-3), (5,37), (4,37), (4,37), (3,37), (2,37), (2,36), (2,35)]
Turtle 4 :[(-4,-4), (37,39), (37,38), (37,37), (36,37), (35,37), (34,37), (-4,-4)]
Turtle 5 :[(-5,-5), (15,31), (14,31), (13,31), (12,31), (11,31), (10,31), (-5,-5)]

Shrinking Run 80
#Info# Executed steps before collision: 3, Found collision: true
Turtle 1 :[(-1,-1), (36,38), (36,37), (37,37), (37,36), (37,35), (38,35), (-1,-1)]
Turtle 2 :[(-2,-2), (35,1), (34,1), (33,1), (32,1), (31,1), (30,1), (-2,-2)]
Turtle 3 :[(-3,-3), (5,37), (4,37), (4,37), (3,37), (2,37), (1,37), (1,36)]
Turtle 4 :[(-4,-4), (37,39), (37,38), (37,37), (36,37), (35,37), (34,37), (-4,-4)]
Turtle 5 :[(-5,-5), (15,31), (14,31), (13,31), (12,31), (11,31), (10,31), (-5,-5)]

Shrinking Run 81
#Info# Executed steps before collision: 8, Found collision: false
Turtle 1 :[(-1,-1), (36,38), (36,37), (37,37), (37,36), (37,35), (38,35), (-1,-1), (-1,-1)]
Turtle 2 :[(-2,-2), (35,1), (34,1), (33,1), (32,1), (31,1), (30,1), (-2,-2), (-2,-2)]
Turtle 3 :[(-3,-3), (5,37), (4,37), (4,37), (3,37), (2,37), (1,37), (0,37), (-3,-3)]
Turtle 4 :[(-4,-4), (37,39), (37,38), (37,39), (36,39), (36,38), (35,38), (35,37), (34,37)]
Turtle 5 :[(-5,-5), (15,31), (14,31), (13,31), (12,31), (11,31), (10,31), (-5,-5), (-5,-5)]

Shrinking Run 82
#Info# Executed steps before collision: 3, Found collision: true
Turtle 1 :[(-1,-1), (36,38), (36,37), (37,37), (37,36), (37,35), (38,35)]
Turtle 2 :[(-2,-2), (35,1), (34,1), (33,1), (32,1), (31,1), (30,1)]
Turtle 3 :[(-3,-3), (5,37), (4,37), (3,37), (2,37), (1,37), (1,36)]
Turtle 4 :[(-4,-4), (37,39), (37,38), (37,37), (36,37), (35,37), (34,37)]
Turtle 5 :[(-5,-5), (15,31), (14,31), (13,31), (12,31), (11,31), (10,31)]

Shrinking Run 83
#Info# Executed steps before collision: 6, Found collision: false
Turtle 1 :[(-1,-1), (36,38), (36,37), (37,37), (37,36), (37,35), (38,35)]
Turtle 2 :[(-2,-2), (35,1), (34,1), (33,1), (32,1), (31,1), (30,1)]
Turtle 3 :[(-3,-3), (5,37), (4,37), (3,37), (2,37), (1,37), (1,36)]
Turtle 4 :[(-4,-4), (37,39), (36,39), (36,38), (35,38), (35,37), (35,36)]
Turtle 5 :[(-5,-5), (15,31), (14,31), (13,31), (12,31), (11,31), (10,31)]

Shrinking Run 84
#Info# Executed steps before collision: 6, Found collision: false
Turtle 1 :[(-1,-1), (36,38), (36,37), (37,37), (37,36), (37,35), (38,35)]
Turtle 2 :[(-2,-2), (35,1), (34,1), (33,1), (32,1), (31,1), (30,1)]
Turtle 3 :[(-3,-3), (5,37), (4,37), (3,37), (2,37), (1,37), (1,36)]
Turtle 4 :[(-4,-4), (37,39), (37,38), (36,38), (35,38), (34,38), (34,37)]
Turtle 5 :[(-5,-5), (15,31), (14,31), (13,31), (12,31), (11,31), (10,31)]

Shrinking Run 85
#Info# Executed steps before collision: 10, Found collision: false
Turtle 1 :[(-1,-1), (36,38), (36,37), (37,37), (37,36), (37,35), (38,35), (-1,-1), (-1,-1), (-1,-1), (-1,-1)]
Turtle 2 :[(-2,-2), (35,1), (34,1), (33,1), (32,1), (31,1), (30,1), (-2,-2), (-2,-2), (-2,-2), (-2,-2)]
Turtle 3 :[(-3,-3), (5,37), (4,37), (3,37), (2,37), (1,37), (1,36), (-3,-3), (-3,-3), (-3,-3), (-3,-3)]
Turtle 4 :[(-4,-4), (37,39), (37,38), (37,39), (38,39), (37,39), (36,39), (35,39), (34,39), (34,38), (34,37)]
Turtle 5 :[(-5,-5), (15,31), (14,31), (13,31), (12,31), (11,31), (10,31), (-5,-5), (-5,-5), (-5,-5), (-5,-5)]

Shrinking Run 86
#Info# Executed steps before collision: 6, Found collision: false
Turtle 1 :[(-1,-1), (36,38), (36,37), (35,37), (34,37), (34,36), (33,36)]
Turtle 2 :[(-2,-2), (35,1), (34,1), (33,1), (32,1), (31,1), (30,1)]
Turtle 3 :[(-3,-3), (5,37), (4,37), (3,37), (2,37), (1,37), (1,36)]
Turtle 4 :[(-4,-4), (37,39), (37,38), (37,37), (36,37), (35,37), (34,37)]
Turtle 5 :[(-5,-5), (15,31), (14,31), (13,31), (12,31), (11,31), (10,31)]

Shrinking Run 87
#Info# Executed steps before collision: 6, Found collision: false
Turtle 1 :[(-1,-1), (36,38), (36,37), (36,36), (37,36), (-1,-1), (-1,-1)]
Turtle 2 :[(-2,-2), (35,1), (34,1), (33,1), (32,1), (31,1), (30,1)]
Turtle 3 :[(-3,-3), (5,37), (4,37), (3,37), (2,37), (1,37), (1,36)]
Turtle 4 :[(-4,-4), (37,39), (37,38), (37,37), (36,37), (35,37), (34,37)]
Turtle 5 :[(-5,-5), (15,31), (14,31), (13,31), (12,31), (11,31), (10,31)]

Shrinking Run 88
#Info# Executed steps before collision: 6, Found collision: false
Turtle 1 :[(-1,-1), (36,38), (36,37), (36,36), (37,36), (37,35), (37,34)]
Turtle 2 :[(-2,-2), (35,1), (34,1), (33,1), (32,1), (31,1), (30,1)]
Turtle 3 :[(-3,-3), (5,37), (4,37), (3,37), (2,37), (1,37), (1,36)]
Turtle 4 :[(-4,-4), (37,39), (37,38), (37,37), (36,37), (35,37), (34,37)]
Turtle 5 :[(-5,-5), (15,31), (14,31), (13,31), (12,31), (11,31), (10,31)]

Shrinking Run 89
#Info# Executed steps before collision: 6, Found collision: false
Turtle 1 :[(-1,-1), (36,38), (36,37), (36,36), (35,36), (35,35), (34,35)]
Turtle 2 :[(-2,-2), (35,1), (34,1), (33,1), (32,1), (31,1), (30,1)]
Turtle 3 :[(-3,-3), (5,37), (4,37), (3,37), (2,37), (1,37), (1,36)]
Turtle 4 :[(-4,-4), (37,39), (37,38), (36,38), (36,37), (35,37), (34,37)]
Turtle 5 :[(-5,-5), (15,31), (14,31), (13,31), (12,31), (11,31), (10,31)]

Shrinking Run 90
#Info# Executed steps before collision: 6, Found collision: false
Turtle 1 :[(-1,-1), (36,38), (36,37), (36,36), (37,36), (38,36), (38,35)]
Turtle 2 :[(-2,-2), (35,1), (34,1), (33,1), (32,1), (31,1), (30,1)]
Turtle 3 :[(-3,-3), (5,37), (4,37), (3,37), (2,37), (1,37), (1,36)]
Turtle 4 :[(-4,-4), (37,39), (37,38), (37,37), (36,37), (35,37), (34,37)]
Turtle 5 :[(-5,-5), (15,31), (14,31), (13,31), (12,31), (11,31), (10,31)]

Shrinking Run 91
#Info# Executed steps before collision: 8, Found collision: false
Turtle 1 :[(-1,-1), (36,38), (37,38), (37,37), (38,37), (38,36), (38,35), (-1,-1), (-1,-1)]
Turtle 2 :[(-2,-2), (35,1), (34,1), (33,1), (32,1), (31,1), (30,1), (-2,-2), (-2,-2)]
Turtle 3 :[(-3,-3), (5,37), (4,37), (3,37), (2,37), (1,37), (1,36), (-3,-3), (-3,-3)]
Turtle 4 :[(-4,-4), (37,39), (37,40), (36,40), (36,39), (36,38), (35,38), (34,38), (34,37)]
Turtle 5 :[(-5,-5), (15,31), (14,31), (13,31), (12,31), (11,31), (10,31), (-5,-5), (-5,-5)]

Shrinking Run 92
#Info# Executed steps before collision: 7, Found collision: false
Turtle 1 :[(-1,-1), (36,38), (36,37), (37,37), (38,37), (38,36), (38,35), (-1,-1)]
Turtle 2 :[(-2,-2), (35,1), (34,1), (33,1), (32,1), (31,1), (30,1), (-2,-2)]
Turtle 3 :[(-3,-3), (5,37), (4,37), (3,37), (2,37), (1,37), (1,36), (-3,-3)]
Turtle 4 :[(-4,-4), (37,39), (37,38), (37,38), (37,37), (36,37), (35,37), (34,37)]
Turtle 5 :[(-5,-5), (15,31), (14,31), (13,31), (12,31), (11,31), (10,31), (-5,-5)]

Shrink Run 93
#Info# Executed steps before collision: 8, Found collision: false
Turtle 1 :[(-1,-1), (36,38), (36,37), (36,36), (36,35), (37,35), (38,35), (-1,-1), (-1,-1)]
Turtle 2 :[(-2,-2), (35,1), (34,1), (33,1), (32,1), (31,1), (30,1), (-2,-2), (-2,-2)]
Turtle 3 :[(-3,-3), (5,37), (4,37), (3,37), (2,37), (1,37), (1,36), (-3,-3), (-3,-3)]
Turtle 4 :[(-4,-4), (37,39), (37,38), (37,37), (38,37), (37,37), (36,37), (35,37), (34,37)]
Turtle 5 :[(-5,-5), (15,31), (14,31), (13,31), (12,31), (11,31), (10,31), (-5,-5), (-5,-5)]

