Detection Run 1
#Info# Executed steps before collision: 8, Found collision: false
Turtle 1 :[(-1,-1), (3,11), (4,11), (3,11), (2,11), (2,10), (-1,-1), (-1,-1), (-1,-1)]
Turtle 2 :[(-2,-2), (9,3), (10,3), (10,2), (10,1), (10,2), (11,2), (-2,-2), (-2,-2)]
Turtle 3 :[(-3,-3), (3,6), (4,6), (5,6), (6,6), (-3,-3), (-3,-3), (-3,-3), (-3,-3)]
Turtle 4 :[(-4,-4), (3,7), (4,7), (4,8), (5,8), (5,7), (5,6), (5,5), (5,4)]
Turtle 5 :[(-5,-5), (9,9), (8,9), (7,9), (6,9), (6,10), (6,11), (-5,-5), (-5,-5)]

Detection Run 2
#Info# Executed steps before collision: 6, Found collision: false
Turtle 1 :[(-1,-1), (3,14), (3,14), (2,14), (1,14), (0,14), (-1,-1)]
Turtle 2 :[(-2,-2), (4,2), (3,2), (3,1), (2,1), (-2,-2), (-2,-2)]
Turtle 3 :[(-3,-3), (13,10), (13,11), (12,11), (12,12), (12,13), (-3,-3)]
Turtle 4 :[(-4,-4), (4,13), (3,13), (3,13), (3,14), (3,14), (2,14)]
Turtle 5 :[(-5,-5), (7,14), (6,14), (6,13), (5,13), (5,12), (5,11)]

Detection Run 3
#Info# Executed steps before collision: 6, Found collision: false
Turtle 1 :[(-1,-1), (4,13), (3,13), (2,13), (1,13), (1,12), (-1,-1)]
Turtle 2 :[(-2,-2), (6,12), (5,12), (4,12), (4,13), (4,14), (3,14)]
Turtle 3 :[(-3,-3), (5,8), (6,8), (6,7), (7,7), (-3,-3), (-3,-3)]
Turtle 4 :[(-4,-4), (2,11), (2,10), (3,10), (3,9), (3,8), (3,7)]
Turtle 5 :[(-5,-5), (9,9), (9,10), (9,11), (9,12), (10,12), (10,13)]

Detection Run 4
#Info# Executed steps before collision: 8, Found collision: false
Turtle 1 :[(-1,-1), (7,13), (7,12), (8,12), (8,11), (8,10), (-1,-1), (-1,-1), (-1,-1)]
Turtle 2 :[(-2,-2), (4,7), (5,7), (5,6), (5,5), (5,4), (5,3), (-2,-2), (-2,-2)]
Turtle 3 :[(-3,-3), (10,12), (9,12), (9,11), (9,12), (9,13), (8,13), (8,14), (7,14)]
Turtle 4 :[(-4,-4), (6,13), (6,12), (6,11), (6,10), (6,9), (5,9), (-4,-4), (-4,-4)]
Turtle 5 :[(-5,-5), (6,4), (6,3), (6,2), (6,1), (7,1), (7,0), (-5,-5), (-5,-5)]

Detection Run 5
#Info# Executed steps before collision: 6, Found collision: false
Turtle 1 :[(-1,-1), (3,9), (4,9), (5,9), (5,8), (6,8), (6,7)]
Turtle 2 :[(-2,-2), (5,12), (5,13), (5,14), (4,14), (4,14), (3,14)]
Turtle 3 :[(-3,-3), (12,9), (12,8), (13,8), (14,8), (14,8), (-3,-3)]
Turtle 4 :[(-4,-4), (3,12), (3,11), (3,10), (4,10), (5,10), (5,9)]
Turtle 5 :[(-5,-5), (-5,-5), (-5,-5), (3,12), (3,11), (3,10), (-5,-5)]

Detection Run 6
#Info# Executed steps before collision: 6, Found collision: false
Turtle 1 :[(-1,-1), (8,11), (7,11), (7,12), (6,12), (6,13), (5,13)]
Turtle 2 :[(-2,-2), (8,8), (9,8), (10,8), (10,7), (10,6), (11,6)]
Turtle 3 :[(-3,-3), (0,6), (0,5), (-3,-3), (-3,-3), (-3,-3), (-3,-3)]
Turtle 4 :[(-4,-4), (3,6), (2,6), (1,6), (0,6), (0,7), (-4,-4)]
Turtle 5 :[(-5,-5), (3,7), (3,8), (4,8), (5,8), (6,8), (7,8)]

Fault Detection Run 7
#Info# Executed steps before collision: 2, Found collision: true
Turtle 1 :[(-1,-1), (5,7), (5,6), (5,5), (6,5), (7,5), (8,5)]
Turtle 2 :[(-2,-2), (3,6), (2,6), (2,5), (1,5), (1,4), (-2,-2)]
Turtle 3 :[(-3,-3), (10,5), (10,4), (10,3), (10,2), (10,3), (9,3)]
Turtle 4 :[(-4,-4), (2,5), (2,6), (1,6), (0,6), (0,7), (0,8)]
Turtle 5 :[(-5,-5), (7,0), (7,1), (7,0), (7,1), (8,1), (-5,-5)]

