Detection Run 1
#Info# Executed steps before collision: 6, Found collision: false
Turtle 1 :[(-1,-1), (8,13), (8,12), (8,11), (7,11), (7,10), (7,9)]
Turtle 2 :[(-2,-2), (3,5), (2,5), (2,4), (1,4), (1,3), (1,2)]
Turtle 3 :[(-3,-3), (14,3), (14,4), (14,5), (13,5), (13,6), (12,6)]
Turtle 4 :[(-4,-4), (2,3), (1,3), (1,2), (1,1), (1,0), (0,0)]
Turtle 5 :[(-5,-5), (11,5), (11,6), (10,6), (10,7), (9,7), (9,8)]

Detection Run 2
#Info# Executed steps before collision: 6, Found collision: false
Turtle 1 :[(-1,-1), (10,12), (11,12), (11,11), (11,10), (11,9), (-1,-1)]
Turtle 2 :[(-2,-2), (12,3), (12,4), (12,5), (11,5), (11,6), (-2,-2)]
Turtle 3 :[(-3,-3), (2,10), (2,9), (2,8), (2,7), (2,6), (-3,-3)]
Turtle 4 :[(-4,-4), (2,7), (2,6), (2,5), (2,4), (2,3), (2,2)]
Turtle 5 :[(-5,-5), (10,3), (10,2), (10,1), (10,0), (11,0), (-5,-5)]

Detection Run 3
#Info# Executed steps before collision: 7, Found collision: false
Turtle 1 :[(-1,-1), (12,14), (12,13), (12,12), (-1,-1), (-1,-1), (-1,-1), (-1,-1)]
Turtle 2 :[(-2,-2), (12,6), (12,7), (12,8), (11,8), (11,9), (-2,-2), (-2,-2)]
Turtle 3 :[(-3,-3), (10,12), (10,13), (11,13), (11,14), (11,14), (-3,-3), (-3,-3)]
Turtle 4 :[(-4,-4), (9,13), (8,13), (8,14), (7,14), (6,14), (6,14), (-4,-4)]
Turtle 5 :[(-5,-5), (-5,-5), (-5,-5), (9,13), (10,13), (11,13), (12,13), (12,14)]

Detection Run 4
#Info# Executed steps before collision: 6, Found collision: false
Turtle 1 :[(-1,-1), (0,8), (0,7), (-1,-1), (-1,-1), (-1,-1), (-1,-1)]
Turtle 2 :[(-2,-2), (10,1), (11,1), (12,1), (13,1), (14,1), (14,0)]
Turtle 3 :[(-3,-3), (5,13), (5,12), (4,12), (3,12), (2,12), (2,11)]
Turtle 4 :[(-4,-4), (6,12), (6,13), (6,12), (5,12), (4,12), (3,12)]
Turtle 5 :[(-5,-5), (11,7), (10,7), (10,6), (10,5), (10,4), (9,4)]

Fault Detection Run 5
#Info# Executed steps before collision: 4, Found collision: true
Turtle 1 :[(-1,-1), (3,8), (3,9), (3,10), (2,10), (2,11), (2,12)]
Turtle 2 :[(-2,-2), (0,11), (0,10), (1,10), (2,10), (3,10), (3,9)]
Turtle 3 :[(-3,-3), (8,14), (9,14), (10,14), (10,13), (11,13), (11,12)]
Turtle 4 :[(-4,-4), (3,1), (3,2), (3,3), (2,3), (2,4), (2,5)]
Turtle 5 :[(-5,-5), (13,1), (14,1), (14,1), (14,0), (-5,-5), (-5,-5)]

