Shrinking Run 1
#Info# Executed steps before collision: 7, Found collision: false
Turtle 1 :[(-1,-1), (40,24), (39,24), (38,24), (38,23), (37,23), (37,22), (-1,-1)]
Turtle 2 :[(-2,-2), (14,16), (15,16), (16,16), (17,16), (18,16), (18,17), (-2,-2)]
Turtle 3 :[(-3,-3), (27,34), (27,33), (27,34), (26,34), (26,35), (25,35), (25,36)]
Turtle 4 :[(-4,-4), (18,35), (18,34), (19,34), (19,33), (20,33), (20,32), (-4,-4)]
Turtle 5 :[(-5,-5), (27,36), (27,35), (28,35), (29,35), (30,35), (30,34), (-5,-5)]

Shrinking Run 2
#Info# Executed steps before collision: 2, Found collision: true
Turtle 1 :[(-1,-1), (40,24), (39,24), (39,23), (39,22), (38,22), (38,21)]
Turtle 2 :[(-2,-2), (14,16), (15,16), (16,16), (17,16), (18,16), (18,17)]
Turtle 3 :[(-3,-3), (27,34), (27,35), (26,35), (26,36), (25,36), (-3,-3)]
Turtle 4 :[(-4,-4), (18,35), (18,34), (19,34), (19,33), (20,33), (20,32)]
Turtle 5 :[(-5,-5), (27,36), (27,35), (28,35), (29,35), (30,35), (30,34)]

Shrinking Run 3
#Info# Executed steps before collision: 2, Found collision: true
Turtle 1 :[(-1,-1), (40,24), (40,23), (39,23), (39,22), (38,22), (38,21)]
Turtle 2 :[(-2,-2), (14,16), (15,16), (16,16), (17,16), (18,16), (18,17)]
Turtle 3 :[(-3,-3), (27,34), (27,35), (26,35), (26,36), (25,36), (-3,-3)]
Turtle 4 :[(-4,-4), (18,35), (18,34), (19,34), (19,33), (20,33), (20,32)]
Turtle 5 :[(-5,-5), (27,36), (27,35), (28,35), (29,35), (30,35), (30,34)]

Shrinking Run 4
#Info# Executed steps before collision: 2, Found collision: true
Turtle 1 :[(-1,-1), (40,24), (40,23), (40,22), (40,21), (39,21), (39,20)]
Turtle 2 :[(-2,-2), (14,16), (15,16), (16,16), (17,16), (18,16), (18,17)]
Turtle 3 :[(-3,-3), (27,34), (27,35), (26,35), (26,36), (25,36), (-3,-3)]
Turtle 4 :[(-4,-4), (18,35), (18,34), (19,34), (19,33), (20,33), (20,32)]
Turtle 5 :[(-5,-5), (27,36), (27,35), (28,35), (29,35), (30,35), (30,34)]

Shrinking Run 5
#Info# Executed steps before collision: 2, Found collision: true
Turtle 1 :[(-1,-1), (40,24), (40,23), (39,23), (38,23), (37,23), (37,22)]
Turtle 2 :[(-2,-2), (14,16), (15,16), (16,16), (17,16), (18,16), (18,17)]
Turtle 3 :[(-3,-3), (27,34), (27,35), (26,35), (26,36), (25,36), (-3,-3)]
Turtle 4 :[(-4,-4), (18,35), (18,34), (19,34), (19,33), (20,33), (20,32)]
Turtle 5 :[(-5,-5), (27,36), (27,35), (28,35), (29,35), (30,35), (30,34)]

Shrinking Run 6
#Info# Executed steps before collision: 2, Found collision: true
Turtle 1 :[(-1,-1), (40,24), (39,24), (38,24), (37,24), (36,24), (36,23)]
Turtle 2 :[(-2,-2), (14,16), (15,16), (16,16), (17,16), (18,16), (18,17)]
Turtle 3 :[(-3,-3), (27,34), (27,35), (26,35), (26,36), (25,36), (-3,-3)]
Turtle 4 :[(-4,-4), (18,35), (18,34), (19,34), (19,33), (20,33), (20,32)]
Turtle 5 :[(-5,-5), (27,36), (27,35), (27,34), (28,34), (29,34), (30,34)]

Shrinking Run 7
#Info# Executed steps before collision: 7, Found collision: false
Turtle 1 :[(-1,-1), (40,24), (39,24), (38,24), (37,24), (36,24), (35,24), (-1,-1)]
Turtle 2 :[(-2,-2), (14,16), (15,16), (16,16), (17,16), (18,16), (18,17), (-2,-2)]
Turtle 3 :[(-3,-3), (27,34), (26,34), (26,35), (26,36), (25,36), (-3,-3), (-3,-3)]
Turtle 4 :[(-4,-4), (18,35), (18,34), (19,34), (19,33), (20,33), (20,32), (-4,-4)]
Turtle 5 :[(-5,-5), (27,36), (27,36), (27,35), (28,35), (29,35), (30,35), (30,34)]

Shrinking Run 8
#Info# Executed steps before collision: 2, Found collision: true
Turtle 1 :[(-1,-1), (40,24), (39,24), (38,24), (37,24), (36,24), (36,23)]
Turtle 2 :[(-2,-2), (14,16), (13,16), (12,16), (11,16), (10,16), (10,17)]
Turtle 3 :[(-3,-3), (27,34), (27,35), (26,35), (26,36), (25,36), (-3,-3)]
Turtle 4 :[(-4,-4), (18,35), (18,34), (19,34), (19,33), (20,33), (20,32)]
Turtle 5 :[(-5,-5), (27,36), (27,35), (28,35), (29,35), (29,34), (30,34)]

Shrinking Run 9
#Info# Executed steps before collision: 7, Found collision: false
Turtle 1 :[(-1,-1), (40,24), (39,24), (38,24), (37,24), (36,24), (36,23), (-1,-1)]
Turtle 2 :[(-2,-2), (14,16), (13,16), (13,15), (12,15), (11,15), (11,14), (-2,-2)]
Turtle 3 :[(-3,-3), (27,34), (27,33), (26,33), (26,34), (26,35), (25,35), (25,36)]
Turtle 4 :[(-4,-4), (18,35), (18,34), (19,34), (19,33), (20,33), (20,32), (-4,-4)]
Turtle 5 :[(-5,-5), (27,36), (27,35), (28,35), (29,35), (30,35), (30,34), (-5,-5)]

Shrinking Run 10
#Info# Executed steps before collision: 2, Found collision: true
Turtle 1 :[(-1,-1), (40,24), (39,24), (38,24), (37,24), (36,24), (36,23)]
Turtle 2 :[(-2,-2), (14,16), (13,16), (12,16), (11,16), (10,16), (10,15)]
Turtle 3 :[(-3,-3), (27,34), (27,35), (26,35), (26,36), (25,36), (-3,-3)]
Turtle 4 :[(-4,-4), (18,35), (18,34), (19,34), (19,33), (20,33), (20,32)]
Turtle 5 :[(-5,-5), (27,36), (27,35), (28,35), (29,35), (30,35), (30,34)]

Shrinking Run 11
#Info# Executed steps before collision: 2, Found collision: true
Turtle 1 :[(-1,-1), (40,24), (39,24), (38,24), (37,24), (36,24), (36,23)]
Turtle 2 :[(-2,-2), (14,16), (13,16), (12,16), (11,16), (10,16), (9,16)]
Turtle 3 :[(-3,-3), (27,34), (27,35), (26,35), (26,36), (25,36), (-3,-3)]
Turtle 4 :[(-4,-4), (18,35), (18,34), (19,34), (19,33), (20,33), (20,32)]
Turtle 5 :[(-5,-5), (27,36), (27,35), (28,35), (29,35), (30,35), (30,34)]

Shrinking Run 12
#Info# Executed steps before collision: 8, Found collision: false
Turtle 1 :[(-1,-1), (40,24), (39,24), (38,24), (37,24), (36,24), (36,23), (-1,-1), (-1,-1)]
Turtle 2 :[(-2,-2), (14,16), (13,16), (12,16), (11,16), (10,16), (9,16), (-2,-2), (-2,-2)]
Turtle 3 :[(-3,-3), (27,34), (28,34), (27,34), (26,34), (26,35), (25,35), (24,35), (24,36)]
Turtle 4 :[(-4,-4), (18,35), (18,34), (19,34), (19,33), (20,33), (20,32), (-4,-4), (-4,-4)]
Turtle 5 :[(-5,-5), (27,36), (27,35), (28,35), (29,35), (30,35), (30,34), (-5,-5), (-5,-5)]

Shrinking Run 13
#Info# Executed steps before collision: 6, Found collision: false
Turtle 1 :[(-1,-1), (40,24), (39,24), (38,24), (37,24), (36,24), (36,23)]
Turtle 2 :[(-2,-2), (14,16), (13,16), (12,16), (11,16), (10,16), (9,16)]
Turtle 3 :[(-3,-3), (27,34), (27,33), (27,32), (27,31), (27,30), (26,30)]
Turtle 4 :[(-4,-4), (18,35), (18,34), (19,34), (19,33), (20,33), (20,32)]
Turtle 5 :[(-5,-5), (27,36), (27,35), (28,35), (29,35), (30,35), (30,34)]

Shrinking Run 14
#Info# Executed steps before collision: 6, Found collision: false
Turtle 1 :[(-1,-1), (40,24), (39,24), (38,24), (37,24), (36,24), (36,23)]
Turtle 2 :[(-2,-2), (14,16), (13,16), (12,16), (11,16), (10,16), (9,16)]
Turtle 3 :[(-3,-3), (27,34), (27,33), (26,33), (26,32), (26,31), (25,31)]
Turtle 4 :[(-4,-4), (18,35), (18,34), (19,34), (19,33), (20,33), (20,32)]
Turtle 5 :[(-5,-5), (27,36), (27,35), (28,35), (29,35), (30,35), (30,34)]

Shrinking Run 15
#Info# Executed steps before collision: 6, Found collision: false
Turtle 1 :[(-1,-1), (40,24), (39,24), (38,24), (37,24), (36,24), (36,23)]
Turtle 2 :[(-2,-2), (14,16), (13,16), (12,16), (11,16), (10,16), (9,16)]
Turtle 3 :[(-3,-3), (27,34), (26,34), (26,35), (25,35), (-3,-3), (-3,-3)]
Turtle 4 :[(-4,-4), (18,35), (18,34), (19,34), (19,33), (20,33), (20,32)]
Turtle 5 :[(-5,-5), (27,36), (27,35), (28,35), (29,35), (30,35), (30,34)]

Shrinking Run 16
#Info# Executed steps before collision: 8, Found collision: false
Turtle 1 :[(-1,-1), (40,24), (39,24), (38,24), (37,24), (36,24), (36,23), (-1,-1), (-1,-1)]
Turtle 2 :[(-2,-2), (14,16), (13,16), (12,16), (11,16), (10,16), (9,16), (-2,-2), (-2,-2)]
Turtle 3 :[(-3,-3), (27,34), (26,34), (25,34), (25,35), (25,36), (-3,-3), (-3,-3), (-3,-3)]
Turtle 4 :[(-4,-4), (18,35), (18,34), (19,34), (19,33), (20,33), (20,32), (-4,-4), (-4,-4)]
Turtle 5 :[(-5,-5), (27,36), (26,36), (27,36), (28,36), (28,35), (28,34), (29,34), (30,34)]

Shrinking Run 17
#Info# Executed steps before collision: 3, Found collision: true
Turtle 1 :[(-1,-1), (40,24), (39,24), (38,24), (37,24), (36,24), (36,23), (-1,-1)]
Turtle 2 :[(-2,-2), (14,16), (13,16), (12,16), (11,16), (10,16), (9,16), (-2,-2)]
Turtle 3 :[(-3,-3), (27,34), (28,34), (28,35), (27,35), (26,35), (25,35), (25,36)]
Turtle 4 :[(-4,-4), (18,35), (18,34), (19,34), (19,33), (20,33), (20,32), (-4,-4)]
Turtle 5 :[(-5,-5), (27,36), (27,35), (28,35), (29,35), (30,35), (30,34), (-5,-5)]

Shrinking Run 18
#Info# Executed steps before collision: 6, Found collision: false
Turtle 1 :[(-1,-1), (40,24), (39,24), (38,24), (37,24), (36,24), (36,23)]
Turtle 2 :[(-2,-2), (14,16), (13,16), (12,16), (11,16), (10,16), (9,16)]
Turtle 3 :[(-3,-3), (27,34), (26,34), (26,35), (25,35), (25,36), (-3,-3)]
Turtle 4 :[(-4,-4), (18,35), (18,34), (19,34), (19,33), (20,33), (20,32)]
Turtle 5 :[(-5,-5), (27,36), (27,35), (28,35), (29,35), (30,35), (30,34)]

Shrinking Run 19
#Info# Executed steps before collision: 2, Found collision: true
Turtle 1 :[(-1,-1), (40,24), (39,24), (38,24), (37,24), (36,24), (36,23)]
Turtle 2 :[(-2,-2), (14,16), (13,16), (12,16), (11,16), (10,16), (9,16)]
Turtle 3 :[(-3,-3), (27,34), (27,35), (26,35), (25,35), (25,36), (-3,-3)]
Turtle 4 :[(-4,-4), (18,35), (18,34), (17,34), (17,33), (16,33), (16,32)]
Turtle 5 :[(-5,-5), (27,36), (27,35), (28,35), (29,35), (30,35), (30,34)]

Shrinking Run 20
#Info# Executed steps before collision: 2, Found collision: true
Turtle 1 :[(-1,-1), (40,24), (39,24), (38,24), (37,24), (36,24), (36,23), (-1,-1)]
Turtle 2 :[(-2,-2), (14,16), (13,16), (12,16), (11,16), (10,16), (9,16), (-2,-2)]
Turtle 3 :[(-3,-3), (27,34), (27,35), (26,35), (25,35), (25,36), (-3,-3), (-3,-3)]
Turtle 4 :[(-4,-4), (18,35), (18,34), (17,34), (16,34), (16,33), (16,32), (-4,-4)]
Turtle 5 :[(-5,-5), (27,36), (27,35), (27,35), (28,35), (29,35), (30,35), (30,34)]

Shrinking Run 21
#Info# Executed steps before collision: 2, Found collision: true
Turtle 1 :[(-1,-1), (40,24), (39,24), (38,24), (37,24), (36,24), (36,23)]
Turtle 2 :[(-2,-2), (14,16), (13,16), (12,16), (11,16), (10,16), (9,16)]
Turtle 3 :[(-3,-3), (27,34), (27,35), (26,35), (25,35), (25,36), (-3,-3)]
Turtle 4 :[(-4,-4), (18,35), (18,34), (18,33), (17,33), (16,33), (16,32)]
Turtle 5 :[(-5,-5), (27,36), (27,35), (28,35), (29,35), (30,35), (30,34)]

Shrinking Run 22
#Info# Executed steps before collision: 2, Found collision: true
Turtle 1 :[(-1,-1), (40,24), (39,24), (38,24), (37,24), (36,24), (36,23)]
Turtle 2 :[(-2,-2), (14,16), (13,16), (12,16), (11,16), (10,16), (9,16)]
Turtle 3 :[(-3,-3), (27,34), (27,35), (26,35), (25,35), (25,36), (-3,-3)]
Turtle 4 :[(-4,-4), (18,35), (18,34), (17,34), (16,34), (15,34), (15,33)]
Turtle 5 :[(-5,-5), (27,36), (27,35), (28,35), (29,35), (30,35), (30,34)]

Shrinking Run 23
#Info# Executed steps before collision: 8, Found collision: false
Turtle 1 :[(-1,-1), (40,24), (39,24), (38,24), (37,24), (36,24), (36,23), (-1,-1), (-1,-1)]
Turtle 2 :[(-2,-2), (14,16), (13,16), (12,16), (11,16), (10,16), (9,16), (-2,-2), (-2,-2)]
Turtle 3 :[(-3,-3), (27,34), (27,35), (26,35), (25,35), (25,36), (-3,-3), (-3,-3), (-3,-3)]
Turtle 4 :[(-4,-4), (18,35), (17,35), (16,35), (15,35), (14,35), (14,34), (-4,-4), (-4,-4)]
Turtle 5 :[(-5,-5), (27,36), (27,37), (28,37), (28,36), (28,35), (28,34), (29,34), (30,34)]

Shrinking Run 24
#Info# Executed steps before collision: 2, Found collision: true
Turtle 1 :[(-1,-1), (40,24), (39,24), (38,24), (37,24), (36,24), (36,23)]
Turtle 2 :[(-2,-2), (14,16), (13,16), (12,16), (11,16), (10,16), (9,16)]
Turtle 3 :[(-3,-3), (27,34), (27,35), (26,35), (26,36), (25,36), (-3,-3)]
Turtle 4 :[(-4,-4), (18,35), (18,34), (17,34), (16,34), (15,34), (14,34)]
Turtle 5 :[(-5,-5), (27,36), (27,35), (28,35), (29,35), (30,35), (30,34)]

Shrinking Run 25
#Info# Executed steps before collision: 2, Found collision: true
Turtle 1 :[(-1,-1), (40,24), (39,24), (38,24), (37,24), (36,24), (36,23)]
Turtle 2 :[(-2,-2), (14,16), (13,16), (12,16), (11,16), (10,16), (9,16)]
Turtle 3 :[(-3,-3), (27,34), (27,35), (26,35), (25,35), (25,36), (-3,-3)]
Turtle 4 :[(-4,-4), (18,35), (17,35), (17,34), (16,34), (15,34), (14,34)]
Turtle 5 :[(-5,-5), (27,36), (27,35), (28,35), (29,35), (30,35), (30,34)]

Shrinking Run 26
#Info# Executed steps before collision: 2, Found collision: true
Turtle 1 :[(-1,-1), (40,24), (39,24), (38,24), (37,24), (36,24), (36,23), (-1,-1), (-1,-1)]
Turtle 2 :[(-2,-2), (14,16), (13,16), (12,16), (11,16), (10,16), (9,16), (-2,-2), (-2,-2)]
Turtle 3 :[(-3,-3), (27,34), (27,35), (26,35), (25,35), (25,36), (-3,-3), (-3,-3), (-3,-3)]
Turtle 4 :[(-4,-4), (18,35), (17,35), (16,35), (15,35), (15,34), (14,34), (-4,-4), (-4,-4)]
Turtle 5 :[(-5,-5), (27,36), (27,35), (27,36), (27,35), (28,35), (28,34), (29,34), (30,34)]

Shrinking Run 27
#Info# Executed steps before collision: 7, Found collision: false
Turtle 1 :[(-1,-1), (40,24), (39,24), (38,24), (37,24), (36,24), (36,23), (-1,-1)]
Turtle 2 :[(-2,-2), (14,16), (13,16), (12,16), (11,16), (10,16), (9,16), (-2,-2)]
Turtle 3 :[(-3,-3), (27,34), (28,34), (27,34), (27,35), (26,35), (25,35), (25,36)]
Turtle 4 :[(-4,-4), (18,35), (17,35), (16,35), (15,35), (15,34), (14,34), (-4,-4)]
Turtle 5 :[(-5,-5), (27,36), (27,35), (26,35), (25,35), (24,35), (23,35), (-5,-5)]

Shrinking Run 28
#Info# Executed steps before collision: 2, Found collision: true
Turtle 1 :[(-1,-1), (40,24), (39,24), (38,24), (37,24), (36,24), (36,23)]
Turtle 2 :[(-2,-2), (14,16), (13,16), (12,16), (11,16), (10,16), (9,16)]
Turtle 3 :[(-3,-3), (27,34), (27,35), (26,35), (25,35), (25,36), (-3,-3)]
Turtle 4 :[(-4,-4), (18,35), (17,35), (16,35), (15,35), (15,34), (14,34)]
Turtle 5 :[(-5,-5), (27,36), (27,35), (26,35), (26,34), (25,34), (24,34)]

Shrinking Run 29
#Info# Executed steps before collision: 2, Found collision: true
Turtle 1 :[(-1,-1), (40,24), (39,24), (38,24), (37,24), (36,24), (36,23)]
Turtle 2 :[(-2,-2), (14,16), (13,16), (12,16), (11,16), (10,16), (9,16)]
Turtle 3 :[(-3,-3), (27,34), (27,35), (26,35), (25,35), (25,36), (-3,-3)]
Turtle 4 :[(-4,-4), (18,35), (17,35), (16,35), (15,35), (15,34), (14,34)]
Turtle 5 :[(-5,-5), (27,36), (27,35), (26,35), (26,34), (25,34), (25,33)]

Shrinking Run 30
#Info# Executed steps before collision: 10, Found collision: false
Turtle 1 :[(-1,-1), (40,24), (39,24), (38,24), (37,24), (36,24), (36,23), (-1,-1), (-1,-1), (-1,-1), (-1,-1)]
Turtle 2 :[(-2,-2), (14,16), (13,16), (12,16), (11,16), (10,16), (9,16), (-2,-2), (-2,-2), (-2,-2), (-2,-2)]
Turtle 3 :[(-3,-3), (27,34), (27,35), (26,35), (25,35), (25,36), (-3,-3), (-3,-3), (-3,-3), (-3,-3), (-3,-3)]
Turtle 4 :[(-4,-4), (18,35), (17,35), (16,35), (15,35), (15,34), (14,34), (-4,-4), (-4,-4), (-4,-4), (-4,-4)]
Turtle 5 :[(-5,-5), (27,36), (26,36), (25,36), (26,36), (27,36), (26,36), (26,35), (25,35), (25,34), (24,34)]

Shrinking Run 31
#Info# Executed steps before collision: 2, Found collision: true
Turtle 1 :[(-1,-1), (40,24), (39,24), (38,24), (38,23), (37,23), (37,22)]
Turtle 2 :[(-2,-2), (14,16), (13,16), (12,16), (11,16), (10,16), (9,16)]
Turtle 3 :[(-3,-3), (27,34), (27,35), (26,35), (25,35), (25,36), (-3,-3)]
Turtle 4 :[(-4,-4), (18,35), (17,35), (16,35), (15,35), (15,34), (14,34)]
Turtle 5 :[(-5,-5), (27,36), (27,35), (26,35), (26,34), (25,34), (24,34)]

Shrinking Run 32
#Info# Executed steps before collision: 2, Found collision: true
Turtle 1 :[(-1,-1), (40,24), (40,23), (40,22), (40,21), (39,21), (39,20), (-1,-1), (-1,-1)]
Turtle 2 :[(-2,-2), (14,16), (13,16), (12,16), (11,16), (10,16), (9,16), (-2,-2), (-2,-2)]
Turtle 3 :[(-3,-3), (27,34), (27,35), (26,35), (25,35), (25,36), (-3,-3), (-3,-3), (-3,-3)]
Turtle 4 :[(-4,-4), (18,35), (17,35), (16,35), (15,35), (15,34), (14,34), (-4,-4), (-4,-4)]
Turtle 5 :[(-5,-5), (27,36), (27,35), (27,36), (26,36), (26,35), (25,35), (25,34), (24,34)]

Shrinking Run 33
#Info# Executed steps before collision: 8, Found collision: false
Turtle 1 :[(-1,-1), (40,24), (40,23), (39,23), (39,22), (38,22), (38,21), (-1,-1), (-1,-1)]
Turtle 2 :[(-2,-2), (14,16), (13,16), (12,16), (11,16), (10,16), (9,16), (-2,-2), (-2,-2)]
Turtle 3 :[(-3,-3), (27,34), (27,34), (28,34), (28,35), (28,36), (27,36), (26,36), (25,36)]
Turtle 4 :[(-4,-4), (18,35), (17,35), (16,35), (15,35), (15,34), (14,34), (-4,-4), (-4,-4)]
Turtle 5 :[(-5,-5), (27,36), (27,35), (26,35), (25,35), (24,35), (24,34), (-5,-5), (-5,-5)]

Shrinking Run 34
#Info# Executed steps before collision: 3, Found collision: true
Turtle 1 :[(-1,-1), (40,24), (40,23), (40,22), (39,22), (38,22), (38,21), (-1,-1), (-1,-1), (-1,-1)]
Turtle 2 :[(-2,-2), (14,16), (13,16), (12,16), (11,16), (10,16), (9,16), (-2,-2), (-2,-2), (-2,-2)]
Turtle 3 :[(-3,-3), (27,34), (27,35), (27,36), (26,36), (25,36), (-3,-3), (-3,-3), (-3,-3), (-3,-3)]
Turtle 4 :[(-4,-4), (18,35), (17,35), (16,35), (15,35), (15,34), (14,34), (-4,-4), (-4,-4), (-4,-4)]
Turtle 5 :[(-5,-5), (27,36), (28,36), (27,36), (27,36), (27,35), (26,35), (25,35), (24,35), (24,34)]

Shrinking Run 35
#Info# Executed steps before collision: 2, Found collision: true
Turtle 1 :[(-1,-1), (40,24), (39,24), (39,23), (38,23), (37,23), (37,22), (-1,-1), (-1,-1), (-1,-1), (-1,-1), (-1,-1)]
Turtle 2 :[(-2,-2), (14,16), (13,16), (12,16), (11,16), (10,16), (9,16), (-2,-2), (-2,-2), (-2,-2), (-2,-2), (-2,-2)]
Turtle 3 :[(-3,-3), (27,34), (27,35), (26,35), (25,35), (25,36), (-3,-3), (-3,-3), (-3,-3), (-3,-3), (-3,-3), (-3,-3)]
Turtle 4 :[(-4,-4), (18,35), (17,35), (16,35), (15,35), (15,34), (14,34), (-4,-4), (-4,-4), (-4,-4), (-4,-4), (-4,-4)]
Turtle 5 :[(-5,-5), (27,36), (27,35), (26,35), (26,35), (26,36), (27,36), (26,36), (26,35), (25,35), (24,35), (24,34)]

Shrinking Run 36
#Info# Executed steps before collision: 2, Found collision: true
Turtle 1 :[(-1,-1), (40,24), (39,24), (39,23), (38,23), (37,23), (36,23), (-1,-1), (-1,-1), (-1,-1), (-1,-1)]
Turtle 2 :[(-2,-2), (14,16), (13,16), (12,16), (11,16), (10,16), (9,16), (-2,-2), (-2,-2), (-2,-2), (-2,-2)]
Turtle 3 :[(-3,-3), (27,34), (27,35), (26,35), (25,35), (25,36), (-3,-3), (-3,-3), (-3,-3), (-3,-3), (-3,-3)]
Turtle 4 :[(-4,-4), (18,35), (17,35), (16,35), (15,35), (15,34), (14,34), (-4,-4), (-4,-4), (-4,-4), (-4,-4)]
Turtle 5 :[(-5,-5), (27,36), (27,35), (26,35), (26,36), (27,36), (26,36), (26,35), (25,35), (25,34), (24,34)]

Shrinking Run 37
#Info# Executed steps before collision: 7, Found collision: false
Turtle 1 :[(-1,-1), (40,24), (40,23), (39,23), (38,23), (37,23), (36,23), (-1,-1)]
Turtle 2 :[(-2,-2), (14,16), (13,16), (12,16), (11,16), (10,16), (9,16), (-2,-2)]
Turtle 3 :[(-3,-3), (27,34), (28,34), (27,34), (27,35), (26,35), (26,36), (25,36)]
Turtle 4 :[(-4,-4), (18,35), (17,35), (16,35), (15,35), (15,34), (14,34), (-4,-4)]
Turtle 5 :[(-5,-5), (27,36), (27,35), (26,35), (25,35), (24,35), (24,34), (-5,-5)]

Shrinking Run 38
#Info# Executed steps before collision: 2, Found collision: true
Turtle 1 :[(-1,-1), (40,24), (39,24), (39,23), (38,23), (37,23), (36,23), (-1,-1), (-1,-1), (-1,-1)]
Turtle 2 :[(-2,-2), (14,16), (13,16), (13,15), (12,15), (11,15), (11,14), (-2,-2), (-2,-2), (-2,-2)]
Turtle 3 :[(-3,-3), (27,34), (27,35), (26,35), (25,35), (25,36), (-3,-3), (-3,-3), (-3,-3), (-3,-3)]
Turtle 4 :[(-4,-4), (18,35), (17,35), (16,35), (15,35), (15,34), (14,34), (-4,-4), (-4,-4), (-4,-4)]
Turtle 5 :[(-5,-5), (27,36), (27,35), (26,35), (26,36), (26,36), (26,35), (26,34), (25,34), (24,34)]

Shrinking Run 39
#Info# Executed steps before collision: 2, Found collision: true
Turtle 1 :[(-1,-1), (40,24), (39,24), (39,23), (38,23), (37,23), (36,23), (-1,-1), (-1,-1)]
Turtle 2 :[(-2,-2), (14,16), (13,16), (12,16), (11,16), (10,16), (10,15), (-2,-2), (-2,-2)]
Turtle 3 :[(-3,-3), (27,34), (27,35), (26,35), (25,35), (25,36), (-3,-3), (-3,-3), (-3,-3)]
Turtle 4 :[(-4,-4), (18,35), (17,35), (16,35), (15,35), (15,34), (14,34), (-4,-4), (-4,-4)]
Turtle 5 :[(-5,-5), (27,36), (27,35), (26,35), (27,35), (27,34), (26,34), (25,34), (24,34)]

Shrinking Run 40
#Info# Executed steps before collision: 2, Found collision: true
Turtle 1 :[(-1,-1), (40,24), (39,24), (39,23), (38,23), (37,23), (36,23)]
Turtle 2 :[(-2,-2), (14,16), (13,16), (12,16), (11,16), (10,16), (9,16)]
Turtle 3 :[(-3,-3), (27,34), (27,35), (26,35), (26,36), (25,36), (24,36)]
Turtle 4 :[(-4,-4), (18,35), (17,35), (16,35), (15,35), (15,34), (14,34)]
Turtle 5 :[(-5,-5), (27,36), (27,35), (26,35), (25,35), (24,35), (24,34)]

Shrinking Run 41
#Info# Executed steps before collision: 6, Found collision: false
Turtle 1 :[(-1,-1), (40,24), (39,24), (39,23), (38,23), (37,23), (36,23)]
Turtle 2 :[(-2,-2), (14,16), (13,16), (12,16), (11,16), (10,16), (9,16)]
Turtle 3 :[(-3,-3), (27,34), (27,33), (26,33), (26,32), (26,31), (25,31)]
Turtle 4 :[(-4,-4), (18,35), (17,35), (16,35), (15,35), (15,34), (14,34)]
Turtle 5 :[(-5,-5), (27,36), (27,35), (26,35), (25,35), (24,35), (24,34)]

Shrinking Run 42
#Info# Executed steps before collision: 6, Found collision: false
Turtle 1 :[(-1,-1), (40,24), (39,24), (39,23), (38,23), (37,23), (36,23)]
Turtle 2 :[(-2,-2), (14,16), (13,16), (12,16), (11,16), (10,16), (9,16)]
Turtle 3 :[(-3,-3), (27,34), (27,33), (26,33), (26,32), (25,32), (24,32)]
Turtle 4 :[(-4,-4), (18,35), (17,35), (16,35), (15,35), (15,34), (14,34)]
Turtle 5 :[(-5,-5), (27,36), (27,35), (26,35), (25,35), (24,35), (24,34)]

Shrinking Run 43
#Info# Executed steps before collision: 8, Found collision: false
Turtle 1 :[(-1,-1), (40,24), (39,24), (39,23), (38,23), (37,23), (36,23), (-1,-1), (-1,-1)]
Turtle 2 :[(-2,-2), (14,16), (13,16), (12,16), (11,16), (10,16), (9,16), (-2,-2), (-2,-2)]
Turtle 3 :[(-3,-3), (27,34), (26,34), (25,34), (25,35), (24,35), (23,35), (-3,-3), (-3,-3)]
Turtle 4 :[(-4,-4), (18,35), (17,35), (16,35), (15,35), (15,34), (14,34), (-4,-4), (-4,-4)]
Turtle 5 :[(-5,-5), (27,36), (27,35), (26,35), (26,36), (26,35), (25,35), (25,34), (24,34)]

Shrinking Run 44
#Info# Executed steps before collision: 8, Found collision: false
Turtle 1 :[(-1,-1), (40,24), (39,24), (39,23), (38,23), (37,23), (36,23), (-1,-1), (-1,-1)]
Turtle 2 :[(-2,-2), (14,16), (13,16), (12,16), (11,16), (10,16), (9,16), (-2,-2), (-2,-2)]
Turtle 3 :[(-3,-3), (27,34), (27,35), (26,35), (25,35), (24,35), (23,35), (-3,-3), (-3,-3)]
Turtle 4 :[(-4,-4), (18,35), (17,35), (16,35), (15,35), (15,34), (14,34), (-4,-4), (-4,-4)]
Turtle 5 :[(-5,-5), (27,36), (27,37), (27,36), (26,36), (26,35), (25,35), (25,34), (24,34)]

Shrinking Run 45
#Info# Executed steps before collision: 3, Found collision: true
Turtle 1 :[(-1,-1), (40,24), (39,24), (39,23), (38,23), (37,23), (36,23)]
Turtle 2 :[(-2,-2), (14,16), (13,16), (12,16), (11,16), (10,16), (9,16)]
Turtle 3 :[(-3,-3), (27,34), (26,34), (26,35), (26,36), (25,36), (24,36)]
Turtle 4 :[(-4,-4), (18,35), (17,35), (16,35), (15,35), (15,34), (14,34)]
Turtle 5 :[(-5,-5), (27,36), (27,35), (26,35), (25,35), (24,35), (24,34)]

Shrinking Run 46
#Info# Executed steps before collision: 10, Found collision: false
Turtle 1 :[(-1,-1), (40,24), (39,24), (39,23), (38,23), (37,23), (36,23), (-1,-1), (-1,-1), (-1,-1), (-1,-1)]
Turtle 2 :[(-2,-2), (14,16), (13,16), (12,16), (11,16), (10,16), (9,16), (-2,-2), (-2,-2), (-2,-2), (-2,-2)]
Turtle 3 :[(-3,-3), (27,34), (26,34), (26,35), (26,36), (25,36), (24,36), (-3,-3), (-3,-3), (-3,-3), (-3,-3)]
Turtle 4 :[(-4,-4), (18,35), (17,35), (16,35), (15,35), (14,35), (14,34), (-4,-4), (-4,-4), (-4,-4), (-4,-4)]
Turtle 5 :[(-5,-5), (27,36), (27,37), (26,37), (25,37), (25,38), (25,37), (25,36), (24,36), (24,35), (24,34)]

Shrinking Run 47
#Info# Executed steps before collision: 3, Found collision: true
Turtle 1 :[(-1,-1), (40,24), (39,24), (39,23), (38,23), (37,23), (36,23)]
Turtle 2 :[(-2,-2), (14,16), (13,16), (12,16), (11,16), (10,16), (9,16)]
Turtle 3 :[(-3,-3), (27,34), (26,34), (26,35), (26,36), (25,36), (24,36)]
Turtle 4 :[(-4,-4), (18,35), (17,35), (16,35), (15,35), (15,34), (14,34)]
Turtle 5 :[(-5,-5), (27,36), (27,35), (26,35), (25,35), (24,35), (23,35)]

Shrinking Run 48
#Info# Executed steps before collision: 3, Found collision: true
Turtle 1 :[(-1,-1), (40,24), (39,24), (39,23), (38,23), (37,23), (36,23)]
Turtle 2 :[(-2,-2), (14,16), (13,16), (12,16), (11,16), (10,16), (9,16)]
Turtle 3 :[(-3,-3), (27,34), (26,34), (26,35), (26,36), (25,36), (24,36)]
Turtle 4 :[(-4,-4), (18,35), (17,35), (16,35), (15,35), (15,34), (14,34)]
Turtle 5 :[(-5,-5), (27,36), (27,35), (26,35), (26,34), (25,34), (25,33)]

Shrinking Run 49
#Info# Executed steps before collision: 6, Found collision: false
Turtle 1 :[(-1,-1), (40,24), (39,24), (39,23), (38,23), (37,23), (36,23)]
Turtle 2 :[(-2,-2), (14,16), (13,16), (12,16), (11,16), (10,16), (9,16)]
Turtle 3 :[(-3,-3), (27,34), (26,34), (26,35), (26,36), (25,36), (24,36)]
Turtle 4 :[(-4,-4), (18,35), (17,35), (16,35), (15,35), (15,34), (14,34)]
Turtle 5 :[(-5,-5), (27,36), (26,36), (25,36), (25,35), (24,35), (24,34)]

Shrinking Run 50
#Info# Executed steps before collision: 3, Found collision: true
Turtle 1 :[(-1,-1), (40,24), (40,23), (39,23), (39,22), (38,22), (38,21)]
Turtle 2 :[(-2,-2), (14,16), (13,16), (12,16), (11,16), (10,16), (9,16)]
Turtle 3 :[(-3,-3), (27,34), (26,34), (26,35), (26,36), (25,36), (24,36)]
Turtle 4 :[(-4,-4), (18,35), (17,35), (16,35), (15,35), (15,34), (14,34)]
Turtle 5 :[(-5,-5), (27,36), (27,35), (26,35), (25,35), (24,35), (23,35)]

Shrinking Run 51
#Info# Executed steps before collision: 3, Found collision: true
Turtle 1 :[(-1,-1), (40,24), (40,23), (39,23), (38,23), (37,23), (37,22)]
Turtle 2 :[(-2,-2), (14,16), (13,16), (12,16), (11,16), (10,16), (9,16)]
Turtle 3 :[(-3,-3), (27,34), (26,34), (26,35), (26,36), (25,36), (24,36)]
Turtle 4 :[(-4,-4), (18,35), (17,35), (16,35), (15,35), (15,34), (14,34)]
Turtle 5 :[(-5,-5), (27,36), (27,35), (26,35), (25,35), (24,35), (23,35)]

Shrinking Run 52
#Info# Executed steps before collision: 3, Found collision: true
Turtle 1 :[(-1,-1), (40,24), (39,24), (38,24), (37,24), (36,24), (36,23)]
Turtle 2 :[(-2,-2), (14,16), (13,16), (12,16), (11,16), (10,16), (9,16)]
Turtle 3 :[(-3,-3), (27,34), (26,34), (26,35), (26,36), (25,36), (24,36)]
Turtle 4 :[(-4,-4), (18,35), (17,35), (16,35), (15,35), (15,34), (14,34)]
Turtle 5 :[(-5,-5), (27,36), (27,35), (26,35), (25,35), (24,35), (23,35)]

Shrinking Run 53
#Info# Executed steps before collision: 8, Found collision: false
Turtle 1 :[(-1,-1), (40,24), (39,24), (38,24), (37,24), (36,24), (35,24), (-1,-1), (-1,-1)]
Turtle 2 :[(-2,-2), (14,16), (13,16), (12,16), (11,16), (10,16), (9,16), (-2,-2), (-2,-2)]
Turtle 3 :[(-3,-3), (27,34), (26,34), (26,35), (26,36), (25,36), (24,36), (-3,-3), (-3,-3)]
Turtle 4 :[(-4,-4), (18,35), (17,35), (16,35), (15,35), (15,34), (14,34), (-4,-4), (-4,-4)]
Turtle 5 :[(-5,-5), (27,36), (27,35), (28,35), (27,35), (26,35), (25,35), (24,35), (23,35)]

Shrinking Run 54
#Info# Executed steps before collision: 8, Found collision: false
Turtle 1 :[(-1,-1), (40,24), (39,24), (38,24), (37,24), (36,24), (36,23), (-1,-1), (-1,-1)]
Turtle 2 :[(-2,-2), (14,16), (13,16), (12,16), (11,16), (10,16), (9,16), (-2,-2), (-2,-2)]
Turtle 3 :[(-3,-3), (27,34), (27,33), (26,33), (26,32), (26,31), (25,31), (-3,-3), (-3,-3)]
Turtle 4 :[(-4,-4), (18,35), (17,35), (16,35), (15,35), (15,34), (14,34), (-4,-4), (-4,-4)]
Turtle 5 :[(-5,-5), (27,36), (27,37), (27,36), (26,36), (25,36), (25,35), (24,35), (23,35)]

Shrinking Run 55
#Info# Executed steps before collision: 6, Found collision: false
Turtle 1 :[(-1,-1), (40,24), (39,24), (38,24), (37,24), (36,24), (36,23)]
Turtle 2 :[(-2,-2), (14,16), (13,16), (12,16), (11,16), (10,16), (9,16)]
Turtle 3 :[(-3,-3), (27,34), (27,33), (26,33), (26,32), (25,32), (24,32)]
Turtle 4 :[(-4,-4), (18,35), (17,35), (16,35), (15,35), (15,34), (14,34)]
Turtle 5 :[(-5,-5), (27,36), (27,35), (26,35), (25,35), (24,35), (23,35)]

Shrinking Run 56
#Info# Executed steps before collision: 9, Found collision: false
Turtle 1 :[(-1,-1), (40,24), (39,24), (38,24), (37,24), (36,24), (36,23), (-1,-1), (-1,-1), (-1,-1)]
Turtle 2 :[(-2,-2), (14,16), (13,16), (12,16), (11,16), (10,16), (9,16), (-2,-2), (-2,-2), (-2,-2)]
Turtle 3 :[(-3,-3), (27,34), (26,34), (25,34), (25,35), (24,35), (23,35), (-3,-3), (-3,-3), (-3,-3)]
Turtle 4 :[(-4,-4), (18,35), (17,35), (16,35), (15,35), (15,34), (14,34), (-4,-4), (-4,-4), (-4,-4)]
Turtle 5 :[(-5,-5), (27,36), (27,35), (26,35), (26,35), (26,34), (25,34), (24,34), (24,35), (23,35)]

Shrinking Run 57
#Info# Executed steps before collision: 8, Found collision: false
Turtle 1 :[(-1,-1), (40,24), (39,24), (38,24), (37,24), (36,24), (36,23), (-1,-1), (-1,-1)]
Turtle 2 :[(-2,-2), (14,16), (13,16), (12,16), (11,16), (10,16), (9,16), (-2,-2), (-2,-2)]
Turtle 3 :[(-3,-3), (27,34), (28,34), (27,34), (26,34), (25,34), (24,34), (23,34), (23,35)]
Turtle 4 :[(-4,-4), (18,35), (17,35), (16,35), (15,35), (15,34), (14,34), (-4,-4), (-4,-4)]
Turtle 5 :[(-5,-5), (27,36), (27,35), (26,35), (25,35), (24,35), (23,35), (-5,-5), (-5,-5)]

Shrinking Run 58
#Info# Executed steps before collision: 3, Found collision: true
Turtle 1 :[(-1,-1), (40,24), (39,24), (38,24), (37,24), (36,24), (36,23)]
Turtle 2 :[(-2,-2), (14,16), (13,16), (12,16), (11,16), (10,16), (9,16)]
Turtle 3 :[(-3,-3), (27,34), (26,34), (26,35), (26,36), (25,36), (24,36)]
Turtle 4 :[(-4,-4), (18,35), (17,35), (16,35), (15,35), (14,35), (14,34)]
Turtle 5 :[(-5,-5), (27,36), (27,35), (26,35), (25,35), (24,35), (23,35)]

Shrinking Run 59
#Info# Executed steps before collision: 3, Found collision: true
Turtle 1 :[(-1,-1), (40,24), (39,24), (38,24), (37,24), (36,24), (36,23)]
Turtle 2 :[(-2,-2), (14,16), (13,16), (12,16), (11,16), (10,16), (9,16)]
Turtle 3 :[(-3,-3), (27,34), (26,34), (26,35), (26,36), (25,36), (24,36)]
Turtle 4 :[(-4,-4), (18,35), (17,35), (16,35), (15,35), (14,35), (13,35)]
Turtle 5 :[(-5,-5), (27,36), (27,35), (26,35), (25,35), (24,35), (23,35)]

Shrinking Run 60
#Info# Executed steps before collision: 6, Found collision: false
Turtle 1 :[(-1,-1), (40,24), (39,24), (38,24), (37,24), (36,24), (36,23)]
Turtle 2 :[(-2,-2), (14,16), (13,16), (12,16), (11,16), (10,16), (9,16)]
Turtle 3 :[(-3,-3), (27,34), (26,34), (26,35), (26,36), (25,36), (24,36)]
Turtle 4 :[(-4,-4), (18,35), (17,35), (16,35), (15,35), (14,35), (13,35)]
Turtle 5 :[(-5,-5), (27,36), (26,36), (25,36), (25,35), (24,35), (24,34)]

Shrinking Run 61
#Info# Executed steps before collision: 3, Found collision: true
Turtle 1 :[(-1,-1), (40,24), (39,24), (38,24), (37,24), (36,24), (35,24)]
Turtle 2 :[(-2,-2), (14,16), (13,16), (12,16), (11,16), (10,16), (9,16)]
Turtle 3 :[(-3,-3), (27,34), (26,34), (26,35), (26,36), (25,36), (24,36)]
Turtle 4 :[(-4,-4), (18,35), (17,35), (16,35), (15,35), (14,35), (13,35)]
Turtle 5 :[(-5,-5), (27,36), (27,35), (26,35), (25,35), (24,35), (23,35)]

Shrinking Run 62
#Info# Executed steps before collision: 6, Found collision: false
Turtle 1 :[(-1,-1), (40,24), (39,24), (38,24), (37,24), (36,24), (35,24)]
Turtle 2 :[(-2,-2), (14,16), (13,16), (12,16), (11,16), (10,16), (9,16)]
Turtle 3 :[(-3,-3), (27,34), (27,33), (26,33), (26,32), (26,31), (25,31)]
Turtle 4 :[(-4,-4), (18,35), (17,35), (16,35), (15,35), (14,35), (13,35)]
Turtle 5 :[(-5,-5), (27,36), (27,35), (26,35), (25,35), (24,35), (23,35)]

Shrinking Run 63
#Info# Executed steps before collision: 6, Found collision: false
Turtle 1 :[(-1,-1), (40,24), (39,24), (38,24), (37,24), (36,24), (35,24)]
Turtle 2 :[(-2,-2), (14,16), (13,16), (12,16), (11,16), (10,16), (9,16)]
Turtle 3 :[(-3,-3), (27,34), (27,33), (26,33), (26,32), (25,32), (24,32)]
Turtle 4 :[(-4,-4), (18,35), (17,35), (16,35), (15,35), (14,35), (13,35)]
Turtle 5 :[(-5,-5), (27,36), (27,35), (26,35), (25,35), (24,35), (23,35)]

Shrinking Run 64
#Info# Executed steps before collision: 9, Found collision: false
Turtle 1 :[(-1,-1), (40,24), (39,24), (38,24), (37,24), (36,24), (35,24), (-1,-1), (-1,-1), (-1,-1)]
Turtle 2 :[(-2,-2), (14,16), (13,16), (12,16), (11,16), (10,16), (9,16), (-2,-2), (-2,-2), (-2,-2)]
Turtle 3 :[(-3,-3), (27,34), (26,34), (25,34), (25,35), (24,35), (23,35), (-3,-3), (-3,-3), (-3,-3)]
Turtle 4 :[(-4,-4), (18,35), (17,35), (16,35), (15,35), (14,35), (13,35), (-4,-4), (-4,-4), (-4,-4)]
Turtle 5 :[(-5,-5), (27,36), (27,35), (26,35), (26,35), (26,34), (25,34), (25,35), (24,35), (23,35)]

Shrinking Run 65
#Info# Executed steps before collision: 2, Found collision: true
Turtle 1 :[(-1,-1), (40,24), (39,24), (38,24), (37,24), (36,24), (35,24), (-1,-1), (-1,-1)]
Turtle 2 :[(-2,-2), (14,16), (13,16), (12,16), (11,16), (10,16), (9,16), (-2,-2), (-2,-2)]
Turtle 3 :[(-3,-3), (27,34), (27,35), (26,35), (25,35), (24,35), (23,35), (-3,-3), (-3,-3)]
Turtle 4 :[(-4,-4), (18,35), (17,35), (16,35), (15,35), (14,35), (13,35), (-4,-4), (-4,-4)]
Turtle 5 :[(-5,-5), (27,36), (27,35), (26,35), (26,34), (25,34), (25,35), (24,35), (23,35)]

Shrinking Run 66
#Info# Executed steps before collision: 3, Found collision: true
Turtle 1 :[(-1,-1), (40,24), (39,24), (38,24), (37,24), (36,24), (35,24), (-1,-1), (-1,-1), (-1,-1)]
Turtle 2 :[(-2,-2), (14,16), (13,16), (12,16), (11,16), (10,16), (9,16), (-2,-2), (-2,-2), (-2,-2)]
Turtle 3 :[(-3,-3), (27,34), (26,34), (26,35), (25,35), (24,35), (23,35), (-3,-3), (-3,-3), (-3,-3)]
Turtle 4 :[(-4,-4), (18,35), (17,35), (16,35), (15,35), (14,35), (13,35), (-4,-4), (-4,-4), (-4,-4)]
Turtle 5 :[(-5,-5), (27,36), (27,35), (26,35), (26,35), (27,35), (26,35), (25,35), (24,35), (23,35)]

Shrink Run 67
#Info# Executed steps before collision: 9, Found collision: false
Turtle 1 :[(-1,-1), (40,24), (39,24), (38,24), (37,24), (36,24), (35,24), (-1,-1), (-1,-1), (-1,-1)]
Turtle 2 :[(-2,-2), (14,16), (13,16), (12,16), (11,16), (10,16), (9,16), (-2,-2), (-2,-2), (-2,-2)]
Turtle 3 :[(-3,-3), (27,34), (26,34), (26,35), (25,35), (24,35), (23,35), (-3,-3), (-3,-3), (-3,-3)]
Turtle 4 :[(-4,-4), (18,35), (17,35), (16,35), (15,35), (14,35), (13,35), (-4,-4), (-4,-4), (-4,-4)]
Turtle 5 :[(-5,-5), (27,36), (26,36), (25,36), (25,36), (25,37), (25,36), (24,36), (24,35), (24,34)]

