Shrinking Run 1
#Info# Executed steps before collision: 5, Found collision: true
Turtle 1 :[(-1,-1), (8,9), (8,8), (8,7), (7,7), (6,7), (5,7)]
Turtle 2 :[(-2,-2), (13,12), (13,11), (13,10), (13,9), (14,9), (14,8)]
Turtle 3 :[(-3,-3), (11,0), (12,0), (12,1), (12,0), (13,0), (14,0)]
Turtle 4 :[(-4,-4), (4,3), (3,3), (4,3), (5,3), (5,4), (-4,-4)]
Turtle 5 :[(-5,-5), (14,3), (14,2), (14,1), (14,0), (13,0), (-5,-5)]

Shrinking Run 2
#Info# Executed steps before collision: 8, Found collision: false
Turtle 1 :[(-1,-1), (8,9), (8,8), (8,7), (7,7), (7,6), (6,6), (-1,-1), (-1,-1)]
Turtle 2 :[(-2,-2), (13,12), (13,11), (13,10), (13,9), (14,9), (14,8), (-2,-2), (-2,-2)]
Turtle 3 :[(-3,-3), (11,0), (12,0), (12,1), (12,0), (13,0), (12,0), (13,0), (14,0)]
Turtle 4 :[(-4,-4), (4,3), (3,3), (4,3), (5,3), (5,4), (-4,-4), (-4,-4), (-4,-4)]
Turtle 5 :[(-5,-5), (14,3), (14,2), (14,1), (14,0), (14,0), (14,1), (14,0), (13,0)]

Shrinking Run 3
#Info# Executed steps before collision: 7, Found collision: false
Turtle 1 :[(-1,-1), (8,9), (8,8), (7,8), (6,8), (6,7), (5,7), (-1,-1)]
Turtle 2 :[(-2,-2), (13,12), (13,11), (13,10), (13,9), (14,9), (14,8), (-2,-2)]
Turtle 3 :[(-3,-3), (11,0), (12,0), (12,1), (12,0), (13,0), (14,0), (-3,-3)]
Turtle 4 :[(-4,-4), (4,3), (3,3), (4,3), (5,3), (5,4), (-4,-4), (-4,-4)]
Turtle 5 :[(-5,-5), (14,3), (14,2), (14,1), (14,0), (14,1), (13,1), (13,0)]

Shrinking Run 4
#Info# Executed steps before collision: 7, Found collision: false
Turtle 1 :[(-1,-1), (8,9), (7,9), (7,8), (6,8), (5,8), (4,8), (-1,-1)]
Turtle 2 :[(-2,-2), (13,12), (13,11), (13,10), (13,9), (14,9), (14,8), (-2,-2)]
Turtle 3 :[(-3,-3), (11,0), (12,0), (12,1), (12,0), (13,0), (14,0), (-3,-3)]
Turtle 4 :[(-4,-4), (4,3), (3,3), (4,3), (5,3), (5,4), (-4,-4), (-4,-4)]
Turtle 5 :[(-5,-5), (14,3), (14,2), (14,1), (14,0), (14,1), (13,1), (13,0)]

Shrinking Run 5
#Info# Executed steps before collision: 5, Found collision: true
Turtle 1 :[(-1,-1), (8,9), (7,9), (6,9), (6,8), (6,7), (5,7)]
Turtle 2 :[(-2,-2), (13,12), (13,11), (13,10), (13,9), (14,9), (14,8)]
Turtle 3 :[(-3,-3), (11,0), (12,0), (12,1), (12,0), (13,0), (14,0)]
Turtle 4 :[(-4,-4), (4,3), (3,3), (4,3), (5,3), (5,4), (-4,-4)]
Turtle 5 :[(-5,-5), (14,3), (14,2), (14,1), (14,0), (13,0), (-5,-5)]

Shrinking Run 6
#Info# Executed steps before collision: 6, Found collision: true
Turtle 1 :[(-1,-1), (8,9), (7,9), (7,8), (6,8), (6,7), (5,7), (-1,-1)]
Turtle 2 :[(-2,-2), (13,12), (13,11), (13,10), (13,9), (12,9), (11,9), (-2,-2)]
Turtle 3 :[(-3,-3), (11,0), (12,0), (12,1), (12,0), (13,0), (14,0), (-3,-3)]
Turtle 4 :[(-4,-4), (4,3), (3,3), (4,3), (5,3), (5,4), (-4,-4), (-4,-4)]
Turtle 5 :[(-5,-5), (14,3), (14,2), (14,1), (14,0), (14,1), (14,0), (13,0)]

Shrinking Run 7
#Info# Executed steps before collision: 6, Found collision: true
Turtle 1 :[(-1,-1), (8,9), (7,9), (7,8), (6,8), (6,7), (5,7), (-1,-1)]
Turtle 2 :[(-2,-2), (13,12), (12,12), (12,11), (12,10), (11,10), (10,10), (-2,-2)]
Turtle 3 :[(-3,-3), (11,0), (12,0), (12,1), (12,0), (13,0), (14,0), (-3,-3)]
Turtle 4 :[(-4,-4), (4,3), (3,3), (4,3), (5,3), (5,4), (-4,-4), (-4,-4)]
Turtle 5 :[(-5,-5), (14,3), (14,2), (14,1), (14,0), (15,0), (14,0), (13,0)]

Shrinking Run 8
#Info# Executed steps before collision: 7, Found collision: false
Turtle 1 :[(-1,-1), (8,9), (7,9), (7,8), (6,8), (6,7), (5,7), (-1,-1)]
Turtle 2 :[(-2,-2), (13,12), (12,12), (12,11), (11,11), (10,11), (10,10), (-2,-2)]
Turtle 3 :[(-3,-3), (11,0), (12,0), (12,1), (12,0), (13,0), (14,0), (-3,-3)]
Turtle 4 :[(-4,-4), (4,3), (3,3), (4,3), (5,3), (5,4), (-4,-4), (-4,-4)]
Turtle 5 :[(-5,-5), (14,3), (14,2), (14,1), (14,0), (14,1), (13,1), (13,0)]

Shrinking Run 9
#Info# Executed steps before collision: 9, Found collision: false
Turtle 1 :[(-1,-1), (8,9), (7,9), (7,8), (6,8), (6,7), (5,7), (-1,-1), (-1,-1), (-1,-1)]
Turtle 2 :[(-2,-2), (13,12), (12,12), (11,12), (11,11), (10,11), (10,10), (-2,-2), (-2,-2), (-2,-2)]
Turtle 3 :[(-3,-3), (11,0), (12,0), (12,1), (12,0), (13,0), (14,0), (-3,-3), (-3,-3), (-3,-3)]
Turtle 4 :[(-4,-4), (4,3), (3,3), (4,3), (5,3), (5,4), (-4,-4), (-4,-4), (-4,-4), (-4,-4)]
Turtle 5 :[(-5,-5), (14,3), (14,2), (14,1), (14,0), (15,0), (15,0), (15,0), (14,0), (13,0)]

Shrinking Run 10
#Info# Executed steps before collision: 6, Found collision: true
Turtle 1 :[(-1,-1), (8,9), (7,9), (7,8), (6,8), (6,7), (5,7), (-1,-1)]
Turtle 2 :[(-2,-2), (13,12), (12,12), (11,12), (11,11), (11,10), (10,10), (-2,-2)]
Turtle 3 :[(-3,-3), (11,0), (12,0), (12,1), (12,0), (13,0), (14,0), (-3,-3)]
Turtle 4 :[(-4,-4), (4,3), (3,3), (4,3), (5,3), (5,4), (-4,-4), (-4,-4)]
Turtle 5 :[(-5,-5), (14,3), (14,2), (14,1), (14,0), (14,1), (14,0), (13,0)]

Shrinking Run 11
#Info# Executed steps before collision: 6, Found collision: false
Turtle 1 :[(-1,-1), (8,9), (7,9), (7,8), (6,8), (6,7), (5,7)]
Turtle 2 :[(-2,-2), (13,12), (12,12), (11,12), (11,11), (11,10), (10,10)]
Turtle 3 :[(-3,-3), (11,0), (11,1), (11,0), (12,0), (13,0), (-3,-3)]
Turtle 4 :[(-4,-4), (4,3), (3,3), (4,3), (5,3), (5,4), (-4,-4)]
Turtle 5 :[(-5,-5), (14,3), (14,2), (14,1), (14,0), (14,0), (13,0)]

Shrinking Run 12
#Info# Executed steps before collision: 7, Found collision: false
Turtle 1 :[(-1,-1), (8,9), (7,9), (7,8), (6,8), (6,7), (5,7), (-1,-1)]
Turtle 2 :[(-2,-2), (13,12), (12,12), (11,12), (11,11), (11,10), (10,10), (-2,-2)]
Turtle 3 :[(-3,-3), (11,0), (12,0), (13,0), (14,0), (-3,-3), (-3,-3), (-3,-3)]
Turtle 4 :[(-4,-4), (4,3), (3,3), (4,3), (5,3), (5,4), (-4,-4), (-4,-4)]
Turtle 5 :[(-5,-5), (14,3), (14,2), (14,1), (15,1), (14,1), (13,1), (13,0)]

Shrinking Run 13
#Info# Executed steps before collision: 6, Found collision: true
Turtle 1 :[(-1,-1), (8,9), (7,9), (7,8), (6,8), (6,7), (5,7), (-1,-1)]
Turtle 2 :[(-2,-2), (13,12), (12,12), (11,12), (11,11), (11,10), (10,10), (-2,-2)]
Turtle 3 :[(-3,-3), (11,0), (12,0), (13,0), (12,0), (13,0), (14,0), (-3,-3)]
Turtle 4 :[(-4,-4), (4,3), (3,3), (4,3), (5,3), (5,4), (-4,-4), (-4,-4)]
Turtle 5 :[(-5,-5), (14,3), (14,2), (14,1), (14,0), (15,0), (14,0), (13,0)]

Shrinking Run 14
#Info# Executed steps before collision: 10, Found collision: false
Turtle 1 :[(-1,-1), (8,9), (7,9), (7,8), (6,8), (6,7), (5,7), (-1,-1), (-1,-1), (-1,-1), (-1,-1)]
Turtle 2 :[(-2,-2), (13,12), (12,12), (11,12), (11,11), (11,10), (10,10), (-2,-2), (-2,-2), (-2,-2), (-2,-2)]
Turtle 3 :[(-3,-3), (11,0), (12,0), (13,0), (14,0), (13,0), (14,0), (-3,-3), (-3,-3), (-3,-3), (-3,-3)]
Turtle 4 :[(-4,-4), (4,3), (3,3), (4,3), (5,3), (5,4), (-4,-4), (-4,-4), (-4,-4), (-4,-4), (-4,-4)]
Turtle 5 :[(-5,-5), (14,3), (14,2), (14,1), (14,1), (15,1), (14,1), (15,1), (15,0), (14,0), (13,0)]

Shrinking Run 15
#Info# Executed steps before collision: 6, Found collision: true
Turtle 1 :[(-1,-1), (8,9), (7,9), (7,8), (6,8), (6,7), (5,7), (-1,-1)]
Turtle 2 :[(-2,-2), (13,12), (12,12), (11,12), (11,11), (11,10), (10,10), (-2,-2)]
Turtle 3 :[(-3,-3), (11,0), (12,0), (13,0), (12,0), (13,0), (14,0), (-3,-3)]
Turtle 4 :[(-4,-4), (4,3), (3,3), (2,3), (1,3), (1,4), (0,4), (-4,-4)]
Turtle 5 :[(-5,-5), (14,3), (14,2), (14,1), (14,0), (14,1), (14,0), (13,0)]

Shrinking Run 16
#Info# Executed steps before collision: 5, Found collision: true
Turtle 1 :[(-1,-1), (8,9), (7,9), (7,8), (6,8), (6,7), (5,7)]
Turtle 2 :[(-2,-2), (13,12), (12,12), (11,12), (11,11), (11,10), (10,10)]
Turtle 3 :[(-3,-3), (11,0), (12,0), (13,0), (12,0), (13,0), (14,0)]
Turtle 4 :[(-4,-4), (4,3), (3,3), (2,3), (1,3), (1,2), (1,1)]
Turtle 5 :[(-5,-5), (14,3), (14,2), (14,1), (14,0), (13,0), (-5,-5)]

Shrinking Run 17
#Info# Executed steps before collision: 10, Found collision: false
Turtle 1 :[(-1,-1), (8,9), (7,9), (7,8), (6,8), (6,7), (5,7), (-1,-1), (-1,-1), (-1,-1), (-1,-1)]
Turtle 2 :[(-2,-2), (13,12), (12,12), (11,12), (11,11), (11,10), (10,10), (-2,-2), (-2,-2), (-2,-2), (-2,-2)]
Turtle 3 :[(-3,-3), (11,0), (12,0), (13,0), (12,0), (13,0), (12,0), (12,1), (13,1), (13,0), (14,0)]
Turtle 4 :[(-4,-4), (4,3), (3,3), (2,3), (1,3), (0,3), (0,2), (-4,-4), (-4,-4), (-4,-4), (-4,-4)]
Turtle 5 :[(-5,-5), (14,3), (14,2), (14,1), (14,0), (14,0), (13,0), (-5,-5), (-5,-5), (-5,-5), (-5,-5)]

Shrinking Run 18
#Info# Executed steps before collision: 7, Found collision: false
Turtle 1 :[(-1,-1), (8,9), (7,9), (7,8), (6,8), (6,7), (5,7), (-1,-1)]
Turtle 2 :[(-2,-2), (13,12), (12,12), (11,12), (11,11), (11,10), (10,10), (-2,-2)]
Turtle 3 :[(-3,-3), (11,0), (12,0), (13,0), (12,0), (13,0), (14,0), (-3,-3)]
Turtle 4 :[(-4,-4), (4,3), (3,3), (2,3), (1,3), (1,2), (0,2), (-4,-4)]
Turtle 5 :[(-5,-5), (14,3), (14,2), (14,1), (14,0), (14,1), (13,1), (13,0)]

Shrinking Run 19
#Info# Executed steps before collision: 7, Found collision: true
Turtle 1 :[(-1,-1), (8,9), (7,9), (7,8), (6,8), (6,7), (5,7), (-1,-1), (-1,-1)]
Turtle 2 :[(-2,-2), (13,12), (12,12), (11,12), (11,11), (11,10), (10,10), (-2,-2), (-2,-2)]
Turtle 3 :[(-3,-3), (11,0), (12,0), (13,0), (12,0), (13,0), (12,0), (13,0), (14,0)]
Turtle 4 :[(-4,-4), (4,3), (3,3), (2,3), (2,2), (1,2), (1,1), (-4,-4), (-4,-4)]
Turtle 5 :[(-5,-5), (14,3), (14,2), (14,1), (14,0), (14,0), (14,0), (13,0), (-5,-5)]

Shrinking Run 20
#Info# Executed steps before collision: 6, Found collision: true
Turtle 1 :[(-1,-1), (8,9), (7,9), (7,8), (6,8), (6,7), (5,7), (-1,-1)]
Turtle 2 :[(-2,-2), (13,12), (12,12), (11,12), (11,11), (11,10), (10,10), (-2,-2)]
Turtle 3 :[(-3,-3), (11,0), (12,0), (13,0), (12,0), (13,0), (14,0), (-3,-3)]
Turtle 4 :[(-4,-4), (4,3), (3,3), (3,2), (2,2), (1,2), (1,1), (-4,-4)]
Turtle 5 :[(-5,-5), (14,3), (14,2), (14,1), (14,0), (15,0), (14,0), (13,0)]

Shrinking Run 21
#Info# Executed steps before collision: 9, Found collision: false
Turtle 1 :[(-1,-1), (8,9), (7,9), (7,8), (6,8), (6,7), (5,7), (-1,-1), (-1,-1), (-1,-1)]
Turtle 2 :[(-2,-2), (13,12), (12,12), (11,12), (11,11), (11,10), (10,10), (-2,-2), (-2,-2), (-2,-2)]
Turtle 3 :[(-3,-3), (11,0), (12,0), (13,0), (12,0), (13,0), (14,0), (-3,-3), (-3,-3), (-3,-3)]
Turtle 4 :[(-4,-4), (4,3), (3,3), (3,2), (2,2), (1,2), (1,1), (-4,-4), (-4,-4), (-4,-4)]
Turtle 5 :[(-5,-5), (14,3), (14,2), (13,2), (13,1), (14,1), (14,1), (13,1), (12,1), (12,0)]

Shrinking Run 22
#Info# Executed steps before collision: 8, Found collision: false
Turtle 1 :[(-1,-1), (8,9), (7,9), (7,8), (6,8), (6,7), (5,7), (-1,-1), (-1,-1)]
Turtle 2 :[(-2,-2), (13,12), (12,12), (11,12), (11,11), (11,10), (10,10), (-2,-2), (-2,-2)]
Turtle 3 :[(-3,-3), (11,0), (12,0), (13,0), (12,0), (13,0), (14,0), (-3,-3), (-3,-3)]
Turtle 4 :[(-4,-4), (4,3), (3,3), (3,2), (2,2), (1,2), (1,1), (-4,-4), (-4,-4)]
Turtle 5 :[(-5,-5), (14,3), (14,2), (14,1), (13,1), (14,1), (13,1), (12,1), (12,0)]

Shrinking Run 23
#Info# Executed steps before collision: 5, Found collision: true
Turtle 1 :[(-1,-1), (8,9), (7,9), (7,8), (6,8), (6,7), (5,7)]
Turtle 2 :[(-2,-2), (13,12), (12,12), (11,12), (11,11), (11,10), (10,10)]
Turtle 3 :[(-3,-3), (11,0), (12,0), (13,0), (12,0), (13,0), (14,0)]
Turtle 4 :[(-4,-4), (4,3), (3,3), (3,2), (2,2), (1,2), (1,1)]
Turtle 5 :[(-5,-5), (14,3), (13,3), (13,2), (13,1), (13,0), (-5,-5)]

Shrinking Run 24
#Info# Executed steps before collision: 7, Found collision: false
Turtle 1 :[(-1,-1), (8,9), (8,8), (8,7), (7,7), (7,6), (6,6), (-1,-1)]
Turtle 2 :[(-2,-2), (13,12), (12,12), (11,12), (11,11), (11,10), (10,10), (-2,-2)]
Turtle 3 :[(-3,-3), (11,0), (12,0), (13,0), (12,0), (13,0), (14,0), (-3,-3)]
Turtle 4 :[(-4,-4), (4,3), (3,3), (3,2), (2,2), (1,2), (1,1), (-4,-4)]
Turtle 5 :[(-5,-5), (14,3), (13,3), (13,2), (13,1), (13,2), (13,1), (13,0)]

Shrinking Run 25
#Info# Executed steps before collision: 7, Found collision: false
Turtle 1 :[(-1,-1), (8,9), (8,8), (7,8), (6,8), (6,7), (5,7), (-1,-1)]
Turtle 2 :[(-2,-2), (13,12), (12,12), (11,12), (11,11), (11,10), (10,10), (-2,-2)]
Turtle 3 :[(-3,-3), (11,0), (12,0), (13,0), (12,0), (13,0), (14,0), (-3,-3)]
Turtle 4 :[(-4,-4), (4,3), (3,3), (3,2), (2,2), (1,2), (1,1), (-4,-4)]
Turtle 5 :[(-5,-5), (14,3), (13,3), (13,2), (13,1), (13,2), (13,1), (13,0)]

Shrinking Run 26
#Info# Executed steps before collision: 7, Found collision: false
Turtle 1 :[(-1,-1), (8,9), (7,9), (7,8), (6,8), (5,8), (4,8), (-1,-1)]
Turtle 2 :[(-2,-2), (13,12), (12,12), (11,12), (11,11), (11,10), (10,10), (-2,-2)]
Turtle 3 :[(-3,-3), (11,0), (12,0), (13,0), (12,0), (13,0), (14,0), (-3,-3)]
Turtle 4 :[(-4,-4), (4,3), (3,3), (3,2), (2,2), (1,2), (1,1), (-4,-4)]
Turtle 5 :[(-5,-5), (14,3), (13,3), (13,2), (13,1), (12,1), (13,1), (13,0)]

Shrinking Run 27
#Info# Executed steps before collision: 5, Found collision: true
Turtle 1 :[(-1,-1), (8,9), (7,9), (7,8), (6,8), (6,7), (5,7)]
Turtle 2 :[(-2,-2), (13,12), (12,12), (12,11), (11,11), (10,11), (10,10)]
Turtle 3 :[(-3,-3), (11,0), (12,0), (13,0), (12,0), (13,0), (14,0)]
Turtle 4 :[(-4,-4), (4,3), (3,3), (3,2), (2,2), (1,2), (1,1)]
Turtle 5 :[(-5,-5), (14,3), (13,3), (13,2), (13,1), (13,0), (-5,-5)]

Shrinking Run 28
#Info# Executed steps before collision: 7, Found collision: false
Turtle 1 :[(-1,-1), (8,9), (7,9), (7,8), (6,8), (6,7), (5,7), (-1,-1)]
Turtle 2 :[(-2,-2), (13,12), (12,12), (11,12), (10,12), (9,12), (9,11), (-2,-2)]
Turtle 3 :[(-3,-3), (11,0), (12,0), (13,0), (12,0), (13,0), (14,0), (-3,-3)]
Turtle 4 :[(-4,-4), (4,3), (3,3), (3,2), (2,2), (1,2), (1,1), (-4,-4)]
Turtle 5 :[(-5,-5), (14,3), (13,3), (13,2), (13,1), (12,1), (12,0), (13,0)]

Shrinking Run 29
#Info# Executed steps before collision: 7, Found collision: false
Turtle 1 :[(-1,-1), (8,9), (7,9), (7,8), (6,8), (6,7), (5,7), (-1,-1)]
Turtle 2 :[(-2,-2), (13,12), (12,12), (12,11), (11,11), (10,11), (9,11), (-2,-2)]
Turtle 3 :[(-3,-3), (11,0), (12,0), (13,0), (12,0), (13,0), (14,0), (-3,-3)]
Turtle 4 :[(-4,-4), (4,3), (3,3), (3,2), (2,2), (1,2), (1,1), (-4,-4)]
Turtle 5 :[(-5,-5), (14,3), (13,3), (13,2), (13,1), (14,1), (13,1), (13,0)]

Shrinking Run 30
#Info# Executed steps before collision: 7, Found collision: false
Turtle 1 :[(-1,-1), (8,9), (7,9), (7,8), (6,8), (6,7), (5,7), (-1,-1)]
Turtle 2 :[(-2,-2), (13,12), (12,12), (11,12), (11,11), (10,11), (10,10), (-2,-2)]
Turtle 3 :[(-3,-3), (11,0), (12,0), (13,0), (12,0), (13,0), (14,0), (-3,-3)]
Turtle 4 :[(-4,-4), (4,3), (3,3), (3,2), (2,2), (1,2), (1,1), (-4,-4)]
Turtle 5 :[(-5,-5), (14,3), (13,3), (13,2), (13,1), (12,1), (13,1), (13,0)]

Shrinking Run 31
#Info# Executed steps before collision: 7, Found collision: false
Turtle 1 :[(-1,-1), (8,9), (7,9), (7,8), (6,8), (6,7), (5,7), (-1,-1)]
Turtle 2 :[(-2,-2), (13,12), (12,12), (12,11), (11,11), (10,11), (10,10), (-2,-2)]
Turtle 3 :[(-3,-3), (11,0), (11,1), (11,0), (12,0), (13,0), (-3,-3), (-3,-3)]
Turtle 4 :[(-4,-4), (4,3), (3,3), (3,2), (2,2), (1,2), (1,1), (-4,-4)]
Turtle 5 :[(-5,-5), (14,3), (13,3), (13,2), (13,1), (14,1), (14,0), (13,0)]

Shrinking Run 32
#Info# Executed steps before collision: 6, Found collision: false
Turtle 1 :[(-1,-1), (8,9), (7,9), (7,8), (6,8), (6,7), (5,7)]
Turtle 2 :[(-2,-2), (13,12), (12,12), (12,11), (11,11), (10,11), (10,10)]
Turtle 3 :[(-3,-3), (11,0), (12,0), (13,0), (14,0), (-3,-3), (-3,-3)]
Turtle 4 :[(-4,-4), (4,3), (3,3), (3,2), (2,2), (1,2), (1,1)]
Turtle 5 :[(-5,-5), (14,3), (13,3), (13,2), (13,1), (13,0), (-5,-5)]

Shrinking Run 33
#Info# Executed steps before collision: 7, Found collision: false
Turtle 1 :[(-1,-1), (8,9), (7,9), (7,8), (6,8), (6,7), (5,7), (-1,-1)]
Turtle 2 :[(-2,-2), (13,12), (12,12), (12,11), (11,11), (10,11), (10,10), (-2,-2)]
Turtle 3 :[(-3,-3), (11,0), (12,0), (13,0), (14,0), (13,0), (14,0), (-3,-3)]
Turtle 4 :[(-4,-4), (4,3), (3,3), (3,2), (2,2), (1,2), (1,1), (-4,-4)]
Turtle 5 :[(-5,-5), (14,3), (13,3), (13,2), (13,1), (12,1), (13,1), (13,0)]

Shrinking Run 34
#Info# Executed steps before collision: 7, Found collision: false
Turtle 1 :[(-1,-1), (8,9), (7,9), (7,8), (6,8), (6,7), (5,7), (-1,-1)]
Turtle 2 :[(-2,-2), (13,12), (12,12), (12,11), (11,11), (10,11), (10,10), (-2,-2)]
Turtle 3 :[(-3,-3), (11,0), (12,0), (13,0), (12,0), (13,0), (14,0), (-3,-3)]
Turtle 4 :[(-4,-4), (4,3), (3,3), (2,3), (1,3), (0,3), (0,2), (-4,-4)]
Turtle 5 :[(-5,-5), (14,3), (13,3), (13,2), (13,1), (13,2), (13,1), (13,0)]

Shrinking Run 35
#Info# Executed steps before collision: 9, Found collision: false
Turtle 1 :[(-1,-1), (8,9), (7,9), (7,8), (6,8), (6,7), (5,7), (-1,-1), (-1,-1), (-1,-1)]
Turtle 2 :[(-2,-2), (13,12), (12,12), (12,11), (11,11), (10,11), (10,10), (-2,-2), (-2,-2), (-2,-2)]
Turtle 3 :[(-3,-3), (11,0), (12,0), (13,0), (12,0), (13,0), (14,0), (-3,-3), (-3,-3), (-3,-3)]
Turtle 4 :[(-4,-4), (4,3), (3,3), (2,3), (1,3), (1,2), (0,2), (-4,-4), (-4,-4), (-4,-4)]
Turtle 5 :[(-5,-5), (14,3), (13,3), (13,2), (13,1), (13,2), (14,2), (14,1), (13,1), (13,0)]

Shrinking Run 36
#Info# Executed steps before collision: 6, Found collision: false
Turtle 1 :[(-1,-1), (8,9), (7,9), (7,8), (6,8), (6,7), (5,7)]
Turtle 2 :[(-2,-2), (13,12), (12,12), (12,11), (11,11), (10,11), (10,10)]
Turtle 3 :[(-3,-3), (11,0), (12,0), (13,0), (12,0), (13,0), (14,0)]
Turtle 4 :[(-4,-4), (4,3), (3,3), (3,2), (2,2), (1,2), (1,1)]
Turtle 5 :[(-5,-5), (14,3), (14,2), (13,2), (13,1), (12,1), (12,0)]

Shrinking Run 37
#Info# Executed steps before collision: 6, Found collision: false
Turtle 1 :[(-1,-1), (8,9), (7,9), (7,8), (6,8), (6,7), (5,7)]
Turtle 2 :[(-2,-2), (13,12), (12,12), (12,11), (11,11), (10,11), (10,10)]
Turtle 3 :[(-3,-3), (11,0), (12,0), (13,0), (12,0), (13,0), (14,0)]
Turtle 4 :[(-4,-4), (4,3), (3,3), (3,2), (2,2), (1,2), (1,1)]
Turtle 5 :[(-5,-5), (14,3), (14,2), (14,1), (13,1), (12,1), (12,0)]

Shrinking Run 38
#Info# Executed steps before collision: 7, Found collision: false
Turtle 1 :[(-1,-1), (8,9), (8,8), (8,7), (7,7), (7,6), (6,6), (-1,-1)]
Turtle 2 :[(-2,-2), (13,12), (12,12), (12,11), (11,11), (10,11), (10,10), (-2,-2)]
Turtle 3 :[(-3,-3), (11,0), (12,0), (13,0), (12,0), (13,0), (14,0), (-3,-3)]
Turtle 4 :[(-4,-4), (4,3), (3,3), (3,2), (2,2), (1,2), (1,1), (-4,-4)]
Turtle 5 :[(-5,-5), (14,3), (13,3), (13,2), (13,1), (12,1), (13,1), (13,0)]

Shrinking Run 39
#Info# Executed steps before collision: 7, Found collision: false
Turtle 1 :[(-1,-1), (8,9), (8,8), (7,8), (6,8), (6,7), (5,7), (-1,-1)]
Turtle 2 :[(-2,-2), (13,12), (12,12), (12,11), (11,11), (10,11), (10,10), (-2,-2)]
Turtle 3 :[(-3,-3), (11,0), (12,0), (13,0), (12,0), (13,0), (14,0), (-3,-3)]
Turtle 4 :[(-4,-4), (4,3), (3,3), (3,2), (2,2), (1,2), (1,1), (-4,-4)]
Turtle 5 :[(-5,-5), (14,3), (13,3), (13,2), (13,1), (14,1), (13,1), (13,0)]

Shrink Run 40
#Info# Executed steps before collision: 7, Found collision: false
Turtle 1 :[(-1,-1), (8,9), (7,9), (7,8), (6,8), (5,8), (4,8), (-1,-1)]
Turtle 2 :[(-2,-2), (13,12), (12,12), (12,11), (11,11), (10,11), (10,10), (-2,-2)]
Turtle 3 :[(-3,-3), (11,0), (12,0), (13,0), (12,0), (13,0), (14,0), (-3,-3)]
Turtle 4 :[(-4,-4), (4,3), (3,3), (3,2), (2,2), (1,2), (1,1), (-4,-4)]
Turtle 5 :[(-5,-5), (14,3), (13,3), (13,2), (13,1), (13,2), (13,1), (13,0)]

