Shrinking Run 1
#Info# Executed steps before collision: 2, Found collision: true
Turtle 1 :[(-1,-1), (2,6), (1,6), (1,5), (1,4), (1,3), (0,3)]
Turtle 2 :[(-2,-2), (3,17), (4,17), (4,16), (5,16), (5,15), (5,14)]
Turtle 3 :[(-3,-3), (19,13), (19,14), (19,14), (19,15), (19,16), (19,17)]
Turtle 4 :[(-4,-4), (3,1), (2,1), (2,0), (-4,-4), (-4,-4), (-4,-4)]
Turtle 5 :[(-5,-5), (1,1), (2,1), (3,1), (3,0), (2,0), (-5,-5)]

Shrinking Run 2
#Info# Executed steps before collision: 2, Found collision: true
Turtle 1 :[(-1,-1), (2,6), (2,5), (2,4), (2,3), (1,3), (0,3)]
Turtle 2 :[(-2,-2), (3,17), (4,17), (4,16), (5,16), (5,15), (5,14)]
Turtle 3 :[(-3,-3), (19,13), (19,14), (19,14), (19,15), (19,16), (19,17)]
Turtle 4 :[(-4,-4), (3,1), (2,1), (2,0), (-4,-4), (-4,-4), (-4,-4)]
Turtle 5 :[(-5,-5), (1,1), (2,1), (2,1), (2,1), (2,0), (-5,-5)]

Shrinking Run 3
#Info# Executed steps before collision: 2, Found collision: true
Turtle 1 :[(-1,-1), (2,6), (2,5), (2,4), (1,4), (0,4), (0,3)]
Turtle 2 :[(-2,-2), (3,17), (4,17), (4,16), (5,16), (5,15), (5,14)]
Turtle 3 :[(-3,-3), (19,13), (19,14), (19,14), (19,15), (19,16), (19,17)]
Turtle 4 :[(-4,-4), (3,1), (2,1), (2,0), (-4,-4), (-4,-4), (-4,-4)]
Turtle 5 :[(-5,-5), (1,1), (2,1), (2,1), (3,1), (2,1), (2,0)]

Shrinking Run 4
#Info# Executed steps before collision: 2, Found collision: true
Turtle 1 :[(-1,-1), (2,6), (1,6), (0,6), (0,5), (0,4), (0,3)]
Turtle 2 :[(-2,-2), (3,17), (4,17), (4,16), (5,16), (5,15), (5,14)]
Turtle 3 :[(-3,-3), (19,13), (19,14), (19,14), (19,15), (19,16), (19,17)]
Turtle 4 :[(-4,-4), (3,1), (2,1), (2,0), (-4,-4), (-4,-4), (-4,-4)]
Turtle 5 :[(-5,-5), (1,1), (2,1), (1,1), (1,0), (2,0), (-5,-5)]

Shrinking Run 5
#Info# Executed steps before collision: 6, Found collision: false
Turtle 1 :[(-1,-1), (2,6), (1,6), (0,6), (0,5), (0,4), (0,3)]
Turtle 2 :[(-2,-2), (3,17), (2,17), (2,16), (1,16), (1,15), (1,14)]
Turtle 3 :[(-3,-3), (19,13), (19,14), (19,14), (19,15), (19,16), (19,17)]
Turtle 4 :[(-4,-4), (3,1), (2,1), (2,0), (-4,-4), (-4,-4), (-4,-4)]
Turtle 5 :[(-5,-5), (1,1), (1,0), (1,0), (1,1), (2,1), (2,0)]

Shrinking Run 6
#Info# Executed steps before collision: 2, Found collision: true
Turtle 1 :[(-1,-1), (2,6), (1,6), (0,6), (0,5), (0,4), (0,3)]
Turtle 2 :[(-2,-2), (3,17), (3,16), (3,15), (4,15), (4,14), (4,13)]
Turtle 3 :[(-3,-3), (19,13), (19,14), (19,14), (19,15), (19,16), (19,17)]
Turtle 4 :[(-4,-4), (3,1), (2,1), (2,0), (-4,-4), (-4,-4), (-4,-4)]
Turtle 5 :[(-5,-5), (1,1), (2,1), (2,1), (2,0), (-5,-5), (-5,-5)]

Shrinking Run 7
#Info# Executed steps before collision: 2, Found collision: true
Turtle 1 :[(-1,-1), (2,6), (1,6), (0,6), (0,5), (0,4), (0,3)]
Turtle 2 :[(-2,-2), (3,17), (3,16), (3,15), (2,15), (2,14), (2,13)]
Turtle 3 :[(-3,-3), (19,13), (19,14), (19,14), (19,15), (19,16), (19,17)]
Turtle 4 :[(-4,-4), (3,1), (2,1), (2,0), (-4,-4), (-4,-4), (-4,-4)]
Turtle 5 :[(-5,-5), (1,1), (2,1), (1,1), (2,1), (2,0), (-5,-5)]

Shrinking Run 8
#Info# Executed steps before collision: 2, Found collision: true
Turtle 1 :[(-1,-1), (2,6), (1,6), (0,6), (0,5), (0,4), (0,3)]
Turtle 2 :[(-2,-2), (3,17), (3,16), (2,16), (1,16), (1,15), (1,14)]
Turtle 3 :[(-3,-3), (19,13), (19,14), (19,14), (19,15), (19,16), (19,17)]
Turtle 4 :[(-4,-4), (3,1), (2,1), (2,0), (-4,-4), (-4,-4), (-4,-4)]
Turtle 5 :[(-5,-5), (1,1), (2,1), (3,1), (2,1), (2,0), (-5,-5)]

Shrinking Run 9
#Info# Executed steps before collision: 2, Found collision: true
Turtle 1 :[(-1,-1), (2,6), (1,6), (0,6), (0,5), (0,4), (0,3)]
Turtle 2 :[(-2,-2), (3,17), (3,16), (2,16), (2,15), (1,15), (1,14)]
Turtle 3 :[(-3,-3), (19,13), (19,14), (19,14), (19,15), (19,16), (19,17)]
Turtle 4 :[(-4,-4), (3,1), (2,1), (2,0), (-4,-4), (-4,-4), (-4,-4)]
Turtle 5 :[(-5,-5), (1,1), (2,1), (2,0), (-5,-5), (-5,-5), (-5,-5)]

Shrinking Run 10
#Info# Executed steps before collision: 2, Found collision: true
Turtle 1 :[(-1,-1), (2,6), (1,6), (0,6), (0,5), (0,4), (0,3)]
Turtle 2 :[(-2,-2), (3,17), (2,17), (1,17), (1,16), (1,15), (1,14)]
Turtle 3 :[(-3,-3), (19,13), (19,14), (19,14), (19,15), (19,16), (19,17)]
Turtle 4 :[(-4,-4), (3,1), (2,1), (2,0), (-4,-4), (-4,-4), (-4,-4)]
Turtle 5 :[(-5,-5), (1,1), (2,1), (2,0), (-5,-5), (-5,-5), (-5,-5)]

Shrinking Run 11
#Info# Executed steps before collision: 2, Found collision: true
Turtle 1 :[(-1,-1), (2,6), (1,6), (0,6), (0,5), (0,4), (0,3)]
Turtle 2 :[(-2,-2), (3,17), (2,17), (1,17), (1,16), (1,15), (1,14)]
Turtle 3 :[(-3,-3), (19,13), (18,13), (17,13), (16,13), (16,14), (16,15)]
Turtle 4 :[(-4,-4), (3,1), (2,1), (2,0), (-4,-4), (-4,-4), (-4,-4)]
Turtle 5 :[(-5,-5), (1,1), (2,1), (2,2), (2,1), (2,0), (-5,-5)]

Shrinking Run 12
#Info# Executed steps before collision: 2, Found collision: true
Turtle 1 :[(-1,-1), (2,6), (1,6), (0,6), (0,5), (0,4), (0,3)]
Turtle 2 :[(-2,-2), (3,17), (2,17), (1,17), (1,16), (1,15), (1,14)]
Turtle 3 :[(-3,-3), (19,13), (18,13), (17,13), (16,13), (16,12), (16,11)]
Turtle 4 :[(-4,-4), (3,1), (2,1), (2,0), (-4,-4), (-4,-4), (-4,-4)]
Turtle 5 :[(-5,-5), (1,1), (2,1), (3,1), (2,1), (2,0), (-5,-5)]

Shrinking Run 13
#Info# Executed steps before collision: 2, Found collision: true
Turtle 1 :[(-1,-1), (2,6), (1,6), (0,6), (0,5), (0,4), (0,3)]
Turtle 2 :[(-2,-2), (3,17), (2,17), (1,17), (1,16), (1,15), (1,14)]
Turtle 3 :[(-3,-3), (19,13), (18,13), (17,13), (16,13), (15,13), (15,12)]
Turtle 4 :[(-4,-4), (3,1), (2,1), (2,0), (-4,-4), (-4,-4), (-4,-4)]
Turtle 5 :[(-5,-5), (1,1), (2,1), (3,1), (2,1), (2,0), (-5,-5)]

Shrinking Run 14
#Info# Executed steps before collision: 2, Found collision: true
Turtle 1 :[(-1,-1), (2,6), (1,6), (0,6), (0,5), (0,4), (0,3)]
Turtle 2 :[(-2,-2), (3,17), (2,17), (1,17), (1,16), (1,15), (1,14)]
Turtle 3 :[(-3,-3), (19,13), (18,13), (17,13), (16,13), (15,13), (14,13)]
Turtle 4 :[(-4,-4), (3,1), (2,1), (2,0), (-4,-4), (-4,-4), (-4,-4)]
Turtle 5 :[(-5,-5), (1,1), (2,1), (2,2), (2,1), (2,0), (-5,-5)]

Shrinking Run 15
#Info# Executed steps before collision: 2, Found collision: true
Turtle 1 :[(-1,-1), (2,6), (1,6), (0,6), (0,5), (0,4), (0,3)]
Turtle 2 :[(-2,-2), (3,17), (2,17), (1,17), (1,16), (1,15), (1,14)]
Turtle 3 :[(-3,-3), (19,13), (18,13), (17,13), (16,13), (15,13), (14,13)]
Turtle 4 :[(-4,-4), (3,1), (2,1), (1,1), (0,1), (0,0), (-4,-4)]
Turtle 5 :[(-5,-5), (1,1), (2,1), (2,0), (-5,-5), (-5,-5), (-5,-5)]

Shrinking Run 16
#Info# Executed steps before collision: 6, Found collision: false
Turtle 1 :[(-1,-1), (2,6), (1,6), (0,6), (0,5), (0,4), (0,3)]
Turtle 2 :[(-2,-2), (3,17), (2,17), (1,17), (1,16), (1,15), (1,14)]
Turtle 3 :[(-3,-3), (19,13), (18,13), (17,13), (16,13), (15,13), (14,13)]
Turtle 4 :[(-4,-4), (3,1), (2,1), (1,1), (0,1), (0,0), (-4,-4)]
Turtle 5 :[(-5,-5), (1,1), (0,1), (0,0), (-5,-5), (-5,-5), (-5,-5)]

Shrinking Run 17
#Info# Executed steps before collision: 6, Found collision: false
Turtle 1 :[(-1,-1), (2,6), (1,6), (0,6), (0,5), (0,4), (0,3)]
Turtle 2 :[(-2,-2), (3,17), (2,17), (1,17), (1,16), (1,15), (1,14)]
Turtle 3 :[(-3,-3), (19,13), (18,13), (17,13), (16,13), (15,13), (14,13)]
Turtle 4 :[(-4,-4), (3,1), (2,1), (1,1), (0,1), (0,0), (-4,-4)]
Turtle 5 :[(-5,-5), (1,1), (1,0), (-5,-5), (-5,-5), (-5,-5), (-5,-5)]

Shrink Run 18
#Info# Executed steps before collision: 6, Found collision: false
Turtle 1 :[(-1,-1), (2,6), (1,6), (0,6), (0,5), (0,4), (0,3)]
Turtle 2 :[(-2,-2), (3,17), (2,17), (2,16), (1,16), (1,15), (1,14)]
Turtle 3 :[(-3,-3), (19,13), (18,13), (17,13), (16,13), (15,13), (14,13)]
Turtle 4 :[(-4,-4), (3,1), (2,1), (1,1), (0,1), (0,0), (-4,-4)]
Turtle 5 :[(-5,-5), (1,1), (1,0), (2,0), (-5,-5), (-5,-5), (-5,-5)]

