Detection Run 1
#Info# Executed steps before collision: 6, Found collision: false
Turtle 1 :[(-1,-1), (13,9), (13,10), (13,11), (13,12), (14,12), (14,13)]
Turtle 2 :[(-2,-2), (9,2), (10,2), (10,1), (11,1), (12,1), (13,1)]
Turtle 3 :[(-3,-3), (2,11), (2,10), (3,10), (4,10), (4,9), (4,8)]
Turtle 4 :[(-4,-4), (12,18), (12,19), (13,19), (13,19), (-4,-4), (-4,-4)]
Turtle 5 :[(-5,-5), (-5,-5), (-5,-5), (2,11), (3,11), (4,11), (4,10)]

Detection Run 2
#Info# Executed steps before collision: 6, Found collision: false
Turtle 1 :[(-1,-1), (9,14), (9,13), (10,13), (10,12), (11,12), (11,11)]
Turtle 2 :[(-2,-2), (11,1), (11,0), (10,0), (10,1), (9,1), (9,0)]
Turtle 3 :[(-3,-3), (7,3), (7,2), (6,2), (6,1), (6,0), (5,0)]
Turtle 4 :[(-4,-4), (17,16), (18,16), (18,17), (-4,-4), (-4,-4), (-4,-4)]
Turtle 5 :[(-5,-5), (19,7), (19,7), (19,6), (-5,-5), (-5,-5), (-5,-5)]

Detection Run 3
#Info# Executed steps before collision: 6, Found collision: false
Turtle 1 :[(-1,-1), (8,15), (8,14), (8,13), (8,12), (7,12), (6,12)]
Turtle 2 :[(-2,-2), (15,17), (14,17), (13,17), (13,16), (13,15), (13,14)]
Turtle 3 :[(-3,-3), (0,12), (0,13), (0,13), (0,14), (1,14), (1,15)]
Turtle 4 :[(-4,-4), (2,17), (2,16), (2,15), (2,14), (2,13), (1,13)]
Turtle 5 :[(-5,-5), (9,12), (8,12), (7,12), (6,12), (5,12), (5,11)]

Detection Run 4
#Info# Executed steps before collision: 10, Found collision: false
Turtle 1 :[(-1,-1), (2,14), (2,15), (2,14), (1,14), (0,14), (0,13), (-1,-1), (-1,-1), (-1,-1), (-1,-1)]
Turtle 2 :[(-2,-2), (2,5), (2,4), (2,3), (3,3), (4,3), (4,2), (-2,-2), (-2,-2), (-2,-2), (-2,-2)]
Turtle 3 :[(-3,-3), (18,9), (17,9), (16,9), (15,9), (15,8), (14,8), (-3,-3), (-3,-3), (-3,-3), (-3,-3)]
Turtle 4 :[(-4,-4), (11,17), (12,17), (13,17), (13,18), (13,19), (14,19), (-4,-4), (-4,-4), (-4,-4), (-4,-4)]
Turtle 5 :[(-5,-5), (11,9), (11,8), (12,8), (13,8), (14,8), (14,7), (14,6), (15,6), (15,7), (15,8)]

Detection Run 5
#Info# Executed steps before collision: 6, Found collision: false
Turtle 1 :[(-1,-1), (14,15), (14,16), (15,16), (16,16), (17,16), (17,17)]
Turtle 2 :[(-2,-2), (5,9), (5,10), (5,11), (6,11), (-2,-2), (-2,-2)]
Turtle 3 :[(-3,-3), (16,12), (16,13), (16,12), (17,12), (18,12), (-3,-3)]
Turtle 4 :[(-4,-4), (13,7), (14,7), (14,6), (14,5), (14,4), (14,3)]
Turtle 5 :[(-5,-5), (5,15), (4,15), (3,15), (3,14), (3,13), (2,13)]

Detection Run 6
#Info# Executed steps before collision: 6, Found collision: false
Turtle 1 :[(-1,-1), (15,17), (14,17), (13,17), (12,17), (11,17), (11,16)]
Turtle 2 :[(-2,-2), (16,15), (17,15), (18,15), (19,15), (19,15), (19,16)]
Turtle 3 :[(-3,-3), (10,10), (11,10), (11,9), (11,8), (12,8), (12,7)]
Turtle 4 :[(-4,-4), (2,9), (2,8), (2,7), (-4,-4), (-4,-4), (-4,-4)]
Turtle 5 :[(-5,-5), (13,7), (12,7), (12,6), (11,6), (10,6), (9,6)]

Detection Run 7
#Info# Executed steps before collision: 6, Found collision: false
Turtle 1 :[(-1,-1), (3,12), (3,11), (4,11), (5,11), (6,11), (7,11)]
Turtle 2 :[(-2,-2), (18,16), (18,15), (18,14), (18,13), (18,12), (17,12)]
Turtle 3 :[(-3,-3), (9,16), (9,15), (8,15), (8,14), (-3,-3), (-3,-3)]
Turtle 4 :[(-4,-4), (18,7), (19,7), (18,7), (19,7), (19,7), (19,8)]
Turtle 5 :[(-5,-5), (15,18), (14,18), (14,19), (13,19), (13,19), (12,19)]

Detection Run 8
#Info# Executed steps before collision: 6, Found collision: false
Turtle 1 :[(-1,-1), (14,19), (13,19), (12,19), (12,19), (11,19), (-1,-1)]
Turtle 2 :[(-2,-2), (3,0), (3,1), (2,1), (1,1), (1,2), (0,2)]
Turtle 3 :[(-3,-3), (18,14), (17,14), (17,15), (17,16), (17,17), (17,18)]
Turtle 4 :[(-4,-4), (9,2), (8,2), (8,1), (8,0), (-4,-4), (-4,-4)]
Turtle 5 :[(-5,-5), (9,3), (9,4), (9,5), (-5,-5), (-5,-5), (-5,-5)]

Detection Run 9
#Info# Executed steps before collision: 6, Found collision: false
Turtle 1 :[(-1,-1), (14,14), (14,13), (14,12), (13,12), (12,12), (12,11)]
Turtle 2 :[(-2,-2), (14,12), (14,11), (14,10), (13,10), (12,10), (12,9)]
Turtle 3 :[(-3,-3), (4,14), (4,13), (4,12), (4,13), (4,12), (4,11)]
Turtle 4 :[(-4,-4), (13,0), (12,0), (11,0), (10,0), (9,0), (8,0)]
Turtle 5 :[(-5,-5), (3,14), (3,15), (3,16), (3,17), (4,17), (5,17)]

Detection Run 10
#Info# Executed steps before collision: 6, Found collision: false
Turtle 1 :[(-1,-1), (17,6), (18,6), (18,7), (19,7), (-1,-1), (-1,-1)]
Turtle 2 :[(-2,-2), (15,10), (16,10), (16,11), (15,11), (16,11), (17,11)]
Turtle 3 :[(-3,-3), (5,17), (5,18), (5,19), (5,19), (4,19), (-3,-3)]
Turtle 4 :[(-4,-4), (13,14), (13,13), (12,13), (12,12), (11,12), (11,11)]
Turtle 5 :[(-5,-5), (2,12), (3,12), (3,11), (3,10), (3,9), (3,8)]

Detection Run 11
#Info# Executed steps before collision: 7, Found collision: false
Turtle 1 :[(-1,-1), (15,0), (14,0), (14,0), (14,1), (13,1), (-1,-1), (-1,-1)]
Turtle 2 :[(-2,-2), (14,17), (13,17), (12,17), (12,16), (12,16), (12,16), (12,15)]
Turtle 3 :[(-3,-3), (17,2), (17,3), (16,3), (16,4), (15,4), (14,4), (-3,-3)]
Turtle 4 :[(-4,-4), (1,14), (0,14), (0,14), (0,15), (0,16), (0,17), (0,18)]
Turtle 5 :[(-5,-5), (2,11), (1,11), (1,11), (1,10), (0,10), (0,9), (0,8)]

Detection Run 12
#Info# Executed steps before collision: 9, Found collision: false
Turtle 1 :[(-1,-1), (6,7), (6,6), (6,7), (6,8), (6,7), (6,6), (-1,-1), (-1,-1), (-1,-1)]
Turtle 2 :[(-2,-2), (1,16), (1,17), (1,18), (1,18), (1,19), (2,19), (3,19), (-2,-2), (-2,-2)]
Turtle 3 :[(-3,-3), (12,17), (11,17), (10,17), (9,17), (8,17), (8,18), (-3,-3), (-3,-3), (-3,-3)]
Turtle 4 :[(-4,-4), (5,6), (5,7), (5,6), (5,5), (5,5), (5,4), (5,4), (5,4), (6,4)]
Turtle 5 :[(-5,-5), (4,10), (5,10), (6,10), (7,10), (-5,-5), (-5,-5), (-5,-5), (-5,-5), (-5,-5)]

Detection Run 13
#Info# Executed steps before collision: 9, Found collision: false
Turtle 1 :[(-1,-1), (0,7), (0,7), (1,7), (1,6), (-1,-1), (-1,-1), (-1,-1), (-1,-1), (-1,-1)]
Turtle 2 :[(-2,-2), (2,9), (3,9), (4,9), (5,9), (6,9), (7,9), (-2,-2), (-2,-2), (-2,-2)]
Turtle 3 :[(-3,-3), (9,8), (9,9), (9,10), (9,11), (8,11), (8,12), (-3,-3), (-3,-3), (-3,-3)]
Turtle 4 :[(-4,-4), (12,6), (11,6), (11,5), (11,4), (10,4), (10,4), (10,4), (10,4), (10,3)]
Turtle 5 :[(-5,-5), (6,13), (7,13), (6,13), (7,13), (-5,-5), (-5,-5), (-5,-5), (-5,-5), (-5,-5)]

Detection Run 14
#Info# Executed steps before collision: 7, Found collision: false
Turtle 1 :[(-1,-1), (4,16), (4,17), (4,18), (4,19), (4,19), (-1,-1), (-1,-1)]
Turtle 2 :[(-2,-2), (16,19), (15,19), (14,19), (13,19), (12,19), (12,18), (-2,-2)]
Turtle 3 :[(-3,-3), (10,16), (10,15), (10,14), (11,14), (12,14), (12,13), (-3,-3)]
Turtle 4 :[(-4,-4), (10,2), (10,1), (9,1), (9,0), (8,0), (7,0), (-4,-4)]
Turtle 5 :[(-5,-5), (3,3), (3,4), (2,4), (2,4), (2,5), (2,6), (2,7)]

Detection Run 15
#Info# Executed steps before collision: 7, Found collision: false
Turtle 1 :[(-1,-1), (4,7), (4,6), (4,5), (4,4), (3,4), (-1,-1), (-1,-1)]
Turtle 2 :[(-2,-2), (9,2), (8,2), (7,2), (6,2), (5,2), (4,2), (-2,-2)]
Turtle 3 :[(-3,-3), (18,17), (18,18), (19,18), (19,19), (19,19), (-3,-3), (-3,-3)]
Turtle 4 :[(-4,-4), (16,14), (15,14), (15,13), (15,12), (15,12), (15,11), (14,11)]
Turtle 5 :[(-5,-5), (10,16), (10,15), (10,14), (10,13), (10,12), (10,11), (-5,-5)]

Detection Run 16
#Info# Executed steps before collision: 6, Found collision: false
Turtle 1 :[(-1,-1), (8,5), (8,4), (8,5), (8,4), (8,3), (-1,-1)]
Turtle 2 :[(-2,-2), (3,15), (3,14), (3,15), (3,16), (4,16), (-2,-2)]
Turtle 3 :[(-3,-3), (6,7), (7,7), (8,7), (8,6), (9,6), (9,5)]
Turtle 4 :[(-4,-4), (7,3), (6,3), (5,3), (5,2), (5,1), (4,1)]
Turtle 5 :[(-5,-5), (5,4), (6,4), (6,5), (6,6), (7,6), (7,7)]

Detection Run 17
#Info# Executed steps before collision: 6, Found collision: false
Turtle 1 :[(-1,-1), (18,18), (17,18), (17,18), (18,18), (17,18), (17,17)]
Turtle 2 :[(-2,-2), (15,1), (14,1), (13,1), (12,1), (11,1), (-2,-2)]
Turtle 3 :[(-3,-3), (1,19), (1,19), (0,19), (-3,-3), (-3,-3), (-3,-3)]
Turtle 4 :[(-4,-4), (6,18), (6,17), (6,16), (6,15), (6,14), (7,14)]
Turtle 5 :[(-5,-5), (1,14), (1,13), (2,13), (1,13), (0,13), (-5,-5)]

Detection Run 18
#Info# Executed steps before collision: 10, Found collision: false
Turtle 1 :[(-1,-1), (1,12), (1,11), (1,10), (1,9), (1,8), (1,7), (-1,-1), (-1,-1), (-1,-1), (-1,-1)]
Turtle 2 :[(-2,-2), (10,17), (10,18), (10,19), (9,19), (8,19), (8,19), (-2,-2), (-2,-2), (-2,-2), (-2,-2)]
Turtle 3 :[(-3,-3), (7,13), (7,13), (7,14), (7,14), (6,14), (5,14), (5,14), (4,14), (4,14), (4,15)]
Turtle 4 :[(-4,-4), (11,17), (11,17), (10,17), (10,18), (9,18), (9,19), (9,19), (-4,-4), (-4,-4), (-4,-4)]
Turtle 5 :[(-5,-5), (4,7), (4,7), (4,8), (4,8), (5,8), (5,9), (5,10), (6,10), (-5,-5), (-5,-5)]

Detection Run 19
#Info# Executed steps before collision: 7, Found collision: false
Turtle 1 :[(-1,-1), (7,12), (7,13), (7,14), (7,15), (7,15), (8,15), (9,15)]
Turtle 2 :[(-2,-2), (4,4), (4,3), (4,2), (4,1), (-2,-2), (-2,-2), (-2,-2)]
Turtle 3 :[(-3,-3), (4,2), (4,2), (4,1), (3,1), (3,2), (3,3), (3,4)]
Turtle 4 :[(-4,-4), (5,11), (5,10), (5,9), (5,8), (5,7), (-4,-4), (-4,-4)]
Turtle 5 :[(-5,-5), (6,1), (7,1), (8,1), (8,2), (9,2), (10,2), (-5,-5)]

Detection Run 20
#Info# Executed steps before collision: 9, Found collision: false
Turtle 1 :[(-1,-1), (7,5), (7,4), (7,3), (7,3), (6,3), (6,2), (-1,-1), (-1,-1), (-1,-1)]
Turtle 2 :[(-2,-2), (1,3), (2,3), (3,3), (3,2), (3,1), (-2,-2), (-2,-2), (-2,-2), (-2,-2)]
Turtle 3 :[(-3,-3), (14,4), (14,4), (14,4), (14,5), (15,5), (15,5), (15,6), (16,6), (16,7)]
Turtle 4 :[(-4,-4), (2,14), (2,14), (2,13), (3,13), (3,12), (4,12), (4,12), (5,12), (-4,-4)]
Turtle 5 :[(-5,-5), (0,18), (0,18), (0,19), (0,19), (0,19), (-5,-5), (-5,-5), (-5,-5), (-5,-5)]

Fault Detection Run 21
#Info# Executed steps before collision: 7, Found collision: true
Turtle 1 :[(-1,-1), (0,14), (0,14), (0,13), (0,12), (0,11), (0,10), (0,9), (-1,-1), (-1,-1), (-1,-1)]
Turtle 2 :[(-2,-2), (13,3), (13,2), (12,2), (12,1), (-2,-2), (-2,-2), (-2,-2), (-2,-2), (-2,-2), (-2,-2)]
Turtle 3 :[(-3,-3), (0,13), (0,12), (0,11), (0,10), (0,9), (0,9), (0,9), (0,9), (0,9), (0,8)]
Turtle 4 :[(-4,-4), (14,7), (14,7), (15,7), (16,7), (16,8), (-4,-4), (-4,-4), (-4,-4), (-4,-4), (-4,-4)]
Turtle 5 :[(-5,-5), (13,14), (13,13), (14,13), (14,12), (-5,-5), (-5,-5), (-5,-5), (-5,-5), (-5,-5), (-5,-5)]

