Detection Run 1
#Info# Executed steps before collision: 6, Found collision: false
Turtle 1 :[(-1,-1), (9,12), (8,12), (7,12), (7,11), (6,11), (5,11)]
Turtle 2 :[(-2,-2), (4,10), (4,11), (4,12), (4,13), (3,13), (2,13)]
Turtle 3 :[(-3,-3), (7,13), (8,13), (9,13), (9,14), (10,14), (10,14)]
Turtle 4 :[(-4,-4), (0,5), (0,4), (0,3), (0,2), (0,1), (0,0)]
Turtle 5 :[(-5,-5), (0,2), (0,1), (-5,-5), (-5,-5), (-5,-5), (-5,-5)]

Detection Run 2
#Info# Executed steps before collision: 6, Found collision: false
Turtle 1 :[(-1,-1), (14,1), (14,1), (14,2), (14,3), (14,4), (-1,-1)]
Turtle 2 :[(-2,-2), (10,9), (11,9), (12,9), (13,9), (14,9), (14,8)]
Turtle 3 :[(-3,-3), (3,11), (2,11), (2,12), (1,12), (0,12), (-3,-3)]
Turtle 4 :[(-4,-4), (5,12), (4,12), (3,12), (3,13), (3,14), (3,14)]
Turtle 5 :[(-5,-5), (13,13), (14,13), (14,12), (14,12), (14,11), (14,10)]

Detection Run 3
#Info# Executed steps before collision: 7, Found collision: false
Turtle 1 :[(-1,-1), (5,3), (5,2), (5,1), (6,1), (7,1), (8,1), (-1,-1)]
Turtle 2 :[(-2,-2), (8,4), (8,5), (8,6), (9,6), (10,6), (-2,-2), (-2,-2)]
Turtle 3 :[(-3,-3), (1,3), (2,3), (2,4), (3,4), (3,5), (4,5), (-3,-3)]
Turtle 4 :[(-4,-4), (8,7), (9,7), (8,7), (9,7), (8,7), (8,6), (8,5)]
Turtle 5 :[(-5,-5), (12,6), (13,6), (13,5), (14,5), (14,4), (14,3), (-5,-5)]

Detection Run 4
#Info# Executed steps before collision: 6, Found collision: false
Turtle 1 :[(-1,-1), (9,1), (10,1), (11,1), (11,0), (12,0), (-1,-1)]
Turtle 2 :[(-2,-2), (7,4), (7,5), (6,5), (6,6), (5,6), (4,6)]
Turtle 3 :[(-3,-3), (3,8), (2,8), (2,9), (-3,-3), (-3,-3), (-3,-3)]
Turtle 4 :[(-4,-4), (7,10), (6,10), (5,10), (4,10), (4,9), (3,9)]
Turtle 5 :[(-5,-5), (10,13), (11,13), (12,13), (13,13), (14,13), (14,13)]

Detection Run 5
#Info# Executed steps before collision: 8, Found collision: false
Turtle 1 :[(-1,-1), (12,2), (12,3), (11,3), (11,4), (10,4), (9,4), (-1,-1), (-1,-1)]
Turtle 2 :[(-2,-2), (12,10), (12,11), (12,12), (12,13), (12,14), (12,13), (11,13), (10,13)]
Turtle 3 :[(-3,-3), (13,14), (13,13), (12,13), (11,13), (11,12), (11,11), (-3,-3), (-3,-3)]
Turtle 4 :[(-4,-4), (13,0), (14,0), (-4,-4), (-4,-4), (-4,-4), (-4,-4), (-4,-4), (-4,-4)]
Turtle 5 :[(-5,-5), (9,10), (10,10), (11,10), (12,10), (13,10), (13,11), (-5,-5), (-5,-5)]

Detection Run 6
#Info# Executed steps before collision: 8, Found collision: false
Turtle 1 :[(-1,-1), (7,13), (8,13), (8,14), (9,14), (9,14), (10,14), (-1,-1), (-1,-1)]
Turtle 2 :[(-2,-2), (1,3), (1,2), (1,1), (2,1), (2,0), (-2,-2), (-2,-2), (-2,-2)]
Turtle 3 :[(-3,-3), (12,8), (13,8), (13,9), (13,10), (13,11), (13,12), (-3,-3), (-3,-3)]
Turtle 4 :[(-4,-4), (1,11), (1,10), (1,9), (1,8), (2,8), (3,8), (-4,-4), (-4,-4)]
Turtle 5 :[(-5,-5), (12,11), (12,12), (11,12), (10,12), (10,13), (11,13), (10,13), (10,14)]

Detection Run 7
#Info# Executed steps before collision: 10, Found collision: false
Turtle 1 :[(-1,-1), (1,12), (1,11), (1,10), (1,9), (1,9), (0,9), (-1,-1), (-1,-1), (-1,-1), (-1,-1)]
Turtle 2 :[(-2,-2), (0,9), (1,9), (0,9), (0,10), (1,10), (0,10), (1,10), (1,9), (1,8), (1,7)]
Turtle 3 :[(-3,-3), (9,3), (8,3), (8,4), (8,3), (7,3), (-3,-3), (-3,-3), (-3,-3), (-3,-3), (-3,-3)]
Turtle 4 :[(-4,-4), (0,1), (1,1), (1,0), (2,0), (-4,-4), (-4,-4), (-4,-4), (-4,-4), (-4,-4), (-4,-4)]
Turtle 5 :[(-5,-5), (13,7), (13,6), (13,5), (13,4), (13,3), (13,2), (-5,-5), (-5,-5), (-5,-5), (-5,-5)]

Detection Run 8
#Info# Executed steps before collision: 6, Found collision: false
Turtle 1 :[(-1,-1), (6,5), (6,6), (7,6), (7,7), (8,7), (9,7)]
Turtle 2 :[(-2,-2), (5,12), (4,12), (4,13), (5,13), (4,13), (3,13)]
Turtle 3 :[(-3,-3), (12,13), (12,12), (11,12), (11,11), (10,11), (9,11)]
Turtle 4 :[(-4,-4), (7,4), (7,3), (6,3), (6,2), (6,1), (6,0)]
Turtle 5 :[(-5,-5), (4,13), (3,13), (3,12), (-5,-5), (-5,-5), (-5,-5)]

Detection Run 9
#Info# Executed steps before collision: 8, Found collision: false
Turtle 1 :[(-1,-1), (10,8), (11,8), (11,9), (11,10), (11,11), (11,12), (-1,-1), (-1,-1)]
Turtle 2 :[(-2,-2), (10,0), (9,0), (8,0), (7,0), (6,0), (-2,-2), (-2,-2), (-2,-2)]
Turtle 3 :[(-3,-3), (4,7), (4,8), (3,8), (4,8), (5,8), (5,9), (-3,-3), (-3,-3)]
Turtle 4 :[(-4,-4), (9,8), (9,7), (10,7), (10,8), (-4,-4), (-4,-4), (-4,-4), (-4,-4)]
Turtle 5 :[(-5,-5), (8,8), (8,9), (7,9), (6,9), (6,8), (6,9), (6,10), (5,10)]

Detection Run 10
#Info# Executed steps before collision: 6, Found collision: false
Turtle 1 :[(-1,-1), (4,14), (3,14), (2,14), (2,14), (1,14), (0,14)]
Turtle 2 :[(-2,-2), (10,3), (11,3), (10,3), (11,3), (12,3), (12,4)]
Turtle 3 :[(-3,-3), (6,3), (6,2), (5,2), (4,2), (3,2), (3,1)]
Turtle 4 :[(-4,-4), (2,8), (2,9), (2,10), (1,10), (1,11), (0,11)]
Turtle 5 :[(-5,-5), (11,2), (11,1), (10,1), (10,0), (-5,-5), (-5,-5)]

Detection Run 11
#Info# Executed steps before collision: 6, Found collision: false
Turtle 1 :[(-1,-1), (7,10), (8,10), (9,10), (10,10), (10,9), (10,8)]
Turtle 2 :[(-2,-2), (5,9), (5,10), (5,11), (5,12), (5,13), (4,13)]
Turtle 3 :[(-3,-3), (6,6), (6,5), (7,5), (7,4), (7,3), (-3,-3)]
Turtle 4 :[(-4,-4), (5,12), (5,12), (5,13), (5,14), (5,14), (-4,-4)]
Turtle 5 :[(-5,-5), (13,1), (14,1), (13,1), (13,2), (13,1), (13,2)]

Detection Run 12
#Info# Executed steps before collision: 8, Found collision: false
Turtle 1 :[(-1,-1), (1,5), (1,6), (1,7), (1,8), (2,8), (3,8), (-1,-1), (-1,-1)]
Turtle 2 :[(-2,-2), (7,9), (7,9), (7,10), (6,10), (6,11), (5,11), (5,11), (5,12)]
Turtle 3 :[(-3,-3), (-3,-3), (-3,-3), (1,5), (1,4), (2,4), (3,4), (4,4), (5,4)]
Turtle 4 :[(-4,-4), (2,9), (2,10), (1,10), (0,10), (0,11), (0,12), (-4,-4), (-4,-4)]
Turtle 5 :[(-5,-5), (9,3), (8,3), (8,4), (7,4), (6,4), (-5,-5), (-5,-5), (-5,-5)]

Detection Run 13
#Info# Executed steps before collision: 7, Found collision: false
Turtle 1 :[(-1,-1), (5,2), (4,2), (3,2), (3,3), (2,3), (2,4), (-1,-1)]
Turtle 2 :[(-2,-2), (6,14), (5,14), (5,14), (5,14), (4,14), (-2,-2), (-2,-2)]
Turtle 3 :[(-3,-3), (12,13), (12,12), (12,11), (12,11), (12,10), (12,9), (-3,-3)]
Turtle 4 :[(-4,-4), (12,9), (12,10), (11,10), (-4,-4), (-4,-4), (-4,-4), (-4,-4)]
Turtle 5 :[(-5,-5), (11,8), (12,8), (13,8), (14,8), (14,7), (14,7), (14,6)]

Detection Run 14
#Info# Executed steps before collision: 7, Found collision: false
Turtle 1 :[(-1,-1), (6,8), (5,8), (4,8), (3,8), (2,8), (2,8), (2,7)]
Turtle 2 :[(-2,-2), (0,9), (0,10), (1,10), (0,10), (0,11), (-2,-2), (-2,-2)]
Turtle 3 :[(-3,-3), (14,9), (14,10), (14,11), (14,11), (14,12), (14,13), (-3,-3)]
Turtle 4 :[(-4,-4), (11,6), (12,6), (13,6), (14,6), (14,6), (14,7), (-4,-4)]
Turtle 5 :[(-5,-5), (3,10), (2,10), (2,11), (1,11), (1,12), (1,13), (-5,-5)]

Detection Run 15
#Info# Executed steps before collision: 6, Found collision: false
Turtle 1 :[(-1,-1), (5,4), (6,4), (7,4), (7,5), (8,5), (9,5)]
Turtle 2 :[(-2,-2), (14,13), (13,13), (12,13), (11,13), (10,13), (10,14)]
Turtle 3 :[(-3,-3), (14,5), (14,6), (14,7), (13,7), (12,7), (11,7)]
Turtle 4 :[(-4,-4), (7,12), (7,12), (6,12), (6,12), (7,12), (7,13)]
Turtle 5 :[(-5,-5), (3,11), (3,12), (4,12), (5,12), (5,13), (6,13)]

Fault Detection Run 16
#Info# Executed steps before collision: 3, Found collision: true
Turtle 1 :[(-1,-1), (5,12), (5,13), (6,13), (6,14), (7,14), (8,14), (-1,-1), (-1,-1)]
Turtle 2 :[(-2,-2), (12,12), (12,12), (13,12), (13,11), (13,10), (13,9), (13,8), (-2,-2)]
Turtle 3 :[(-3,-3), (11,10), (11,10), (11,10), (12,10), (13,10), (14,10), (-3,-3), (-3,-3)]
Turtle 4 :[(-4,-4), (12,9), (12,10), (11,10), (11,11), (10,11), (10,12), (-4,-4), (-4,-4)]
Turtle 5 :[(-5,-5), (10,8), (11,8), (11,7), (11,6), (11,5), (11,5), (11,5), (12,5)]

