Shrinking Run 1
#Info# Executed steps before collision: 6, Found collision: false
Turtle 1 :[(-1,-1), (2,13), (1,13), (0,13), (0,14), (0,13), (0,12)]
Turtle 2 :[(-2,-2), (1,18), (1,17), (2,17), (3,17), (-2,-2), (-2,-2)]
Turtle 3 :[(-3,-3), (14,11), (14,10), (14,9), (15,9), (16,9), (16,8)]
Turtle 4 :[(-4,-4), (3,17), (4,17), (4,18), (4,19), (4,19), (-4,-4)]
Turtle 5 :[(-5,-5), (6,13), (5,13), (4,13), (4,14), (4,15), (4,16)]

Shrinking Run 2
#Info# Executed steps before collision: 6, Found collision: false
Turtle 1 :[(-1,-1), (2,13), (2,14), (3,14), (3,14), (3,13), (3,12)]
Turtle 2 :[(-2,-2), (1,18), (1,17), (2,17), (3,17), (-2,-2), (-2,-2)]
Turtle 3 :[(-3,-3), (14,11), (14,10), (14,9), (15,9), (16,9), (16,8)]
Turtle 4 :[(-4,-4), (3,17), (4,17), (4,18), (4,19), (4,19), (-4,-4)]
Turtle 5 :[(-5,-5), (6,13), (5,13), (4,13), (4,14), (4,15), (4,16)]

Shrinking Run 3
#Info# Executed steps before collision: 3, Found collision: true
Turtle 1 :[(-1,-1), (2,13), (3,13), (4,13), (4,12), (5,12), (-1,-1)]
Turtle 2 :[(-2,-2), (1,18), (1,17), (2,17), (3,17), (-2,-2), (-2,-2)]
Turtle 3 :[(-3,-3), (14,11), (14,10), (14,9), (15,9), (16,9), (16,8)]
Turtle 4 :[(-4,-4), (3,17), (4,17), (4,18), (4,19), (4,19), (-4,-4)]
Turtle 5 :[(-5,-5), (6,13), (5,13), (4,13), (4,14), (4,15), (4,16)]

Shrinking Run 4
#Info# Executed steps before collision: 3, Found collision: true
Turtle 1 :[(-1,-1), (2,13), (3,13), (4,13), (4,14), (4,13), (4,12)]
Turtle 2 :[(-2,-2), (1,18), (1,17), (2,17), (3,17), (-2,-2), (-2,-2)]
Turtle 3 :[(-3,-3), (14,11), (14,10), (14,9), (15,9), (16,9), (16,8)]
Turtle 4 :[(-4,-4), (3,17), (4,17), (4,18), (4,19), (4,19), (-4,-4)]
Turtle 5 :[(-5,-5), (6,13), (5,13), (4,13), (4,14), (4,15), (4,16)]

Shrinking Run 5
#Info# Executed steps before collision: 3, Found collision: true
Turtle 1 :[(-1,-1), (2,13), (3,13), (4,13), (4,12), (4,11), (4,10)]
Turtle 2 :[(-2,-2), (1,18), (1,17), (2,17), (3,17), (-2,-2), (-2,-2)]
Turtle 3 :[(-3,-3), (14,11), (14,10), (14,9), (15,9), (16,9), (16,8)]
Turtle 4 :[(-4,-4), (3,17), (4,17), (4,18), (4,19), (4,19), (-4,-4)]
Turtle 5 :[(-5,-5), (6,13), (5,13), (4,13), (4,14), (4,15), (4,16)]

Shrinking Run 6
#Info# Executed steps before collision: 6, Found collision: false
Turtle 1 :[(-1,-1), (2,13), (1,13), (0,13), (0,12), (0,11), (0,10)]
Turtle 2 :[(-2,-2), (1,18), (1,17), (2,17), (3,17), (-2,-2), (-2,-2)]
Turtle 3 :[(-3,-3), (14,11), (14,10), (14,9), (15,9), (16,9), (16,8)]
Turtle 4 :[(-4,-4), (3,17), (4,17), (4,18), (4,19), (4,19), (-4,-4)]
Turtle 5 :[(-5,-5), (6,13), (5,13), (4,13), (4,14), (4,15), (4,16)]

Shrinking Run 7
#Info# Executed steps before collision: 6, Found collision: false
Turtle 1 :[(-1,-1), (2,13), (3,13), (3,12), (3,11), (3,10), (3,9)]
Turtle 2 :[(-2,-2), (1,18), (1,17), (2,17), (3,17), (-2,-2), (-2,-2)]
Turtle 3 :[(-3,-3), (14,11), (14,10), (14,9), (15,9), (16,9), (16,8)]
Turtle 4 :[(-4,-4), (3,17), (4,17), (4,18), (4,19), (4,19), (-4,-4)]
Turtle 5 :[(-5,-5), (6,13), (5,13), (4,13), (4,14), (4,15), (4,16)]

Shrinking Run 8
#Info# Executed steps before collision: 3, Found collision: true
Turtle 1 :[(-1,-1), (2,13), (3,13), (4,13), (4,12), (4,11), (4,10)]
Turtle 2 :[(-2,-2), (1,18), (1,17), (0,17), (1,17), (0,17), (-2,-2)]
Turtle 3 :[(-3,-3), (14,11), (14,10), (14,9), (15,9), (16,9), (16,8)]
Turtle 4 :[(-4,-4), (3,17), (4,17), (4,18), (4,19), (4,19), (-4,-4)]
Turtle 5 :[(-5,-5), (6,13), (5,13), (4,13), (4,14), (4,15), (4,16)]

Shrinking Run 9
#Info# Executed steps before collision: 3, Found collision: true
Turtle 1 :[(-1,-1), (2,13), (3,13), (4,13), (4,12), (4,11), (4,10)]
Turtle 2 :[(-2,-2), (1,18), (1,17), (0,17), (0,16), (0,15), (0,14)]
Turtle 3 :[(-3,-3), (14,11), (14,10), (14,9), (15,9), (16,9), (16,8)]
Turtle 4 :[(-4,-4), (3,17), (4,17), (4,18), (4,19), (4,19), (-4,-4)]
Turtle 5 :[(-5,-5), (6,13), (5,13), (4,13), (4,14), (4,15), (4,16)]

Shrinking Run 10
#Info# Executed steps before collision: 3, Found collision: true
Turtle 1 :[(-1,-1), (2,13), (3,13), (4,13), (4,12), (4,11), (4,10)]
Turtle 2 :[(-2,-2), (1,18), (0,18), (0,17), (0,16), (0,15), (0,14)]
Turtle 3 :[(-3,-3), (14,11), (14,10), (14,9), (15,9), (16,9), (16,8)]
Turtle 4 :[(-4,-4), (3,17), (4,17), (4,18), (4,19), (4,19), (-4,-4)]
Turtle 5 :[(-5,-5), (6,13), (5,13), (4,13), (4,14), (4,15), (4,16)]

Shrinking Run 11
#Info# Executed steps before collision: 3, Found collision: true
Turtle 1 :[(-1,-1), (2,13), (3,13), (4,13), (4,12), (4,11), (4,10)]
Turtle 2 :[(-2,-2), (1,18), (0,18), (0,17), (0,16), (0,15), (0,14)]
Turtle 3 :[(-3,-3), (14,11), (14,10), (14,9), (13,9), (12,9), (12,8)]
Turtle 4 :[(-4,-4), (3,17), (4,17), (4,18), (4,19), (4,19), (-4,-4)]
Turtle 5 :[(-5,-5), (6,13), (5,13), (4,13), (4,14), (4,15), (4,16)]

Shrinking Run 12
#Info# Executed steps before collision: 3, Found collision: true
Turtle 1 :[(-1,-1), (2,13), (3,13), (4,13), (4,12), (4,11), (4,10)]
Turtle 2 :[(-2,-2), (1,18), (0,18), (0,17), (0,16), (0,15), (0,14)]
Turtle 3 :[(-3,-3), (14,11), (14,10), (13,10), (13,9), (12,9), (12,8)]
Turtle 4 :[(-4,-4), (3,17), (4,17), (4,18), (4,19), (4,19), (-4,-4)]
Turtle 5 :[(-5,-5), (6,13), (5,13), (4,13), (4,14), (4,15), (4,16)]

Shrinking Run 13
#Info# Executed steps before collision: 3, Found collision: true
Turtle 1 :[(-1,-1), (2,13), (3,13), (4,13), (4,12), (4,11), (4,10)]
Turtle 2 :[(-2,-2), (1,18), (0,18), (0,17), (0,16), (0,15), (0,14)]
Turtle 3 :[(-3,-3), (14,11), (13,11), (12,11), (12,10), (11,10), (11,9)]
Turtle 4 :[(-4,-4), (3,17), (4,17), (4,18), (4,19), (4,19), (-4,-4)]
Turtle 5 :[(-5,-5), (6,13), (5,13), (4,13), (4,14), (4,15), (4,16)]

Shrinking Run 14
#Info# Executed steps before collision: 3, Found collision: true
Turtle 1 :[(-1,-1), (2,13), (3,13), (4,13), (4,12), (4,11), (4,10)]
Turtle 2 :[(-2,-2), (1,18), (0,18), (0,17), (0,16), (0,15), (0,14)]
Turtle 3 :[(-3,-3), (14,11), (13,11), (12,11), (11,11), (10,11), (10,10)]
Turtle 4 :[(-4,-4), (3,17), (4,17), (4,18), (4,19), (4,19), (-4,-4)]
Turtle 5 :[(-5,-5), (6,13), (5,13), (4,13), (4,14), (4,15), (4,16)]

Shrinking Run 15
#Info# Executed steps before collision: 3, Found collision: true
Turtle 1 :[(-1,-1), (2,13), (3,13), (4,13), (4,12), (4,11), (4,10)]
Turtle 2 :[(-2,-2), (1,18), (0,18), (0,17), (0,16), (0,15), (0,14)]
Turtle 3 :[(-3,-3), (14,11), (13,11), (12,11), (11,11), (10,11), (9,11)]
Turtle 4 :[(-4,-4), (3,17), (4,17), (4,18), (4,19), (4,19), (-4,-4)]
Turtle 5 :[(-5,-5), (6,13), (5,13), (4,13), (4,14), (4,15), (4,16)]

Shrinking Run 16
#Info# Executed steps before collision: 3, Found collision: true
Turtle 1 :[(-1,-1), (2,13), (3,13), (4,13), (4,12), (4,11), (4,10)]
Turtle 2 :[(-2,-2), (1,18), (0,18), (0,17), (0,16), (0,15), (0,14)]
Turtle 3 :[(-3,-3), (14,11), (13,11), (12,11), (11,11), (10,11), (9,11)]
Turtle 4 :[(-4,-4), (3,17), (3,18), (2,18), (1,18), (1,19), (1,19)]
Turtle 5 :[(-5,-5), (6,13), (5,13), (4,13), (4,14), (4,15), (4,16)]

Shrinking Run 17
#Info# Executed steps before collision: 3, Found collision: true
Turtle 1 :[(-1,-1), (2,13), (3,13), (4,13), (4,12), (4,11), (4,10)]
Turtle 2 :[(-2,-2), (1,18), (0,18), (0,17), (0,16), (0,15), (0,14)]
Turtle 3 :[(-3,-3), (14,11), (13,11), (12,11), (11,11), (10,11), (9,11)]
Turtle 4 :[(-4,-4), (3,17), (3,16), (2,16), (1,16), (1,15), (1,14)]
Turtle 5 :[(-5,-5), (6,13), (5,13), (4,13), (4,14), (4,15), (4,16)]

Shrinking Run 18
#Info# Executed steps before collision: 3, Found collision: true
Turtle 1 :[(-1,-1), (2,13), (3,13), (4,13), (4,12), (4,11), (4,10), (-1,-1)]
Turtle 2 :[(-2,-2), (1,18), (0,18), (0,17), (0,16), (0,15), (0,14), (-2,-2)]
Turtle 3 :[(-3,-3), (14,11), (13,11), (12,11), (11,11), (10,11), (9,11), (-3,-3)]
Turtle 4 :[(-4,-4), (3,17), (2,17), (1,17), (0,17), (0,17), (0,16), (0,15)]
Turtle 5 :[(-5,-5), (6,13), (5,13), (4,13), (4,14), (4,15), (4,16), (-5,-5)]

Shrinking Run 19
#Info# Executed steps before collision: 3, Found collision: true
Turtle 1 :[(-1,-1), (2,13), (3,13), (4,13), (5,13), (5,12), (5,11), (4,11), (4,10)]
Turtle 2 :[(-2,-2), (1,18), (0,18), (0,17), (0,16), (0,15), (0,14), (-2,-2), (-2,-2)]
Turtle 3 :[(-3,-3), (14,11), (13,11), (12,11), (11,11), (10,11), (9,11), (-3,-3), (-3,-3)]
Turtle 4 :[(-4,-4), (3,17), (2,17), (1,17), (1,17), (0,17), (0,16), (0,15), (-4,-4)]
Turtle 5 :[(-5,-5), (6,13), (5,13), (4,13), (4,14), (3,14), (3,15), (-5,-5), (-5,-5)]

Shrinking Run 20
#Info# Executed steps before collision: 3, Found collision: true
Turtle 1 :[(-1,-1), (2,13), (3,13), (4,13), (4,13), (4,12), (4,11), (4,10), (-1,-1), (-1,-1), (-1,-1)]
Turtle 2 :[(-2,-2), (1,18), (0,18), (0,17), (0,16), (0,15), (0,14), (-2,-2), (-2,-2), (-2,-2), (-2,-2)]
Turtle 3 :[(-3,-3), (14,11), (13,11), (12,11), (11,11), (10,11), (9,11), (-3,-3), (-3,-3), (-3,-3), (-3,-3)]
Turtle 4 :[(-4,-4), (3,17), (2,17), (1,17), (1,17), (0,17), (0,16), (0,15), (-4,-4), (-4,-4), (-4,-4)]
Turtle 5 :[(-5,-5), (6,13), (5,13), (4,13), (3,13), (4,13), (4,14), (4,13), (4,12), (4,11), (4,10)]

Shrinking Run 21
#Info# Executed steps before collision: 4, Found collision: true
Turtle 1 :[(-1,-1), (2,13), (3,13), (4,13), (4,12), (4,11), (4,10), (-1,-1)]
Turtle 2 :[(-2,-2), (1,18), (0,18), (0,17), (0,16), (0,15), (0,14), (-2,-2)]
Turtle 3 :[(-3,-3), (14,11), (13,11), (12,11), (11,11), (10,11), (9,11), (-3,-3)]
Turtle 4 :[(-4,-4), (3,17), (2,17), (1,17), (1,17), (0,17), (0,16), (0,15)]
Turtle 5 :[(-5,-5), (6,13), (5,13), (5,12), (4,12), (3,12), (3,11), (-5,-5)]

Shrinking Run 22
#Info# Executed steps before collision: 3, Found collision: true
Turtle 1 :[(-1,-1), (2,13), (3,13), (4,13), (4,12), (4,11), (4,10)]
Turtle 2 :[(-2,-2), (1,18), (0,18), (0,17), (0,16), (0,15), (0,14)]
Turtle 3 :[(-3,-3), (14,11), (13,11), (12,11), (11,11), (10,11), (9,11)]
Turtle 4 :[(-4,-4), (3,17), (2,17), (1,17), (1,16), (1,15), (0,15)]
Turtle 5 :[(-5,-5), (6,13), (5,13), (4,13), (3,13), (2,13), (2,12)]

Shrinking Run 23
#Info# Executed steps before collision: 8, Found collision: false
Turtle 1 :[(-1,-1), (2,13), (3,13), (4,13), (4,12), (4,11), (4,10), (-1,-1), (-1,-1)]
Turtle 2 :[(-2,-2), (1,18), (0,18), (0,17), (0,16), (0,15), (0,14), (-2,-2), (-2,-2)]
Turtle 3 :[(-3,-3), (14,11), (13,11), (12,11), (11,11), (10,11), (9,11), (-3,-3), (-3,-3)]
Turtle 4 :[(-4,-4), (3,17), (2,17), (1,17), (1,18), (0,18), (0,17), (0,16), (0,15)]
Turtle 5 :[(-5,-5), (6,13), (5,13), (5,14), (4,14), (3,14), (2,14), (2,13), (1,13)]

Shrinking Run 24
#Info# Executed steps before collision: 8, Found collision: false
Turtle 1 :[(-1,-1), (2,13), (1,13), (0,13), (0,14), (0,13), (0,12), (-1,-1), (-1,-1)]
Turtle 2 :[(-2,-2), (1,18), (0,18), (0,17), (0,16), (0,15), (0,14), (-2,-2), (-2,-2)]
Turtle 3 :[(-3,-3), (14,11), (13,11), (12,11), (11,11), (10,11), (9,11), (-3,-3), (-3,-3)]
Turtle 4 :[(-4,-4), (3,17), (2,17), (1,17), (1,18), (1,17), (1,16), (0,16), (0,15)]
Turtle 5 :[(-5,-5), (6,13), (5,13), (4,13), (3,13), (2,13), (2,12), (-5,-5), (-5,-5)]

Shrinking Run 25
#Info# Executed steps before collision: 8, Found collision: false
Turtle 1 :[(-1,-1), (2,13), (2,14), (3,14), (3,13), (3,12), (-1,-1), (-1,-1), (-1,-1)]
Turtle 2 :[(-2,-2), (1,18), (0,18), (0,17), (0,16), (0,15), (0,14), (-2,-2), (-2,-2)]
Turtle 3 :[(-3,-3), (14,11), (13,11), (12,11), (11,11), (10,11), (9,11), (-3,-3), (-3,-3)]
Turtle 4 :[(-4,-4), (3,17), (2,17), (1,17), (1,16), (1,16), (0,16), (0,15), (-4,-4)]
Turtle 5 :[(-5,-5), (6,13), (5,13), (4,13), (5,13), (4,13), (3,13), (3,12), (2,12)]

Shrinking Run 26
#Info# Executed steps before collision: 8, Found collision: false
Turtle 1 :[(-1,-1), (2,13), (1,13), (0,13), (0,12), (0,11), (0,10), (-1,-1), (-1,-1)]
Turtle 2 :[(-2,-2), (1,18), (0,18), (0,17), (0,16), (0,15), (0,14), (-2,-2), (-2,-2)]
Turtle 3 :[(-3,-3), (14,11), (13,11), (12,11), (11,11), (10,11), (9,11), (-3,-3), (-3,-3)]
Turtle 4 :[(-4,-4), (3,17), (2,17), (1,17), (0,17), (1,17), (0,17), (0,16), (0,15)]
Turtle 5 :[(-5,-5), (6,13), (5,13), (4,13), (3,13), (2,13), (2,12), (-5,-5), (-5,-5)]

Shrink Run 27
#Info# Executed steps before collision: 8, Found collision: false
Turtle 1 :[(-1,-1), (2,13), (3,13), (3,12), (3,11), (3,10), (3,9), (-1,-1), (-1,-1)]
Turtle 2 :[(-2,-2), (1,18), (0,18), (0,17), (0,16), (0,15), (0,14), (-2,-2), (-2,-2)]
Turtle 3 :[(-3,-3), (14,11), (13,11), (12,11), (11,11), (10,11), (9,11), (-3,-3), (-3,-3)]
Turtle 4 :[(-4,-4), (3,17), (2,17), (1,17), (1,17), (0,17), (0,16), (0,15), (-4,-4)]
Turtle 5 :[(-5,-5), (6,13), (5,13), (6,13), (6,12), (5,12), (4,12), (3,12), (2,12)]

