Shrinking Run 1
#Info# Executed steps before collision: 11, Found collision: false
Turtle 1 :[(-1,-1), (6,22), (6,23), (6,24), (6,24), (7,24), (7,23), (7,24), (6,24), (5,24), (4,24), (3,24)]
Turtle 2 :[(-2,-2), (44,5), (44,5), (44,5), (44,5), (44,5), (44,4), (44,4), (44,3), (43,3), (42,3), (41,3)]
Turtle 3 :[(-3,-3), (4,25), (5,25), (5,24), (5,24), (6,24), (6,23), (7,23), (-3,-3), (-3,-3), (-3,-3), (-3,-3)]
Turtle 4 :[(-4,-4), (16,41), (17,41), (17,40), (17,40), (17,41), (17,41), (17,41), (17,41), (17,41), (17,42), (17,43)]
Turtle 5 :[(-5,-5), (17,23), (17,23), (17,23), (18,23), (19,23), (19,23), (19,24), (19,24), (20,24), (20,24), (20,25)]

Shrinking Run 2
#Info# Executed steps before collision: 11, Found collision: false
Turtle 1 :[(-1,-1), (6,22), (6,23), (6,24), (6,24), (5,24), (4,24), (3,24), (-1,-1), (-1,-1), (-1,-1), (-1,-1)]
Turtle 2 :[(-2,-2), (44,5), (44,5), (44,4), (44,3), (43,3), (-2,-2), (-2,-2), (-2,-2), (-2,-2), (-2,-2), (-2,-2)]
Turtle 3 :[(-3,-3), (4,25), (5,25), (5,24), (5,23), (6,23), (7,23), (-3,-3), (-3,-3), (-3,-3), (-3,-3), (-3,-3)]
Turtle 4 :[(-4,-4), (16,41), (17,41), (17,40), (17,40), (17,41), (17,41), (17,41), (17,41), (17,41), (17,42), (17,43)]
Turtle 5 :[(-5,-5), (17,23), (17,23), (17,23), (18,23), (19,23), (19,23), (19,24), (19,24), (20,24), (20,24), (20,25)]

Shrinking Run 3
#Info# Executed steps before collision: 12, Found collision: false
Turtle 1 :[(-1,-1), (6,22), (6,23), (6,24), (6,25), (7,25), (7,24), (6,24), (7,24), (6,24), (5,24), (4,24), (3,24)]
Turtle 2 :[(-2,-2), (44,5), (44,5), (44,4), (44,3), (-2,-2), (-2,-2), (-2,-2), (-2,-2), (-2,-2), (-2,-2), (-2,-2), (-2,-2)]
Turtle 3 :[(-3,-3), (4,25), (5,25), (5,24), (5,25), (6,25), (5,25), (5,24), (5,25), (6,25), (7,25), (7,24), (7,23)]
Turtle 4 :[(-4,-4), (16,41), (17,41), (17,40), (17,40), (17,41), (17,41), (17,41), (17,41), (17,41), (17,42), (17,43), (-4,-4)]
Turtle 5 :[(-5,-5), (17,23), (17,23), (17,23), (18,23), (19,23), (19,23), (19,24), (19,24), (20,24), (20,24), (20,25), (-5,-5)]

Shrinking Run 4
#Info# Executed steps before collision: 6, Found collision: true
Turtle 1 :[(-1,-1), (6,22), (6,23), (6,24), (6,23), (5,23), (5,24), (4,24), (3,24), (-1,-1), (-1,-1), (-1,-1)]
Turtle 2 :[(-2,-2), (44,5), (44,5), (44,5), (44,5), (44,5), (44,4), (44,4), (44,3), (45,3), (45,2), (45,1)]
Turtle 3 :[(-3,-3), (4,25), (5,25), (5,24), (4,24), (4,24), (5,24), (6,24), (7,24), (7,23), (-3,-3), (-3,-3)]
Turtle 4 :[(-4,-4), (16,41), (17,41), (17,40), (17,40), (17,41), (17,41), (17,41), (17,41), (17,41), (17,42), (17,43)]
Turtle 5 :[(-5,-5), (17,23), (17,23), (17,23), (18,23), (19,23), (19,23), (19,24), (19,24), (20,24), (20,24), (20,25)]

Shrinking Run 5
#Info# Executed steps before collision: 11, Found collision: false
Turtle 1 :[(-1,-1), (6,22), (6,23), (6,24), (5,24), (4,24), (3,24), (-1,-1), (-1,-1), (-1,-1), (-1,-1), (-1,-1)]
Turtle 2 :[(-2,-2), (44,5), (44,5), (44,5), (44,5), (44,5), (44,4), (44,4), (44,3), (43,3), (43,2), (42,2)]
Turtle 3 :[(-3,-3), (4,25), (5,25), (5,24), (5,25), (6,25), (6,24), (6,23), (7,23), (-3,-3), (-3,-3), (-3,-3)]
Turtle 4 :[(-4,-4), (16,41), (17,41), (17,40), (17,40), (17,41), (17,41), (17,41), (17,41), (17,41), (17,42), (17,43)]
Turtle 5 :[(-5,-5), (17,23), (17,23), (17,23), (18,23), (19,23), (19,23), (19,24), (19,24), (20,24), (20,24), (20,25)]

Shrinking Run 6
#Info# Executed steps before collision: 11, Found collision: false
Turtle 1 :[(-1,-1), (6,22), (6,23), (6,24), (7,24), (6,24), (5,24), (4,24), (3,24), (-1,-1), (-1,-1), (-1,-1)]
Turtle 2 :[(-2,-2), (44,5), (44,5), (44,5), (44,5), (44,5), (44,4), (44,4), (44,3), (43,3), (43,2), (43,1)]
Turtle 3 :[(-3,-3), (4,25), (5,25), (5,24), (4,24), (5,24), (5,23), (6,23), (7,23), (-3,-3), (-3,-3), (-3,-3)]
Turtle 4 :[(-4,-4), (16,41), (17,41), (17,40), (17,40), (17,41), (17,41), (17,41), (17,41), (17,41), (17,42), (17,43)]
Turtle 5 :[(-5,-5), (17,23), (17,23), (17,23), (18,23), (19,23), (19,23), (19,24), (19,24), (20,24), (20,24), (20,25)]

Shrinking Run 7
#Info# Executed steps before collision: 5, Found collision: true
Turtle 1 :[(-1,-1), (6,22), (6,23), (6,24), (6,23), (6,24), (5,24), (4,24), (3,24), (-1,-1), (-1,-1), (-1,-1)]
Turtle 2 :[(-2,-2), (44,5), (44,5), (44,5), (44,5), (44,5), (44,4), (44,4), (44,3), (44,2), (44,1), (44,0)]
Turtle 3 :[(-3,-3), (4,25), (5,25), (5,24), (5,24), (6,24), (7,24), (7,24), (7,23), (-3,-3), (-3,-3), (-3,-3)]
Turtle 4 :[(-4,-4), (16,41), (17,41), (17,40), (17,40), (17,41), (17,41), (17,41), (17,41), (17,41), (17,42), (17,43)]
Turtle 5 :[(-5,-5), (17,23), (17,23), (17,23), (18,23), (19,23), (19,23), (19,24), (19,24), (20,24), (20,24), (20,25)]

Shrinking Run 8
#Info# Executed steps before collision: 11, Found collision: false
Turtle 1 :[(-1,-1), (6,22), (6,23), (6,24), (5,24), (4,24), (3,24), (-1,-1), (-1,-1), (-1,-1), (-1,-1), (-1,-1)]
Turtle 2 :[(-2,-2), (44,5), (44,4), (44,3), (44,2), (44,1), (44,0), (-2,-2), (-2,-2), (-2,-2), (-2,-2), (-2,-2)]
Turtle 3 :[(-3,-3), (4,25), (5,25), (5,24), (5,23), (6,23), (7,23), (-3,-3), (-3,-3), (-3,-3), (-3,-3), (-3,-3)]
Turtle 4 :[(-4,-4), (16,41), (17,41), (17,40), (17,40), (17,41), (17,41), (17,41), (17,41), (17,41), (17,42), (17,43)]
Turtle 5 :[(-5,-5), (17,23), (17,23), (17,23), (18,23), (19,23), (19,23), (19,24), (19,24), (20,24), (20,24), (20,25)]

Shrinking Run 9
#Info# Executed steps before collision: 11, Found collision: false
Turtle 1 :[(-1,-1), (6,22), (6,23), (6,24), (7,24), (6,24), (5,24), (4,24), (3,24), (-1,-1), (-1,-1), (-1,-1)]
Turtle 2 :[(-2,-2), (44,5), (44,4), (44,4), (44,3), (44,2), (44,1), (44,0), (-2,-2), (-2,-2), (-2,-2), (-2,-2)]
Turtle 3 :[(-3,-3), (4,25), (5,25), (5,24), (5,24), (5,24), (5,25), (6,25), (6,24), (7,24), (7,23), (-3,-3)]
Turtle 4 :[(-4,-4), (16,41), (17,41), (17,40), (17,40), (17,41), (17,41), (17,41), (17,41), (17,41), (17,42), (17,43)]
Turtle 5 :[(-5,-5), (17,23), (17,23), (17,23), (18,23), (19,23), (19,23), (19,24), (19,24), (20,24), (20,24), (20,25)]

Shrinking Run 10
#Info# Executed steps before collision: 11, Found collision: false
Turtle 1 :[(-1,-1), (6,22), (6,23), (6,24), (6,24), (5,24), (4,24), (3,24), (-1,-1), (-1,-1), (-1,-1), (-1,-1)]
Turtle 2 :[(-2,-2), (44,5), (44,5), (44,5), (44,4), (44,3), (44,2), (44,1), (44,0), (-2,-2), (-2,-2), (-2,-2)]
Turtle 3 :[(-3,-3), (4,25), (5,25), (5,24), (5,24), (6,24), (7,24), (7,24), (7,23), (-3,-3), (-3,-3), (-3,-3)]
Turtle 4 :[(-4,-4), (16,41), (17,41), (17,40), (17,40), (17,41), (17,41), (17,41), (17,41), (17,41), (17,42), (17,43)]
Turtle 5 :[(-5,-5), (17,23), (17,23), (17,23), (18,23), (19,23), (19,23), (19,24), (19,24), (20,24), (20,24), (20,25)]

Shrinking Run 11
#Info# Executed steps before collision: 11, Found collision: false
Turtle 1 :[(-1,-1), (6,22), (6,23), (6,24), (7,24), (6,24), (5,24), (4,24), (3,24), (-1,-1), (-1,-1), (-1,-1)]
Turtle 2 :[(-2,-2), (44,5), (44,5), (44,5), (44,4), (44,4), (44,3), (44,3), (44,2), (44,1), (44,0), (-2,-2)]
Turtle 3 :[(-3,-3), (4,25), (5,25), (5,24), (5,23), (5,22), (6,22), (7,22), (7,23), (-3,-3), (-3,-3), (-3,-3)]
Turtle 4 :[(-4,-4), (16,41), (17,41), (17,40), (17,40), (17,41), (17,41), (17,41), (17,41), (17,41), (17,42), (17,43)]
Turtle 5 :[(-5,-5), (17,23), (17,23), (17,23), (18,23), (19,23), (19,23), (19,24), (19,24), (20,24), (20,24), (20,25)]

Shrinking Run 12
#Info# Executed steps before collision: 11, Found collision: false
Turtle 1 :[(-1,-1), (6,22), (6,23), (6,24), (7,24), (6,24), (6,25), (6,24), (5,24), (4,24), (3,24), (-1,-1)]
Turtle 2 :[(-2,-2), (44,5), (44,5), (44,5), (44,4), (44,4), (44,3), (44,2), (44,1), (44,0), (-2,-2), (-2,-2)]
Turtle 3 :[(-3,-3), (4,25), (5,25), (5,24), (5,25), (5,24), (5,23), (6,23), (7,23), (-3,-3), (-3,-3), (-3,-3)]
Turtle 4 :[(-4,-4), (16,41), (17,41), (17,40), (17,40), (17,41), (17,41), (17,41), (17,41), (17,41), (17,42), (17,43)]
Turtle 5 :[(-5,-5), (17,23), (17,23), (17,23), (18,23), (19,23), (19,23), (19,24), (19,24), (20,24), (20,24), (20,25)]

Shrinking Run 13
#Info# Executed steps before collision: 4, Found collision: true
Turtle 1 :[(-1,-1), (6,22), (6,23), (6,24), (5,24), (4,24), (3,24), (-1,-1), (-1,-1), (-1,-1), (-1,-1), (-1,-1)]
Turtle 2 :[(-2,-2), (44,5), (44,4), (44,4), (44,4), (44,4), (44,3), (44,3), (44,3), (44,2), (44,1), (44,0)]
Turtle 3 :[(-3,-3), (4,25), (5,25), (5,24), (5,24), (6,24), (7,24), (7,24), (7,23), (-3,-3), (-3,-3), (-3,-3)]
Turtle 4 :[(-4,-4), (16,41), (17,41), (17,40), (17,40), (17,41), (17,41), (17,41), (17,41), (17,41), (17,42), (17,43)]
Turtle 5 :[(-5,-5), (17,23), (17,23), (17,23), (18,23), (19,23), (19,23), (19,24), (19,24), (20,24), (20,24), (20,25)]

Shrinking Run 14
#Info# Executed steps before collision: 11, Found collision: false
Turtle 1 :[(-1,-1), (6,22), (6,23), (6,24), (5,24), (4,24), (3,24), (-1,-1), (-1,-1), (-1,-1), (-1,-1), (-1,-1)]
Turtle 2 :[(-2,-2), (44,5), (44,4), (44,3), (44,3), (44,3), (44,2), (44,2), (44,2), (44,2), (44,1), (44,0)]
Turtle 3 :[(-3,-3), (4,25), (5,25), (5,24), (5,25), (5,24), (5,23), (6,23), (7,23), (-3,-3), (-3,-3), (-3,-3)]
Turtle 4 :[(-4,-4), (16,41), (17,41), (17,40), (17,40), (17,41), (17,41), (17,41), (17,41), (17,41), (17,42), (17,43)]
Turtle 5 :[(-5,-5), (17,23), (17,23), (17,23), (18,23), (19,23), (19,23), (19,24), (19,24), (20,24), (20,24), (20,25)]

Shrinking Run 15
#Info# Executed steps before collision: 5, Found collision: true
Turtle 1 :[(-1,-1), (6,22), (6,23), (6,24), (6,24), (5,24), (4,24), (3,24), (-1,-1), (-1,-1), (-1,-1), (-1,-1)]
Turtle 2 :[(-2,-2), (44,5), (44,4), (44,4), (44,3), (44,3), (44,2), (44,2), (44,2), (44,2), (44,1), (44,0)]
Turtle 3 :[(-3,-3), (4,25), (5,25), (5,24), (4,24), (5,24), (5,23), (6,23), (7,23), (-3,-3), (-3,-3), (-3,-3)]
Turtle 4 :[(-4,-4), (16,41), (17,41), (17,40), (17,40), (17,41), (17,41), (17,41), (17,41), (17,41), (17,42), (17,43)]
Turtle 5 :[(-5,-5), (17,23), (17,23), (17,23), (18,23), (19,23), (19,23), (19,24), (19,24), (20,24), (20,24), (20,25)]

Shrinking Run 16
#Info# Executed steps before collision: 11, Found collision: false
Turtle 1 :[(-1,-1), (6,22), (6,23), (6,24), (7,24), (6,24), (5,24), (4,24), (3,24), (-1,-1), (-1,-1), (-1,-1)]
Turtle 2 :[(-2,-2), (44,5), (44,4), (44,4), (44,3), (44,2), (44,1), (44,1), (44,1), (44,1), (44,1), (44,0)]
Turtle 3 :[(-3,-3), (4,25), (5,25), (5,24), (4,24), (4,23), (5,23), (6,23), (7,23), (-3,-3), (-3,-3), (-3,-3)]
Turtle 4 :[(-4,-4), (16,41), (17,41), (17,40), (17,40), (17,41), (17,41), (17,41), (17,41), (17,41), (17,42), (17,43)]
Turtle 5 :[(-5,-5), (17,23), (17,23), (17,23), (18,23), (19,23), (19,23), (19,24), (19,24), (20,24), (20,24), (20,25)]

Shrinking Run 17
#Info# Executed steps before collision: 12, Found collision: false
Turtle 1 :[(-1,-1), (6,22), (6,23), (6,24), (6,24), (5,24), (4,24), (3,24), (-1,-1), (-1,-1), (-1,-1), (-1,-1), (-1,-1)]
Turtle 2 :[(-2,-2), (44,5), (44,4), (44,4), (44,3), (44,3), (44,2), (44,1), (44,1), (44,1), (44,1), (44,0), (-2,-2)]
Turtle 3 :[(-3,-3), (4,25), (5,25), (5,24), (4,24), (4,25), (3,25), (4,25), (5,25), (5,24), (6,24), (7,24), (7,23)]
Turtle 4 :[(-4,-4), (16,41), (17,41), (17,40), (17,40), (17,41), (17,41), (17,41), (17,41), (17,41), (17,42), (17,43), (-4,-4)]
Turtle 5 :[(-5,-5), (17,23), (17,23), (17,23), (18,23), (19,23), (19,23), (19,24), (19,24), (20,24), (20,24), (20,25), (-5,-5)]

Shrinking Run 18
#Info# Executed steps before collision: 11, Found collision: false
Turtle 1 :[(-1,-1), (6,22), (6,23), (6,24), (6,24), (5,24), (4,24), (3,24), (-1,-1), (-1,-1), (-1,-1), (-1,-1)]
Turtle 2 :[(-2,-2), (44,5), (44,4), (44,4), (44,3), (44,3), (44,2), (44,2), (44,1), (44,1), (44,1), (44,0)]
Turtle 3 :[(-3,-3), (4,25), (5,25), (5,24), (5,25), (6,25), (6,24), (6,23), (7,23), (-3,-3), (-3,-3), (-3,-3)]
Turtle 4 :[(-4,-4), (16,41), (17,41), (17,40), (17,40), (17,41), (17,41), (17,41), (17,41), (17,41), (17,42), (17,43)]
Turtle 5 :[(-5,-5), (17,23), (17,23), (17,23), (18,23), (19,23), (19,23), (19,24), (19,24), (20,24), (20,24), (20,25)]

Shrinking Run 19
#Info# Executed steps before collision: 11, Found collision: false
Turtle 1 :[(-1,-1), (6,22), (6,23), (6,24), (6,25), (6,24), (5,24), (4,24), (3,24), (-1,-1), (-1,-1), (-1,-1)]
Turtle 2 :[(-2,-2), (44,5), (44,4), (44,4), (44,3), (44,3), (44,2), (44,2), (44,2), (44,1), (44,1), (44,0)]
Turtle 3 :[(-3,-3), (4,25), (5,25), (5,24), (5,23), (6,23), (7,23), (-3,-3), (-3,-3), (-3,-3), (-3,-3), (-3,-3)]
Turtle 4 :[(-4,-4), (16,41), (17,41), (17,40), (17,40), (17,41), (17,41), (17,41), (17,41), (17,41), (17,42), (17,43)]
Turtle 5 :[(-5,-5), (17,23), (17,23), (17,23), (18,23), (19,23), (19,23), (19,24), (19,24), (20,24), (20,24), (20,25)]

Shrinking Run 20
#Info# Executed steps before collision: 11, Found collision: false
Turtle 1 :[(-1,-1), (6,22), (6,23), (6,24), (5,24), (4,24), (3,24), (-1,-1), (-1,-1), (-1,-1), (-1,-1), (-1,-1)]
Turtle 2 :[(-2,-2), (44,5), (44,4), (44,4), (44,3), (44,3), (44,2), (44,2), (44,2), (44,2), (44,1), (44,0)]
Turtle 3 :[(-3,-3), (4,25), (4,24), (3,24), (2,24), (1,24), (1,24), (1,23), (-3,-3), (-3,-3), (-3,-3), (-3,-3)]
Turtle 4 :[(-4,-4), (16,41), (17,41), (17,40), (17,40), (17,41), (17,41), (17,41), (17,41), (17,41), (17,42), (17,43)]
Turtle 5 :[(-5,-5), (17,23), (17,23), (17,23), (18,23), (19,23), (19,23), (19,24), (19,24), (20,24), (20,24), (20,25)]

Shrinking Run 21
#Info# Executed steps before collision: 11, Found collision: false
Turtle 1 :[(-1,-1), (6,22), (6,23), (6,24), (5,24), (4,24), (3,24), (-1,-1), (-1,-1), (-1,-1), (-1,-1), (-1,-1)]
Turtle 2 :[(-2,-2), (44,5), (44,4), (44,4), (44,3), (44,3), (44,2), (44,2), (44,2), (44,2), (44,1), (44,0)]
Turtle 3 :[(-3,-3), (4,25), (3,25), (3,24), (2,24), (1,24), (1,24), (1,23), (-3,-3), (-3,-3), (-3,-3), (-3,-3)]
Turtle 4 :[(-4,-4), (16,41), (17,41), (17,40), (17,40), (17,41), (17,41), (17,41), (17,41), (17,41), (17,42), (17,43)]
Turtle 5 :[(-5,-5), (17,23), (17,23), (17,23), (18,23), (19,23), (19,23), (19,24), (19,24), (20,24), (20,24), (20,25)]

Shrinking Run 22
#Info# Executed steps before collision: 11, Found collision: false
Turtle 1 :[(-1,-1), (6,22), (6,23), (6,24), (5,24), (4,24), (3,24), (-1,-1), (-1,-1), (-1,-1), (-1,-1), (-1,-1)]
Turtle 2 :[(-2,-2), (44,5), (44,4), (44,4), (44,3), (44,3), (44,2), (44,2), (44,2), (44,2), (44,1), (44,0)]
Turtle 3 :[(-3,-3), (4,25), (4,24), (4,23), (4,22), (5,22), (5,22), (5,21), (-3,-3), (-3,-3), (-3,-3), (-3,-3)]
Turtle 4 :[(-4,-4), (16,41), (17,41), (17,40), (17,40), (17,41), (17,41), (17,41), (17,41), (17,41), (17,42), (17,43)]
Turtle 5 :[(-5,-5), (17,23), (17,23), (17,23), (18,23), (19,23), (19,23), (19,24), (19,24), (20,24), (20,24), (20,25)]

Shrinking Run 23
#Info# Executed steps before collision: 11, Found collision: false
Turtle 1 :[(-1,-1), (6,22), (6,23), (6,24), (6,23), (5,23), (5,24), (4,24), (3,24), (-1,-1), (-1,-1), (-1,-1)]
Turtle 2 :[(-2,-2), (44,5), (44,4), (44,4), (44,3), (44,3), (44,2), (44,2), (44,2), (44,2), (44,1), (44,0)]
Turtle 3 :[(-3,-3), (4,25), (5,25), (5,24), (5,23), (6,23), (6,23), (6,22), (-3,-3), (-3,-3), (-3,-3), (-3,-3)]
Turtle 4 :[(-4,-4), (16,41), (17,41), (17,40), (17,40), (17,41), (17,41), (17,41), (17,41), (17,41), (17,42), (17,43)]
Turtle 5 :[(-5,-5), (17,23), (17,23), (17,23), (18,23), (19,23), (19,23), (19,24), (19,24), (20,24), (20,24), (20,25)]

Shrinking Run 24
#Info# Executed steps before collision: 11, Found collision: false
Turtle 1 :[(-1,-1), (6,22), (6,23), (6,24), (5,24), (4,24), (3,24), (-1,-1), (-1,-1), (-1,-1), (-1,-1), (-1,-1)]
Turtle 2 :[(-2,-2), (44,5), (44,4), (44,4), (44,3), (44,3), (44,2), (44,2), (44,2), (44,2), (44,1), (44,0)]
Turtle 3 :[(-3,-3), (4,25), (4,24), (4,23), (5,23), (6,23), (6,23), (6,22), (-3,-3), (-3,-3), (-3,-3), (-3,-3)]
Turtle 4 :[(-4,-4), (16,41), (17,41), (17,40), (17,40), (17,41), (17,41), (17,41), (17,41), (17,41), (17,42), (17,43)]
Turtle 5 :[(-5,-5), (17,23), (17,23), (17,23), (18,23), (19,23), (19,23), (19,24), (19,24), (20,24), (20,24), (20,25)]

Shrinking Run 25
#Info# Executed steps before collision: 11, Found collision: false
Turtle 1 :[(-1,-1), (6,22), (6,23), (6,24), (5,24), (4,24), (3,24), (-1,-1), (-1,-1), (-1,-1), (-1,-1), (-1,-1)]
Turtle 2 :[(-2,-2), (44,5), (44,4), (44,4), (44,3), (44,3), (44,2), (44,2), (44,2), (44,2), (44,1), (44,0)]
Turtle 3 :[(-3,-3), (4,25), (5,25), (6,25), (6,26), (7,26), (7,25), (7,24), (7,23), (-3,-3), (-3,-3), (-3,-3)]
Turtle 4 :[(-4,-4), (16,41), (17,41), (17,40), (17,40), (17,41), (17,41), (17,41), (17,41), (17,41), (17,42), (17,43)]
Turtle 5 :[(-5,-5), (17,23), (17,23), (17,23), (18,23), (19,23), (19,23), (19,24), (19,24), (20,24), (20,24), (20,25)]

Shrinking Run 26
#Info# Executed steps before collision: 5, Found collision: true
Turtle 1 :[(-1,-1), (6,22), (6,23), (6,24), (6,23), (5,23), (4,23), (4,24), (3,24), (-1,-1), (-1,-1), (-1,-1)]
Turtle 2 :[(-2,-2), (44,5), (44,4), (44,4), (44,3), (44,3), (44,2), (44,2), (44,2), (44,2), (44,1), (44,0)]
Turtle 3 :[(-3,-3), (4,25), (4,24), (5,24), (5,24), (5,23), (6,23), (7,23), (-3,-3), (-3,-3), (-3,-3), (-3,-3)]
Turtle 4 :[(-4,-4), (16,41), (17,41), (17,40), (17,40), (17,41), (17,41), (17,41), (17,41), (17,41), (17,42), (17,43)]
Turtle 5 :[(-5,-5), (17,23), (17,23), (17,23), (18,23), (19,23), (19,23), (19,24), (19,24), (20,24), (20,24), (20,25)]

Shrinking Run 27
#Info# Executed steps before collision: 11, Found collision: false
Turtle 1 :[(-1,-1), (6,22), (6,23), (6,24), (6,25), (5,25), (4,25), (3,25), (3,24), (-1,-1), (-1,-1), (-1,-1)]
Turtle 2 :[(-2,-2), (44,5), (44,4), (44,4), (44,3), (44,3), (44,2), (44,2), (44,2), (44,2), (44,1), (44,0)]
Turtle 3 :[(-3,-3), (4,25), (4,24), (5,24), (5,23), (6,23), (7,23), (-3,-3), (-3,-3), (-3,-3), (-3,-3), (-3,-3)]
Turtle 4 :[(-4,-4), (16,41), (15,41), (15,41), (14,41), (14,41), (13,41), (12,41), (12,42), (-4,-4), (-4,-4), (-4,-4)]
Turtle 5 :[(-5,-5), (17,23), (17,23), (17,23), (18,23), (19,23), (19,23), (19,24), (19,24), (20,24), (20,24), (20,25)]

Shrinking Run 28
#Info# Executed steps before collision: 5, Found collision: true
Turtle 1 :[(-1,-1), (6,22), (6,23), (6,24), (6,25), (5,25), (5,24), (4,24), (3,24), (-1,-1), (-1,-1), (-1,-1)]
Turtle 2 :[(-2,-2), (44,5), (44,4), (44,4), (44,3), (44,3), (44,2), (44,2), (44,2), (44,2), (44,1), (44,0)]
Turtle 3 :[(-3,-3), (4,25), (4,24), (5,24), (5,24), (5,25), (6,25), (6,24), (6,23), (7,23), (-3,-3), (-3,-3)]
Turtle 4 :[(-4,-4), (16,41), (15,41), (15,41), (14,41), (14,41), (13,41), (13,42), (13,43), (-4,-4), (-4,-4), (-4,-4)]
Turtle 5 :[(-5,-5), (17,23), (17,23), (17,23), (18,23), (19,23), (19,23), (19,24), (19,24), (20,24), (20,24), (20,25)]

Shrinking Run 29
#Info# Executed steps before collision: 5, Found collision: true
Turtle 1 :[(-1,-1), (6,22), (6,23), (6,24), (6,24), (5,24), (4,24), (3,24), (-1,-1), (-1,-1), (-1,-1), (-1,-1)]
Turtle 2 :[(-2,-2), (44,5), (44,4), (44,4), (44,3), (44,3), (44,2), (44,2), (44,2), (44,2), (44,1), (44,0)]
Turtle 3 :[(-3,-3), (4,25), (4,24), (5,24), (5,25), (5,24), (6,24), (7,24), (7,23), (-3,-3), (-3,-3), (-3,-3)]
Turtle 4 :[(-4,-4), (16,41), (15,41), (15,41), (14,41), (14,41), (14,42), (13,42), (12,42), (-4,-4), (-4,-4), (-4,-4)]
Turtle 5 :[(-5,-5), (17,23), (17,23), (17,23), (18,23), (19,23), (19,23), (19,24), (19,24), (20,24), (20,24), (20,25)]

Shrinking Run 30
#Info# Executed steps before collision: 4, Found collision: true
Turtle 1 :[(-1,-1), (6,22), (6,23), (6,24), (5,24), (4,24), (3,24), (-1,-1), (-1,-1), (-1,-1), (-1,-1), (-1,-1)]
Turtle 2 :[(-2,-2), (44,5), (44,4), (44,4), (44,3), (44,3), (44,2), (44,2), (44,2), (44,2), (44,1), (44,0)]
Turtle 3 :[(-3,-3), (4,25), (4,24), (5,24), (5,24), (6,24), (7,24), (7,24), (7,23), (-3,-3), (-3,-3), (-3,-3)]
Turtle 4 :[(-4,-4), (16,41), (15,41), (15,41), (15,40), (15,40), (15,39), (14,39), (14,38), (-4,-4), (-4,-4), (-4,-4)]
Turtle 5 :[(-5,-5), (17,23), (17,23), (17,23), (18,23), (19,23), (19,23), (19,24), (19,24), (20,24), (20,24), (20,25)]

Shrinking Run 31
#Info# Executed steps before collision: 5, Found collision: true
Turtle 1 :[(-1,-1), (6,22), (6,23), (6,24), (6,24), (5,24), (4,24), (3,24), (-1,-1), (-1,-1), (-1,-1), (-1,-1)]
Turtle 2 :[(-2,-2), (44,5), (44,4), (44,4), (44,3), (44,3), (44,2), (44,2), (44,2), (44,2), (44,1), (44,0)]
Turtle 3 :[(-3,-3), (4,25), (4,24), (5,24), (5,25), (5,24), (6,24), (6,23), (7,23), (-3,-3), (-3,-3), (-3,-3)]
Turtle 4 :[(-4,-4), (16,41), (15,41), (15,41), (15,40), (15,40), (15,39), (14,39), (13,39), (-4,-4), (-4,-4), (-4,-4)]
Turtle 5 :[(-5,-5), (17,23), (17,23), (17,23), (18,23), (19,23), (19,23), (19,24), (19,24), (20,24), (20,24), (20,25)]

Shrinking Run 32
#Info# Executed steps before collision: 11, Found collision: false
Turtle 1 :[(-1,-1), (6,22), (6,23), (6,24), (6,23), (6,22), (5,22), (4,22), (4,23), (3,23), (3,24), (-1,-1)]
Turtle 2 :[(-2,-2), (44,5), (44,4), (44,4), (44,3), (44,3), (44,2), (44,2), (44,2), (44,2), (44,1), (44,0)]
Turtle 3 :[(-3,-3), (4,25), (4,24), (5,24), (5,23), (6,23), (7,23), (-3,-3), (-3,-3), (-3,-3), (-3,-3), (-3,-3)]
Turtle 4 :[(-4,-4), (16,41), (15,41), (15,41), (14,41), (14,41), (14,40), (13,40), (13,39), (-4,-4), (-4,-4), (-4,-4)]
Turtle 5 :[(-5,-5), (17,23), (17,23), (17,23), (18,23), (19,23), (19,23), (19,24), (19,24), (20,24), (20,24), (20,25)]

Shrinking Run 33
#Info# Executed steps before collision: 5, Found collision: true
Turtle 1 :[(-1,-1), (6,22), (6,23), (6,24), (7,24), (6,24), (5,24), (4,24), (3,24), (-1,-1), (-1,-1), (-1,-1)]
Turtle 2 :[(-2,-2), (44,5), (44,4), (44,4), (44,3), (44,3), (44,2), (44,2), (44,2), (44,2), (44,1), (44,0)]
Turtle 3 :[(-3,-3), (4,25), (4,24), (5,24), (5,24), (6,24), (7,24), (7,23), (-3,-3), (-3,-3), (-3,-3), (-3,-3)]
Turtle 4 :[(-4,-4), (16,41), (15,41), (15,41), (15,40), (15,40), (14,40), (13,40), (13,39), (-4,-4), (-4,-4), (-4,-4)]
Turtle 5 :[(-5,-5), (17,23), (17,23), (17,23), (18,23), (19,23), (19,23), (19,24), (19,24), (20,24), (20,24), (20,25)]

Shrinking Run 34
#Info# Executed steps before collision: 11, Found collision: false
Turtle 1 :[(-1,-1), (6,22), (6,23), (6,24), (7,24), (6,24), (5,24), (4,24), (3,24), (-1,-1), (-1,-1), (-1,-1)]
Turtle 2 :[(-2,-2), (44,5), (44,4), (44,4), (44,3), (44,3), (44,2), (44,2), (44,2), (44,2), (44,1), (44,0)]
Turtle 3 :[(-3,-3), (4,25), (4,24), (5,24), (5,25), (5,26), (6,26), (6,25), (6,24), (7,24), (7,23), (-3,-3)]
Turtle 4 :[(-4,-4), (16,41), (15,41), (15,41), (15,40), (15,40), (14,40), (13,40), (12,40), (-4,-4), (-4,-4), (-4,-4)]
Turtle 5 :[(-5,-5), (17,23), (17,23), (17,23), (18,23), (19,23), (19,23), (19,24), (19,24), (20,24), (20,24), (20,25)]

Shrinking Run 35
#Info# Executed steps before collision: 11, Found collision: false
Turtle 1 :[(-1,-1), (6,22), (6,23), (6,24), (6,23), (6,24), (5,24), (4,24), (3,24), (-1,-1), (-1,-1), (-1,-1)]
Turtle 2 :[(-2,-2), (44,5), (44,4), (44,4), (44,3), (44,3), (44,2), (44,2), (44,2), (44,2), (44,1), (44,0)]
Turtle 3 :[(-3,-3), (4,25), (4,24), (5,24), (5,23), (6,23), (7,23), (-3,-3), (-3,-3), (-3,-3), (-3,-3), (-3,-3)]
Turtle 4 :[(-4,-4), (16,41), (16,40), (15,40), (14,40), (13,40), (13,39), (-4,-4), (-4,-4), (-4,-4), (-4,-4), (-4,-4)]
Turtle 5 :[(-5,-5), (17,23), (17,23), (17,23), (18,23), (19,23), (19,23), (19,24), (19,24), (20,24), (20,24), (20,25)]

Shrinking Run 36
#Info# Executed steps before collision: 11, Found collision: false
Turtle 1 :[(-1,-1), (6,22), (6,23), (6,24), (6,25), (5,25), (4,25), (4,24), (3,24), (-1,-1), (-1,-1), (-1,-1)]
Turtle 2 :[(-2,-2), (44,5), (44,4), (44,4), (44,3), (44,3), (44,2), (44,2), (44,2), (44,2), (44,1), (44,0)]
Turtle 3 :[(-3,-3), (4,25), (4,24), (5,24), (5,24), (6,24), (7,24), (7,24), (7,23), (-3,-3), (-3,-3), (-3,-3)]
Turtle 4 :[(-4,-4), (16,41), (16,40), (16,40), (15,40), (14,40), (13,40), (13,39), (-4,-4), (-4,-4), (-4,-4), (-4,-4)]
Turtle 5 :[(-5,-5), (17,23), (17,23), (17,23), (18,23), (19,23), (19,23), (19,24), (19,24), (20,24), (20,24), (20,25)]

Shrinking Run 37
#Info# Executed steps before collision: 5, Found collision: true
Turtle 1 :[(-1,-1), (6,22), (6,23), (6,24), (6,25), (6,24), (5,24), (4,24), (3,24), (-1,-1), (-1,-1), (-1,-1)]
Turtle 2 :[(-2,-2), (44,5), (44,4), (44,4), (44,3), (44,3), (44,2), (44,2), (44,2), (44,2), (44,1), (44,0)]
Turtle 3 :[(-3,-3), (4,25), (4,24), (5,24), (5,24), (6,24), (7,24), (7,24), (7,23), (-3,-3), (-3,-3), (-3,-3)]
Turtle 4 :[(-4,-4), (16,41), (16,40), (16,40), (15,40), (15,40), (14,40), (13,40), (13,39), (-4,-4), (-4,-4), (-4,-4)]
Turtle 5 :[(-5,-5), (17,23), (17,23), (17,23), (18,23), (19,23), (19,23), (19,24), (19,24), (20,24), (20,24), (20,25)]

Shrinking Run 38
#Info# Executed steps before collision: 11, Found collision: false
Turtle 1 :[(-1,-1), (6,22), (6,23), (6,24), (5,24), (4,24), (3,24), (-1,-1), (-1,-1), (-1,-1), (-1,-1), (-1,-1)]
Turtle 2 :[(-2,-2), (44,5), (44,4), (44,4), (44,3), (44,3), (44,2), (44,2), (44,2), (44,2), (44,1), (44,0)]
Turtle 3 :[(-3,-3), (4,25), (4,24), (5,24), (5,23), (6,23), (7,23), (-3,-3), (-3,-3), (-3,-3), (-3,-3), (-3,-3)]
Turtle 4 :[(-4,-4), (16,41), (16,40), (15,40), (14,40), (14,40), (14,40), (13,40), (13,39), (-4,-4), (-4,-4), (-4,-4)]
Turtle 5 :[(-5,-5), (17,23), (17,23), (17,23), (18,23), (19,23), (19,23), (19,24), (19,24), (20,24), (20,24), (20,25)]

Shrinking Run 39
#Info# Executed steps before collision: 11, Found collision: false
Turtle 1 :[(-1,-1), (6,22), (6,23), (6,24), (6,24), (5,24), (4,24), (3,24), (-1,-1), (-1,-1), (-1,-1), (-1,-1)]
Turtle 2 :[(-2,-2), (44,5), (44,4), (44,4), (44,3), (44,3), (44,2), (44,2), (44,2), (44,2), (44,1), (44,0)]
Turtle 3 :[(-3,-3), (4,25), (4,24), (5,24), (5,23), (6,23), (7,23), (-3,-3), (-3,-3), (-3,-3), (-3,-3), (-3,-3)]
Turtle 4 :[(-4,-4), (16,41), (16,40), (16,40), (15,40), (14,40), (14,40), (13,40), (13,39), (-4,-4), (-4,-4), (-4,-4)]
Turtle 5 :[(-5,-5), (17,23), (17,23), (17,23), (18,23), (19,23), (19,23), (19,24), (19,24), (20,24), (20,24), (20,25)]

Shrinking Run 40
#Info# Executed steps before collision: 11, Found collision: true
Turtle 1 :[(-1,-1), (6,22), (6,23), (6,24), (6,23), (5,23), (5,22), (5,23), (6,23), (5,23), (6,23), (5,23), (4,23), (3,23), (3,24)]
Turtle 2 :[(-2,-2), (44,5), (44,4), (44,4), (44,3), (44,3), (44,2), (44,2), (44,2), (44,2), (44,1), (44,0), (-2,-2), (-2,-2), (-2,-2)]
Turtle 3 :[(-3,-3), (4,25), (4,24), (5,24), (4,24), (4,23), (4,22), (4,23), (3,23), (4,23), (4,23), (5,23), (6,23), (7,23), (-3,-3)]
Turtle 4 :[(-4,-4), (16,41), (16,40), (16,40), (15,40), (15,40), (14,40), (13,40), (13,39), (-4,-4), (-4,-4), (-4,-4), (-4,-4), (-4,-4), (-4,-4)]
Turtle 5 :[(-5,-5), (17,23), (17,23), (17,23), (16,23), (15,23), (15,23), (14,23), (14,23), (13,23), (13,23), (13,24), (-5,-5), (-5,-5), (-5,-5)]

Shrinking Run 41
#Info# Executed steps before collision: 11, Found collision: false
Turtle 1 :[(-1,-1), (6,22), (6,23), (6,24), (5,24), (4,24), (3,24), (-1,-1), (-1,-1), (-1,-1), (-1,-1), (-1,-1)]
Turtle 2 :[(-2,-2), (44,5), (44,4), (44,4), (44,3), (44,3), (44,2), (44,2), (44,2), (44,2), (44,1), (44,0)]
Turtle 3 :[(-3,-3), (4,25), (4,24), (5,24), (5,25), (5,26), (6,26), (6,25), (6,24), (6,23), (7,23), (-3,-3)]
Turtle 4 :[(-4,-4), (16,41), (16,40), (16,40), (15,40), (15,40), (14,40), (13,40), (13,39), (-4,-4), (-4,-4), (-4,-4)]
Turtle 5 :[(-5,-5), (17,23), (17,23), (17,23), (16,23), (15,23), (15,23), (14,23), (14,23), (13,23), (13,23), (13,22)]

Shrinking Run 42
#Info# Executed steps before collision: 11, Found collision: false
Turtle 1 :[(-1,-1), (6,22), (6,23), (6,24), (7,24), (6,24), (5,24), (4,24), (3,24), (-1,-1), (-1,-1), (-1,-1)]
Turtle 2 :[(-2,-2), (44,5), (44,4), (44,4), (44,3), (44,3), (44,2), (44,2), (44,2), (44,2), (44,1), (44,0)]
Turtle 3 :[(-3,-3), (4,25), (4,24), (5,24), (5,23), (6,23), (7,23), (-3,-3), (-3,-3), (-3,-3), (-3,-3), (-3,-3)]
Turtle 4 :[(-4,-4), (16,41), (16,40), (16,40), (15,40), (15,40), (14,40), (13,40), (13,39), (-4,-4), (-4,-4), (-4,-4)]
Turtle 5 :[(-5,-5), (17,23), (17,23), (17,23), (16,23), (15,23), (15,23), (14,23), (14,23), (13,23), (13,23), (12,23)]

Shrinking Run 43
#Info# Executed steps before collision: 11, Found collision: false
Turtle 1 :[(-1,-1), (6,22), (6,23), (6,24), (6,24), (6,23), (6,22), (5,22), (5,23), (4,23), (4,24), (3,24)]
Turtle 2 :[(-2,-2), (44,5), (44,4), (44,4), (44,3), (44,3), (44,2), (44,2), (44,2), (44,2), (44,1), (44,0)]
Turtle 3 :[(-3,-3), (4,25), (4,24), (5,24), (5,24), (6,24), (7,24), (7,24), (7,23), (-3,-3), (-3,-3), (-3,-3)]
Turtle 4 :[(-4,-4), (16,41), (16,40), (16,40), (15,40), (15,40), (14,40), (13,40), (13,39), (-4,-4), (-4,-4), (-4,-4)]
Turtle 5 :[(-5,-5), (17,23), (16,23), (15,23), (14,23), (13,23), (13,24), (-5,-5), (-5,-5), (-5,-5), (-5,-5), (-5,-5)]

Shrinking Run 44
#Info# Executed steps before collision: 11, Found collision: false
Turtle 1 :[(-1,-1), (6,22), (6,23), (6,24), (6,25), (5,25), (4,25), (4,24), (3,24), (-1,-1), (-1,-1), (-1,-1)]
Turtle 2 :[(-2,-2), (44,5), (44,4), (44,4), (44,3), (44,3), (44,2), (44,2), (44,2), (44,2), (44,1), (44,0)]
Turtle 3 :[(-3,-3), (4,25), (4,24), (5,24), (5,24), (5,23), (6,23), (7,23), (-3,-3), (-3,-3), (-3,-3), (-3,-3)]
Turtle 4 :[(-4,-4), (16,41), (16,40), (16,40), (15,40), (15,40), (14,40), (13,40), (13,39), (-4,-4), (-4,-4), (-4,-4)]
Turtle 5 :[(-5,-5), (17,23), (16,23), (15,23), (14,23), (13,23), (13,23), (13,24), (-5,-5), (-5,-5), (-5,-5), (-5,-5)]

Shrinking Run 45
#Info# Executed steps before collision: 11, Found collision: false
Turtle 1 :[(-1,-1), (6,22), (6,23), (6,24), (6,24), (5,24), (4,24), (3,24), (-1,-1), (-1,-1), (-1,-1), (-1,-1)]
Turtle 2 :[(-2,-2), (44,5), (44,4), (44,4), (44,3), (44,3), (44,2), (44,2), (44,2), (44,2), (44,1), (44,0)]
Turtle 3 :[(-3,-3), (4,25), (4,24), (5,24), (5,24), (5,23), (6,23), (7,23), (-3,-3), (-3,-3), (-3,-3), (-3,-3)]
Turtle 4 :[(-4,-4), (16,41), (16,40), (16,40), (15,40), (15,40), (14,40), (13,40), (13,39), (-4,-4), (-4,-4), (-4,-4)]
Turtle 5 :[(-5,-5), (17,23), (16,23), (16,23), (15,23), (14,23), (14,23), (13,23), (13,24), (-5,-5), (-5,-5), (-5,-5)]

Shrinking Run 46
#Info# Executed steps before collision: 5, Found collision: true
Turtle 1 :[(-1,-1), (6,22), (6,23), (6,24), (6,24), (5,24), (4,24), (3,24), (-1,-1), (-1,-1), (-1,-1), (-1,-1)]
Turtle 2 :[(-2,-2), (44,5), (44,4), (44,4), (44,3), (44,3), (44,2), (44,2), (44,2), (44,2), (44,1), (44,0)]
Turtle 3 :[(-3,-3), (4,25), (4,24), (5,24), (4,24), (5,24), (6,24), (6,23), (7,23), (-3,-3), (-3,-3), (-3,-3)]
Turtle 4 :[(-4,-4), (16,41), (16,40), (16,40), (15,40), (15,40), (14,40), (13,40), (13,39), (-4,-4), (-4,-4), (-4,-4)]
Turtle 5 :[(-5,-5), (17,23), (17,23), (17,23), (16,23), (15,23), (15,23), (14,23), (14,23), (13,23), (13,24), (-5,-5)]

Shrinking Run 47
#Info# Executed steps before collision: 11, Found collision: false
Turtle 1 :[(-1,-1), (6,22), (6,23), (6,24), (6,25), (6,24), (5,24), (4,24), (3,24), (-1,-1), (-1,-1), (-1,-1)]
Turtle 2 :[(-2,-2), (44,5), (44,4), (44,4), (44,3), (44,3), (44,2), (44,2), (44,2), (44,2), (44,1), (44,0)]
Turtle 3 :[(-3,-3), (4,25), (4,24), (5,24), (5,23), (6,23), (7,23), (-3,-3), (-3,-3), (-3,-3), (-3,-3), (-3,-3)]
Turtle 4 :[(-4,-4), (16,41), (16,40), (16,40), (15,40), (15,40), (14,40), (13,40), (13,39), (-4,-4), (-4,-4), (-4,-4)]
Turtle 5 :[(-5,-5), (17,23), (17,23), (17,23), (16,23), (15,23), (15,23), (14,23), (13,23), (13,24), (-5,-5), (-5,-5)]

Shrinking Run 48
#Info# Executed steps before collision: 11, Found collision: false
Turtle 1 :[(-1,-1), (6,22), (6,23), (6,24), (7,24), (6,24), (5,24), (4,24), (3,24), (-1,-1), (-1,-1), (-1,-1)]
Turtle 2 :[(-2,-2), (44,5), (44,4), (44,4), (44,3), (44,3), (44,2), (44,2), (44,2), (44,2), (44,1), (44,0)]
Turtle 3 :[(-3,-3), (4,25), (4,24), (5,24), (5,25), (6,25), (6,26), (6,25), (6,24), (7,24), (7,23), (-3,-3)]
Turtle 4 :[(-4,-4), (16,41), (16,40), (16,40), (15,40), (15,40), (14,40), (13,40), (13,39), (-4,-4), (-4,-4), (-4,-4)]
Turtle 5 :[(-5,-5), (17,23), (16,23), (16,23), (15,23), (14,23), (14,23), (14,23), (14,23), (13,23), (13,24), (-5,-5)]

Shrinking Run 49
#Info# Executed steps before collision: 11, Found collision: false
Turtle 1 :[(-1,-1), (6,22), (6,23), (6,24), (7,24), (6,24), (6,24), (5,24), (4,24), (3,24), (-1,-1), (-1,-1)]
Turtle 2 :[(-2,-2), (44,5), (44,4), (44,4), (44,3), (44,3), (44,2), (44,2), (44,2), (44,2), (44,1), (44,0)]
Turtle 3 :[(-3,-3), (4,25), (4,24), (5,24), (5,25), (5,24), (5,23), (6,23), (7,23), (-3,-3), (-3,-3), (-3,-3)]
Turtle 4 :[(-4,-4), (16,41), (16,40), (16,40), (15,40), (15,40), (14,40), (13,40), (13,39), (-4,-4), (-4,-4), (-4,-4)]
Turtle 5 :[(-5,-5), (17,23), (17,23), (16,23), (15,23), (14,23), (14,23), (14,23), (14,23), (13,23), (13,24), (-5,-5)]

Shrinking Run 50
#Info# Executed steps before collision: 11, Found collision: false
Turtle 1 :[(-1,-1), (6,22), (6,23), (6,24), (6,25), (6,24), (6,25), (5,25), (4,25), (3,25), (3,24), (-1,-1)]
Turtle 2 :[(-2,-2), (44,5), (44,4), (44,4), (44,3), (44,3), (44,2), (44,2), (44,2), (44,2), (44,1), (44,0)]
Turtle 3 :[(-3,-3), (4,25), (4,24), (5,24), (5,25), (5,24), (5,24), (6,24), (7,24), (7,23), (-3,-3), (-3,-3)]
Turtle 4 :[(-4,-4), (16,41), (16,40), (16,40), (15,40), (15,40), (14,40), (13,40), (13,39), (-4,-4), (-4,-4), (-4,-4)]
Turtle 5 :[(-5,-5), (17,23), (17,23), (17,23), (16,23), (15,23), (14,23), (14,23), (14,23), (13,23), (13,24), (-5,-5)]

Shrinking Run 51
#Info# Executed steps before collision: 11, Found collision: false
Turtle 1 :[(-1,-1), (6,22), (6,23), (6,24), (6,25), (6,26), (5,26), (5,25), (4,25), (3,25), (3,24), (-1,-1)]
Turtle 2 :[(-2,-2), (44,5), (44,4), (44,4), (44,3), (44,3), (44,2), (44,2), (44,2), (44,2), (44,1), (44,0)]
Turtle 3 :[(-3,-3), (4,25), (4,24), (5,24), (5,25), (6,25), (6,24), (6,23), (7,23), (-3,-3), (-3,-3), (-3,-3)]
Turtle 4 :[(-4,-4), (16,41), (16,40), (16,40), (15,40), (15,40), (14,40), (13,40), (13,39), (-4,-4), (-4,-4), (-4,-4)]
Turtle 5 :[(-5,-5), (17,23), (17,23), (17,23), (16,23), (15,23), (15,23), (14,23), (13,23), (13,23), (13,24), (-5,-5)]

Shrinking Run 52
#Info# Executed steps before collision: 11, Found collision: false
Turtle 1 :[(-1,-1), (6,22), (6,23), (5,23), (4,23), (4,24), (3,24), (-1,-1), (-1,-1), (-1,-1), (-1,-1), (-1,-1)]
Turtle 2 :[(-2,-2), (44,5), (44,4), (44,4), (44,3), (44,3), (44,2), (44,2), (44,2), (44,2), (44,1), (44,0)]
Turtle 3 :[(-3,-3), (4,25), (4,24), (5,24), (6,24), (7,24), (7,24), (7,23), (-3,-3), (-3,-3), (-3,-3), (-3,-3)]
Turtle 4 :[(-4,-4), (16,41), (16,40), (16,40), (15,40), (15,40), (14,40), (13,40), (13,39), (-4,-4), (-4,-4), (-4,-4)]
Turtle 5 :[(-5,-5), (17,23), (17,23), (17,23), (16,23), (15,23), (15,23), (14,23), (14,23), (13,23), (13,24), (-5,-5)]

Shrinking Run 53
#Info# Executed steps before collision: 11, Found collision: false
Turtle 1 :[(-1,-1), (6,22), (5,22), (5,23), (4,23), (4,24), (3,24), (-1,-1), (-1,-1), (-1,-1), (-1,-1), (-1,-1)]
Turtle 2 :[(-2,-2), (44,5), (44,4), (44,4), (44,3), (44,3), (44,2), (44,2), (44,2), (44,2), (44,1), (44,0)]
Turtle 3 :[(-3,-3), (4,25), (4,24), (5,24), (6,24), (7,24), (7,24), (7,23), (-3,-3), (-3,-3), (-3,-3), (-3,-3)]
Turtle 4 :[(-4,-4), (16,41), (16,40), (16,40), (15,40), (15,40), (14,40), (13,40), (13,39), (-4,-4), (-4,-4), (-4,-4)]
Turtle 5 :[(-5,-5), (17,23), (17,23), (17,23), (16,23), (15,23), (15,23), (14,23), (14,23), (13,23), (13,24), (-5,-5)]

Shrinking Run 54
#Info# Executed steps before collision: 4, Found collision: true
Turtle 1 :[(-1,-1), (6,22), (6,23), (6,24), (5,24), (4,24), (3,24), (-1,-1), (-1,-1), (-1,-1), (-1,-1), (-1,-1)]
Turtle 2 :[(-2,-2), (44,5), (44,5), (44,5), (44,5), (44,5), (44,4), (44,4), (44,3), (43,3), (42,3), (41,3)]
Turtle 3 :[(-3,-3), (4,25), (4,24), (5,24), (5,24), (5,24), (6,24), (7,24), (7,24), (7,23), (-3,-3), (-3,-3)]
Turtle 4 :[(-4,-4), (16,41), (16,40), (16,40), (15,40), (15,40), (14,40), (13,40), (13,39), (-4,-4), (-4,-4), (-4,-4)]
Turtle 5 :[(-5,-5), (17,23), (17,23), (17,23), (16,23), (15,23), (15,23), (14,23), (14,23), (13,23), (13,24), (-5,-5)]

Shrinking Run 55
#Info# Executed steps before collision: 11, Found collision: false
Turtle 1 :[(-1,-1), (6,22), (6,23), (6,24), (6,23), (5,23), (4,23), (3,23), (3,24), (-1,-1), (-1,-1), (-1,-1)]
Turtle 2 :[(-2,-2), (44,5), (44,5), (44,5), (44,5), (44,5), (44,4), (44,4), (44,3), (43,3), (43,2), (42,2)]
Turtle 3 :[(-3,-3), (4,25), (4,24), (5,24), (4,24), (5,24), (6,24), (7,24), (7,23), (-3,-3), (-3,-3), (-3,-3)]
Turtle 4 :[(-4,-4), (16,41), (16,40), (16,40), (15,40), (15,40), (14,40), (13,40), (13,39), (-4,-4), (-4,-4), (-4,-4)]
Turtle 5 :[(-5,-5), (17,23), (17,23), (17,23), (16,23), (15,23), (15,23), (14,23), (14,23), (13,23), (13,24), (-5,-5)]

Shrinking Run 56
#Info# Executed steps before collision: 5, Found collision: true
Turtle 1 :[(-1,-1), (6,22), (6,23), (6,24), (6,23), (5,23), (4,23), (4,24), (3,24), (-1,-1), (-1,-1), (-1,-1)]
Turtle 2 :[(-2,-2), (44,5), (44,5), (44,5), (44,5), (44,5), (43,5), (43,5), (43,4), (42,4), (42,3), (41,3)]
Turtle 3 :[(-3,-3), (4,25), (4,24), (5,24), (5,24), (5,23), (6,23), (7,23), (-3,-3), (-3,-3), (-3,-3), (-3,-3)]
Turtle 4 :[(-4,-4), (16,41), (16,40), (16,40), (15,40), (15,40), (14,40), (13,40), (13,39), (-4,-4), (-4,-4), (-4,-4)]
Turtle 5 :[(-5,-5), (17,23), (17,23), (17,23), (16,23), (15,23), (15,23), (14,23), (14,23), (13,23), (13,24), (-5,-5)]

Shrinking Run 57
#Info# Executed steps before collision: 11, Found collision: false
Turtle 1 :[(-1,-1), (6,22), (6,23), (6,24), (5,24), (4,24), (3,24), (-1,-1), (-1,-1), (-1,-1), (-1,-1), (-1,-1)]
Turtle 2 :[(-2,-2), (44,5), (44,5), (44,5), (44,5), (44,5), (43,5), (43,5), (43,4), (42,4), (41,4), (41,3)]
Turtle 3 :[(-3,-3), (4,25), (4,24), (5,24), (5,23), (6,23), (7,23), (-3,-3), (-3,-3), (-3,-3), (-3,-3), (-3,-3)]
Turtle 4 :[(-4,-4), (16,41), (16,40), (16,40), (15,40), (15,40), (14,40), (13,40), (13,39), (-4,-4), (-4,-4), (-4,-4)]
Turtle 5 :[(-5,-5), (17,23), (17,23), (17,23), (16,23), (15,23), (15,23), (14,23), (14,23), (13,23), (13,24), (-5,-5)]

Shrinking Run 58
#Info# Executed steps before collision: 11, Found collision: false
Turtle 1 :[(-1,-1), (6,22), (6,23), (6,24), (7,24), (6,24), (5,24), (4,24), (3,24), (-1,-1), (-1,-1), (-1,-1)]
Turtle 2 :[(-2,-2), (44,5), (44,5), (44,5), (44,5), (44,5), (43,5), (43,5), (42,5), (41,5), (41,4), (41,3)]
Turtle 3 :[(-3,-3), (4,25), (4,24), (5,24), (4,24), (4,23), (5,23), (6,23), (7,23), (-3,-3), (-3,-3), (-3,-3)]
Turtle 4 :[(-4,-4), (16,41), (16,40), (16,40), (15,40), (15,40), (14,40), (13,40), (13,39), (-4,-4), (-4,-4), (-4,-4)]
Turtle 5 :[(-5,-5), (17,23), (17,23), (17,23), (16,23), (15,23), (15,23), (14,23), (14,23), (13,23), (13,24), (-5,-5)]

Shrinking Run 59
#Info# Executed steps before collision: 10, Found collision: false
Turtle 1 :[(-1,-1), (6,22), (6,23), (6,24), (6,24), (5,24), (4,24), (3,24), (-1,-1), (-1,-1), (-1,-1)]
Turtle 2 :[(-2,-2), (44,5), (44,4), (43,4), (43,3), (42,3), (41,3), (-2,-2), (-2,-2), (-2,-2), (-2,-2)]
Turtle 3 :[(-3,-3), (4,25), (4,24), (5,24), (5,24), (6,24), (7,24), (7,24), (7,23), (-3,-3), (-3,-3)]
Turtle 4 :[(-4,-4), (16,41), (16,40), (16,40), (15,40), (15,40), (14,40), (13,40), (13,39), (-4,-4), (-4,-4)]
Turtle 5 :[(-5,-5), (17,23), (17,23), (17,23), (16,23), (15,23), (15,23), (14,23), (14,23), (13,23), (13,24)]

Shrinking Run 60
#Info# Executed steps before collision: 10, Found collision: false
Turtle 1 :[(-1,-1), (6,22), (6,23), (6,24), (6,24), (5,24), (4,24), (3,24), (-1,-1), (-1,-1), (-1,-1)]
Turtle 2 :[(-2,-2), (44,5), (44,4), (44,4), (44,3), (43,3), (42,3), (41,3), (-2,-2), (-2,-2), (-2,-2)]
Turtle 3 :[(-3,-3), (4,25), (4,24), (5,24), (5,25), (6,25), (6,24), (6,23), (7,23), (-3,-3), (-3,-3)]
Turtle 4 :[(-4,-4), (16,41), (16,40), (16,40), (15,40), (15,40), (14,40), (13,40), (13,39), (-4,-4), (-4,-4)]
Turtle 5 :[(-5,-5), (17,23), (17,23), (17,23), (16,23), (15,23), (15,23), (14,23), (14,23), (13,23), (13,24)]

Shrinking Run 61
#Info# Executed steps before collision: 5, Found collision: true
Turtle 1 :[(-1,-1), (6,22), (6,23), (6,24), (6,23), (6,24), (5,24), (4,24), (3,24), (-1,-1), (-1,-1)]
Turtle 2 :[(-2,-2), (44,5), (44,5), (44,5), (43,5), (43,4), (42,4), (42,3), (41,3), (-2,-2), (-2,-2)]
Turtle 3 :[(-3,-3), (4,25), (4,24), (5,24), (5,24), (6,24), (7,24), (7,24), (7,23), (-3,-3), (-3,-3)]
Turtle 4 :[(-4,-4), (16,41), (16,40), (16,40), (15,40), (15,40), (14,40), (13,40), (13,39), (-4,-4), (-4,-4)]
Turtle 5 :[(-5,-5), (17,23), (17,23), (17,23), (16,23), (15,23), (15,23), (14,23), (14,23), (13,23), (13,24)]

Shrinking Run 62
#Info# Executed steps before collision: 5, Found collision: true
Turtle 1 :[(-1,-1), (6,22), (6,23), (6,24), (7,24), (6,24), (5,24), (4,24), (3,24), (-1,-1), (-1,-1)]
Turtle 2 :[(-2,-2), (44,5), (43,5), (43,5), (43,4), (43,4), (43,3), (42,3), (41,3), (-2,-2), (-2,-2)]
Turtle 3 :[(-3,-3), (4,25), (4,24), (5,24), (5,24), (6,24), (7,24), (7,24), (7,23), (-3,-3), (-3,-3)]
Turtle 4 :[(-4,-4), (16,41), (16,40), (16,40), (15,40), (15,40), (14,40), (13,40), (13,39), (-4,-4), (-4,-4)]
Turtle 5 :[(-5,-5), (17,23), (17,23), (17,23), (16,23), (15,23), (15,23), (14,23), (14,23), (13,23), (13,24)]

Shrinking Run 63
#Info# Executed steps before collision: 10, Found collision: false
Turtle 1 :[(-1,-1), (6,22), (6,23), (6,24), (6,23), (6,24), (5,24), (4,24), (3,24), (-1,-1), (-1,-1)]
Turtle 2 :[(-2,-2), (44,5), (43,5), (43,4), (43,4), (43,4), (42,4), (42,3), (41,3), (-2,-2), (-2,-2)]
Turtle 3 :[(-3,-3), (4,25), (4,24), (5,24), (5,23), (6,23), (7,23), (-3,-3), (-3,-3), (-3,-3), (-3,-3)]
Turtle 4 :[(-4,-4), (16,41), (16,40), (16,40), (15,40), (15,40), (14,40), (13,40), (13,39), (-4,-4), (-4,-4)]
Turtle 5 :[(-5,-5), (17,23), (17,23), (17,23), (16,23), (15,23), (15,23), (14,23), (14,23), (13,23), (13,24)]

Shrinking Run 64
#Info# Executed steps before collision: 10, Found collision: false
Turtle 1 :[(-1,-1), (6,22), (6,23), (6,24), (6,24), (7,24), (7,24), (6,24), (5,24), (4,24), (3,24)]
Turtle 2 :[(-2,-2), (44,5), (43,5), (43,4), (43,4), (43,4), (43,3), (42,3), (41,3), (-2,-2), (-2,-2)]
Turtle 3 :[(-3,-3), (4,25), (4,24), (5,24), (5,24), (6,24), (6,25), (6,25), (7,25), (7,24), (7,23)]
Turtle 4 :[(-4,-4), (16,41), (16,40), (16,40), (15,40), (15,40), (14,40), (13,40), (13,39), (-4,-4), (-4,-4)]
Turtle 5 :[(-5,-5), (17,23), (17,23), (17,23), (16,23), (15,23), (15,23), (14,23), (14,23), (13,23), (13,24)]

Shrinking Run 65
#Info# Executed steps before collision: 7, Found collision: true
Turtle 1 :[(-1,-1), (6,22), (6,23), (6,24), (6,25), (5,25), (5,24), (4,24), (3,24), (-1,-1), (-1,-1), (-1,-1)]
Turtle 2 :[(-2,-2), (44,5), (43,5), (43,5), (43,4), (43,4), (42,4), (42,3), (41,3), (-2,-2), (-2,-2), (-2,-2)]
Turtle 3 :[(-3,-3), (4,25), (4,24), (5,24), (4,24), (4,24), (3,24), (4,24), (5,24), (6,24), (6,23), (7,23)]
Turtle 4 :[(-4,-4), (16,41), (16,40), (16,40), (15,40), (15,40), (14,40), (13,40), (13,39), (-4,-4), (-4,-4), (-4,-4)]
Turtle 5 :[(-5,-5), (17,23), (17,23), (17,23), (16,23), (15,23), (15,23), (14,23), (14,23), (13,23), (13,24), (-5,-5)]

Shrinking Run 66
#Info# Executed steps before collision: 10, Found collision: false
Turtle 1 :[(-1,-1), (6,22), (6,23), (6,24), (7,24), (6,24), (5,24), (4,24), (3,24), (-1,-1), (-1,-1)]
Turtle 2 :[(-2,-2), (44,5), (43,5), (43,5), (43,4), (42,4), (42,3), (42,3), (41,3), (-2,-2), (-2,-2)]
Turtle 3 :[(-3,-3), (4,25), (4,24), (5,24), (5,23), (6,23), (7,23), (-3,-3), (-3,-3), (-3,-3), (-3,-3)]
Turtle 4 :[(-4,-4), (16,41), (16,40), (16,40), (15,40), (15,40), (14,40), (13,40), (13,39), (-4,-4), (-4,-4)]
Turtle 5 :[(-5,-5), (17,23), (17,23), (17,23), (16,23), (15,23), (15,23), (14,23), (14,23), (13,23), (13,24)]

Shrinking Run 67
#Info# Executed steps before collision: 10, Found collision: false
Turtle 1 :[(-1,-1), (6,22), (6,23), (6,24), (6,24), (5,24), (4,24), (3,24), (-1,-1), (-1,-1), (-1,-1)]
Turtle 2 :[(-2,-2), (44,5), (43,5), (43,5), (43,4), (43,3), (42,3), (42,3), (41,3), (-2,-2), (-2,-2)]
Turtle 3 :[(-3,-3), (4,25), (4,24), (5,24), (4,24), (4,23), (5,23), (6,23), (7,23), (-3,-3), (-3,-3)]
Turtle 4 :[(-4,-4), (16,41), (16,40), (16,40), (15,40), (15,40), (14,40), (13,40), (13,39), (-4,-4), (-4,-4)]
Turtle 5 :[(-5,-5), (17,23), (17,23), (17,23), (16,23), (15,23), (15,23), (14,23), (14,23), (13,23), (13,24)]

Shrinking Run 68
#Info# Executed steps before collision: 10, Found collision: false
Turtle 1 :[(-1,-1), (6,22), (6,23), (6,24), (5,24), (4,24), (3,24), (-1,-1), (-1,-1), (-1,-1), (-1,-1)]
Turtle 2 :[(-2,-2), (44,5), (43,5), (43,5), (43,4), (43,4), (42,4), (42,3), (41,3), (-2,-2), (-2,-2)]
Turtle 3 :[(-3,-3), (4,25), (4,24), (3,24), (2,24), (1,24), (1,24), (1,23), (-3,-3), (-3,-3), (-3,-3)]
Turtle 4 :[(-4,-4), (16,41), (16,40), (16,40), (15,40), (15,40), (14,40), (13,40), (13,39), (-4,-4), (-4,-4)]
Turtle 5 :[(-5,-5), (17,23), (17,23), (17,23), (16,23), (15,23), (15,23), (14,23), (14,23), (13,23), (13,24)]

Shrinking Run 69
#Info# Executed steps before collision: 10, Found collision: false
Turtle 1 :[(-1,-1), (6,22), (6,23), (6,24), (5,24), (4,24), (3,24), (-1,-1), (-1,-1), (-1,-1), (-1,-1)]
Turtle 2 :[(-2,-2), (44,5), (43,5), (43,5), (43,4), (43,4), (42,4), (42,3), (41,3), (-2,-2), (-2,-2)]
Turtle 3 :[(-3,-3), (4,25), (3,25), (3,24), (2,24), (1,24), (1,24), (1,23), (-3,-3), (-3,-3), (-3,-3)]
Turtle 4 :[(-4,-4), (16,41), (16,40), (16,40), (15,40), (15,40), (14,40), (13,40), (13,39), (-4,-4), (-4,-4)]
Turtle 5 :[(-5,-5), (17,23), (17,23), (17,23), (16,23), (15,23), (15,23), (14,23), (14,23), (13,23), (13,24)]

Shrinking Run 70
#Info# Executed steps before collision: 10, Found collision: false
Turtle 1 :[(-1,-1), (6,22), (6,23), (6,24), (5,24), (4,24), (3,24), (-1,-1), (-1,-1), (-1,-1), (-1,-1)]
Turtle 2 :[(-2,-2), (44,5), (43,5), (43,5), (43,4), (43,4), (42,4), (42,3), (41,3), (-2,-2), (-2,-2)]
Turtle 3 :[(-3,-3), (4,25), (4,24), (4,23), (4,22), (5,22), (5,22), (5,21), (-3,-3), (-3,-3), (-3,-3)]
Turtle 4 :[(-4,-4), (16,41), (16,40), (16,40), (15,40), (15,40), (14,40), (13,40), (13,39), (-4,-4), (-4,-4)]
Turtle 5 :[(-5,-5), (17,23), (17,23), (17,23), (16,23), (15,23), (15,23), (14,23), (14,23), (13,23), (13,24)]

Shrinking Run 71
#Info# Executed steps before collision: 10, Found collision: false
Turtle 1 :[(-1,-1), (6,22), (6,23), (6,24), (5,24), (4,24), (3,24), (-1,-1), (-1,-1), (-1,-1), (-1,-1)]
Turtle 2 :[(-2,-2), (44,5), (43,5), (43,5), (43,4), (43,4), (42,4), (42,3), (41,3), (-2,-2), (-2,-2)]
Turtle 3 :[(-3,-3), (4,25), (5,25), (5,24), (5,23), (6,23), (6,23), (6,22), (-3,-3), (-3,-3), (-3,-3)]
Turtle 4 :[(-4,-4), (16,41), (16,40), (16,40), (15,40), (15,40), (14,40), (13,40), (13,39), (-4,-4), (-4,-4)]
Turtle 5 :[(-5,-5), (17,23), (17,23), (17,23), (16,23), (15,23), (15,23), (14,23), (14,23), (13,23), (13,24)]

Shrinking Run 72
#Info# Executed steps before collision: 10, Found collision: false
Turtle 1 :[(-1,-1), (6,22), (6,23), (6,24), (5,24), (4,24), (3,24), (-1,-1), (-1,-1), (-1,-1), (-1,-1)]
Turtle 2 :[(-2,-2), (44,5), (43,5), (43,5), (43,4), (43,4), (42,4), (42,3), (41,3), (-2,-2), (-2,-2)]
Turtle 3 :[(-3,-3), (4,25), (4,24), (4,23), (5,23), (6,23), (6,23), (6,22), (-3,-3), (-3,-3), (-3,-3)]
Turtle 4 :[(-4,-4), (16,41), (16,40), (16,40), (15,40), (15,40), (14,40), (13,40), (13,39), (-4,-4), (-4,-4)]
Turtle 5 :[(-5,-5), (17,23), (17,23), (17,23), (16,23), (15,23), (15,23), (14,23), (14,23), (13,23), (13,24)]

Shrinking Run 73
#Info# Executed steps before collision: 10, Found collision: false
Turtle 1 :[(-1,-1), (6,22), (6,23), (6,24), (5,24), (4,24), (3,24), (-1,-1), (-1,-1), (-1,-1), (-1,-1)]
Turtle 2 :[(-2,-2), (44,5), (43,5), (43,5), (43,4), (43,4), (42,4), (42,3), (41,3), (-2,-2), (-2,-2)]
Turtle 3 :[(-3,-3), (4,25), (5,25), (6,25), (6,26), (6,25), (6,24), (6,23), (7,23), (-3,-3), (-3,-3)]
Turtle 4 :[(-4,-4), (16,41), (16,40), (16,40), (15,40), (15,40), (14,40), (13,40), (13,39), (-4,-4), (-4,-4)]
Turtle 5 :[(-5,-5), (17,23), (17,23), (17,23), (16,23), (15,23), (15,23), (14,23), (14,23), (13,23), (13,24)]

Shrinking Run 74
#Info# Executed steps before collision: 10, Found collision: false
Turtle 1 :[(-1,-1), (6,22), (6,23), (6,24), (6,25), (6,24), (5,24), (4,24), (3,24), (-1,-1), (-1,-1)]
Turtle 2 :[(-2,-2), (44,5), (43,5), (43,5), (43,4), (43,4), (42,4), (42,3), (41,3), (-2,-2), (-2,-2)]
Turtle 3 :[(-3,-3), (4,25), (4,24), (5,24), (5,23), (6,23), (7,23), (-3,-3), (-3,-3), (-3,-3), (-3,-3)]
Turtle 4 :[(-4,-4), (16,41), (15,41), (15,41), (14,41), (14,41), (13,41), (12,41), (12,42), (-4,-4), (-4,-4)]
Turtle 5 :[(-5,-5), (17,23), (17,23), (17,23), (16,23), (15,23), (15,23), (14,23), (14,23), (13,23), (13,24)]

Shrinking Run 75
#Info# Executed steps before collision: 10, Found collision: false
Turtle 1 :[(-1,-1), (6,22), (6,23), (6,24), (7,24), (6,24), (5,24), (4,24), (3,24), (-1,-1), (-1,-1)]
Turtle 2 :[(-2,-2), (44,5), (43,5), (43,5), (43,4), (43,4), (42,4), (42,3), (41,3), (-2,-2), (-2,-2)]
Turtle 3 :[(-3,-3), (4,25), (4,24), (5,24), (5,25), (6,25), (6,26), (6,25), (6,24), (6,23), (7,23)]
Turtle 4 :[(-4,-4), (16,41), (15,41), (15,41), (14,41), (14,41), (14,40), (13,40), (13,39), (-4,-4), (-4,-4)]
Turtle 5 :[(-5,-5), (17,23), (17,23), (17,23), (16,23), (15,23), (15,23), (14,23), (14,23), (13,23), (13,24)]

Shrinking Run 76
#Info# Executed steps before collision: 10, Found collision: false
Turtle 1 :[(-1,-1), (6,22), (6,23), (6,24), (5,24), (4,24), (3,24), (-1,-1), (-1,-1), (-1,-1), (-1,-1)]
Turtle 2 :[(-2,-2), (44,5), (43,5), (43,5), (43,4), (43,4), (42,4), (42,3), (41,3), (-2,-2), (-2,-2)]
Turtle 3 :[(-3,-3), (4,25), (4,24), (5,24), (5,23), (6,23), (7,23), (-3,-3), (-3,-3), (-3,-3), (-3,-3)]
Turtle 4 :[(-4,-4), (16,41), (15,41), (15,41), (15,40), (15,40), (14,40), (13,40), (12,40), (-4,-4), (-4,-4)]
Turtle 5 :[(-5,-5), (17,23), (17,23), (17,23), (16,23), (15,23), (15,23), (14,23), (14,23), (13,23), (13,24)]

Shrinking Run 77
#Info# Executed steps before collision: 10, Found collision: false
Turtle 1 :[(-1,-1), (6,22), (6,23), (6,24), (6,25), (5,25), (4,25), (3,25), (3,24), (-1,-1), (-1,-1)]
Turtle 2 :[(-2,-2), (44,5), (43,5), (43,5), (43,4), (43,4), (42,4), (42,3), (41,3), (-2,-2), (-2,-2)]
Turtle 3 :[(-3,-3), (4,25), (4,24), (5,24), (5,24), (6,24), (7,24), (7,24), (7,23), (-3,-3), (-3,-3)]
Turtle 4 :[(-4,-4), (16,41), (16,40), (15,40), (14,40), (13,40), (13,39), (-4,-4), (-4,-4), (-4,-4), (-4,-4)]
Turtle 5 :[(-5,-5), (17,23), (17,23), (17,23), (16,23), (15,23), (15,23), (14,23), (14,23), (13,23), (13,24)]

Shrinking Run 78
#Info# Executed steps before collision: 10, Found collision: false
Turtle 1 :[(-1,-1), (6,22), (6,23), (6,24), (6,25), (5,25), (4,25), (3,25), (3,24), (-1,-1), (-1,-1)]
Turtle 2 :[(-2,-2), (44,5), (43,5), (43,5), (43,4), (43,4), (42,4), (42,3), (41,3), (-2,-2), (-2,-2)]
Turtle 3 :[(-3,-3), (4,25), (4,24), (5,24), (5,24), (6,24), (7,24), (7,24), (7,23), (-3,-3), (-3,-3)]
Turtle 4 :[(-4,-4), (16,41), (16,40), (16,40), (15,40), (14,40), (13,40), (13,39), (-4,-4), (-4,-4), (-4,-4)]
Turtle 5 :[(-5,-5), (17,23), (17,23), (17,23), (16,23), (15,23), (15,23), (14,23), (14,23), (13,23), (13,24)]

Shrinking Run 79
#Info# Executed steps before collision: 12, Found collision: false
Turtle 1 :[(-1,-1), (6,22), (6,23), (6,24), (6,23), (6,24), (5,24), (4,24), (3,24), (-1,-1), (-1,-1), (-1,-1), (-1,-1)]
Turtle 2 :[(-2,-2), (44,5), (43,5), (43,5), (43,4), (43,4), (42,4), (42,3), (41,3), (-2,-2), (-2,-2), (-2,-2), (-2,-2)]
Turtle 3 :[(-3,-3), (4,25), (4,24), (5,24), (4,24), (4,25), (4,24), (4,25), (5,25), (6,25), (7,25), (7,24), (7,23)]
Turtle 4 :[(-4,-4), (16,41), (16,40), (15,40), (14,40), (14,40), (14,40), (13,40), (13,39), (-4,-4), (-4,-4), (-4,-4), (-4,-4)]
Turtle 5 :[(-5,-5), (17,23), (17,23), (17,23), (16,23), (15,23), (15,23), (14,23), (14,23), (13,23), (13,24), (-5,-5), (-5,-5)]

Shrinking Run 80
#Info# Executed steps before collision: 10, Found collision: false
Turtle 1 :[(-1,-1), (6,22), (6,23), (6,24), (6,24), (5,24), (4,24), (3,24), (-1,-1), (-1,-1), (-1,-1)]
Turtle 2 :[(-2,-2), (44,5), (43,5), (43,5), (43,4), (43,4), (42,4), (42,3), (41,3), (-2,-2), (-2,-2)]
Turtle 3 :[(-3,-3), (4,25), (4,24), (5,24), (4,24), (4,23), (5,23), (6,23), (7,23), (-3,-3), (-3,-3)]
Turtle 4 :[(-4,-4), (16,41), (16,40), (16,40), (15,40), (14,40), (14,40), (13,40), (13,39), (-4,-4), (-4,-4)]
Turtle 5 :[(-5,-5), (17,23), (17,23), (17,23), (16,23), (15,23), (15,23), (14,23), (14,23), (13,23), (13,24)]

Shrinking Run 81
#Info# Executed steps before collision: 11, Found collision: false
Turtle 1 :[(-1,-1), (6,22), (6,23), (6,24), (6,24), (5,24), (4,24), (3,24), (-1,-1), (-1,-1), (-1,-1), (-1,-1)]
Turtle 2 :[(-2,-2), (44,5), (43,5), (43,5), (43,4), (43,4), (42,4), (42,3), (41,3), (-2,-2), (-2,-2), (-2,-2)]
Turtle 3 :[(-3,-3), (4,25), (4,24), (5,24), (5,23), (6,23), (7,23), (-3,-3), (-3,-3), (-3,-3), (-3,-3), (-3,-3)]
Turtle 4 :[(-4,-4), (16,41), (16,40), (16,40), (15,40), (15,40), (14,40), (13,40), (13,39), (-4,-4), (-4,-4), (-4,-4)]
Turtle 5 :[(-5,-5), (17,23), (17,23), (17,23), (16,23), (15,23), (15,23), (14,23), (14,23), (13,23), (13,23), (13,22)]

Shrinking Run 82
#Info# Executed steps before collision: 11, Found collision: false
Turtle 1 :[(-1,-1), (6,22), (6,23), (6,24), (6,24), (7,24), (7,24), (6,24), (5,24), (4,24), (3,24), (-1,-1)]
Turtle 2 :[(-2,-2), (44,5), (43,5), (43,5), (43,4), (43,4), (42,4), (42,3), (41,3), (-2,-2), (-2,-2), (-2,-2)]
Turtle 3 :[(-3,-3), (4,25), (4,24), (5,24), (5,24), (6,24), (6,23), (7,23), (-3,-3), (-3,-3), (-3,-3), (-3,-3)]
Turtle 4 :[(-4,-4), (16,41), (16,40), (16,40), (15,40), (15,40), (14,40), (13,40), (13,39), (-4,-4), (-4,-4), (-4,-4)]
Turtle 5 :[(-5,-5), (17,23), (17,23), (17,23), (16,23), (15,23), (15,23), (14,23), (14,23), (13,23), (13,23), (12,23)]

Shrinking Run 83
#Info# Executed steps before collision: 9, Found collision: false
Turtle 1 :[(-1,-1), (6,22), (6,23), (6,24), (7,24), (6,24), (5,24), (4,24), (3,24), (-1,-1)]
Turtle 2 :[(-2,-2), (44,5), (43,5), (43,5), (43,4), (43,4), (42,4), (42,3), (41,3), (-2,-2)]
Turtle 3 :[(-3,-3), (4,25), (4,24), (5,24), (5,25), (6,25), (6,25), (6,24), (6,23), (7,23)]
Turtle 4 :[(-4,-4), (16,41), (16,40), (16,40), (15,40), (15,40), (14,40), (13,40), (13,39), (-4,-4)]
Turtle 5 :[(-5,-5), (17,23), (16,23), (15,23), (14,23), (13,23), (13,24), (-5,-5), (-5,-5), (-5,-5)]

Shrinking Run 84
#Info# Executed steps before collision: 8, Found collision: false
Turtle 1 :[(-1,-1), (6,22), (6,23), (6,24), (5,24), (4,24), (3,24), (-1,-1), (-1,-1)]
Turtle 2 :[(-2,-2), (44,5), (43,5), (43,5), (43,4), (43,4), (42,4), (42,3), (41,3)]
Turtle 3 :[(-3,-3), (4,25), (4,24), (5,24), (5,23), (6,23), (7,23), (-3,-3), (-3,-3)]
Turtle 4 :[(-4,-4), (16,41), (16,40), (16,40), (15,40), (15,40), (14,40), (13,40), (13,39)]
Turtle 5 :[(-5,-5), (17,23), (16,23), (15,23), (14,23), (13,23), (13,23), (13,24), (-5,-5)]

Shrinking Run 85
#Info# Executed steps before collision: 8, Found collision: false
Turtle 1 :[(-1,-1), (6,22), (6,23), (6,24), (5,24), (4,24), (3,24), (-1,-1), (-1,-1)]
Turtle 2 :[(-2,-2), (44,5), (43,5), (43,5), (43,4), (43,4), (42,4), (42,3), (41,3)]
Turtle 3 :[(-3,-3), (4,25), (4,24), (5,24), (5,23), (6,23), (7,23), (-3,-3), (-3,-3)]
Turtle 4 :[(-4,-4), (16,41), (16,40), (16,40), (15,40), (15,40), (14,40), (13,40), (13,39)]
Turtle 5 :[(-5,-5), (17,23), (16,23), (16,23), (15,23), (14,23), (14,23), (13,23), (13,24)]

Shrinking Run 86
#Info# Executed steps before collision: 9, Found collision: false
Turtle 1 :[(-1,-1), (6,22), (6,23), (6,24), (5,24), (4,24), (3,24), (-1,-1), (-1,-1), (-1,-1)]
Turtle 2 :[(-2,-2), (44,5), (43,5), (43,5), (43,4), (43,4), (42,4), (42,3), (41,3), (-2,-2)]
Turtle 3 :[(-3,-3), (4,25), (4,24), (5,24), (5,23), (6,23), (7,23), (-3,-3), (-3,-3), (-3,-3)]
Turtle 4 :[(-4,-4), (16,41), (16,40), (16,40), (15,40), (15,40), (14,40), (13,40), (13,39), (-4,-4)]
Turtle 5 :[(-5,-5), (17,23), (17,23), (17,23), (16,23), (15,23), (15,23), (14,23), (13,23), (13,24)]

Shrinking Run 87
#Info# Executed steps before collision: 10, Found collision: false
Turtle 1 :[(-1,-1), (6,22), (6,23), (6,24), (5,24), (5,23), (4,23), (3,23), (3,24), (-1,-1), (-1,-1)]
Turtle 2 :[(-2,-2), (44,5), (43,5), (43,5), (43,4), (43,4), (42,4), (42,3), (41,3), (-2,-2), (-2,-2)]
Turtle 3 :[(-3,-3), (4,25), (4,24), (5,24), (4,24), (5,24), (5,24), (5,23), (6,23), (7,23), (-3,-3)]
Turtle 4 :[(-4,-4), (16,41), (16,40), (16,40), (15,40), (15,40), (14,40), (13,40), (13,39), (-4,-4), (-4,-4)]
Turtle 5 :[(-5,-5), (17,23), (16,23), (16,23), (15,23), (14,23), (14,23), (14,23), (14,23), (13,23), (13,24)]

Shrinking Run 88
#Info# Executed steps before collision: 10, Found collision: false
Turtle 1 :[(-1,-1), (6,22), (6,23), (6,24), (5,24), (5,25), (5,26), (4,26), (4,25), (3,25), (3,24)]
Turtle 2 :[(-2,-2), (44,5), (43,5), (43,5), (43,4), (43,4), (42,4), (42,3), (41,3), (-2,-2), (-2,-2)]
Turtle 3 :[(-3,-3), (4,25), (4,24), (5,24), (4,24), (5,24), (5,23), (6,23), (7,23), (-3,-3), (-3,-3)]
Turtle 4 :[(-4,-4), (16,41), (16,40), (16,40), (15,40), (15,40), (14,40), (13,40), (13,39), (-4,-4), (-4,-4)]
Turtle 5 :[(-5,-5), (17,23), (17,23), (16,23), (15,23), (14,23), (14,23), (14,23), (14,23), (13,23), (13,24)]

Shrinking Run 89
#Info# Executed steps before collision: 10, Found collision: false
Turtle 1 :[(-1,-1), (6,22), (6,23), (6,24), (6,25), (5,25), (5,24), (4,24), (3,24), (-1,-1), (-1,-1)]
Turtle 2 :[(-2,-2), (44,5), (43,5), (43,5), (43,4), (43,4), (42,4), (42,3), (41,3), (-2,-2), (-2,-2)]
Turtle 3 :[(-3,-3), (4,25), (4,24), (5,24), (5,23), (6,23), (7,23), (-3,-3), (-3,-3), (-3,-3), (-3,-3)]
Turtle 4 :[(-4,-4), (16,41), (16,40), (16,40), (15,40), (15,40), (14,40), (13,40), (13,39), (-4,-4), (-4,-4)]
Turtle 5 :[(-5,-5), (17,23), (17,23), (17,23), (16,23), (15,23), (14,23), (14,23), (14,23), (13,23), (13,24)]

Shrinking Run 90
#Info# Executed steps before collision: 10, Found collision: false
Turtle 1 :[(-1,-1), (6,22), (6,23), (6,24), (6,23), (5,23), (4,23), (3,23), (3,24), (-1,-1), (-1,-1)]
Turtle 2 :[(-2,-2), (44,5), (43,5), (43,5), (43,4), (43,4), (42,4), (42,3), (41,3), (-2,-2), (-2,-2)]
Turtle 3 :[(-3,-3), (4,25), (4,24), (5,24), (5,24), (6,24), (7,24), (7,24), (7,23), (-3,-3), (-3,-3)]
Turtle 4 :[(-4,-4), (16,41), (16,40), (16,40), (15,40), (15,40), (14,40), (13,40), (13,39), (-4,-4), (-4,-4)]
Turtle 5 :[(-5,-5), (17,23), (17,23), (17,23), (16,23), (15,23), (15,23), (14,23), (13,23), (13,23), (13,24)]

Shrinking Run 91
#Info# Executed steps before collision: 10, Found collision: false
Turtle 1 :[(-1,-1), (6,22), (6,23), (5,23), (4,23), (4,24), (3,24), (-1,-1), (-1,-1), (-1,-1), (-1,-1)]
Turtle 2 :[(-2,-2), (44,5), (43,5), (43,5), (43,4), (43,4), (42,4), (42,3), (41,3), (-2,-2), (-2,-2)]
Turtle 3 :[(-3,-3), (4,25), (4,24), (5,24), (6,24), (7,24), (7,24), (7,23), (-3,-3), (-3,-3), (-3,-3)]
Turtle 4 :[(-4,-4), (16,41), (16,40), (16,40), (15,40), (15,40), (14,40), (13,40), (13,39), (-4,-4), (-4,-4)]
Turtle 5 :[(-5,-5), (17,23), (17,23), (17,23), (16,23), (15,23), (15,23), (14,23), (14,23), (13,23), (13,24)]

Shrink Run 92
#Info# Executed steps before collision: 10, Found collision: false
Turtle 1 :[(-1,-1), (6,22), (5,22), (5,23), (4,23), (4,24), (3,24), (-1,-1), (-1,-1), (-1,-1), (-1,-1)]
Turtle 2 :[(-2,-2), (44,5), (43,5), (43,5), (43,4), (43,4), (42,4), (42,3), (41,3), (-2,-2), (-2,-2)]
Turtle 3 :[(-3,-3), (4,25), (4,24), (5,24), (6,24), (7,24), (7,24), (7,23), (-3,-3), (-3,-3), (-3,-3)]
Turtle 4 :[(-4,-4), (16,41), (16,40), (16,40), (15,40), (15,40), (14,40), (13,40), (13,39), (-4,-4), (-4,-4)]
Turtle 5 :[(-5,-5), (17,23), (17,23), (17,23), (16,23), (15,23), (15,23), (14,23), (14,23), (13,23), (13,24)]

