Shrinking Run 1
#Info# Executed steps before collision: 3, Found collision: true
Turtle 1 :[(-1,-1), (9,13), (8,13), (7,13), (7,14), (6,14), (5,14), (-1,-1)]
Turtle 2 :[(-2,-2), (7,9), (7,8), (8,8), (8,7), (8,6), (-2,-2), (-2,-2)]
Turtle 3 :[(-3,-3), (0,7), (0,7), (0,6), (0,5), (0,6), (0,5), (-3,-3)]
Turtle 4 :[(-4,-4), (0,6), (0,5), (0,6), (0,7), (0,8), (0,9), (0,10)]
Turtle 5 :[(-5,-5), (6,14), (6,13), (6,12), (7,12), (7,11), (6,11), (-5,-5)]

Shrinking Run 2
#Info# Executed steps before collision: 8, Found collision: false
Turtle 1 :[(-1,-1), (9,13), (8,13), (8,12), (8,11), (7,11), (6,11), (-1,-1), (-1,-1)]
Turtle 2 :[(-2,-2), (7,9), (7,8), (8,8), (8,7), (8,6), (-2,-2), (-2,-2), (-2,-2)]
Turtle 3 :[(-3,-3), (0,7), (0,7), (0,6), (0,5), (-3,-3), (-3,-3), (-3,-3), (-3,-3)]
Turtle 4 :[(-4,-4), (0,6), (0,6), (0,7), (0,8), (0,9), (0,10), (-4,-4), (-4,-4)]
Turtle 5 :[(-5,-5), (6,14), (6,13), (6,12), (6,13), (6,12), (7,12), (6,12), (6,11)]

Shrinking Run 3
#Info# Executed steps before collision: 9, Found collision: false
Turtle 1 :[(-1,-1), (9,13), (8,13), (7,13), (7,12), (6,12), (5,12), (-1,-1), (-1,-1), (-1,-1)]
Turtle 2 :[(-2,-2), (7,9), (7,8), (8,8), (8,7), (8,6), (-2,-2), (-2,-2), (-2,-2), (-2,-2)]
Turtle 3 :[(-3,-3), (0,7), (1,7), (0,7), (0,6), (0,5), (-3,-3), (-3,-3), (-3,-3), (-3,-3)]
Turtle 4 :[(-4,-4), (0,6), (0,5), (0,5), (0,5), (0,6), (0,7), (0,8), (0,9), (0,10)]
Turtle 5 :[(-5,-5), (6,14), (6,13), (6,12), (6,13), (7,13), (7,12), (7,11), (6,11), (-5,-5)]

Shrinking Run 4
#Info# Executed steps before collision: 4, Found collision: true
Turtle 1 :[(-1,-1), (9,13), (8,13), (7,13), (6,13), (5,13), (4,13)]
Turtle 2 :[(-2,-2), (7,9), (7,8), (8,8), (8,7), (8,6), (-2,-2)]
Turtle 3 :[(-3,-3), (0,7), (1,7), (1,6), (0,6), (0,5), (-3,-3)]
Turtle 4 :[(-4,-4), (0,6), (0,6), (0,7), (0,8), (0,9), (0,10)]
Turtle 5 :[(-5,-5), (6,14), (6,13), (6,12), (6,13), (6,12), (6,11)]

Shrinking Run 5
#Info# Executed steps before collision: 3, Found collision: true
Turtle 1 :[(-1,-1), (9,13), (8,13), (7,13), (6,13), (5,13), (4,13), (-1,-1)]
Turtle 2 :[(-2,-2), (7,9), (6,9), (5,9), (5,8), (4,8), (3,8), (-2,-2)]
Turtle 3 :[(-3,-3), (0,7), (0,7), (0,7), (0,6), (0,5), (0,6), (0,5)]
Turtle 4 :[(-4,-4), (0,6), (0,6), (0,7), (0,8), (0,9), (0,10), (-4,-4)]
Turtle 5 :[(-5,-5), (6,14), (6,13), (6,12), (6,13), (6,12), (6,11), (-5,-5)]

Shrinking Run 6
#Info# Executed steps before collision: 4, Found collision: true
Turtle 1 :[(-1,-1), (9,13), (8,13), (7,13), (6,13), (7,13), (6,13), (5,13), (4,13)]
Turtle 2 :[(-2,-2), (7,9), (6,9), (5,9), (4,9), (3,9), (2,9), (-2,-2), (-2,-2)]
Turtle 3 :[(-3,-3), (0,7), (0,7), (1,7), (1,6), (0,6), (0,5), (-3,-3), (-3,-3)]
Turtle 4 :[(-4,-4), (0,6), (0,6), (0,6), (0,7), (0,8), (0,9), (0,10), (-4,-4)]
Turtle 5 :[(-5,-5), (6,14), (6,13), (6,12), (6,13), (6,12), (6,11), (-5,-5), (-5,-5)]

Shrinking Run 7
#Info# Executed steps before collision: 4, Found collision: true
Turtle 1 :[(-1,-1), (9,13), (8,13), (7,13), (6,13), (5,13), (4,13), (-1,-1), (-1,-1)]
Turtle 2 :[(-2,-2), (7,9), (6,9), (5,9), (4,9), (3,9), (2,9), (-2,-2), (-2,-2)]
Turtle 3 :[(-3,-3), (0,7), (1,7), (1,6), (1,5), (1,4), (1,3), (0,3), (0,2)]
Turtle 4 :[(-4,-4), (0,6), (0,5), (0,6), (0,7), (0,8), (0,9), (0,10), (-4,-4)]
Turtle 5 :[(-5,-5), (6,14), (6,13), (6,12), (6,13), (6,12), (6,11), (-5,-5), (-5,-5)]

Shrinking Run 8
#Info# Executed steps before collision: 4, Found collision: true
Turtle 1 :[(-1,-1), (9,13), (8,13), (7,13), (6,13), (5,13), (4,13), (-1,-1), (-1,-1)]
Turtle 2 :[(-2,-2), (7,9), (6,9), (5,9), (4,9), (3,9), (2,9), (-2,-2), (-2,-2)]
Turtle 3 :[(-3,-3), (0,7), (1,7), (1,6), (0,6), (0,5), (0,4), (0,3), (0,2)]
Turtle 4 :[(-4,-4), (0,6), (0,5), (0,4), (0,3), (0,2), (0,1), (-4,-4), (-4,-4)]
Turtle 5 :[(-5,-5), (6,14), (6,13), (6,12), (6,13), (6,12), (6,11), (-5,-5), (-5,-5)]

Shrinking Run 9
#Info# Executed steps before collision: 7, Found collision: false
Turtle 1 :[(-1,-1), (9,13), (8,13), (7,13), (6,13), (5,13), (4,13), (-1,-1)]
Turtle 2 :[(-2,-2), (7,9), (6,9), (5,9), (4,9), (3,9), (2,9), (-2,-2)]
Turtle 3 :[(-3,-3), (0,7), (0,7), (0,6), (0,5), (0,4), (0,3), (0,2)]
Turtle 4 :[(-4,-4), (0,6), (0,5), (0,4), (0,3), (0,2), (0,1), (-4,-4)]
Turtle 5 :[(-5,-5), (6,14), (5,14), (5,13), (4,13), (4,12), (3,12), (-5,-5)]

Shrinking Run 10
#Info# Executed steps before collision: 8, Found collision: false
Turtle 1 :[(-1,-1), (9,13), (8,13), (7,13), (6,13), (5,13), (4,13), (-1,-1), (-1,-1)]
Turtle 2 :[(-2,-2), (7,9), (6,9), (5,9), (4,9), (3,9), (2,9), (-2,-2), (-2,-2)]
Turtle 3 :[(-3,-3), (0,7), (1,7), (1,6), (1,5), (1,4), (1,3), (0,3), (0,2)]
Turtle 4 :[(-4,-4), (0,6), (0,5), (0,4), (0,3), (0,2), (0,1), (-4,-4), (-4,-4)]
Turtle 5 :[(-5,-5), (6,14), (5,14), (5,13), (5,12), (5,11), (-5,-5), (-5,-5), (-5,-5)]

Shrinking Run 11
#Info# Executed steps before collision: 8, Found collision: false
Turtle 1 :[(-1,-1), (9,13), (8,13), (7,13), (6,13), (5,13), (4,13), (-1,-1), (-1,-1)]
Turtle 2 :[(-2,-2), (7,9), (6,9), (5,9), (4,9), (3,9), (2,9), (-2,-2), (-2,-2)]
Turtle 3 :[(-3,-3), (0,7), (0,8), (0,7), (0,6), (0,5), (0,4), (0,3), (0,2)]
Turtle 4 :[(-4,-4), (0,6), (0,5), (0,4), (0,3), (0,2), (0,1), (-4,-4), (-4,-4)]
Turtle 5 :[(-5,-5), (6,14), (6,13), (6,12), (6,11), (6,10), (6,9), (-5,-5), (-5,-5)]

Shrinking Run 12
#Info# Executed steps before collision: 8, Found collision: false
Turtle 1 :[(-1,-1), (9,13), (8,13), (7,13), (6,13), (5,13), (4,13), (-1,-1), (-1,-1)]
Turtle 2 :[(-2,-2), (7,9), (6,9), (5,9), (4,9), (3,9), (2,9), (-2,-2), (-2,-2)]
Turtle 3 :[(-3,-3), (0,7), (0,7), (0,6), (0,5), (0,5), (0,4), (0,3), (0,2)]
Turtle 4 :[(-4,-4), (0,6), (0,5), (0,4), (0,3), (0,2), (0,1), (-4,-4), (-4,-4)]
Turtle 5 :[(-5,-5), (6,14), (6,13), (6,12), (6,11), (6,10), (-5,-5), (-5,-5), (-5,-5)]

Shrinking Run 13
#Info# Executed steps before collision: 8, Found collision: false
Turtle 1 :[(-1,-1), (9,13), (8,13), (7,13), (6,13), (5,13), (4,13), (-1,-1), (-1,-1)]
Turtle 2 :[(-2,-2), (7,9), (6,9), (5,9), (4,9), (3,9), (2,9), (-2,-2), (-2,-2)]
Turtle 3 :[(-3,-3), (0,7), (1,7), (1,6), (1,5), (1,4), (1,3), (1,2), (0,2)]
Turtle 4 :[(-4,-4), (0,6), (0,5), (0,4), (0,3), (0,2), (0,1), (-4,-4), (-4,-4)]
Turtle 5 :[(-5,-5), (6,14), (6,13), (6,12), (6,11), (-5,-5), (-5,-5), (-5,-5), (-5,-5)]

Shrinking Run 14
#Info# Executed steps before collision: 4, Found collision: true
Turtle 1 :[(-1,-1), (9,13), (8,13), (7,13), (6,13), (5,13), (4,13), (-1,-1), (-1,-1)]
Turtle 2 :[(-2,-2), (7,9), (6,9), (5,9), (4,9), (3,9), (2,9), (-2,-2), (-2,-2)]
Turtle 3 :[(-3,-3), (0,7), (0,8), (0,7), (0,6), (0,5), (0,4), (0,3), (0,2)]
Turtle 4 :[(-4,-4), (0,6), (0,5), (0,4), (0,3), (0,2), (0,1), (-4,-4), (-4,-4)]
Turtle 5 :[(-5,-5), (6,14), (5,14), (5,13), (6,13), (6,12), (6,11), (-5,-5), (-5,-5)]

Shrinking Run 15
#Info# Executed steps before collision: 8, Found collision: false
Turtle 1 :[(-1,-1), (9,13), (8,13), (7,13), (6,13), (7,13), (6,13), (5,13), (4,13)]
Turtle 2 :[(-2,-2), (7,9), (6,9), (5,9), (4,9), (3,9), (2,9), (-2,-2), (-2,-2)]
Turtle 3 :[(-3,-3), (0,7), (1,7), (1,6), (0,6), (0,5), (0,4), (0,3), (0,2)]
Turtle 4 :[(-4,-4), (0,6), (0,5), (0,4), (0,3), (0,2), (0,1), (-4,-4), (-4,-4)]
Turtle 5 :[(-5,-5), (6,14), (6,13), (5,13), (5,12), (5,11), (6,11), (-5,-5), (-5,-5)]

Shrinking Run 16
#Info# Executed steps before collision: 8, Found collision: false
Turtle 1 :[(-1,-1), (9,13), (8,13), (7,13), (6,13), (5,13), (4,13), (-1,-1), (-1,-1)]
Turtle 2 :[(-2,-2), (7,9), (6,9), (5,9), (4,9), (3,9), (2,9), (-2,-2), (-2,-2)]
Turtle 3 :[(-3,-3), (0,7), (1,7), (1,6), (1,5), (1,4), (0,4), (0,3), (0,2)]
Turtle 4 :[(-4,-4), (0,6), (0,5), (0,4), (0,3), (0,2), (0,1), (-4,-4), (-4,-4)]
Turtle 5 :[(-5,-5), (6,14), (7,14), (8,14), (8,13), (8,12), (7,12), (6,12), (6,11)]

Shrinking Run 17
#Info# Executed steps before collision: 8, Found collision: false
Turtle 1 :[(-1,-1), (9,13), (8,13), (7,13), (6,13), (5,13), (4,13), (-1,-1), (-1,-1)]
Turtle 2 :[(-2,-2), (7,9), (6,9), (5,9), (4,9), (3,9), (2,9), (-2,-2), (-2,-2)]
Turtle 3 :[(-3,-3), (0,7), (1,7), (1,6), (0,6), (0,5), (0,4), (0,3), (0,2)]
Turtle 4 :[(-4,-4), (0,6), (0,5), (0,4), (0,3), (0,2), (0,1), (-4,-4), (-4,-4)]
Turtle 5 :[(-5,-5), (6,14), (5,14), (5,13), (5,12), (6,12), (6,11), (-5,-5), (-5,-5)]

Shrinking Run 18
#Info# Executed steps before collision: 8, Found collision: false
Turtle 1 :[(-1,-1), (9,13), (8,13), (8,12), (8,11), (7,11), (6,11), (-1,-1), (-1,-1)]
Turtle 2 :[(-2,-2), (7,9), (6,9), (5,9), (4,9), (3,9), (2,9), (-2,-2), (-2,-2)]
Turtle 3 :[(-3,-3), (0,7), (1,7), (1,6), (1,5), (1,4), (1,3), (0,3), (0,2)]
Turtle 4 :[(-4,-4), (0,6), (0,5), (0,4), (0,3), (0,2), (0,1), (-4,-4), (-4,-4)]
Turtle 5 :[(-5,-5), (6,14), (5,14), (5,13), (6,13), (6,12), (6,13), (6,12), (6,11)]

Shrink Run 19
#Info# Executed steps before collision: 8, Found collision: false
Turtle 1 :[(-1,-1), (9,13), (8,13), (7,13), (7,12), (6,12), (5,12), (-1,-1), (-1,-1)]
Turtle 2 :[(-2,-2), (7,9), (6,9), (5,9), (4,9), (3,9), (2,9), (-2,-2), (-2,-2)]
Turtle 3 :[(-3,-3), (0,7), (0,7), (0,6), (0,5), (0,4), (0,3), (0,2), (-3,-3)]
Turtle 4 :[(-4,-4), (0,6), (0,5), (0,4), (0,3), (0,2), (0,1), (-4,-4), (-4,-4)]
Turtle 5 :[(-5,-5), (6,14), (5,14), (5,13), (4,13), (5,13), (6,13), (6,12), (6,11)]

