Detection Run 1
#Info# Executed steps before collision: 7, Found collision: false
Turtle 1 :[(-1,-1), (7,0), (6,0), (5,0), (4,0), (3,0), (2,0), (-1,-1)]
Turtle 2 :[(-2,-2), (16,1), (16,2), (17,2), (18,2), (18,2), (19,2), (19,2)]
Turtle 3 :[(-3,-3), (18,1), (18,2), (19,2), (19,2), (19,3), (19,4), (-3,-3)]
Turtle 4 :[(-4,-4), (7,7), (6,7), (5,7), (4,7), (3,7), (2,7), (-4,-4)]
Turtle 5 :[(-5,-5), (7,6), (8,6), (7,6), (8,6), (9,6), (-5,-5), (-5,-5)]

Detection Run 2
#Info# Executed steps before collision: 6, Found collision: false
Turtle 1 :[(-1,-1), (9,0), (8,0), (9,0), (9,1), (9,2), (-1,-1)]
Turtle 2 :[(-2,-2), (12,5), (12,6), (12,7), (12,8), (11,8), (11,9)]
Turtle 3 :[(-3,-3), (8,11), (8,12), (8,13), (7,13), (6,13), (5,13)]
Turtle 4 :[(-4,-4), (5,0), (6,0), (7,0), (8,0), (-4,-4), (-4,-4)]
Turtle 5 :[(-5,-5), (2,7), (2,8), (2,9), (2,10), (3,10), (4,10)]

Detection Run 3
#Info# Executed steps before collision: 6, Found collision: false
Turtle 1 :[(-1,-1), (17,15), (16,15), (17,15), (17,16), (18,16), (19,16)]
Turtle 2 :[(-2,-2), (14,16), (14,17), (14,18), (14,19), (14,19), (15,19)]
Turtle 3 :[(-3,-3), (1,16), (1,17), (2,17), (2,18), (2,19), (-3,-3)]
Turtle 4 :[(-4,-4), (14,14), (14,13), (-4,-4), (-4,-4), (-4,-4), (-4,-4)]
Turtle 5 :[(-5,-5), (8,15), (8,16), (8,17), (7,17), (7,18), (-5,-5)]

Detection Run 4
#Info# Executed steps before collision: 6, Found collision: false
Turtle 1 :[(-1,-1), (0,11), (0,12), (0,13), (0,14), (0,15), (0,16)]
Turtle 2 :[(-2,-2), (4,15), (5,15), (6,15), (6,16), (7,16), (7,17)]
Turtle 3 :[(-3,-3), (-3,-3), (-3,-3), (0,11), (0,12), (0,13), (1,13)]
Turtle 4 :[(-4,-4), (3,5), (2,5), (2,4), (1,4), (1,3), (0,3)]
Turtle 5 :[(-5,-5), (9,4), (8,4), (8,3), (7,3), (7,2), (6,2)]

Detection Run 5
#Info# Executed steps before collision: 6, Found collision: false
Turtle 1 :[(-1,-1), (13,17), (13,16), (13,15), (13,14), (-1,-1), (-1,-1)]
Turtle 2 :[(-2,-2), (3,6), (3,7), (2,7), (2,8), (1,8), (1,9)]
Turtle 3 :[(-3,-3), (13,19), (13,18), (13,17), (12,17), (11,17), (11,16)]
Turtle 4 :[(-4,-4), (15,11), (15,10), (16,10), (17,10), (18,10), (18,9)]
Turtle 5 :[(-5,-5), (8,6), (9,6), (8,6), (7,6), (6,6), (6,7)]

Detection Run 6
#Info# Executed steps before collision: 6, Found collision: false
Turtle 1 :[(-1,-1), (5,6), (5,5), (6,5), (7,5), (8,5), (9,5)]
Turtle 2 :[(-2,-2), (12,6), (11,6), (11,7), (10,7), (9,7), (8,7)]
Turtle 3 :[(-3,-3), (4,5), (4,4), (5,4), (-3,-3), (-3,-3), (-3,-3)]
Turtle 4 :[(-4,-4), (4,7), (4,8), (5,8), (6,8), (7,8), (8,8)]
Turtle 5 :[(-5,-5), (19,15), (19,15), (19,16), (-5,-5), (-5,-5), (-5,-5)]

Detection Run 7
#Info# Executed steps before collision: 9, Found collision: false
Turtle 1 :[(-1,-1), (17,14), (17,15), (18,15), (-1,-1), (-1,-1), (-1,-1), (-1,-1), (-1,-1), (-1,-1)]
Turtle 2 :[(-2,-2), (14,14), (14,15), (15,15), (15,16), (15,17), (15,18), (-2,-2), (-2,-2), (-2,-2)]
Turtle 3 :[(-3,-3), (11,5), (11,6), (12,6), (-3,-3), (-3,-3), (-3,-3), (-3,-3), (-3,-3), (-3,-3)]
Turtle 4 :[(-4,-4), (5,9), (5,8), (5,7), (6,7), (6,6), (6,5), (-4,-4), (-4,-4), (-4,-4)]
Turtle 5 :[(-5,-5), (18,15), (18,15), (18,16), (17,16), (16,16), (15,16), (14,16), (13,16), (13,15)]

Detection Run 8
#Info# Executed steps before collision: 6, Found collision: false
Turtle 1 :[(-1,-1), (3,6), (4,6), (4,7), (5,7), (5,8), (6,8)]
Turtle 2 :[(-2,-2), (10,8), (10,9), (11,9), (12,9), (13,9), (14,9)]
Turtle 3 :[(-3,-3), (5,17), (6,17), (6,18), (7,18), (8,18), (9,18)]
Turtle 4 :[(-4,-4), (4,7), (5,7), (6,7), (6,6), (7,6), (7,5)]
Turtle 5 :[(-5,-5), (8,13), (9,13), (10,13), (10,12), (10,11), (10,10)]

Detection Run 9
#Info# Executed steps before collision: 6, Found collision: false
Turtle 1 :[(-1,-1), (14,0), (14,1), (-1,-1), (-1,-1), (-1,-1), (-1,-1)]
Turtle 2 :[(-2,-2), (2,14), (3,14), (3,15), (3,16), (4,16), (5,16)]
Turtle 3 :[(-3,-3), (15,5), (15,4), (14,4), (13,4), (12,4), (11,4)]
Turtle 4 :[(-4,-4), (1,13), (1,14), (1,15), (-4,-4), (-4,-4), (-4,-4)]
Turtle 5 :[(-5,-5), (16,14), (17,14), (-5,-5), (-5,-5), (-5,-5), (-5,-5)]

Detection Run 10
#Info# Executed steps before collision: 6, Found collision: false
Turtle 1 :[(-1,-1), (1,19), (2,19), (2,19), (3,19), (-1,-1), (-1,-1)]
Turtle 2 :[(-2,-2), (5,10), (4,10), (3,10), (2,10), (2,9), (1,9)]
Turtle 3 :[(-3,-3), (11,17), (11,16), (12,16), (13,16), (14,16), (15,16)]
Turtle 4 :[(-4,-4), (5,9), (5,8), (4,8), (3,8), (3,7), (3,6)]
Turtle 5 :[(-5,-5), (10,7), (10,6), (11,6), (11,5), (12,5), (-5,-5)]

Detection Run 11
#Info# Executed steps before collision: 8, Found collision: false
Turtle 1 :[(-1,-1), (16,10), (16,9), (17,9), (17,9), (18,9), (18,9), (18,8), (18,7)]
Turtle 2 :[(-2,-2), (8,9), (8,9), (8,10), (8,11), (8,12), (-2,-2), (-2,-2), (-2,-2)]
Turtle 3 :[(-3,-3), (13,4), (13,3), (13,4), (12,4), (13,4), (12,4), (-3,-3), (-3,-3)]
Turtle 4 :[(-4,-4), (12,10), (12,9), (12,8), (11,8), (11,9), (11,8), (-4,-4), (-4,-4)]
Turtle 5 :[(-5,-5), (10,9), (10,10), (10,10), (9,10), (9,11), (9,12), (-5,-5), (-5,-5)]

Detection Run 12
#Info# Executed steps before collision: 9, Found collision: false
Turtle 1 :[(-1,-1), (7,18), (7,17), (8,17), (9,17), (10,17), (10,17), (10,16), (-1,-1), (-1,-1)]
Turtle 2 :[(-2,-2), (1,14), (1,15), (2,15), (3,15), (3,16), (4,16), (-2,-2), (-2,-2), (-2,-2)]
Turtle 3 :[(-3,-3), (0,5), (1,5), (2,5), (3,5), (3,5), (3,5), (4,5), (5,5), (-3,-3)]
Turtle 4 :[(-4,-4), (8,13), (7,13), (7,14), (7,15), (6,15), (5,15), (-4,-4), (-4,-4), (-4,-4)]
Turtle 5 :[(-5,-5), (9,14), (9,14), (9,14), (9,15), (9,15), (8,15), (7,15), (6,15), (6,16)]

Detection Run 13
#Info# Executed steps before collision: 8, Found collision: false
Turtle 1 :[(-1,-1), (18,15), (18,16), (18,17), (17,17), (17,18), (16,18), (-1,-1), (-1,-1)]
Turtle 2 :[(-2,-2), (17,4), (18,4), (18,3), (19,3), (19,3), (19,2), (-2,-2), (-2,-2)]
Turtle 3 :[(-3,-3), (12,17), (13,17), (13,16), (12,16), (12,15), (12,14), (11,14), (10,14)]
Turtle 4 :[(-4,-4), (11,17), (11,18), (12,18), (12,19), (13,19), (14,19), (-4,-4), (-4,-4)]
Turtle 5 :[(-5,-5), (4,16), (3,16), (3,15), (3,14), (-5,-5), (-5,-5), (-5,-5), (-5,-5)]

Fault Detection Run 14
#Info# Executed steps before collision: 7, Found collision: true
Turtle 1 :[(-1,-1), (9,8), (10,8), (11,8), (11,8), (11,8), (11,8), (11,7), (11,6), (11,5)]
Turtle 2 :[(-2,-2), (7,5), (7,5), (8,5), (9,5), (10,5), (11,5), (12,5), (-2,-2), (-2,-2)]
Turtle 3 :[(-3,-3), (5,2), (5,2), (5,3), (5,4), (5,5), (6,5), (6,6), (-3,-3), (-3,-3)]
Turtle 4 :[(-4,-4), (0,0), (1,0), (2,0), (3,0), (4,0), (-4,-4), (-4,-4), (-4,-4), (-4,-4)]
Turtle 5 :[(-5,-5), (3,8), (4,8), (4,7), (4,7), (5,7), (5,6), (6,6), (-5,-5), (-5,-5)]

