Shrinking Run 1
#Info# Executed steps before collision: 6, Found collision: false
Turtle 1 :[(-1,-1), (32,10), (31,10), (31,9), (30,9), (29,9), (28,9)]
Turtle 2 :[(-2,-2), (2,19), (2,20), (2,21), (2,22), (2,23), (3,23)]
Turtle 3 :[(-3,-3), (9,31), (9,32), (9,33), (10,33), (10,34), (10,35)]
Turtle 4 :[(-4,-4), (8,37), (8,36), (9,36), (10,36), (10,35), (10,34)]
Turtle 5 :[(-5,-5), (32,40), (33,40), (33,41), (34,41), (35,41), (36,41)]

Shrinking Run 2
#Info# Executed steps before collision: 8, Found collision: false
Turtle 1 :[(-1,-1), (32,10), (31,10), (31,9), (31,8), (30,8), (29,8), (-1,-1), (-1,-1)]
Turtle 2 :[(-2,-2), (2,19), (2,20), (2,21), (2,22), (2,23), (3,23), (-2,-2), (-2,-2)]
Turtle 3 :[(-3,-3), (9,31), (9,32), (9,33), (10,33), (10,34), (9,34), (9,35), (10,35)]
Turtle 4 :[(-4,-4), (8,37), (8,36), (9,36), (10,36), (10,35), (10,34), (-4,-4), (-4,-4)]
Turtle 5 :[(-5,-5), (32,40), (33,40), (33,41), (34,41), (35,41), (36,41), (-5,-5), (-5,-5)]

Shrinking Run 3
#Info# Executed steps before collision: 8, Found collision: false
Turtle 1 :[(-1,-1), (32,10), (32,9), (31,9), (31,8), (30,8), (30,7), (-1,-1), (-1,-1)]
Turtle 2 :[(-2,-2), (2,19), (2,20), (2,21), (2,22), (2,23), (3,23), (-2,-2), (-2,-2)]
Turtle 3 :[(-3,-3), (9,31), (9,32), (9,33), (10,33), (10,34), (10,33), (10,34), (10,35)]
Turtle 4 :[(-4,-4), (8,37), (8,36), (9,36), (10,36), (10,35), (10,34), (-4,-4), (-4,-4)]
Turtle 5 :[(-5,-5), (32,40), (33,40), (33,41), (34,41), (35,41), (36,41), (-5,-5), (-5,-5)]

Shrinking Run 4
#Info# Executed steps before collision: 6, Found collision: false
Turtle 1 :[(-1,-1), (32,10), (31,10), (31,9), (30,9), (30,8), (30,7)]
Turtle 2 :[(-2,-2), (2,19), (2,20), (2,21), (2,22), (2,23), (3,23)]
Turtle 3 :[(-3,-3), (9,31), (9,32), (9,33), (10,33), (10,34), (10,35)]
Turtle 4 :[(-4,-4), (8,37), (8,36), (9,36), (10,36), (10,35), (10,34)]
Turtle 5 :[(-5,-5), (32,40), (33,40), (33,41), (34,41), (35,41), (36,41)]

Shrinking Run 5
#Info# Executed steps before collision: 8, Found collision: false
Turtle 1 :[(-1,-1), (32,10), (31,10), (31,9), (31,8), (30,8), (30,7), (-1,-1), (-1,-1)]
Turtle 2 :[(-2,-2), (2,19), (2,20), (2,21), (1,21), (1,22), (0,22), (-2,-2), (-2,-2)]
Turtle 3 :[(-3,-3), (9,31), (9,32), (9,33), (10,33), (10,34), (11,34), (11,35), (10,35)]
Turtle 4 :[(-4,-4), (8,37), (8,36), (9,36), (10,36), (10,35), (10,34), (-4,-4), (-4,-4)]
Turtle 5 :[(-5,-5), (32,40), (33,40), (33,41), (34,41), (35,41), (36,41), (-5,-5), (-5,-5)]

Shrinking Run 6
#Info# Executed steps before collision: 10, Found collision: false
Turtle 1 :[(-1,-1), (32,10), (31,10), (31,9), (31,8), (30,8), (30,7), (-1,-1), (-1,-1), (-1,-1), (-1,-1)]
Turtle 2 :[(-2,-2), (2,19), (2,20), (2,21), (2,22), (2,23), (1,23), (-2,-2), (-2,-2), (-2,-2), (-2,-2)]
Turtle 3 :[(-3,-3), (9,31), (9,32), (9,33), (10,33), (10,34), (11,34), (11,35), (12,35), (11,35), (10,35)]
Turtle 4 :[(-4,-4), (8,37), (8,36), (9,36), (10,36), (10,35), (10,36), (10,35), (10,34), (-4,-4), (-4,-4)]
Turtle 5 :[(-5,-5), (32,40), (33,40), (33,41), (34,41), (35,41), (36,41), (-5,-5), (-5,-5), (-5,-5), (-5,-5)]

Shrinking Run 7
#Info# Executed steps before collision: 6, Found collision: false
Turtle 1 :[(-1,-1), (32,10), (31,10), (31,9), (31,8), (30,8), (30,7)]
Turtle 2 :[(-2,-2), (2,19), (2,20), (2,21), (2,22), (2,23), (2,24)]
Turtle 3 :[(-3,-3), (9,31), (9,32), (9,33), (10,33), (10,34), (10,35)]
Turtle 4 :[(-4,-4), (8,37), (8,36), (9,36), (10,36), (10,35), (10,34)]
Turtle 5 :[(-5,-5), (32,40), (33,40), (33,41), (34,41), (35,41), (36,41)]

Shrinking Run 8
#Info# Executed steps before collision: 10, Found collision: false
Turtle 1 :[(-1,-1), (32,10), (31,10), (31,9), (31,8), (30,8), (30,7), (-1,-1), (-1,-1), (-1,-1), (-1,-1)]
Turtle 2 :[(-2,-2), (2,19), (2,18), (2,17), (2,16), (2,15), (3,15), (-2,-2), (-2,-2), (-2,-2), (-2,-2)]
Turtle 3 :[(-3,-3), (9,31), (9,32), (9,33), (10,33), (10,34), (9,34), (9,33), (9,34), (9,35), (10,35)]
Turtle 4 :[(-4,-4), (8,37), (8,36), (9,36), (10,36), (10,35), (10,34), (-4,-4), (-4,-4), (-4,-4), (-4,-4)]
Turtle 5 :[(-5,-5), (32,40), (33,40), (33,41), (34,41), (35,41), (36,41), (-5,-5), (-5,-5), (-5,-5), (-5,-5)]

Shrinking Run 9
#Info# Executed steps before collision: 6, Found collision: true
Turtle 1 :[(-1,-1), (32,10), (31,10), (31,9), (31,8), (30,8), (30,7), (-1,-1)]
Turtle 2 :[(-2,-2), (2,19), (2,18), (2,17), (3,17), (3,16), (-2,-2), (-2,-2)]
Turtle 3 :[(-3,-3), (9,31), (9,32), (9,33), (10,33), (10,34), (10,34), (10,35)]
Turtle 4 :[(-4,-4), (8,37), (8,36), (9,36), (10,36), (10,35), (10,34), (-4,-4)]
Turtle 5 :[(-5,-5), (32,40), (33,40), (33,41), (34,41), (35,41), (36,41), (-5,-5)]

Shrinking Run 10
#Info# Executed steps before collision: 10, Found collision: false
Turtle 1 :[(-1,-1), (32,10), (31,10), (31,9), (31,8), (30,8), (30,7), (-1,-1), (-1,-1), (-1,-1), (-1,-1)]
Turtle 2 :[(-2,-2), (2,19), (2,18), (2,17), (1,17), (1,16), (0,16), (-2,-2), (-2,-2), (-2,-2), (-2,-2)]
Turtle 3 :[(-3,-3), (9,31), (9,32), (9,33), (10,33), (10,34), (10,33), (11,33), (10,33), (10,34), (10,35)]
Turtle 4 :[(-4,-4), (8,37), (8,36), (9,36), (10,36), (10,35), (10,34), (-4,-4), (-4,-4), (-4,-4), (-4,-4)]
Turtle 5 :[(-5,-5), (32,40), (33,40), (33,41), (34,41), (35,41), (36,41), (-5,-5), (-5,-5), (-5,-5), (-5,-5)]

Shrinking Run 11
#Info# Executed steps before collision: 6, Found collision: false
Turtle 1 :[(-1,-1), (32,10), (31,10), (31,9), (31,8), (30,8), (30,7)]
Turtle 2 :[(-2,-2), (2,19), (2,18), (2,17), (1,17), (1,16), (-2,-2)]
Turtle 3 :[(-3,-3), (9,31), (9,32), (9,33), (10,33), (10,34), (10,35)]
Turtle 4 :[(-4,-4), (8,37), (8,36), (9,36), (10,36), (10,35), (10,34)]
Turtle 5 :[(-5,-5), (32,40), (33,40), (33,41), (34,41), (35,41), (36,41)]

Shrinking Run 12
#Info# Executed steps before collision: 8, Found collision: false
Turtle 1 :[(-1,-1), (32,10), (31,10), (31,9), (31,8), (30,8), (30,7), (-1,-1), (-1,-1)]
Turtle 2 :[(-2,-2), (2,19), (2,18), (2,17), (2,18), (2,17), (2,16), (-2,-2), (-2,-2)]
Turtle 3 :[(-3,-3), (9,31), (9,32), (9,33), (10,33), (10,34), (9,34), (9,35), (10,35)]
Turtle 4 :[(-4,-4), (8,37), (8,36), (9,36), (10,36), (10,35), (10,34), (-4,-4), (-4,-4)]
Turtle 5 :[(-5,-5), (32,40), (33,40), (33,41), (34,41), (35,41), (36,41), (-5,-5), (-5,-5)]

Shrinking Run 13
#Info# Executed steps before collision: 10, Found collision: false
Turtle 1 :[(-1,-1), (32,10), (31,10), (31,9), (31,8), (30,8), (30,7), (-1,-1), (-1,-1), (-1,-1), (-1,-1)]
Turtle 2 :[(-2,-2), (2,19), (3,19), (3,18), (3,17), (3,16), (-2,-2), (-2,-2), (-2,-2), (-2,-2), (-2,-2)]
Turtle 3 :[(-3,-3), (9,31), (9,32), (9,33), (10,33), (10,34), (10,33), (10,32), (10,33), (10,34), (10,35)]
Turtle 4 :[(-4,-4), (8,37), (8,36), (9,36), (10,36), (10,35), (10,34), (-4,-4), (-4,-4), (-4,-4), (-4,-4)]
Turtle 5 :[(-5,-5), (32,40), (33,40), (33,41), (34,41), (35,41), (36,41), (-5,-5), (-5,-5), (-5,-5), (-5,-5)]

Shrinking Run 14
#Info# Executed steps before collision: 10, Found collision: false
Turtle 1 :[(-1,-1), (32,10), (31,10), (31,9), (31,8), (30,8), (30,7), (-1,-1), (-1,-1), (-1,-1), (-1,-1)]
Turtle 2 :[(-2,-2), (2,19), (2,18), (3,18), (3,17), (3,16), (-2,-2), (-2,-2), (-2,-2), (-2,-2), (-2,-2)]
Turtle 3 :[(-3,-3), (9,31), (9,32), (9,33), (10,33), (10,34), (10,33), (11,33), (10,33), (10,34), (10,35)]
Turtle 4 :[(-4,-4), (8,37), (8,36), (9,36), (10,36), (10,35), (10,34), (-4,-4), (-4,-4), (-4,-4), (-4,-4)]
Turtle 5 :[(-5,-5), (32,40), (33,40), (33,41), (34,41), (35,41), (36,41), (-5,-5), (-5,-5), (-5,-5), (-5,-5)]

Shrinking Run 15
#Info# Executed steps before collision: 6, Found collision: false
Turtle 1 :[(-1,-1), (32,10), (31,10), (31,9), (31,8), (30,8), (30,7)]
Turtle 2 :[(-2,-2), (2,19), (2,18), (2,17), (3,17), (3,16), (-2,-2)]
Turtle 3 :[(-3,-3), (9,31), (9,32), (9,33), (10,33), (10,34), (-3,-3)]
Turtle 4 :[(-4,-4), (8,37), (8,36), (9,36), (10,36), (10,35), (10,34)]
Turtle 5 :[(-5,-5), (32,40), (33,40), (33,41), (34,41), (35,41), (36,41)]

Shrinking Run 16
#Info# Executed steps before collision: 6, Found collision: false
Turtle 1 :[(-1,-1), (32,10), (31,10), (31,9), (31,8), (30,8), (30,7)]
Turtle 2 :[(-2,-2), (2,19), (2,18), (2,17), (3,17), (3,16), (-2,-2)]
Turtle 3 :[(-3,-3), (9,31), (9,32), (10,32), (10,33), (10,34), (10,35)]
Turtle 4 :[(-4,-4), (8,37), (8,36), (9,36), (10,36), (10,35), (10,34)]
Turtle 5 :[(-5,-5), (32,40), (33,40), (33,41), (34,41), (35,41), (36,41)]

Shrinking Run 17
#Info# Executed steps before collision: 6, Found collision: true
Turtle 1 :[(-1,-1), (32,10), (31,10), (31,9), (31,8), (30,8), (30,7), (-1,-1)]
Turtle 2 :[(-2,-2), (2,19), (2,18), (2,17), (3,17), (3,16), (-2,-2), (-2,-2)]
Turtle 3 :[(-3,-3), (9,31), (9,32), (9,33), (9,34), (10,34), (10,34), (10,35)]
Turtle 4 :[(-4,-4), (8,37), (8,36), (9,36), (10,36), (10,35), (10,34), (-4,-4)]
Turtle 5 :[(-5,-5), (32,40), (33,40), (33,41), (34,41), (35,41), (36,41), (-5,-5)]

Shrinking Run 18
#Info# Executed steps before collision: 8, Found collision: false
Turtle 1 :[(-1,-1), (32,10), (31,10), (31,9), (31,8), (30,8), (30,7), (-1,-1), (-1,-1)]
Turtle 2 :[(-2,-2), (2,19), (2,18), (2,17), (3,17), (3,16), (-2,-2), (-2,-2), (-2,-2)]
Turtle 3 :[(-3,-3), (9,31), (10,31), (10,32), (10,33), (10,34), (11,34), (11,35), (10,35)]
Turtle 4 :[(-4,-4), (8,37), (8,36), (9,36), (10,36), (10,35), (10,34), (-4,-4), (-4,-4)]
Turtle 5 :[(-5,-5), (32,40), (33,40), (33,41), (34,41), (35,41), (36,41), (-5,-5), (-5,-5)]

Shrinking Run 19
#Info# Executed steps before collision: 6, Found collision: false
Turtle 1 :[(-1,-1), (32,10), (31,10), (31,9), (31,8), (30,8), (30,7)]
Turtle 2 :[(-2,-2), (2,19), (2,18), (2,17), (3,17), (3,16), (-2,-2)]
Turtle 3 :[(-3,-3), (9,31), (9,32), (9,33), (10,33), (10,34), (10,35)]
Turtle 4 :[(-4,-4), (8,37), (8,36), (9,36), (9,35), (9,34), (9,33)]
Turtle 5 :[(-5,-5), (32,40), (33,40), (33,41), (34,41), (35,41), (36,41)]

Shrinking Run 20
#Info# Executed steps before collision: 6, Found collision: true
Turtle 1 :[(-1,-1), (32,10), (31,10), (31,9), (31,8), (30,8), (30,7), (-1,-1)]
Turtle 2 :[(-2,-2), (2,19), (2,18), (2,17), (3,17), (3,16), (-2,-2), (-2,-2)]
Turtle 3 :[(-3,-3), (9,31), (9,32), (9,33), (10,33), (10,34), (10,34), (10,35)]
Turtle 4 :[(-4,-4), (8,37), (9,37), (10,37), (10,36), (10,35), (10,34), (-4,-4)]
Turtle 5 :[(-5,-5), (32,40), (33,40), (33,41), (34,41), (35,41), (36,41), (-5,-5)]

Shrinking Run 21
#Info# Executed steps before collision: 8, Found collision: false
Turtle 1 :[(-1,-1), (32,10), (31,10), (31,9), (31,8), (30,8), (30,7), (-1,-1), (-1,-1)]
Turtle 2 :[(-2,-2), (2,19), (2,18), (2,17), (3,17), (3,16), (-2,-2), (-2,-2), (-2,-2)]
Turtle 3 :[(-3,-3), (9,31), (9,32), (9,33), (10,33), (10,34), (9,34), (9,35), (10,35)]
Turtle 4 :[(-4,-4), (8,37), (9,37), (10,37), (10,36), (10,35), (10,34), (-4,-4), (-4,-4)]
Turtle 5 :[(-5,-5), (32,40), (31,40), (31,41), (30,41), (29,41), (28,41), (-5,-5), (-5,-5)]

Shrinking Run 22
#Info# Executed steps before collision: 6, Found collision: false
Turtle 1 :[(-1,-1), (32,10), (31,10), (31,9), (31,8), (30,8), (30,7)]
Turtle 2 :[(-2,-2), (2,19), (2,18), (2,17), (3,17), (3,16), (-2,-2)]
Turtle 3 :[(-3,-3), (9,31), (9,32), (9,33), (10,33), (10,34), (10,35)]
Turtle 4 :[(-4,-4), (8,37), (9,37), (10,37), (10,36), (10,35), (10,34)]
Turtle 5 :[(-5,-5), (32,40), (32,41), (31,41), (30,41), (29,41), (-5,-5)]

Shrinking Run 23
#Info# Executed steps before collision: 9, Found collision: false
Turtle 1 :[(-1,-1), (32,10), (31,10), (31,9), (31,8), (30,8), (30,7), (-1,-1), (-1,-1), (-1,-1)]
Turtle 2 :[(-2,-2), (2,19), (2,18), (2,17), (3,17), (3,16), (-2,-2), (-2,-2), (-2,-2), (-2,-2)]
Turtle 3 :[(-3,-3), (9,31), (9,32), (9,33), (10,33), (10,34), (10,33), (10,33), (10,34), (10,35)]
Turtle 4 :[(-4,-4), (8,37), (9,37), (10,37), (10,36), (10,35), (10,34), (-4,-4), (-4,-4), (-4,-4)]
Turtle 5 :[(-5,-5), (32,40), (32,41), (33,41), (-5,-5), (-5,-5), (-5,-5), (-5,-5), (-5,-5), (-5,-5)]

Shrinking Run 24
#Info# Executed steps before collision: 6, Found collision: true
Turtle 1 :[(-1,-1), (32,10), (31,10), (31,9), (31,8), (30,8), (30,7), (-1,-1)]
Turtle 2 :[(-2,-2), (2,19), (2,18), (2,17), (3,17), (3,16), (-2,-2), (-2,-2)]
Turtle 3 :[(-3,-3), (9,31), (9,32), (9,33), (10,33), (10,34), (10,34), (10,35)]
Turtle 4 :[(-4,-4), (8,37), (9,37), (10,37), (10,36), (10,35), (10,34), (-4,-4)]
Turtle 5 :[(-5,-5), (32,40), (32,41), (33,41), (34,41), (35,41), (-5,-5), (-5,-5)]

Shrinking Run 25
#Info# Executed steps before collision: 8, Found collision: false
Turtle 1 :[(-1,-1), (32,10), (31,10), (31,9), (31,8), (30,8), (30,7), (-1,-1), (-1,-1)]
Turtle 2 :[(-2,-2), (2,19), (2,18), (2,17), (3,17), (3,16), (-2,-2), (-2,-2), (-2,-2)]
Turtle 3 :[(-3,-3), (9,31), (9,32), (9,33), (10,33), (10,34), (9,34), (10,34), (10,35)]
Turtle 4 :[(-4,-4), (8,37), (9,37), (10,37), (10,36), (10,35), (10,34), (-4,-4), (-4,-4)]
Turtle 5 :[(-5,-5), (32,40), (32,41), (33,41), (34,41), (-5,-5), (-5,-5), (-5,-5), (-5,-5)]

Shrinking Run 26
#Info# Executed steps before collision: 8, Found collision: false
Turtle 1 :[(-1,-1), (32,10), (31,10), (31,9), (31,8), (30,8), (30,7), (-1,-1), (-1,-1)]
Turtle 2 :[(-2,-2), (2,19), (2,18), (2,17), (3,17), (3,16), (-2,-2), (-2,-2), (-2,-2)]
Turtle 3 :[(-3,-3), (9,31), (9,32), (9,33), (10,33), (10,34), (11,34), (11,35), (10,35)]
Turtle 4 :[(-4,-4), (8,37), (9,37), (10,37), (10,36), (10,35), (10,34), (-4,-4), (-4,-4)]
Turtle 5 :[(-5,-5), (32,40), (33,40), (33,39), (33,38), (33,37), (34,37), (-5,-5), (-5,-5)]

Shrinking Run 27
#Info# Executed steps before collision: 8, Found collision: false
Turtle 1 :[(-1,-1), (32,10), (31,10), (31,9), (31,8), (30,8), (30,7), (-1,-1), (-1,-1)]
Turtle 2 :[(-2,-2), (2,19), (2,18), (2,17), (3,17), (3,16), (-2,-2), (-2,-2), (-2,-2)]
Turtle 3 :[(-3,-3), (9,31), (9,32), (9,33), (10,33), (10,34), (10,33), (10,34), (10,35)]
Turtle 4 :[(-4,-4), (8,37), (9,37), (10,37), (10,36), (10,35), (10,34), (-4,-4), (-4,-4)]
Turtle 5 :[(-5,-5), (32,40), (33,40), (33,39), (34,39), (34,38), (35,38), (-5,-5), (-5,-5)]

Shrinking Run 28
#Info# Executed steps before collision: 8, Found collision: false
Turtle 1 :[(-1,-1), (32,10), (31,10), (31,9), (31,8), (30,8), (30,7), (-1,-1), (-1,-1)]
Turtle 2 :[(-2,-2), (2,19), (2,18), (2,17), (3,17), (3,16), (-2,-2), (-2,-2), (-2,-2)]
Turtle 3 :[(-3,-3), (9,31), (9,32), (9,33), (10,33), (10,34), (10,35), (-3,-3), (-3,-3)]
Turtle 4 :[(-4,-4), (8,37), (9,37), (10,37), (10,36), (10,35), (9,35), (9,34), (10,34)]
Turtle 5 :[(-5,-5), (32,40), (32,39), (33,39), (34,39), (35,39), (-5,-5), (-5,-5), (-5,-5)]

Shrinking Run 29
#Info# Executed steps before collision: 9, Found collision: false
Turtle 1 :[(-1,-1), (32,10), (31,10), (31,9), (31,8), (30,8), (30,7), (-1,-1), (-1,-1), (-1,-1)]
Turtle 2 :[(-2,-2), (2,19), (2,18), (2,17), (3,17), (3,16), (-2,-2), (-2,-2), (-2,-2), (-2,-2)]
Turtle 3 :[(-3,-3), (9,31), (9,32), (9,33), (10,33), (10,34), (11,34), (11,34), (10,34), (10,35)]
Turtle 4 :[(-4,-4), (8,37), (9,37), (10,37), (10,36), (10,35), (10,34), (-4,-4), (-4,-4), (-4,-4)]
Turtle 5 :[(-5,-5), (32,40), (33,40), (34,40), (35,40), (-5,-5), (-5,-5), (-5,-5), (-5,-5), (-5,-5)]

Shrinking Run 30
#Info# Executed steps before collision: 8, Found collision: false
Turtle 1 :[(-1,-1), (32,10), (31,10), (31,9), (31,8), (30,8), (30,7), (-1,-1), (-1,-1)]
Turtle 2 :[(-2,-2), (2,19), (2,18), (2,17), (3,17), (3,16), (-2,-2), (-2,-2), (-2,-2)]
Turtle 3 :[(-3,-3), (9,31), (9,32), (9,33), (10,33), (10,34), (9,34), (9,35), (10,35)]
Turtle 4 :[(-4,-4), (8,37), (9,37), (10,37), (10,36), (10,35), (10,34), (-4,-4), (-4,-4)]
Turtle 5 :[(-5,-5), (32,40), (33,40), (34,40), (35,40), (35,41), (-5,-5), (-5,-5), (-5,-5)]

Shrinking Run 31
#Info# Executed steps before collision: 8, Found collision: false
Turtle 1 :[(-1,-1), (32,10), (31,10), (31,9), (30,9), (29,9), (28,9), (-1,-1), (-1,-1)]
Turtle 2 :[(-2,-2), (2,19), (2,18), (2,17), (3,17), (3,16), (-2,-2), (-2,-2), (-2,-2)]
Turtle 3 :[(-3,-3), (9,31), (9,32), (9,33), (10,33), (10,34), (11,34), (11,35), (10,35)]
Turtle 4 :[(-4,-4), (8,37), (9,37), (10,37), (10,36), (10,35), (10,34), (-4,-4), (-4,-4)]
Turtle 5 :[(-5,-5), (32,40), (32,41), (33,41), (34,41), (35,41), (-5,-5), (-5,-5), (-5,-5)]

Shrinking Run 32
#Info# Executed steps before collision: 6, Found collision: true
Turtle 1 :[(-1,-1), (32,10), (31,10), (31,9), (31,8), (30,8), (29,8), (-1,-1)]
Turtle 2 :[(-2,-2), (2,19), (2,18), (2,17), (3,17), (3,16), (-2,-2), (-2,-2)]
Turtle 3 :[(-3,-3), (9,31), (9,32), (9,33), (10,33), (10,34), (10,34), (10,35)]
Turtle 4 :[(-4,-4), (8,37), (9,37), (10,37), (10,36), (10,35), (10,34), (-4,-4)]
Turtle 5 :[(-5,-5), (32,40), (32,41), (33,41), (34,41), (35,41), (-5,-5), (-5,-5)]

Shrinking Run 33
#Info# Executed steps before collision: 10, Found collision: false
Turtle 1 :[(-1,-1), (32,10), (31,10), (30,10), (30,9), (29,9), (28,9), (-1,-1), (-1,-1), (-1,-1), (-1,-1)]
Turtle 2 :[(-2,-2), (2,19), (2,18), (2,17), (3,17), (3,16), (-2,-2), (-2,-2), (-2,-2), (-2,-2), (-2,-2)]
Turtle 3 :[(-3,-3), (9,31), (9,32), (9,33), (10,33), (10,34), (10,33), (9,33), (9,34), (9,35), (10,35)]
Turtle 4 :[(-4,-4), (8,37), (9,37), (10,37), (10,36), (10,35), (10,34), (-4,-4), (-4,-4), (-4,-4), (-4,-4)]
Turtle 5 :[(-5,-5), (32,40), (32,41), (33,41), (34,41), (35,41), (-5,-5), (-5,-5), (-5,-5), (-5,-5), (-5,-5)]

Shrinking Run 34
#Info# Executed steps before collision: 7, Found collision: true
Turtle 1 :[(-1,-1), (32,10), (32,9), (31,9), (31,8), (30,8), (29,8), (-1,-1), (-1,-1)]
Turtle 2 :[(-2,-2), (2,19), (2,18), (2,17), (3,17), (3,16), (-2,-2), (-2,-2), (-2,-2)]
Turtle 3 :[(-3,-3), (9,31), (9,32), (9,33), (10,33), (10,34), (10,33), (10,34), (10,35)]
Turtle 4 :[(-4,-4), (8,37), (9,37), (10,37), (10,36), (10,35), (10,35), (10,34), (-4,-4)]
Turtle 5 :[(-5,-5), (32,40), (32,41), (33,41), (34,41), (35,41), (-5,-5), (-5,-5), (-5,-5)]

Shrinking Run 35
#Info# Executed steps before collision: 9, Found collision: false
Turtle 1 :[(-1,-1), (32,10), (32,9), (31,9), (30,9), (30,8), (29,8), (-1,-1), (-1,-1), (-1,-1)]
Turtle 2 :[(-2,-2), (2,19), (2,18), (2,17), (3,17), (3,16), (-2,-2), (-2,-2), (-2,-2), (-2,-2)]
Turtle 3 :[(-3,-3), (9,31), (9,32), (9,33), (10,33), (10,34), (11,34), (11,34), (10,34), (10,35)]
Turtle 4 :[(-4,-4), (8,37), (9,37), (10,37), (10,36), (10,35), (10,34), (-4,-4), (-4,-4), (-4,-4)]
Turtle 5 :[(-5,-5), (32,40), (32,41), (33,41), (34,41), (35,41), (-5,-5), (-5,-5), (-5,-5), (-5,-5)]

Shrinking Run 36
#Info# Executed steps before collision: 6, Found collision: false
Turtle 1 :[(-1,-1), (32,10), (32,9), (31,9), (31,8), (30,8), (29,8)]
Turtle 2 :[(-2,-2), (2,19), (2,20), (2,21), (1,21), (1,22), (0,22)]
Turtle 3 :[(-3,-3), (9,31), (9,32), (9,33), (10,33), (10,34), (10,35)]
Turtle 4 :[(-4,-4), (8,37), (9,37), (10,37), (10,36), (10,35), (10,34)]
Turtle 5 :[(-5,-5), (32,40), (32,41), (33,41), (34,41), (35,41), (-5,-5)]

Shrinking Run 37
#Info# Executed steps before collision: 6, Found collision: false
Turtle 1 :[(-1,-1), (32,10), (32,9), (31,9), (31,8), (30,8), (29,8)]
Turtle 2 :[(-2,-2), (2,19), (2,20), (2,21), (2,22), (2,23), (1,23)]
Turtle 3 :[(-3,-3), (9,31), (9,32), (9,33), (10,33), (10,34), (10,35)]
Turtle 4 :[(-4,-4), (8,37), (9,37), (10,37), (10,36), (10,35), (10,34)]
Turtle 5 :[(-5,-5), (32,40), (32,41), (33,41), (34,41), (35,41), (-5,-5)]

Shrinking Run 38
#Info# Executed steps before collision: 10, Found collision: false
Turtle 1 :[(-1,-1), (32,10), (32,9), (31,9), (31,8), (30,8), (29,8), (-1,-1), (-1,-1), (-1,-1), (-1,-1)]
Turtle 2 :[(-2,-2), (2,19), (2,20), (2,21), (2,22), (2,23), (2,24), (-2,-2), (-2,-2), (-2,-2), (-2,-2)]
Turtle 3 :[(-3,-3), (9,31), (9,32), (9,33), (10,33), (10,34), (11,34), (11,33), (10,33), (10,34), (10,35)]
Turtle 4 :[(-4,-4), (8,37), (9,37), (10,37), (10,36), (10,35), (10,34), (-4,-4), (-4,-4), (-4,-4), (-4,-4)]
Turtle 5 :[(-5,-5), (32,40), (32,41), (33,41), (34,41), (35,41), (-5,-5), (-5,-5), (-5,-5), (-5,-5), (-5,-5)]

Shrinking Run 39
#Info# Executed steps before collision: 8, Found collision: false
Turtle 1 :[(-1,-1), (32,10), (32,9), (31,9), (31,8), (30,8), (29,8), (-1,-1), (-1,-1)]
Turtle 2 :[(-2,-2), (2,19), (2,18), (2,17), (2,16), (2,15), (3,15), (-2,-2), (-2,-2)]
Turtle 3 :[(-3,-3), (9,31), (9,32), (9,33), (10,33), (10,34), (11,34), (11,35), (10,35)]
Turtle 4 :[(-4,-4), (8,37), (9,37), (10,37), (10,36), (10,35), (10,34), (-4,-4), (-4,-4)]
Turtle 5 :[(-5,-5), (32,40), (32,41), (33,41), (34,41), (35,41), (-5,-5), (-5,-5), (-5,-5)]

Shrinking Run 40
#Info# Executed steps before collision: 8, Found collision: false
Turtle 1 :[(-1,-1), (32,10), (32,9), (31,9), (31,8), (30,8), (29,8), (-1,-1), (-1,-1)]
Turtle 2 :[(-2,-2), (2,19), (2,18), (2,17), (1,17), (1,16), (0,16), (-2,-2), (-2,-2)]
Turtle 3 :[(-3,-3), (9,31), (9,32), (9,33), (10,33), (10,34), (9,34), (9,35), (10,35)]
Turtle 4 :[(-4,-4), (8,37), (9,37), (10,37), (10,36), (10,35), (10,34), (-4,-4), (-4,-4)]
Turtle 5 :[(-5,-5), (32,40), (32,41), (33,41), (34,41), (35,41), (-5,-5), (-5,-5), (-5,-5)]

Shrinking Run 41
#Info# Executed steps before collision: 10, Found collision: false
Turtle 1 :[(-1,-1), (32,10), (32,9), (31,9), (31,8), (30,8), (29,8), (-1,-1), (-1,-1), (-1,-1), (-1,-1)]
Turtle 2 :[(-2,-2), (2,19), (2,18), (2,17), (1,17), (1,16), (-2,-2), (-2,-2), (-2,-2), (-2,-2), (-2,-2)]
Turtle 3 :[(-3,-3), (9,31), (9,32), (9,33), (10,33), (10,34), (9,34), (8,34), (9,34), (10,34), (10,35)]
Turtle 4 :[(-4,-4), (8,37), (9,37), (10,37), (10,36), (10,35), (10,34), (-4,-4), (-4,-4), (-4,-4), (-4,-4)]
Turtle 5 :[(-5,-5), (32,40), (32,41), (33,41), (34,41), (35,41), (-5,-5), (-5,-5), (-5,-5), (-5,-5), (-5,-5)]

Shrinking Run 42
#Info# Executed steps before collision: 6, Found collision: false
Turtle 1 :[(-1,-1), (32,10), (32,9), (31,9), (31,8), (30,8), (29,8)]
Turtle 2 :[(-2,-2), (2,19), (2,18), (2,17), (2,18), (2,17), (2,16)]
Turtle 3 :[(-3,-3), (9,31), (9,32), (9,33), (10,33), (10,34), (10,35)]
Turtle 4 :[(-4,-4), (8,37), (9,37), (10,37), (10,36), (10,35), (10,34)]
Turtle 5 :[(-5,-5), (32,40), (32,41), (33,41), (34,41), (35,41), (-5,-5)]

Shrinking Run 43
#Info# Executed steps before collision: 10, Found collision: false
Turtle 1 :[(-1,-1), (32,10), (32,9), (31,9), (31,8), (30,8), (29,8), (-1,-1), (-1,-1), (-1,-1), (-1,-1)]
Turtle 2 :[(-2,-2), (2,19), (3,19), (3,18), (3,17), (3,16), (-2,-2), (-2,-2), (-2,-2), (-2,-2), (-2,-2)]
Turtle 3 :[(-3,-3), (9,31), (9,32), (9,33), (10,33), (10,34), (10,33), (11,33), (10,33), (10,34), (10,35)]
Turtle 4 :[(-4,-4), (8,37), (9,37), (10,37), (10,36), (10,35), (10,34), (-4,-4), (-4,-4), (-4,-4), (-4,-4)]
Turtle 5 :[(-5,-5), (32,40), (32,41), (33,41), (34,41), (35,41), (-5,-5), (-5,-5), (-5,-5), (-5,-5), (-5,-5)]

Shrinking Run 44
#Info# Executed steps before collision: 8, Found collision: false
Turtle 1 :[(-1,-1), (32,10), (32,9), (31,9), (31,8), (30,8), (29,8), (-1,-1), (-1,-1)]
Turtle 2 :[(-2,-2), (2,19), (2,18), (3,18), (3,17), (3,16), (-2,-2), (-2,-2), (-2,-2)]
Turtle 3 :[(-3,-3), (9,31), (9,32), (9,33), (10,33), (10,34), (10,35), (-3,-3), (-3,-3)]
Turtle 4 :[(-4,-4), (8,37), (9,37), (10,37), (10,36), (10,35), (9,35), (9,34), (10,34)]
Turtle 5 :[(-5,-5), (32,40), (32,41), (33,41), (34,41), (35,41), (-5,-5), (-5,-5), (-5,-5)]

Shrinking Run 45
#Info# Executed steps before collision: 6, Found collision: false
Turtle 1 :[(-1,-1), (32,10), (32,9), (31,9), (31,8), (30,8), (29,8)]
Turtle 2 :[(-2,-2), (2,19), (2,18), (2,17), (3,17), (3,16), (-2,-2)]
Turtle 3 :[(-3,-3), (9,31), (9,32), (9,33), (10,33), (10,34), (-3,-3)]
Turtle 4 :[(-4,-4), (8,37), (9,37), (10,37), (10,36), (10,35), (10,34)]
Turtle 5 :[(-5,-5), (32,40), (32,41), (33,41), (34,41), (35,41), (-5,-5)]

Shrinking Run 46
#Info# Executed steps before collision: 10, Found collision: false
Turtle 1 :[(-1,-1), (32,10), (32,9), (31,9), (31,8), (30,8), (29,8), (-1,-1), (-1,-1), (-1,-1), (-1,-1)]
Turtle 2 :[(-2,-2), (2,19), (2,18), (2,17), (3,17), (3,16), (-2,-2), (-2,-2), (-2,-2), (-2,-2), (-2,-2)]
Turtle 3 :[(-3,-3), (9,31), (9,32), (10,32), (10,33), (10,34), (11,34), (12,34), (12,35), (11,35), (10,35)]
Turtle 4 :[(-4,-4), (8,37), (9,37), (10,37), (10,36), (10,35), (11,35), (10,35), (10,34), (-4,-4), (-4,-4)]
Turtle 5 :[(-5,-5), (32,40), (32,41), (33,41), (34,41), (35,41), (-5,-5), (-5,-5), (-5,-5), (-5,-5), (-5,-5)]

Shrinking Run 47
#Info# Executed steps before collision: 8, Found collision: false
Turtle 1 :[(-1,-1), (32,10), (32,9), (31,9), (31,8), (30,8), (29,8), (-1,-1), (-1,-1)]
Turtle 2 :[(-2,-2), (2,19), (2,18), (2,17), (3,17), (3,16), (-2,-2), (-2,-2), (-2,-2)]
Turtle 3 :[(-3,-3), (9,31), (10,31), (10,32), (10,33), (10,34), (9,34), (10,34), (10,35)]
Turtle 4 :[(-4,-4), (8,37), (9,37), (10,37), (10,36), (10,35), (10,34), (-4,-4), (-4,-4)]
Turtle 5 :[(-5,-5), (32,40), (32,41), (33,41), (34,41), (35,41), (-5,-5), (-5,-5), (-5,-5)]

Shrinking Run 48
#Info# Executed steps before collision: 6, Found collision: false
Turtle 1 :[(-1,-1), (32,10), (32,9), (31,9), (31,8), (30,8), (29,8)]
Turtle 2 :[(-2,-2), (2,19), (2,18), (2,17), (3,17), (3,16), (-2,-2)]
Turtle 3 :[(-3,-3), (9,31), (9,32), (9,33), (10,33), (10,34), (10,35)]
Turtle 4 :[(-4,-4), (8,37), (8,36), (9,36), (9,35), (9,34), (9,33)]
Turtle 5 :[(-5,-5), (32,40), (32,41), (33,41), (34,41), (35,41), (-5,-5)]

Shrinking Run 49
#Info# Executed steps before collision: 7, Found collision: true
Turtle 1 :[(-1,-1), (32,10), (32,9), (31,9), (31,8), (30,8), (29,8), (-1,-1), (-1,-1)]
Turtle 2 :[(-2,-2), (2,19), (2,18), (2,17), (3,17), (3,16), (-2,-2), (-2,-2), (-2,-2)]
Turtle 3 :[(-3,-3), (9,31), (9,32), (9,33), (10,33), (10,34), (11,34), (10,34), (10,35)]
Turtle 4 :[(-4,-4), (8,37), (9,37), (10,37), (10,36), (10,35), (10,35), (10,34), (-4,-4)]
Turtle 5 :[(-5,-5), (32,40), (31,40), (31,41), (30,41), (29,41), (28,41), (-5,-5), (-5,-5)]

Shrinking Run 50
#Info# Executed steps before collision: 8, Found collision: false
Turtle 1 :[(-1,-1), (32,10), (32,9), (31,9), (31,8), (30,8), (29,8), (-1,-1), (-1,-1)]
Turtle 2 :[(-2,-2), (2,19), (2,18), (2,17), (3,17), (3,16), (-2,-2), (-2,-2), (-2,-2)]
Turtle 3 :[(-3,-3), (9,31), (9,32), (9,33), (10,33), (10,34), (11,34), (11,35), (10,35)]
Turtle 4 :[(-4,-4), (8,37), (9,37), (10,37), (10,36), (10,35), (10,34), (-4,-4), (-4,-4)]
Turtle 5 :[(-5,-5), (32,40), (31,40), (31,39), (30,39), (30,38), (29,38), (-5,-5), (-5,-5)]

Shrinking Run 51
#Info# Executed steps before collision: 9, Found collision: false
Turtle 1 :[(-1,-1), (32,10), (32,9), (31,9), (31,8), (30,8), (29,8), (-1,-1), (-1,-1), (-1,-1)]
Turtle 2 :[(-2,-2), (2,19), (2,18), (2,17), (3,17), (3,16), (-2,-2), (-2,-2), (-2,-2), (-2,-2)]
Turtle 3 :[(-3,-3), (9,31), (9,32), (9,33), (10,33), (10,34), (11,34), (11,34), (10,34), (10,35)]
Turtle 4 :[(-4,-4), (8,37), (9,37), (10,37), (10,36), (10,35), (10,34), (-4,-4), (-4,-4), (-4,-4)]
Turtle 5 :[(-5,-5), (32,40), (31,40), (31,39), (30,39), (29,39), (28,39), (-5,-5), (-5,-5), (-5,-5)]

Shrinking Run 52
#Info# Executed steps before collision: 6, Found collision: true
Turtle 1 :[(-1,-1), (32,10), (32,9), (31,9), (31,8), (30,8), (29,8), (-1,-1)]
Turtle 2 :[(-2,-2), (2,19), (2,18), (2,17), (3,17), (3,16), (-2,-2), (-2,-2)]
Turtle 3 :[(-3,-3), (9,31), (9,32), (9,33), (10,33), (10,34), (10,34), (10,35)]
Turtle 4 :[(-4,-4), (8,37), (9,37), (10,37), (10,36), (10,35), (10,34), (-4,-4)]
Turtle 5 :[(-5,-5), (32,40), (31,40), (30,40), (29,40), (28,40), (27,40), (-5,-5)]

Shrinking Run 53
#Info# Executed steps before collision: 6, Found collision: false
Turtle 1 :[(-1,-1), (32,10), (31,10), (31,9), (30,9), (29,9), (28,9)]
Turtle 2 :[(-2,-2), (2,19), (2,18), (2,17), (3,17), (3,16), (-2,-2)]
Turtle 3 :[(-3,-3), (9,31), (9,32), (9,33), (10,33), (10,34), (10,35)]
Turtle 4 :[(-4,-4), (8,37), (9,37), (10,37), (10,36), (10,35), (10,34)]
Turtle 5 :[(-5,-5), (32,40), (31,40), (30,40), (29,40), (28,40), (27,40)]

Shrinking Run 54
#Info# Executed steps before collision: 11, Found collision: false
Turtle 1 :[(-1,-1), (32,10), (31,10), (30,10), (30,9), (29,9), (28,9), (-1,-1), (-1,-1), (-1,-1), (-1,-1), (-1,-1)]
Turtle 2 :[(-2,-2), (2,19), (2,18), (2,17), (3,17), (3,16), (-2,-2), (-2,-2), (-2,-2), (-2,-2), (-2,-2), (-2,-2)]
Turtle 3 :[(-3,-3), (9,31), (9,32), (9,33), (10,33), (10,34), (11,34), (10,34), (10,33), (10,33), (10,34), (10,35)]
Turtle 4 :[(-4,-4), (8,37), (9,37), (10,37), (10,36), (10,35), (9,35), (10,35), (10,34), (-4,-4), (-4,-4), (-4,-4)]
Turtle 5 :[(-5,-5), (32,40), (31,40), (30,40), (29,40), (28,40), (27,40), (-5,-5), (-5,-5), (-5,-5), (-5,-5), (-5,-5)]

Shrinking Run 55
#Info# Executed steps before collision: 8, Found collision: false
Turtle 1 :[(-1,-1), (32,10), (32,9), (31,9), (30,9), (30,8), (29,8), (-1,-1), (-1,-1)]
Turtle 2 :[(-2,-2), (2,19), (2,18), (2,17), (3,17), (3,16), (-2,-2), (-2,-2), (-2,-2)]
Turtle 3 :[(-3,-3), (9,31), (9,32), (9,33), (10,33), (10,34), (9,34), (10,34), (10,35)]
Turtle 4 :[(-4,-4), (8,37), (9,37), (10,37), (10,36), (10,35), (10,34), (-4,-4), (-4,-4)]
Turtle 5 :[(-5,-5), (32,40), (31,40), (30,40), (29,40), (28,40), (27,40), (-5,-5), (-5,-5)]

Shrinking Run 56
#Info# Executed steps before collision: 6, Found collision: false
Turtle 1 :[(-1,-1), (32,10), (32,9), (31,9), (31,8), (30,8), (29,8)]
Turtle 2 :[(-2,-2), (2,19), (2,20), (2,21), (1,21), (1,22), (0,22)]
Turtle 3 :[(-3,-3), (9,31), (9,32), (9,33), (10,33), (10,34), (10,35)]
Turtle 4 :[(-4,-4), (8,37), (9,37), (10,37), (10,36), (10,35), (10,34)]
Turtle 5 :[(-5,-5), (32,40), (31,40), (30,40), (29,40), (28,40), (27,40)]

Shrinking Run 57
#Info# Executed steps before collision: 6, Found collision: true
Turtle 1 :[(-1,-1), (32,10), (32,9), (31,9), (31,8), (30,8), (29,8), (-1,-1)]
Turtle 2 :[(-2,-2), (2,19), (2,20), (2,21), (2,22), (2,23), (1,23), (-2,-2)]
Turtle 3 :[(-3,-3), (9,31), (9,32), (9,33), (10,33), (10,34), (10,34), (10,35)]
Turtle 4 :[(-4,-4), (8,37), (9,37), (10,37), (10,36), (10,35), (10,34), (-4,-4)]
Turtle 5 :[(-5,-5), (32,40), (31,40), (30,40), (29,40), (28,40), (27,40), (-5,-5)]

Shrinking Run 58
#Info# Executed steps before collision: 6, Found collision: false
Turtle 1 :[(-1,-1), (32,10), (32,9), (31,9), (31,8), (30,8), (29,8)]
Turtle 2 :[(-2,-2), (2,19), (2,18), (2,17), (2,16), (2,15), (1,15)]
Turtle 3 :[(-3,-3), (9,31), (9,32), (9,33), (10,33), (10,34), (10,35)]
Turtle 4 :[(-4,-4), (8,37), (9,37), (10,37), (10,36), (10,35), (10,34)]
Turtle 5 :[(-5,-5), (32,40), (31,40), (30,40), (29,40), (28,40), (27,40)]

Shrinking Run 59
#Info# Executed steps before collision: 8, Found collision: false
Turtle 1 :[(-1,-1), (32,10), (32,9), (31,9), (31,8), (30,8), (29,8), (-1,-1), (-1,-1)]
Turtle 2 :[(-2,-2), (2,19), (2,18), (2,17), (1,17), (1,16), (-2,-2), (-2,-2), (-2,-2)]
Turtle 3 :[(-3,-3), (9,31), (9,32), (9,33), (10,33), (10,34), (11,34), (10,34), (10,35)]
Turtle 4 :[(-4,-4), (8,37), (9,37), (10,37), (10,36), (10,35), (10,34), (-4,-4), (-4,-4)]
Turtle 5 :[(-5,-5), (32,40), (31,40), (30,40), (29,40), (28,40), (27,40), (-5,-5), (-5,-5)]

Shrinking Run 60
#Info# Executed steps before collision: 10, Found collision: false
Turtle 1 :[(-1,-1), (32,10), (32,9), (31,9), (31,8), (30,8), (29,8), (-1,-1), (-1,-1), (-1,-1), (-1,-1)]
Turtle 2 :[(-2,-2), (2,19), (2,20), (2,21), (2,20), (1,20), (-2,-2), (-2,-2), (-2,-2), (-2,-2), (-2,-2)]
Turtle 3 :[(-3,-3), (9,31), (9,32), (9,33), (10,33), (10,34), (9,34), (8,34), (9,34), (9,35), (10,35)]
Turtle 4 :[(-4,-4), (8,37), (9,37), (10,37), (10,36), (10,35), (10,34), (-4,-4), (-4,-4), (-4,-4), (-4,-4)]
Turtle 5 :[(-5,-5), (32,40), (31,40), (30,40), (29,40), (28,40), (27,40), (-5,-5), (-5,-5), (-5,-5), (-5,-5)]

Shrinking Run 61
#Info# Executed steps before collision: 6, Found collision: true
Turtle 1 :[(-1,-1), (32,10), (32,9), (31,9), (31,8), (30,8), (29,8), (-1,-1)]
Turtle 2 :[(-2,-2), (2,19), (2,20), (2,21), (1,21), (1,22), (-2,-2), (-2,-2)]
Turtle 3 :[(-3,-3), (9,31), (9,32), (9,33), (10,33), (10,34), (10,34), (10,35)]
Turtle 4 :[(-4,-4), (8,37), (9,37), (10,37), (10,36), (10,35), (10,34), (-4,-4)]
Turtle 5 :[(-5,-5), (32,40), (31,40), (30,40), (29,40), (28,40), (27,40), (-5,-5)]

Shrinking Run 62
#Info# Executed steps before collision: 6, Found collision: true
Turtle 1 :[(-1,-1), (32,10), (32,9), (31,9), (31,8), (30,8), (29,8), (-1,-1)]
Turtle 2 :[(-2,-2), (2,19), (2,20), (2,21), (2,22), (2,21), (1,21), (-2,-2)]
Turtle 3 :[(-3,-3), (9,31), (9,32), (9,33), (10,33), (10,34), (10,35), (-3,-3)]
Turtle 4 :[(-4,-4), (8,37), (9,37), (10,37), (10,36), (10,35), (10,35), (10,34)]
Turtle 5 :[(-5,-5), (32,40), (31,40), (30,40), (29,40), (28,40), (27,40), (-5,-5)]

Shrinking Run 63
#Info# Executed steps before collision: 6, Found collision: true
Turtle 1 :[(-1,-1), (32,10), (32,9), (31,9), (31,8), (30,8), (29,8), (-1,-1)]
Turtle 2 :[(-2,-2), (2,19), (2,20), (1,20), (0,20), (0,21), (-2,-2), (-2,-2)]
Turtle 3 :[(-3,-3), (9,31), (9,32), (9,33), (10,33), (10,34), (10,34), (10,35)]
Turtle 4 :[(-4,-4), (8,37), (9,37), (10,37), (10,36), (10,35), (10,34), (-4,-4)]
Turtle 5 :[(-5,-5), (32,40), (31,40), (30,40), (29,40), (28,40), (27,40), (-5,-5)]

Shrinking Run 64
#Info# Executed steps before collision: 10, Found collision: false
Turtle 1 :[(-1,-1), (32,10), (32,9), (31,9), (31,8), (30,8), (29,8), (-1,-1), (-1,-1), (-1,-1), (-1,-1)]
Turtle 2 :[(-2,-2), (2,19), (2,18), (2,17), (1,17), (1,16), (0,16), (-2,-2), (-2,-2), (-2,-2), (-2,-2)]
Turtle 3 :[(-3,-3), (9,31), (9,32), (9,33), (10,33), (10,34), (10,33), (10,32), (10,33), (10,34), (10,35)]
Turtle 4 :[(-4,-4), (8,37), (9,37), (10,37), (10,36), (10,35), (10,34), (-4,-4), (-4,-4), (-4,-4), (-4,-4)]
Turtle 5 :[(-5,-5), (32,40), (31,40), (30,40), (29,40), (28,40), (27,40), (-5,-5), (-5,-5), (-5,-5), (-5,-5)]

Shrinking Run 65
#Info# Executed steps before collision: 8, Found collision: false
Turtle 1 :[(-1,-1), (32,10), (32,9), (31,9), (31,8), (30,8), (29,8), (-1,-1), (-1,-1)]
Turtle 2 :[(-2,-2), (2,19), (1,19), (1,20), (1,21), (1,20), (0,20), (-2,-2), (-2,-2)]
Turtle 3 :[(-3,-3), (9,31), (9,32), (9,33), (10,33), (10,34), (11,34), (11,35), (10,35)]
Turtle 4 :[(-4,-4), (8,37), (9,37), (10,37), (10,36), (10,35), (10,34), (-4,-4), (-4,-4)]
Turtle 5 :[(-5,-5), (32,40), (31,40), (30,40), (29,40), (28,40), (27,40), (-5,-5), (-5,-5)]

Shrinking Run 66
#Info# Executed steps before collision: 10, Found collision: false
Turtle 1 :[(-1,-1), (32,10), (32,9), (31,9), (31,8), (30,8), (29,8), (-1,-1), (-1,-1), (-1,-1), (-1,-1)]
Turtle 2 :[(-2,-2), (2,19), (1,19), (1,20), (0,20), (0,21), (-2,-2), (-2,-2), (-2,-2), (-2,-2), (-2,-2)]
Turtle 3 :[(-3,-3), (9,31), (9,32), (9,33), (10,33), (10,34), (10,33), (9,33), (9,34), (10,34), (10,35)]
Turtle 4 :[(-4,-4), (8,37), (9,37), (10,37), (10,36), (10,35), (10,34), (-4,-4), (-4,-4), (-4,-4), (-4,-4)]
Turtle 5 :[(-5,-5), (32,40), (31,40), (30,40), (29,40), (28,40), (27,40), (-5,-5), (-5,-5), (-5,-5), (-5,-5)]

Shrinking Run 67
#Info# Executed steps before collision: 6, Found collision: false
Turtle 1 :[(-1,-1), (32,10), (32,9), (31,9), (31,8), (30,8), (29,8)]
Turtle 2 :[(-2,-2), (2,19), (2,20), (1,20), (0,20), (0,21), (-2,-2)]
Turtle 3 :[(-3,-3), (9,31), (9,32), (9,33), (10,33), (10,34), (-3,-3)]
Turtle 4 :[(-4,-4), (8,37), (9,37), (10,37), (10,36), (10,35), (10,34)]
Turtle 5 :[(-5,-5), (32,40), (31,40), (30,40), (29,40), (28,40), (27,40)]

Shrinking Run 68
#Info# Executed steps before collision: 9, Found collision: false
Turtle 1 :[(-1,-1), (32,10), (32,9), (31,9), (31,8), (30,8), (29,8), (-1,-1), (-1,-1), (-1,-1)]
Turtle 2 :[(-2,-2), (2,19), (2,20), (1,20), (0,20), (0,21), (-2,-2), (-2,-2), (-2,-2), (-2,-2)]
Turtle 3 :[(-3,-3), (9,31), (9,32), (10,32), (10,33), (10,34), (10,33), (10,33), (10,34), (10,35)]
Turtle 4 :[(-4,-4), (8,37), (9,37), (10,37), (10,36), (10,35), (10,34), (-4,-4), (-4,-4), (-4,-4)]
Turtle 5 :[(-5,-5), (32,40), (31,40), (30,40), (29,40), (28,40), (27,40), (-5,-5), (-5,-5), (-5,-5)]

Shrinking Run 69
#Info# Executed steps before collision: 8, Found collision: false
Turtle 1 :[(-1,-1), (32,10), (32,9), (31,9), (31,8), (30,8), (29,8), (-1,-1), (-1,-1)]
Turtle 2 :[(-2,-2), (2,19), (2,20), (1,20), (0,20), (0,21), (-2,-2), (-2,-2), (-2,-2)]
Turtle 3 :[(-3,-3), (9,31), (10,31), (10,32), (10,33), (10,34), (9,34), (9,35), (10,35)]
Turtle 4 :[(-4,-4), (8,37), (9,37), (10,37), (10,36), (10,35), (10,34), (-4,-4), (-4,-4)]
Turtle 5 :[(-5,-5), (32,40), (31,40), (30,40), (29,40), (28,40), (27,40), (-5,-5), (-5,-5)]

Shrinking Run 70
#Info# Executed steps before collision: 6, Found collision: false
Turtle 1 :[(-1,-1), (32,10), (32,9), (31,9), (31,8), (30,8), (29,8)]
Turtle 2 :[(-2,-2), (2,19), (2,20), (1,20), (0,20), (0,21), (-2,-2)]
Turtle 3 :[(-3,-3), (9,31), (9,32), (9,33), (10,33), (10,34), (10,35)]
Turtle 4 :[(-4,-4), (8,37), (8,36), (9,36), (9,35), (9,34), (9,33)]
Turtle 5 :[(-5,-5), (32,40), (31,40), (30,40), (29,40), (28,40), (27,40)]

Shrinking Run 71
#Info# Executed steps before collision: 10, Found collision: false
Turtle 1 :[(-1,-1), (32,10), (32,9), (31,9), (31,8), (30,8), (29,8), (-1,-1), (-1,-1), (-1,-1), (-1,-1)]
Turtle 2 :[(-2,-2), (2,19), (2,20), (1,20), (0,20), (0,21), (-2,-2), (-2,-2), (-2,-2), (-2,-2), (-2,-2)]
Turtle 3 :[(-3,-3), (9,31), (9,32), (9,33), (10,33), (10,34), (11,34), (11,35), (11,34), (11,35), (10,35)]
Turtle 4 :[(-4,-4), (8,37), (9,37), (10,37), (10,36), (10,35), (9,35), (10,35), (10,34), (-4,-4), (-4,-4)]
Turtle 5 :[(-5,-5), (32,40), (31,40), (31,39), (30,39), (30,38), (29,38), (-5,-5), (-5,-5), (-5,-5), (-5,-5)]

Shrinking Run 72
#Info# Executed steps before collision: 6, Found collision: false
Turtle 1 :[(-1,-1), (32,10), (32,9), (31,9), (31,8), (30,8), (29,8)]
Turtle 2 :[(-2,-2), (2,19), (2,20), (1,20), (0,20), (0,21), (-2,-2)]
Turtle 3 :[(-3,-3), (9,31), (9,32), (9,33), (10,33), (10,34), (10,35)]
Turtle 4 :[(-4,-4), (8,37), (9,37), (10,37), (10,36), (10,35), (10,34)]
Turtle 5 :[(-5,-5), (32,40), (31,40), (31,39), (30,39), (29,39), (28,39)]

Shrinking Run 73
#Info# Executed steps before collision: 7, Found collision: true
Turtle 1 :[(-1,-1), (32,10), (31,10), (31,9), (30,9), (29,9), (28,9), (-1,-1), (-1,-1)]
Turtle 2 :[(-2,-2), (2,19), (2,20), (1,20), (0,20), (0,21), (-2,-2), (-2,-2), (-2,-2)]
Turtle 3 :[(-3,-3), (9,31), (9,32), (9,33), (10,33), (10,34), (11,34), (10,34), (10,35)]
Turtle 4 :[(-4,-4), (8,37), (9,37), (10,37), (10,36), (10,35), (10,35), (10,34), (-4,-4)]
Turtle 5 :[(-5,-5), (32,40), (31,40), (30,40), (29,40), (28,40), (27,40), (-5,-5), (-5,-5)]

Shrinking Run 74
#Info# Executed steps before collision: 6, Found collision: true
Turtle 1 :[(-1,-1), (32,10), (31,10), (31,9), (31,8), (30,8), (29,8), (-1,-1)]
Turtle 2 :[(-2,-2), (2,19), (2,20), (1,20), (0,20), (0,21), (-2,-2), (-2,-2)]
Turtle 3 :[(-3,-3), (9,31), (9,32), (9,33), (10,33), (10,34), (10,34), (10,35)]
Turtle 4 :[(-4,-4), (8,37), (9,37), (10,37), (10,36), (10,35), (10,34), (-4,-4)]
Turtle 5 :[(-5,-5), (32,40), (31,40), (30,40), (29,40), (28,40), (27,40), (-5,-5)]

Shrinking Run 75
#Info# Executed steps before collision: 10, Found collision: false
Turtle 1 :[(-1,-1), (32,10), (31,10), (30,10), (30,9), (29,9), (28,9), (-1,-1), (-1,-1), (-1,-1), (-1,-1)]
Turtle 2 :[(-2,-2), (2,19), (2,20), (1,20), (0,20), (0,21), (-2,-2), (-2,-2), (-2,-2), (-2,-2), (-2,-2)]
Turtle 3 :[(-3,-3), (9,31), (9,32), (9,33), (10,33), (10,34), (10,33), (9,33), (10,33), (10,34), (10,35)]
Turtle 4 :[(-4,-4), (8,37), (9,37), (10,37), (10,36), (10,35), (10,34), (-4,-4), (-4,-4), (-4,-4), (-4,-4)]
Turtle 5 :[(-5,-5), (32,40), (31,40), (30,40), (29,40), (28,40), (27,40), (-5,-5), (-5,-5), (-5,-5), (-5,-5)]

Shrinking Run 76
#Info# Executed steps before collision: 6, Found collision: false
Turtle 1 :[(-1,-1), (32,10), (32,9), (31,9), (30,9), (29,9), (28,9)]
Turtle 2 :[(-2,-2), (2,19), (2,20), (1,20), (0,20), (0,21), (-2,-2)]
Turtle 3 :[(-3,-3), (9,31), (9,32), (9,33), (10,33), (10,34), (10,35)]
Turtle 4 :[(-4,-4), (8,37), (9,37), (10,37), (10,36), (10,35), (10,34)]
Turtle 5 :[(-5,-5), (32,40), (31,40), (30,40), (29,40), (28,40), (27,40)]

Shrinking Run 77
#Info# Executed steps before collision: 6, Found collision: true
Turtle 1 :[(-1,-1), (32,10), (31,10), (31,9), (30,9), (29,9), (28,9), (-1,-1)]
Turtle 2 :[(-2,-2), (2,19), (2,20), (2,21), (1,21), (1,22), (0,22), (-2,-2)]
Turtle 3 :[(-3,-3), (9,31), (9,32), (9,33), (10,33), (10,34), (10,34), (10,35)]
Turtle 4 :[(-4,-4), (8,37), (9,37), (10,37), (10,36), (10,35), (10,34), (-4,-4)]
Turtle 5 :[(-5,-5), (32,40), (31,40), (30,40), (29,40), (28,40), (27,40), (-5,-5)]

Shrinking Run 78
#Info# Executed steps before collision: 6, Found collision: false
Turtle 1 :[(-1,-1), (32,10), (31,10), (31,9), (30,9), (29,9), (28,9)]
Turtle 2 :[(-2,-2), (2,19), (2,18), (2,17), (1,17), (1,16), (0,16)]
Turtle 3 :[(-3,-3), (9,31), (9,32), (9,33), (10,33), (10,34), (10,35)]
Turtle 4 :[(-4,-4), (8,37), (9,37), (10,37), (10,36), (10,35), (10,34)]
Turtle 5 :[(-5,-5), (32,40), (31,40), (30,40), (29,40), (28,40), (27,40)]

Shrinking Run 79
#Info# Executed steps before collision: 6, Found collision: false
Turtle 1 :[(-1,-1), (32,10), (31,10), (31,9), (30,9), (29,9), (28,9)]
Turtle 2 :[(-2,-2), (2,19), (1,19), (1,20), (1,21), (1,20), (0,20)]
Turtle 3 :[(-3,-3), (9,31), (9,32), (9,33), (10,33), (10,34), (10,35)]
Turtle 4 :[(-4,-4), (8,37), (9,37), (10,37), (10,36), (10,35), (10,34)]
Turtle 5 :[(-5,-5), (32,40), (31,40), (30,40), (29,40), (28,40), (27,40)]

Shrinking Run 80
#Info# Executed steps before collision: 6, Found collision: true
Turtle 1 :[(-1,-1), (32,10), (31,10), (31,9), (30,9), (29,9), (28,9), (-1,-1)]
Turtle 2 :[(-2,-2), (2,19), (1,19), (1,20), (0,20), (0,21), (-2,-2), (-2,-2)]
Turtle 3 :[(-3,-3), (9,31), (9,32), (9,33), (10,33), (10,34), (10,34), (10,35)]
Turtle 4 :[(-4,-4), (8,37), (9,37), (10,37), (10,36), (10,35), (10,34), (-4,-4)]
Turtle 5 :[(-5,-5), (32,40), (31,40), (30,40), (29,40), (28,40), (27,40), (-5,-5)]

Shrinking Run 81
#Info# Executed steps before collision: 8, Found collision: false
Turtle 1 :[(-1,-1), (32,10), (31,10), (31,9), (30,9), (29,9), (28,9), (-1,-1), (-1,-1)]
Turtle 2 :[(-2,-2), (2,19), (1,19), (0,19), (0,20), (0,21), (-2,-2), (-2,-2), (-2,-2)]
Turtle 3 :[(-3,-3), (9,31), (9,32), (9,33), (10,33), (10,34), (9,34), (9,35), (10,35)]
Turtle 4 :[(-4,-4), (8,37), (9,37), (10,37), (10,36), (10,35), (10,34), (-4,-4), (-4,-4)]
Turtle 5 :[(-5,-5), (32,40), (31,40), (30,40), (29,40), (28,40), (27,40), (-5,-5), (-5,-5)]

Shrinking Run 82
#Info# Executed steps before collision: 6, Found collision: false
Turtle 1 :[(-1,-1), (32,10), (31,10), (31,9), (30,9), (29,9), (28,9)]
Turtle 2 :[(-2,-2), (2,19), (1,19), (1,20), (0,20), (0,21), (-2,-2)]
Turtle 3 :[(-3,-3), (9,31), (9,32), (9,33), (10,33), (10,34), (-3,-3)]
Turtle 4 :[(-4,-4), (8,37), (9,37), (10,37), (10,36), (10,35), (10,34)]
Turtle 5 :[(-5,-5), (32,40), (31,40), (30,40), (29,40), (28,40), (27,40)]

Shrinking Run 83
#Info# Executed steps before collision: 6, Found collision: true
Turtle 1 :[(-1,-1), (32,10), (31,10), (31,9), (30,9), (29,9), (28,9), (-1,-1)]
Turtle 2 :[(-2,-2), (2,19), (1,19), (1,20), (0,20), (0,21), (-2,-2), (-2,-2)]
Turtle 3 :[(-3,-3), (9,31), (9,32), (10,32), (10,33), (10,34), (10,34), (10,35)]
Turtle 4 :[(-4,-4), (8,37), (9,37), (10,37), (10,36), (10,35), (10,34), (-4,-4)]
Turtle 5 :[(-5,-5), (32,40), (31,40), (30,40), (29,40), (28,40), (27,40), (-5,-5)]

Shrinking Run 84
#Info# Executed steps before collision: 6, Found collision: true
Turtle 1 :[(-1,-1), (32,10), (31,10), (31,9), (30,9), (29,9), (28,9), (-1,-1)]
Turtle 2 :[(-2,-2), (2,19), (1,19), (1,20), (0,20), (0,21), (-2,-2), (-2,-2)]
Turtle 3 :[(-3,-3), (9,31), (10,31), (10,32), (10,33), (10,34), (10,34), (10,35)]
Turtle 4 :[(-4,-4), (8,37), (9,37), (10,37), (10,36), (10,35), (10,34), (-4,-4)]
Turtle 5 :[(-5,-5), (32,40), (31,40), (30,40), (29,40), (28,40), (27,40), (-5,-5)]

Shrinking Run 85
#Info# Executed steps before collision: 7, Found collision: true
Turtle 1 :[(-1,-1), (32,10), (31,10), (31,9), (30,9), (29,9), (28,9), (-1,-1), (-1,-1)]
Turtle 2 :[(-2,-2), (2,19), (1,19), (1,20), (0,20), (0,21), (-2,-2), (-2,-2), (-2,-2)]
Turtle 3 :[(-3,-3), (9,31), (10,31), (10,32), (10,33), (10,34), (10,33), (10,34), (10,35)]
Turtle 4 :[(-4,-4), (8,37), (9,37), (10,37), (10,36), (10,35), (10,35), (10,34), (-4,-4)]
Turtle 5 :[(-5,-5), (32,40), (31,40), (31,39), (30,39), (30,38), (29,38), (-5,-5), (-5,-5)]

Shrinking Run 86
#Info# Executed steps before collision: 8, Found collision: false
Turtle 1 :[(-1,-1), (32,10), (31,10), (31,9), (30,9), (29,9), (28,9), (-1,-1), (-1,-1)]
Turtle 2 :[(-2,-2), (2,19), (1,19), (1,20), (0,20), (0,21), (-2,-2), (-2,-2), (-2,-2)]
Turtle 3 :[(-3,-3), (9,31), (10,31), (10,32), (10,33), (10,34), (11,34), (11,35), (10,35)]
Turtle 4 :[(-4,-4), (8,37), (9,37), (10,37), (10,36), (10,35), (10,34), (-4,-4), (-4,-4)]
Turtle 5 :[(-5,-5), (32,40), (31,40), (31,39), (30,39), (29,39), (29,38), (-5,-5), (-5,-5)]

Shrinking Run 87
#Info# Executed steps before collision: 6, Found collision: false
Turtle 1 :[(-1,-1), (32,10), (31,10), (31,9), (30,9), (29,9), (28,9)]
Turtle 2 :[(-2,-2), (2,19), (1,19), (1,20), (0,20), (0,21), (-2,-2)]
Turtle 3 :[(-3,-3), (9,31), (10,31), (10,32), (10,33), (10,34), (10,35)]
Turtle 4 :[(-4,-4), (8,37), (9,37), (10,37), (10,36), (10,35), (10,34)]
Turtle 5 :[(-5,-5), (32,40), (31,40), (30,40), (29,40), (29,39), (29,38)]

Shrinking Run 88
#Info# Executed steps before collision: 9, Found collision: false
Turtle 1 :[(-1,-1), (32,10), (31,10), (31,9), (30,9), (29,9), (28,9), (-1,-1), (-1,-1), (-1,-1)]
Turtle 2 :[(-2,-2), (2,19), (1,19), (1,20), (0,20), (0,21), (-2,-2), (-2,-2), (-2,-2), (-2,-2)]
Turtle 3 :[(-3,-3), (9,31), (10,31), (10,32), (10,33), (10,34), (11,34), (11,34), (10,34), (10,35)]
Turtle 4 :[(-4,-4), (8,37), (9,37), (10,37), (10,36), (10,35), (10,34), (-4,-4), (-4,-4), (-4,-4)]
Turtle 5 :[(-5,-5), (32,40), (32,39), (32,38), (31,38), (30,38), (29,38), (-5,-5), (-5,-5), (-5,-5)]

Shrinking Run 89
#Info# Executed steps before collision: 6, Found collision: true
Turtle 1 :[(-1,-1), (32,10), (31,10), (31,9), (30,9), (29,9), (28,9), (-1,-1)]
Turtle 2 :[(-2,-2), (2,19), (1,19), (1,20), (0,20), (0,21), (-2,-2), (-2,-2)]
Turtle 3 :[(-3,-3), (9,31), (10,31), (10,32), (10,33), (10,34), (10,34), (10,35)]
Turtle 4 :[(-4,-4), (8,37), (9,37), (10,37), (10,36), (10,35), (10,34), (-4,-4)]
Turtle 5 :[(-5,-5), (32,40), (31,40), (31,39), (31,38), (30,38), (29,38), (-5,-5)]

Shrinking Run 90
#Info# Executed steps before collision: 6, Found collision: true
Turtle 1 :[(-1,-1), (32,10), (31,10), (30,10), (30,9), (29,9), (28,9), (-1,-1)]
Turtle 2 :[(-2,-2), (2,19), (1,19), (1,20), (0,20), (0,21), (-2,-2), (-2,-2)]
Turtle 3 :[(-3,-3), (9,31), (10,31), (10,32), (10,33), (10,34), (10,34), (10,35)]
Turtle 4 :[(-4,-4), (8,37), (9,37), (10,37), (10,36), (10,35), (10,34), (-4,-4)]
Turtle 5 :[(-5,-5), (32,40), (31,40), (31,39), (30,39), (30,38), (29,38), (-5,-5)]

Shrinking Run 91
#Info# Executed steps before collision: 10, Found collision: false
Turtle 1 :[(-1,-1), (32,10), (31,10), (30,10), (29,10), (28,10), (27,10), (-1,-1), (-1,-1), (-1,-1), (-1,-1)]
Turtle 2 :[(-2,-2), (2,19), (1,19), (1,20), (0,20), (0,21), (-2,-2), (-2,-2), (-2,-2), (-2,-2), (-2,-2)]
Turtle 3 :[(-3,-3), (9,31), (10,31), (10,32), (10,33), (10,34), (11,34), (11,33), (10,33), (10,34), (10,35)]
Turtle 4 :[(-4,-4), (8,37), (9,37), (10,37), (10,36), (10,35), (10,34), (-4,-4), (-4,-4), (-4,-4), (-4,-4)]
Turtle 5 :[(-5,-5), (32,40), (31,40), (31,39), (30,39), (30,38), (29,38), (-5,-5), (-5,-5), (-5,-5), (-5,-5)]

Shrinking Run 92
#Info# Executed steps before collision: 8, Found collision: false
Turtle 1 :[(-1,-1), (32,10), (31,10), (30,10), (29,10), (29,9), (28,9), (-1,-1), (-1,-1)]
Turtle 2 :[(-2,-2), (2,19), (1,19), (1,20), (0,20), (0,21), (-2,-2), (-2,-2), (-2,-2)]
Turtle 3 :[(-3,-3), (9,31), (10,31), (10,32), (10,33), (10,34), (9,34), (9,35), (10,35)]
Turtle 4 :[(-4,-4), (8,37), (9,37), (10,37), (10,36), (10,35), (10,34), (-4,-4), (-4,-4)]
Turtle 5 :[(-5,-5), (32,40), (31,40), (31,39), (30,39), (30,38), (29,38), (-5,-5), (-5,-5)]

Shrinking Run 93
#Info# Executed steps before collision: 9, Found collision: false
Turtle 1 :[(-1,-1), (32,10), (31,10), (30,10), (30,9), (29,9), (28,9), (-1,-1), (-1,-1), (-1,-1)]
Turtle 2 :[(-2,-2), (2,19), (2,18), (2,17), (1,17), (1,16), (0,16), (-2,-2), (-2,-2), (-2,-2)]
Turtle 3 :[(-3,-3), (9,31), (10,31), (10,32), (10,33), (10,34), (11,34), (11,34), (10,34), (10,35)]
Turtle 4 :[(-4,-4), (8,37), (9,37), (10,37), (10,36), (10,35), (10,34), (-4,-4), (-4,-4), (-4,-4)]
Turtle 5 :[(-5,-5), (32,40), (31,40), (31,39), (30,39), (30,38), (29,38), (-5,-5), (-5,-5), (-5,-5)]

Shrinking Run 94
#Info# Executed steps before collision: 6, Found collision: false
Turtle 1 :[(-1,-1), (32,10), (31,10), (30,10), (30,9), (29,9), (28,9)]
Turtle 2 :[(-2,-2), (2,19), (1,19), (1,20), (1,21), (1,20), (0,20)]
Turtle 3 :[(-3,-3), (9,31), (10,31), (10,32), (10,33), (10,34), (10,35)]
Turtle 4 :[(-4,-4), (8,37), (9,37), (10,37), (10,36), (10,35), (10,34)]
Turtle 5 :[(-5,-5), (32,40), (31,40), (31,39), (30,39), (30,38), (29,38)]

Shrinking Run 95
#Info# Executed steps before collision: 8, Found collision: false
Turtle 1 :[(-1,-1), (32,10), (31,10), (30,10), (30,9), (29,9), (28,9), (-1,-1), (-1,-1)]
Turtle 2 :[(-2,-2), (2,19), (1,19), (0,19), (0,20), (0,21), (-2,-2), (-2,-2), (-2,-2)]
Turtle 3 :[(-3,-3), (9,31), (10,31), (10,32), (10,33), (10,34), (11,34), (11,35), (10,35)]
Turtle 4 :[(-4,-4), (8,37), (9,37), (10,37), (10,36), (10,35), (10,34), (-4,-4), (-4,-4)]
Turtle 5 :[(-5,-5), (32,40), (31,40), (31,39), (30,39), (30,38), (29,38), (-5,-5), (-5,-5)]

Shrinking Run 96
#Info# Executed steps before collision: 6, Found collision: false
Turtle 1 :[(-1,-1), (32,10), (31,10), (30,10), (30,9), (29,9), (28,9)]
Turtle 2 :[(-2,-2), (2,19), (1,19), (1,20), (0,20), (0,21), (-2,-2)]
Turtle 3 :[(-3,-3), (9,31), (9,32), (9,33), (10,33), (10,34), (-3,-3)]
Turtle 4 :[(-4,-4), (8,37), (9,37), (10,37), (10,36), (10,35), (10,34)]
Turtle 5 :[(-5,-5), (32,40), (31,40), (31,39), (30,39), (30,38), (29,38)]

Shrinking Run 97
#Info# Executed steps before collision: 6, Found collision: true
Turtle 1 :[(-1,-1), (32,10), (31,10), (30,10), (30,9), (29,9), (28,9), (-1,-1), (-1,-1), (-1,-1)]
Turtle 2 :[(-2,-2), (2,19), (1,19), (1,20), (0,20), (0,21), (-2,-2), (-2,-2), (-2,-2), (-2,-2)]
Turtle 3 :[(-3,-3), (9,31), (10,31), (10,32), (10,33), (10,34), (10,35), (-3,-3), (-3,-3), (-3,-3)]
Turtle 4 :[(-4,-4), (8,37), (9,37), (10,37), (10,36), (10,35), (10,35), (10,36), (10,35), (10,34)]
Turtle 5 :[(-5,-5), (32,40), (31,40), (31,39), (30,39), (29,39), (29,38), (-5,-5), (-5,-5), (-5,-5)]

Shrinking Run 98
#Info# Executed steps before collision: 11, Found collision: false
Turtle 1 :[(-1,-1), (32,10), (31,10), (30,10), (30,9), (29,9), (28,9), (-1,-1), (-1,-1), (-1,-1), (-1,-1), (-1,-1)]
Turtle 2 :[(-2,-2), (2,19), (1,19), (1,20), (0,20), (0,21), (-2,-2), (-2,-2), (-2,-2), (-2,-2), (-2,-2), (-2,-2)]
Turtle 3 :[(-3,-3), (9,31), (10,31), (10,32), (10,33), (10,34), (11,34), (10,34), (10,35), (-3,-3), (-3,-3), (-3,-3)]
Turtle 4 :[(-4,-4), (8,37), (9,37), (10,37), (10,36), (10,35), (11,35), (11,36), (11,35), (11,35), (10,35), (10,34)]
Turtle 5 :[(-5,-5), (32,40), (31,40), (30,40), (29,40), (28,40), (28,39), (-5,-5), (-5,-5), (-5,-5), (-5,-5), (-5,-5)]

Shrinking Run 99
#Info# Executed steps before collision: 6, Found collision: true
Turtle 1 :[(-1,-1), (32,10), (31,10), (30,10), (30,9), (29,9), (28,9), (-1,-1)]
Turtle 2 :[(-2,-2), (2,19), (1,19), (1,20), (0,20), (0,21), (-2,-2), (-2,-2)]
Turtle 3 :[(-3,-3), (9,31), (10,31), (10,32), (10,33), (10,34), (10,35), (-3,-3)]
Turtle 4 :[(-4,-4), (8,37), (9,37), (10,37), (10,36), (10,35), (10,35), (10,34)]
Turtle 5 :[(-5,-5), (32,40), (31,40), (31,39), (30,39), (29,39), (28,39), (-5,-5)]

Shrinking Run 100
#Info# Executed steps before collision: 8, Found collision: false
Turtle 1 :[(-1,-1), (32,10), (31,10), (30,10), (30,9), (29,9), (28,9), (-1,-1), (-1,-1)]
Turtle 2 :[(-2,-2), (2,19), (1,19), (1,20), (0,20), (0,21), (-2,-2), (-2,-2), (-2,-2)]
Turtle 3 :[(-3,-3), (9,31), (10,31), (10,32), (10,33), (10,34), (10,33), (10,34), (10,35)]
Turtle 4 :[(-4,-4), (8,37), (9,37), (10,37), (10,36), (10,35), (9,35), (9,34), (10,34)]
Turtle 5 :[(-5,-5), (32,40), (31,40), (30,40), (30,39), (29,39), (28,39), (-5,-5), (-5,-5)]

Shrinking Run 101
#Info# Executed steps before collision: 6, Found collision: false
Turtle 1 :[(-1,-1), (32,10), (31,10), (30,10), (29,10), (28,10), (27,10)]
Turtle 2 :[(-2,-2), (2,19), (1,19), (1,20), (0,20), (0,21), (-2,-2)]
Turtle 3 :[(-3,-3), (9,31), (10,31), (10,32), (10,33), (10,34), (10,35)]
Turtle 4 :[(-4,-4), (8,37), (9,37), (10,37), (10,36), (10,35), (10,34)]
Turtle 5 :[(-5,-5), (32,40), (31,40), (31,39), (30,39), (29,39), (28,39)]

Shrinking Run 102
#Info# Executed steps before collision: 6, Found collision: true
Turtle 1 :[(-1,-1), (32,10), (31,10), (30,10), (29,10), (29,9), (28,9), (-1,-1)]
Turtle 2 :[(-2,-2), (2,19), (1,19), (1,20), (0,20), (0,21), (-2,-2), (-2,-2)]
Turtle 3 :[(-3,-3), (9,31), (10,31), (10,32), (10,33), (10,34), (10,34), (10,35)]
Turtle 4 :[(-4,-4), (8,37), (9,37), (10,37), (10,36), (10,35), (10,34), (-4,-4)]
Turtle 5 :[(-5,-5), (32,40), (31,40), (31,39), (30,39), (29,39), (28,39), (-5,-5)]

Shrinking Run 103
#Info# Executed steps before collision: 6, Found collision: false
Turtle 1 :[(-1,-1), (32,10), (31,10), (30,10), (29,10), (29,9), (28,9)]
Turtle 2 :[(-2,-2), (2,19), (2,18), (2,17), (1,17), (1,16), (0,16)]
Turtle 3 :[(-3,-3), (9,31), (10,31), (10,32), (10,33), (10,34), (10,35)]
Turtle 4 :[(-4,-4), (8,37), (9,37), (10,37), (10,36), (10,35), (10,34)]
Turtle 5 :[(-5,-5), (32,40), (31,40), (31,39), (30,39), (29,39), (28,39)]

Shrinking Run 104
#Info# Executed steps before collision: 8, Found collision: false
Turtle 1 :[(-1,-1), (32,10), (31,10), (30,10), (29,10), (29,9), (28,9), (-1,-1), (-1,-1)]
Turtle 2 :[(-2,-2), (2,19), (1,19), (1,20), (1,21), (1,20), (0,20), (-2,-2), (-2,-2)]
Turtle 3 :[(-3,-3), (9,31), (10,31), (10,32), (10,33), (10,34), (11,34), (11,35), (10,35)]
Turtle 4 :[(-4,-4), (8,37), (9,37), (10,37), (10,36), (10,35), (10,34), (-4,-4), (-4,-4)]
Turtle 5 :[(-5,-5), (32,40), (31,40), (31,39), (30,39), (29,39), (28,39), (-5,-5), (-5,-5)]

Shrinking Run 105
#Info# Executed steps before collision: 6, Found collision: true
Turtle 1 :[(-1,-1), (32,10), (31,10), (30,10), (29,10), (29,9), (28,9), (-1,-1)]
Turtle 2 :[(-2,-2), (2,19), (1,19), (0,19), (0,20), (0,21), (-2,-2), (-2,-2)]
Turtle 3 :[(-3,-3), (9,31), (10,31), (10,32), (10,33), (10,34), (10,34), (10,35)]
Turtle 4 :[(-4,-4), (8,37), (9,37), (10,37), (10,36), (10,35), (10,34), (-4,-4)]
Turtle 5 :[(-5,-5), (32,40), (31,40), (31,39), (30,39), (29,39), (28,39), (-5,-5)]

Shrinking Run 106
#Info# Executed steps before collision: 6, Found collision: false
Turtle 1 :[(-1,-1), (32,10), (31,10), (30,10), (29,10), (29,9), (28,9)]
Turtle 2 :[(-2,-2), (2,19), (1,19), (0,19), (0,20), (0,21), (-2,-2)]
Turtle 3 :[(-3,-3), (9,31), (9,32), (9,33), (10,33), (10,34), (-3,-3)]
Turtle 4 :[(-4,-4), (8,37), (9,37), (10,37), (10,36), (10,35), (10,34)]
Turtle 5 :[(-5,-5), (32,40), (31,40), (31,39), (30,39), (29,39), (28,39)]

Shrinking Run 107
#Info# Executed steps before collision: 10, Found collision: false
Turtle 1 :[(-1,-1), (32,10), (31,10), (30,10), (29,10), (29,9), (28,9), (-1,-1), (-1,-1), (-1,-1), (-1,-1)]
Turtle 2 :[(-2,-2), (2,19), (1,19), (0,19), (0,20), (0,21), (-2,-2), (-2,-2), (-2,-2), (-2,-2), (-2,-2)]
Turtle 3 :[(-3,-3), (9,31), (10,31), (10,32), (10,33), (10,34), (10,33), (10,32), (10,33), (10,34), (10,35)]
Turtle 4 :[(-4,-4), (8,37), (9,37), (10,37), (10,36), (10,35), (10,34), (-4,-4), (-4,-4), (-4,-4), (-4,-4)]
Turtle 5 :[(-5,-5), (32,40), (31,40), (30,40), (29,40), (28,40), (28,39), (-5,-5), (-5,-5), (-5,-5), (-5,-5)]

Shrinking Run 108
#Info# Executed steps before collision: 6, Found collision: false
Turtle 1 :[(-1,-1), (32,10), (31,10), (30,10), (29,10), (29,9), (28,9)]
Turtle 2 :[(-2,-2), (2,19), (1,19), (0,19), (0,20), (0,21), (-2,-2)]
Turtle 3 :[(-3,-3), (9,31), (10,31), (10,32), (10,33), (10,34), (10,35)]
Turtle 4 :[(-4,-4), (8,37), (9,37), (10,37), (10,36), (10,35), (10,34)]
Turtle 5 :[(-5,-5), (32,40), (31,40), (30,40), (30,39), (29,39), (28,39)]

Shrink Run 109
#Info# Executed steps before collision: 8, Found collision: false
Turtle 1 :[(-1,-1), (32,10), (31,10), (30,10), (29,10), (28,10), (27,10), (-1,-1), (-1,-1)]
Turtle 2 :[(-2,-2), (2,19), (1,19), (0,19), (0,20), (0,21), (-2,-2), (-2,-2), (-2,-2)]
Turtle 3 :[(-3,-3), (9,31), (10,31), (10,32), (10,33), (10,34), (10,35), (-3,-3), (-3,-3)]
Turtle 4 :[(-4,-4), (8,37), (9,37), (10,37), (10,36), (10,35), (10,36), (10,35), (10,34)]
Turtle 5 :[(-5,-5), (32,40), (31,40), (31,39), (30,39), (29,39), (28,39), (-5,-5), (-5,-5)]

