Shrinking Run 1
#Info# Executed steps before collision: 4, Found collision: true
Turtle 1 :[(-1,-1), (27,33), (26,33), (26,32), (25,32), (25,31), (24,31), (-1,-1), (-1,-1), (-1,-1)]
Turtle 2 :[(-2,-2), (25,10), (25,10), (24,10), (24,11), (24,12), (24,12), (23,12), (-2,-2), (-2,-2)]
Turtle 3 :[(-3,-3), (40,21), (41,21), (41,22), (42,22), (43,22), (-3,-3), (-3,-3), (-3,-3), (-3,-3)]
Turtle 4 :[(-4,-4), (44,23), (43,23), (43,22), (42,22), (42,22), (42,22), (41,22), (41,22), (41,21)]
Turtle 5 :[(-5,-5), (42,16), (43,16), (44,16), (44,15), (44,14), (44,13), (-5,-5), (-5,-5), (-5,-5)]

Shrinking Run 2
#Info# Executed steps before collision: 4, Found collision: true
Turtle 1 :[(-1,-1), (27,33), (26,33), (26,32), (25,32), (24,32), (24,31), (-1,-1), (-1,-1), (-1,-1), (-1,-1)]
Turtle 2 :[(-2,-2), (25,10), (25,10), (24,10), (24,11), (24,12), (24,12), (23,12), (-2,-2), (-2,-2), (-2,-2)]
Turtle 3 :[(-3,-3), (40,21), (41,21), (41,22), (42,22), (43,22), (-3,-3), (-3,-3), (-3,-3), (-3,-3), (-3,-3)]
Turtle 4 :[(-4,-4), (44,23), (43,23), (43,22), (42,22), (42,22), (42,22), (42,22), (41,22), (41,22), (41,21)]
Turtle 5 :[(-5,-5), (42,16), (43,16), (44,16), (44,15), (44,14), (44,13), (-5,-5), (-5,-5), (-5,-5), (-5,-5)]

Shrinking Run 3
#Info# Executed steps before collision: 4, Found collision: true
Turtle 1 :[(-1,-1), (27,33), (26,33), (25,33), (24,33), (23,33), (23,32), (-1,-1), (-1,-1), (-1,-1)]
Turtle 2 :[(-2,-2), (25,10), (25,10), (24,10), (24,11), (24,12), (24,12), (23,12), (-2,-2), (-2,-2)]
Turtle 3 :[(-3,-3), (40,21), (41,21), (41,22), (42,22), (43,22), (-3,-3), (-3,-3), (-3,-3), (-3,-3)]
Turtle 4 :[(-4,-4), (44,23), (43,23), (43,22), (42,22), (42,22), (43,22), (43,21), (42,21), (41,21)]
Turtle 5 :[(-5,-5), (42,16), (43,16), (44,16), (44,15), (44,14), (44,13), (-5,-5), (-5,-5), (-5,-5)]

Shrinking Run 4
#Info# Executed steps before collision: 4, Found collision: true
Turtle 1 :[(-1,-1), (27,33), (26,33), (25,33), (24,33), (23,33), (22,33), (-1,-1), (-1,-1), (-1,-1)]
Turtle 2 :[(-2,-2), (25,10), (25,10), (24,10), (24,11), (24,12), (24,12), (23,12), (-2,-2), (-2,-2)]
Turtle 3 :[(-3,-3), (40,21), (41,21), (41,22), (42,22), (43,22), (-3,-3), (-3,-3), (-3,-3), (-3,-3)]
Turtle 4 :[(-4,-4), (44,23), (43,23), (43,22), (42,22), (42,22), (42,23), (42,22), (41,22), (41,21)]
Turtle 5 :[(-5,-5), (42,16), (43,16), (44,16), (44,15), (44,14), (44,13), (-5,-5), (-5,-5), (-5,-5)]

Shrinking Run 5
#Info# Executed steps before collision: 4, Found collision: true
Turtle 1 :[(-1,-1), (27,33), (26,33), (25,33), (24,33), (23,33), (22,33), (-1,-1), (-1,-1), (-1,-1)]
Turtle 2 :[(-2,-2), (25,10), (25,10), (24,10), (24,11), (23,11), (23,11), (22,11), (22,12), (-2,-2)]
Turtle 3 :[(-3,-3), (40,21), (41,21), (41,22), (42,22), (43,22), (-3,-3), (-3,-3), (-3,-3), (-3,-3)]
Turtle 4 :[(-4,-4), (44,23), (43,23), (43,22), (42,22), (42,22), (42,22), (41,22), (41,22), (41,21)]
Turtle 5 :[(-5,-5), (42,16), (43,16), (44,16), (44,15), (44,14), (44,13), (-5,-5), (-5,-5), (-5,-5)]

Shrinking Run 6
#Info# Executed steps before collision: 4, Found collision: true
Turtle 1 :[(-1,-1), (27,33), (26,33), (25,33), (24,33), (23,33), (22,33), (-1,-1), (-1,-1), (-1,-1)]
Turtle 2 :[(-2,-2), (25,10), (25,10), (24,10), (24,9), (23,9), (23,9), (23,8), (23,7), (-2,-2)]
Turtle 3 :[(-3,-3), (40,21), (41,21), (41,22), (42,22), (43,22), (-3,-3), (-3,-3), (-3,-3), (-3,-3)]
Turtle 4 :[(-4,-4), (44,23), (43,23), (43,22), (42,22), (42,22), (42,23), (42,22), (42,21), (41,21)]
Turtle 5 :[(-5,-5), (42,16), (43,16), (44,16), (44,15), (44,14), (44,13), (-5,-5), (-5,-5), (-5,-5)]

Shrinking Run 7
#Info# Executed steps before collision: 4, Found collision: true
Turtle 1 :[(-1,-1), (27,33), (26,33), (25,33), (24,33), (23,33), (22,33), (-1,-1), (-1,-1)]
Turtle 2 :[(-2,-2), (25,10), (25,10), (24,10), (24,9), (23,9), (23,9), (22,9), (22,8)]
Turtle 3 :[(-3,-3), (40,21), (41,21), (41,22), (42,22), (43,22), (-3,-3), (-3,-3), (-3,-3)]
Turtle 4 :[(-4,-4), (44,23), (43,23), (43,22), (42,22), (42,21), (41,21), (-4,-4), (-4,-4)]
Turtle 5 :[(-5,-5), (42,16), (43,16), (44,16), (44,15), (44,14), (44,13), (-5,-5), (-5,-5)]

Shrinking Run 8
#Info# Executed steps before collision: 8, Found collision: false
Turtle 1 :[(-1,-1), (27,33), (26,33), (25,33), (24,33), (23,33), (22,33), (-1,-1), (-1,-1)]
Turtle 2 :[(-2,-2), (25,10), (25,10), (24,10), (23,10), (23,9), (23,9), (22,9), (22,8)]
Turtle 3 :[(-3,-3), (40,21), (41,21), (41,22), (42,22), (43,22), (-3,-3), (-3,-3), (-3,-3)]
Turtle 4 :[(-4,-4), (44,23), (43,23), (43,22), (44,22), (44,21), (43,21), (42,21), (41,21)]
Turtle 5 :[(-5,-5), (42,16), (43,16), (44,16), (44,15), (44,14), (44,13), (-5,-5), (-5,-5)]

Shrinking Run 9
#Info# Executed steps before collision: 4, Found collision: true
Turtle 1 :[(-1,-1), (27,33), (26,33), (25,33), (24,33), (23,33), (22,33), (-1,-1), (-1,-1), (-1,-1)]
Turtle 2 :[(-2,-2), (25,10), (25,10), (24,10), (24,9), (23,9), (23,9), (22,9), (21,9), (-2,-2)]
Turtle 3 :[(-3,-3), (40,21), (41,21), (41,22), (42,22), (43,22), (-3,-3), (-3,-3), (-3,-3), (-3,-3)]
Turtle 4 :[(-4,-4), (44,23), (43,23), (43,22), (42,22), (42,22), (42,22), (41,22), (41,22), (41,21)]
Turtle 5 :[(-5,-5), (42,16), (43,16), (44,16), (44,15), (44,14), (44,13), (-5,-5), (-5,-5), (-5,-5)]

Shrinking Run 10
#Info# Executed steps before collision: 4, Found collision: true
Turtle 1 :[(-1,-1), (27,33), (26,33), (25,33), (24,33), (23,33), (22,33), (-1,-1), (-1,-1), (-1,-1)]
Turtle 2 :[(-2,-2), (25,10), (24,10), (24,9), (23,9), (22,9), (21,9), (-2,-2), (-2,-2), (-2,-2)]
Turtle 3 :[(-3,-3), (40,21), (41,21), (41,22), (42,22), (43,22), (-3,-3), (-3,-3), (-3,-3), (-3,-3)]
Turtle 4 :[(-4,-4), (44,23), (43,23), (43,22), (42,22), (42,22), (42,22), (41,22), (41,22), (41,21)]
Turtle 5 :[(-5,-5), (42,16), (43,16), (44,16), (44,15), (44,14), (44,13), (-5,-5), (-5,-5), (-5,-5)]

Shrinking Run 11
#Info# Executed steps before collision: 4, Found collision: true
Turtle 1 :[(-1,-1), (27,33), (26,33), (25,33), (24,33), (23,33), (22,33), (-1,-1), (-1,-1), (-1,-1)]
Turtle 2 :[(-2,-2), (25,10), (24,10), (23,10), (23,9), (22,9), (21,9), (-2,-2), (-2,-2), (-2,-2)]
Turtle 3 :[(-3,-3), (40,21), (41,21), (41,22), (42,22), (43,22), (-3,-3), (-3,-3), (-3,-3), (-3,-3)]
Turtle 4 :[(-4,-4), (44,23), (43,23), (43,22), (42,22), (42,22), (42,22), (41,22), (41,22), (41,21)]
Turtle 5 :[(-5,-5), (42,16), (43,16), (44,16), (44,15), (44,14), (44,13), (-5,-5), (-5,-5), (-5,-5)]

Shrinking Run 12
#Info# Executed steps before collision: 9, Found collision: false
Turtle 1 :[(-1,-1), (27,33), (26,33), (25,33), (24,33), (23,33), (22,33), (-1,-1), (-1,-1), (-1,-1)]
Turtle 2 :[(-2,-2), (25,10), (24,10), (24,9), (23,9), (22,9), (21,9), (-2,-2), (-2,-2), (-2,-2)]
Turtle 3 :[(-3,-3), (40,21), (40,22), (41,22), (-3,-3), (-3,-3), (-3,-3), (-3,-3), (-3,-3), (-3,-3)]
Turtle 4 :[(-4,-4), (44,23), (43,23), (43,22), (42,22), (42,22), (42,22), (41,22), (41,22), (41,21)]
Turtle 5 :[(-5,-5), (42,16), (43,16), (44,16), (44,15), (44,14), (44,13), (-5,-5), (-5,-5), (-5,-5)]

Shrinking Run 13
#Info# Executed steps before collision: 4, Found collision: true
Turtle 1 :[(-1,-1), (27,33), (26,33), (25,33), (24,33), (23,33), (22,33), (-1,-1), (-1,-1), (-1,-1)]
Turtle 2 :[(-2,-2), (25,10), (24,10), (24,9), (23,9), (22,9), (21,9), (-2,-2), (-2,-2), (-2,-2)]
Turtle 3 :[(-3,-3), (40,21), (40,22), (41,22), (42,22), (-3,-3), (-3,-3), (-3,-3), (-3,-3), (-3,-3)]
Turtle 4 :[(-4,-4), (44,23), (43,23), (43,22), (42,22), (42,22), (42,22), (41,22), (41,22), (41,21)]
Turtle 5 :[(-5,-5), (42,16), (43,16), (44,16), (44,15), (44,14), (44,13), (-5,-5), (-5,-5), (-5,-5)]

Shrinking Run 14
#Info# Executed steps before collision: 9, Found collision: false
Turtle 1 :[(-1,-1), (27,33), (26,33), (25,33), (24,33), (23,33), (22,33), (-1,-1), (-1,-1), (-1,-1)]
Turtle 2 :[(-2,-2), (25,10), (24,10), (24,9), (23,9), (22,9), (21,9), (-2,-2), (-2,-2), (-2,-2)]
Turtle 3 :[(-3,-3), (40,21), (40,20), (41,20), (42,20), (-3,-3), (-3,-3), (-3,-3), (-3,-3), (-3,-3)]
Turtle 4 :[(-4,-4), (44,23), (43,23), (43,22), (42,22), (42,22), (42,22), (41,22), (41,22), (41,21)]
Turtle 5 :[(-5,-5), (42,16), (43,16), (44,16), (44,15), (44,14), (44,13), (-5,-5), (-5,-5), (-5,-5)]

Shrinking Run 15
#Info# Executed steps before collision: 9, Found collision: false
Turtle 1 :[(-1,-1), (27,33), (26,33), (25,33), (24,33), (23,33), (22,33), (-1,-1), (-1,-1), (-1,-1)]
Turtle 2 :[(-2,-2), (25,10), (24,10), (24,9), (23,9), (22,9), (21,9), (-2,-2), (-2,-2), (-2,-2)]
Turtle 3 :[(-3,-3), (40,21), (41,21), (42,21), (-3,-3), (-3,-3), (-3,-3), (-3,-3), (-3,-3), (-3,-3)]
Turtle 4 :[(-4,-4), (44,23), (43,23), (43,22), (42,22), (42,22), (42,22), (41,22), (41,22), (41,21)]
Turtle 5 :[(-5,-5), (42,16), (43,16), (44,16), (44,15), (44,14), (44,13), (-5,-5), (-5,-5), (-5,-5)]

Shrinking Run 16
#Info# Executed steps before collision: 8, Found collision: false
Turtle 1 :[(-1,-1), (27,33), (26,33), (25,33), (24,33), (23,33), (22,33), (-1,-1), (-1,-1)]
Turtle 2 :[(-2,-2), (25,10), (24,10), (24,9), (23,9), (22,9), (21,9), (-2,-2), (-2,-2)]
Turtle 3 :[(-3,-3), (40,21), (41,21), (41,22), (42,22), (-3,-3), (-3,-3), (-3,-3), (-3,-3)]
Turtle 4 :[(-4,-4), (44,23), (43,23), (43,22), (44,22), (44,21), (43,21), (42,21), (41,21)]
Turtle 5 :[(-5,-5), (42,16), (43,16), (44,16), (44,15), (44,14), (44,13), (-5,-5), (-5,-5)]

Shrinking Run 17
#Info# Executed steps before collision: 9, Found collision: false
Turtle 1 :[(-1,-1), (27,33), (26,33), (25,33), (24,33), (23,33), (22,33), (-1,-1), (-1,-1), (-1,-1)]
Turtle 2 :[(-2,-2), (25,10), (24,10), (24,9), (23,9), (22,9), (21,9), (-2,-2), (-2,-2), (-2,-2)]
Turtle 3 :[(-3,-3), (40,21), (40,22), (41,22), (42,22), (-3,-3), (-3,-3), (-3,-3), (-3,-3), (-3,-3)]
Turtle 4 :[(-4,-4), (44,23), (43,23), (42,23), (41,23), (41,23), (41,23), (40,23), (40,23), (40,22)]
Turtle 5 :[(-5,-5), (42,16), (43,16), (44,16), (44,15), (44,14), (44,13), (-5,-5), (-5,-5), (-5,-5)]

Shrinking Run 18
#Info# Executed steps before collision: 4, Found collision: true
Turtle 1 :[(-1,-1), (27,33), (26,33), (25,33), (24,33), (23,33), (22,33), (-1,-1), (-1,-1), (-1,-1)]
Turtle 2 :[(-2,-2), (25,10), (24,10), (24,9), (23,9), (22,9), (21,9), (-2,-2), (-2,-2), (-2,-2)]
Turtle 3 :[(-3,-3), (40,21), (40,22), (41,22), (42,22), (-3,-3), (-3,-3), (-3,-3), (-3,-3), (-3,-3)]
Turtle 4 :[(-4,-4), (44,23), (43,23), (43,22), (42,22), (42,22), (42,22), (41,22), (41,22), (40,22)]
Turtle 5 :[(-5,-5), (42,16), (43,16), (44,16), (44,15), (44,14), (44,13), (-5,-5), (-5,-5), (-5,-5)]

Shrinking Run 19
#Info# Executed steps before collision: 4, Found collision: true
Turtle 1 :[(-1,-1), (27,33), (26,33), (25,33), (24,33), (23,33), (22,33)]
Turtle 2 :[(-2,-2), (25,10), (24,10), (24,9), (23,9), (22,9), (21,9)]
Turtle 3 :[(-3,-3), (40,21), (40,22), (41,22), (42,22), (-3,-3), (-3,-3)]
Turtle 4 :[(-4,-4), (44,23), (43,23), (43,22), (42,22), (41,22), (40,22)]
Turtle 5 :[(-5,-5), (42,16), (43,16), (44,16), (44,15), (44,14), (44,13)]

Shrinking Run 20
#Info# Executed steps before collision: 4, Found collision: true
Turtle 1 :[(-1,-1), (27,33), (26,33), (25,33), (24,33), (23,33), (22,33)]
Turtle 2 :[(-2,-2), (25,10), (24,10), (24,9), (23,9), (22,9), (21,9)]
Turtle 3 :[(-3,-3), (40,21), (40,22), (41,22), (42,22), (-3,-3), (-3,-3)]
Turtle 4 :[(-4,-4), (44,23), (43,23), (43,22), (42,22), (41,22), (40,22)]
Turtle 5 :[(-5,-5), (42,16), (41,16), (40,16), (40,15), (40,14), (40,13)]

Shrinking Run 21
#Info# Executed steps before collision: 4, Found collision: true
Turtle 1 :[(-1,-1), (27,33), (26,33), (25,33), (24,33), (23,33), (22,33)]
Turtle 2 :[(-2,-2), (25,10), (24,10), (24,9), (23,9), (22,9), (21,9)]
Turtle 3 :[(-3,-3), (40,21), (40,22), (41,22), (42,22), (-3,-3), (-3,-3)]
Turtle 4 :[(-4,-4), (44,23), (43,23), (43,22), (42,22), (41,22), (40,22)]
Turtle 5 :[(-5,-5), (42,16), (42,15), (41,15), (41,14), (41,13), (41,12)]

Shrinking Run 22
#Info# Executed steps before collision: 4, Found collision: true
Turtle 1 :[(-1,-1), (27,33), (26,33), (25,33), (24,33), (23,33), (22,33)]
Turtle 2 :[(-2,-2), (25,10), (24,10), (24,9), (23,9), (22,9), (21,9)]
Turtle 3 :[(-3,-3), (40,21), (40,22), (41,22), (42,22), (-3,-3), (-3,-3)]
Turtle 4 :[(-4,-4), (44,23), (43,23), (43,22), (42,22), (41,22), (40,22)]
Turtle 5 :[(-5,-5), (42,16), (42,15), (41,15), (40,15), (40,14), (40,13)]

Shrinking Run 23
#Info# Executed steps before collision: 4, Found collision: true
Turtle 1 :[(-1,-1), (27,33), (26,33), (25,33), (24,33), (23,33), (22,33)]
Turtle 2 :[(-2,-2), (25,10), (24,10), (24,9), (23,9), (22,9), (21,9)]
Turtle 3 :[(-3,-3), (40,21), (40,22), (41,22), (42,22), (-3,-3), (-3,-3)]
Turtle 4 :[(-4,-4), (44,23), (43,23), (43,22), (42,22), (41,22), (40,22)]
Turtle 5 :[(-5,-5), (42,16), (42,15), (41,15), (40,15), (39,15), (39,14)]

Shrinking Run 24
#Info# Executed steps before collision: 4, Found collision: true
Turtle 1 :[(-1,-1), (27,33), (26,33), (25,33), (24,33), (23,33), (22,33)]
Turtle 2 :[(-2,-2), (25,10), (24,10), (24,9), (23,9), (22,9), (21,9)]
Turtle 3 :[(-3,-3), (40,21), (40,22), (41,22), (42,22), (-3,-3), (-3,-3)]
Turtle 4 :[(-4,-4), (44,23), (43,23), (43,22), (42,22), (41,22), (40,22)]
Turtle 5 :[(-5,-5), (42,16), (41,16), (40,16), (39,16), (38,16), (38,15)]

Shrinking Run 25
#Info# Executed steps before collision: 4, Found collision: true
Turtle 1 :[(-1,-1), (27,33), (26,33), (25,33), (24,33), (23,33), (22,33)]
Turtle 2 :[(-2,-2), (25,10), (24,10), (24,9), (23,9), (22,9), (21,9)]
Turtle 3 :[(-3,-3), (40,21), (40,22), (41,22), (42,22), (-3,-3), (-3,-3)]
Turtle 4 :[(-4,-4), (44,23), (43,23), (43,22), (42,22), (41,22), (40,22)]
Turtle 5 :[(-5,-5), (42,16), (41,16), (40,16), (39,16), (38,16), (37,16)]

Shrinking Run 26
#Info# Executed steps before collision: 4, Found collision: true
Turtle 1 :[(-1,-1), (27,33), (26,33), (25,33), (24,33), (23,33), (22,33), (-1,-1), (-1,-1)]
Turtle 2 :[(-2,-2), (25,10), (25,10), (24,10), (23,10), (23,9), (23,9), (22,9), (22,8)]
Turtle 3 :[(-3,-3), (40,21), (40,22), (41,22), (42,22), (-3,-3), (-3,-3), (-3,-3), (-3,-3)]
Turtle 4 :[(-4,-4), (44,23), (43,23), (43,22), (42,22), (41,22), (40,22), (-4,-4), (-4,-4)]
Turtle 5 :[(-5,-5), (42,16), (41,16), (40,16), (39,16), (38,16), (37,16), (-5,-5), (-5,-5)]

Shrinking Run 27
#Info# Executed steps before collision: 9, Found collision: false
Turtle 1 :[(-1,-1), (27,33), (26,33), (25,33), (24,33), (23,33), (22,33), (-1,-1), (-1,-1), (-1,-1)]
Turtle 2 :[(-2,-2), (25,10), (25,10), (24,10), (23,10), (22,10), (22,10), (21,10), (21,9), (-2,-2)]
Turtle 3 :[(-3,-3), (40,21), (40,22), (41,22), (42,22), (-3,-3), (-3,-3), (-3,-3), (-3,-3), (-3,-3)]
Turtle 4 :[(-4,-4), (44,23), (43,23), (43,22), (44,22), (44,22), (43,22), (42,22), (41,22), (40,22)]
Turtle 5 :[(-5,-5), (42,16), (41,16), (40,16), (39,16), (38,16), (37,16), (-5,-5), (-5,-5), (-5,-5)]

Shrinking Run 28
#Info# Executed steps before collision: 4, Found collision: true
Turtle 1 :[(-1,-1), (27,33), (26,33), (25,33), (24,33), (23,33), (22,33), (-1,-1), (-1,-1)]
Turtle 2 :[(-2,-2), (25,10), (25,10), (24,10), (23,10), (23,9), (23,9), (22,9), (21,9)]
Turtle 3 :[(-3,-3), (40,21), (40,22), (41,22), (42,22), (-3,-3), (-3,-3), (-3,-3), (-3,-3)]
Turtle 4 :[(-4,-4), (44,23), (43,23), (43,22), (42,22), (41,22), (40,22), (-4,-4), (-4,-4)]
Turtle 5 :[(-5,-5), (42,16), (41,16), (40,16), (39,16), (38,16), (37,16), (-5,-5), (-5,-5)]

Shrinking Run 29
#Info# Executed steps before collision: 4, Found collision: true
Turtle 1 :[(-1,-1), (27,33), (26,33), (25,33), (24,33), (23,33), (22,33)]
Turtle 2 :[(-2,-2), (25,10), (25,9), (24,9), (23,9), (22,9), (21,9)]
Turtle 3 :[(-3,-3), (40,21), (40,22), (41,22), (42,22), (-3,-3), (-3,-3)]
Turtle 4 :[(-4,-4), (44,23), (43,23), (43,22), (42,22), (41,22), (40,22)]
Turtle 5 :[(-5,-5), (42,16), (41,16), (40,16), (39,16), (38,16), (37,16)]

Shrinking Run 30
#Info# Executed steps before collision: 4, Found collision: true
Turtle 1 :[(-1,-1), (27,33), (26,33), (25,33), (24,33), (23,33), (22,33)]
Turtle 2 :[(-2,-2), (25,10), (24,10), (23,10), (22,10), (22,9), (21,9)]
Turtle 3 :[(-3,-3), (40,21), (40,22), (41,22), (42,22), (-3,-3), (-3,-3)]
Turtle 4 :[(-4,-4), (44,23), (43,23), (43,22), (42,22), (41,22), (40,22)]
Turtle 5 :[(-5,-5), (42,16), (41,16), (40,16), (39,16), (38,16), (37,16)]

Shrinking Run 31
#Info# Executed steps before collision: 6, Found collision: false
Turtle 1 :[(-1,-1), (27,33), (26,33), (25,33), (24,33), (23,33), (22,33)]
Turtle 2 :[(-2,-2), (25,10), (24,10), (23,10), (22,10), (22,9), (21,9)]
Turtle 3 :[(-3,-3), (40,21), (40,22), (41,22), (-3,-3), (-3,-3), (-3,-3)]
Turtle 4 :[(-4,-4), (44,23), (43,23), (43,22), (42,22), (41,22), (40,22)]
Turtle 5 :[(-5,-5), (42,16), (41,16), (40,16), (39,16), (38,16), (37,16)]

Shrinking Run 32
#Info# Executed steps before collision: 6, Found collision: false
Turtle 1 :[(-1,-1), (27,33), (26,33), (25,33), (24,33), (23,33), (22,33)]
Turtle 2 :[(-2,-2), (25,10), (24,10), (23,10), (22,10), (22,9), (21,9)]
Turtle 3 :[(-3,-3), (40,21), (40,20), (41,20), (42,20), (-3,-3), (-3,-3)]
Turtle 4 :[(-4,-4), (44,23), (43,23), (43,22), (42,22), (41,22), (40,22)]
Turtle 5 :[(-5,-5), (42,16), (41,16), (40,16), (39,16), (38,16), (37,16)]

Shrinking Run 33
#Info# Executed steps before collision: 8, Found collision: false
Turtle 1 :[(-1,-1), (27,33), (26,33), (25,33), (24,33), (23,33), (22,33), (-1,-1), (-1,-1)]
Turtle 2 :[(-2,-2), (25,10), (24,10), (23,10), (22,10), (22,9), (21,9), (-2,-2), (-2,-2)]
Turtle 3 :[(-3,-3), (40,21), (41,21), (42,21), (-3,-3), (-3,-3), (-3,-3), (-3,-3), (-3,-3)]
Turtle 4 :[(-4,-4), (44,23), (43,23), (43,22), (43,23), (42,23), (41,23), (41,22), (40,22)]
Turtle 5 :[(-5,-5), (42,16), (41,16), (40,16), (39,16), (38,16), (37,16), (-5,-5), (-5,-5)]

Shrinking Run 34
#Info# Executed steps before collision: 4, Found collision: true
Turtle 1 :[(-1,-1), (27,33), (26,33), (25,33), (24,33), (23,33), (22,33)]
Turtle 2 :[(-2,-2), (25,10), (24,10), (23,10), (22,10), (22,9), (21,9)]
Turtle 3 :[(-3,-3), (40,21), (41,21), (41,22), (42,22), (-3,-3), (-3,-3)]
Turtle 4 :[(-4,-4), (44,23), (43,23), (43,22), (42,22), (41,22), (40,22)]
Turtle 5 :[(-5,-5), (42,16), (41,16), (40,16), (39,16), (38,16), (37,16)]

Shrinking Run 35
#Info# Executed steps before collision: 4, Found collision: true
Turtle 1 :[(-1,-1), (27,33), (26,33), (25,33), (24,33), (23,33), (22,33)]
Turtle 2 :[(-2,-2), (25,10), (24,10), (23,10), (22,10), (22,9), (21,9)]
Turtle 3 :[(-3,-3), (40,21), (41,21), (42,21), (42,22), (-3,-3), (-3,-3)]
Turtle 4 :[(-4,-4), (44,23), (43,23), (43,22), (42,22), (41,22), (40,22)]
Turtle 5 :[(-5,-5), (42,16), (41,16), (40,16), (39,16), (38,16), (37,16)]

Shrinking Run 36
#Info# Executed steps before collision: 9, Found collision: false
Turtle 1 :[(-1,-1), (27,33), (26,33), (25,33), (24,33), (23,33), (22,33), (-1,-1), (-1,-1), (-1,-1)]
Turtle 2 :[(-2,-2), (25,10), (24,10), (23,10), (22,10), (22,9), (21,9), (-2,-2), (-2,-2), (-2,-2)]
Turtle 3 :[(-3,-3), (40,21), (41,21), (42,21), (42,22), (-3,-3), (-3,-3), (-3,-3), (-3,-3), (-3,-3)]
Turtle 4 :[(-4,-4), (44,23), (43,23), (42,23), (41,23), (41,23), (41,23), (40,23), (40,23), (40,22)]
Turtle 5 :[(-5,-5), (42,16), (41,16), (40,16), (39,16), (38,16), (37,16), (-5,-5), (-5,-5), (-5,-5)]

Shrinking Run 37
#Info# Executed steps before collision: 4, Found collision: true
Turtle 1 :[(-1,-1), (27,33), (26,33), (25,33), (24,33), (23,33), (22,33), (-1,-1), (-1,-1)]
Turtle 2 :[(-2,-2), (25,10), (25,10), (24,10), (23,10), (22,10), (22,10), (21,10), (21,9)]
Turtle 3 :[(-3,-3), (40,21), (41,21), (42,21), (42,22), (-3,-3), (-3,-3), (-3,-3), (-3,-3)]
Turtle 4 :[(-4,-4), (44,23), (43,23), (43,22), (42,22), (43,22), (42,22), (41,22), (40,22)]
Turtle 5 :[(-5,-5), (42,16), (41,16), (40,16), (39,16), (38,16), (37,16), (-5,-5), (-5,-5)]

Shrinking Run 38
#Info# Executed steps before collision: 4, Found collision: true
Turtle 1 :[(-1,-1), (27,33), (26,33), (25,33), (24,33), (23,33), (22,33), (-1,-1), (-1,-1)]
Turtle 2 :[(-2,-2), (25,10), (25,10), (24,10), (23,10), (22,10), (22,10), (21,10), (20,10)]
Turtle 3 :[(-3,-3), (40,21), (41,21), (42,21), (42,22), (-3,-3), (-3,-3), (-3,-3), (-3,-3)]
Turtle 4 :[(-4,-4), (44,23), (43,23), (43,22), (42,22), (42,21), (41,21), (41,22), (40,22)]
Turtle 5 :[(-5,-5), (42,16), (41,16), (40,16), (39,16), (38,16), (37,16), (-5,-5), (-5,-5)]

Shrinking Run 39
#Info# Executed steps before collision: 4, Found collision: true
Turtle 1 :[(-1,-1), (27,33), (26,33), (25,33), (24,33), (23,33), (22,33)]
Turtle 2 :[(-2,-2), (25,10), (24,10), (23,10), (22,10), (21,10), (20,10)]
Turtle 3 :[(-3,-3), (40,21), (41,21), (42,21), (42,22), (-3,-3), (-3,-3)]
Turtle 4 :[(-4,-4), (44,23), (43,23), (43,22), (42,22), (41,22), (40,22)]
Turtle 5 :[(-5,-5), (42,16), (41,16), (40,16), (39,16), (38,16), (37,16)]

Shrinking Run 40
#Info# Executed steps before collision: 6, Found collision: false
Turtle 1 :[(-1,-1), (27,33), (26,33), (25,33), (24,33), (23,33), (22,33)]
Turtle 2 :[(-2,-2), (25,10), (24,10), (23,10), (22,10), (21,10), (20,10)]
Turtle 3 :[(-3,-3), (40,21), (40,22), (41,22), (-3,-3), (-3,-3), (-3,-3)]
Turtle 4 :[(-4,-4), (44,23), (43,23), (43,22), (42,22), (41,22), (40,22)]
Turtle 5 :[(-5,-5), (42,16), (41,16), (40,16), (39,16), (38,16), (37,16)]

Shrinking Run 41
#Info# Executed steps before collision: 6, Found collision: false
Turtle 1 :[(-1,-1), (27,33), (26,33), (25,33), (24,33), (23,33), (22,33)]
Turtle 2 :[(-2,-2), (25,10), (24,10), (23,10), (22,10), (21,10), (20,10)]
Turtle 3 :[(-3,-3), (40,21), (40,20), (41,20), (42,20), (-3,-3), (-3,-3)]
Turtle 4 :[(-4,-4), (44,23), (43,23), (43,22), (42,22), (41,22), (40,22)]
Turtle 5 :[(-5,-5), (42,16), (41,16), (40,16), (39,16), (38,16), (37,16)]

Shrinking Run 42
#Info# Executed steps before collision: 6, Found collision: false
Turtle 1 :[(-1,-1), (27,33), (26,33), (25,33), (24,33), (23,33), (22,33)]
Turtle 2 :[(-2,-2), (25,10), (24,10), (23,10), (22,10), (21,10), (20,10)]
Turtle 3 :[(-3,-3), (40,21), (41,21), (42,21), (-3,-3), (-3,-3), (-3,-3)]
Turtle 4 :[(-4,-4), (44,23), (43,23), (43,22), (42,22), (41,22), (40,22)]
Turtle 5 :[(-5,-5), (42,16), (41,16), (40,16), (39,16), (38,16), (37,16)]

Shrink Run 43
#Info# Executed steps before collision: 9, Found collision: false
Turtle 1 :[(-1,-1), (27,33), (26,33), (25,33), (24,33), (23,33), (22,33), (-1,-1), (-1,-1), (-1,-1)]
Turtle 2 :[(-2,-2), (25,10), (24,10), (23,10), (22,10), (21,10), (20,10), (-2,-2), (-2,-2), (-2,-2)]
Turtle 3 :[(-3,-3), (40,21), (41,21), (42,21), (42,22), (-3,-3), (-3,-3), (-3,-3), (-3,-3), (-3,-3)]
Turtle 4 :[(-4,-4), (44,23), (43,23), (42,23), (41,23), (41,23), (41,23), (40,23), (40,23), (40,22)]
Turtle 5 :[(-5,-5), (42,16), (41,16), (40,16), (39,16), (38,16), (37,16), (-5,-5), (-5,-5), (-5,-5)]

