Shrinking Run 1
#Info# Executed steps before collision: 10, Found collision: false
Turtle 1 :[(-1,-1), (40,36), (39,36), (39,37), (38,37), (38,38), (37,38), (-1,-1), (-1,-1), (-1,-1), (-1,-1)]
Turtle 2 :[(-2,-2), (45,3), (45,3), (45,2), (46,2), (46,1), (47,1), (47,1), (47,1), (47,0), (-2,-2)]
Turtle 3 :[(-3,-3), (36,34), (36,34), (36,35), (36,35), (36,34), (36,35), (37,35), (37,36), (37,37), (37,38)]
Turtle 4 :[(-4,-4), (36,35), (36,36), (36,36), (36,37), (36,37), (36,37), (36,38), (36,39), (-4,-4), (-4,-4)]
Turtle 5 :[(-5,-5), (44,3), (44,2), (44,2), (44,2), (44,3), (44,2), (45,2), (45,1), (-5,-5), (-5,-5)]

Shrinking Run 2
#Info# Executed steps before collision: 6, Found collision: true
Turtle 1 :[(-1,-1), (40,36), (40,37), (40,38), (39,38), (39,39), (38,39), (-1,-1), (-1,-1), (-1,-1), (-1,-1), (-1,-1)]
Turtle 2 :[(-2,-2), (45,3), (45,3), (45,2), (46,2), (46,1), (47,1), (47,1), (47,1), (47,0), (-2,-2), (-2,-2)]
Turtle 3 :[(-3,-3), (36,34), (36,34), (36,35), (36,35), (36,36), (36,37), (36,38), (36,38), (36,38), (37,38), (-3,-3)]
Turtle 4 :[(-4,-4), (36,35), (36,36), (36,36), (36,37), (36,37), (36,37), (36,37), (36,36), (36,37), (36,38), (36,39)]
Turtle 5 :[(-5,-5), (44,3), (44,2), (44,2), (44,2), (45,2), (45,2), (45,2), (45,2), (45,1), (-5,-5), (-5,-5)]

Shrinking Run 3
#Info# Executed steps before collision: 6, Found collision: true
Turtle 1 :[(-1,-1), (40,36), (40,35), (40,34), (39,34), (39,33), (38,33), (-1,-1), (-1,-1), (-1,-1), (-1,-1), (-1,-1)]
Turtle 2 :[(-2,-2), (45,3), (45,3), (45,2), (46,2), (46,1), (47,1), (47,1), (47,1), (47,0), (-2,-2), (-2,-2)]
Turtle 3 :[(-3,-3), (36,34), (36,34), (36,35), (36,35), (36,36), (36,37), (36,38), (36,38), (36,38), (37,38), (-3,-3)]
Turtle 4 :[(-4,-4), (36,35), (36,36), (36,36), (36,37), (36,37), (36,37), (36,37), (36,36), (36,37), (36,38), (36,39)]
Turtle 5 :[(-5,-5), (44,3), (44,2), (44,2), (44,2), (44,3), (45,3), (45,2), (45,1), (-5,-5), (-5,-5), (-5,-5)]

Shrinking Run 4
#Info# Executed steps before collision: 10, Found collision: false
Turtle 1 :[(-1,-1), (40,36), (39,36), (39,35), (38,35), (38,34), (37,34), (-1,-1), (-1,-1), (-1,-1), (-1,-1)]
Turtle 2 :[(-2,-2), (45,3), (45,3), (45,2), (46,2), (46,1), (47,1), (47,1), (47,1), (47,0), (-2,-2)]
Turtle 3 :[(-3,-3), (36,34), (36,34), (36,35), (36,35), (35,35), (36,35), (37,35), (37,36), (37,37), (37,38)]
Turtle 4 :[(-4,-4), (36,35), (36,36), (36,36), (36,37), (36,37), (36,37), (36,38), (36,39), (-4,-4), (-4,-4)]
Turtle 5 :[(-5,-5), (44,3), (44,2), (44,2), (44,2), (45,2), (45,2), (45,2), (45,2), (45,1), (-5,-5)]

Shrinking Run 5
#Info# Executed steps before collision: 6, Found collision: true
Turtle 1 :[(-1,-1), (40,36), (40,35), (39,35), (38,35), (38,34), (37,34), (-1,-1), (-1,-1), (-1,-1), (-1,-1), (-1,-1)]
Turtle 2 :[(-2,-2), (45,3), (45,3), (45,2), (46,2), (46,1), (47,1), (47,1), (47,1), (47,0), (-2,-2), (-2,-2)]
Turtle 3 :[(-3,-3), (36,34), (36,34), (36,35), (36,35), (36,36), (36,37), (36,38), (36,38), (36,38), (37,38), (-3,-3)]
Turtle 4 :[(-4,-4), (36,35), (36,36), (36,36), (36,37), (36,37), (36,37), (36,37), (35,37), (35,38), (35,39), (36,39)]
Turtle 5 :[(-5,-5), (44,3), (44,2), (44,2), (44,2), (44,2), (45,2), (45,2), (45,2), (45,2), (45,1), (-5,-5)]

Shrinking Run 6
#Info# Executed steps before collision: 10, Found collision: false
Turtle 1 :[(-1,-1), (40,36), (40,35), (39,35), (38,35), (37,35), (36,35), (-1,-1), (-1,-1), (-1,-1), (-1,-1)]
Turtle 2 :[(-2,-2), (45,3), (45,3), (45,2), (46,2), (46,1), (47,1), (47,1), (47,1), (47,0), (-2,-2)]
Turtle 3 :[(-3,-3), (36,34), (36,34), (36,35), (36,35), (36,36), (36,37), (36,38), (36,38), (36,38), (37,38)]
Turtle 4 :[(-4,-4), (36,35), (36,36), (36,36), (36,37), (36,37), (37,37), (37,38), (37,39), (36,39), (-4,-4)]
Turtle 5 :[(-5,-5), (44,3), (44,2), (44,2), (44,2), (43,2), (43,1), (44,1), (45,1), (-5,-5), (-5,-5)]

Shrinking Run 7
#Info# Executed steps before collision: 10, Found collision: false
Turtle 1 :[(-1,-1), (40,36), (39,36), (38,36), (38,35), (38,34), (37,34), (-1,-1), (-1,-1), (-1,-1), (-1,-1)]
Turtle 2 :[(-2,-2), (45,3), (45,3), (45,2), (46,2), (46,1), (47,1), (47,1), (47,1), (47,0), (-2,-2)]
Turtle 3 :[(-3,-3), (36,34), (36,34), (36,35), (36,35), (35,35), (36,35), (36,36), (37,36), (37,37), (37,38)]
Turtle 4 :[(-4,-4), (36,35), (36,36), (36,36), (36,37), (36,37), (36,37), (36,38), (36,39), (-4,-4), (-4,-4)]
Turtle 5 :[(-5,-5), (44,3), (44,2), (44,2), (44,2), (45,2), (45,2), (45,2), (45,2), (45,1), (-5,-5)]

Shrinking Run 8
#Info# Executed steps before collision: 6, Found collision: true
Turtle 1 :[(-1,-1), (40,36), (40,35), (39,35), (38,35), (38,34), (37,34), (-1,-1), (-1,-1), (-1,-1), (-1,-1), (-1,-1), (-1,-1)]
Turtle 2 :[(-2,-2), (45,3), (45,4), (45,3), (44,3), (43,3), (43,2), (42,2), (42,1), (-2,-2), (-2,-2), (-2,-2), (-2,-2)]
Turtle 3 :[(-3,-3), (36,34), (36,34), (36,35), (36,35), (36,36), (36,37), (36,38), (36,38), (36,38), (35,38), (36,38), (37,38)]
Turtle 4 :[(-4,-4), (36,35), (36,36), (36,36), (36,37), (36,37), (36,37), (37,37), (37,38), (38,38), (37,38), (37,39), (36,39)]
Turtle 5 :[(-5,-5), (44,3), (44,2), (44,2), (44,2), (45,2), (45,2), (45,2), (45,2), (45,1), (-5,-5), (-5,-5), (-5,-5)]

Shrinking Run 9
#Info# Executed steps before collision: 11, Found collision: false
Turtle 1 :[(-1,-1), (40,36), (40,35), (39,35), (38,35), (38,34), (37,34), (-1,-1), (-1,-1), (-1,-1), (-1,-1), (-1,-1)]
Turtle 2 :[(-2,-2), (45,3), (45,3), (45,2), (45,3), (44,3), (43,3), (43,2), (43,1), (42,1), (-2,-2), (-2,-2)]
Turtle 3 :[(-3,-3), (36,34), (36,34), (36,35), (36,35), (36,36), (36,37), (36,38), (36,38), (36,38), (37,38), (-3,-3)]
Turtle 4 :[(-4,-4), (36,35), (36,36), (36,36), (36,37), (36,37), (35,37), (36,37), (36,36), (36,37), (36,38), (36,39)]
Turtle 5 :[(-5,-5), (44,3), (44,2), (44,2), (44,2), (45,2), (45,2), (45,2), (45,2), (45,1), (-5,-5), (-5,-5)]

Shrinking Run 10
#Info# Executed steps before collision: 11, Found collision: false
Turtle 1 :[(-1,-1), (40,36), (40,35), (39,35), (38,35), (38,34), (37,34), (-1,-1), (-1,-1), (-1,-1), (-1,-1), (-1,-1)]
Turtle 2 :[(-2,-2), (45,3), (44,3), (43,3), (43,2), (42,2), (42,1), (-2,-2), (-2,-2), (-2,-2), (-2,-2), (-2,-2)]
Turtle 3 :[(-3,-3), (36,34), (36,34), (36,35), (36,35), (36,36), (36,37), (36,37), (36,38), (36,38), (36,38), (37,38)]
Turtle 4 :[(-4,-4), (36,35), (36,36), (36,36), (36,37), (36,37), (36,38), (36,39), (-4,-4), (-4,-4), (-4,-4), (-4,-4)]
Turtle 5 :[(-5,-5), (44,3), (44,2), (44,2), (44,2), (45,2), (45,2), (45,2), (45,2), (45,1), (-5,-5), (-5,-5)]

Shrinking Run 11
#Info# Executed steps before collision: 10, Found collision: false
Turtle 1 :[(-1,-1), (40,36), (40,35), (39,35), (38,35), (38,34), (37,34), (-1,-1), (-1,-1), (-1,-1), (-1,-1)]
Turtle 2 :[(-2,-2), (45,3), (44,3), (43,3), (42,3), (42,2), (42,1), (-2,-2), (-2,-2), (-2,-2), (-2,-2)]
Turtle 3 :[(-3,-3), (36,34), (36,34), (36,35), (36,35), (35,35), (36,35), (36,36), (36,37), (37,37), (37,38)]
Turtle 4 :[(-4,-4), (36,35), (36,36), (36,36), (36,37), (36,37), (36,37), (36,38), (36,39), (-4,-4), (-4,-4)]
Turtle 5 :[(-5,-5), (44,3), (44,2), (44,2), (44,2), (45,2), (45,2), (45,2), (45,2), (45,1), (-5,-5)]

Shrinking Run 12
#Info# Executed steps before collision: 12, Found collision: false
Turtle 1 :[(-1,-1), (40,36), (40,35), (39,35), (38,35), (38,34), (37,34), (-1,-1), (-1,-1), (-1,-1), (-1,-1), (-1,-1), (-1,-1)]
Turtle 2 :[(-2,-2), (45,3), (45,3), (45,2), (45,1), (44,1), (43,1), (42,1), (-2,-2), (-2,-2), (-2,-2), (-2,-2), (-2,-2)]
Turtle 3 :[(-3,-3), (36,34), (36,34), (36,35), (36,35), (36,36), (36,37), (36,38), (36,38), (36,38), (37,38), (-3,-3), (-3,-3)]
Turtle 4 :[(-4,-4), (36,35), (36,36), (36,36), (36,37), (36,37), (36,36), (36,37), (36,37), (35,37), (36,37), (36,38), (36,39)]
Turtle 5 :[(-5,-5), (44,3), (44,2), (44,2), (44,2), (45,2), (45,2), (45,2), (45,2), (45,1), (-5,-5), (-5,-5), (-5,-5)]

Shrinking Run 13
#Info# Executed steps before collision: 13, Found collision: false
Turtle 1 :[(-1,-1), (40,36), (40,35), (39,35), (38,35), (38,34), (37,34), (-1,-1), (-1,-1), (-1,-1), (-1,-1), (-1,-1), (-1,-1), (-1,-1)]
Turtle 2 :[(-2,-2), (45,3), (45,3), (45,2), (45,2), (45,3), (44,3), (44,2), (44,1), (43,1), (42,1), (-2,-2), (-2,-2), (-2,-2)]
Turtle 3 :[(-3,-3), (36,34), (36,34), (36,35), (36,35), (36,36), (36,37), (36,38), (36,38), (36,38), (37,38), (-3,-3), (-3,-3), (-3,-3)]
Turtle 4 :[(-4,-4), (36,35), (36,36), (36,36), (36,37), (36,37), (36,36), (36,37), (36,36), (36,37), (36,36), (36,37), (36,38), (36,39)]
Turtle 5 :[(-5,-5), (44,3), (44,2), (44,2), (44,2), (44,1), (45,1), (-5,-5), (-5,-5), (-5,-5), (-5,-5), (-5,-5), (-5,-5), (-5,-5)]

Shrinking Run 14
#Info# Executed steps before collision: 10, Found collision: false
Turtle 1 :[(-1,-1), (40,36), (40,35), (39,35), (38,35), (38,34), (37,34), (-1,-1), (-1,-1), (-1,-1), (-1,-1)]
Turtle 2 :[(-2,-2), (45,3), (45,2), (45,1), (44,1), (43,1), (42,1), (-2,-2), (-2,-2), (-2,-2), (-2,-2)]
Turtle 3 :[(-3,-3), (36,34), (36,34), (36,35), (36,35), (36,36), (36,37), (36,36), (36,37), (37,37), (37,38)]
Turtle 4 :[(-4,-4), (36,35), (36,36), (36,36), (36,37), (36,37), (36,38), (36,39), (-4,-4), (-4,-4), (-4,-4)]
Turtle 5 :[(-5,-5), (44,3), (44,2), (44,2), (44,2), (45,2), (45,2), (45,2), (45,2), (45,1), (-5,-5)]

Shrinking Run 15
#Info# Executed steps before collision: 10, Found collision: false
Turtle 1 :[(-1,-1), (40,36), (40,35), (39,35), (38,35), (38,34), (37,34), (-1,-1), (-1,-1), (-1,-1), (-1,-1)]
Turtle 2 :[(-2,-2), (45,3), (44,3), (45,3), (45,2), (45,1), (44,1), (43,1), (42,1), (-2,-2), (-2,-2)]
Turtle 3 :[(-3,-3), (36,34), (36,34), (36,35), (36,35), (36,34), (36,35), (36,36), (36,37), (36,38), (37,38)]
Turtle 4 :[(-4,-4), (36,35), (36,36), (36,36), (36,37), (36,37), (36,37), (36,38), (36,39), (-4,-4), (-4,-4)]
Turtle 5 :[(-5,-5), (44,3), (44,2), (44,2), (44,2), (44,2), (45,2), (45,2), (45,2), (45,2), (45,1)]

Shrinking Run 16
#Info# Executed steps before collision: 6, Found collision: true
Turtle 1 :[(-1,-1), (40,36), (40,35), (39,35), (38,35), (38,34), (37,34), (-1,-1), (-1,-1), (-1,-1), (-1,-1), (-1,-1), (-1,-1)]
Turtle 2 :[(-2,-2), (45,3), (45,2), (45,1), (44,1), (43,1), (42,1), (-2,-2), (-2,-2), (-2,-2), (-2,-2), (-2,-2), (-2,-2)]
Turtle 3 :[(-3,-3), (36,34), (36,34), (36,35), (36,35), (36,36), (36,37), (36,38), (36,38), (36,38), (37,38), (-3,-3), (-3,-3)]
Turtle 4 :[(-4,-4), (36,35), (36,36), (36,36), (36,37), (36,37), (36,37), (36,36), (36,37), (37,37), (36,37), (36,38), (36,39)]
Turtle 5 :[(-5,-5), (44,3), (44,2), (44,2), (44,2), (45,2), (45,2), (45,2), (45,2), (45,1), (-5,-5), (-5,-5), (-5,-5)]

Shrinking Run 17
#Info# Executed steps before collision: 10, Found collision: false
Turtle 1 :[(-1,-1), (40,36), (40,35), (39,35), (38,35), (38,34), (37,34), (-1,-1), (-1,-1), (-1,-1), (-1,-1)]
Turtle 2 :[(-2,-2), (45,3), (45,3), (45,2), (45,1), (44,1), (43,1), (43,1), (43,1), (42,1), (-2,-2)]
Turtle 3 :[(-3,-3), (36,34), (36,34), (36,35), (36,35), (36,36), (36,37), (35,37), (35,37), (35,37), (34,37)]
Turtle 4 :[(-4,-4), (36,35), (36,36), (36,36), (36,37), (36,37), (36,36), (36,37), (36,38), (36,39), (-4,-4)]
Turtle 5 :[(-5,-5), (44,3), (44,2), (44,2), (44,2), (45,2), (45,2), (45,2), (45,2), (45,1), (-5,-5)]

Shrinking Run 18
#Info# Executed steps before collision: 10, Found collision: true
Turtle 1 :[(-1,-1), (40,36), (40,35), (39,35), (38,35), (38,34), (37,34), (-1,-1), (-1,-1), (-1,-1), (-1,-1), (-1,-1), (-1,-1)]
Turtle 2 :[(-2,-2), (45,3), (45,3), (45,2), (45,1), (44,1), (43,1), (43,1), (43,1), (42,1), (-2,-2), (-2,-2), (-2,-2)]
Turtle 3 :[(-3,-3), (36,34), (36,34), (36,35), (36,35), (36,36), (36,37), (36,38), (36,38), (36,38), (35,38), (-3,-3), (-3,-3)]
Turtle 4 :[(-4,-4), (36,35), (36,36), (36,36), (36,37), (36,37), (35,37), (35,38), (35,38), (34,38), (35,38), (35,39), (36,39)]
Turtle 5 :[(-5,-5), (44,3), (44,2), (44,2), (44,2), (45,2), (45,2), (45,2), (45,2), (45,1), (-5,-5), (-5,-5), (-5,-5)]

Shrinking Run 19
#Info# Executed steps before collision: 10, Found collision: false
Turtle 1 :[(-1,-1), (40,36), (40,35), (39,35), (38,35), (38,34), (37,34), (-1,-1), (-1,-1), (-1,-1), (-1,-1)]
Turtle 2 :[(-2,-2), (45,3), (45,3), (45,3), (45,2), (45,1), (44,1), (43,1), (43,1), (43,1), (42,1)]
Turtle 3 :[(-3,-3), (36,34), (36,34), (36,33), (36,33), (36,32), (36,31), (36,30), (36,30), (36,30), (35,30)]
Turtle 4 :[(-4,-4), (36,35), (36,36), (36,36), (36,37), (36,37), (36,37), (36,38), (36,39), (-4,-4), (-4,-4)]
Turtle 5 :[(-5,-5), (44,3), (44,2), (44,2), (44,2), (43,2), (44,2), (44,2), (44,1), (45,1), (-5,-5)]

Shrinking Run 20
#Info# Executed steps before collision: 10, Found collision: false
Turtle 1 :[(-1,-1), (40,36), (40,35), (39,35), (38,35), (38,34), (37,34), (-1,-1), (-1,-1), (-1,-1), (-1,-1)]
Turtle 2 :[(-2,-2), (45,3), (45,3), (45,2), (45,1), (44,1), (43,1), (43,1), (43,1), (42,1), (-2,-2)]
Turtle 3 :[(-3,-3), (36,34), (36,34), (36,33), (36,33), (36,32), (36,31), (35,31), (35,31), (35,31), (34,31)]
Turtle 4 :[(-4,-4), (36,35), (36,36), (36,36), (36,37), (36,37), (36,37), (36,38), (36,39), (-4,-4), (-4,-4)]
Turtle 5 :[(-5,-5), (44,3), (44,2), (44,2), (44,2), (45,2), (45,2), (45,2), (45,2), (45,1), (-5,-5)]

Shrinking Run 21
#Info# Executed steps before collision: 10, Found collision: false
Turtle 1 :[(-1,-1), (40,36), (40,35), (39,35), (38,35), (38,34), (37,34), (-1,-1), (-1,-1), (-1,-1), (-1,-1)]
Turtle 2 :[(-2,-2), (45,3), (46,3), (46,2), (45,2), (45,1), (44,1), (43,1), (42,1), (-2,-2), (-2,-2)]
Turtle 3 :[(-3,-3), (36,34), (36,34), (36,35), (36,35), (35,35), (34,35), (33,35), (33,35), (33,35), (32,35)]
Turtle 4 :[(-4,-4), (36,35), (36,36), (36,36), (36,37), (36,37), (36,37), (36,38), (36,39), (-4,-4), (-4,-4)]
Turtle 5 :[(-5,-5), (44,3), (44,2), (44,2), (44,2), (45,2), (45,2), (45,2), (45,2), (45,1), (-5,-5)]

Shrinking Run 22
#Info# Executed steps before collision: 10, Found collision: false
Turtle 1 :[(-1,-1), (40,36), (40,35), (39,35), (38,35), (38,34), (37,34), (-1,-1), (-1,-1), (-1,-1), (-1,-1)]
Turtle 2 :[(-2,-2), (45,3), (45,3), (45,2), (45,1), (44,1), (43,1), (43,1), (43,1), (42,1), (-2,-2)]
Turtle 3 :[(-3,-3), (36,34), (36,34), (35,34), (35,34), (35,35), (35,36), (35,37), (35,37), (35,37), (34,37)]
Turtle 4 :[(-4,-4), (36,35), (36,36), (36,36), (36,37), (36,37), (36,37), (36,38), (36,39), (-4,-4), (-4,-4)]
Turtle 5 :[(-5,-5), (44,3), (44,2), (44,2), (44,2), (45,2), (45,2), (45,2), (45,2), (45,1), (-5,-5)]

Shrinking Run 23
#Info# Executed steps before collision: 10, Found collision: false
Turtle 1 :[(-1,-1), (40,36), (40,35), (39,35), (38,35), (38,34), (37,34), (-1,-1), (-1,-1), (-1,-1), (-1,-1)]
Turtle 2 :[(-2,-2), (45,3), (44,3), (43,3), (42,3), (42,2), (42,1), (-2,-2), (-2,-2), (-2,-2), (-2,-2)]
Turtle 3 :[(-3,-3), (36,34), (36,34), (36,35), (36,35), (35,35), (35,36), (35,37), (35,37), (35,37), (34,37)]
Turtle 4 :[(-4,-4), (36,35), (36,36), (36,36), (36,37), (36,37), (36,37), (36,38), (36,39), (-4,-4), (-4,-4)]
Turtle 5 :[(-5,-5), (44,3), (44,2), (44,2), (44,2), (45,2), (45,2), (45,2), (45,2), (45,1), (-5,-5)]

Shrinking Run 24
#Info# Executed steps before collision: 7, Found collision: true
Turtle 1 :[(-1,-1), (40,36), (40,35), (39,35), (38,35), (38,34), (37,34), (-1,-1), (-1,-1), (-1,-1), (-1,-1), (-1,-1)]
Turtle 2 :[(-2,-2), (45,3), (45,3), (45,3), (45,2), (45,1), (45,1), (44,1), (43,1), (43,1), (43,1), (42,1)]
Turtle 3 :[(-3,-3), (36,34), (36,34), (36,35), (36,35), (36,34), (36,35), (36,36), (35,36), (35,37), (34,37), (-3,-3)]
Turtle 4 :[(-4,-4), (36,35), (36,36), (36,36), (36,37), (36,37), (36,37), (36,38), (36,39), (-4,-4), (-4,-4), (-4,-4)]
Turtle 5 :[(-5,-5), (44,3), (44,2), (44,2), (44,2), (44,1), (44,1), (44,1), (45,1), (-5,-5), (-5,-5), (-5,-5)]

Shrinking Run 25
#Info# Executed steps before collision: 9, Found collision: false
Turtle 1 :[(-1,-1), (40,36), (40,35), (39,35), (38,35), (38,34), (37,34), (-1,-1), (-1,-1), (-1,-1)]
Turtle 2 :[(-2,-2), (45,3), (45,3), (45,2), (45,1), (44,1), (43,1), (43,1), (43,1), (42,1)]
Turtle 3 :[(-3,-3), (36,34), (36,35), (35,35), (35,36), (34,36), (34,37), (-3,-3), (-3,-3), (-3,-3)]
Turtle 4 :[(-4,-4), (36,35), (36,36), (36,36), (36,37), (36,37), (36,37), (36,38), (36,39), (-4,-4)]
Turtle 5 :[(-5,-5), (44,3), (44,2), (44,2), (44,2), (45,2), (45,2), (45,2), (45,2), (45,1)]

Shrinking Run 26
#Info# Executed steps before collision: 9, Found collision: false
Turtle 1 :[(-1,-1), (40,36), (40,35), (39,35), (38,35), (38,34), (37,34), (-1,-1), (-1,-1), (-1,-1)]
Turtle 2 :[(-2,-2), (45,3), (45,3), (45,2), (45,1), (44,1), (43,1), (43,1), (43,1), (42,1)]
Turtle 3 :[(-3,-3), (36,34), (35,34), (35,35), (35,35), (35,36), (35,37), (34,37), (-3,-3), (-3,-3)]
Turtle 4 :[(-4,-4), (36,35), (36,36), (36,36), (36,37), (36,37), (36,37), (36,38), (36,39), (-4,-4)]
Turtle 5 :[(-5,-5), (44,3), (44,2), (44,2), (44,2), (45,2), (45,2), (45,2), (45,2), (45,1)]

Shrinking Run 27
#Info# Executed steps before collision: 9, Found collision: false
Turtle 1 :[(-1,-1), (40,36), (40,35), (39,35), (38,35), (38,34), (37,34), (-1,-1), (-1,-1), (-1,-1)]
Turtle 2 :[(-2,-2), (45,3), (45,3), (45,2), (45,1), (44,1), (43,1), (43,1), (43,1), (42,1)]
Turtle 3 :[(-3,-3), (36,34), (36,34), (36,35), (36,35), (36,36), (36,37), (35,37), (34,37), (-3,-3)]
Turtle 4 :[(-4,-4), (36,35), (36,36), (36,36), (36,37), (36,37), (36,38), (36,39), (-4,-4), (-4,-4)]
Turtle 5 :[(-5,-5), (44,3), (44,2), (44,2), (44,2), (45,2), (45,2), (45,2), (45,2), (45,1)]

Shrinking Run 28
#Info# Executed steps before collision: 9, Found collision: false
Turtle 1 :[(-1,-1), (40,36), (40,35), (39,35), (38,35), (38,34), (37,34), (-1,-1), (-1,-1), (-1,-1)]
Turtle 2 :[(-2,-2), (45,3), (45,3), (45,2), (45,1), (44,1), (43,1), (43,1), (43,1), (42,1)]
Turtle 3 :[(-3,-3), (36,34), (36,34), (36,35), (36,35), (36,36), (35,36), (35,37), (35,37), (34,37)]
Turtle 4 :[(-4,-4), (36,35), (36,36), (36,36), (36,37), (36,37), (36,37), (36,38), (36,39), (-4,-4)]
Turtle 5 :[(-5,-5), (44,3), (44,2), (44,2), (44,2), (45,2), (45,2), (45,2), (45,2), (45,1)]

Shrinking Run 29
#Info# Executed steps before collision: 10, Found collision: false
Turtle 1 :[(-1,-1), (40,36), (40,35), (39,35), (38,35), (38,34), (37,34), (-1,-1), (-1,-1), (-1,-1), (-1,-1)]
Turtle 2 :[(-2,-2), (45,3), (45,3), (45,3), (45,2), (45,1), (44,1), (43,1), (43,1), (43,1), (42,1)]
Turtle 3 :[(-3,-3), (36,34), (36,34), (36,35), (37,35), (36,35), (35,35), (34,35), (34,36), (34,37), (-3,-3)]
Turtle 4 :[(-4,-4), (36,35), (36,36), (36,36), (36,37), (36,37), (36,37), (36,38), (36,39), (-4,-4), (-4,-4)]
Turtle 5 :[(-5,-5), (44,3), (44,2), (44,2), (44,2), (44,2), (45,2), (45,2), (45,2), (45,2), (45,1)]

Shrinking Run 30
#Info# Executed steps before collision: 10, Found collision: false
Turtle 1 :[(-1,-1), (40,36), (40,35), (39,35), (38,35), (38,34), (37,34), (-1,-1), (-1,-1), (-1,-1), (-1,-1)]
Turtle 2 :[(-2,-2), (45,3), (46,3), (45,3), (45,2), (45,1), (44,1), (43,1), (42,1), (-2,-2), (-2,-2)]
Turtle 3 :[(-3,-3), (36,34), (35,34), (35,35), (35,35), (35,36), (35,36), (35,37), (35,37), (35,37), (34,37)]
Turtle 4 :[(-4,-4), (36,35), (36,36), (36,36), (36,37), (36,37), (36,37), (36,38), (36,39), (-4,-4), (-4,-4)]
Turtle 5 :[(-5,-5), (44,3), (44,2), (44,2), (44,2), (43,2), (44,2), (45,2), (45,1), (-5,-5), (-5,-5)]

Shrinking Run 31
#Info# Executed steps before collision: 9, Found collision: false
Turtle 1 :[(-1,-1), (40,36), (40,35), (39,35), (38,35), (38,34), (37,34), (-1,-1), (-1,-1), (-1,-1)]
Turtle 2 :[(-2,-2), (45,3), (45,3), (45,2), (45,1), (44,1), (43,1), (43,1), (43,1), (42,1)]
Turtle 3 :[(-3,-3), (36,34), (36,34), (36,35), (35,35), (35,36), (34,36), (34,37), (-3,-3), (-3,-3)]
Turtle 4 :[(-4,-4), (36,35), (36,36), (36,36), (36,37), (36,37), (36,37), (36,38), (36,39), (-4,-4)]
Turtle 5 :[(-5,-5), (44,3), (44,2), (44,2), (44,2), (45,2), (45,2), (45,2), (45,2), (45,1)]

Shrinking Run 32
#Info# Executed steps before collision: 10, Found collision: false
Turtle 1 :[(-1,-1), (40,36), (40,35), (39,35), (38,35), (38,34), (37,34), (-1,-1), (-1,-1), (-1,-1), (-1,-1)]
Turtle 2 :[(-2,-2), (45,3), (45,3), (45,3), (45,2), (45,1), (44,1), (43,1), (43,1), (43,1), (42,1)]
Turtle 3 :[(-3,-3), (36,34), (36,34), (36,35), (35,35), (35,36), (35,36), (35,37), (35,37), (35,37), (34,37)]
Turtle 4 :[(-4,-4), (36,35), (36,36), (36,36), (36,37), (36,37), (36,37), (36,38), (36,39), (-4,-4), (-4,-4)]
Turtle 5 :[(-5,-5), (44,3), (44,2), (44,2), (44,2), (43,2), (44,2), (45,2), (45,1), (-5,-5), (-5,-5)]

Shrinking Run 33
#Info# Executed steps before collision: 6, Found collision: true
Turtle 1 :[(-1,-1), (40,36), (40,35), (39,35), (38,35), (38,34), (37,34), (-1,-1), (-1,-1), (-1,-1), (-1,-1)]
Turtle 2 :[(-2,-2), (45,3), (45,3), (45,2), (45,1), (44,1), (43,1), (43,1), (43,1), (42,1), (-2,-2)]
Turtle 3 :[(-3,-3), (36,34), (36,34), (36,35), (36,35), (36,36), (35,36), (35,37), (35,37), (35,37), (34,37)]
Turtle 4 :[(-4,-4), (36,35), (35,35), (35,35), (35,36), (35,36), (35,36), (35,36), (34,36), (34,37), (33,37)]
Turtle 5 :[(-5,-5), (44,3), (44,2), (44,2), (44,2), (45,2), (45,2), (45,2), (45,2), (45,1), (-5,-5)]

Shrinking Run 34
#Info# Executed steps before collision: 11, Found collision: false
Turtle 1 :[(-1,-1), (40,36), (40,35), (39,35), (38,35), (38,34), (37,34), (-1,-1), (-1,-1), (-1,-1), (-1,-1), (-1,-1)]
Turtle 2 :[(-2,-2), (45,3), (45,2), (45,1), (44,1), (43,1), (42,1), (-2,-2), (-2,-2), (-2,-2), (-2,-2), (-2,-2)]
Turtle 3 :[(-3,-3), (36,34), (36,34), (36,35), (36,35), (36,36), (35,36), (35,37), (35,37), (35,37), (34,37), (-3,-3)]
Turtle 4 :[(-4,-4), (36,35), (35,35), (35,35), (35,34), (35,34), (35,34), (34,34), (34,33), (34,33), (34,33), (34,32)]
Turtle 5 :[(-5,-5), (44,3), (44,2), (44,2), (44,2), (45,2), (45,2), (45,2), (45,2), (45,1), (-5,-5), (-5,-5)]

Shrinking Run 35
#Info# Executed steps before collision: 11, Found collision: false
Turtle 1 :[(-1,-1), (40,36), (40,35), (39,35), (38,35), (38,34), (37,34), (-1,-1), (-1,-1), (-1,-1), (-1,-1), (-1,-1)]
Turtle 2 :[(-2,-2), (45,3), (45,3), (45,2), (45,1), (44,1), (43,1), (43,1), (43,1), (42,1), (-2,-2), (-2,-2)]
Turtle 3 :[(-3,-3), (36,34), (36,34), (36,35), (36,35), (36,36), (35,36), (35,37), (35,37), (35,37), (34,37), (-3,-3)]
Turtle 4 :[(-4,-4), (36,35), (35,35), (35,35), (35,34), (35,34), (35,34), (34,34), (34,33), (34,33), (34,33), (33,33)]
Turtle 5 :[(-5,-5), (44,3), (44,2), (44,2), (44,2), (45,2), (45,2), (45,2), (45,2), (45,1), (-5,-5), (-5,-5)]

Shrinking Run 36
#Info# Executed steps before collision: 11, Found collision: false
Turtle 1 :[(-1,-1), (40,36), (40,35), (39,35), (38,35), (38,34), (37,34), (-1,-1), (-1,-1), (-1,-1), (-1,-1), (-1,-1)]
Turtle 2 :[(-2,-2), (45,3), (45,3), (45,2), (45,1), (44,1), (43,1), (43,1), (43,1), (42,1), (-2,-2), (-2,-2)]
Turtle 3 :[(-3,-3), (36,34), (36,34), (36,35), (36,35), (36,36), (35,36), (35,37), (35,37), (35,37), (34,37), (-3,-3)]
Turtle 4 :[(-4,-4), (36,35), (35,35), (35,35), (34,35), (34,35), (34,35), (33,35), (32,35), (32,35), (32,35), (32,36)]
Turtle 5 :[(-5,-5), (44,3), (44,2), (44,2), (44,2), (43,2), (43,3), (43,2), (44,2), (44,1), (45,1), (-5,-5)]

Shrinking Run 37
#Info# Executed steps before collision: 11, Found collision: false
Turtle 1 :[(-1,-1), (40,36), (40,35), (39,35), (38,35), (38,34), (37,34), (-1,-1), (-1,-1), (-1,-1), (-1,-1), (-1,-1)]
Turtle 2 :[(-2,-2), (45,3), (45,3), (45,2), (45,1), (44,1), (43,1), (43,1), (43,1), (42,1), (-2,-2), (-2,-2)]
Turtle 3 :[(-3,-3), (36,34), (36,34), (36,35), (36,35), (36,34), (35,34), (35,35), (34,35), (34,36), (34,37), (-3,-3)]
Turtle 4 :[(-4,-4), (36,35), (35,35), (35,35), (35,36), (35,36), (35,36), (34,36), (33,36), (33,36), (33,36), (32,36)]
Turtle 5 :[(-5,-5), (44,3), (44,2), (44,2), (44,2), (45,2), (45,2), (45,2), (45,2), (45,1), (-5,-5), (-5,-5)]

Shrinking Run 38
#Info# Executed steps before collision: 11, Found collision: false
Turtle 1 :[(-1,-1), (40,36), (40,35), (39,35), (38,35), (38,34), (37,34), (-1,-1), (-1,-1), (-1,-1), (-1,-1), (-1,-1)]
Turtle 2 :[(-2,-2), (45,3), (45,3), (45,2), (45,1), (44,1), (43,1), (43,1), (43,1), (42,1), (-2,-2), (-2,-2)]
Turtle 3 :[(-3,-3), (36,34), (36,34), (36,35), (36,35), (36,36), (35,36), (35,37), (35,37), (35,37), (34,37), (-3,-3)]
Turtle 4 :[(-4,-4), (36,35), (35,35), (35,35), (34,35), (34,35), (34,35), (33,35), (33,36), (33,36), (33,36), (33,37)]
Turtle 5 :[(-5,-5), (44,3), (44,2), (44,2), (44,2), (45,2), (45,2), (45,2), (45,2), (45,1), (-5,-5), (-5,-5)]

Shrinking Run 39
#Info# Executed steps before collision: 11, Found collision: false
Turtle 1 :[(-1,-1), (40,36), (40,35), (39,35), (38,35), (38,34), (37,34), (-1,-1), (-1,-1), (-1,-1), (-1,-1), (-1,-1)]
Turtle 2 :[(-2,-2), (45,3), (45,3), (45,2), (45,1), (44,1), (43,1), (43,1), (43,1), (42,1), (-2,-2), (-2,-2)]
Turtle 3 :[(-3,-3), (36,34), (36,34), (36,35), (36,35), (36,36), (35,36), (35,36), (35,37), (35,37), (35,37), (34,37)]
Turtle 4 :[(-4,-4), (36,35), (35,35), (35,35), (35,36), (35,36), (35,37), (34,37), (33,37), (-4,-4), (-4,-4), (-4,-4)]
Turtle 5 :[(-5,-5), (44,3), (44,2), (44,2), (44,2), (45,2), (45,2), (45,2), (45,2), (45,1), (-5,-5), (-5,-5)]

Shrinking Run 40
#Info# Executed steps before collision: 10, Found collision: false
Turtle 1 :[(-1,-1), (40,36), (40,35), (39,35), (38,35), (38,34), (37,34), (-1,-1), (-1,-1), (-1,-1), (-1,-1)]
Turtle 2 :[(-2,-2), (45,3), (45,3), (45,2), (45,1), (44,1), (43,1), (43,1), (43,1), (42,1), (-2,-2)]
Turtle 3 :[(-3,-3), (36,34), (36,34), (36,35), (36,35), (36,36), (35,36), (35,37), (35,37), (35,37), (34,37)]
Turtle 4 :[(-4,-4), (36,35), (36,36), (35,36), (35,37), (34,37), (33,37), (-4,-4), (-4,-4), (-4,-4), (-4,-4)]
Turtle 5 :[(-5,-5), (44,3), (44,2), (44,2), (44,2), (45,2), (45,2), (45,2), (45,2), (45,1), (-5,-5)]

Shrinking Run 41
#Info# Executed steps before collision: 10, Found collision: false
Turtle 1 :[(-1,-1), (40,36), (40,35), (39,35), (38,35), (38,34), (37,34), (-1,-1), (-1,-1), (-1,-1), (-1,-1)]
Turtle 2 :[(-2,-2), (45,3), (45,3), (45,2), (45,1), (44,1), (43,1), (43,1), (43,1), (42,1), (-2,-2)]
Turtle 3 :[(-3,-3), (36,34), (36,34), (36,35), (36,35), (36,36), (35,36), (35,37), (35,37), (35,37), (34,37)]
Turtle 4 :[(-4,-4), (36,35), (36,36), (35,36), (35,37), (35,37), (34,37), (33,37), (-4,-4), (-4,-4), (-4,-4)]
Turtle 5 :[(-5,-5), (44,3), (44,2), (44,2), (44,2), (45,2), (45,2), (45,2), (45,2), (45,1), (-5,-5)]

Shrinking Run 42
#Info# Executed steps before collision: 10, Found collision: false
Turtle 1 :[(-1,-1), (40,36), (40,35), (39,35), (38,35), (38,34), (37,34), (-1,-1), (-1,-1), (-1,-1), (-1,-1)]
Turtle 2 :[(-2,-2), (45,3), (45,3), (45,2), (45,1), (44,1), (43,1), (43,1), (43,1), (42,1), (-2,-2)]
Turtle 3 :[(-3,-3), (36,34), (36,34), (36,35), (36,35), (36,36), (35,36), (34,36), (35,36), (35,37), (34,37)]
Turtle 4 :[(-4,-4), (36,35), (36,36), (35,36), (35,37), (35,37), (35,37), (34,37), (33,37), (-4,-4), (-4,-4)]
Turtle 5 :[(-5,-5), (44,3), (44,2), (44,2), (44,2), (43,2), (44,2), (44,1), (45,1), (-5,-5), (-5,-5)]

Shrinking Run 43
#Info# Executed steps before collision: 7, Found collision: true
Turtle 1 :[(-1,-1), (40,36), (40,35), (39,35), (38,35), (38,34), (37,34), (-1,-1), (-1,-1), (-1,-1), (-1,-1), (-1,-1)]
Turtle 2 :[(-2,-2), (45,3), (45,3), (45,2), (45,1), (44,1), (43,1), (43,1), (43,1), (42,1), (-2,-2), (-2,-2)]
Turtle 3 :[(-3,-3), (36,34), (36,34), (36,35), (36,35), (36,36), (35,36), (35,37), (35,37), (35,37), (35,37), (34,37)]
Turtle 4 :[(-4,-4), (36,35), (36,36), (36,36), (36,37), (36,37), (36,37), (35,37), (34,37), (34,37), (33,37), (-4,-4)]
Turtle 5 :[(-5,-5), (44,3), (44,2), (44,2), (44,2), (45,2), (45,2), (45,2), (45,2), (45,1), (-5,-5), (-5,-5)]

Shrinking Run 44
#Info# Executed steps before collision: 10, Found collision: false
Turtle 1 :[(-1,-1), (40,36), (40,35), (39,35), (38,35), (38,34), (37,34), (-1,-1), (-1,-1), (-1,-1), (-1,-1)]
Turtle 2 :[(-2,-2), (45,3), (45,3), (45,2), (45,1), (44,1), (43,1), (43,1), (43,1), (42,1), (-2,-2)]
Turtle 3 :[(-3,-3), (36,34), (36,34), (36,35), (36,35), (36,36), (37,36), (36,36), (35,36), (35,37), (34,37)]
Turtle 4 :[(-4,-4), (36,35), (36,36), (35,36), (35,37), (35,37), (35,37), (34,37), (34,37), (33,37), (-4,-4)]
Turtle 5 :[(-5,-5), (44,3), (44,2), (44,2), (44,2), (45,2), (45,2), (45,2), (45,2), (45,1), (-5,-5)]

Shrinking Run 45
#Info# Executed steps before collision: 10, Found collision: false
Turtle 1 :[(-1,-1), (40,36), (40,35), (39,35), (38,35), (38,34), (37,34), (-1,-1), (-1,-1), (-1,-1), (-1,-1)]
Turtle 2 :[(-2,-2), (45,3), (45,3), (45,2), (45,1), (44,1), (43,1), (43,1), (43,1), (42,1), (-2,-2)]
Turtle 3 :[(-3,-3), (36,34), (36,34), (36,35), (36,35), (36,36), (36,35), (36,36), (36,37), (35,37), (34,37)]
Turtle 4 :[(-4,-4), (36,35), (36,36), (36,37), (35,37), (35,37), (35,37), (35,37), (34,37), (34,37), (33,37)]
Turtle 5 :[(-5,-5), (44,3), (44,2), (44,2), (44,2), (44,2), (45,2), (45,2), (45,2), (45,2), (45,1)]

Shrinking Run 46
#Info# Executed steps before collision: 12, Found collision: false
Turtle 1 :[(-1,-1), (40,36), (40,35), (39,35), (38,35), (38,34), (37,34), (-1,-1), (-1,-1), (-1,-1), (-1,-1), (-1,-1), (-1,-1)]
Turtle 2 :[(-2,-2), (45,3), (45,3), (45,2), (45,1), (44,1), (43,1), (43,1), (43,1), (42,1), (-2,-2), (-2,-2), (-2,-2)]
Turtle 3 :[(-3,-3), (36,34), (36,34), (36,35), (36,35), (36,36), (35,36), (35,36), (35,36), (35,37), (36,37), (35,37), (34,37)]
Turtle 4 :[(-4,-4), (36,35), (36,36), (35,36), (35,37), (35,37), (35,37), (35,37), (34,37), (34,37), (33,37), (-4,-4), (-4,-4)]
Turtle 5 :[(-5,-5), (44,3), (44,2), (44,2), (44,2), (45,2), (45,2), (45,2), (45,2), (45,1), (-5,-5), (-5,-5), (-5,-5)]

Shrinking Run 47
#Info# Executed steps before collision: 10, Found collision: true
Turtle 1 :[(-1,-1), (40,36), (40,35), (39,35), (38,35), (38,34), (37,34), (-1,-1), (-1,-1), (-1,-1), (-1,-1), (-1,-1), (-1,-1), (-1,-1)]
Turtle 2 :[(-2,-2), (45,3), (45,2), (45,1), (44,1), (43,1), (42,1), (-2,-2), (-2,-2), (-2,-2), (-2,-2), (-2,-2), (-2,-2), (-2,-2)]
Turtle 3 :[(-3,-3), (36,34), (36,34), (36,35), (36,35), (36,36), (35,36), (35,36), (35,37), (35,37), (35,37), (34,37), (-3,-3), (-3,-3)]
Turtle 4 :[(-4,-4), (36,35), (36,36), (36,36), (36,37), (35,37), (35,37), (36,37), (36,37), (36,37), (35,37), (35,37), (34,37), (33,37)]
Turtle 5 :[(-5,-5), (44,3), (44,2), (44,2), (44,2), (45,2), (45,2), (45,2), (45,2), (45,1), (-5,-5), (-5,-5), (-5,-5), (-5,-5)]

Shrinking Run 48
#Info# Executed steps before collision: 10, Found collision: false
Turtle 1 :[(-1,-1), (40,36), (40,35), (39,35), (38,35), (38,34), (37,34), (-1,-1), (-1,-1), (-1,-1), (-1,-1)]
Turtle 2 :[(-2,-2), (45,3), (45,3), (45,2), (45,1), (44,1), (43,1), (43,1), (43,1), (42,1), (-2,-2)]
Turtle 3 :[(-3,-3), (36,34), (36,34), (36,35), (36,35), (37,35), (36,35), (35,35), (35,36), (35,37), (34,37)]
Turtle 4 :[(-4,-4), (36,35), (36,36), (36,36), (36,37), (35,37), (34,37), (34,37), (34,37), (34,37), (33,37)]
Turtle 5 :[(-5,-5), (44,3), (44,2), (44,2), (44,2), (45,2), (45,2), (45,2), (45,2), (45,1), (-5,-5)]

Shrinking Run 49
#Info# Executed steps before collision: 10, Found collision: false
Turtle 1 :[(-1,-1), (40,36), (40,35), (39,35), (38,35), (38,34), (37,34), (-1,-1), (-1,-1), (-1,-1), (-1,-1)]
Turtle 2 :[(-2,-2), (45,3), (45,4), (45,3), (45,2), (45,3), (44,3), (44,2), (43,2), (42,2), (42,1)]
Turtle 3 :[(-3,-3), (36,34), (36,34), (36,35), (36,35), (36,36), (35,36), (36,36), (36,37), (35,37), (34,37)]
Turtle 4 :[(-4,-4), (36,35), (36,36), (36,36), (36,37), (35,37), (35,37), (34,37), (34,37), (34,37), (33,37)]
Turtle 5 :[(-5,-5), (44,3), (44,2), (44,2), (44,2), (45,2), (45,2), (45,2), (45,2), (45,1), (-5,-5)]

Shrinking Run 50
#Info# Executed steps before collision: 12, Found collision: false
Turtle 1 :[(-1,-1), (40,36), (40,35), (39,35), (38,35), (38,34), (37,34), (-1,-1), (-1,-1), (-1,-1), (-1,-1), (-1,-1), (-1,-1)]
Turtle 2 :[(-2,-2), (45,3), (45,3), (45,2), (45,1), (44,1), (43,1), (43,1), (43,1), (42,1), (-2,-2), (-2,-2), (-2,-2)]
Turtle 3 :[(-3,-3), (36,34), (36,34), (36,35), (36,35), (36,36), (35,36), (36,36), (35,36), (36,36), (35,36), (34,36), (34,37)]
Turtle 4 :[(-4,-4), (36,35), (36,36), (36,36), (36,37), (35,37), (35,37), (35,37), (35,37), (34,37), (34,37), (33,37), (-4,-4)]
Turtle 5 :[(-5,-5), (44,3), (43,3), (43,2), (43,1), (42,1), (41,1), (-5,-5), (-5,-5), (-5,-5), (-5,-5), (-5,-5), (-5,-5)]

Shrinking Run 51
#Info# Executed steps before collision: 13, Found collision: false
Turtle 1 :[(-1,-1), (40,36), (40,35), (39,35), (38,35), (38,34), (37,34), (-1,-1), (-1,-1), (-1,-1), (-1,-1), (-1,-1), (-1,-1), (-1,-1)]
Turtle 2 :[(-2,-2), (45,3), (45,3), (45,2), (45,1), (44,1), (43,1), (43,1), (43,1), (42,1), (-2,-2), (-2,-2), (-2,-2), (-2,-2)]
Turtle 3 :[(-3,-3), (36,34), (36,34), (36,35), (36,35), (36,36), (36,36), (35,36), (36,36), (36,37), (35,37), (36,37), (35,37), (34,37)]
Turtle 4 :[(-4,-4), (36,35), (36,36), (36,36), (36,37), (35,37), (35,37), (35,37), (35,37), (34,37), (34,37), (33,37), (-4,-4), (-4,-4)]
Turtle 5 :[(-5,-5), (44,3), (44,2), (44,2), (44,2), (43,2), (43,2), (43,2), (43,2), (43,1), (-5,-5), (-5,-5), (-5,-5), (-5,-5)]

Shrinking Run 52
#Info# Executed steps before collision: 10, Found collision: false
Turtle 1 :[(-1,-1), (40,36), (40,35), (39,35), (38,35), (38,34), (37,34), (-1,-1), (-1,-1), (-1,-1), (-1,-1)]
Turtle 2 :[(-2,-2), (45,3), (45,3), (45,2), (45,1), (44,1), (43,1), (43,1), (43,1), (42,1), (-2,-2)]
Turtle 3 :[(-3,-3), (36,34), (36,34), (36,35), (36,35), (36,35), (36,36), (35,36), (35,37), (35,37), (34,37)]
Turtle 4 :[(-4,-4), (36,35), (36,36), (36,36), (36,37), (35,37), (35,37), (35,37), (34,37), (34,37), (33,37)]
Turtle 5 :[(-5,-5), (44,3), (44,2), (44,2), (44,2), (44,2), (44,2), (44,2), (44,1), (-5,-5), (-5,-5)]

Shrinking Run 53
#Info# Executed steps before collision: 10, Found collision: false
Turtle 1 :[(-1,-1), (40,36), (40,35), (39,35), (38,35), (38,34), (37,34), (-1,-1), (-1,-1), (-1,-1), (-1,-1)]
Turtle 2 :[(-2,-2), (45,3), (46,3), (46,2), (45,2), (44,2), (43,2), (43,1), (42,1), (-2,-2), (-2,-2)]
Turtle 3 :[(-3,-3), (36,34), (36,34), (36,35), (36,35), (36,36), (36,37), (36,38), (35,38), (35,37), (34,37)]
Turtle 4 :[(-4,-4), (36,35), (36,36), (36,36), (36,37), (35,37), (35,37), (34,37), (33,37), (-4,-4), (-4,-4)]
Turtle 5 :[(-5,-5), (44,3), (44,2), (44,1), (44,0), (45,0), (-5,-5), (-5,-5), (-5,-5), (-5,-5), (-5,-5)]

Shrinking Run 54
#Info# Executed steps before collision: 11, Found collision: false
Turtle 1 :[(-1,-1), (40,36), (40,35), (39,35), (38,35), (38,34), (37,34), (-1,-1), (-1,-1), (-1,-1), (-1,-1), (-1,-1)]
Turtle 2 :[(-2,-2), (45,3), (45,3), (45,2), (45,1), (44,1), (43,1), (43,1), (43,1), (42,1), (-2,-2), (-2,-2)]
Turtle 3 :[(-3,-3), (36,34), (36,34), (36,35), (36,35), (36,36), (36,36), (35,36), (35,37), (35,37), (35,37), (34,37)]
Turtle 4 :[(-4,-4), (36,35), (36,36), (36,36), (36,37), (35,37), (35,37), (35,38), (34,38), (33,38), (33,37), (-4,-4)]
Turtle 5 :[(-5,-5), (44,3), (44,3), (44,2), (44,3), (45,3), (45,2), (45,1), (-5,-5), (-5,-5), (-5,-5), (-5,-5)]

Shrinking Run 55
#Info# Executed steps before collision: 11, Found collision: false
Turtle 1 :[(-1,-1), (40,36), (40,35), (39,35), (38,35), (38,34), (37,34), (-1,-1), (-1,-1), (-1,-1), (-1,-1), (-1,-1)]
Turtle 2 :[(-2,-2), (45,3), (45,3), (45,2), (45,1), (44,1), (43,1), (43,1), (43,1), (42,1), (-2,-2), (-2,-2)]
Turtle 3 :[(-3,-3), (36,34), (36,34), (36,35), (36,35), (36,36), (35,36), (35,36), (36,36), (35,36), (35,37), (34,37)]
Turtle 4 :[(-4,-4), (36,35), (36,36), (36,36), (36,37), (35,37), (35,37), (35,37), (34,37), (34,37), (33,37), (-4,-4)]
Turtle 5 :[(-5,-5), (44,3), (44,4), (44,3), (45,3), (45,2), (45,1), (-5,-5), (-5,-5), (-5,-5), (-5,-5), (-5,-5)]

Shrinking Run 56
#Info# Executed steps before collision: 3, Found collision: true
Turtle 1 :[(-1,-1), (40,36), (40,35), (39,35), (38,35), (38,34), (37,34), (-1,-1), (-1,-1), (-1,-1), (-1,-1)]
Turtle 2 :[(-2,-2), (45,3), (45,3), (45,2), (45,1), (44,1), (43,1), (43,1), (43,1), (42,1), (-2,-2)]
Turtle 3 :[(-3,-3), (36,34), (36,34), (36,35), (36,35), (36,36), (35,36), (36,36), (36,37), (35,37), (34,37)]
Turtle 4 :[(-4,-4), (36,35), (36,36), (36,36), (36,37), (35,37), (35,37), (35,37), (34,37), (34,37), (33,37)]
Turtle 5 :[(-5,-5), (44,3), (44,2), (45,2), (45,3), (45,2), (45,1), (-5,-5), (-5,-5), (-5,-5), (-5,-5)]

Shrinking Run 57
#Info# Executed steps before collision: 11, Found collision: false
Turtle 1 :[(-1,-1), (40,36), (39,36), (39,37), (38,37), (38,38), (37,38), (-1,-1), (-1,-1), (-1,-1), (-1,-1), (-1,-1)]
Turtle 2 :[(-2,-2), (45,3), (45,4), (44,4), (43,4), (42,4), (42,3), (42,2), (42,1), (-2,-2), (-2,-2), (-2,-2)]
Turtle 3 :[(-3,-3), (36,34), (36,34), (36,35), (36,35), (36,36), (35,36), (34,36), (34,37), (-3,-3), (-3,-3), (-3,-3)]
Turtle 4 :[(-4,-4), (36,35), (36,36), (36,36), (36,37), (35,37), (35,37), (35,37), (35,38), (34,38), (33,38), (33,37)]
Turtle 5 :[(-5,-5), (44,3), (44,3), (45,3), (45,2), (45,2), (45,2), (45,1), (-5,-5), (-5,-5), (-5,-5), (-5,-5)]

Shrinking Run 58
#Info# Executed steps before collision: 14, Found collision: false
Turtle 1 :[(-1,-1), (40,36), (39,36), (39,35), (38,35), (38,34), (37,34), (-1,-1), (-1,-1), (-1,-1), (-1,-1), (-1,-1), (-1,-1), (-1,-1), (-1,-1)]
Turtle 2 :[(-2,-2), (45,3), (45,3), (45,2), (45,1), (45,0), (44,0), (43,0), (42,0), (42,1), (-2,-2), (-2,-2), (-2,-2), (-2,-2), (-2,-2)]
Turtle 3 :[(-3,-3), (36,34), (36,34), (36,35), (36,35), (36,36), (36,37), (37,37), (36,37), (35,37), (34,37), (-3,-3), (-3,-3), (-3,-3), (-3,-3)]
Turtle 4 :[(-4,-4), (36,35), (36,36), (36,36), (36,37), (35,37), (35,37), (35,37), (34,37), (34,37), (35,37), (35,38), (35,37), (34,37), (33,37)]
Turtle 5 :[(-5,-5), (44,3), (44,3), (44,2), (44,1), (45,1), (-5,-5), (-5,-5), (-5,-5), (-5,-5), (-5,-5), (-5,-5), (-5,-5), (-5,-5), (-5,-5)]

Shrinking Run 59
#Info# Executed steps before collision: 14, Found collision: false
Turtle 1 :[(-1,-1), (40,36), (40,35), (39,35), (38,35), (37,35), (36,35), (-1,-1), (-1,-1), (-1,-1), (-1,-1), (-1,-1), (-1,-1), (-1,-1), (-1,-1)]
Turtle 2 :[(-2,-2), (45,3), (45,3), (45,2), (45,1), (44,1), (43,1), (43,1), (43,1), (42,1), (-2,-2), (-2,-2), (-2,-2), (-2,-2), (-2,-2)]
Turtle 3 :[(-3,-3), (36,34), (36,34), (36,35), (36,35), (36,36), (35,36), (35,35), (35,36), (35,37), (34,37), (-3,-3), (-3,-3), (-3,-3), (-3,-3)]
Turtle 4 :[(-4,-4), (36,35), (36,36), (36,36), (36,37), (35,37), (35,37), (35,37), (34,37), (34,37), (35,37), (36,37), (35,37), (34,37), (33,37)]
Turtle 5 :[(-5,-5), (44,3), (43,3), (44,3), (45,3), (45,2), (45,1), (-5,-5), (-5,-5), (-5,-5), (-5,-5), (-5,-5), (-5,-5), (-5,-5), (-5,-5)]

Shrinking Run 60
#Info# Executed steps before collision: 12, Found collision: false
Turtle 1 :[(-1,-1), (40,36), (39,36), (38,36), (38,35), (38,34), (37,34), (-1,-1), (-1,-1), (-1,-1), (-1,-1), (-1,-1), (-1,-1)]
Turtle 2 :[(-2,-2), (45,3), (45,2), (44,2), (44,1), (43,1), (42,1), (-2,-2), (-2,-2), (-2,-2), (-2,-2), (-2,-2), (-2,-2)]
Turtle 3 :[(-3,-3), (36,34), (36,34), (36,35), (36,35), (36,36), (35,36), (34,36), (34,37), (-3,-3), (-3,-3), (-3,-3), (-3,-3)]
Turtle 4 :[(-4,-4), (36,35), (36,36), (36,36), (36,37), (35,37), (35,37), (35,37), (35,37), (36,37), (35,37), (34,37), (33,37)]
Turtle 5 :[(-5,-5), (44,3), (44,4), (45,4), (45,3), (45,2), (45,1), (-5,-5), (-5,-5), (-5,-5), (-5,-5), (-5,-5), (-5,-5)]

Shrinking Run 61
#Info# Executed steps before collision: 10, Found collision: false
Turtle 1 :[(-1,-1), (40,36), (40,35), (39,35), (38,35), (38,34), (37,34), (-1,-1), (-1,-1), (-1,-1), (-1,-1)]
Turtle 2 :[(-2,-2), (45,3), (44,3), (44,2), (43,2), (43,1), (42,1), (-2,-2), (-2,-2), (-2,-2), (-2,-2)]
Turtle 3 :[(-3,-3), (36,34), (36,34), (36,35), (36,35), (36,36), (35,36), (35,35), (34,35), (34,36), (34,37)]
Turtle 4 :[(-4,-4), (36,35), (36,36), (36,36), (36,37), (35,37), (35,37), (35,37), (34,37), (34,37), (33,37)]
Turtle 5 :[(-5,-5), (44,3), (43,3), (42,3), (43,3), (43,2), (44,2), (45,2), (45,1), (-5,-5), (-5,-5)]

Shrinking Run 62
#Info# Executed steps before collision: 12, Found collision: false
Turtle 1 :[(-1,-1), (40,36), (40,35), (39,35), (38,35), (38,34), (37,34), (-1,-1), (-1,-1), (-1,-1), (-1,-1), (-1,-1), (-1,-1)]
Turtle 2 :[(-2,-2), (45,3), (45,3), (44,3), (43,3), (43,2), (42,2), (42,2), (42,2), (42,1), (-2,-2), (-2,-2), (-2,-2)]
Turtle 3 :[(-3,-3), (36,34), (36,34), (36,35), (36,35), (36,36), (35,36), (34,36), (34,37), (-3,-3), (-3,-3), (-3,-3), (-3,-3)]
Turtle 4 :[(-4,-4), (36,35), (36,36), (36,36), (36,37), (35,37), (35,37), (35,37), (35,37), (35,36), (34,36), (34,37), (33,37)]
Turtle 5 :[(-5,-5), (44,3), (44,2), (45,2), (45,1), (-5,-5), (-5,-5), (-5,-5), (-5,-5), (-5,-5), (-5,-5), (-5,-5), (-5,-5)]

Shrinking Run 63
#Info# Executed steps before collision: 2, Found collision: true
Turtle 1 :[(-1,-1), (40,36), (40,35), (39,35), (38,35), (38,34), (37,34), (-1,-1), (-1,-1), (-1,-1), (-1,-1), (-1,-1)]
Turtle 2 :[(-2,-2), (45,3), (44,3), (44,2), (44,1), (43,1), (42,1), (-2,-2), (-2,-2), (-2,-2), (-2,-2), (-2,-2)]
Turtle 3 :[(-3,-3), (36,34), (36,34), (36,35), (36,35), (36,36), (35,36), (35,36), (34,36), (35,36), (34,36), (34,37)]
Turtle 4 :[(-4,-4), (36,35), (36,36), (36,36), (36,37), (35,37), (35,37), (35,37), (34,37), (34,37), (33,37), (-4,-4)]
Turtle 5 :[(-5,-5), (44,3), (44,3), (45,3), (45,2), (45,2), (45,2), (45,1), (-5,-5), (-5,-5), (-5,-5), (-5,-5)]

Shrinking Run 64
#Info# Executed steps before collision: 11, Found collision: false
Turtle 1 :[(-1,-1), (40,36), (40,35), (39,35), (38,35), (38,34), (37,34), (-1,-1), (-1,-1), (-1,-1), (-1,-1), (-1,-1)]
Turtle 2 :[(-2,-2), (45,3), (45,2), (45,1), (44,1), (43,1), (42,1), (-2,-2), (-2,-2), (-2,-2), (-2,-2), (-2,-2)]
Turtle 3 :[(-3,-3), (36,34), (36,34), (36,35), (36,35), (36,36), (36,37), (36,37), (36,36), (35,36), (35,37), (34,37)]
Turtle 4 :[(-4,-4), (36,35), (36,36), (36,36), (36,37), (35,37), (35,37), (35,37), (34,37), (34,37), (33,37), (-4,-4)]
Turtle 5 :[(-5,-5), (44,3), (44,4), (44,3), (45,3), (45,2), (45,1), (-5,-5), (-5,-5), (-5,-5), (-5,-5), (-5,-5)]

Shrinking Run 65
#Info# Executed steps before collision: 12, Found collision: false
Turtle 1 :[(-1,-1), (40,36), (40,35), (39,35), (38,35), (38,34), (37,34), (-1,-1), (-1,-1), (-1,-1), (-1,-1), (-1,-1), (-1,-1)]
Turtle 2 :[(-2,-2), (45,3), (44,3), (44,2), (44,1), (43,1), (42,1), (-2,-2), (-2,-2), (-2,-2), (-2,-2), (-2,-2), (-2,-2)]
Turtle 3 :[(-3,-3), (36,34), (36,34), (36,35), (36,35), (36,36), (36,37), (37,37), (36,37), (35,37), (34,37), (-3,-3), (-3,-3)]
Turtle 4 :[(-4,-4), (36,35), (36,36), (36,36), (36,37), (35,37), (35,37), (35,37), (34,37), (34,37), (34,36), (33,36), (33,37)]
Turtle 5 :[(-5,-5), (44,3), (45,3), (45,2), (45,1), (-5,-5), (-5,-5), (-5,-5), (-5,-5), (-5,-5), (-5,-5), (-5,-5), (-5,-5)]

Shrinking Run 66
#Info# Executed steps before collision: 10, Found collision: false
Turtle 1 :[(-1,-1), (40,36), (40,35), (39,35), (38,35), (38,34), (37,34), (-1,-1), (-1,-1), (-1,-1), (-1,-1)]
Turtle 2 :[(-2,-2), (45,3), (44,3), (44,2), (44,1), (43,1), (42,1), (-2,-2), (-2,-2), (-2,-2), (-2,-2)]
Turtle 3 :[(-3,-3), (36,34), (36,34), (36,33), (36,33), (36,32), (36,31), (36,30), (36,30), (36,30), (35,30)]
Turtle 4 :[(-4,-4), (36,35), (36,36), (36,36), (36,37), (35,37), (35,37), (35,37), (34,37), (34,37), (33,37)]
Turtle 5 :[(-5,-5), (44,3), (45,3), (45,2), (45,1), (-5,-5), (-5,-5), (-5,-5), (-5,-5), (-5,-5), (-5,-5)]

Shrinking Run 67
#Info# Executed steps before collision: 10, Found collision: false
Turtle 1 :[(-1,-1), (40,36), (40,35), (39,35), (38,35), (38,34), (37,34), (-1,-1), (-1,-1), (-1,-1), (-1,-1)]
Turtle 2 :[(-2,-2), (45,3), (44,3), (44,2), (44,1), (43,1), (42,1), (-2,-2), (-2,-2), (-2,-2), (-2,-2)]
Turtle 3 :[(-3,-3), (36,34), (36,34), (36,33), (36,33), (36,32), (36,31), (35,31), (35,31), (35,31), (34,31)]
Turtle 4 :[(-4,-4), (36,35), (36,36), (36,36), (36,37), (35,37), (35,37), (35,37), (34,37), (34,37), (33,37)]
Turtle 5 :[(-5,-5), (44,3), (44,4), (45,4), (45,3), (45,2), (45,1), (-5,-5), (-5,-5), (-5,-5), (-5,-5)]

Shrinking Run 68
#Info# Executed steps before collision: 2, Found collision: true
Turtle 1 :[(-1,-1), (40,36), (40,35), (39,35), (38,35), (38,34), (37,34), (-1,-1), (-1,-1), (-1,-1), (-1,-1)]
Turtle 2 :[(-2,-2), (45,3), (44,3), (44,2), (44,1), (43,1), (42,1), (-2,-2), (-2,-2), (-2,-2), (-2,-2)]
Turtle 3 :[(-3,-3), (36,34), (36,34), (36,35), (36,35), (35,35), (34,35), (33,35), (33,35), (33,35), (32,35)]
Turtle 4 :[(-4,-4), (36,35), (36,36), (36,36), (36,37), (35,37), (35,37), (35,37), (34,37), (34,37), (33,37)]
Turtle 5 :[(-5,-5), (44,3), (44,3), (45,3), (45,2), (45,2), (45,2), (45,1), (-5,-5), (-5,-5), (-5,-5)]

Shrinking Run 69
#Info# Executed steps before collision: 10, Found collision: false
Turtle 1 :[(-1,-1), (40,36), (40,35), (39,35), (38,35), (38,34), (37,34), (-1,-1), (-1,-1), (-1,-1), (-1,-1)]
Turtle 2 :[(-2,-2), (45,3), (44,3), (44,2), (44,1), (43,1), (42,1), (-2,-2), (-2,-2), (-2,-2), (-2,-2)]
Turtle 3 :[(-3,-3), (36,34), (36,34), (36,33), (36,33), (35,33), (34,33), (33,33), (33,33), (33,33), (32,33)]
Turtle 4 :[(-4,-4), (36,35), (36,36), (36,36), (36,37), (35,37), (35,37), (35,37), (34,37), (34,37), (33,37)]
Turtle 5 :[(-5,-5), (44,3), (45,3), (45,2), (45,1), (-5,-5), (-5,-5), (-5,-5), (-5,-5), (-5,-5), (-5,-5)]

Shrinking Run 70
#Info# Executed steps before collision: 2, Found collision: true
Turtle 1 :[(-1,-1), (40,36), (40,35), (39,35), (38,35), (38,34), (37,34), (-1,-1), (-1,-1), (-1,-1), (-1,-1)]
Turtle 2 :[(-2,-2), (45,3), (44,3), (44,2), (44,1), (43,1), (42,1), (-2,-2), (-2,-2), (-2,-2), (-2,-2)]
Turtle 3 :[(-3,-3), (36,34), (36,34), (35,34), (35,34), (34,34), (34,34), (33,34), (33,34), (32,34), (-3,-3)]
Turtle 4 :[(-4,-4), (36,35), (36,36), (36,36), (36,37), (35,37), (35,37), (35,37), (34,37), (34,37), (33,37)]
Turtle 5 :[(-5,-5), (44,3), (44,3), (45,3), (45,2), (45,2), (45,2), (45,1), (-5,-5), (-5,-5), (-5,-5)]

Shrinking Run 71
#Info# Executed steps before collision: 10, Found collision: false
Turtle 1 :[(-1,-1), (40,36), (40,35), (39,35), (38,35), (38,34), (37,34), (-1,-1), (-1,-1), (-1,-1), (-1,-1)]
Turtle 2 :[(-2,-2), (45,3), (44,3), (44,2), (44,1), (43,1), (42,1), (-2,-2), (-2,-2), (-2,-2), (-2,-2)]
Turtle 3 :[(-3,-3), (36,34), (36,34), (35,34), (35,34), (34,34), (33,34), (32,34), (32,34), (32,34), (31,34)]
Turtle 4 :[(-4,-4), (36,35), (36,36), (36,36), (36,37), (35,37), (35,37), (35,37), (34,37), (34,37), (33,37)]
Turtle 5 :[(-5,-5), (44,3), (44,4), (43,4), (43,3), (43,2), (43,2), (43,1), (44,1), (45,1), (-5,-5)]

Shrinking Run 72
#Info# Executed steps before collision: 10, Found collision: false
Turtle 1 :[(-1,-1), (40,36), (40,35), (39,35), (38,35), (38,34), (37,34), (-1,-1), (-1,-1), (-1,-1), (-1,-1)]
Turtle 2 :[(-2,-2), (45,3), (44,3), (44,3), (44,2), (44,1), (43,1), (42,1), (-2,-2), (-2,-2), (-2,-2)]
Turtle 3 :[(-3,-3), (36,34), (35,34), (34,34), (33,34), (32,34), (-3,-3), (-3,-3), (-3,-3), (-3,-3), (-3,-3)]
Turtle 4 :[(-4,-4), (36,35), (36,36), (36,36), (36,37), (35,37), (35,37), (35,37), (34,37), (34,37), (33,37)]
Turtle 5 :[(-5,-5), (44,3), (44,2), (44,1), (45,1), (-5,-5), (-5,-5), (-5,-5), (-5,-5), (-5,-5), (-5,-5)]

Shrinking Run 73
#Info# Executed steps before collision: 10, Found collision: false
Turtle 1 :[(-1,-1), (40,36), (40,35), (39,35), (38,35), (38,34), (37,34), (-1,-1), (-1,-1), (-1,-1), (-1,-1)]
Turtle 2 :[(-2,-2), (45,3), (44,3), (44,2), (44,1), (44,2), (44,2), (44,1), (43,1), (42,1), (-2,-2)]
Turtle 3 :[(-3,-3), (36,34), (35,34), (34,34), (34,34), (33,34), (32,34), (-3,-3), (-3,-3), (-3,-3), (-3,-3)]
Turtle 4 :[(-4,-4), (36,35), (36,36), (36,36), (36,37), (35,37), (35,37), (35,37), (34,37), (34,37), (33,37)]
Turtle 5 :[(-5,-5), (44,3), (43,3), (43,2), (43,1), (44,1), (45,1), (-5,-5), (-5,-5), (-5,-5), (-5,-5)]

Shrinking Run 74
#Info# Executed steps before collision: 10, Found collision: false
Turtle 1 :[(-1,-1), (40,36), (40,35), (39,35), (38,35), (38,34), (37,34), (-1,-1), (-1,-1), (-1,-1), (-1,-1)]
Turtle 2 :[(-2,-2), (45,3), (44,3), (44,2), (44,1), (43,1), (42,1), (-2,-2), (-2,-2), (-2,-2), (-2,-2)]
Turtle 3 :[(-3,-3), (36,34), (36,34), (35,34), (35,34), (34,34), (33,34), (32,34), (-3,-3), (-3,-3), (-3,-3)]
Turtle 4 :[(-4,-4), (36,35), (36,36), (36,36), (36,37), (35,37), (35,37), (35,37), (34,37), (34,37), (33,37)]
Turtle 5 :[(-5,-5), (44,3), (45,3), (45,2), (45,1), (-5,-5), (-5,-5), (-5,-5), (-5,-5), (-5,-5), (-5,-5)]

Shrinking Run 75
#Info# Executed steps before collision: 10, Found collision: false
Turtle 1 :[(-1,-1), (40,36), (40,35), (39,35), (38,35), (38,34), (37,34), (-1,-1), (-1,-1), (-1,-1), (-1,-1)]
Turtle 2 :[(-2,-2), (45,3), (44,3), (44,2), (44,1), (43,1), (42,1), (-2,-2), (-2,-2), (-2,-2), (-2,-2)]
Turtle 3 :[(-3,-3), (36,34), (36,34), (35,34), (35,34), (34,34), (33,34), (33,34), (32,34), (-3,-3), (-3,-3)]
Turtle 4 :[(-4,-4), (36,35), (36,36), (36,36), (36,37), (35,37), (35,37), (35,37), (34,37), (34,37), (33,37)]
Turtle 5 :[(-5,-5), (44,3), (43,3), (43,2), (43,2), (44,2), (44,1), (45,1), (-5,-5), (-5,-5), (-5,-5)]

Shrinking Run 76
#Info# Executed steps before collision: 10, Found collision: false
Turtle 1 :[(-1,-1), (40,36), (40,35), (39,35), (38,35), (38,34), (37,34), (-1,-1), (-1,-1), (-1,-1), (-1,-1)]
Turtle 2 :[(-2,-2), (45,3), (44,3), (44,3), (44,2), (44,1), (43,1), (42,1), (-2,-2), (-2,-2), (-2,-2)]
Turtle 3 :[(-3,-3), (36,34), (35,34), (34,34), (34,34), (34,34), (34,34), (33,34), (33,34), (32,34), (-3,-3)]
Turtle 4 :[(-4,-4), (36,35), (36,36), (36,36), (36,37), (35,37), (35,37), (35,37), (34,37), (34,37), (33,37)]
Turtle 5 :[(-5,-5), (44,3), (44,2), (44,1), (45,1), (-5,-5), (-5,-5), (-5,-5), (-5,-5), (-5,-5), (-5,-5)]

Shrinking Run 77
#Info# Executed steps before collision: 10, Found collision: false
Turtle 1 :[(-1,-1), (40,36), (40,35), (39,35), (38,35), (38,34), (37,34), (-1,-1), (-1,-1), (-1,-1), (-1,-1)]
Turtle 2 :[(-2,-2), (45,3), (44,3), (44,2), (44,1), (43,1), (42,1), (-2,-2), (-2,-2), (-2,-2), (-2,-2)]
Turtle 3 :[(-3,-3), (36,34), (36,34), (35,34), (34,34), (34,34), (34,34), (33,34), (33,34), (32,34), (-3,-3)]
Turtle 4 :[(-4,-4), (36,35), (36,36), (36,36), (36,37), (35,37), (35,37), (35,37), (34,37), (34,37), (33,37)]
Turtle 5 :[(-5,-5), (44,3), (45,3), (45,2), (45,1), (-5,-5), (-5,-5), (-5,-5), (-5,-5), (-5,-5), (-5,-5)]

Shrinking Run 78
#Info# Executed steps before collision: 2, Found collision: true
Turtle 1 :[(-1,-1), (40,36), (40,35), (39,35), (38,35), (38,34), (37,34), (-1,-1), (-1,-1), (-1,-1), (-1,-1)]
Turtle 2 :[(-2,-2), (45,3), (44,3), (44,2), (44,1), (43,1), (42,1), (-2,-2), (-2,-2), (-2,-2), (-2,-2)]
Turtle 3 :[(-3,-3), (36,34), (36,34), (35,34), (35,34), (34,34), (33,34), (33,34), (33,34), (32,34), (-3,-3)]
Turtle 4 :[(-4,-4), (36,35), (36,36), (36,36), (36,37), (35,37), (35,37), (35,37), (34,37), (34,37), (33,37)]
Turtle 5 :[(-5,-5), (44,3), (44,3), (45,3), (45,2), (45,2), (45,2), (45,1), (-5,-5), (-5,-5), (-5,-5)]

Shrinking Run 79
#Info# Executed steps before collision: 4, Found collision: true
Turtle 1 :[(-1,-1), (40,36), (40,35), (39,35), (38,35), (38,34), (37,34), (-1,-1), (-1,-1), (-1,-1)]
Turtle 2 :[(-2,-2), (45,3), (44,3), (44,2), (44,1), (43,1), (42,1), (-2,-2), (-2,-2), (-2,-2)]
Turtle 3 :[(-3,-3), (36,34), (36,34), (35,34), (35,34), (34,34), (33,34), (33,34), (33,34), (32,34)]
Turtle 4 :[(-4,-4), (36,35), (35,35), (35,35), (35,34), (34,34), (34,33), (34,32), (-4,-4), (-4,-4)]
Turtle 5 :[(-5,-5), (44,3), (45,3), (45,2), (45,1), (-5,-5), (-5,-5), (-5,-5), (-5,-5), (-5,-5)]

Shrinking Run 80
#Info# Executed steps before collision: 9, Found collision: false
Turtle 1 :[(-1,-1), (40,36), (40,35), (39,35), (38,35), (38,34), (37,34), (-1,-1), (-1,-1), (-1,-1)]
Turtle 2 :[(-2,-2), (45,3), (44,3), (44,2), (44,1), (44,0), (43,0), (43,1), (42,1), (-2,-2)]
Turtle 3 :[(-3,-3), (36,34), (36,34), (35,34), (35,34), (34,34), (33,34), (33,34), (33,34), (32,34)]
Turtle 4 :[(-4,-4), (36,35), (35,35), (35,35), (34,35), (34,35), (34,35), (34,34), (34,33), (33,33)]
Turtle 5 :[(-5,-5), (44,3), (43,3), (43,2), (43,1), (44,1), (45,1), (-5,-5), (-5,-5), (-5,-5)]

Shrinking Run 81
#Info# Executed steps before collision: 2, Found collision: true
Turtle 1 :[(-1,-1), (40,36), (40,35), (39,35), (38,35), (38,34), (37,34), (-1,-1), (-1,-1), (-1,-1)]
Turtle 2 :[(-2,-2), (45,3), (44,3), (44,2), (44,1), (43,1), (42,1), (-2,-2), (-2,-2), (-2,-2)]
Turtle 3 :[(-3,-3), (36,34), (36,34), (35,34), (35,34), (34,34), (33,34), (33,34), (33,34), (32,34)]
Turtle 4 :[(-4,-4), (36,35), (35,35), (35,35), (35,34), (35,33), (34,33), (33,33), (-4,-4), (-4,-4)]
Turtle 5 :[(-5,-5), (44,3), (44,3), (45,3), (45,2), (45,2), (45,2), (45,1), (-5,-5), (-5,-5)]

Shrinking Run 82
#Info# Executed steps before collision: 4, Found collision: true
Turtle 1 :[(-1,-1), (40,36), (40,35), (39,35), (38,35), (38,34), (37,34), (-1,-1), (-1,-1), (-1,-1), (-1,-1), (-1,-1)]
Turtle 2 :[(-2,-2), (45,3), (44,3), (44,3), (44,2), (44,1), (43,1), (42,1), (-2,-2), (-2,-2), (-2,-2), (-2,-2)]
Turtle 3 :[(-3,-3), (36,34), (36,34), (35,34), (35,34), (34,34), (33,34), (33,34), (33,34), (32,34), (-3,-3), (-3,-3)]
Turtle 4 :[(-4,-4), (36,35), (35,35), (35,35), (35,34), (35,33), (35,34), (36,34), (35,34), (34,34), (33,34), (32,34)]
Turtle 5 :[(-5,-5), (44,3), (44,2), (45,2), (45,1), (-5,-5), (-5,-5), (-5,-5), (-5,-5), (-5,-5), (-5,-5), (-5,-5)]

Shrinking Run 83
#Info# Executed steps before collision: 2, Found collision: true
Turtle 1 :[(-1,-1), (40,36), (40,35), (39,35), (38,35), (38,34), (37,34), (-1,-1), (-1,-1), (-1,-1), (-1,-1), (-1,-1), (-1,-1)]
Turtle 2 :[(-2,-2), (45,3), (44,3), (44,2), (44,1), (43,1), (42,1), (-2,-2), (-2,-2), (-2,-2), (-2,-2), (-2,-2), (-2,-2)]
Turtle 3 :[(-3,-3), (36,34), (36,34), (35,34), (35,34), (34,34), (33,34), (33,34), (33,34), (32,34), (-3,-3), (-3,-3), (-3,-3)]
Turtle 4 :[(-4,-4), (36,35), (36,34), (37,34), (36,34), (35,34), (35,33), (34,33), (34,34), (34,35), (34,34), (33,34), (32,34)]
Turtle 5 :[(-5,-5), (44,3), (44,3), (45,3), (45,2), (45,2), (45,2), (45,1), (-5,-5), (-5,-5), (-5,-5), (-5,-5), (-5,-5)]

Shrinking Run 84
#Info# Executed steps before collision: 2, Found collision: true
Turtle 1 :[(-1,-1), (40,36), (40,35), (39,35), (38,35), (38,34), (37,34), (-1,-1), (-1,-1), (-1,-1), (-1,-1), (-1,-1)]
Turtle 2 :[(-2,-2), (45,3), (44,3), (44,2), (44,1), (44,1), (43,1), (42,1), (-2,-2), (-2,-2), (-2,-2), (-2,-2)]
Turtle 3 :[(-3,-3), (36,34), (36,34), (35,34), (35,34), (34,34), (33,34), (33,34), (33,34), (32,34), (-3,-3), (-3,-3)]
Turtle 4 :[(-4,-4), (36,35), (36,34), (37,34), (36,34), (35,34), (35,35), (35,34), (34,34), (34,34), (33,34), (32,34)]
Turtle 5 :[(-5,-5), (44,3), (43,3), (43,2), (43,1), (42,1), (41,1), (-5,-5), (-5,-5), (-5,-5), (-5,-5), (-5,-5)]

Shrinking Run 85
#Info# Executed steps before collision: 2, Found collision: true
Turtle 1 :[(-1,-1), (40,36), (40,35), (39,35), (38,35), (38,34), (38,35), (37,35), (37,34), (-1,-1), (-1,-1), (-1,-1), (-1,-1)]
Turtle 2 :[(-2,-2), (45,3), (44,3), (44,2), (44,1), (43,1), (42,1), (-2,-2), (-2,-2), (-2,-2), (-2,-2), (-2,-2), (-2,-2)]
Turtle 3 :[(-3,-3), (36,34), (36,34), (35,34), (35,34), (34,34), (33,34), (33,34), (33,34), (32,34), (-3,-3), (-3,-3), (-3,-3)]
Turtle 4 :[(-4,-4), (36,35), (36,34), (37,34), (36,34), (37,34), (36,34), (35,34), (34,34), (34,35), (33,35), (33,34), (32,34)]
Turtle 5 :[(-5,-5), (44,3), (43,3), (42,3), (42,2), (42,2), (41,2), (41,1), (-5,-5), (-5,-5), (-5,-5), (-5,-5), (-5,-5)]

Shrinking Run 86
#Info# Executed steps before collision: 2, Found collision: true
Turtle 1 :[(-1,-1), (40,36), (40,35), (39,35), (38,35), (38,34), (37,34), (-1,-1), (-1,-1), (-1,-1), (-1,-1), (-1,-1)]
Turtle 2 :[(-2,-2), (45,3), (44,3), (44,2), (44,1), (43,1), (42,1), (-2,-2), (-2,-2), (-2,-2), (-2,-2), (-2,-2)]
Turtle 3 :[(-3,-3), (36,34), (36,34), (35,34), (35,34), (34,34), (33,34), (33,34), (33,34), (32,34), (-3,-3), (-3,-3)]
Turtle 4 :[(-4,-4), (36,35), (36,34), (36,35), (37,35), (36,35), (35,35), (34,35), (34,34), (34,34), (33,34), (32,34)]
Turtle 5 :[(-5,-5), (44,3), (43,3), (42,3), (42,2), (41,2), (40,2), (-5,-5), (-5,-5), (-5,-5), (-5,-5), (-5,-5)]

Shrinking Run 87
#Info# Executed steps before collision: 2, Found collision: true
Turtle 1 :[(-1,-1), (40,36), (40,35), (39,35), (38,35), (38,34), (37,34), (-1,-1), (-1,-1), (-1,-1), (-1,-1), (-1,-1), (-1,-1)]
Turtle 2 :[(-2,-2), (45,3), (44,3), (44,2), (44,1), (43,1), (42,1), (-2,-2), (-2,-2), (-2,-2), (-2,-2), (-2,-2), (-2,-2)]
Turtle 3 :[(-3,-3), (36,34), (36,34), (35,34), (35,34), (34,34), (33,34), (33,34), (33,34), (32,34), (-3,-3), (-3,-3), (-3,-3)]
Turtle 4 :[(-4,-4), (36,35), (36,34), (36,34), (35,34), (35,35), (34,35), (33,35), (33,35), (34,35), (33,35), (33,34), (32,34)]
Turtle 5 :[(-5,-5), (44,3), (43,3), (42,3), (41,3), (40,3), (40,2), (-5,-5), (-5,-5), (-5,-5), (-5,-5), (-5,-5), (-5,-5)]

Shrinking Run 88
#Info# Executed steps before collision: 2, Found collision: true
Turtle 1 :[(-1,-1), (40,36), (40,35), (39,35), (38,35), (38,34), (37,34), (-1,-1), (-1,-1), (-1,-1), (-1,-1), (-1,-1), (-1,-1)]
Turtle 2 :[(-2,-2), (45,3), (44,3), (44,2), (44,1), (43,1), (42,1), (-2,-2), (-2,-2), (-2,-2), (-2,-2), (-2,-2), (-2,-2)]
Turtle 3 :[(-3,-3), (36,34), (36,34), (35,34), (35,34), (34,34), (33,34), (33,34), (33,34), (32,34), (-3,-3), (-3,-3), (-3,-3)]
Turtle 4 :[(-4,-4), (36,35), (36,34), (37,34), (36,34), (35,34), (35,33), (34,33), (33,33), (34,33), (34,34), (33,34), (32,34)]
Turtle 5 :[(-5,-5), (44,3), (43,3), (42,3), (41,3), (40,3), (39,3), (-5,-5), (-5,-5), (-5,-5), (-5,-5), (-5,-5), (-5,-5)]

Shrinking Run 89
#Info# Executed steps before collision: 2, Found collision: true
Turtle 1 :[(-1,-1), (40,36), (39,36), (39,37), (38,37), (38,38), (37,38), (-1,-1), (-1,-1), (-1,-1), (-1,-1), (-1,-1)]
Turtle 2 :[(-2,-2), (45,3), (44,3), (44,2), (44,1), (43,1), (42,1), (-2,-2), (-2,-2), (-2,-2), (-2,-2), (-2,-2)]
Turtle 3 :[(-3,-3), (36,34), (36,34), (35,34), (35,34), (34,34), (33,34), (33,34), (33,34), (32,34), (-3,-3), (-3,-3)]
Turtle 4 :[(-4,-4), (36,35), (36,34), (36,34), (35,34), (36,34), (35,34), (36,34), (35,34), (34,34), (33,34), (32,34)]
Turtle 5 :[(-5,-5), (44,3), (43,3), (42,3), (41,3), (40,3), (39,3), (-5,-5), (-5,-5), (-5,-5), (-5,-5), (-5,-5)]

Shrinking Run 90
#Info# Executed steps before collision: 2, Found collision: true
Turtle 1 :[(-1,-1), (40,36), (39,36), (39,35), (38,35), (38,34), (37,34), (-1,-1), (-1,-1), (-1,-1), (-1,-1), (-1,-1), (-1,-1)]
Turtle 2 :[(-2,-2), (45,3), (44,3), (44,2), (44,1), (43,1), (42,1), (-2,-2), (-2,-2), (-2,-2), (-2,-2), (-2,-2), (-2,-2)]
Turtle 3 :[(-3,-3), (36,34), (36,34), (35,34), (35,34), (34,34), (33,34), (33,34), (33,34), (32,34), (-3,-3), (-3,-3), (-3,-3)]
Turtle 4 :[(-4,-4), (36,35), (36,34), (37,34), (36,34), (36,35), (35,35), (34,35), (34,34), (34,35), (33,35), (32,35), (32,34)]
Turtle 5 :[(-5,-5), (44,3), (43,3), (42,3), (41,3), (40,3), (39,3), (-5,-5), (-5,-5), (-5,-5), (-5,-5), (-5,-5), (-5,-5)]

Shrinking Run 91
#Info# Executed steps before collision: 2, Found collision: true
Turtle 1 :[(-1,-1), (40,36), (39,36), (38,36), (37,36), (37,35), (36,35), (-1,-1), (-1,-1), (-1,-1), (-1,-1)]
Turtle 2 :[(-2,-2), (45,3), (44,3), (44,2), (44,1), (43,1), (42,1), (-2,-2), (-2,-2), (-2,-2), (-2,-2)]
Turtle 3 :[(-3,-3), (36,34), (36,34), (35,34), (35,34), (34,34), (33,34), (33,34), (34,34), (33,34), (32,34)]
Turtle 4 :[(-4,-4), (36,35), (36,34), (36,33), (35,33), (34,33), (34,34), (33,34), (32,34), (-4,-4), (-4,-4)]
Turtle 5 :[(-5,-5), (44,3), (43,3), (42,3), (41,3), (40,3), (39,3), (-5,-5), (-5,-5), (-5,-5), (-5,-5)]

Shrinking Run 92
#Info# Executed steps before collision: 2, Found collision: true
Turtle 1 :[(-1,-1), (40,36), (39,36), (38,36), (37,36), (36,36), (36,35), (-1,-1), (-1,-1), (-1,-1), (-1,-1), (-1,-1)]
Turtle 2 :[(-2,-2), (45,3), (44,3), (44,2), (44,1), (43,1), (42,1), (-2,-2), (-2,-2), (-2,-2), (-2,-2), (-2,-2)]
Turtle 3 :[(-3,-3), (36,34), (36,34), (35,34), (35,34), (34,34), (33,34), (34,34), (33,34), (32,34), (-3,-3), (-3,-3)]
Turtle 4 :[(-4,-4), (36,35), (36,34), (36,34), (35,34), (34,34), (33,34), (33,35), (33,35), (33,35), (33,34), (32,34)]
Turtle 5 :[(-5,-5), (44,3), (43,3), (42,3), (41,3), (40,3), (39,3), (-5,-5), (-5,-5), (-5,-5), (-5,-5), (-5,-5)]

Shrinking Run 93
#Info# Executed steps before collision: 2, Found collision: true
Turtle 1 :[(-1,-1), (40,36), (39,36), (38,36), (37,36), (36,36), (35,36), (-1,-1), (-1,-1), (-1,-1)]
Turtle 2 :[(-2,-2), (45,3), (44,3), (44,2), (44,1), (43,1), (42,1), (-2,-2), (-2,-2), (-2,-2)]
Turtle 3 :[(-3,-3), (36,34), (36,34), (35,34), (35,34), (34,34), (33,34), (32,34), (-3,-3), (-3,-3)]
Turtle 4 :[(-4,-4), (36,35), (36,34), (36,34), (35,34), (34,34), (34,34), (33,34), (33,34), (32,34)]
Turtle 5 :[(-5,-5), (44,3), (43,3), (42,3), (41,3), (40,3), (39,3), (-5,-5), (-5,-5), (-5,-5)]

Shrinking Run 94
#Info# Executed steps before collision: 2, Found collision: true
Turtle 1 :[(-1,-1), (40,36), (39,36), (38,36), (37,36), (36,36), (35,36), (-1,-1), (-1,-1), (-1,-1), (-1,-1), (-1,-1)]
Turtle 2 :[(-2,-2), (45,3), (45,3), (45,2), (44,2), (43,2), (42,2), (42,2), (42,2), (42,1), (-2,-2), (-2,-2)]
Turtle 3 :[(-3,-3), (36,34), (36,34), (35,34), (35,34), (34,34), (33,34), (33,34), (33,34), (32,34), (-3,-3), (-3,-3)]
Turtle 4 :[(-4,-4), (36,35), (36,34), (36,34), (35,34), (35,33), (34,33), (34,34), (35,34), (34,34), (33,34), (32,34)]
Turtle 5 :[(-5,-5), (44,3), (43,3), (42,3), (41,3), (40,3), (39,3), (-5,-5), (-5,-5), (-5,-5), (-5,-5), (-5,-5)]

Shrinking Run 95
#Info# Executed steps before collision: 2, Found collision: true
Turtle 1 :[(-1,-1), (40,36), (39,36), (38,36), (37,36), (36,36), (35,36), (-1,-1), (-1,-1), (-1,-1), (-1,-1), (-1,-1), (-1,-1)]
Turtle 2 :[(-2,-2), (45,3), (45,3), (44,3), (44,2), (43,2), (42,2), (42,2), (42,2), (42,1), (-2,-2), (-2,-2), (-2,-2)]
Turtle 3 :[(-3,-3), (36,34), (36,34), (35,34), (35,34), (34,34), (33,34), (33,34), (33,34), (32,34), (-3,-3), (-3,-3), (-3,-3)]
Turtle 4 :[(-4,-4), (36,35), (36,34), (36,35), (36,34), (36,35), (35,35), (34,35), (34,34), (34,33), (33,33), (33,34), (32,34)]
Turtle 5 :[(-5,-5), (44,3), (43,3), (42,3), (41,3), (40,3), (39,3), (-5,-5), (-5,-5), (-5,-5), (-5,-5), (-5,-5), (-5,-5)]

Shrinking Run 96
#Info# Executed steps before collision: 2, Found collision: true
Turtle 1 :[(-1,-1), (40,36), (39,36), (38,36), (37,36), (36,36), (35,36), (-1,-1), (-1,-1)]
Turtle 2 :[(-2,-2), (45,3), (44,3), (44,3), (43,3), (42,3), (42,2), (41,2), (-2,-2)]
Turtle 3 :[(-3,-3), (36,34), (36,34), (35,34), (35,33), (34,33), (33,33), (32,33), (32,34)]
Turtle 4 :[(-4,-4), (36,35), (36,34), (35,34), (34,34), (33,34), (32,34), (-4,-4), (-4,-4)]
Turtle 5 :[(-5,-5), (44,3), (43,3), (42,3), (41,3), (40,3), (39,3), (-5,-5), (-5,-5)]

Shrinking Run 97
#Info# Executed steps before collision: 2, Found collision: true
Turtle 1 :[(-1,-1), (40,36), (39,36), (38,36), (37,36), (36,36), (35,36), (-1,-1), (-1,-1), (-1,-1)]
Turtle 2 :[(-2,-2), (45,3), (44,3), (45,3), (44,3), (43,3), (42,3), (41,3), (40,3), (-2,-2)]
Turtle 3 :[(-3,-3), (36,34), (36,34), (35,34), (34,34), (33,34), (32,34), (-3,-3), (-3,-3), (-3,-3)]
Turtle 4 :[(-4,-4), (36,35), (36,34), (35,34), (34,34), (34,34), (34,34), (34,34), (33,34), (32,34)]
Turtle 5 :[(-5,-5), (44,3), (43,3), (42,3), (41,3), (40,3), (39,3), (-5,-5), (-5,-5), (-5,-5)]

Shrinking Run 98
#Info# Executed steps before collision: 2, Found collision: true
Turtle 1 :[(-1,-1), (40,36), (39,36), (38,36), (37,36), (36,36), (35,36), (-1,-1), (-1,-1)]
Turtle 2 :[(-2,-2), (45,3), (44,3), (44,3), (43,3), (42,3), (41,3), (40,3), (-2,-2)]
Turtle 3 :[(-3,-3), (36,34), (36,34), (35,34), (35,35), (34,35), (33,35), (33,34), (32,34)]
Turtle 4 :[(-4,-4), (36,35), (36,34), (35,34), (34,34), (33,34), (32,34), (-4,-4), (-4,-4)]
Turtle 5 :[(-5,-5), (44,3), (43,3), (42,3), (41,3), (40,3), (39,3), (-5,-5), (-5,-5)]

Shrinking Run 99
#Info# Executed steps before collision: 2, Found collision: true
Turtle 1 :[(-1,-1), (40,36), (39,36), (38,36), (37,36), (36,36), (35,36), (-1,-1), (-1,-1), (-1,-1), (-1,-1)]
Turtle 2 :[(-2,-2), (45,3), (44,3), (44,3), (43,3), (42,3), (41,3), (40,3), (-2,-2), (-2,-2), (-2,-2)]
Turtle 3 :[(-3,-3), (36,34), (36,34), (36,35), (36,35), (36,36), (36,37), (35,37), (35,37), (35,37), (34,37)]
Turtle 4 :[(-4,-4), (36,35), (36,34), (35,34), (34,34), (33,34), (32,34), (-4,-4), (-4,-4), (-4,-4), (-4,-4)]
Turtle 5 :[(-5,-5), (44,3), (43,3), (42,3), (41,3), (40,3), (39,3), (-5,-5), (-5,-5), (-5,-5), (-5,-5)]

Shrinking Run 100
#Info# Executed steps before collision: 2, Found collision: true
Turtle 1 :[(-1,-1), (40,36), (39,36), (38,36), (37,36), (36,36), (35,36), (-1,-1), (-1,-1), (-1,-1), (-1,-1)]
Turtle 2 :[(-2,-2), (45,3), (44,3), (45,3), (44,3), (43,3), (42,3), (41,3), (40,3), (-2,-2), (-2,-2)]
Turtle 3 :[(-3,-3), (36,34), (36,34), (36,33), (36,33), (36,32), (36,31), (35,31), (35,31), (35,31), (34,31)]
Turtle 4 :[(-4,-4), (36,35), (36,34), (35,34), (34,34), (33,34), (32,34), (-4,-4), (-4,-4), (-4,-4), (-4,-4)]
Turtle 5 :[(-5,-5), (44,3), (43,3), (42,3), (41,3), (40,3), (39,3), (-5,-5), (-5,-5), (-5,-5), (-5,-5)]

Shrinking Run 101
#Info# Executed steps before collision: 2, Found collision: true
Turtle 1 :[(-1,-1), (40,36), (39,36), (38,36), (37,36), (36,36), (35,36), (-1,-1), (-1,-1), (-1,-1), (-1,-1)]
Turtle 2 :[(-2,-2), (45,3), (44,3), (44,2), (44,3), (43,3), (42,3), (41,3), (40,3), (-2,-2), (-2,-2)]
Turtle 3 :[(-3,-3), (36,34), (36,34), (35,34), (35,34), (35,33), (35,32), (34,32), (34,32), (34,32), (34,31)]
Turtle 4 :[(-4,-4), (36,35), (36,34), (37,34), (36,34), (36,33), (36,34), (35,34), (34,34), (33,34), (32,34)]
Turtle 5 :[(-5,-5), (44,3), (43,3), (42,3), (41,3), (40,3), (39,3), (-5,-5), (-5,-5), (-5,-5), (-5,-5)]

Shrinking Run 102
#Info# Executed steps before collision: 2, Found collision: true
Turtle 1 :[(-1,-1), (40,36), (39,36), (38,36), (37,36), (36,36), (35,36), (-1,-1), (-1,-1), (-1,-1), (-1,-1), (-1,-1)]
Turtle 2 :[(-2,-2), (45,3), (44,3), (45,3), (44,3), (43,3), (42,3), (41,3), (40,3), (-2,-2), (-2,-2), (-2,-2)]
Turtle 3 :[(-3,-3), (36,34), (36,34), (35,34), (35,34), (35,34), (34,34), (34,33), (33,33), (33,33), (33,33), (33,32)]
Turtle 4 :[(-4,-4), (36,35), (36,34), (35,34), (34,34), (33,34), (32,34), (-4,-4), (-4,-4), (-4,-4), (-4,-4), (-4,-4)]
Turtle 5 :[(-5,-5), (44,3), (43,3), (42,3), (41,3), (40,3), (39,3), (-5,-5), (-5,-5), (-5,-5), (-5,-5), (-5,-5)]

Shrinking Run 103
#Info# Executed steps before collision: 2, Found collision: true
Turtle 1 :[(-1,-1), (40,36), (39,36), (38,36), (37,36), (36,36), (35,36), (-1,-1), (-1,-1), (-1,-1), (-1,-1), (-1,-1), (-1,-1)]
Turtle 2 :[(-2,-2), (45,3), (44,3), (44,3), (43,3), (42,3), (41,3), (40,3), (-2,-2), (-2,-2), (-2,-2), (-2,-2), (-2,-2)]
Turtle 3 :[(-3,-3), (36,34), (36,34), (35,34), (35,34), (35,34), (34,34), (34,34), (33,34), (32,34), (32,34), (32,34), (32,33)]
Turtle 4 :[(-4,-4), (36,35), (36,34), (36,34), (35,34), (34,34), (33,34), (32,34), (-4,-4), (-4,-4), (-4,-4), (-4,-4), (-4,-4)]
Turtle 5 :[(-5,-5), (44,3), (43,3), (42,3), (41,3), (40,3), (39,3), (-5,-5), (-5,-5), (-5,-5), (-5,-5), (-5,-5), (-5,-5)]

Shrinking Run 104
#Info# Executed steps before collision: 2, Found collision: true
Turtle 1 :[(-1,-1), (40,36), (39,36), (38,36), (37,36), (36,36), (35,36), (-1,-1), (-1,-1), (-1,-1), (-1,-1), (-1,-1), (-1,-1), (-1,-1)]
Turtle 2 :[(-2,-2), (45,3), (44,3), (44,4), (43,4), (43,3), (42,3), (41,3), (40,3), (-2,-2), (-2,-2), (-2,-2), (-2,-2), (-2,-2)]
Turtle 3 :[(-3,-3), (36,34), (36,34), (35,34), (35,34), (34,34), (33,34), (32,34), (32,34), (32,34), (31,34), (-3,-3), (-3,-3), (-3,-3)]
Turtle 4 :[(-4,-4), (36,35), (36,34), (36,34), (35,34), (36,34), (35,34), (34,34), (33,34), (34,34), (34,33), (34,34), (33,34), (32,34)]
Turtle 5 :[(-5,-5), (44,3), (43,3), (42,3), (41,3), (40,3), (39,3), (-5,-5), (-5,-5), (-5,-5), (-5,-5), (-5,-5), (-5,-5), (-5,-5)]

Shrinking Run 105
#Info# Executed steps before collision: 8, Found collision: false
Turtle 1 :[(-1,-1), (40,36), (39,36), (38,36), (37,36), (36,36), (35,36), (-1,-1), (-1,-1)]
Turtle 2 :[(-2,-2), (45,3), (44,3), (44,4), (43,4), (43,3), (42,3), (41,3), (40,3)]
Turtle 3 :[(-3,-3), (36,34), (35,34), (34,34), (33,34), (32,34), (31,34), (-3,-3), (-3,-3)]
Turtle 4 :[(-4,-4), (36,35), (36,34), (36,34), (35,34), (34,34), (33,34), (32,34), (-4,-4)]
Turtle 5 :[(-5,-5), (44,3), (43,3), (42,3), (41,3), (40,3), (39,3), (-5,-5), (-5,-5)]

Shrinking Run 106
#Info# Executed steps before collision: 4, Found collision: true
Turtle 1 :[(-1,-1), (40,36), (39,36), (38,36), (37,36), (36,36), (35,36), (-1,-1), (-1,-1)]
Turtle 2 :[(-2,-2), (45,3), (44,3), (45,3), (44,3), (43,3), (42,3), (41,3), (40,3)]
Turtle 3 :[(-3,-3), (36,34), (35,34), (34,34), (34,34), (33,34), (32,34), (31,34), (-3,-3)]
Turtle 4 :[(-4,-4), (36,35), (36,34), (35,34), (34,34), (34,33), (33,33), (33,34), (32,34)]
Turtle 5 :[(-5,-5), (44,3), (43,3), (42,3), (41,3), (40,3), (39,3), (-5,-5), (-5,-5)]

Shrinking Run 107
#Info# Executed steps before collision: 9, Found collision: false
Turtle 1 :[(-1,-1), (40,36), (39,36), (38,36), (37,36), (36,36), (35,36), (-1,-1), (-1,-1), (-1,-1)]
Turtle 2 :[(-2,-2), (45,3), (44,3), (44,3), (43,3), (42,3), (41,3), (41,4), (40,4), (40,3)]
Turtle 3 :[(-3,-3), (36,34), (35,34), (34,34), (33,34), (32,34), (32,34), (31,34), (-3,-3), (-3,-3)]
Turtle 4 :[(-4,-4), (36,35), (36,34), (37,34), (36,34), (35,34), (34,34), (33,34), (32,34), (-4,-4)]
Turtle 5 :[(-5,-5), (44,3), (43,3), (42,3), (41,3), (40,3), (39,3), (-5,-5), (-5,-5), (-5,-5)]

Shrink Run 108
#Info# Executed steps before collision: 11, Found collision: false
Turtle 1 :[(-1,-1), (40,36), (39,36), (38,36), (37,36), (36,36), (35,36), (-1,-1), (-1,-1), (-1,-1), (-1,-1), (-1,-1)]
Turtle 2 :[(-2,-2), (45,3), (44,3), (44,4), (44,3), (43,3), (42,3), (41,3), (40,3), (-2,-2), (-2,-2), (-2,-2)]
Turtle 3 :[(-3,-3), (36,34), (35,34), (34,34), (34,34), (33,34), (32,34), (31,34), (-3,-3), (-3,-3), (-3,-3), (-3,-3)]
Turtle 4 :[(-4,-4), (36,35), (35,35), (35,35), (34,35), (34,35), (34,35), (33,35), (33,34), (33,34), (33,34), (33,33)]
Turtle 5 :[(-5,-5), (44,3), (43,3), (42,3), (41,3), (40,3), (39,3), (-5,-5), (-5,-5), (-5,-5), (-5,-5), (-5,-5)]

