Shrinking Run 1
#Info# Executed steps before collision: 10, Found collision: false
Turtle 1 :[(-1,-1), (11,15), (11,14), (10,14), (10,13), (9,13), (8,13), (-1,-1), (-1,-1), (-1,-1), (-1,-1)]
Turtle 2 :[(-2,-2), (9,0), (10,0), (-2,-2), (-2,-2), (-2,-2), (-2,-2), (-2,-2), (-2,-2), (-2,-2), (-2,-2)]
Turtle 3 :[(-3,-3), (18,2), (17,2), (16,2), (15,2), (-3,-3), (-3,-3), (-3,-3), (-3,-3), (-3,-3), (-3,-3)]
Turtle 4 :[(-4,-4), (5,12), (5,13), (5,12), (4,12), (4,13), (4,14), (4,15), (5,15), (6,15), (7,15)]
Turtle 5 :[(-5,-5), (7,13), (6,13), (5,13), (6,13), (5,13), (5,12), (5,11), (4,11), (-5,-5), (-5,-5)]

Shrinking Run 2
#Info# Executed steps before collision: 6, Found collision: false
Turtle 1 :[(-1,-1), (11,15), (11,14), (11,13), (11,12), (10,12), (9,12)]
Turtle 2 :[(-2,-2), (9,0), (10,0), (-2,-2), (-2,-2), (-2,-2), (-2,-2)]
Turtle 3 :[(-3,-3), (18,2), (17,2), (16,2), (15,2), (-3,-3), (-3,-3)]
Turtle 4 :[(-4,-4), (5,12), (5,13), (5,14), (5,15), (6,15), (7,15)]
Turtle 5 :[(-5,-5), (7,13), (6,13), (5,13), (5,12), (5,11), (4,11)]

Shrinking Run 3
#Info# Executed steps before collision: 8, Found collision: false
Turtle 1 :[(-1,-1), (11,15), (11,14), (11,13), (11,12), (12,12), (12,11), (-1,-1), (-1,-1)]
Turtle 2 :[(-2,-2), (9,0), (10,0), (-2,-2), (-2,-2), (-2,-2), (-2,-2), (-2,-2), (-2,-2)]
Turtle 3 :[(-3,-3), (18,2), (17,2), (16,2), (15,2), (-3,-3), (-3,-3), (-3,-3), (-3,-3)]
Turtle 4 :[(-4,-4), (5,12), (5,13), (5,14), (6,14), (6,15), (7,15), (-4,-4), (-4,-4)]
Turtle 5 :[(-5,-5), (7,13), (6,13), (7,13), (6,13), (6,12), (5,12), (4,12), (4,11)]

Shrinking Run 4
#Info# Executed steps before collision: 9, Found collision: false
Turtle 1 :[(-1,-1), (11,15), (11,14), (11,13), (11,12), (12,12), (13,12), (-1,-1), (-1,-1), (-1,-1)]
Turtle 2 :[(-2,-2), (9,0), (10,0), (-2,-2), (-2,-2), (-2,-2), (-2,-2), (-2,-2), (-2,-2), (-2,-2)]
Turtle 3 :[(-3,-3), (18,2), (17,2), (16,2), (15,2), (-3,-3), (-3,-3), (-3,-3), (-3,-3), (-3,-3)]
Turtle 4 :[(-4,-4), (5,12), (5,13), (4,13), (5,13), (6,13), (6,14), (6,15), (7,15), (-4,-4)]
Turtle 5 :[(-5,-5), (7,13), (6,13), (6,13), (7,13), (7,12), (6,12), (6,11), (5,11), (4,11)]

Shrinking Run 5
#Info# Executed steps before collision: 6, Found collision: false
Turtle 1 :[(-1,-1), (11,15), (11,14), (11,13), (11,12), (11,11), (12,11)]
Turtle 2 :[(-2,-2), (9,0), (10,0), (-2,-2), (-2,-2), (-2,-2), (-2,-2)]
Turtle 3 :[(-3,-3), (18,2), (17,2), (16,2), (15,2), (-3,-3), (-3,-3)]
Turtle 4 :[(-4,-4), (5,12), (5,13), (5,14), (5,15), (6,15), (7,15)]
Turtle 5 :[(-5,-5), (7,13), (6,13), (6,12), (6,11), (5,11), (4,11)]

Shrinking Run 6
#Info# Executed steps before collision: 8, Found collision: false
Turtle 1 :[(-1,-1), (11,15), (12,15), (13,15), (13,14), (14,14), (14,13), (-1,-1), (-1,-1)]
Turtle 2 :[(-2,-2), (9,0), (10,0), (-2,-2), (-2,-2), (-2,-2), (-2,-2), (-2,-2), (-2,-2)]
Turtle 3 :[(-3,-3), (18,2), (17,2), (16,2), (15,2), (-3,-3), (-3,-3), (-3,-3), (-3,-3)]
Turtle 4 :[(-4,-4), (5,12), (5,13), (5,14), (6,14), (7,14), (7,15), (-4,-4), (-4,-4)]
Turtle 5 :[(-5,-5), (7,13), (6,13), (7,13), (6,13), (6,12), (5,12), (4,12), (4,11)]

Shrinking Run 7
#Info# Executed steps before collision: 8, Found collision: false
Turtle 1 :[(-1,-1), (11,15), (11,14), (12,14), (13,14), (14,14), (14,13), (-1,-1), (-1,-1)]
Turtle 2 :[(-2,-2), (9,0), (10,0), (-2,-2), (-2,-2), (-2,-2), (-2,-2), (-2,-2), (-2,-2)]
Turtle 3 :[(-3,-3), (18,2), (17,2), (16,2), (15,2), (-3,-3), (-3,-3), (-3,-3), (-3,-3)]
Turtle 4 :[(-4,-4), (5,12), (5,13), (4,13), (4,14), (4,15), (5,15), (6,15), (7,15)]
Turtle 5 :[(-5,-5), (7,13), (6,13), (7,13), (6,13), (5,13), (5,12), (4,12), (4,11)]

Shrinking Run 8
#Info# Executed steps before collision: 10, Found collision: false
Turtle 1 :[(-1,-1), (11,15), (12,15), (13,15), (13,14), (13,13), (14,13), (-1,-1), (-1,-1), (-1,-1), (-1,-1)]
Turtle 2 :[(-2,-2), (9,0), (10,0), (-2,-2), (-2,-2), (-2,-2), (-2,-2), (-2,-2), (-2,-2), (-2,-2), (-2,-2)]
Turtle 3 :[(-3,-3), (18,2), (17,2), (16,2), (15,2), (-3,-3), (-3,-3), (-3,-3), (-3,-3), (-3,-3), (-3,-3)]
Turtle 4 :[(-4,-4), (5,12), (5,13), (6,13), (5,13), (4,13), (5,13), (5,14), (5,15), (6,15), (7,15)]
Turtle 5 :[(-5,-5), (7,13), (6,13), (7,13), (6,13), (6,12), (5,12), (5,11), (4,11), (-5,-5), (-5,-5)]

Shrinking Run 9
#Info# Executed steps before collision: 5, Found collision: true
Turtle 1 :[(-1,-1), (11,15), (11,14), (12,14), (13,14), (13,13), (14,13), (-1,-1), (-1,-1), (-1,-1)]
Turtle 2 :[(-2,-2), (9,0), (10,0), (-2,-2), (-2,-2), (-2,-2), (-2,-2), (-2,-2), (-2,-2), (-2,-2)]
Turtle 3 :[(-3,-3), (18,2), (17,2), (16,2), (15,2), (-3,-3), (-3,-3), (-3,-3), (-3,-3), (-3,-3)]
Turtle 4 :[(-4,-4), (5,12), (5,13), (5,12), (6,12), (7,12), (7,13), (7,14), (7,15), (-4,-4)]
Turtle 5 :[(-5,-5), (7,13), (6,13), (7,13), (7,12), (7,12), (6,12), (6,11), (5,11), (4,11)]

Shrinking Run 10
#Info# Executed steps before collision: 8, Found collision: false
Turtle 1 :[(-1,-1), (11,15), (11,14), (12,14), (13,14), (13,13), (14,13), (-1,-1), (-1,-1)]
Turtle 2 :[(-2,-2), (9,0), (8,0), (7,0), (6,0), (5,0), (4,0), (-2,-2), (-2,-2)]
Turtle 3 :[(-3,-3), (18,2), (17,2), (16,2), (15,2), (-3,-3), (-3,-3), (-3,-3), (-3,-3)]
Turtle 4 :[(-4,-4), (5,12), (5,13), (5,12), (6,12), (7,12), (7,13), (7,14), (7,15)]
Turtle 5 :[(-5,-5), (7,13), (6,13), (5,13), (4,13), (4,12), (4,11), (-5,-5), (-5,-5)]

Shrinking Run 11
#Info# Executed steps before collision: 8, Found collision: false
Turtle 1 :[(-1,-1), (11,15), (11,14), (12,14), (13,14), (13,13), (14,13), (-1,-1), (-1,-1)]
Turtle 2 :[(-2,-2), (9,0), (8,0), (7,0), (6,0), (-2,-2), (-2,-2), (-2,-2), (-2,-2)]
Turtle 3 :[(-3,-3), (18,2), (17,2), (16,2), (15,2), (-3,-3), (-3,-3), (-3,-3), (-3,-3)]
Turtle 4 :[(-4,-4), (5,12), (5,13), (5,14), (6,14), (7,14), (7,15), (-4,-4), (-4,-4)]
Turtle 5 :[(-5,-5), (7,13), (6,13), (7,13), (6,13), (5,13), (5,12), (4,12), (4,11)]

Shrinking Run 12
#Info# Executed steps before collision: 3, Found collision: true
Turtle 1 :[(-1,-1), (11,15), (11,14), (12,14), (13,14), (13,13), (14,13), (-1,-1)]
Turtle 2 :[(-2,-2), (9,0), (8,0), (-2,-2), (-2,-2), (-2,-2), (-2,-2), (-2,-2)]
Turtle 3 :[(-3,-3), (18,2), (17,2), (16,2), (15,2), (-3,-3), (-3,-3), (-3,-3)]
Turtle 4 :[(-4,-4), (5,12), (5,13), (6,13), (6,14), (7,14), (7,15), (-4,-4)]
Turtle 5 :[(-5,-5), (7,13), (6,13), (6,13), (5,13), (5,12), (4,12), (4,11)]

Shrinking Run 13
#Info# Executed steps before collision: 8, Found collision: false
Turtle 1 :[(-1,-1), (11,15), (11,14), (12,14), (13,14), (13,13), (14,13), (-1,-1), (-1,-1)]
Turtle 2 :[(-2,-2), (9,0), (8,0), (7,0), (-2,-2), (-2,-2), (-2,-2), (-2,-2), (-2,-2)]
Turtle 3 :[(-3,-3), (18,2), (17,2), (16,2), (15,2), (-3,-3), (-3,-3), (-3,-3), (-3,-3)]
Turtle 4 :[(-4,-4), (5,12), (5,13), (5,14), (6,14), (7,14), (7,15), (-4,-4), (-4,-4)]
Turtle 5 :[(-5,-5), (7,13), (6,13), (6,14), (6,13), (6,12), (5,12), (4,12), (4,11)]

Shrinking Run 14
#Info# Executed steps before collision: 7, Found collision: false
Turtle 1 :[(-1,-1), (11,15), (11,14), (12,14), (13,14), (13,13), (14,13), (-1,-1)]
Turtle 2 :[(-2,-2), (9,0), (8,0), (-2,-2), (-2,-2), (-2,-2), (-2,-2), (-2,-2)]
Turtle 3 :[(-3,-3), (18,2), (17,2), (16,2), (15,2), (14,2), (13,2), (-3,-3)]
Turtle 4 :[(-4,-4), (5,12), (5,13), (5,13), (6,13), (7,13), (7,14), (7,15)]
Turtle 5 :[(-5,-5), (7,13), (6,13), (6,12), (6,11), (5,11), (4,11), (-5,-5)]

Shrinking Run 15
#Info# Executed steps before collision: 8, Found collision: false
Turtle 1 :[(-1,-1), (11,15), (11,14), (12,14), (13,14), (13,13), (14,13), (-1,-1), (-1,-1)]
Turtle 2 :[(-2,-2), (9,0), (8,0), (-2,-2), (-2,-2), (-2,-2), (-2,-2), (-2,-2), (-2,-2)]
Turtle 3 :[(-3,-3), (18,2), (17,2), (16,2), (15,2), (14,2), (-3,-3), (-3,-3), (-3,-3)]
Turtle 4 :[(-4,-4), (5,12), (5,13), (5,14), (5,15), (6,15), (7,15), (-4,-4), (-4,-4)]
Turtle 5 :[(-5,-5), (7,13), (6,13), (7,13), (7,12), (6,12), (5,12), (5,11), (4,11)]

Shrinking Run 16
#Info# Executed steps before collision: 7, Found collision: false
Turtle 1 :[(-1,-1), (11,15), (11,14), (12,14), (13,14), (13,13), (14,13), (-1,-1)]
Turtle 2 :[(-2,-2), (9,0), (8,0), (-2,-2), (-2,-2), (-2,-2), (-2,-2), (-2,-2)]
Turtle 3 :[(-3,-3), (18,2), (17,2), (16,2), (16,1), (15,1), (15,0), (-3,-3)]
Turtle 4 :[(-4,-4), (5,12), (5,13), (5,14), (6,14), (7,14), (7,15), (-4,-4)]
Turtle 5 :[(-5,-5), (7,13), (6,13), (6,13), (5,13), (5,12), (4,12), (4,11)]

Shrinking Run 17
#Info# Executed steps before collision: 6, Found collision: false
Turtle 1 :[(-1,-1), (11,15), (11,14), (12,14), (13,14), (13,13), (14,13)]
Turtle 2 :[(-2,-2), (9,0), (8,0), (-2,-2), (-2,-2), (-2,-2), (-2,-2)]
Turtle 3 :[(-3,-3), (18,2), (17,2), (16,2), (15,2), (15,1), (-3,-3)]
Turtle 4 :[(-4,-4), (5,12), (5,13), (6,13), (6,14), (6,15), (7,15)]
Turtle 5 :[(-5,-5), (7,13), (6,13), (6,12), (5,12), (4,12), (4,11)]

Shrinking Run 18
#Info# Executed steps before collision: 6, Found collision: false
Turtle 1 :[(-1,-1), (11,15), (11,14), (12,14), (13,14), (13,13), (14,13)]
Turtle 2 :[(-2,-2), (9,0), (8,0), (-2,-2), (-2,-2), (-2,-2), (-2,-2)]
Turtle 3 :[(-3,-3), (18,2), (17,2), (16,2), (15,2), (-3,-3), (-3,-3)]
Turtle 4 :[(-4,-4), (5,12), (4,12), (3,12), (2,12), (2,13), (2,14)]
Turtle 5 :[(-5,-5), (7,13), (6,13), (5,13), (5,12), (4,12), (4,11)]

Shrinking Run 19
#Info# Executed steps before collision: 6, Found collision: false
Turtle 1 :[(-1,-1), (11,15), (11,14), (12,14), (13,14), (13,13), (14,13)]
Turtle 2 :[(-2,-2), (9,0), (8,0), (-2,-2), (-2,-2), (-2,-2), (-2,-2)]
Turtle 3 :[(-3,-3), (18,2), (17,2), (16,2), (15,2), (-3,-3), (-3,-3)]
Turtle 4 :[(-4,-4), (5,12), (4,12), (3,12), (3,13), (3,14), (3,15)]
Turtle 5 :[(-5,-5), (7,13), (6,13), (5,13), (5,12), (4,12), (4,11)]

Shrinking Run 20
#Info# Executed steps before collision: 9, Found collision: false
Turtle 1 :[(-1,-1), (11,15), (11,14), (12,14), (13,14), (13,13), (14,13), (-1,-1), (-1,-1), (-1,-1)]
Turtle 2 :[(-2,-2), (9,0), (8,0), (-2,-2), (-2,-2), (-2,-2), (-2,-2), (-2,-2), (-2,-2), (-2,-2)]
Turtle 3 :[(-3,-3), (18,2), (17,2), (16,2), (15,2), (-3,-3), (-3,-3), (-3,-3), (-3,-3), (-3,-3)]
Turtle 4 :[(-4,-4), (5,12), (5,13), (5,14), (5,15), (6,15), (-4,-4), (-4,-4), (-4,-4), (-4,-4)]
Turtle 5 :[(-5,-5), (7,13), (6,13), (6,14), (6,14), (5,14), (4,14), (4,13), (4,12), (4,11)]

Shrinking Run 21
#Info# Executed steps before collision: 6, Found collision: false
Turtle 1 :[(-1,-1), (11,15), (11,14), (12,14), (13,14), (13,13), (14,13)]
Turtle 2 :[(-2,-2), (9,0), (8,0), (-2,-2), (-2,-2), (-2,-2), (-2,-2)]
Turtle 3 :[(-3,-3), (18,2), (17,2), (16,2), (15,2), (-3,-3), (-3,-3)]
Turtle 4 :[(-4,-4), (5,12), (6,12), (7,12), (7,13), (7,14), (7,15)]
Turtle 5 :[(-5,-5), (7,13), (6,13), (5,13), (5,12), (4,12), (4,11)]

Shrinking Run 22
#Info# Executed steps before collision: 6, Found collision: false
Turtle 1 :[(-1,-1), (11,15), (11,14), (12,14), (13,14), (13,13), (14,13)]
Turtle 2 :[(-2,-2), (9,0), (8,0), (-2,-2), (-2,-2), (-2,-2), (-2,-2)]
Turtle 3 :[(-3,-3), (18,2), (17,2), (16,2), (15,2), (-3,-3), (-3,-3)]
Turtle 4 :[(-4,-4), (5,12), (5,11), (6,11), (6,10), (6,9), (6,8)]
Turtle 5 :[(-5,-5), (7,13), (6,13), (5,13), (5,12), (4,12), (4,11)]

Shrinking Run 23
#Info# Executed steps before collision: 6, Found collision: false
Turtle 1 :[(-1,-1), (11,15), (11,14), (12,14), (13,14), (13,13), (14,13)]
Turtle 2 :[(-2,-2), (9,0), (8,0), (-2,-2), (-2,-2), (-2,-2), (-2,-2)]
Turtle 3 :[(-3,-3), (18,2), (17,2), (16,2), (15,2), (-3,-3), (-3,-3)]
Turtle 4 :[(-4,-4), (5,12), (5,11), (6,11), (7,11), (7,10), (7,9)]
Turtle 5 :[(-5,-5), (7,13), (6,13), (5,13), (5,12), (4,12), (4,11)]

Shrinking Run 24
#Info# Executed steps before collision: 6, Found collision: false
Turtle 1 :[(-1,-1), (11,15), (11,14), (12,14), (13,14), (13,13), (14,13)]
Turtle 2 :[(-2,-2), (9,0), (8,0), (-2,-2), (-2,-2), (-2,-2), (-2,-2)]
Turtle 3 :[(-3,-3), (18,2), (17,2), (16,2), (15,2), (-3,-3), (-3,-3)]
Turtle 4 :[(-4,-4), (5,12), (6,12), (7,12), (8,12), (8,13), (9,13)]
Turtle 5 :[(-5,-5), (7,13), (6,13), (5,13), (5,12), (4,12), (4,11)]

Shrinking Run 25
#Info# Executed steps before collision: 6, Found collision: false
Turtle 1 :[(-1,-1), (11,15), (11,14), (12,14), (13,14), (13,13), (14,13)]
Turtle 2 :[(-2,-2), (9,0), (8,0), (-2,-2), (-2,-2), (-2,-2), (-2,-2)]
Turtle 3 :[(-3,-3), (18,2), (17,2), (16,2), (15,2), (-3,-3), (-3,-3)]
Turtle 4 :[(-4,-4), (5,12), (6,12), (7,12), (8,12), (8,13), (8,14)]
Turtle 5 :[(-5,-5), (7,13), (6,13), (5,13), (5,12), (4,12), (4,11)]

Shrinking Run 26
#Info# Executed steps before collision: 8, Found collision: false
Turtle 1 :[(-1,-1), (11,15), (11,14), (12,14), (13,14), (13,13), (14,13), (-1,-1), (-1,-1)]
Turtle 2 :[(-2,-2), (9,0), (8,0), (-2,-2), (-2,-2), (-2,-2), (-2,-2), (-2,-2), (-2,-2)]
Turtle 3 :[(-3,-3), (18,2), (17,2), (16,2), (15,2), (-3,-3), (-3,-3), (-3,-3), (-3,-3)]
Turtle 4 :[(-4,-4), (5,12), (5,13), (6,13), (6,13), (7,13), (7,14), (8,14), (-4,-4)]
Turtle 5 :[(-5,-5), (7,13), (6,13), (7,13), (7,12), (6,12), (5,12), (5,11), (4,11)]

Shrinking Run 27
#Info# Executed steps before collision: 8, Found collision: false
Turtle 1 :[(-1,-1), (11,15), (11,14), (12,14), (13,14), (13,13), (14,13), (-1,-1), (-1,-1)]
Turtle 2 :[(-2,-2), (9,0), (8,0), (-2,-2), (-2,-2), (-2,-2), (-2,-2), (-2,-2), (-2,-2)]
Turtle 3 :[(-3,-3), (18,2), (17,2), (16,2), (15,2), (-3,-3), (-3,-3), (-3,-3), (-3,-3)]
Turtle 4 :[(-4,-4), (5,12), (5,13), (4,13), (5,13), (6,13), (7,13), (7,14), (8,14)]
Turtle 5 :[(-5,-5), (7,13), (6,13), (6,13), (6,12), (5,12), (4,12), (4,11), (-5,-5)]

Shrinking Run 28
#Info# Executed steps before collision: 6, Found collision: false
Turtle 1 :[(-1,-1), (11,15), (11,14), (12,14), (13,14), (13,13), (14,13)]
Turtle 2 :[(-2,-2), (9,0), (8,0), (-2,-2), (-2,-2), (-2,-2), (-2,-2)]
Turtle 3 :[(-3,-3), (18,2), (17,2), (16,2), (15,2), (-3,-3), (-3,-3)]
Turtle 4 :[(-4,-4), (5,12), (6,12), (6,13), (6,14), (6,15), (7,15)]
Turtle 5 :[(-5,-5), (7,13), (6,13), (5,13), (5,12), (4,12), (4,11)]

Shrinking Run 29
#Info# Executed steps before collision: 8, Found collision: false
Turtle 1 :[(-1,-1), (11,15), (11,14), (12,14), (13,14), (13,13), (14,13), (-1,-1), (-1,-1)]
Turtle 2 :[(-2,-2), (9,0), (8,0), (-2,-2), (-2,-2), (-2,-2), (-2,-2), (-2,-2), (-2,-2)]
Turtle 3 :[(-3,-3), (18,2), (17,2), (16,2), (15,2), (-3,-3), (-3,-3), (-3,-3), (-3,-3)]
Turtle 4 :[(-4,-4), (5,12), (5,13), (5,14), (5,15), (6,15), (7,15), (-4,-4), (-4,-4)]
Turtle 5 :[(-5,-5), (7,13), (6,13), (7,13), (7,12), (7,11), (6,11), (6,10), (5,10)]

Shrinking Run 30
#Info# Executed steps before collision: 6, Found collision: false
Turtle 1 :[(-1,-1), (11,15), (11,14), (12,14), (13,14), (13,13), (14,13)]
Turtle 2 :[(-2,-2), (9,0), (8,0), (-2,-2), (-2,-2), (-2,-2), (-2,-2)]
Turtle 3 :[(-3,-3), (18,2), (17,2), (16,2), (15,2), (-3,-3), (-3,-3)]
Turtle 4 :[(-4,-4), (5,12), (5,13), (6,13), (7,13), (7,14), (7,15)]
Turtle 5 :[(-5,-5), (7,13), (7,12), (6,12), (6,11), (5,11), (5,10)]

Shrinking Run 31
#Info# Executed steps before collision: 8, Found collision: false
Turtle 1 :[(-1,-1), (11,15), (11,14), (12,14), (13,14), (13,13), (14,13), (-1,-1), (-1,-1)]
Turtle 2 :[(-2,-2), (9,0), (8,0), (-2,-2), (-2,-2), (-2,-2), (-2,-2), (-2,-2), (-2,-2)]
Turtle 3 :[(-3,-3), (18,2), (17,2), (16,2), (15,2), (-3,-3), (-3,-3), (-3,-3), (-3,-3)]
Turtle 4 :[(-4,-4), (5,12), (5,13), (4,13), (5,13), (6,13), (6,14), (7,14), (7,15)]
Turtle 5 :[(-5,-5), (7,13), (6,13), (6,14), (6,13), (6,12), (6,11), (5,11), (4,11)]

Shrinking Run 32
#Info# Executed steps before collision: 10, Found collision: false
Turtle 1 :[(-1,-1), (11,15), (11,14), (12,14), (13,14), (13,13), (14,13), (-1,-1), (-1,-1), (-1,-1), (-1,-1)]
Turtle 2 :[(-2,-2), (9,0), (8,0), (-2,-2), (-2,-2), (-2,-2), (-2,-2), (-2,-2), (-2,-2), (-2,-2), (-2,-2)]
Turtle 3 :[(-3,-3), (18,2), (17,2), (16,2), (15,2), (-3,-3), (-3,-3), (-3,-3), (-3,-3), (-3,-3), (-3,-3)]
Turtle 4 :[(-4,-4), (5,12), (5,13), (4,13), (4,14), (4,13), (4,14), (4,15), (5,15), (6,15), (7,15)]
Turtle 5 :[(-5,-5), (7,13), (6,13), (5,13), (5,14), (5,13), (5,12), (4,12), (3,12), (-5,-5), (-5,-5)]

Shrinking Run 33
#Info# Executed steps before collision: 6, Found collision: false
Turtle 1 :[(-1,-1), (11,15), (11,14), (12,14), (13,14), (13,13), (14,13)]
Turtle 2 :[(-2,-2), (9,0), (8,0), (-2,-2), (-2,-2), (-2,-2), (-2,-2)]
Turtle 3 :[(-3,-3), (18,2), (17,2), (16,2), (15,2), (-3,-3), (-3,-3)]
Turtle 4 :[(-4,-4), (5,12), (5,13), (6,13), (7,13), (7,14), (7,15)]
Turtle 5 :[(-5,-5), (7,13), (7,12), (6,12), (5,12), (4,12), (4,11)]

Shrinking Run 34
#Info# Executed steps before collision: 8, Found collision: false
Turtle 1 :[(-1,-1), (11,15), (11,14), (12,14), (13,14), (13,13), (14,13), (-1,-1), (-1,-1)]
Turtle 2 :[(-2,-2), (9,0), (8,0), (-2,-2), (-2,-2), (-2,-2), (-2,-2), (-2,-2), (-2,-2)]
Turtle 3 :[(-3,-3), (18,2), (17,2), (16,2), (15,2), (-3,-3), (-3,-3), (-3,-3), (-3,-3)]
Turtle 4 :[(-4,-4), (5,12), (5,13), (5,12), (5,13), (6,13), (6,14), (7,14), (7,15)]
Turtle 5 :[(-5,-5), (7,13), (6,13), (6,12), (7,12), (6,12), (5,12), (5,11), (4,11)]

Shrinking Run 35
#Info# Executed steps before collision: 5, Found collision: true
Turtle 1 :[(-1,-1), (11,15), (11,14), (10,14), (10,13), (9,13), (8,13), (-1,-1), (-1,-1), (-1,-1)]
Turtle 2 :[(-2,-2), (9,0), (8,0), (-2,-2), (-2,-2), (-2,-2), (-2,-2), (-2,-2), (-2,-2), (-2,-2)]
Turtle 3 :[(-3,-3), (18,2), (17,2), (16,2), (15,2), (-3,-3), (-3,-3), (-3,-3), (-3,-3), (-3,-3)]
Turtle 4 :[(-4,-4), (5,12), (5,13), (6,13), (6,12), (6,13), (6,14), (7,14), (7,15), (-4,-4)]
Turtle 5 :[(-5,-5), (7,13), (6,13), (6,14), (6,14), (6,13), (5,13), (5,12), (4,12), (4,11)]

Shrinking Run 36
#Info# Executed steps before collision: 8, Found collision: false
Turtle 1 :[(-1,-1), (11,15), (10,15), (9,15), (9,14), (8,14), (7,14), (-1,-1), (-1,-1)]
Turtle 2 :[(-2,-2), (9,0), (8,0), (-2,-2), (-2,-2), (-2,-2), (-2,-2), (-2,-2), (-2,-2)]
Turtle 3 :[(-3,-3), (18,2), (17,2), (16,2), (15,2), (-3,-3), (-3,-3), (-3,-3), (-3,-3)]
Turtle 4 :[(-4,-4), (5,12), (5,13), (6,13), (6,14), (6,15), (7,15), (-4,-4), (-4,-4)]
Turtle 5 :[(-5,-5), (7,13), (6,13), (7,13), (7,12), (6,12), (5,12), (5,11), (4,11)]

Shrinking Run 37
#Info# Executed steps before collision: 6, Found collision: true
Turtle 1 :[(-1,-1), (11,15), (11,14), (10,14), (9,14), (8,14), (7,14), (-1,-1), (-1,-1)]
Turtle 2 :[(-2,-2), (9,0), (8,0), (-2,-2), (-2,-2), (-2,-2), (-2,-2), (-2,-2), (-2,-2)]
Turtle 3 :[(-3,-3), (18,2), (17,2), (16,2), (15,2), (-3,-3), (-3,-3), (-3,-3), (-3,-3)]
Turtle 4 :[(-4,-4), (5,12), (5,13), (5,13), (6,13), (7,13), (7,14), (7,15), (-4,-4)]
Turtle 5 :[(-5,-5), (7,13), (6,13), (7,13), (7,12), (6,12), (5,12), (5,11), (4,11)]

Shrinking Run 38
#Info# Executed steps before collision: 6, Found collision: false
Turtle 1 :[(-1,-1), (11,15), (10,15), (9,15), (8,15), (8,14), (7,14)]
Turtle 2 :[(-2,-2), (9,0), (8,0), (-2,-2), (-2,-2), (-2,-2), (-2,-2)]
Turtle 3 :[(-3,-3), (18,2), (17,2), (16,2), (15,2), (-3,-3), (-3,-3)]
Turtle 4 :[(-4,-4), (5,12), (5,13), (6,13), (6,14), (6,15), (7,15)]
Turtle 5 :[(-5,-5), (7,13), (6,13), (6,12), (5,12), (4,12), (4,11)]

Shrinking Run 39
#Info# Executed steps before collision: 4, Found collision: true
Turtle 1 :[(-1,-1), (11,15), (11,14), (10,14), (9,14), (8,14), (7,14), (-1,-1), (-1,-1), (-1,-1), (-1,-1)]
Turtle 2 :[(-2,-2), (9,0), (8,0), (7,0), (6,0), (5,0), (4,0), (-2,-2), (-2,-2), (-2,-2), (-2,-2)]
Turtle 3 :[(-3,-3), (18,2), (17,2), (16,2), (15,2), (-3,-3), (-3,-3), (-3,-3), (-3,-3), (-3,-3), (-3,-3)]
Turtle 4 :[(-4,-4), (5,12), (5,13), (5,12), (6,12), (6,13), (6,14), (5,14), (6,14), (6,15), (7,15)]
Turtle 5 :[(-5,-5), (7,13), (6,13), (6,12), (6,12), (5,12), (5,11), (4,11), (-5,-5), (-5,-5), (-5,-5)]

Shrinking Run 40
#Info# Executed steps before collision: 9, Found collision: false
Turtle 1 :[(-1,-1), (11,15), (11,14), (10,14), (9,14), (8,14), (7,14), (-1,-1), (-1,-1), (-1,-1)]
Turtle 2 :[(-2,-2), (9,0), (8,0), (7,0), (6,0), (5,0), (4,0), (-2,-2), (-2,-2), (-2,-2)]
Turtle 3 :[(-3,-3), (18,2), (17,2), (16,2), (15,2), (14,2), (13,2), (-3,-3), (-3,-3), (-3,-3)]
Turtle 4 :[(-4,-4), (5,12), (5,13), (5,14), (5,13), (6,13), (6,14), (6,15), (7,15), (-4,-4)]
Turtle 5 :[(-5,-5), (7,13), (6,13), (6,14), (5,14), (5,14), (5,13), (5,12), (4,12), (4,11)]

Shrinking Run 41
#Info# Executed steps before collision: 6, Found collision: false
Turtle 1 :[(-1,-1), (11,15), (11,14), (10,14), (9,14), (8,14), (7,14)]
Turtle 2 :[(-2,-2), (9,0), (8,0), (7,0), (6,0), (5,0), (4,0)]
Turtle 3 :[(-3,-3), (18,2), (17,2), (16,2), (15,2), (14,2), (-3,-3)]
Turtle 4 :[(-4,-4), (5,12), (5,13), (6,13), (6,14), (6,15), (7,15)]
Turtle 5 :[(-5,-5), (7,13), (6,13), (5,13), (5,12), (5,11), (4,11)]

Shrinking Run 42
#Info# Executed steps before collision: 10, Found collision: false
Turtle 1 :[(-1,-1), (11,15), (11,14), (10,14), (9,14), (8,14), (7,14), (-1,-1), (-1,-1), (-1,-1), (-1,-1)]
Turtle 2 :[(-2,-2), (9,0), (8,0), (7,0), (6,0), (5,0), (4,0), (-2,-2), (-2,-2), (-2,-2), (-2,-2)]
Turtle 3 :[(-3,-3), (18,2), (17,2), (16,2), (16,1), (15,1), (15,0), (-3,-3), (-3,-3), (-3,-3), (-3,-3)]
Turtle 4 :[(-4,-4), (5,12), (5,13), (6,13), (7,13), (7,14), (7,15), (-4,-4), (-4,-4), (-4,-4), (-4,-4)]
Turtle 5 :[(-5,-5), (7,13), (6,13), (6,14), (6,15), (6,14), (6,13), (5,13), (5,12), (5,11), (4,11)]

Shrinking Run 43
#Info# Executed steps before collision: 9, Found collision: false
Turtle 1 :[(-1,-1), (11,15), (11,14), (10,14), (9,14), (8,14), (7,14), (-1,-1), (-1,-1), (-1,-1)]
Turtle 2 :[(-2,-2), (9,0), (8,0), (7,0), (6,0), (5,0), (4,0), (-2,-2), (-2,-2), (-2,-2)]
Turtle 3 :[(-3,-3), (18,2), (17,2), (16,2), (15,2), (15,1), (-3,-3), (-3,-3), (-3,-3), (-3,-3)]
Turtle 4 :[(-4,-4), (5,12), (5,13), (4,13), (5,13), (6,13), (6,14), (6,14), (7,14), (7,15)]
Turtle 5 :[(-5,-5), (7,13), (6,13), (7,13), (7,12), (6,12), (5,12), (5,11), (4,11), (-5,-5)]

Shrinking Run 44
#Info# Executed steps before collision: 6, Found collision: false
Turtle 1 :[(-1,-1), (11,15), (11,14), (10,14), (9,14), (8,14), (7,14)]
Turtle 2 :[(-2,-2), (9,0), (8,0), (7,0), (6,0), (5,0), (4,0)]
Turtle 3 :[(-3,-3), (18,2), (17,2), (16,2), (15,2), (-3,-3), (-3,-3)]
Turtle 4 :[(-4,-4), (5,12), (4,12), (3,12), (2,12), (2,13), (2,14)]
Turtle 5 :[(-5,-5), (7,13), (6,13), (5,13), (5,12), (4,12), (4,11)]

Shrinking Run 45
#Info# Executed steps before collision: 6, Found collision: false
Turtle 1 :[(-1,-1), (11,15), (11,14), (10,14), (9,14), (8,14), (7,14)]
Turtle 2 :[(-2,-2), (9,0), (8,0), (7,0), (6,0), (5,0), (4,0)]
Turtle 3 :[(-3,-3), (18,2), (17,2), (16,2), (15,2), (-3,-3), (-3,-3)]
Turtle 4 :[(-4,-4), (5,12), (4,12), (3,12), (3,13), (3,14), (3,15)]
Turtle 5 :[(-5,-5), (7,13), (6,13), (5,13), (5,12), (4,12), (4,11)]

Shrinking Run 46
#Info# Executed steps before collision: 6, Found collision: false
Turtle 1 :[(-1,-1), (11,15), (11,14), (10,14), (9,14), (8,14), (7,14)]
Turtle 2 :[(-2,-2), (9,0), (8,0), (7,0), (6,0), (5,0), (4,0)]
Turtle 3 :[(-3,-3), (18,2), (17,2), (16,2), (15,2), (-3,-3), (-3,-3)]
Turtle 4 :[(-4,-4), (5,12), (5,13), (5,14), (5,15), (6,15), (-4,-4)]
Turtle 5 :[(-5,-5), (7,13), (6,13), (6,12), (5,12), (4,12), (4,11)]

Shrinking Run 47
#Info# Executed steps before collision: 6, Found collision: false
Turtle 1 :[(-1,-1), (11,15), (11,14), (10,14), (9,14), (8,14), (7,14)]
Turtle 2 :[(-2,-2), (9,0), (8,0), (7,0), (6,0), (5,0), (4,0)]
Turtle 3 :[(-3,-3), (18,2), (17,2), (16,2), (15,2), (-3,-3), (-3,-3)]
Turtle 4 :[(-4,-4), (5,12), (6,12), (7,12), (7,13), (7,14), (7,15)]
Turtle 5 :[(-5,-5), (7,13), (6,13), (5,13), (5,12), (4,12), (4,11)]

Shrinking Run 48
#Info# Executed steps before collision: 6, Found collision: false
Turtle 1 :[(-1,-1), (11,15), (11,14), (10,14), (9,14), (8,14), (7,14)]
Turtle 2 :[(-2,-2), (9,0), (8,0), (7,0), (6,0), (5,0), (4,0)]
Turtle 3 :[(-3,-3), (18,2), (17,2), (16,2), (15,2), (-3,-3), (-3,-3)]
Turtle 4 :[(-4,-4), (5,12), (5,11), (6,11), (6,10), (6,9), (6,8)]
Turtle 5 :[(-5,-5), (7,13), (6,13), (5,13), (5,12), (4,12), (4,11)]

Shrinking Run 49
#Info# Executed steps before collision: 6, Found collision: false
Turtle 1 :[(-1,-1), (11,15), (11,14), (10,14), (9,14), (8,14), (7,14)]
Turtle 2 :[(-2,-2), (9,0), (8,0), (7,0), (6,0), (5,0), (4,0)]
Turtle 3 :[(-3,-3), (18,2), (17,2), (16,2), (15,2), (-3,-3), (-3,-3)]
Turtle 4 :[(-4,-4), (5,12), (5,11), (6,11), (7,11), (7,10), (7,9)]
Turtle 5 :[(-5,-5), (7,13), (6,13), (5,13), (5,12), (4,12), (4,11)]

Shrinking Run 50
#Info# Executed steps before collision: 6, Found collision: false
Turtle 1 :[(-1,-1), (11,15), (11,14), (10,14), (9,14), (8,14), (7,14)]
Turtle 2 :[(-2,-2), (9,0), (8,0), (7,0), (6,0), (5,0), (4,0)]
Turtle 3 :[(-3,-3), (18,2), (17,2), (16,2), (15,2), (-3,-3), (-3,-3)]
Turtle 4 :[(-4,-4), (5,12), (6,12), (7,12), (8,12), (8,13), (9,13)]
Turtle 5 :[(-5,-5), (7,13), (6,13), (5,13), (5,12), (4,12), (4,11)]

Shrinking Run 51
#Info# Executed steps before collision: 8, Found collision: false
Turtle 1 :[(-1,-1), (11,15), (11,14), (10,14), (9,14), (8,14), (7,14), (-1,-1), (-1,-1)]
Turtle 2 :[(-2,-2), (9,0), (8,0), (7,0), (6,0), (5,0), (4,0), (-2,-2), (-2,-2)]
Turtle 3 :[(-3,-3), (18,2), (17,2), (16,2), (15,2), (-3,-3), (-3,-3), (-3,-3), (-3,-3)]
Turtle 4 :[(-4,-4), (5,12), (6,12), (7,12), (8,12), (8,13), (8,12), (8,13), (8,14)]
Turtle 5 :[(-5,-5), (7,13), (6,13), (5,13), (5,12), (4,12), (4,11), (-5,-5), (-5,-5)]

Shrinking Run 52
#Info# Executed steps before collision: 10, Found collision: false
Turtle 1 :[(-1,-1), (11,15), (11,14), (10,14), (9,14), (8,14), (7,14), (-1,-1), (-1,-1), (-1,-1), (-1,-1)]
Turtle 2 :[(-2,-2), (9,0), (8,0), (7,0), (6,0), (5,0), (4,0), (-2,-2), (-2,-2), (-2,-2), (-2,-2)]
Turtle 3 :[(-3,-3), (18,2), (17,2), (16,2), (15,2), (-3,-3), (-3,-3), (-3,-3), (-3,-3), (-3,-3), (-3,-3)]
Turtle 4 :[(-4,-4), (5,12), (5,13), (5,12), (5,13), (5,14), (6,14), (6,15), (7,15), (8,15), (8,14)]
Turtle 5 :[(-5,-5), (7,13), (6,13), (6,12), (5,12), (5,11), (4,11), (-5,-5), (-5,-5), (-5,-5), (-5,-5)]

Shrinking Run 53
#Info# Executed steps before collision: 8, Found collision: false
Turtle 1 :[(-1,-1), (11,15), (11,14), (10,14), (9,14), (8,14), (7,14), (-1,-1), (-1,-1)]
Turtle 2 :[(-2,-2), (9,0), (8,0), (7,0), (6,0), (5,0), (4,0), (-2,-2), (-2,-2)]
Turtle 3 :[(-3,-3), (18,2), (17,2), (16,2), (15,2), (-3,-3), (-3,-3), (-3,-3), (-3,-3)]
Turtle 4 :[(-4,-4), (5,12), (5,13), (5,14), (6,14), (7,14), (7,15), (8,15), (8,14)]
Turtle 5 :[(-5,-5), (7,13), (6,13), (7,13), (7,12), (7,11), (6,11), (5,11), (4,11)]

Shrinking Run 54
#Info# Executed steps before collision: 10, Found collision: false
Turtle 1 :[(-1,-1), (11,15), (11,14), (10,14), (9,14), (8,14), (7,14), (-1,-1), (-1,-1), (-1,-1), (-1,-1)]
Turtle 2 :[(-2,-2), (9,0), (8,0), (7,0), (6,0), (5,0), (4,0), (-2,-2), (-2,-2), (-2,-2), (-2,-2)]
Turtle 3 :[(-3,-3), (18,2), (17,2), (16,2), (15,2), (-3,-3), (-3,-3), (-3,-3), (-3,-3), (-3,-3), (-3,-3)]
Turtle 4 :[(-4,-4), (5,12), (6,12), (6,12), (6,13), (7,13), (7,13), (7,12), (7,13), (7,14), (7,15)]
Turtle 5 :[(-5,-5), (7,13), (6,13), (5,13), (5,12), (4,12), (4,11), (-5,-5), (-5,-5), (-5,-5), (-5,-5)]

Shrinking Run 55
#Info# Executed steps before collision: 10, Found collision: false
Turtle 1 :[(-1,-1), (11,15), (11,14), (10,14), (9,14), (8,14), (7,14), (-1,-1), (-1,-1), (-1,-1), (-1,-1)]
Turtle 2 :[(-2,-2), (9,0), (8,0), (7,0), (6,0), (5,0), (4,0), (-2,-2), (-2,-2), (-2,-2), (-2,-2)]
Turtle 3 :[(-3,-3), (18,2), (17,2), (16,2), (15,2), (-3,-3), (-3,-3), (-3,-3), (-3,-3), (-3,-3), (-3,-3)]
Turtle 4 :[(-4,-4), (5,12), (5,13), (5,13), (6,13), (7,13), (7,13), (8,13), (7,13), (7,14), (7,15)]
Turtle 5 :[(-5,-5), (7,13), (6,13), (6,14), (6,14), (6,13), (6,12), (6,11), (6,10), (5,10), (-5,-5)]

Shrinking Run 56
#Info# Executed steps before collision: 6, Found collision: false
Turtle 1 :[(-1,-1), (11,15), (11,14), (10,14), (9,14), (8,14), (7,14)]
Turtle 2 :[(-2,-2), (9,0), (8,0), (7,0), (6,0), (5,0), (4,0)]
Turtle 3 :[(-3,-3), (18,2), (17,2), (16,2), (15,2), (-3,-3), (-3,-3)]
Turtle 4 :[(-4,-4), (5,12), (5,13), (6,13), (7,13), (7,14), (7,15)]
Turtle 5 :[(-5,-5), (7,13), (7,12), (6,12), (6,11), (5,11), (5,10)]

Shrinking Run 57
#Info# Executed steps before collision: 9, Found collision: false
Turtle 1 :[(-1,-1), (11,15), (11,14), (10,14), (9,14), (8,14), (7,14), (-1,-1), (-1,-1), (-1,-1)]
Turtle 2 :[(-2,-2), (9,0), (8,0), (7,0), (6,0), (5,0), (4,0), (-2,-2), (-2,-2), (-2,-2)]
Turtle 3 :[(-3,-3), (18,2), (17,2), (16,2), (15,2), (-3,-3), (-3,-3), (-3,-3), (-3,-3), (-3,-3)]
Turtle 4 :[(-4,-4), (5,12), (5,13), (5,13), (4,13), (5,13), (6,13), (6,14), (7,14), (7,15)]
Turtle 5 :[(-5,-5), (7,13), (6,13), (6,13), (7,13), (7,12), (6,12), (5,12), (5,11), (4,11)]

Shrinking Run 58
#Info# Executed steps before collision: 11, Found collision: false
Turtle 1 :[(-1,-1), (11,15), (11,14), (10,14), (9,14), (8,14), (7,14), (-1,-1), (-1,-1), (-1,-1), (-1,-1), (-1,-1)]
Turtle 2 :[(-2,-2), (9,0), (8,0), (7,0), (6,0), (5,0), (4,0), (-2,-2), (-2,-2), (-2,-2), (-2,-2), (-2,-2)]
Turtle 3 :[(-3,-3), (18,2), (17,2), (16,2), (15,2), (-3,-3), (-3,-3), (-3,-3), (-3,-3), (-3,-3), (-3,-3), (-3,-3)]
Turtle 4 :[(-4,-4), (5,12), (5,13), (4,13), (5,13), (5,14), (5,15), (6,15), (7,15), (-4,-4), (-4,-4), (-4,-4)]
Turtle 5 :[(-5,-5), (7,13), (6,13), (6,14), (6,13), (6,14), (6,14), (5,14), (4,14), (3,14), (3,13), (3,12)]

Shrinking Run 59
#Info# Executed steps before collision: 6, Found collision: false
Turtle 1 :[(-1,-1), (11,15), (11,14), (10,14), (9,14), (8,14), (7,14)]
Turtle 2 :[(-2,-2), (9,0), (8,0), (7,0), (6,0), (5,0), (4,0)]
Turtle 3 :[(-3,-3), (18,2), (17,2), (16,2), (15,2), (-3,-3), (-3,-3)]
Turtle 4 :[(-4,-4), (5,12), (5,13), (6,13), (7,13), (7,14), (7,15)]
Turtle 5 :[(-5,-5), (7,13), (7,12), (6,12), (5,12), (4,12), (4,11)]

Shrinking Run 60
#Info# Executed steps before collision: 8, Found collision: false
Turtle 1 :[(-1,-1), (11,15), (11,14), (10,14), (9,14), (8,14), (7,14), (-1,-1), (-1,-1)]
Turtle 2 :[(-2,-2), (9,0), (8,0), (7,0), (6,0), (5,0), (4,0), (-2,-2), (-2,-2)]
Turtle 3 :[(-3,-3), (18,2), (17,2), (16,2), (15,2), (-3,-3), (-3,-3), (-3,-3), (-3,-3)]
Turtle 4 :[(-4,-4), (5,12), (5,13), (5,12), (5,13), (5,14), (6,14), (6,15), (7,15)]
Turtle 5 :[(-5,-5), (7,13), (6,13), (6,12), (5,12), (4,12), (4,11), (-5,-5), (-5,-5)]

Shrinking Run 61
#Info# Executed steps before collision: 9, Found collision: false
Turtle 1 :[(-1,-1), (11,15), (10,15), (9,15), (9,14), (8,14), (7,14), (-1,-1), (-1,-1), (-1,-1)]
Turtle 2 :[(-2,-2), (9,0), (8,0), (7,0), (6,0), (5,0), (4,0), (-2,-2), (-2,-2), (-2,-2)]
Turtle 3 :[(-3,-3), (18,2), (17,2), (16,2), (15,2), (-3,-3), (-3,-3), (-3,-3), (-3,-3), (-3,-3)]
Turtle 4 :[(-4,-4), (5,12), (5,13), (5,13), (6,13), (7,13), (8,13), (7,13), (7,14), (7,15)]
Turtle 5 :[(-5,-5), (7,13), (6,13), (6,12), (5,12), (4,12), (4,11), (-5,-5), (-5,-5), (-5,-5)]

Shrink Run 62
#Info# Executed steps before collision: 10, Found collision: false
Turtle 1 :[(-1,-1), (11,15), (10,15), (9,15), (8,15), (8,14), (7,14), (-1,-1), (-1,-1), (-1,-1), (-1,-1)]
Turtle 2 :[(-2,-2), (9,0), (8,0), (7,0), (6,0), (5,0), (4,0), (-2,-2), (-2,-2), (-2,-2), (-2,-2)]
Turtle 3 :[(-3,-3), (18,2), (17,2), (16,2), (15,2), (-3,-3), (-3,-3), (-3,-3), (-3,-3), (-3,-3), (-3,-3)]
Turtle 4 :[(-4,-4), (5,12), (5,13), (5,14), (4,14), (5,14), (6,14), (6,13), (6,14), (6,15), (7,15)]
Turtle 5 :[(-5,-5), (7,13), (6,13), (6,14), (6,13), (6,12), (5,12), (5,11), (4,11), (-5,-5), (-5,-5)]

