Detection Run 1
#Info# Executed steps before collision: 6, Found collision: false
Turtle 1 :[(-1,-1), (6,0), (6,1), (5,1), (4,1), (4,0), (3,0)]
Turtle 2 :[(-2,-2), (12,7), (12,8), (11,8), (10,8), (9,8), (9,9)]
Turtle 3 :[(-3,-3), (9,9), (8,9), (7,9), (7,10), (6,10), (5,10)]
Turtle 4 :[(-4,-4), (1,4), (1,5), (0,5), (0,6), (-4,-4), (-4,-4)]
Turtle 5 :[(-5,-5), (5,3), (5,4), (5,5), (6,5), (6,6), (-5,-5)]

Detection Run 2
#Info# Executed steps before collision: 8, Found collision: false
Turtle 1 :[(-1,-1), (3,4), (4,4), (5,4), (5,5), (6,5), (6,6), (6,7), (5,7)]
Turtle 2 :[(-2,-2), (2,8), (1,8), (2,8), (1,8), (0,8), (-2,-2), (-2,-2), (-2,-2)]
Turtle 3 :[(-3,-3), (2,4), (2,5), (2,6), (2,7), (1,7), (2,7), (2,8), (-3,-3)]
Turtle 4 :[(-4,-4), (8,6), (8,7), (9,7), (9,8), (-4,-4), (-4,-4), (-4,-4), (-4,-4)]
Turtle 5 :[(-5,-5), (6,4), (6,5), (6,6), (5,6), (4,6), (4,7), (-5,-5), (-5,-5)]

Detection Run 3
#Info# Executed steps before collision: 6, Found collision: false
Turtle 1 :[(-1,-1), (3,4), (4,4), (5,4), (6,4), (7,4), (8,4)]
Turtle 2 :[(-2,-2), (2,13), (1,13), (1,12), (0,12), (-2,-2), (-2,-2)]
Turtle 3 :[(-3,-3), (4,9), (4,8), (4,7), (4,6), (5,6), (5,5)]
Turtle 4 :[(-4,-4), (8,4), (8,3), (7,3), (6,3), (5,3), (4,3)]
Turtle 5 :[(-5,-5), (7,13), (8,13), (9,13), (10,13), (11,13), (11,12)]

Detection Run 4
#Info# Executed steps before collision: 6, Found collision: false
Turtle 1 :[(-1,-1), (4,0), (5,0), (6,0), (6,1), (6,2), (6,3)]
Turtle 2 :[(-2,-2), (0,10), (0,9), (1,9), (1,8), (2,8), (2,7)]
Turtle 3 :[(-3,-3), (0,13), (1,13), (-3,-3), (-3,-3), (-3,-3), (-3,-3)]
Turtle 4 :[(-4,-4), (4,3), (4,4), (4,5), (5,5), (5,6), (6,6)]
Turtle 5 :[(-5,-5), (6,8), (6,7), (6,6), (7,6), (7,5), (7,4)]

Detection Run 5
#Info# Executed steps before collision: 6, Found collision: false
Turtle 1 :[(-1,-1), (4,0), (5,0), (6,0), (7,0), (8,0), (9,0)]
Turtle 2 :[(-2,-2), (10,9), (10,10), (10,11), (9,11), (8,11), (8,12)]
Turtle 3 :[(-3,-3), (4,5), (4,4), (4,3), (4,2), (4,1), (4,0)]
Turtle 4 :[(-4,-4), (1,4), (1,3), (1,4), (1,5), (-4,-4), (-4,-4)]
Turtle 5 :[(-5,-5), (1,9), (0,9), (1,9), (2,9), (3,9), (-5,-5)]

Fault Detection Run 6
#Info# Executed steps before collision: 9, Found collision: true
Turtle 1 :[(-1,-1), (11,13), (12,13), (13,13), (13,14), (14,14), (14,14), (-1,-1), (-1,-1), (-1,-1), (-1,-1), (-1,-1), (-1,-1)]
Turtle 2 :[(-2,-2), (14,8), (13,8), (12,8), (11,8), (11,9), (11,10), (-2,-2), (-2,-2), (-2,-2), (-2,-2), (-2,-2), (-2,-2)]
Turtle 3 :[(-3,-3), (14,12), (14,11), (14,11), (14,10), (14,9), (14,10), (14,9), (13,9), (12,9), (-3,-3), (-3,-3), (-3,-3)]
Turtle 4 :[(-4,-4), (13,2), (13,3), (13,4), (12,4), (12,5), (11,5), (-4,-4), (-4,-4), (-4,-4), (-4,-4), (-4,-4), (-4,-4)]
Turtle 5 :[(-5,-5), (13,9), (14,9), (14,9), (13,9), (13,9), (13,9), (12,9), (11,9), (12,9), (13,9), (13,10), (14,10)]

