Detection Run 1
#Info# Executed steps before collision: 6, Found collision: false
Turtle 1 :[(-1,-1), (4,7), (5,7), (5,6), (5,5), (6,5), (6,4)]
Turtle 2 :[(-2,-2), (4,17), (4,16), (5,16), (6,16), (7,16), (7,15)]
Turtle 3 :[(-3,-3), (17,19), (17,18), (17,17), (16,17), (16,16), (15,16)]
Turtle 4 :[(-4,-4), (12,5), (12,4), (12,3), (12,2), (11,2), (11,1)]
Turtle 5 :[(-5,-5), (19,2), (19,2), (19,1), (-5,-5), (-5,-5), (-5,-5)]

Fault Detection Run 2
#Info# Executed steps before collision: 2, Found collision: true
Turtle 1 :[(-1,-1), (17,5), (16,5), (16,4), (15,4), (14,4), (13,4), (-1,-1), (-1,-1)]
Turtle 2 :[(-2,-2), (5,10), (4,10), (4,11), (3,11), (2,11), (2,12), (-2,-2), (-2,-2)]
Turtle 3 :[(-3,-3), (7,10), (7,9), (7,8), (7,7), (7,6), (7,5), (-3,-3), (-3,-3)]
Turtle 4 :[(-4,-4), (7,9), (7,9), (7,9), (7,10), (7,11), (7,12), (7,13), (6,13)]
Turtle 5 :[(-5,-5), (12,19), (12,19), (11,19), (10,19), (-5,-5), (-5,-5), (-5,-5), (-5,-5)]

