Detection Run 1
#Info# Executed steps before collision: 6, Found collision: false
Turtle 1 :[(-1,-1), (2,3), (1,3), (1,4), (0,4), (0,5), (-1,-1)]
Turtle 2 :[(-2,-2), (1,3), (1,2), (1,1), (1,2), (1,1), (1,0)]
Turtle 3 :[(-3,-3), (2,13), (3,13), (3,14), (4,14), (5,14), (5,14)]
Turtle 4 :[(-4,-4), (0,7), (0,8), (0,8), (1,8), (1,9), (-4,-4)]
Turtle 5 :[(-5,-5), (9,7), (10,7), (10,8), (11,8), (-5,-5), (-5,-5)]

Detection Run 2
#Info# Executed steps before collision: 6, Found collision: false
Turtle 1 :[(-1,-1), (8,10), (9,10), (9,9), (9,8), (9,7), (9,6)]
Turtle 2 :[(-2,-2), (10,5), (11,5), (12,5), (12,4), (-2,-2), (-2,-2)]
Turtle 3 :[(-3,-3), (0,14), (0,13), (0,12), (0,11), (0,10), (-3,-3)]
Turtle 4 :[(-4,-4), (3,7), (2,7), (1,7), (0,7), (0,8), (0,9)]
Turtle 5 :[(-5,-5), (3,13), (3,14), (2,14), (1,14), (0,14), (-5,-5)]

Fault Detection Run 3
#Info# Executed steps before collision: 2, Found collision: true
Turtle 1 :[(-1,-1), (10,13), (9,13), (9,14), (8,14), (7,14), (6,14), (-1,-1)]
Turtle 2 :[(-2,-2), (8,13), (9,13), (8,13), (7,13), (8,13), (7,13), (7,14)]
Turtle 3 :[(-3,-3), (10,3), (9,3), (8,3), (7,3), (7,2), (6,2), (-3,-3)]
Turtle 4 :[(-4,-4), (2,1), (1,1), (1,0), (2,0), (3,0), (-4,-4), (-4,-4)]
Turtle 5 :[(-5,-5), (2,10), (1,10), (1,11), (1,12), (0,12), (0,13), (-5,-5)]

