Detection Run 1
#Info# Executed steps before collision: 10, Found collision: false
Turtle 1 :[(-1,-1), (5,1), (4,1), (5,1), (6,1), (6,0), (-1,-1), (-1,-1), (-1,-1), (-1,-1), (-1,-1)]
Turtle 2 :[(-2,-2), (-2,-2), (-2,-2), (-2,-2), (-2,-2), (5,1), (5,0), (4,0), (3,0), (2,0), (1,0)]
Turtle 3 :[(-3,-3), (11,18), (11,17), (11,16), (11,15), (11,14), (11,13), (-3,-3), (-3,-3), (-3,-3), (-3,-3)]
Turtle 4 :[(-4,-4), (5,8), (4,8), (3,8), (2,8), (2,9), (1,9), (-4,-4), (-4,-4), (-4,-4), (-4,-4)]
Turtle 5 :[(-5,-5), (7,15), (6,15), (7,15), (7,14), (7,15), (7,14), (-5,-5), (-5,-5), (-5,-5), (-5,-5)]

Detection Run 2
#Info# Executed steps before collision: 8, Found collision: false
Turtle 1 :[(-1,-1), (2,10), (2,9), (2,8), (2,7), (1,7), (1,6), (-1,-1), (-1,-1)]
Turtle 2 :[(-2,-2), (18,9), (17,9), (17,8), (-2,-2), (-2,-2), (-2,-2), (-2,-2), (-2,-2)]
Turtle 3 :[(-3,-3), (6,13), (6,12), (6,13), (5,13), (4,13), (-3,-3), (-3,-3), (-3,-3)]
Turtle 4 :[(-4,-4), (12,4), (11,4), (11,5), (10,5), (9,5), (9,4), (8,4), (7,4)]
Turtle 5 :[(-5,-5), (10,4), (10,4), (11,4), (11,3), (11,2), (11,1), (11,0), (-5,-5)]

Detection Run 3
#Info# Executed steps before collision: 6, Found collision: false
Turtle 1 :[(-1,-1), (4,3), (5,3), (6,3), (7,3), (-1,-1), (-1,-1)]
Turtle 2 :[(-2,-2), (11,9), (12,9), (13,9), (13,10), (14,10), (-2,-2)]
Turtle 3 :[(-3,-3), (13,19), (13,18), (13,17), (14,17), (14,16), (14,15)]
Turtle 4 :[(-4,-4), (6,0), (6,1), (5,1), (4,1), (3,1), (2,1)]
Turtle 5 :[(-5,-5), (13,9), (14,9), (15,9), (15,8), (15,7), (16,7)]

Detection Run 4
#Info# Executed steps before collision: 8, Found collision: false
Turtle 1 :[(-1,-1), (5,3), (5,2), (5,1), (4,1), (3,1), (2,1), (-1,-1), (-1,-1)]
Turtle 2 :[(-2,-2), (17,2), (16,2), (15,2), (14,2), (14,3), (-2,-2), (-2,-2), (-2,-2)]
Turtle 3 :[(-3,-3), (2,15), (2,14), (1,14), (1,13), (1,12), (1,11), (-3,-3), (-3,-3)]
Turtle 4 :[(-4,-4), (10,3), (10,4), (10,5), (9,5), (9,6), (8,6), (-4,-4), (-4,-4)]
Turtle 5 :[(-5,-5), (8,9), (8,8), (8,7), (9,7), (10,7), (10,6), (9,6), (9,5)]

Detection Run 5
#Info# Executed steps before collision: 8, Found collision: false
Turtle 1 :[(-1,-1), (6,10), (5,10), (4,10), (3,10), (3,9), (2,9), (-1,-1), (-1,-1)]
Turtle 2 :[(-2,-2), (8,9), (8,8), (8,7), (8,6), (9,6), (9,5), (-2,-2), (-2,-2)]
Turtle 3 :[(-3,-3), (15,6), (15,5), (16,5), (17,5), (17,4), (-3,-3), (-3,-3), (-3,-3)]
Turtle 4 :[(-4,-4), (13,4), (12,4), (11,4), (11,5), (10,5), (10,4), (10,5), (10,6)]
Turtle 5 :[(-5,-5), (6,9), (6,8), (6,7), (6,6), (7,6), (8,6), (-5,-5), (-5,-5)]

Detection Run 6
#Info# Executed steps before collision: 6, Found collision: false
Turtle 1 :[(-1,-1), (13,6), (13,5), (13,4), (13,3), (13,2), (14,2)]
Turtle 2 :[(-2,-2), (12,14), (12,15), (13,15), (14,15), (15,15), (-2,-2)]
Turtle 3 :[(-3,-3), (15,10), (15,9), (14,9), (14,8), (13,8), (13,7)]
Turtle 4 :[(-4,-4), (11,10), (12,10), (13,10), (13,9), (14,9), (14,8)]
Turtle 5 :[(-5,-5), (11,13), (11,14), (11,15), (11,16), (10,16), (10,17)]

Detection Run 7
#Info# Executed steps before collision: 6, Found collision: false
Turtle 1 :[(-1,-1), (1,10), (0,10), (0,9), (0,8), (0,7), (-1,-1)]
Turtle 2 :[(-2,-2), (17,10), (18,10), (18,9), (18,8), (19,8), (-2,-2)]
Turtle 3 :[(-3,-3), (0,7), (0,8), (-3,-3), (-3,-3), (-3,-3), (-3,-3)]
Turtle 4 :[(-4,-4), (8,1), (7,1), (7,0), (6,0), (6,1), (6,0)]
Turtle 5 :[(-5,-5), (11,2), (11,3), (10,3), (10,4), (9,4), (9,5)]

Detection Run 8
#Info# Executed steps before collision: 8, Found collision: false
Turtle 1 :[(-1,-1), (9,2), (8,2), (8,3), (8,4), (8,5), (-1,-1), (-1,-1), (-1,-1)]
Turtle 2 :[(-2,-2), (18,1), (19,1), (19,1), (19,0), (-2,-2), (-2,-2), (-2,-2), (-2,-2)]
Turtle 3 :[(-3,-3), (6,3), (6,3), (6,2), (7,2), (7,1), (7,0), (6,0), (5,0)]
Turtle 4 :[(-4,-4), (6,1), (5,1), (6,1), (6,2), (6,3), (6,4), (6,5), (5,5)]
Turtle 5 :[(-5,-5), (15,0), (15,0), (15,0), (16,0), (16,0), (17,0), (17,0), (18,0)]

Detection Run 9
#Info# Executed steps before collision: 8, Found collision: false
Turtle 1 :[(-1,-1), (16,5), (17,5), (18,5), (19,5), (19,5), (19,5), (19,5), (-1,-1)]
Turtle 2 :[(-2,-2), (0,5), (1,5), (2,5), (2,4), (3,4), (4,4), (5,4), (5,5)]
Turtle 3 :[(-3,-3), (6,5), (5,5), (4,5), (4,5), (4,6), (3,6), (3,7), (-3,-3)]
Turtle 4 :[(-4,-4), (1,17), (0,17), (0,18), (0,19), (-4,-4), (-4,-4), (-4,-4), (-4,-4)]
Turtle 5 :[(-5,-5), (2,7), (2,6), (1,6), (1,5), (1,4), (1,3), (-5,-5), (-5,-5)]

Detection Run 10
#Info# Executed steps before collision: 8, Found collision: false
Turtle 1 :[(-1,-1), (10,14), (10,13), (10,12), (10,11), (10,10), (10,9), (-1,-1), (-1,-1)]
Turtle 2 :[(-2,-2), (7,16), (6,16), (5,16), (4,16), (4,17), (3,17), (-2,-2), (-2,-2)]
Turtle 3 :[(-3,-3), (9,1), (9,1), (10,1), (11,1), (12,1), (12,1), (13,1), (13,0)]
Turtle 4 :[(-4,-4), (8,17), (8,17), (7,17), (7,16), (7,15), (7,14), (6,14), (-4,-4)]
Turtle 5 :[(-5,-5), (15,6), (14,6), (14,5), (13,5), (12,5), (11,5), (-5,-5), (-5,-5)]

Detection Run 11
#Info# Executed steps before collision: 9, Found collision: false
Turtle 1 :[(-1,-1), (17,0), (16,0), (15,0), (14,0), (13,0), (-1,-1), (-1,-1), (-1,-1), (-1,-1)]
Turtle 2 :[(-2,-2), (7,3), (7,4), (7,5), (7,5), (7,5), (7,6), (7,7), (7,8), (-2,-2)]
Turtle 3 :[(-3,-3), (3,8), (3,7), (2,7), (2,6), (1,6), (0,6), (-3,-3), (-3,-3), (-3,-3)]
Turtle 4 :[(-4,-4), (4,17), (4,16), (5,16), (5,15), (5,15), (5,14), (6,14), (-4,-4), (-4,-4)]
Turtle 5 :[(-5,-5), (-5,-5), (-5,-5), (3,8), (3,9), (3,9), (3,9), (3,10), (3,11), (3,12)]

Detection Run 12
#Info# Executed steps before collision: 6, Found collision: false
Turtle 1 :[(-1,-1), (15,9), (15,8), (14,8), (13,8), (12,8), (-1,-1)]
Turtle 2 :[(-2,-2), (4,4), (3,4), (3,5), (2,5), (1,5), (0,5)]
Turtle 3 :[(-3,-3), (10,13), (11,13), (11,14), (11,15), (12,15), (13,15)]
Turtle 4 :[(-4,-4), (2,14), (2,15), (1,15), (1,15), (0,15), (-4,-4)]
Turtle 5 :[(-5,-5), (17,9), (16,9), (16,9), (16,8), (15,8), (15,7)]

Fault Detection Run 13
#Info# Executed steps before collision: 4, Found collision: true
Turtle 1 :[(-1,-1), (13,17), (13,18), (13,18), (13,17), (12,17), (12,16), (13,16), (14,16)]
Turtle 2 :[(-2,-2), (1,19), (1,18), (1,17), (1,16), (1,15), (1,15), (2,15), (-2,-2)]
Turtle 3 :[(-3,-3), (2,13), (3,13), (3,12), (4,12), (4,11), (5,11), (-3,-3), (-3,-3)]
Turtle 4 :[(-4,-4), (-4,-4), (-4,-4), (13,17), (13,17), (13,18), (14,18), (15,18), (16,18)]
Turtle 5 :[(-5,-5), (1,6), (0,6), (0,6), (0,5), (0,4), (0,3), (0,2), (-5,-5)]

