Detection Run 1
#Info# Executed steps before collision: 7, Found collision: false
Turtle 1 :[(-1,-1), (44,2), (43,2), (42,2), (42,1), (41,1), (-1,-1), (-1,-1)]
Turtle 2 :[(-2,-2), (1,47), (0,47), (0,46), (0,47), (0,46), (0,45), (0,44)]
Turtle 3 :[(-3,-3), (0,45), (1,45), (0,45), (1,45), (0,45), (0,44), (-3,-3)]
Turtle 4 :[(-4,-4), (28,2), (27,2), (26,2), (25,2), (25,1), (25,0), (-4,-4)]
Turtle 5 :[(-5,-5), (29,18), (30,18), (31,18), (32,18), (32,19), (32,20), (-5,-5)]

Detection Run 2
#Info# Executed steps before collision: 6, Found collision: false
Turtle 1 :[(-1,-1), (16,8), (16,9), (17,9), (17,10), (18,10), (18,11)]
Turtle 2 :[(-2,-2), (47,49), (47,49), (46,49), (-2,-2), (-2,-2), (-2,-2)]
Turtle 3 :[(-3,-3), (3,43), (3,42), (4,42), (5,42), (6,42), (7,42)]
Turtle 4 :[(-4,-4), (40,10), (40,9), (40,8), (40,7), (40,6), (40,5)]
Turtle 5 :[(-5,-5), (3,36), (3,37), (3,38), (3,39), (3,40), (3,41)]

Detection Run 3
#Info# Executed steps before collision: 6, Found collision: false
Turtle 1 :[(-1,-1), (32,48), (32,49), (33,49), (34,49), (35,49), (36,49)]
Turtle 2 :[(-2,-2), (30,22), (31,22), (31,23), (32,23), (32,24), (33,24)]
Turtle 3 :[(-3,-3), (35,45), (34,45), (33,45), (33,44), (33,43), (33,42)]
Turtle 4 :[(-4,-4), (36,17), (35,17), (35,16), (35,15), (34,15), (33,15)]
Turtle 5 :[(-5,-5), (17,27), (17,26), (17,25), (16,25), (15,25), (15,24)]

Detection Run 4
#Info# Executed steps before collision: 6, Found collision: false
Turtle 1 :[(-1,-1), (21,12), (21,11), (20,11), (20,10), (20,9), (20,8)]
Turtle 2 :[(-2,-2), (36,39), (36,38), (36,37), (35,37), (35,36), (34,36)]
Turtle 3 :[(-3,-3), (28,31), (29,31), (29,30), (30,30), (30,29), (30,28)]
Turtle 4 :[(-4,-4), (26,33), (26,34), (26,35), (26,36), (25,36), (24,36)]
Turtle 5 :[(-5,-5), (18,41), (18,40), (19,40), (20,40), (20,39), (-5,-5)]

Detection Run 5
#Info# Executed steps before collision: 6, Found collision: false
Turtle 1 :[(-1,-1), (6,26), (6,25), (6,24), (7,24), (7,23), (7,22)]
Turtle 2 :[(-2,-2), (38,48), (37,48), (37,47), (36,47), (35,47), (-2,-2)]
Turtle 3 :[(-3,-3), (0,18), (1,18), (2,18), (2,19), (-3,-3), (-3,-3)]
Turtle 4 :[(-4,-4), (11,7), (12,7), (12,8), (13,8), (12,8), (12,9)]
Turtle 5 :[(-5,-5), (41,39), (42,39), (42,40), (42,41), (43,41), (43,42)]

Detection Run 6
#Info# Executed steps before collision: 6, Found collision: false
Turtle 1 :[(-1,-1), (36,6), (36,5), (35,5), (35,4), (35,3), (-1,-1)]
Turtle 2 :[(-2,-2), (18,16), (17,16), (16,16), (15,16), (14,16), (14,15)]
Turtle 3 :[(-3,-3), (13,8), (13,9), (13,10), (13,11), (12,11), (12,12)]
Turtle 4 :[(-4,-4), (9,27), (9,26), (8,26), (7,26), (7,25), (7,24)]
Turtle 5 :[(-5,-5), (6,7), (7,7), (7,8), (7,9), (7,10), (-5,-5)]

Detection Run 7
#Info# Executed steps before collision: 6, Found collision: false
Turtle 1 :[(-1,-1), (11,21), (12,21), (12,22), (13,22), (13,23), (13,24)]
Turtle 2 :[(-2,-2), (12,9), (13,9), (13,10), (13,11), (14,11), (14,12)]
Turtle 3 :[(-3,-3), (20,33), (20,34), (20,35), (21,35), (21,36), (-3,-3)]
Turtle 4 :[(-4,-4), (7,19), (7,18), (7,17), (7,16), (-4,-4), (-4,-4)]
Turtle 5 :[(-5,-5), (49,49), (49,48), (49,49), (49,48), (49,49), (49,49)]

Detection Run 8
#Info# Executed steps before collision: 6, Found collision: false
Turtle 1 :[(-1,-1), (27,12), (27,13), (-1,-1), (-1,-1), (-1,-1), (-1,-1)]
Turtle 2 :[(-2,-2), (10,24), (11,24), (11,25), (12,25), (12,26), (12,27)]
Turtle 3 :[(-3,-3), (28,18), (27,18), (27,17), (27,16), (27,15), (26,15)]
Turtle 4 :[(-4,-4), (30,28), (31,28), (31,29), (-4,-4), (-4,-4), (-4,-4)]
Turtle 5 :[(-5,-5), (33,3), (33,2), (33,3), (34,3), (-5,-5), (-5,-5)]

Detection Run 9
#Info# Executed steps before collision: 6, Found collision: false
Turtle 1 :[(-1,-1), (14,35), (15,35), (15,34), (15,33), (15,32), (15,31)]
Turtle 2 :[(-2,-2), (29,35), (29,34), (29,33), (29,32), (29,31), (29,30)]
Turtle 3 :[(-3,-3), (21,36), (21,35), (20,35), (20,34), (21,34), (20,34)]
Turtle 4 :[(-4,-4), (33,7), (32,7), (32,8), (32,9), (-4,-4), (-4,-4)]
Turtle 5 :[(-5,-5), (28,5), (28,6), (27,6), (27,7), (26,7), (25,7)]

Detection Run 10
#Info# Executed steps before collision: 6, Found collision: false
Turtle 1 :[(-1,-1), (46,36), (47,36), (47,35), (47,34), (48,34), (-1,-1)]
Turtle 2 :[(-2,-2), (27,4), (27,5), (27,6), (27,7), (27,8), (-2,-2)]
Turtle 3 :[(-3,-3), (19,24), (20,24), (21,24), (22,24), (22,25), (23,25)]
Turtle 4 :[(-4,-4), (19,32), (19,33), (20,33), (21,33), (22,33), (23,33)]
Turtle 5 :[(-5,-5), (24,7), (24,8), (24,9), (25,9), (25,10), (26,10)]

Detection Run 11
#Info# Executed steps before collision: 7, Found collision: false
Turtle 1 :[(-1,-1), (40,48), (40,49), (41,49), (41,49), (42,49), (43,49), (-1,-1)]
Turtle 2 :[(-2,-2), (35,42), (36,42), (37,42), (37,43), (38,43), (39,43), (-2,-2)]
Turtle 3 :[(-3,-3), (43,47), (42,47), (42,47), (41,47), (41,46), (41,45), (41,44)]
Turtle 4 :[(-4,-4), (19,30), (19,31), (19,32), (19,33), (18,33), (17,33), (-4,-4)]
Turtle 5 :[(-5,-5), (0,36), (1,36), (2,36), (2,37), (2,38), (2,38), (2,39)]

Detection Run 12
#Info# Executed steps before collision: 10, Found collision: false
Turtle 1 :[(-1,-1), (22,39), (22,39), (22,38), (22,38), (23,38), (23,37), (24,37), (25,37), (-1,-1), (-1,-1)]
Turtle 2 :[(-2,-2), (6,6), (6,7), (6,7), (6,6), (6,5), (6,5), (6,6), (6,6), (6,6), (6,7)]
Turtle 3 :[(-3,-3), (43,27), (43,28), (43,29), (44,29), (44,29), (44,30), (45,30), (-3,-3), (-3,-3), (-3,-3)]
Turtle 4 :[(-4,-4), (11,9), (12,9), (12,10), (12,11), (-4,-4), (-4,-4), (-4,-4), (-4,-4), (-4,-4), (-4,-4)]
Turtle 5 :[(-5,-5), (16,39), (16,40), (16,39), (17,39), (17,38), (-5,-5), (-5,-5), (-5,-5), (-5,-5), (-5,-5)]

Detection Run 13
#Info# Executed steps before collision: 8, Found collision: false
Turtle 1 :[(-1,-1), (29,18), (28,18), (27,18), (27,18), (26,18), (26,17), (25,17), (-1,-1)]
Turtle 2 :[(-2,-2), (30,1), (30,2), (29,2), (28,2), (28,3), (-2,-2), (-2,-2), (-2,-2)]
Turtle 3 :[(-3,-3), (27,8), (26,8), (26,7), (25,7), (-3,-3), (-3,-3), (-3,-3), (-3,-3)]
Turtle 4 :[(-4,-4), (12,12), (13,12), (13,11), (14,11), (14,10), (14,10), (15,10), (-4,-4)]
Turtle 5 :[(-5,-5), (31,44), (31,45), (32,45), (33,45), (33,45), (33,46), (33,46), (33,47)]

Detection Run 14
#Info# Executed steps before collision: 8, Found collision: false
Turtle 1 :[(-1,-1), (29,38), (30,38), (30,38), (30,39), (30,40), (30,40), (31,40), (31,41)]
Turtle 2 :[(-2,-2), (44,21), (43,21), (43,22), (43,23), (43,24), (43,25), (-2,-2), (-2,-2)]
Turtle 3 :[(-3,-3), (27,33), (26,33), (25,33), (25,32), (25,31), (25,30), (-3,-3), (-3,-3)]
Turtle 4 :[(-4,-4), (15,10), (16,10), (16,11), (16,12), (17,12), (18,12), (-4,-4), (-4,-4)]
Turtle 5 :[(-5,-5), (19,2), (18,2), (17,2), (16,2), (15,2), (15,3), (-5,-5), (-5,-5)]

Detection Run 15
#Info# Executed steps before collision: 6, Found collision: false
Turtle 1 :[(-1,-1), (39,19), (38,19), (38,19), (38,19), (38,20), (-1,-1)]
Turtle 2 :[(-2,-2), (46,0), (45,0), (46,0), (45,0), (44,0), (43,0)]
Turtle 3 :[(-3,-3), (41,14), (42,14), (42,13), (43,13), (-3,-3), (-3,-3)]
Turtle 4 :[(-4,-4), (33,10), (34,10), (35,10), (36,10), (37,10), (38,10)]
Turtle 5 :[(-5,-5), (28,5), (28,6), (29,6), (30,6), (30,7), (31,7)]

Detection Run 16
#Info# Executed steps before collision: 8, Found collision: false
Turtle 1 :[(-1,-1), (7,27), (7,27), (7,27), (8,27), (8,28), (8,29), (9,29), (10,29)]
Turtle 2 :[(-2,-2), (44,39), (44,40), (45,40), (46,40), (46,41), (46,42), (-2,-2), (-2,-2)]
Turtle 3 :[(-3,-3), (47,44), (47,44), (47,45), (47,46), (47,46), (46,46), (46,47), (45,47)]
Turtle 4 :[(-4,-4), (39,0), (39,1), (40,1), (40,2), (40,3), (41,3), (-4,-4), (-4,-4)]
Turtle 5 :[(-5,-5), (5,2), (5,1), (5,0), (5,1), (5,0), (-5,-5), (-5,-5), (-5,-5)]

Detection Run 17
#Info# Executed steps before collision: 8, Found collision: false
Turtle 1 :[(-1,-1), (23,0), (23,1), (23,2), (24,2), (24,3), (25,3), (-1,-1), (-1,-1)]
Turtle 2 :[(-2,-2), (29,22), (29,22), (29,21), (29,21), (29,20), (30,20), (31,20), (32,20)]
Turtle 3 :[(-3,-3), (33,40), (33,41), (33,42), (-3,-3), (-3,-3), (-3,-3), (-3,-3), (-3,-3)]
Turtle 4 :[(-4,-4), (30,48), (30,47), (29,47), (28,47), (28,46), (27,46), (-4,-4), (-4,-4)]
Turtle 5 :[(-5,-5), (27,42), (28,42), (29,42), (30,42), (31,42), (31,41), (-5,-5), (-5,-5)]

Detection Run 18
#Info# Executed steps before collision: 7, Found collision: false
Turtle 1 :[(-1,-1), (46,39), (46,40), (46,39), (45,39), (45,38), (45,37), (46,37)]
Turtle 2 :[(-2,-2), (27,12), (27,11), (27,10), (28,10), (29,10), (29,9), (-2,-2)]
Turtle 3 :[(-3,-3), (38,37), (39,37), (39,38), (38,38), (38,37), (38,37), (39,37)]
Turtle 4 :[(-4,-4), (45,37), (46,37), (46,38), (46,39), (-4,-4), (-4,-4), (-4,-4)]
Turtle 5 :[(-5,-5), (5,43), (6,43), (7,43), (7,43), (7,43), (8,43), (8,42)]

Detection Run 19
#Info# Executed steps before collision: 9, Found collision: false
Turtle 1 :[(-1,-1), (40,5), (39,5), (39,6), (38,6), (38,7), (37,7), (-1,-1), (-1,-1), (-1,-1)]
Turtle 2 :[(-2,-2), (14,28), (15,28), (16,28), (17,28), (17,29), (-2,-2), (-2,-2), (-2,-2), (-2,-2)]
Turtle 3 :[(-3,-3), (41,2), (42,2), (41,2), (40,2), (39,2), (38,2), (-3,-3), (-3,-3), (-3,-3)]
Turtle 4 :[(-4,-4), (33,18), (33,19), (33,19), (32,19), (32,19), (32,19), (32,20), (32,21), (32,22)]
Turtle 5 :[(-5,-5), (0,36), (0,35), (0,34), (0,33), (-5,-5), (-5,-5), (-5,-5), (-5,-5), (-5,-5)]

Detection Run 20
#Info# Executed steps before collision: 9, Found collision: false
Turtle 1 :[(-1,-1), (4,14), (4,14), (4,14), (4,14), (5,14), (6,14), (6,15), (7,15), (7,16)]
Turtle 2 :[(-2,-2), (42,45), (43,45), (43,46), (43,46), (43,47), (44,47), (44,48), (-2,-2), (-2,-2)]
Turtle 3 :[(-3,-3), (4,13), (4,13), (5,13), (6,13), (6,13), (6,12), (6,12), (7,12), (8,12)]
Turtle 4 :[(-4,-4), (16,9), (16,9), (17,9), (17,10), (17,11), (17,11), (17,12), (18,12), (-4,-4)]
Turtle 5 :[(-5,-5), (11,10), (10,10), (9,10), (9,11), (-5,-5), (-5,-5), (-5,-5), (-5,-5), (-5,-5)]

Detection Run 21
#Info# Executed steps before collision: 7, Found collision: false
Turtle 1 :[(-1,-1), (31,25), (30,25), (29,25), (28,25), (28,26), (28,26), (27,26)]
Turtle 2 :[(-2,-2), (0,38), (1,38), (1,37), (-2,-2), (-2,-2), (-2,-2), (-2,-2)]
Turtle 3 :[(-3,-3), (14,41), (14,40), (15,40), (15,39), (15,38), (16,38), (-3,-3)]
Turtle 4 :[(-4,-4), (10,12), (11,12), (11,11), (11,10), (11,9), (12,9), (-4,-4)]
Turtle 5 :[(-5,-5), (36,28), (36,29), (35,29), (34,29), (33,29), (32,29), (-5,-5)]

Detection Run 22
#Info# Executed steps before collision: 8, Found collision: false
Turtle 1 :[(-1,-1), (12,41), (13,41), (14,41), (14,41), (15,41), (15,41), (15,40), (15,39)]
Turtle 2 :[(-2,-2), (23,43), (23,43), (23,42), (23,42), (24,42), (-2,-2), (-2,-2), (-2,-2)]
Turtle 3 :[(-3,-3), (35,20), (35,21), (35,22), (35,23), (36,23), (36,24), (-3,-3), (-3,-3)]
Turtle 4 :[(-4,-4), (13,4), (13,4), (13,5), (13,6), (13,7), (-4,-4), (-4,-4), (-4,-4)]
Turtle 5 :[(-5,-5), (16,6), (17,6), (18,6), (18,6), (19,6), (20,6), (21,6), (-5,-5)]

Detection Run 23
#Info# Executed steps before collision: 7, Found collision: false
Turtle 1 :[(-1,-1), (37,23), (37,23), (37,23), (37,22), (-1,-1), (-1,-1), (-1,-1)]
Turtle 2 :[(-2,-2), (43,23), (43,24), (43,24), (43,24), (44,24), (44,24), (45,24)]
Turtle 3 :[(-3,-3), (41,31), (41,32), (41,33), (42,33), (42,34), (42,35), (-3,-3)]
Turtle 4 :[(-4,-4), (22,5), (22,4), (22,3), (21,3), (21,2), (21,2), (20,2)]
Turtle 5 :[(-5,-5), (2,0), (3,0), (-5,-5), (-5,-5), (-5,-5), (-5,-5), (-5,-5)]

Detection Run 24
#Info# Executed steps before collision: 9, Found collision: false
Turtle 1 :[(-1,-1), (48,29), (48,29), (48,28), (48,28), (48,27), (-1,-1), (-1,-1), (-1,-1), (-1,-1)]
Turtle 2 :[(-2,-2), (9,25), (9,26), (9,26), (9,27), (9,27), (9,28), (-2,-2), (-2,-2), (-2,-2)]
Turtle 3 :[(-3,-3), (3,28), (4,28), (4,28), (5,28), (-3,-3), (-3,-3), (-3,-3), (-3,-3), (-3,-3)]
Turtle 4 :[(-4,-4), (3,38), (4,38), (4,38), (4,37), (4,37), (5,37), (5,36), (5,35), (-4,-4)]
Turtle 5 :[(-5,-5), (24,16), (24,16), (23,16), (22,16), (22,16), (21,16), (21,16), (20,16), (20,15)]

Detection Run 25
#Info# Executed steps before collision: 6, Found collision: false
Turtle 1 :[(-1,-1), (35,36), (35,37), (35,38), (36,38), (-1,-1), (-1,-1)]
Turtle 2 :[(-2,-2), (29,2), (30,2), (31,2), (31,2), (32,2), (-2,-2)]
Turtle 3 :[(-3,-3), (32,0), (33,0), (34,0), (35,0), (-3,-3), (-3,-3)]
Turtle 4 :[(-4,-4), (22,48), (22,48), (22,48), (22,47), (22,46), (21,46)]
Turtle 5 :[(-5,-5), (0,24), (1,24), (1,25), (1,26), (2,26), (2,27)]

Detection Run 26
#Info# Executed steps before collision: 8, Found collision: false
Turtle 1 :[(-1,-1), (45,46), (45,46), (45,45), (45,45), (45,45), (45,45), (44,45), (-1,-1)]
Turtle 2 :[(-2,-2), (36,14), (36,14), (37,14), (38,14), (39,14), (39,14), (39,13), (40,13)]
Turtle 3 :[(-3,-3), (7,31), (7,30), (7,30), (8,30), (8,29), (9,29), (9,28), (-3,-3)]
Turtle 4 :[(-4,-4), (43,9), (42,9), (41,9), (40,9), (-4,-4), (-4,-4), (-4,-4), (-4,-4)]
Turtle 5 :[(-5,-5), (16,41), (16,42), (17,42), (17,43), (17,44), (17,44), (18,44), (-5,-5)]

Detection Run 27
#Info# Executed steps before collision: 10, Found collision: false
Turtle 1 :[(-1,-1), (40,19), (41,19), (42,19), (42,20), (42,21), (42,22), (-1,-1), (-1,-1), (-1,-1), (-1,-1)]
Turtle 2 :[(-2,-2), (33,43), (33,43), (32,43), (31,43), (30,43), (30,43), (30,42), (29,42), (-2,-2), (-2,-2)]
Turtle 3 :[(-3,-3), (8,34), (9,34), (9,33), (10,33), (10,32), (11,32), (-3,-3), (-3,-3), (-3,-3), (-3,-3)]
Turtle 4 :[(-4,-4), (26,45), (27,45), (28,45), (29,45), (29,45), (29,44), (30,44), (-4,-4), (-4,-4), (-4,-4)]
Turtle 5 :[(-5,-5), (9,16), (9,16), (8,16), (8,16), (8,15), (8,15), (8,15), (7,15), (7,14), (7,13)]

Detection Run 28
#Info# Executed steps before collision: 9, Found collision: false
Turtle 1 :[(-1,-1), (32,9), (33,9), (33,10), (33,9), (33,10), (33,11), (-1,-1), (-1,-1), (-1,-1)]
Turtle 2 :[(-2,-2), (31,11), (30,11), (29,11), (28,11), (27,11), (26,11), (-2,-2), (-2,-2), (-2,-2)]
Turtle 3 :[(-3,-3), (11,18), (11,19), (11,20), (11,21), (11,22), (11,23), (-3,-3), (-3,-3), (-3,-3)]
Turtle 4 :[(-4,-4), (22,49), (22,49), (21,49), (20,49), (20,49), (20,49), (20,49), (19,49), (18,49)]
Turtle 5 :[(-5,-5), (15,35), (14,35), (14,36), (14,37), (14,38), (13,38), (-5,-5), (-5,-5), (-5,-5)]

Detection Run 29
#Info# Executed steps before collision: 12, Found collision: false
Turtle 1 :[(-1,-1), (0,28), (0,28), (0,28), (0,28), (0,28), (0,28), (0,29), (0,30), (-1,-1), (-1,-1), (-1,-1), (-1,-1)]
Turtle 2 :[(-2,-2), (35,8), (35,8), (35,7), (36,7), (36,6), (36,5), (36,5), (36,5), (36,4), (-2,-2), (-2,-2), (-2,-2)]
Turtle 3 :[(-3,-3), (13,44), (14,44), (15,44), (15,45), (16,45), (16,46), (-3,-3), (-3,-3), (-3,-3), (-3,-3), (-3,-3), (-3,-3)]
Turtle 4 :[(-4,-4), (33,4), (33,5), (33,5), (34,5), (34,5), (35,5), (35,4), (34,4), (35,4), (35,5), (36,5), (37,5)]
Turtle 5 :[(-5,-5), (11,9), (11,8), (10,8), (10,8), (9,8), (9,8), (9,7), (9,7), (8,7), (-5,-5), (-5,-5), (-5,-5)]

Detection Run 30
#Info# Executed steps before collision: 8, Found collision: false
Turtle 1 :[(-1,-1), (2,11), (2,12), (2,13), (3,13), (4,13), (4,14), (-1,-1), (-1,-1)]
Turtle 2 :[(-2,-2), (10,18), (10,19), (9,19), (8,19), (9,19), (9,20), (-2,-2), (-2,-2)]
Turtle 3 :[(-3,-3), (32,3), (32,4), (33,4), (34,4), (35,4), (36,4), (-3,-3), (-3,-3)]
Turtle 4 :[(-4,-4), (32,12), (33,12), (34,12), (-4,-4), (-4,-4), (-4,-4), (-4,-4), (-4,-4)]
Turtle 5 :[(-5,-5), (10,12), (10,13), (10,13), (10,14), (9,14), (9,15), (9,15), (8,15)]

Detection Run 31
#Info# Executed steps before collision: 8, Found collision: false
Turtle 1 :[(-1,-1), (18,25), (17,25), (17,24), (17,23), (17,22), (16,22), (-1,-1), (-1,-1)]
Turtle 2 :[(-2,-2), (48,37), (48,36), (49,36), (49,35), (49,35), (-2,-2), (-2,-2), (-2,-2)]
Turtle 3 :[(-3,-3), (47,37), (46,37), (45,37), (44,37), (44,38), (44,39), (-3,-3), (-3,-3)]
Turtle 4 :[(-4,-4), (24,37), (24,37), (25,37), (25,38), (25,38), (26,38), (26,39), (26,40)]
Turtle 5 :[(-5,-5), (36,39), (36,40), (36,41), (36,41), (36,41), (36,42), (35,42), (35,43)]

Detection Run 32
#Info# Executed steps before collision: 10, Found collision: false
Turtle 1 :[(-1,-1), (13,33), (13,32), (13,32), (13,32), (13,31), (13,30), (-1,-1), (-1,-1), (-1,-1), (-1,-1)]
Turtle 2 :[(-2,-2), (1,27), (1,28), (1,29), (1,30), (1,31), (0,31), (-2,-2), (-2,-2), (-2,-2), (-2,-2)]
Turtle 3 :[(-3,-3), (1,24), (1,24), (1,24), (1,25), (1,25), (1,26), (1,26), (1,27), (1,28), (1,29)]
Turtle 4 :[(-4,-4), (17,26), (17,26), (17,26), (17,27), (16,27), (15,27), (14,27), (14,28), (-4,-4), (-4,-4)]
Turtle 5 :[(-5,-5), (22,16), (21,16), (20,16), (20,17), (20,18), (-5,-5), (-5,-5), (-5,-5), (-5,-5), (-5,-5)]

Detection Run 33
#Info# Executed steps before collision: 7, Found collision: false
Turtle 1 :[(-1,-1), (4,38), (3,38), (3,38), (2,38), (1,38), (-1,-1), (-1,-1)]
Turtle 2 :[(-2,-2), (19,20), (19,19), (20,19), (20,20), (21,20), (-2,-2), (-2,-2)]
Turtle 3 :[(-3,-3), (24,4), (25,4), (25,3), (26,3), (26,2), (26,2), (27,2)]
Turtle 4 :[(-4,-4), (37,16), (36,16), (35,16), (34,16), (-4,-4), (-4,-4), (-4,-4)]
Turtle 5 :[(-5,-5), (3,35), (4,35), (5,35), (5,36), (6,36), (-5,-5), (-5,-5)]

Detection Run 34
#Info# Executed steps before collision: 10, Found collision: false
Turtle 1 :[(-1,-1), (5,16), (5,15), (5,14), (5,14), (5,14), (5,14), (5,14), (5,13), (5,12), (5,11)]
Turtle 2 :[(-2,-2), (38,30), (38,29), (38,28), (39,28), (40,28), (40,28), (40,27), (-2,-2), (-2,-2), (-2,-2)]
Turtle 3 :[(-3,-3), (1,14), (2,14), (2,15), (3,15), (4,15), (-3,-3), (-3,-3), (-3,-3), (-3,-3), (-3,-3)]
Turtle 4 :[(-4,-4), (23,16), (23,15), (22,15), (-4,-4), (-4,-4), (-4,-4), (-4,-4), (-4,-4), (-4,-4), (-4,-4)]
Turtle 5 :[(-5,-5), (31,26), (30,26), (30,25), (29,25), (29,24), (29,23), (-5,-5), (-5,-5), (-5,-5), (-5,-5)]

Detection Run 35
#Info# Executed steps before collision: 11, Found collision: false
Turtle 1 :[(-1,-1), (25,43), (25,43), (25,43), (24,43), (24,42), (23,42), (22,42), (22,41), (-1,-1), (-1,-1), (-1,-1)]
Turtle 2 :[(-2,-2), (41,16), (41,16), (40,16), (39,16), (39,16), (39,16), (39,17), (39,18), (39,18), (38,18), (-2,-2)]
Turtle 3 :[(-3,-3), (32,11), (31,11), (30,11), (29,11), (28,11), (28,10), (-3,-3), (-3,-3), (-3,-3), (-3,-3), (-3,-3)]
Turtle 4 :[(-4,-4), (36,12), (35,12), (35,11), (35,11), (35,11), (35,11), (34,11), (34,11), (33,11), (33,11), (33,10)]
Turtle 5 :[(-5,-5), (25,44), (25,44), (25,44), (24,44), (24,45), (24,44), (23,44), (23,43), (23,42), (22,42), (-5,-5)]

Detection Run 36
#Info# Executed steps before collision: 9, Found collision: false
Turtle 1 :[(-1,-1), (22,49), (21,49), (22,49), (22,49), (22,49), (21,49), (21,49), (21,49), (-1,-1)]
Turtle 2 :[(-2,-2), (47,39), (46,39), (45,39), (44,39), (44,39), (43,39), (43,38), (-2,-2), (-2,-2)]
Turtle 3 :[(-3,-3), (22,46), (22,47), (22,47), (22,47), (23,47), (23,47), (23,48), (-3,-3), (-3,-3)]
Turtle 4 :[(-4,-4), (13,46), (12,46), (12,45), (11,45), (11,45), (11,45), (10,45), (-4,-4), (-4,-4)]
Turtle 5 :[(-5,-5), (49,31), (48,31), (48,32), (48,33), (47,33), (47,33), (47,33), (47,33), (46,33)]

Detection Run 37
#Info# Executed steps before collision: 11, Found collision: false
Turtle 1 :[(-1,-1), (44,9), (44,9), (44,10), (44,11), (45,11), (46,11), (46,11), (47,11), (-1,-1), (-1,-1), (-1,-1)]
Turtle 2 :[(-2,-2), (8,25), (8,25), (8,25), (8,25), (9,25), (9,24), (9,24), (10,24), (10,24), (10,23), (-2,-2)]
Turtle 3 :[(-3,-3), (17,3), (18,3), (18,4), (19,4), (20,4), (21,4), (-3,-3), (-3,-3), (-3,-3), (-3,-3), (-3,-3)]
Turtle 4 :[(-4,-4), (27,31), (27,31), (28,31), (29,31), (29,31), (29,30), (29,30), (29,30), (29,30), (29,29), (30,29)]
Turtle 5 :[(-5,-5), (48,2), (48,3), (48,3), (48,4), (48,5), (48,5), (48,6), (48,6), (48,6), (48,7), (-5,-5)]

Detection Run 38
#Info# Executed steps before collision: 11, Found collision: false
Turtle 1 :[(-1,-1), (20,10), (20,10), (20,10), (20,10), (21,10), (21,10), (21,11), (21,11), (21,12), (21,13), (22,13)]
Turtle 2 :[(-2,-2), (1,5), (1,5), (1,5), (1,5), (1,5), (1,5), (1,4), (2,4), (2,3), (-2,-2), (-2,-2)]
Turtle 3 :[(-3,-3), (3,43), (3,43), (3,43), (4,43), (5,43), (5,43), (4,43), (4,42), (5,42), (-3,-3), (-3,-3)]
Turtle 4 :[(-4,-4), (1,49), (1,49), (2,49), (3,49), (4,49), (4,48), (5,48), (-4,-4), (-4,-4), (-4,-4), (-4,-4)]
Turtle 5 :[(-5,-5), (3,42), (3,41), (3,40), (3,40), (3,40), (4,40), (4,40), (4,39), (4,39), (5,39), (-5,-5)]

Detection Run 39
#Info# Executed steps before collision: 11, Found collision: false
Turtle 1 :[(-1,-1), (29,8), (29,9), (29,9), (29,9), (29,9), (30,9), (30,9), (30,9), (30,10), (30,11), (31,11)]
Turtle 2 :[(-2,-2), (6,41), (6,41), (6,41), (7,41), (8,41), (9,41), (9,42), (10,42), (-2,-2), (-2,-2), (-2,-2)]
Turtle 3 :[(-3,-3), (35,46), (35,45), (35,45), (35,44), (36,44), (37,44), (38,44), (-3,-3), (-3,-3), (-3,-3), (-3,-3)]
Turtle 4 :[(-4,-4), (38,43), (38,42), (38,42), (38,42), (38,42), (39,42), (39,41), (39,41), (39,40), (39,40), (39,39)]
Turtle 5 :[(-5,-5), (15,45), (16,45), (16,45), (16,45), (17,45), (17,45), (18,45), (18,45), (18,46), (18,46), (19,46)]

Detection Run 40
#Info# Executed steps before collision: 10, Found collision: false
Turtle 1 :[(-1,-1), (26,38), (27,38), (28,38), (28,38), (28,38), (28,38), (28,38), (29,38), (30,38), (30,39)]
Turtle 2 :[(-2,-2), (40,10), (40,10), (40,11), (40,11), (40,11), (40,11), (40,12), (41,12), (-2,-2), (-2,-2)]
Turtle 3 :[(-3,-3), (37,20), (37,20), (37,20), (38,20), (38,20), (38,21), (39,21), (39,21), (39,21), (40,21)]
Turtle 4 :[(-4,-4), (12,19), (12,19), (12,18), (12,17), (12,17), (13,17), (13,17), (13,17), (13,17), (13,16)]
Turtle 5 :[(-5,-5), (32,33), (33,33), (33,33), (33,33), (33,33), (33,33), (32,33), (32,33), (32,32), (-5,-5)]

Detection Run 41
#Info# Executed steps before collision: 9, Found collision: false
Turtle 1 :[(-1,-1), (38,37), (37,37), (37,36), (-1,-1), (-1,-1), (-1,-1), (-1,-1), (-1,-1), (-1,-1)]
Turtle 2 :[(-2,-2), (31,47), (30,47), (30,48), (29,48), (-2,-2), (-2,-2), (-2,-2), (-2,-2), (-2,-2)]
Turtle 3 :[(-3,-3), (24,7), (25,7), (25,6), (25,5), (25,4), (25,4), (25,3), (-3,-3), (-3,-3)]
Turtle 4 :[(-4,-4), (20,10), (20,9), (20,9), (20,10), (20,10), (20,11), (20,12), (21,12), (-4,-4)]
Turtle 5 :[(-5,-5), (48,18), (48,18), (48,19), (48,20), (48,21), (48,21), (48,21), (48,22), (49,22)]

Detection Run 42
#Info# Executed steps before collision: 11, Found collision: false
Turtle 1 :[(-1,-1), (21,24), (21,25), (21,26), (21,27), (22,27), (23,27), (-1,-1), (-1,-1), (-1,-1), (-1,-1), (-1,-1)]
Turtle 2 :[(-2,-2), (30,37), (30,36), (30,35), (30,34), (30,33), (31,33), (-2,-2), (-2,-2), (-2,-2), (-2,-2), (-2,-2)]
Turtle 3 :[(-3,-3), (24,27), (24,26), (23,26), (23,25), (23,25), (22,25), (-3,-3), (-3,-3), (-3,-3), (-3,-3), (-3,-3)]
Turtle 4 :[(-4,-4), (17,25), (17,24), (17,24), (17,23), (17,23), (17,23), (18,23), (18,23), (18,22), (18,22), (19,22)]
Turtle 5 :[(-5,-5), (3,9), (4,9), (5,9), (6,9), (7,9), (7,9), (7,10), (-5,-5), (-5,-5), (-5,-5), (-5,-5)]

Detection Run 43
#Info# Executed steps before collision: 10, Found collision: false
Turtle 1 :[(-1,-1), (28,28), (28,28), (28,28), (28,28), (28,28), (28,28), (27,28), (27,29), (-1,-1), (-1,-1)]
Turtle 2 :[(-2,-2), (38,10), (38,9), (37,9), (37,9), (37,9), (37,8), (-2,-2), (-2,-2), (-2,-2), (-2,-2)]
Turtle 3 :[(-3,-3), (10,20), (10,20), (10,20), (9,20), (8,20), (7,20), (7,20), (6,20), (6,20), (5,20)]
Turtle 4 :[(-4,-4), (2,11), (2,11), (2,11), (3,11), (3,11), (3,11), (3,12), (-4,-4), (-4,-4), (-4,-4)]
Turtle 5 :[(-5,-5), (7,19), (6,19), (6,18), (6,17), (6,16), (-5,-5), (-5,-5), (-5,-5), (-5,-5), (-5,-5)]

Detection Run 44
#Info# Executed steps before collision: 11, Found collision: false
Turtle 1 :[(-1,-1), (27,46), (28,46), (28,47), (28,47), (29,47), (30,47), (30,47), (31,47), (-1,-1), (-1,-1), (-1,-1)]
Turtle 2 :[(-2,-2), (21,3), (22,3), (23,3), (23,2), (23,2), (23,2), (24,2), (24,2), (24,2), (24,2), (25,2)]
Turtle 3 :[(-3,-3), (5,26), (5,26), (5,26), (4,26), (3,26), (3,26), (3,25), (3,25), (2,25), (2,24), (-3,-3)]
Turtle 4 :[(-4,-4), (1,24), (1,25), (1,26), (1,27), (0,27), (-4,-4), (-4,-4), (-4,-4), (-4,-4), (-4,-4), (-4,-4)]
Turtle 5 :[(-5,-5), (15,23), (15,22), (15,21), (15,21), (15,21), (15,21), (15,20), (16,20), (16,20), (16,19), (-5,-5)]

Detection Run 45
#Info# Executed steps before collision: 10, Found collision: false
Turtle 1 :[(-1,-1), (39,18), (39,18), (39,18), (39,18), (39,17), (39,17), (39,17), (39,16), (39,15), (-1,-1)]
Turtle 2 :[(-2,-2), (19,28), (18,28), (18,27), (18,27), (17,27), (17,26), (17,26), (17,26), (17,26), (16,26)]
Turtle 3 :[(-3,-3), (45,30), (45,30), (46,30), (46,30), (47,30), (47,30), (47,29), (-3,-3), (-3,-3), (-3,-3)]
Turtle 4 :[(-4,-4), (16,31), (16,30), (16,29), (16,29), (16,29), (15,29), (14,29), (13,29), (-4,-4), (-4,-4)]
Turtle 5 :[(-5,-5), (47,12), (47,12), (46,12), (46,12), (45,12), (45,12), (44,12), (44,12), (43,12), (-5,-5)]

Detection Run 46
#Info# Executed steps before collision: 10, Found collision: false
Turtle 1 :[(-1,-1), (30,40), (30,39), (30,39), (29,39), (29,38), (29,38), (29,38), (29,37), (28,37), (-1,-1)]
Turtle 2 :[(-2,-2), (19,5), (18,5), (18,5), (18,5), (18,5), (19,5), (19,4), (19,4), (19,3), (-2,-2)]
Turtle 3 :[(-3,-3), (47,3), (47,3), (48,3), (48,3), (48,2), (48,2), (48,1), (48,0), (-3,-3), (-3,-3)]
Turtle 4 :[(-4,-4), (28,38), (28,37), (28,37), (27,37), (27,36), (27,36), (27,35), (26,35), (-4,-4), (-4,-4)]
Turtle 5 :[(-5,-5), (22,44), (22,44), (22,43), (22,43), (23,43), (23,43), (24,43), (24,42), (24,42), (24,41)]

Detection Run 47
#Info# Executed steps before collision: 8, Found collision: false
Turtle 1 :[(-1,-1), (27,23), (28,23), (28,22), (29,22), (30,22), (30,21), (-1,-1), (-1,-1)]
Turtle 2 :[(-2,-2), (36,27), (36,27), (37,27), (38,27), (39,27), (40,27), (40,27), (40,28)]
Turtle 3 :[(-3,-3), (21,21), (22,21), (23,21), (23,22), (24,22), (-3,-3), (-3,-3), (-3,-3)]
Turtle 4 :[(-4,-4), (32,48), (32,47), (32,47), (32,46), (31,46), (31,45), (30,45), (-4,-4)]
Turtle 5 :[(-5,-5), (26,31), (27,31), (28,31), (28,31), (28,30), (28,29), (28,28), (-5,-5)]

Detection Run 48
#Info# Executed steps before collision: 9, Found collision: false
Turtle 1 :[(-1,-1), (43,7), (44,7), (45,7), (45,6), (45,5), (46,5), (-1,-1), (-1,-1), (-1,-1)]
Turtle 2 :[(-2,-2), (21,38), (21,37), (21,37), (22,37), (22,37), (23,37), (24,37), (24,37), (25,37)]
Turtle 3 :[(-3,-3), (18,37), (18,37), (17,37), (16,37), (15,37), (14,37), (13,37), (-3,-3), (-3,-3)]
Turtle 4 :[(-4,-4), (45,0), (45,1), (44,1), (44,2), (44,3), (44,4), (-4,-4), (-4,-4), (-4,-4)]
Turtle 5 :[(-5,-5), (34,5), (34,5), (34,6), (35,6), (35,7), (35,8), (-5,-5), (-5,-5), (-5,-5)]

Detection Run 49
#Info# Executed steps before collision: 11, Found collision: false
Turtle 1 :[(-1,-1), (49,1), (49,1), (49,1), (49,1), (49,1), (49,0), (49,0), (49,0), (-1,-1), (-1,-1), (-1,-1)]
Turtle 2 :[(-2,-2), (41,33), (42,33), (41,33), (41,32), (41,32), (41,31), (-2,-2), (-2,-2), (-2,-2), (-2,-2), (-2,-2)]
Turtle 3 :[(-3,-3), (44,42), (44,42), (44,42), (45,42), (45,42), (45,43), (45,43), (46,43), (46,44), (46,45), (-3,-3)]
Turtle 4 :[(-4,-4), (10,20), (10,20), (9,20), (9,19), (9,18), (9,17), (8,17), (-4,-4), (-4,-4), (-4,-4), (-4,-4)]
Turtle 5 :[(-5,-5), (47,4), (47,5), (46,5), (46,5), (46,5), (46,6), (45,6), (45,6), (45,6), (45,6), (45,7)]

Detection Run 50
#Info# Executed steps before collision: 11, Found collision: false
Turtle 1 :[(-1,-1), (5,31), (5,31), (5,30), (4,30), (3,30), (3,29), (3,29), (2,29), (-1,-1), (-1,-1), (-1,-1)]
Turtle 2 :[(-2,-2), (21,46), (21,45), (21,45), (22,45), (22,44), (-2,-2), (-2,-2), (-2,-2), (-2,-2), (-2,-2), (-2,-2)]
Turtle 3 :[(-3,-3), (6,20), (6,20), (6,19), (6,18), (6,17), (6,17), (6,17), (5,17), (4,17), (-3,-3), (-3,-3)]
Turtle 4 :[(-4,-4), (27,29), (28,29), (29,29), (30,29), (31,29), (31,30), (-4,-4), (-4,-4), (-4,-4), (-4,-4), (-4,-4)]
Turtle 5 :[(-5,-5), (18,40), (18,40), (19,40), (20,40), (21,40), (21,40), (21,41), (21,41), (21,41), (21,41), (21,42)]

Detection Run 51
#Info# Executed steps before collision: 11, Found collision: false
Turtle 1 :[(-1,-1), (36,14), (36,13), (35,13), (34,13), (34,12), (33,12), (-1,-1), (-1,-1), (-1,-1), (-1,-1), (-1,-1)]
Turtle 2 :[(-2,-2), (41,0), (42,0), (42,0), (41,0), (41,0), (41,1), (-2,-2), (-2,-2), (-2,-2), (-2,-2), (-2,-2)]
Turtle 3 :[(-3,-3), (28,41), (27,41), (27,41), (27,41), (27,41), (26,41), (26,42), (25,42), (25,42), (25,42), (24,42)]
Turtle 4 :[(-4,-4), (26,41), (26,40), (26,40), (26,40), (27,40), (28,40), (28,40), (29,40), (29,40), (30,40), (-4,-4)]
Turtle 5 :[(-5,-5), (14,27), (14,27), (14,27), (14,27), (14,28), (14,28), (14,28), (14,29), (14,30), (14,31), (14,32)]

Detection Run 52
#Info# Executed steps before collision: 11, Found collision: false
Turtle 1 :[(-1,-1), (38,5), (37,5), (36,5), (35,5), (35,5), (35,5), (35,5), (35,4), (35,4), (35,3), (-1,-1)]
Turtle 2 :[(-2,-2), (5,14), (5,14), (5,14), (5,14), (4,14), (4,14), (4,15), (4,16), (3,16), (3,16), (2,16)]
Turtle 3 :[(-3,-3), (9,31), (8,31), (8,31), (7,31), (7,32), (-3,-3), (-3,-3), (-3,-3), (-3,-3), (-3,-3), (-3,-3)]
Turtle 4 :[(-4,-4), (26,18), (26,17), (26,16), (26,15), (26,15), (25,15), (25,15), (25,15), (25,15), (24,15), (-4,-4)]
Turtle 5 :[(-5,-5), (27,11), (27,11), (27,12), (27,12), (27,12), (27,12), (27,13), (27,13), (28,13), (28,14), (28,15)]

Detection Run 53
#Info# Executed steps before collision: 11, Found collision: false
Turtle 1 :[(-1,-1), (49,34), (49,33), (49,32), (49,32), (49,31), (49,31), (49,31), (49,30), (49,30), (49,30), (-1,-1)]
Turtle 2 :[(-2,-2), (23,6), (23,6), (24,6), (24,6), (24,7), (24,8), (24,8), (24,9), (24,9), (24,9), (25,9)]
Turtle 3 :[(-3,-3), (43,21), (44,21), (44,20), (45,20), (46,20), (47,20), (-3,-3), (-3,-3), (-3,-3), (-3,-3), (-3,-3)]
Turtle 4 :[(-4,-4), (17,44), (18,44), (-4,-4), (-4,-4), (-4,-4), (-4,-4), (-4,-4), (-4,-4), (-4,-4), (-4,-4), (-4,-4)]
Turtle 5 :[(-5,-5), (41,33), (41,32), (42,32), (43,32), (43,32), (43,32), (43,32), (43,31), (43,31), (43,31), (44,31)]

Detection Run 54
#Info# Executed steps before collision: 9, Found collision: false
Turtle 1 :[(-1,-1), (27,13), (27,14), (28,14), (28,15), (28,16), (29,16), (-1,-1), (-1,-1), (-1,-1)]
Turtle 2 :[(-2,-2), (10,9), (11,9), (11,10), (11,10), (11,11), (12,11), (13,11), (-2,-2), (-2,-2)]
Turtle 3 :[(-3,-3), (29,14), (29,13), (29,13), (29,12), (29,12), (29,13), (29,13), (28,13), (-3,-3)]
Turtle 4 :[(-4,-4), (28,33), (28,34), (28,35), (28,35), (29,35), (29,35), (29,35), (29,36), (29,37)]
Turtle 5 :[(-5,-5), (49,15), (49,14), (49,15), (49,16), (49,16), (-5,-5), (-5,-5), (-5,-5), (-5,-5)]

Detection Run 55
#Info# Executed steps before collision: 11, Found collision: false
Turtle 1 :[(-1,-1), (29,29), (30,29), (30,28), (30,27), (31,27), (31,26), (-1,-1), (-1,-1), (-1,-1), (-1,-1), (-1,-1)]
Turtle 2 :[(-2,-2), (33,0), (33,0), (33,0), (34,0), (35,0), (36,0), (36,0), (37,0), (38,0), (-2,-2), (-2,-2)]
Turtle 3 :[(-3,-3), (13,36), (14,36), (14,36), (14,36), (14,37), (14,37), (14,37), (14,37), (14,38), (15,38), (15,39)]
Turtle 4 :[(-4,-4), (29,40), (29,40), (29,40), (29,40), (29,40), (28,40), (28,40), (28,39), (28,38), (28,37), (27,37)]
Turtle 5 :[(-5,-5), (15,35), (15,35), (14,35), (14,35), (14,35), (14,35), (14,34), (-5,-5), (-5,-5), (-5,-5), (-5,-5)]

Detection Run 56
#Info# Executed steps before collision: 11, Found collision: false
Turtle 1 :[(-1,-1), (20,29), (20,29), (20,29), (21,29), (22,29), (22,30), (22,30), (22,30), (22,31), (22,31), (23,31)]
Turtle 2 :[(-2,-2), (41,38), (41,38), (41,37), (41,36), (40,36), (40,36), (40,35), (40,35), (40,34), (-2,-2), (-2,-2)]
Turtle 3 :[(-3,-3), (28,17), (29,17), (30,17), (31,17), (31,17), (32,17), (33,17), (-3,-3), (-3,-3), (-3,-3), (-3,-3)]
Turtle 4 :[(-4,-4), (7,16), (7,16), (6,16), (6,16), (6,17), (6,17), (5,17), (4,17), (4,17), (4,17), (3,17)]
Turtle 5 :[(-5,-5), (41,29), (41,30), (40,30), (40,30), (40,30), (40,30), (40,31), (39,31), (39,31), (39,32), (-5,-5)]

Detection Run 57
#Info# Executed steps before collision: 7, Found collision: false
Turtle 1 :[(-1,-1), (12,26), (12,26), (12,25), (12,24), (12,23), (12,22), (12,21)]
Turtle 2 :[(-2,-2), (32,17), (31,17), (30,17), (29,17), (28,17), (27,17), (-2,-2)]
Turtle 3 :[(-3,-3), (21,21), (21,22), (20,22), (20,23), (20,24), (19,24), (-3,-3)]
Turtle 4 :[(-4,-4), (24,22), (23,22), (22,22), (22,21), (22,20), (22,19), (-4,-4)]
Turtle 5 :[(-5,-5), (4,47), (3,47), (2,47), (2,47), (2,48), (2,48), (1,48)]

Detection Run 58
#Info# Executed steps before collision: 11, Found collision: false
Turtle 1 :[(-1,-1), (4,14), (4,14), (4,14), (4,14), (3,14), (2,14), (1,14), (1,14), (1,15), (1,15), (1,16)]
Turtle 2 :[(-2,-2), (14,42), (13,42), (13,42), (13,43), (13,43), (13,44), (13,45), (13,45), (13,45), (12,45), (-2,-2)]
Turtle 3 :[(-3,-3), (20,26), (19,26), (19,25), (18,25), (-3,-3), (-3,-3), (-3,-3), (-3,-3), (-3,-3), (-3,-3), (-3,-3)]
Turtle 4 :[(-4,-4), (29,45), (29,45), (29,45), (29,45), (29,44), (29,43), (29,43), (29,42), (29,41), (28,41), (-4,-4)]
Turtle 5 :[(-5,-5), (1,18), (1,17), (2,17), (3,17), (3,16), (4,16), (-5,-5), (-5,-5), (-5,-5), (-5,-5), (-5,-5)]

Detection Run 59
#Info# Executed steps before collision: 11, Found collision: false
Turtle 1 :[(-1,-1), (42,19), (42,20), (43,20), (44,20), (44,21), (45,21), (-1,-1), (-1,-1), (-1,-1), (-1,-1), (-1,-1)]
Turtle 2 :[(-2,-2), (23,30), (23,30), (23,30), (23,29), (23,28), (24,28), (-2,-2), (-2,-2), (-2,-2), (-2,-2), (-2,-2)]
Turtle 3 :[(-3,-3), (13,2), (13,2), (14,2), (14,1), (15,1), (15,1), (15,1), (16,1), (16,1), (16,1), (17,1)]
Turtle 4 :[(-4,-4), (16,40), (16,39), (16,38), (15,38), (15,38), (15,38), (15,37), (15,36), (-4,-4), (-4,-4), (-4,-4)]
Turtle 5 :[(-5,-5), (16,41), (16,42), (15,42), (15,42), (15,42), (15,42), (14,42), (14,43), (-5,-5), (-5,-5), (-5,-5)]

Detection Run 60
#Info# Executed steps before collision: 8, Found collision: false
Turtle 1 :[(-1,-1), (21,34), (21,34), (21,34), (21,35), (21,35), (20,35), (20,36), (20,37)]
Turtle 2 :[(-2,-2), (39,5), (39,5), (38,5), (38,4), (37,4), (37,3), (37,3), (36,3)]
Turtle 3 :[(-3,-3), (17,33), (17,34), (17,35), (17,36), (17,37), (18,37), (-3,-3), (-3,-3)]
Turtle 4 :[(-4,-4), (39,43), (39,44), (40,44), (41,44), (42,44), (42,45), (-4,-4), (-4,-4)]
Turtle 5 :[(-5,-5), (47,20), (46,20), (46,20), (45,20), (45,20), (45,20), (44,20), (-5,-5)]

Detection Run 61
#Info# Executed steps before collision: 9, Found collision: false
Turtle 1 :[(-1,-1), (20,18), (20,18), (20,18), (20,19), (20,19), (21,19), (21,20), (21,21), (21,22)]
Turtle 2 :[(-2,-2), (15,17), (15,17), (15,18), (14,18), (14,19), (14,19), (13,19), (12,19), (-2,-2)]
Turtle 3 :[(-3,-3), (27,29), (27,29), (28,29), (28,29), (29,29), (29,29), (30,29), (31,29), (32,29)]
Turtle 4 :[(-4,-4), (12,12), (13,12), (14,12), (14,11), (14,10), (14,9), (-4,-4), (-4,-4), (-4,-4)]
Turtle 5 :[(-5,-5), (30,25), (30,25), (30,26), (30,26), (30,26), (30,26), (30,27), (31,27), (32,27)]

Detection Run 62
#Info# Executed steps before collision: 11, Found collision: false
Turtle 1 :[(-1,-1), (10,32), (10,33), (9,33), (9,33), (8,33), (8,34), (-1,-1), (-1,-1), (-1,-1), (-1,-1), (-1,-1)]
Turtle 2 :[(-2,-2), (48,13), (48,13), (48,14), (48,14), (48,14), (48,14), (48,15), (48,16), (48,16), (48,17), (49,17)]
Turtle 3 :[(-3,-3), (6,21), (6,21), (6,22), (6,22), (6,22), (6,22), (5,22), (4,22), (4,22), (4,23), (-3,-3)]
Turtle 4 :[(-4,-4), (30,12), (30,12), (30,12), (30,12), (31,12), (31,13), (31,14), (32,14), (32,14), (32,14), (33,14)]
Turtle 5 :[(-5,-5), (47,25), (47,25), (47,25), (47,25), (47,25), (47,24), (47,23), (47,22), (47,22), (48,22), (-5,-5)]

Detection Run 63
#Info# Executed steps before collision: 11, Found collision: false
Turtle 1 :[(-1,-1), (28,39), (28,39), (28,38), (28,38), (28,38), (28,38), (28,38), (29,38), (-1,-1), (-1,-1), (-1,-1)]
Turtle 2 :[(-2,-2), (39,22), (38,22), (37,22), (37,23), (37,24), (-2,-2), (-2,-2), (-2,-2), (-2,-2), (-2,-2), (-2,-2)]
Turtle 3 :[(-3,-3), (32,39), (33,39), (33,39), (33,39), (33,39), (33,39), (33,40), (33,40), (33,41), (34,41), (34,42)]
Turtle 4 :[(-4,-4), (44,25), (44,26), (44,26), (44,27), (44,27), (45,27), (45,28), (46,28), (-4,-4), (-4,-4), (-4,-4)]
Turtle 5 :[(-5,-5), (40,6), (40,6), (40,7), (39,7), (39,7), (39,7), (38,7), (38,7), (38,8), (38,8), (38,9)]

Detection Run 64
#Info# Executed steps before collision: 8, Found collision: false
Turtle 1 :[(-1,-1), (28,38), (28,37), (28,37), (27,37), (26,37), (26,36), (26,36), (26,35)]
Turtle 2 :[(-2,-2), (19,15), (19,16), (19,17), (19,18), (19,19), (18,19), (-2,-2), (-2,-2)]
Turtle 3 :[(-3,-3), (12,17), (12,16), (12,16), (13,16), (14,16), (15,16), (16,16), (-3,-3)]
Turtle 4 :[(-4,-4), (5,26), (5,26), (5,27), (5,28), (5,29), (5,30), (5,31), (-4,-4)]
Turtle 5 :[(-5,-5), (23,44), (23,44), (24,44), (25,44), (25,43), (26,43), (26,43), (27,43)]

Detection Run 65
#Info# Executed steps before collision: 11, Found collision: false
Turtle 1 :[(-1,-1), (15,31), (15,32), (15,32), (14,32), (13,32), (13,33), (13,33), (13,33), (13,33), (13,33), (12,33)]
Turtle 2 :[(-2,-2), (8,44), (9,44), (9,44), (9,44), (9,45), (10,45), (10,45), (10,45), (10,45), (10,46), (10,47)]
Turtle 3 :[(-3,-3), (30,16), (30,15), (30,15), (30,15), (30,14), (-3,-3), (-3,-3), (-3,-3), (-3,-3), (-3,-3), (-3,-3)]
Turtle 4 :[(-4,-4), (14,15), (14,15), (14,15), (14,14), (14,13), (14,12), (13,12), (13,12), (13,12), (13,11), (-4,-4)]
Turtle 5 :[(-5,-5), (16,49), (15,49), (14,49), (13,49), (13,49), (-5,-5), (-5,-5), (-5,-5), (-5,-5), (-5,-5), (-5,-5)]

Detection Run 66
#Info# Executed steps before collision: 11, Found collision: false
Turtle 1 :[(-1,-1), (46,34), (46,35), (46,35), (46,36), (46,37), (46,38), (47,38), (-1,-1), (-1,-1), (-1,-1), (-1,-1)]
Turtle 2 :[(-2,-2), (11,46), (11,45), (11,45), (11,44), (11,44), (12,44), (12,43), (12,43), (12,43), (12,43), (12,42)]
Turtle 3 :[(-3,-3), (42,15), (42,15), (42,15), (41,15), (41,15), (40,15), (40,15), (39,15), (39,14), (38,14), (-3,-3)]
Turtle 4 :[(-4,-4), (24,30), (24,29), (24,28), (25,28), (25,28), (25,27), (25,27), (26,27), (-4,-4), (-4,-4), (-4,-4)]
Turtle 5 :[(-5,-5), (31,18), (32,18), (32,17), (33,17), (33,16), (33,15), (-5,-5), (-5,-5), (-5,-5), (-5,-5), (-5,-5)]

Detection Run 67
#Info# Executed steps before collision: 11, Found collision: false
Turtle 1 :[(-1,-1), (23,39), (24,39), (25,39), (25,39), (25,39), (25,38), (25,38), (25,38), (25,37), (25,37), (25,36)]
Turtle 2 :[(-2,-2), (22,49), (22,49), (22,49), (22,49), (21,49), (20,49), (19,49), (19,49), (19,49), (18,49), (-2,-2)]
Turtle 3 :[(-3,-3), (19,19), (19,20), (19,20), (19,21), (20,21), (20,21), (21,21), (22,21), (-3,-3), (-3,-3), (-3,-3)]
Turtle 4 :[(-4,-4), (24,16), (24,16), (25,16), (25,15), (25,15), (25,15), (26,15), (26,15), (27,15), (27,15), (28,15)]
Turtle 5 :[(-5,-5), (6,5), (6,6), (6,7), (6,8), (6,9), (7,9), (-5,-5), (-5,-5), (-5,-5), (-5,-5), (-5,-5)]

Detection Run 68
#Info# Executed steps before collision: 10, Found collision: false
Turtle 1 :[(-1,-1), (15,30), (14,30), (14,30), (14,31), (13,31), (13,31), (13,31), (13,31), (13,31), (13,32)]
Turtle 2 :[(-2,-2), (9,27), (10,27), (10,27), (10,27), (11,27), (11,27), (11,27), (12,27), (13,27), (14,27)]
Turtle 3 :[(-3,-3), (12,4), (12,3), (13,3), (13,2), (12,2), (12,1), (-3,-3), (-3,-3), (-3,-3), (-3,-3)]
Turtle 4 :[(-4,-4), (10,8), (11,8), (11,9), (12,9), (12,10), (-4,-4), (-4,-4), (-4,-4), (-4,-4), (-4,-4)]
Turtle 5 :[(-5,-5), (21,23), (20,23), (19,23), (19,23), (18,23), (18,24), (18,24), (17,24), (-5,-5), (-5,-5)]

Detection Run 69
#Info# Executed steps before collision: 10, Found collision: false
Turtle 1 :[(-1,-1), (44,32), (44,32), (44,31), (43,31), (43,31), (43,30), (43,30), (43,29), (43,29), (42,29)]
Turtle 2 :[(-2,-2), (9,7), (10,7), (11,7), (11,6), (-2,-2), (-2,-2), (-2,-2), (-2,-2), (-2,-2), (-2,-2)]
Turtle 3 :[(-3,-3), (34,27), (33,27), (32,27), (32,28), (31,28), (30,28), (-3,-3), (-3,-3), (-3,-3), (-3,-3)]
Turtle 4 :[(-4,-4), (25,29), (25,29), (25,29), (25,28), (25,27), (25,27), (24,27), (23,27), (23,27), (22,27)]
Turtle 5 :[(-5,-5), (18,38), (18,38), (17,38), (17,38), (17,39), (-5,-5), (-5,-5), (-5,-5), (-5,-5), (-5,-5)]

Detection Run 70
#Info# Executed steps before collision: 9, Found collision: false
Turtle 1 :[(-1,-1), (7,35), (7,35), (7,36), (7,36), (6,36), (5,36), (-1,-1), (-1,-1), (-1,-1)]
Turtle 2 :[(-2,-2), (18,42), (18,42), (18,43), (18,44), (17,44), (17,45), (-2,-2), (-2,-2), (-2,-2)]
Turtle 3 :[(-3,-3), (1,27), (1,28), (0,28), (0,28), (0,29), (0,29), (0,30), (-3,-3), (-3,-3)]
Turtle 4 :[(-4,-4), (46,21), (46,21), (46,20), (46,20), (45,20), (45,20), (45,19), (44,19), (43,19)]
Turtle 5 :[(-5,-5), (18,40), (18,40), (18,41), (19,41), (19,42), (19,43), (20,43), (-5,-5), (-5,-5)]

Detection Run 71
#Info# Executed steps before collision: 11, Found collision: false
Turtle 1 :[(-1,-1), (33,13), (34,13), (35,13), (35,14), (-1,-1), (-1,-1), (-1,-1), (-1,-1), (-1,-1), (-1,-1), (-1,-1)]
Turtle 2 :[(-2,-2), (23,14), (23,14), (22,14), (22,13), (22,13), (21,13), (22,13), (-2,-2), (-2,-2), (-2,-2), (-2,-2)]
Turtle 3 :[(-3,-3), (24,15), (23,15), (22,15), (22,15), (22,14), (21,14), (-3,-3), (-3,-3), (-3,-3), (-3,-3), (-3,-3)]
Turtle 4 :[(-4,-4), (3,1), (4,1), (5,1), (5,2), (6,2), (6,2), (6,3), (-4,-4), (-4,-4), (-4,-4), (-4,-4)]
Turtle 5 :[(-5,-5), (33,16), (33,16), (33,16), (33,17), (32,17), (32,17), (31,17), (31,18), (31,18), (31,18), (30,18)]

Detection Run 72
#Info# Executed steps before collision: 8, Found collision: false
Turtle 1 :[(-1,-1), (39,13), (40,13), (41,13), (41,13), (41,13), (41,14), (42,14), (43,14)]
Turtle 2 :[(-2,-2), (21,34), (21,34), (21,34), (22,34), (22,35), (22,36), (-2,-2), (-2,-2)]
Turtle 3 :[(-3,-3), (10,12), (10,12), (10,12), (10,12), (10,13), (10,13), (11,13), (11,14)]
Turtle 4 :[(-4,-4), (48,22), (48,21), (47,21), (47,20), (47,19), (46,19), (-4,-4), (-4,-4)]
Turtle 5 :[(-5,-5), (22,11), (22,12), (22,13), (21,13), (21,14), (20,14), (-5,-5), (-5,-5)]

Detection Run 73
#Info# Executed steps before collision: 10, Found collision: false
Turtle 1 :[(-1,-1), (19,25), (19,24), (19,24), (19,24), (19,25), (19,24), (19,23), (19,23), (19,23), (18,23)]
Turtle 2 :[(-2,-2), (40,45), (39,45), (39,45), (39,44), (38,44), (38,43), (37,43), (-2,-2), (-2,-2), (-2,-2)]
Turtle 3 :[(-3,-3), (22,38), (22,39), (22,40), (22,41), (22,42), (22,43), (-3,-3), (-3,-3), (-3,-3), (-3,-3)]
Turtle 4 :[(-4,-4), (16,29), (16,30), (16,31), (16,30), (15,30), (-4,-4), (-4,-4), (-4,-4), (-4,-4), (-4,-4)]
Turtle 5 :[(-5,-5), (8,12), (8,12), (8,12), (8,12), (9,12), (9,13), (9,14), (10,14), (10,15), (-5,-5)]

Detection Run 74
#Info# Executed steps before collision: 8, Found collision: false
Turtle 1 :[(-1,-1), (20,45), (21,45), (22,45), (23,45), (24,45), (24,46), (-1,-1), (-1,-1)]
Turtle 2 :[(-2,-2), (38,13), (37,13), (36,13), (35,13), (35,14), (35,15), (-2,-2), (-2,-2)]
Turtle 3 :[(-3,-3), (18,43), (18,42), (18,41), (18,40), (17,40), (-3,-3), (-3,-3), (-3,-3)]
Turtle 4 :[(-4,-4), (49,0), (49,0), (48,0), (48,0), (48,1), (48,2), (48,3), (47,3)]
Turtle 5 :[(-5,-5), (49,1), (49,1), (48,1), (-5,-5), (-5,-5), (-5,-5), (-5,-5), (-5,-5)]

Detection Run 75
#Info# Executed steps before collision: 11, Found collision: false
Turtle 1 :[(-1,-1), (10,34), (10,34), (11,34), (11,34), (11,33), (11,33), (11,33), (12,33), (12,32), (12,32), (12,31)]
Turtle 2 :[(-2,-2), (10,27), (11,27), (11,28), (11,27), (12,27), (-2,-2), (-2,-2), (-2,-2), (-2,-2), (-2,-2), (-2,-2)]
Turtle 3 :[(-3,-3), (24,29), (25,29), (25,29), (25,28), (25,28), (25,28), (25,27), (26,27), (-3,-3), (-3,-3), (-3,-3)]
Turtle 4 :[(-4,-4), (27,36), (27,35), (27,35), (27,35), (27,34), (26,34), (26,33), (25,33), (-4,-4), (-4,-4), (-4,-4)]
Turtle 5 :[(-5,-5), (21,12), (20,12), (19,12), (-5,-5), (-5,-5), (-5,-5), (-5,-5), (-5,-5), (-5,-5), (-5,-5), (-5,-5)]

Detection Run 76
#Info# Executed steps before collision: 11, Found collision: false
Turtle 1 :[(-1,-1), (27,42), (27,43), (27,43), (26,43), (26,43), (25,43), (24,43), (-1,-1), (-1,-1), (-1,-1), (-1,-1)]
Turtle 2 :[(-2,-2), (48,32), (49,32), (49,32), (48,32), (49,32), (49,32), (-2,-2), (-2,-2), (-2,-2), (-2,-2), (-2,-2)]
Turtle 3 :[(-3,-3), (24,37), (25,37), (25,37), (25,37), (26,37), (26,36), (26,36), (26,36), (26,35), (27,35), (-3,-3)]
Turtle 4 :[(-4,-4), (3,44), (4,44), (4,44), (4,44), (5,44), (6,44), (6,45), (6,45), (7,45), (-4,-4), (-4,-4)]
Turtle 5 :[(-5,-5), (45,11), (44,11), (44,11), (44,11), (44,11), (43,11), (43,11), (43,10), (42,10), (42,10), (42,9)]

Detection Run 77
#Info# Executed steps before collision: 11, Found collision: false
Turtle 1 :[(-1,-1), (29,32), (29,33), (29,33), (29,33), (29,32), (29,32), (29,33), (28,33), (-1,-1), (-1,-1), (-1,-1)]
Turtle 2 :[(-2,-2), (37,22), (37,23), (37,23), (37,24), (37,24), (37,25), (-2,-2), (-2,-2), (-2,-2), (-2,-2), (-2,-2)]
Turtle 3 :[(-3,-3), (32,36), (32,35), (31,35), (31,35), (31,35), (31,35), (30,35), (30,35), (29,35), (29,35), (29,34)]
Turtle 4 :[(-4,-4), (37,37), (38,37), (38,37), (39,37), (39,38), (39,38), (40,38), (40,39), (-4,-4), (-4,-4), (-4,-4)]
Turtle 5 :[(-5,-5), (43,1), (44,1), (45,1), (45,1), (46,1), (46,0), (47,0), (-5,-5), (-5,-5), (-5,-5), (-5,-5)]

Detection Run 78
#Info# Executed steps before collision: 11, Found collision: false
Turtle 1 :[(-1,-1), (5,27), (6,27), (6,28), (6,29), (7,29), (7,30), (-1,-1), (-1,-1), (-1,-1), (-1,-1), (-1,-1)]
Turtle 2 :[(-2,-2), (26,9), (26,9), (26,9), (26,8), (26,8), (26,8), (27,8), (27,8), (27,9), (27,8), (28,8)]
Turtle 3 :[(-3,-3), (46,28), (47,28), (47,29), (46,29), (47,29), (-3,-3), (-3,-3), (-3,-3), (-3,-3), (-3,-3), (-3,-3)]
Turtle 4 :[(-4,-4), (8,26), (9,26), (9,26), (10,26), (10,27), (10,28), (11,28), (-4,-4), (-4,-4), (-4,-4), (-4,-4)]
Turtle 5 :[(-5,-5), (4,12), (5,12), (6,12), (6,11), (7,11), (8,11), (-5,-5), (-5,-5), (-5,-5), (-5,-5), (-5,-5)]

Detection Run 79
#Info# Executed steps before collision: 11, Found collision: false
Turtle 1 :[(-1,-1), (40,47), (40,47), (41,47), (41,47), (41,46), (41,46), (42,46), (43,46), (-1,-1), (-1,-1), (-1,-1)]
Turtle 2 :[(-2,-2), (25,18), (25,18), (25,18), (25,18), (25,18), (25,19), (25,19), (25,20), (25,21), (-2,-2), (-2,-2)]
Turtle 3 :[(-3,-3), (44,8), (44,8), (44,8), (44,8), (44,8), (44,9), (44,10), (44,10), (45,10), (45,11), (45,12)]
Turtle 4 :[(-4,-4), (0,39), (0,38), (1,38), (1,37), (1,37), (1,36), (1,36), (1,36), (2,36), (-4,-4), (-4,-4)]
Turtle 5 :[(-5,-5), (41,14), (41,15), (42,15), (43,15), (43,16), (44,16), (-5,-5), (-5,-5), (-5,-5), (-5,-5), (-5,-5)]

Detection Run 80
#Info# Executed steps before collision: 11, Found collision: false
Turtle 1 :[(-1,-1), (20,4), (20,4), (20,4), (20,5), (19,5), (19,5), (19,5), (19,6), (19,6), (19,7), (18,7)]
Turtle 2 :[(-2,-2), (45,42), (46,42), (47,42), (48,42), (49,42), (49,42), (-2,-2), (-2,-2), (-2,-2), (-2,-2), (-2,-2)]
Turtle 3 :[(-3,-3), (9,0), (9,0), (9,1), (9,2), (9,2), (9,2), (9,2), (8,2), (8,2), (8,3), (8,4)]
Turtle 4 :[(-4,-4), (20,44), (21,44), (22,44), (22,45), (-4,-4), (-4,-4), (-4,-4), (-4,-4), (-4,-4), (-4,-4), (-4,-4)]
Turtle 5 :[(-5,-5), (24,45), (24,45), (24,46), (24,47), (25,47), (25,47), (25,47), (26,47), (-5,-5), (-5,-5), (-5,-5)]

Detection Run 81
#Info# Executed steps before collision: 11, Found collision: false
Turtle 1 :[(-1,-1), (11,12), (11,11), (10,11), (9,11), (8,11), (8,11), (8,11), (8,11), (8,11), (8,11), (8,10)]
Turtle 2 :[(-2,-2), (9,14), (10,14), (10,14), (10,15), (10,16), (11,16), (11,16), (11,16), (11,16), (11,17), (-2,-2)]
Turtle 3 :[(-3,-3), (48,47), (47,47), (47,48), (46,48), (45,48), (45,49), (-3,-3), (-3,-3), (-3,-3), (-3,-3), (-3,-3)]
Turtle 4 :[(-4,-4), (45,23), (44,23), (44,22), (44,22), (43,22), (42,22), (42,21), (-4,-4), (-4,-4), (-4,-4), (-4,-4)]
Turtle 5 :[(-5,-5), (14,20), (13,20), (12,20), (12,21), (11,21), (11,22), (-5,-5), (-5,-5), (-5,-5), (-5,-5), (-5,-5)]

Detection Run 82
#Info# Executed steps before collision: 11, Found collision: false
Turtle 1 :[(-1,-1), (45,49), (45,48), (45,47), (45,46), (44,46), (43,46), (-1,-1), (-1,-1), (-1,-1), (-1,-1), (-1,-1)]
Turtle 2 :[(-2,-2), (2,24), (2,24), (2,25), (1,25), (1,25), (0,25), (0,25), (0,25), (0,26), (0,26), (0,27)]
Turtle 3 :[(-3,-3), (5,13), (4,13), (4,13), (3,13), (3,13), (2,13), (1,13), (-3,-3), (-3,-3), (-3,-3), (-3,-3)]
Turtle 4 :[(-4,-4), (12,19), (12,19), (13,19), (13,19), (13,19), (13,20), (14,20), (15,20), (16,20), (-4,-4), (-4,-4)]
Turtle 5 :[(-5,-5), (20,26), (20,26), (20,26), (20,25), (21,25), (21,25), (21,24), (21,24), (21,24), (21,23), (21,22)]

Detection Run 83
#Info# Executed steps before collision: 10, Found collision: false
Turtle 1 :[(-1,-1), (16,37), (16,36), (16,36), (15,36), (15,36), (15,35), (-1,-1), (-1,-1), (-1,-1), (-1,-1)]
Turtle 2 :[(-2,-2), (16,30), (16,30), (15,30), (15,29), (-2,-2), (-2,-2), (-2,-2), (-2,-2), (-2,-2), (-2,-2)]
Turtle 3 :[(-3,-3), (14,38), (15,38), (16,38), (16,39), (16,40), (17,40), (-3,-3), (-3,-3), (-3,-3), (-3,-3)]
Turtle 4 :[(-4,-4), (42,21), (42,20), (42,20), (42,20), (42,19), (43,19), (43,19), (44,19), (44,19), (45,19)]
Turtle 5 :[(-5,-5), (42,36), (43,36), (43,37), (44,37), (-5,-5), (-5,-5), (-5,-5), (-5,-5), (-5,-5), (-5,-5)]

Detection Run 84
#Info# Executed steps before collision: 11, Found collision: false
Turtle 1 :[(-1,-1), (14,37), (14,36), (14,36), (14,36), (14,35), (14,34), (14,34), (14,34), (14,33), (14,33), (13,33)]
Turtle 2 :[(-2,-2), (46,2), (46,2), (46,2), (45,2), (45,2), (45,1), (44,1), (44,1), (44,1), (44,0), (43,0)]
Turtle 3 :[(-3,-3), (21,49), (20,49), (20,49), (20,49), (19,49), (19,49), (19,49), (18,49), (-3,-3), (-3,-3), (-3,-3)]
Turtle 4 :[(-4,-4), (37,1), (38,1), (38,1), (39,1), (39,1), (39,0), (39,0), (39,0), (40,0), (-4,-4), (-4,-4)]
Turtle 5 :[(-5,-5), (29,43), (29,43), (29,43), (29,43), (30,43), (31,43), (31,43), (31,44), (31,45), (31,45), (32,45)]

Detection Run 85
#Info# Executed steps before collision: 11, Found collision: false
Turtle 1 :[(-1,-1), (36,42), (36,41), (37,41), (38,41), (38,40), (38,40), (39,40), (-1,-1), (-1,-1), (-1,-1), (-1,-1)]
Turtle 2 :[(-2,-2), (8,14), (7,14), (7,13), (6,13), (5,13), (4,13), (-2,-2), (-2,-2), (-2,-2), (-2,-2), (-2,-2)]
Turtle 3 :[(-3,-3), (41,36), (41,36), (42,36), (42,36), (42,36), (42,36), (42,36), (43,36), (44,36), (-3,-3), (-3,-3)]
Turtle 4 :[(-4,-4), (8,20), (8,20), (8,19), (8,19), (8,19), (8,19), (8,18), (8,17), (9,17), (9,17), (10,17)]
Turtle 5 :[(-5,-5), (18,46), (18,46), (18,46), (18,46), (17,46), (17,46), (16,46), (16,47), (16,47), (16,48), (-5,-5)]

Detection Run 86
#Info# Executed steps before collision: 11, Found collision: false
Turtle 1 :[(-1,-1), (48,15), (47,15), (47,15), (47,14), (-1,-1), (-1,-1), (-1,-1), (-1,-1), (-1,-1), (-1,-1), (-1,-1)]
Turtle 2 :[(-2,-2), (30,27), (29,27), (29,26), (29,26), (29,26), (29,26), (28,26), (27,26), (27,26), (27,26), (27,25)]
Turtle 3 :[(-3,-3), (43,36), (43,35), (44,35), (44,34), (44,34), (44,34), (44,33), (44,32), (-3,-3), (-3,-3), (-3,-3)]
Turtle 4 :[(-4,-4), (46,28), (47,28), (48,28), (48,28), (48,28), (49,28), (49,28), (49,28), (49,27), (49,27), (-4,-4)]
Turtle 5 :[(-5,-5), (39,29), (39,30), (40,30), (40,31), (40,32), (-5,-5), (-5,-5), (-5,-5), (-5,-5), (-5,-5), (-5,-5)]

Detection Run 87
#Info# Executed steps before collision: 10, Found collision: false
Turtle 1 :[(-1,-1), (27,14), (28,14), (28,13), (29,13), (29,12), (29,11), (-1,-1), (-1,-1), (-1,-1), (-1,-1)]
Turtle 2 :[(-2,-2), (12,29), (12,29), (12,30), (12,30), (12,30), (12,30), (11,30), (10,30), (-2,-2), (-2,-2)]
Turtle 3 :[(-3,-3), (8,36), (8,36), (8,36), (8,36), (8,35), (8,34), (8,34), (8,33), (9,33), (9,32)]
Turtle 4 :[(-4,-4), (30,0), (30,0), (29,0), (28,0), (27,0), (-4,-4), (-4,-4), (-4,-4), (-4,-4), (-4,-4)]
Turtle 5 :[(-5,-5), (8,1), (7,1), (7,2), (6,2), (6,2), (5,2), (4,2), (-5,-5), (-5,-5), (-5,-5)]

Detection Run 88
#Info# Executed steps before collision: 8, Found collision: false
Turtle 1 :[(-1,-1), (38,40), (37,40), (37,39), (37,40), (36,40), (-1,-1), (-1,-1), (-1,-1)]
Turtle 2 :[(-2,-2), (26,42), (26,41), (26,41), (25,41), (24,41), (-2,-2), (-2,-2), (-2,-2)]
Turtle 3 :[(-3,-3), (45,2), (45,2), (45,1), (45,1), (46,1), (46,0), (46,0), (47,0)]
Turtle 4 :[(-4,-4), (20,16), (19,16), (19,16), (19,16), (19,17), (-4,-4), (-4,-4), (-4,-4)]
Turtle 5 :[(-5,-5), (18,11), (17,11), (17,12), (17,13), (17,14), (17,15), (-5,-5), (-5,-5)]

Detection Run 89
#Info# Executed steps before collision: 7, Found collision: false
Turtle 1 :[(-1,-1), (21,14), (21,15), (21,14), (21,15), (-1,-1), (-1,-1), (-1,-1)]
Turtle 2 :[(-2,-2), (49,39), (49,39), (49,39), (48,39), (-2,-2), (-2,-2), (-2,-2)]
Turtle 3 :[(-3,-3), (18,43), (19,43), (19,42), (19,42), (19,41), (-3,-3), (-3,-3)]
Turtle 4 :[(-4,-4), (24,17), (24,17), (24,17), (24,18), (24,17), (24,17), (24,16)]
Turtle 5 :[(-5,-5), (7,6), (7,6), (8,6), (9,6), (9,6), (8,6), (8,5)]

Detection Run 90
#Info# Executed steps before collision: 9, Found collision: false
Turtle 1 :[(-1,-1), (8,4), (8,4), (8,4), (8,4), (9,4), (9,5), (-1,-1), (-1,-1), (-1,-1)]
Turtle 2 :[(-2,-2), (25,5), (25,5), (25,6), (26,6), (27,6), (27,6), (27,7), (27,8), (-2,-2)]
Turtle 3 :[(-3,-3), (10,23), (9,23), (8,23), (7,23), (6,23), (6,22), (-3,-3), (-3,-3), (-3,-3)]
Turtle 4 :[(-4,-4), (6,30), (6,29), (7,29), (7,28), (7,28), (7,28), (8,28), (-4,-4), (-4,-4)]
Turtle 5 :[(-5,-5), (33,26), (33,26), (32,26), (32,25), (31,25), (31,25), (31,25), (31,24), (31,23)]

Detection Run 91
#Info# Executed steps before collision: 11, Found collision: false
Turtle 1 :[(-1,-1), (30,12), (30,13), (31,13), (31,13), (32,13), (32,13), (32,14), (-1,-1), (-1,-1), (-1,-1), (-1,-1)]
Turtle 2 :[(-2,-2), (34,29), (34,29), (34,29), (34,30), (34,31), (34,31), (35,31), (35,31), (36,31), (36,31), (37,31)]
Turtle 3 :[(-3,-3), (5,8), (5,8), (6,8), (7,8), (8,8), (8,8), (9,8), (9,7), (-3,-3), (-3,-3), (-3,-3)]
Turtle 4 :[(-4,-4), (4,4), (4,4), (5,4), (5,3), (6,3), (7,3), (8,3), (-4,-4), (-4,-4), (-4,-4), (-4,-4)]
Turtle 5 :[(-5,-5), (22,47), (23,47), (24,47), (24,48), (25,48), (26,48), (-5,-5), (-5,-5), (-5,-5), (-5,-5), (-5,-5)]

Detection Run 92
#Info# Executed steps before collision: 10, Found collision: false
Turtle 1 :[(-1,-1), (31,6), (31,7), (31,8), (31,9), (31,10), (-1,-1), (-1,-1), (-1,-1), (-1,-1), (-1,-1)]
Turtle 2 :[(-2,-2), (23,5), (23,5), (24,5), (24,5), (23,5), (23,4), (23,4), (23,3), (-2,-2), (-2,-2)]
Turtle 3 :[(-3,-3), (23,10), (23,10), (23,10), (24,10), (24,10), (24,10), (25,10), (26,10), (26,10), (27,10)]
Turtle 4 :[(-4,-4), (18,30), (17,30), (17,31), (16,31), (15,31), (-4,-4), (-4,-4), (-4,-4), (-4,-4), (-4,-4)]
Turtle 5 :[(-5,-5), (30,29), (30,29), (30,28), (31,28), (31,28), (31,27), (31,26), (-5,-5), (-5,-5), (-5,-5)]

Detection Run 93
#Info# Executed steps before collision: 11, Found collision: false
Turtle 1 :[(-1,-1), (42,8), (42,8), (41,8), (41,8), (41,8), (41,8), (41,8), (41,9), (42,9), (42,10), (-1,-1)]
Turtle 2 :[(-2,-2), (12,41), (12,41), (11,41), (11,41), (11,40), (10,40), (9,40), (9,40), (9,40), (9,39), (-2,-2)]
Turtle 3 :[(-3,-3), (0,13), (0,13), (0,13), (0,13), (0,14), (0,14), (0,14), (0,15), (0,16), (0,17), (0,18)]
Turtle 4 :[(-4,-4), (29,9), (29,9), (29,9), (29,9), (30,9), (31,9), (32,9), (33,9), (33,9), (33,9), (33,10)]
Turtle 5 :[(-5,-5), (9,45), (9,45), (9,45), (10,45), (11,45), (12,45), (12,45), (12,45), (12,46), (-5,-5), (-5,-5)]

Detection Run 94
#Info# Executed steps before collision: 10, Found collision: false
Turtle 1 :[(-1,-1), (15,45), (15,44), (15,43), (14,43), (14,43), (14,42), (14,42), (14,42), (14,41), (-1,-1)]
Turtle 2 :[(-2,-2), (27,44), (28,44), (28,44), (28,43), (29,43), (30,43), (30,43), (30,43), (30,43), (31,43)]
Turtle 3 :[(-3,-3), (13,42), (13,42), (13,42), (14,42), (13,42), (13,41), (13,40), (13,39), (14,39), (15,39)]
Turtle 4 :[(-4,-4), (7,21), (7,20), (7,19), (7,18), (7,18), (6,18), (6,17), (-4,-4), (-4,-4), (-4,-4)]
Turtle 5 :[(-5,-5), (13,44), (13,44), (12,44), (11,44), (11,45), (11,46), (10,46), (-5,-5), (-5,-5), (-5,-5)]

Detection Run 95
#Info# Executed steps before collision: 11, Found collision: false
Turtle 1 :[(-1,-1), (37,25), (37,24), (37,24), (37,24), (38,24), (38,23), (38,22), (-1,-1), (-1,-1), (-1,-1), (-1,-1)]
Turtle 2 :[(-2,-2), (4,11), (4,11), (4,11), (4,10), (4,10), (4,9), (4,8), (3,8), (3,7), (-2,-2), (-2,-2)]
Turtle 3 :[(-3,-3), (47,19), (47,20), (47,20), (47,20), (46,20), (45,20), (45,20), (44,20), (43,20), (-3,-3), (-3,-3)]
Turtle 4 :[(-4,-4), (14,25), (13,25), (13,26), (13,27), (13,27), (13,27), (13,27), (13,27), (13,27), (13,28), (13,29)]
Turtle 5 :[(-5,-5), (2,42), (2,41), (2,40), (2,41), (2,40), (-5,-5), (-5,-5), (-5,-5), (-5,-5), (-5,-5), (-5,-5)]

Detection Run 96
#Info# Executed steps before collision: 11, Found collision: false
Turtle 1 :[(-1,-1), (45,9), (45,9), (44,9), (44,9), (44,10), (44,10), (44,10), (44,11), (43,11), (42,11), (-1,-1)]
Turtle 2 :[(-2,-2), (46,32), (45,32), (45,32), (46,32), (47,32), (-2,-2), (-2,-2), (-2,-2), (-2,-2), (-2,-2), (-2,-2)]
Turtle 3 :[(-3,-3), (35,17), (35,16), (35,16), (35,15), (34,15), (34,15), (34,15), (34,15), (34,14), (34,13), (-3,-3)]
Turtle 4 :[(-4,-4), (28,12), (29,12), (29,12), (29,11), (29,11), (29,11), (29,11), (30,11), (30,11), (31,11), (31,10)]
Turtle 5 :[(-5,-5), (43,34), (43,34), (43,35), (43,36), (44,36), (45,36), (45,36), (45,36), (46,36), (-5,-5), (-5,-5)]

Detection Run 97
#Info# Executed steps before collision: 9, Found collision: false
Turtle 1 :[(-1,-1), (10,48), (9,48), (8,48), (8,47), (-1,-1), (-1,-1), (-1,-1), (-1,-1), (-1,-1)]
Turtle 2 :[(-2,-2), (8,13), (9,13), (10,13), (11,13), (12,13), (-2,-2), (-2,-2), (-2,-2), (-2,-2)]
Turtle 3 :[(-3,-3), (8,8), (8,7), (9,7), (10,7), (10,6), (11,6), (-3,-3), (-3,-3), (-3,-3)]
Turtle 4 :[(-4,-4), (34,8), (34,7), (34,6), (34,6), (35,6), (36,6), (36,6), (36,5), (-4,-4)]
Turtle 5 :[(-5,-5), (17,23), (18,23), (18,23), (18,23), (18,23), (19,23), (20,23), (20,23), (21,23)]

Detection Run 98
#Info# Executed steps before collision: 10, Found collision: false
Turtle 1 :[(-1,-1), (1,13), (0,13), (0,13), (0,13), (0,13), (0,13), (0,13), (1,13), (1,14), (1,15)]
Turtle 2 :[(-2,-2), (9,27), (9,28), (9,28), (9,29), (9,30), (9,30), (9,31), (-2,-2), (-2,-2), (-2,-2)]
Turtle 3 :[(-3,-3), (13,23), (13,24), (13,25), (14,25), (14,26), (14,27), (-3,-3), (-3,-3), (-3,-3), (-3,-3)]
Turtle 4 :[(-4,-4), (42,30), (41,30), (41,29), (42,29), (42,28), (42,27), (-4,-4), (-4,-4), (-4,-4), (-4,-4)]
Turtle 5 :[(-5,-5), (34,47), (33,47), (33,47), (33,48), (32,48), (32,49), (31,49), (-5,-5), (-5,-5), (-5,-5)]

Detection Run 99
#Info# Executed steps before collision: 9, Found collision: false
Turtle 1 :[(-1,-1), (4,36), (4,37), (5,37), (5,37), (6,37), (6,37), (6,38), (7,38), (-1,-1)]
Turtle 2 :[(-2,-2), (17,29), (17,29), (18,29), (18,28), (19,28), (19,28), (19,28), (19,27), (-2,-2)]
Turtle 3 :[(-3,-3), (46,48), (47,48), (47,48), (47,48), (47,47), (47,46), (47,46), (47,45), (47,44)]
Turtle 4 :[(-4,-4), (20,31), (20,31), (20,31), (20,31), (20,32), (20,32), (21,32), (-4,-4), (-4,-4)]
Turtle 5 :[(-5,-5), (31,45), (31,45), (32,45), (32,45), (32,44), (-5,-5), (-5,-5), (-5,-5), (-5,-5)]

Detection Run 100
#Info# Executed steps before collision: 11, Found collision: false
Turtle 1 :[(-1,-1), (3,45), (3,46), (3,47), (3,47), (3,48), (3,48), (3,49), (2,49), (-1,-1), (-1,-1), (-1,-1)]
Turtle 2 :[(-2,-2), (44,31), (44,30), (44,29), (44,29), (44,29), (44,29), (44,28), (-2,-2), (-2,-2), (-2,-2), (-2,-2)]
Turtle 3 :[(-3,-3), (47,26), (47,26), (47,26), (48,26), (48,26), (48,25), (49,25), (49,25), (49,25), (49,24), (-3,-3)]
Turtle 4 :[(-4,-4), (36,1), (37,1), (37,1), (38,1), (38,1), (38,1), (38,2), (38,2), (39,2), (39,2), (40,2)]
Turtle 5 :[(-5,-5), (16,11), (16,10), (15,10), (15,10), (15,10), (14,10), (14,10), (14,10), (13,10), (12,10), (-5,-5)]

Detection Run 101
#Info# Executed steps before collision: 11, Found collision: false
Turtle 1 :[(-1,-1), (31,23), (32,23), (32,23), (33,23), (33,23), (34,23), (34,23), (34,23), (34,23), (34,22), (34,21)]
Turtle 2 :[(-2,-2), (10,46), (10,45), (10,44), (10,44), (9,44), (9,44), (8,44), (8,43), (-2,-2), (-2,-2), (-2,-2)]
Turtle 3 :[(-3,-3), (23,21), (22,21), (21,21), (20,21), (19,21), (19,22), (-3,-3), (-3,-3), (-3,-3), (-3,-3), (-3,-3)]
Turtle 4 :[(-4,-4), (9,41), (10,41), (10,42), (11,42), (-4,-4), (-4,-4), (-4,-4), (-4,-4), (-4,-4), (-4,-4), (-4,-4)]
Turtle 5 :[(-5,-5), (28,36), (28,36), (28,36), (28,36), (28,35), (29,35), (29,36), (30,36), (-5,-5), (-5,-5), (-5,-5)]

Detection Run 102
#Info# Executed steps before collision: 9, Found collision: false
Turtle 1 :[(-1,-1), (48,31), (48,32), (48,33), (48,34), (49,34), (49,34), (-1,-1), (-1,-1), (-1,-1)]
Turtle 2 :[(-2,-2), (36,30), (37,30), (37,30), (37,30), (37,31), (37,31), (38,31), (38,32), (38,33)]
Turtle 3 :[(-3,-3), (3,48), (3,48), (3,48), (3,49), (-3,-3), (-3,-3), (-3,-3), (-3,-3), (-3,-3)]
Turtle 4 :[(-4,-4), (38,38), (39,38), (39,37), (40,37), (41,37), (42,37), (-4,-4), (-4,-4), (-4,-4)]
Turtle 5 :[(-5,-5), (15,31), (14,31), (13,31), (13,32), (13,33), (-5,-5), (-5,-5), (-5,-5), (-5,-5)]

Detection Run 103
#Info# Executed steps before collision: 11, Found collision: false
Turtle 1 :[(-1,-1), (48,20), (48,20), (48,21), (48,21), (47,21), (47,21), (46,21), (46,21), (46,21), (46,22), (45,22)]
Turtle 2 :[(-2,-2), (13,45), (13,45), (13,44), (13,44), (13,44), (13,44), (12,44), (-2,-2), (-2,-2), (-2,-2), (-2,-2)]
Turtle 3 :[(-3,-3), (30,34), (31,34), (31,33), (31,33), (32,33), (33,33), (33,33), (34,33), (-3,-3), (-3,-3), (-3,-3)]
Turtle 4 :[(-4,-4), (46,16), (47,16), (47,16), (47,16), (47,16), (47,15), (47,15), (47,14), (47,13), (47,13), (47,12)]
Turtle 5 :[(-5,-5), (16,8), (16,8), (16,8), (16,7), (16,7), (17,7), (17,7), (17,7), (18,7), (19,7), (19,6)]

Detection Run 104
#Info# Executed steps before collision: 11, Found collision: false
Turtle 1 :[(-1,-1), (18,48), (18,48), (18,48), (18,48), (18,48), (18,49), (18,49), (18,49), (-1,-1), (-1,-1), (-1,-1)]
Turtle 2 :[(-2,-2), (34,32), (33,32), (33,33), (32,33), (31,33), (30,33), (-2,-2), (-2,-2), (-2,-2), (-2,-2), (-2,-2)]
Turtle 3 :[(-3,-3), (41,41), (41,42), (41,43), (41,43), (41,44), (41,44), (41,44), (41,44), (42,44), (-3,-3), (-3,-3)]
Turtle 4 :[(-4,-4), (31,18), (31,18), (31,18), (31,18), (31,18), (31,18), (32,18), (32,17), (33,17), (34,17), (35,17)]
Turtle 5 :[(-5,-5), (27,33), (27,33), (27,33), (27,33), (27,33), (26,33), (26,33), (25,33), (25,34), (-5,-5), (-5,-5)]

Detection Run 105
#Info# Executed steps before collision: 9, Found collision: false
Turtle 1 :[(-1,-1), (28,40), (28,40), (29,40), (29,41), (29,41), (30,41), (31,41), (31,41), (31,42)]
Turtle 2 :[(-2,-2), (16,37), (16,36), (16,35), (16,34), (16,33), (15,33), (-2,-2), (-2,-2), (-2,-2)]
Turtle 3 :[(-3,-3), (46,26), (45,26), (45,27), (45,27), (45,27), (45,28), (44,28), (44,29), (-3,-3)]
Turtle 4 :[(-4,-4), (10,35), (10,34), (10,34), (10,33), (10,33), (10,33), (10,32), (10,31), (-4,-4)]
Turtle 5 :[(-5,-5), (43,12), (42,12), (41,12), (41,12), (41,12), (40,12), (40,12), (40,11), (-5,-5)]

Fault Detection Run 106
#Info# Executed steps before collision: 3, Found collision: true
Turtle 1 :[(-1,-1), (38,23), (38,24), (38,25), (39,25), (40,25), (41,25), (-1,-1), (-1,-1), (-1,-1), (-1,-1), (-1,-1)]
Turtle 2 :[(-2,-2), (38,26), (38,25), (38,25), (38,24), (38,24), (38,23), (38,22), (-2,-2), (-2,-2), (-2,-2), (-2,-2)]
Turtle 3 :[(-3,-3), (40,24), (41,24), (41,23), (42,23), (42,22), (43,22), (-3,-3), (-3,-3), (-3,-3), (-3,-3), (-3,-3)]
Turtle 4 :[(-4,-4), (28,16), (28,15), (27,15), (26,15), (26,14), (-4,-4), (-4,-4), (-4,-4), (-4,-4), (-4,-4), (-4,-4)]
Turtle 5 :[(-5,-5), (24,35), (24,34), (24,34), (24,34), (24,34), (25,34), (25,34), (25,34), (25,33), (25,32), (25,31)]

