Detection Run 1
#Info# Executed steps before collision: 6, Found collision: false
Turtle 1 :[(-1,-1), (11,0), (11,1), (11,2), (11,3), (11,4), (12,4)]
Turtle 2 :[(-2,-2), (18,18), (19,18), (19,18), (19,17), (19,16), (19,15)]
Turtle 3 :[(-3,-3), (10,8), (11,8), (11,7), (11,6), (11,5), (-3,-3)]
Turtle 4 :[(-4,-4), (4,10), (4,9), (4,8), (5,8), (6,8), (7,8)]
Turtle 5 :[(-5,-5), (18,2), (18,3), (18,4), (18,5), (18,6), (-5,-5)]

Detection Run 2
#Info# Executed steps before collision: 10, Found collision: false
Turtle 1 :[(-1,-1), (3,10), (4,10), (3,10), (2,10), (3,10), (3,9), (-1,-1), (-1,-1), (-1,-1), (-1,-1)]
Turtle 2 :[(-2,-2), (12,2), (11,2), (10,2), (10,3), (9,3), (8,3), (-2,-2), (-2,-2), (-2,-2), (-2,-2)]
Turtle 3 :[(-3,-3), (4,9), (4,9), (4,10), (4,11), (4,12), (3,12), (3,13), (-3,-3), (-3,-3), (-3,-3)]
Turtle 4 :[(-4,-4), (18,18), (18,17), (17,17), (16,17), (15,17), (15,16), (-4,-4), (-4,-4), (-4,-4), (-4,-4)]
Turtle 5 :[(-5,-5), (10,5), (10,4), (10,3), (10,4), (11,4), (10,4), (9,4), (9,3), (9,2), (9,1)]

Detection Run 3
#Info# Executed steps before collision: 6, Found collision: false
Turtle 1 :[(-1,-1), (9,1), (10,1), (10,0), (11,0), (12,0), (13,0)]
Turtle 2 :[(-2,-2), (4,11), (5,11), (5,12), (5,13), (5,14), (-2,-2)]
Turtle 3 :[(-3,-3), (8,10), (8,11), (9,11), (9,12), (9,13), (-3,-3)]
Turtle 4 :[(-4,-4), (18,7), (19,7), (19,6), (19,7), (19,7), (-4,-4)]
Turtle 5 :[(-5,-5), (17,7), (17,8), (18,8), (18,9), (18,10), (19,10)]

Detection Run 4
#Info# Executed steps before collision: 6, Found collision: false
Turtle 1 :[(-1,-1), (7,8), (8,8), (9,8), (-1,-1), (-1,-1), (-1,-1)]
Turtle 2 :[(-2,-2), (4,12), (4,11), (4,10), (5,10), (6,10), (-2,-2)]
Turtle 3 :[(-3,-3), (8,1), (7,1), (6,1), (6,2), (5,2), (4,2)]
Turtle 4 :[(-4,-4), (10,3), (10,2), (9,2), (8,2), (7,2), (7,1)]
Turtle 5 :[(-5,-5), (13,3), (12,3), (13,3), (12,3), (11,3), (-5,-5)]

Detection Run 5
#Info# Executed steps before collision: 6, Found collision: false
Turtle 1 :[(-1,-1), (7,17), (7,18), (6,18), (6,19), (6,19), (5,19)]
Turtle 2 :[(-2,-2), (9,19), (9,18), (9,17), (9,16), (9,15), (8,15)]
Turtle 3 :[(-3,-3), (3,19), (4,19), (5,19), (5,19), (-3,-3), (-3,-3)]
Turtle 4 :[(-4,-4), (13,8), (13,7), (13,6), (14,6), (14,5), (14,4)]
Turtle 5 :[(-5,-5), (15,15), (14,15), (13,15), (12,15), (12,16), (11,16)]

Detection Run 6
#Info# Executed steps before collision: 6, Found collision: false
Turtle 1 :[(-1,-1), (11,8), (10,8), (10,9), (10,10), (10,11), (10,12)]
Turtle 2 :[(-2,-2), (2,19), (2,18), (2,17), (2,16), (2,15), (2,14)]
Turtle 3 :[(-3,-3), (1,16), (1,15), (1,16), (1,17), (1,18), (0,18)]
Turtle 4 :[(-4,-4), (4,2), (3,2), (3,1), (3,0), (-4,-4), (-4,-4)]
Turtle 5 :[(-5,-5), (13,9), (13,10), (12,10), (12,11), (12,12), (11,12)]

Detection Run 7
#Info# Executed steps before collision: 6, Found collision: false
Turtle 1 :[(-1,-1), (3,8), (3,7), (3,6), (3,5), (4,5), (5,5)]
Turtle 2 :[(-2,-2), (13,8), (13,9), (12,9), (12,10), (12,11), (-2,-2)]
Turtle 3 :[(-3,-3), (17,1), (18,1), (19,1), (19,0), (19,0), (-3,-3)]
Turtle 4 :[(-4,-4), (19,2), (18,2), (17,2), (16,2), (-4,-4), (-4,-4)]
Turtle 5 :[(-5,-5), (4,3), (4,2), (4,1), (4,0), (-5,-5), (-5,-5)]

Detection Run 8
#Info# Executed steps before collision: 8, Found collision: false
Turtle 1 :[(-1,-1), (19,15), (19,15), (18,15), (19,15), (-1,-1), (-1,-1), (-1,-1), (-1,-1)]
Turtle 2 :[(-2,-2), (12,11), (11,11), (10,11), (9,11), (8,11), (9,11), (8,11), (7,11)]
Turtle 3 :[(-3,-3), (18,4), (18,5), (18,6), (17,6), (16,6), (16,7), (-3,-3), (-3,-3)]
Turtle 4 :[(-4,-4), (9,13), (9,14), (10,14), (10,15), (10,16), (11,16), (-4,-4), (-4,-4)]
Turtle 5 :[(-5,-5), (8,8), (8,9), (7,9), (7,10), (7,11), (6,11), (-5,-5), (-5,-5)]

Detection Run 9
#Info# Executed steps before collision: 6, Found collision: false
Turtle 1 :[(-1,-1), (2,19), (3,19), (4,19), (5,19), (6,19), (7,19)]
Turtle 2 :[(-2,-2), (6,10), (7,10), (8,10), (9,10), (10,10), (11,10)]
Turtle 3 :[(-3,-3), (17,3), (17,2), (18,2), (19,2), (19,1), (19,1)]
Turtle 4 :[(-4,-4), (16,6), (17,6), (17,5), (18,5), (18,4), (19,4)]
Turtle 5 :[(-5,-5), (5,9), (4,9), (4,10), (3,10), (3,11), (2,11)]

Detection Run 10
#Info# Executed steps before collision: 8, Found collision: false
Turtle 1 :[(-1,-1), (2,13), (1,13), (1,12), (1,11), (1,10), (0,10), (-1,-1), (-1,-1)]
Turtle 2 :[(-2,-2), (13,15), (12,15), (11,15), (10,15), (9,15), (8,15), (-2,-2), (-2,-2)]
Turtle 3 :[(-3,-3), (9,16), (10,16), (11,16), (11,16), (11,15), (12,15), (12,14), (-3,-3)]
Turtle 4 :[(-4,-4), (4,0), (3,0), (2,0), (1,0), (0,0), (-4,-4), (-4,-4), (-4,-4)]
Turtle 5 :[(-5,-5), (12,7), (12,7), (12,7), (11,7), (10,7), (9,7), (8,7), (8,8)]

Detection Run 11
#Info# Executed steps before collision: 6, Found collision: false
Turtle 1 :[(-1,-1), (10,13), (11,13), (11,13), (12,13), (13,13), (14,13)]
Turtle 2 :[(-2,-2), (9,9), (10,9), (11,9), (11,10), (11,11), (12,11)]
Turtle 3 :[(-3,-3), (6,5), (6,4), (7,4), (8,4), (-3,-3), (-3,-3)]
Turtle 4 :[(-4,-4), (17,5), (17,4), (17,4), (18,4), (19,4), (19,4)]
Turtle 5 :[(-5,-5), (9,11), (8,11), (8,10), (7,10), (6,10), (6,9)]

Detection Run 12
#Info# Executed steps before collision: 9, Found collision: false
Turtle 1 :[(-1,-1), (9,11), (9,11), (9,12), (9,13), (9,13), (10,13), (10,14), (10,14), (10,15)]
Turtle 2 :[(-2,-2), (19,5), (18,5), (18,6), (18,7), (17,7), (17,8), (-2,-2), (-2,-2), (-2,-2)]
Turtle 3 :[(-3,-3), (10,6), (11,6), (11,5), (11,4), (11,3), (11,2), (-3,-3), (-3,-3), (-3,-3)]
Turtle 4 :[(-4,-4), (15,18), (14,18), (13,18), (13,19), (12,19), (12,19), (-4,-4), (-4,-4), (-4,-4)]
Turtle 5 :[(-5,-5), (9,12), (10,12), (11,12), (12,12), (12,13), (-5,-5), (-5,-5), (-5,-5), (-5,-5)]

Detection Run 13
#Info# Executed steps before collision: 7, Found collision: false
Turtle 1 :[(-1,-1), (13,16), (13,15), (13,14), (13,14), (13,13), (13,12), (13,11)]
Turtle 2 :[(-2,-2), (14,13), (14,13), (13,13), (12,13), (11,13), (11,12), (-2,-2)]
Turtle 3 :[(-3,-3), (13,14), (14,14), (15,14), (16,14), (17,14), (17,15), (-3,-3)]
Turtle 4 :[(-4,-4), (11,2), (11,1), (11,0), (12,0), (-4,-4), (-4,-4), (-4,-4)]
Turtle 5 :[(-5,-5), (12,16), (12,17), (12,18), (13,18), (14,18), (15,18), (-5,-5)]

Detection Run 14
#Info# Executed steps before collision: 7, Found collision: false
Turtle 1 :[(-1,-1), (2,5), (3,5), (3,6), (3,7), (4,7), (4,8), (-1,-1)]
Turtle 2 :[(-2,-2), (8,0), (8,0), (9,0), (9,1), (10,1), (-2,-2), (-2,-2)]
Turtle 3 :[(-3,-3), (4,11), (4,11), (5,11), (5,10), (6,10), (6,9), (7,9)]
Turtle 4 :[(-4,-4), (5,0), (4,0), (3,0), (2,0), (-4,-4), (-4,-4), (-4,-4)]
Turtle 5 :[(-5,-5), (2,11), (1,11), (1,10), (1,9), (1,8), (0,8), (-5,-5)]

Detection Run 15
#Info# Executed steps before collision: 8, Found collision: false
Turtle 1 :[(-1,-1), (18,16), (17,16), (17,17), (16,17), (16,18), (16,18), (16,18), (15,18)]
Turtle 2 :[(-2,-2), (3,6), (4,6), (5,6), (6,6), (6,6), (6,5), (-2,-2), (-2,-2)]
Turtle 3 :[(-3,-3), (11,2), (11,3), (10,3), (10,2), (10,1), (10,0), (9,0), (-3,-3)]
Turtle 4 :[(-4,-4), (10,2), (10,2), (11,2), (12,2), (12,3), (13,3), (-4,-4), (-4,-4)]
Turtle 5 :[(-5,-5), (7,1), (8,1), (8,0), (8,1), (8,0), (-5,-5), (-5,-5), (-5,-5)]

Detection Run 16
#Info# Executed steps before collision: 8, Found collision: false
Turtle 1 :[(-1,-1), (1,12), (1,12), (2,12), (2,13), (2,13), (2,14), (3,14), (3,15)]
Turtle 2 :[(-2,-2), (14,18), (14,17), (13,17), (12,17), (11,17), (11,17), (11,17), (11,16)]
Turtle 3 :[(-3,-3), (4,17), (3,17), (2,17), (1,17), (1,18), (0,18), (-3,-3), (-3,-3)]
Turtle 4 :[(-4,-4), (18,1), (19,1), (18,1), (17,1), (-4,-4), (-4,-4), (-4,-4), (-4,-4)]
Turtle 5 :[(-5,-5), (12,17), (13,17), (13,18), (13,18), (13,19), (13,19), (-5,-5), (-5,-5)]

Fault Detection Run 17
#Info# Executed steps before collision: 2, Found collision: true
Turtle 1 :[(-1,-1), (13,15), (13,14), (13,14), (14,14), (14,15), (15,15), (16,15), (17,15), (17,14)]
Turtle 2 :[(-2,-2), (14,14), (14,13), (15,13), (15,14), (15,13), (15,12), (-2,-2), (-2,-2), (-2,-2)]
Turtle 3 :[(-3,-3), (12,18), (12,18), (13,18), (13,17), (14,17), (14,17), (15,17), (16,17), (-3,-3)]
Turtle 4 :[(-4,-4), (3,2), (3,2), (2,2), (1,2), (1,2), (1,2), (1,2), (0,2), (-4,-4)]
Turtle 5 :[(-5,-5), (11,18), (12,18), (12,17), (12,16), (12,17), (13,17), (13,17), (14,17), (15,17)]

