Detection Run 1
#Info# Executed steps before collision: 6, Found collision: false
Turtle 1 :[(-1,-1), (17,6), (16,6), (15,6), (15,7), (15,8), (-1,-1)]
Turtle 2 :[(-2,-2), (2,17), (2,18), (2,19), (3,19), (3,19), (4,19)]
Turtle 3 :[(-3,-3), (16,0), (17,0), (18,0), (18,1), (19,1), (19,2)]
Turtle 4 :[(-4,-4), (16,19), (17,19), (18,19), (19,19), (19,19), (19,19)]
Turtle 5 :[(-5,-5), (14,2), (15,2), (16,2), (17,2), (17,1), (17,0)]

Detection Run 2
#Info# Executed steps before collision: 7, Found collision: false
Turtle 1 :[(-1,-1), (6,14), (5,14), (5,13), (5,12), (-1,-1), (-1,-1), (-1,-1)]
Turtle 2 :[(-2,-2), (7,18), (7,17), (7,18), (6,18), (5,18), (5,18), (4,18)]
Turtle 3 :[(-3,-3), (2,17), (2,16), (1,16), (1,17), (1,16), (0,16), (-3,-3)]
Turtle 4 :[(-4,-4), (1,19), (2,19), (3,19), (4,19), (4,18), (4,17), (-4,-4)]
Turtle 5 :[(-5,-5), (17,6), (17,5), (17,4), (17,3), (17,2), (17,1), (-5,-5)]

Detection Run 3
#Info# Executed steps before collision: 8, Found collision: false
Turtle 1 :[(-1,-1), (13,8), (13,9), (14,9), (14,10), (15,10), (16,10), (-1,-1), (-1,-1)]
Turtle 2 :[(-2,-2), (10,14), (11,14), (11,13), (12,13), (12,12), (13,12), (-2,-2), (-2,-2)]
Turtle 3 :[(-3,-3), (5,14), (5,15), (4,15), (3,15), (3,16), (3,17), (-3,-3), (-3,-3)]
Turtle 4 :[(-4,-4), (7,10), (6,10), (6,9), (5,9), (4,9), (3,9), (-4,-4), (-4,-4)]
Turtle 5 :[(-5,-5), (6,7), (5,7), (5,8), (4,8), (3,8), (2,8), (2,9), (3,9)]

Detection Run 4
#Info# Executed steps before collision: 6, Found collision: false
Turtle 1 :[(-1,-1), (6,15), (5,15), (4,15), (3,15), (3,16), (2,16)]
Turtle 2 :[(-2,-2), (16,5), (16,6), (15,6), (15,7), (14,7), (14,8)]
Turtle 3 :[(-3,-3), (15,14), (14,14), (15,14), (14,14), (13,14), (-3,-3)]
Turtle 4 :[(-4,-4), (15,16), (14,16), (13,16), (-4,-4), (-4,-4), (-4,-4)]
Turtle 5 :[(-5,-5), (14,19), (14,18), (14,17), (14,16), (14,15), (-5,-5)]

Detection Run 5
#Info# Executed steps before collision: 6, Found collision: false
Turtle 1 :[(-1,-1), (15,0), (15,1), (15,2), (15,3), (16,3), (17,3)]
Turtle 2 :[(-2,-2), (1,8), (2,8), (2,9), (2,10), (3,10), (3,11)]
Turtle 3 :[(-3,-3), (3,7), (4,7), (5,7), (5,6), (5,5), (6,5)]
Turtle 4 :[(-4,-4), (2,11), (3,11), (3,12), (3,13), (3,14), (3,15)]
Turtle 5 :[(-5,-5), (10,5), (10,4), (11,4), (11,3), (12,3), (12,2)]

Fault Detection Run 6
#Info# Executed steps before collision: 4, Found collision: true
Turtle 1 :[(-1,-1), (1,9), (1,8), (1,7), (2,7), (-1,-1), (-1,-1)]
Turtle 2 :[(-2,-2), (11,6), (12,6), (12,5), (13,5), (14,5), (15,5)]
Turtle 3 :[(-3,-3), (0,1), (1,1), (0,1), (0,2), (-3,-3), (-3,-3)]
Turtle 4 :[(-4,-4), (5,7), (4,7), (3,7), (2,7), (1,7), (0,7)]
Turtle 5 :[(-5,-5), (19,19), (19,18), (18,18), (19,18), (19,18), (-5,-5)]

