Detection Run 1
#Info# Executed steps before collision: 6, Found collision: false
Turtle 1 :[(-1,-1), (13,16), (13,15), (13,14), (13,13), (13,12), (14,12)]
Turtle 2 :[(-2,-2), (0,16), (0,17), (0,18), (0,19), (0,19), (-2,-2)]
Turtle 3 :[(-3,-3), (15,11), (14,11), (13,11), (12,11), (12,12), (12,13)]
Turtle 4 :[(-4,-4), (17,14), (18,14), (19,14), (19,14), (19,15), (-4,-4)]
Turtle 5 :[(-5,-5), (2,16), (2,15), (2,14), (1,14), (-5,-5), (-5,-5)]

Detection Run 2
#Info# Executed steps before collision: 6, Found collision: false
Turtle 1 :[(-1,-1), (2,15), (3,15), (2,15), (1,15), (0,15), (0,14)]
Turtle 2 :[(-2,-2), (6,8), (6,9), (5,9), (5,10), (4,10), (3,10)]
Turtle 3 :[(-3,-3), (6,2), (6,3), (5,3), (4,3), (4,4), (3,4)]
Turtle 4 :[(-4,-4), (18,2), (18,3), (19,3), (19,3), (-4,-4), (-4,-4)]
Turtle 5 :[(-5,-5), (15,14), (16,14), (-5,-5), (-5,-5), (-5,-5), (-5,-5)]

Detection Run 3
#Info# Executed steps before collision: 6, Found collision: false
Turtle 1 :[(-1,-1), (3,17), (3,16), (2,16), (2,15), (2,16), (1,16)]
Turtle 2 :[(-2,-2), (15,14), (14,14), (13,14), (12,14), (12,15), (11,15)]
Turtle 3 :[(-3,-3), (1,12), (1,11), (1,10), (2,10), (3,10), (-3,-3)]
Turtle 4 :[(-4,-4), (17,19), (18,19), (19,19), (19,19), (-4,-4), (-4,-4)]
Turtle 5 :[(-5,-5), (13,19), (14,19), (14,19), (-5,-5), (-5,-5), (-5,-5)]

Detection Run 4
#Info# Executed steps before collision: 6, Found collision: false
Turtle 1 :[(-1,-1), (6,13), (5,13), (4,13), (3,13), (3,12), (2,12)]
Turtle 2 :[(-2,-2), (12,17), (11,17), (10,17), (9,17), (8,17), (-2,-2)]
Turtle 3 :[(-3,-3), (0,16), (0,17), (0,18), (0,19), (1,19), (2,19)]
Turtle 4 :[(-4,-4), (19,9), (19,10), (19,11), (18,11), (17,11), (16,11)]
Turtle 5 :[(-5,-5), (13,12), (14,12), (14,11), (14,10), (14,9), (15,9)]

Detection Run 5
#Info# Executed steps before collision: 6, Found collision: false
Turtle 1 :[(-1,-1), (14,1), (15,1), (16,1), (16,0), (-1,-1), (-1,-1)]
Turtle 2 :[(-2,-2), (16,0), (17,0), (18,0), (-2,-2), (-2,-2), (-2,-2)]
Turtle 3 :[(-3,-3), (0,4), (1,4), (1,5), (1,6), (2,6), (3,6)]
Turtle 4 :[(-4,-4), (19,8), (18,8), (18,7), (17,7), (16,7), (15,7)]
Turtle 5 :[(-5,-5), (17,18), (18,18), (18,19), (18,19), (19,19), (19,19)]

Detection Run 6
#Info# Executed steps before collision: 6, Found collision: false
Turtle 1 :[(-1,-1), (1,0), (0,0), (-1,-1), (-1,-1), (-1,-1), (-1,-1)]
Turtle 2 :[(-2,-2), (16,0), (16,0), (16,0), (16,1), (16,2), (17,2)]
Turtle 3 :[(-3,-3), (17,19), (17,19), (16,19), (15,19), (-3,-3), (-3,-3)]
Turtle 4 :[(-4,-4), (9,7), (8,7), (8,6), (7,6), (6,6), (5,6)]
Turtle 5 :[(-5,-5), (5,10), (5,11), (4,11), (4,12), (3,12), (3,13)]

Detection Run 7
#Info# Executed steps before collision: 6, Found collision: false
Turtle 1 :[(-1,-1), (8,1), (9,1), (10,1), (10,0), (-1,-1), (-1,-1)]
Turtle 2 :[(-2,-2), (1,9), (1,10), (1,11), (1,12), (0,12), (0,13)]
Turtle 3 :[(-3,-3), (7,1), (8,1), (9,1), (10,1), (11,1), (12,1)]
Turtle 4 :[(-4,-4), (5,4), (5,5), (4,5), (3,5), (2,5), (2,6)]
Turtle 5 :[(-5,-5), (18,12), (18,13), (18,14), (19,14), (19,14), (19,15)]

Detection Run 8
#Info# Executed steps before collision: 6, Found collision: false
Turtle 1 :[(-1,-1), (12,1), (11,1), (10,1), (9,1), (9,0), (8,0)]
Turtle 2 :[(-2,-2), (8,7), (8,8), (8,9), (8,10), (8,11), (-2,-2)]
Turtle 3 :[(-3,-3), (18,19), (19,19), (19,19), (19,19), (-3,-3), (-3,-3)]
Turtle 4 :[(-4,-4), (18,18), (18,17), (17,17), (17,16), (16,16), (16,15)]
Turtle 5 :[(-5,-5), (10,12), (10,13), (10,14), (9,14), (-5,-5), (-5,-5)]

Detection Run 9
#Info# Executed steps before collision: 6, Found collision: false
Turtle 1 :[(-1,-1), (7,3), (7,4), (7,5), (8,5), (8,6), (8,7)]
Turtle 2 :[(-2,-2), (2,9), (2,10), (1,10), (1,11), (0,11), (-2,-2)]
Turtle 3 :[(-3,-3), (2,16), (2,15), (2,14), (1,14), (0,14), (0,13)]
Turtle 4 :[(-4,-4), (5,2), (5,1), (5,0), (4,0), (3,0), (-4,-4)]
Turtle 5 :[(-5,-5), (12,16), (13,16), (14,16), (14,15), (14,14), (14,13)]

Fault Detection Run 10
#Info# Executed steps before collision: 5, Found collision: true
Turtle 1 :[(-1,-1), (10,17), (11,17), (12,17), (13,17), (12,17), (12,16)]
Turtle 2 :[(-2,-2), (19,13), (19,12), (19,13), (19,12), (18,12), (-2,-2)]
Turtle 3 :[(-3,-3), (9,16), (10,16), (11,16), (12,16), (12,17), (12,18)]
Turtle 4 :[(-4,-4), (11,1), (12,1), (13,1), (14,1), (14,2), (14,3)]
Turtle 5 :[(-5,-5), (16,18), (16,17), (17,17), (18,17), (19,17), (19,17)]

