Shrinking Run 1
#Info# Executed steps before collision: 6, Found collision: false
Turtle 1 :[(-1,-1), (0,1), (0,0), (0,1), (0,0), (-1,-1), (-1,-1)]
Turtle 2 :[(-2,-2), (2,1), (3,1), (4,1), (4,2), (4,3), (4,4)]
Turtle 3 :[(-3,-3), (5,5), (4,5), (3,5), (3,4), (3,3), (3,2)]
Turtle 4 :[(-4,-4), (1,8), (0,8), (0,7), (0,6), (0,5), (-4,-4)]
Turtle 5 :[(-5,-5), (6,2), (7,2), (7,3), (7,4), (8,4), (8,5)]

Shrinking Run 2
#Info# Executed steps before collision: 6, Found collision: false
Turtle 1 :[(-1,-1), (0,1), (0,0), (0,1), (0,2), (-1,-1), (-1,-1)]
Turtle 2 :[(-2,-2), (2,1), (3,1), (4,1), (4,2), (4,3), (4,4)]
Turtle 3 :[(-3,-3), (5,5), (4,5), (3,5), (3,4), (3,3), (3,2)]
Turtle 4 :[(-4,-4), (1,8), (0,8), (0,7), (0,6), (0,5), (-4,-4)]
Turtle 5 :[(-5,-5), (6,2), (7,2), (7,3), (7,4), (8,4), (8,5)]

Shrinking Run 3
#Info# Executed steps before collision: 6, Found collision: false
Turtle 1 :[(-1,-1), (0,1), (0,2), (0,3), (0,4), (-1,-1), (-1,-1)]
Turtle 2 :[(-2,-2), (2,1), (3,1), (4,1), (4,2), (4,3), (4,4)]
Turtle 3 :[(-3,-3), (5,5), (4,5), (3,5), (3,4), (3,3), (3,2)]
Turtle 4 :[(-4,-4), (1,8), (0,8), (0,7), (0,6), (0,5), (-4,-4)]
Turtle 5 :[(-5,-5), (6,2), (7,2), (7,3), (7,4), (8,4), (8,5)]

Shrinking Run 4
#Info# Executed steps before collision: 5, Found collision: true
Turtle 1 :[(-1,-1), (0,1), (0,2), (0,3), (0,4), (0,5), (-1,-1)]
Turtle 2 :[(-2,-2), (2,1), (1,1), (0,1), (0,2), (0,3), (0,4)]
Turtle 3 :[(-3,-3), (5,5), (4,5), (3,5), (3,4), (3,3), (3,2)]
Turtle 4 :[(-4,-4), (1,8), (0,8), (0,7), (0,6), (0,5), (-4,-4)]
Turtle 5 :[(-5,-5), (6,2), (7,2), (7,3), (7,4), (8,4), (8,5)]

Shrinking Run 5
#Info# Executed steps before collision: 5, Found collision: true
Turtle 1 :[(-1,-1), (0,1), (0,2), (0,3), (0,4), (0,5), (-1,-1)]
Turtle 2 :[(-2,-2), (2,1), (1,1), (0,1), (0,0), (-2,-2), (-2,-2)]
Turtle 3 :[(-3,-3), (5,5), (4,5), (3,5), (3,4), (3,3), (3,2)]
Turtle 4 :[(-4,-4), (1,8), (0,8), (0,7), (0,6), (0,5), (-4,-4)]
Turtle 5 :[(-5,-5), (6,2), (7,2), (7,3), (7,4), (8,4), (8,5)]

Shrinking Run 6
#Info# Executed steps before collision: 5, Found collision: true
Turtle 1 :[(-1,-1), (0,1), (0,2), (0,3), (0,4), (0,5), (-1,-1)]
Turtle 2 :[(-2,-2), (2,1), (1,1), (0,1), (0,0), (-2,-2), (-2,-2)]
Turtle 3 :[(-3,-3), (5,5), (4,5), (3,5), (2,5), (2,4), (2,3)]
Turtle 4 :[(-4,-4), (1,8), (0,8), (0,7), (0,6), (0,5), (-4,-4)]
Turtle 5 :[(-5,-5), (6,2), (7,2), (7,3), (7,4), (8,4), (8,5)]

Shrinking Run 7
#Info# Executed steps before collision: 7, Found collision: false
Turtle 1 :[(-1,-1), (0,1), (0,2), (0,3), (0,4), (0,5), (-1,-1), (-1,-1)]
Turtle 2 :[(-2,-2), (2,1), (1,1), (0,1), (0,0), (-2,-2), (-2,-2), (-2,-2)]
Turtle 3 :[(-3,-3), (5,5), (4,5), (3,5), (2,5), (1,5), (1,4), (-3,-3)]
Turtle 4 :[(-4,-4), (1,8), (0,8), (0,7), (0,6), (0,7), (0,6), (0,5)]
Turtle 5 :[(-5,-5), (6,2), (7,2), (7,3), (7,4), (8,4), (8,5), (-5,-5)]

Shrinking Run 8
#Info# Executed steps before collision: 5, Found collision: true
Turtle 1 :[(-1,-1), (0,1), (0,2), (0,3), (0,4), (0,5), (-1,-1)]
Turtle 2 :[(-2,-2), (2,1), (1,1), (0,1), (0,0), (-2,-2), (-2,-2)]
Turtle 3 :[(-3,-3), (5,5), (4,5), (3,5), (2,5), (2,4), (1,4)]
Turtle 4 :[(-4,-4), (1,8), (0,8), (0,7), (0,6), (0,5), (-4,-4)]
Turtle 5 :[(-5,-5), (6,2), (7,2), (7,3), (7,4), (8,4), (8,5)]

Shrinking Run 9
#Info# Executed steps before collision: 5, Found collision: true
Turtle 1 :[(-1,-1), (0,1), (0,2), (0,3), (0,4), (0,5), (-1,-1)]
Turtle 2 :[(-2,-2), (2,1), (1,1), (0,1), (0,0), (-2,-2), (-2,-2)]
Turtle 3 :[(-3,-3), (5,5), (4,5), (3,5), (3,4), (2,4), (1,4)]
Turtle 4 :[(-4,-4), (1,8), (0,8), (0,7), (0,6), (0,5), (-4,-4)]
Turtle 5 :[(-5,-5), (6,2), (7,2), (7,3), (7,4), (8,4), (8,5)]

Shrinking Run 10
#Info# Executed steps before collision: 5, Found collision: true
Turtle 1 :[(-1,-1), (0,1), (0,2), (0,3), (0,4), (0,5), (-1,-1)]
Turtle 2 :[(-2,-2), (2,1), (1,1), (0,1), (0,0), (-2,-2), (-2,-2)]
Turtle 3 :[(-3,-3), (5,5), (4,5), (3,5), (3,4), (2,4), (1,4)]
Turtle 4 :[(-4,-4), (1,8), (1,7), (1,6), (1,5), (0,5), (0,4)]
Turtle 5 :[(-5,-5), (6,2), (7,2), (7,3), (7,4), (8,4), (8,5)]

Shrinking Run 11
#Info# Executed steps before collision: 5, Found collision: true
Turtle 1 :[(-1,-1), (0,1), (0,2), (0,3), (0,4), (0,5), (-1,-1)]
Turtle 2 :[(-2,-2), (2,1), (1,1), (0,1), (0,0), (-2,-2), (-2,-2)]
Turtle 3 :[(-3,-3), (5,5), (4,5), (3,5), (3,4), (2,4), (1,4)]
Turtle 4 :[(-4,-4), (1,8), (1,7), (1,6), (0,6), (0,5), (0,4)]
Turtle 5 :[(-5,-5), (6,2), (7,2), (7,3), (7,4), (8,4), (8,5)]

Shrinking Run 12
#Info# Executed steps before collision: 9, Found collision: false
Turtle 1 :[(-1,-1), (0,1), (0,2), (0,3), (0,4), (0,5), (-1,-1), (-1,-1), (-1,-1), (-1,-1)]
Turtle 2 :[(-2,-2), (2,1), (1,1), (0,1), (0,0), (-2,-2), (-2,-2), (-2,-2), (-2,-2), (-2,-2)]
Turtle 3 :[(-3,-3), (5,5), (4,5), (3,5), (3,4), (2,4), (1,4), (-3,-3), (-3,-3), (-3,-3)]
Turtle 4 :[(-4,-4), (1,8), (0,8), (0,7), (0,6), (0,6), (1,6), (1,5), (0,5), (0,4)]
Turtle 5 :[(-5,-5), (6,2), (7,2), (7,3), (7,4), (8,4), (8,5), (-5,-5), (-5,-5), (-5,-5)]

Shrinking Run 13
#Info# Executed steps before collision: 8, Found collision: false
Turtle 1 :[(-1,-1), (0,1), (0,2), (0,3), (0,4), (0,5), (-1,-1), (-1,-1), (-1,-1)]
Turtle 2 :[(-2,-2), (2,1), (1,1), (0,1), (0,0), (-2,-2), (-2,-2), (-2,-2), (-2,-2)]
Turtle 3 :[(-3,-3), (5,5), (4,5), (3,5), (3,4), (2,4), (1,4), (-3,-3), (-3,-3)]
Turtle 4 :[(-4,-4), (1,8), (1,7), (0,7), (0,6), (0,7), (0,6), (0,5), (0,4)]
Turtle 5 :[(-5,-5), (6,2), (7,2), (7,3), (7,4), (8,4), (8,5), (-5,-5), (-5,-5)]

Shrinking Run 14
#Info# Executed steps before collision: 5, Found collision: true
Turtle 1 :[(-1,-1), (0,1), (0,2), (0,3), (0,4), (0,5), (-1,-1)]
Turtle 2 :[(-2,-2), (2,1), (1,1), (0,1), (0,0), (-2,-2), (-2,-2)]
Turtle 3 :[(-3,-3), (5,5), (4,5), (3,5), (3,4), (2,4), (1,4)]
Turtle 4 :[(-4,-4), (1,8), (1,7), (1,6), (0,6), (0,5), (0,4)]
Turtle 5 :[(-5,-5), (6,2), (5,2), (5,3), (5,4), (4,4), (4,5)]

Shrinking Run 15
#Info# Executed steps before collision: 5, Found collision: true
Turtle 1 :[(-1,-1), (0,1), (0,2), (0,3), (0,4), (0,5), (-1,-1)]
Turtle 2 :[(-2,-2), (2,1), (1,1), (0,1), (0,0), (-2,-2), (-2,-2)]
Turtle 3 :[(-3,-3), (5,5), (4,5), (3,5), (3,4), (2,4), (1,4)]
Turtle 4 :[(-4,-4), (1,8), (1,7), (1,6), (0,6), (0,5), (0,4)]
Turtle 5 :[(-5,-5), (6,2), (5,2), (4,2), (4,1), (3,1), (3,0)]

Shrinking Run 16
#Info# Executed steps before collision: 5, Found collision: true
Turtle 1 :[(-1,-1), (0,1), (0,2), (0,3), (0,4), (0,5), (-1,-1)]
Turtle 2 :[(-2,-2), (2,1), (1,1), (0,1), (0,0), (-2,-2), (-2,-2)]
Turtle 3 :[(-3,-3), (5,5), (4,5), (3,5), (3,4), (2,4), (1,4)]
Turtle 4 :[(-4,-4), (1,8), (1,7), (1,6), (0,6), (0,5), (0,4)]
Turtle 5 :[(-5,-5), (6,2), (5,2), (5,1), (4,1), (3,1), (3,0)]

Shrinking Run 17
#Info# Executed steps before collision: 5, Found collision: true
Turtle 1 :[(-1,-1), (0,1), (0,2), (0,3), (0,4), (0,5), (-1,-1)]
Turtle 2 :[(-2,-2), (2,1), (1,1), (0,1), (0,0), (-2,-2), (-2,-2)]
Turtle 3 :[(-3,-3), (5,5), (4,5), (3,5), (3,4), (2,4), (1,4)]
Turtle 4 :[(-4,-4), (1,8), (1,7), (1,6), (0,6), (0,5), (0,4)]
Turtle 5 :[(-5,-5), (6,2), (5,2), (4,2), (3,2), (2,2), (2,1)]

Shrinking Run 18
#Info# Executed steps before collision: 5, Found collision: true
Turtle 1 :[(-1,-1), (0,1), (0,2), (0,3), (0,4), (0,5), (-1,-1)]
Turtle 2 :[(-2,-2), (2,1), (1,1), (0,1), (0,0), (-2,-2), (-2,-2)]
Turtle 3 :[(-3,-3), (5,5), (4,5), (3,5), (3,4), (2,4), (1,4)]
Turtle 4 :[(-4,-4), (1,8), (1,7), (1,6), (0,6), (0,5), (0,4)]
Turtle 5 :[(-5,-5), (6,2), (5,2), (4,2), (3,2), (2,2), (1,2)]

Shrinking Run 19
#Info# Executed steps before collision: 6, Found collision: false
Turtle 1 :[(-1,-1), (0,1), (0,0), (0,1), (0,0), (-1,-1), (-1,-1)]
Turtle 2 :[(-2,-2), (2,1), (1,1), (1,0), (2,0), (1,0), (0,0)]
Turtle 3 :[(-3,-3), (5,5), (4,5), (3,5), (3,4), (2,4), (1,4)]
Turtle 4 :[(-4,-4), (1,8), (1,7), (1,6), (0,6), (0,5), (0,4)]
Turtle 5 :[(-5,-5), (6,2), (5,2), (4,2), (3,2), (2,2), (1,2)]

Shrinking Run 20
#Info# Executed steps before collision: 6, Found collision: false
Turtle 1 :[(-1,-1), (0,1), (0,0), (0,1), (0,2), (-1,-1), (-1,-1)]
Turtle 2 :[(-2,-2), (2,1), (1,1), (1,2), (1,1), (1,0), (0,0)]
Turtle 3 :[(-3,-3), (5,5), (4,5), (3,5), (3,4), (2,4), (1,4)]
Turtle 4 :[(-4,-4), (1,8), (1,7), (1,6), (0,6), (0,5), (0,4)]
Turtle 5 :[(-5,-5), (6,2), (5,2), (4,2), (3,2), (2,2), (1,2)]

Shrinking Run 21
#Info# Executed steps before collision: 6, Found collision: false
Turtle 1 :[(-1,-1), (0,1), (0,2), (0,3), (0,4), (-1,-1), (-1,-1)]
Turtle 2 :[(-2,-2), (2,1), (1,1), (0,1), (0,0), (-2,-2), (-2,-2)]
Turtle 3 :[(-3,-3), (5,5), (4,5), (3,5), (3,4), (2,4), (1,4)]
Turtle 4 :[(-4,-4), (1,8), (1,7), (1,6), (0,6), (0,5), (0,4)]
Turtle 5 :[(-5,-5), (6,2), (5,2), (4,2), (3,2), (2,2), (1,2)]

Shrinking Run 22
#Info# Executed steps before collision: 5, Found collision: true
Turtle 1 :[(-1,-1), (0,1), (0,2), (0,3), (0,4), (0,5), (-1,-1)]
Turtle 2 :[(-2,-2), (2,1), (1,1), (0,1), (0,0), (-2,-2), (-2,-2)]
Turtle 3 :[(-3,-3), (5,5), (4,5), (3,5), (2,5), (1,5), (1,4)]
Turtle 4 :[(-4,-4), (1,8), (1,7), (1,6), (0,6), (0,5), (0,4)]
Turtle 5 :[(-5,-5), (6,2), (5,2), (4,2), (3,2), (2,2), (1,2)]

Shrinking Run 23
#Info# Executed steps before collision: 5, Found collision: true
Turtle 1 :[(-1,-1), (0,1), (0,2), (0,3), (0,4), (0,5), (-1,-1)]
Turtle 2 :[(-2,-2), (2,1), (1,1), (0,1), (0,0), (-2,-2), (-2,-2)]
Turtle 3 :[(-3,-3), (5,5), (4,5), (3,5), (2,5), (1,5), (0,5)]
Turtle 4 :[(-4,-4), (1,8), (1,7), (1,6), (0,6), (0,5), (0,4)]
Turtle 5 :[(-5,-5), (6,2), (5,2), (4,2), (3,2), (2,2), (1,2)]

Shrinking Run 24
#Info# Executed steps before collision: 5, Found collision: true
Turtle 1 :[(-1,-1), (0,1), (0,2), (0,3), (0,4), (0,5), (-1,-1), (-1,-1), (-1,-1)]
Turtle 2 :[(-2,-2), (2,1), (1,1), (0,1), (0,0), (-2,-2), (-2,-2), (-2,-2), (-2,-2)]
Turtle 3 :[(-3,-3), (5,5), (4,5), (3,5), (2,5), (1,5), (2,5), (1,5), (0,5)]
Turtle 4 :[(-4,-4), (1,8), (0,8), (0,7), (0,6), (0,5), (0,4), (-4,-4), (-4,-4)]
Turtle 5 :[(-5,-5), (6,2), (5,2), (4,2), (3,2), (2,2), (1,2), (-5,-5), (-5,-5)]

Shrinking Run 25
#Info# Executed steps before collision: 8, Found collision: false
Turtle 1 :[(-1,-1), (0,1), (0,0), (0,1), (0,0), (-1,-1), (-1,-1), (-1,-1), (-1,-1)]
Turtle 2 :[(-2,-2), (2,1), (1,1), (1,0), (1,0), (1,0), (0,0), (-2,-2), (-2,-2)]
Turtle 3 :[(-3,-3), (5,5), (4,5), (3,5), (2,5), (1,5), (0,5), (-3,-3), (-3,-3)]
Turtle 4 :[(-4,-4), (1,8), (0,8), (0,7), (0,6), (0,7), (0,6), (0,5), (0,4)]
Turtle 5 :[(-5,-5), (6,2), (5,2), (4,2), (3,2), (2,2), (1,2), (-5,-5), (-5,-5)]

Shrinking Run 26
#Info# Executed steps before collision: 8, Found collision: false
Turtle 1 :[(-1,-1), (0,1), (0,0), (0,1), (0,2), (-1,-1), (-1,-1), (-1,-1), (-1,-1)]
Turtle 2 :[(-2,-2), (2,1), (1,1), (1,0), (0,0), (-2,-2), (-2,-2), (-2,-2), (-2,-2)]
Turtle 3 :[(-3,-3), (5,5), (4,5), (3,5), (2,5), (1,5), (1,6), (0,6), (0,5)]
Turtle 4 :[(-4,-4), (1,8), (0,8), (0,7), (0,6), (0,5), (0,4), (-4,-4), (-4,-4)]
Turtle 5 :[(-5,-5), (6,2), (5,2), (4,2), (3,2), (2,2), (1,2), (-5,-5), (-5,-5)]

Shrink Run 27
#Info# Executed steps before collision: 10, Found collision: false
Turtle 1 :[(-1,-1), (0,1), (0,2), (0,3), (0,4), (-1,-1), (-1,-1), (-1,-1), (-1,-1), (-1,-1), (-1,-1)]
Turtle 2 :[(-2,-2), (2,1), (1,1), (0,1), (0,0), (-2,-2), (-2,-2), (-2,-2), (-2,-2), (-2,-2), (-2,-2)]
Turtle 3 :[(-3,-3), (5,5), (4,5), (3,5), (2,5), (1,5), (0,5), (-3,-3), (-3,-3), (-3,-3), (-3,-3)]
Turtle 4 :[(-4,-4), (1,8), (0,8), (0,7), (0,6), (1,6), (2,6), (1,6), (0,6), (0,5), (0,4)]
Turtle 5 :[(-5,-5), (6,2), (5,2), (4,2), (3,2), (2,2), (1,2), (-5,-5), (-5,-5), (-5,-5), (-5,-5)]

