Detection Run 1
#Info# Executed steps before collision: 8, Found collision: false
Turtle 1 :[(-1,-1), (8,13), (9,13), (10,13), (11,13), (12,13), (13,13), (-1,-1), (-1,-1)]
Turtle 2 :[(-2,-2), (8,14), (7,14), (6,14), (5,14), (4,14), (4,13), (-2,-2), (-2,-2)]
Turtle 3 :[(-3,-3), (2,0), (2,1), (2,0), (2,1), (2,2), (-3,-3), (-3,-3), (-3,-3)]
Turtle 4 :[(-4,-4), (6,10), (5,10), (4,10), (4,9), (3,9), (2,9), (-4,-4), (-4,-4)]
Turtle 5 :[(-5,-5), (13,12), (12,12), (11,12), (11,11), (11,12), (11,13), (11,14), (10,14)]

Detection Run 2
#Info# Executed steps before collision: 8, Found collision: false
Turtle 1 :[(-1,-1), (9,0), (10,0), (11,0), (11,1), (12,1), (13,1), (-1,-1), (-1,-1)]
Turtle 2 :[(-2,-2), (16,0), (16,0), (16,1), (15,1), (-2,-2), (-2,-2), (-2,-2), (-2,-2)]
Turtle 3 :[(-3,-3), (15,12), (15,13), (16,13), (-3,-3), (-3,-3), (-3,-3), (-3,-3), (-3,-3)]
Turtle 4 :[(-4,-4), (4,0), (4,1), (5,1), (5,2), (5,3), (5,4), (-4,-4), (-4,-4)]
Turtle 5 :[(-5,-5), (2,3), (3,3), (4,3), (4,2), (4,3), (4,2), (5,2), (5,1)]

Detection Run 3
#Info# Executed steps before collision: 6, Found collision: false
Turtle 1 :[(-1,-1), (4,5), (4,6), (4,7), (-1,-1), (-1,-1), (-1,-1)]
Turtle 2 :[(-2,-2), (9,7), (10,7), (11,7), (12,7), (12,8), (13,8)]
Turtle 3 :[(-3,-3), (1,7), (1,6), (1,5), (0,5), (0,4), (0,3)]
Turtle 4 :[(-4,-4), (12,8), (13,8), (13,9), (13,10), (14,10), (14,11)]
Turtle 5 :[(-5,-5), (18,15), (18,14), (19,14), (18,14), (18,13), (-5,-5)]

Detection Run 4
#Info# Executed steps before collision: 8, Found collision: false
Turtle 1 :[(-1,-1), (3,2), (2,2), (2,3), (2,4), (2,5), (2,6), (-1,-1), (-1,-1)]
Turtle 2 :[(-2,-2), (17,5), (18,5), (18,4), (19,4), (19,3), (19,2), (-2,-2), (-2,-2)]
Turtle 3 :[(-3,-3), (1,6), (1,7), (1,8), (1,7), (1,6), (0,6), (1,6), (2,6)]
Turtle 4 :[(-4,-4), (12,11), (12,10), (11,10), (11,9), (11,8), (11,7), (-4,-4), (-4,-4)]
Turtle 5 :[(-5,-5), (13,6), (13,7), (12,7), (-5,-5), (-5,-5), (-5,-5), (-5,-5), (-5,-5)]

Fault Detection Run 5
#Info# Executed steps before collision: 2, Found collision: true
Turtle 1 :[(-1,-1), (9,17), (10,17), (11,17), (12,17), (12,18), (12,19)]
Turtle 2 :[(-2,-2), (9,13), (9,14), (10,14), (11,14), (12,14), (-2,-2)]
Turtle 3 :[(-3,-3), (2,12), (2,11), (2,10), (-3,-3), (-3,-3), (-3,-3)]
Turtle 4 :[(-4,-4), (17,8), (18,8), (18,7), (19,7), (19,6), (19,6)]
Turtle 5 :[(-5,-5), (10,16), (10,17), (10,18), (10,19), (11,19), (12,19)]

