Detection Run 1
#Info# Executed steps before collision: 7, Found collision: false
Turtle 1 :[(-1,-1), (49,1), (49,0), (49,1), (49,2), (49,3), (49,4), (49,5)]
Turtle 2 :[(-2,-2), (34,48), (35,48), (34,48), (34,49), (-2,-2), (-2,-2), (-2,-2)]
Turtle 3 :[(-3,-3), (49,2), (49,2), (48,2), (48,1), (49,1), (-3,-3), (-3,-3)]
Turtle 4 :[(-4,-4), (31,16), (32,16), (31,16), (31,17), (31,18), (-4,-4), (-4,-4)]
Turtle 5 :[(-5,-5), (23,33), (23,34), (22,34), (21,34), (20,34), (19,34), (-5,-5)]

Detection Run 2
#Info# Executed steps before collision: 6, Found collision: false
Turtle 1 :[(-1,-1), (23,43), (22,43), (22,44), (22,45), (22,46), (21,46)]
Turtle 2 :[(-2,-2), (38,1), (38,0), (38,1), (39,1), (39,0), (-2,-2)]
Turtle 3 :[(-3,-3), (32,33), (31,33), (31,32), (31,31), (31,30), (30,30)]
Turtle 4 :[(-4,-4), (28,29), (27,29), (27,30), (26,30), (26,31), (26,32)]
Turtle 5 :[(-5,-5), (38,2), (38,3), (38,2), (38,1), (38,0), (37,0)]

Detection Run 3
#Info# Executed steps before collision: 8, Found collision: false
Turtle 1 :[(-1,-1), (42,40), (42,40), (42,39), (41,39), (41,38), (41,37), (40,37), (-1,-1)]
Turtle 2 :[(-2,-2), (43,34), (43,35), (42,35), (42,36), (42,37), (42,37), (42,37), (41,37)]
Turtle 3 :[(-3,-3), (49,34), (48,34), (48,34), (48,33), (48,34), (48,35), (48,36), (-3,-3)]
Turtle 4 :[(-4,-4), (19,20), (20,20), (20,21), (20,22), (20,23), (21,23), (-4,-4), (-4,-4)]
Turtle 5 :[(-5,-5), (22,39), (22,40), (22,39), (22,40), (23,40), (24,40), (-5,-5), (-5,-5)]

Detection Run 4
#Info# Executed steps before collision: 10, Found collision: false
Turtle 1 :[(-1,-1), (5,46), (5,45), (5,44), (5,44), (5,43), (5,42), (6,42), (-1,-1), (-1,-1), (-1,-1)]
Turtle 2 :[(-2,-2), (-2,-2), (-2,-2), (5,46), (5,47), (5,47), (5,47), (6,47), (6,48), (6,48), (7,48)]
Turtle 3 :[(-3,-3), (43,16), (43,16), (42,16), (42,16), (41,16), (41,16), (41,15), (40,15), (39,15), (-3,-3)]
Turtle 4 :[(-4,-4), (22,35), (22,35), (21,35), (20,35), (19,35), (19,36), (18,36), (-4,-4), (-4,-4), (-4,-4)]
Turtle 5 :[(-5,-5), (18,45), (18,44), (18,43), (18,43), (18,42), (18,42), (18,42), (18,42), (17,42), (16,42)]

Detection Run 5
#Info# Executed steps before collision: 11, Found collision: false
Turtle 1 :[(-1,-1), (38,39), (39,39), (39,40), (40,40), (-1,-1), (-1,-1), (-1,-1), (-1,-1), (-1,-1), (-1,-1), (-1,-1)]
Turtle 2 :[(-2,-2), (35,27), (35,26), (35,26), (35,25), (35,24), (35,24), (35,24), (35,24), (35,24), (35,23), (35,22)]
Turtle 3 :[(-3,-3), (34,25), (34,25), (34,25), (34,25), (34,25), (35,25), (35,25), (34,25), (33,25), (32,25), (-3,-3)]
Turtle 4 :[(-4,-4), (5,17), (5,16), (6,16), (6,16), (6,15), (6,14), (6,14), (6,14), (6,14), (6,13), (-4,-4)]
Turtle 5 :[(-5,-5), (16,1), (15,1), (16,1), (16,2), (16,2), (16,2), (15,2), (15,3), (-5,-5), (-5,-5), (-5,-5)]

Detection Run 6
#Info# Executed steps before collision: 9, Found collision: false
Turtle 1 :[(-1,-1), (25,28), (25,27), (25,26), (25,26), (25,26), (25,25), (24,25), (24,25), (23,25)]
Turtle 2 :[(-2,-2), (36,3), (36,3), (37,3), (37,2), (-2,-2), (-2,-2), (-2,-2), (-2,-2), (-2,-2)]
Turtle 3 :[(-3,-3), (43,46), (43,46), (44,46), (45,46), (45,45), (45,45), (45,45), (46,45), (-3,-3)]
Turtle 4 :[(-4,-4), (37,13), (37,14), (36,14), (36,15), (36,16), (36,17), (-4,-4), (-4,-4), (-4,-4)]
Turtle 5 :[(-5,-5), (47,45), (46,45), (46,44), (46,43), (45,43), (-5,-5), (-5,-5), (-5,-5), (-5,-5)]

Detection Run 7
#Info# Executed steps before collision: 7, Found collision: false
Turtle 1 :[(-1,-1), (5,24), (6,24), (7,24), (8,24), (8,25), (9,25), (-1,-1)]
Turtle 2 :[(-2,-2), (33,13), (33,14), (33,15), (34,15), (34,16), (35,16), (-2,-2)]
Turtle 3 :[(-3,-3), (30,13), (30,14), (31,14), (32,14), (33,14), (34,14), (-3,-3)]
Turtle 4 :[(-4,-4), (24,48), (25,48), (26,48), (27,48), (27,49), (27,49), (27,49)]
Turtle 5 :[(-5,-5), (32,28), (32,27), (32,27), (32,27), (32,26), (32,25), (33,25)]

Detection Run 8
#Info# Executed steps before collision: 13, Found collision: false
Turtle 1 :[(-1,-1), (6,16), (6,16), (6,16), (7,16), (7,16), (7,16), (8,16), (8,15), (8,14), (8,14), (8,13), (-1,-1), (-1,-1)]
Turtle 2 :[(-2,-2), (16,13), (16,13), (17,13), (17,13), (18,13), (18,13), (18,13), (18,12), (18,12), (18,11), (18,10), (-2,-2), (-2,-2)]
Turtle 3 :[(-3,-3), (19,9), (19,9), (19,9), (19,9), (19,9), (18,9), (17,9), (18,9), (17,9), (16,9), (16,10), (16,9), (15,9)]
Turtle 4 :[(-4,-4), (12,8), (12,8), (12,8), (12,8), (12,8), (12,8), (13,8), (13,9), (-4,-4), (-4,-4), (-4,-4), (-4,-4), (-4,-4)]
Turtle 5 :[(-5,-5), (18,8), (18,8), (18,8), (18,9), (17,9), (16,9), (16,9), (16,9), (15,9), (15,9), (15,10), (-5,-5), (-5,-5)]

Detection Run 9
#Info# Executed steps before collision: 10, Found collision: false
Turtle 1 :[(-1,-1), (1,27), (0,27), (0,27), (1,27), (0,27), (0,26), (-1,-1), (-1,-1), (-1,-1), (-1,-1)]
Turtle 2 :[(-2,-2), (15,11), (15,10), (15,9), (15,10), (15,9), (15,10), (14,10), (-2,-2), (-2,-2), (-2,-2)]
Turtle 3 :[(-3,-3), (26,22), (26,22), (26,22), (26,22), (26,23), (26,24), (26,25), (26,25), (26,25), (26,26)]
Turtle 4 :[(-4,-4), (14,12), (14,11), (14,11), (14,10), (14,9), (-4,-4), (-4,-4), (-4,-4), (-4,-4), (-4,-4)]
Turtle 5 :[(-5,-5), (35,2), (35,2), (35,3), (35,3), (36,3), (-5,-5), (-5,-5), (-5,-5), (-5,-5), (-5,-5)]

Detection Run 10
#Info# Executed steps before collision: 11, Found collision: false
Turtle 1 :[(-1,-1), (17,2), (17,2), (17,2), (18,2), (19,2), (19,2), (19,3), (19,3), (19,4), (19,5), (-1,-1)]
Turtle 2 :[(-2,-2), (15,3), (16,3), (17,3), (17,4), (17,4), (18,4), (18,4), (18,4), (18,4), (18,4), (19,4)]
Turtle 3 :[(-3,-3), (6,10), (6,10), (6,10), (6,11), (7,11), (7,11), (8,11), (8,11), (8,12), (8,13), (-3,-3)]
Turtle 4 :[(-4,-4), (44,2), (45,2), (45,2), (46,2), (46,3), (46,4), (47,4), (-4,-4), (-4,-4), (-4,-4), (-4,-4)]
Turtle 5 :[(-5,-5), (15,19), (15,19), (15,20), (16,20), (16,21), (-5,-5), (-5,-5), (-5,-5), (-5,-5), (-5,-5), (-5,-5)]

Detection Run 11
#Info# Executed steps before collision: 11, Found collision: false
Turtle 1 :[(-1,-1), (11,9), (11,10), (12,10), (12,11), (12,12), (13,12), (-1,-1), (-1,-1), (-1,-1), (-1,-1), (-1,-1)]
Turtle 2 :[(-2,-2), (45,1), (44,1), (44,1), (43,1), (43,1), (43,2), (43,2), (43,2), (42,2), (42,2), (41,2)]
Turtle 3 :[(-3,-3), (12,24), (12,24), (12,23), (12,22), (13,22), (13,21), (13,21), (13,20), (-3,-3), (-3,-3), (-3,-3)]
Turtle 4 :[(-4,-4), (20,26), (21,26), (22,26), (22,25), (23,25), (23,24), (-4,-4), (-4,-4), (-4,-4), (-4,-4), (-4,-4)]
Turtle 5 :[(-5,-5), (10,13), (10,13), (11,13), (11,13), (12,13), (12,14), (12,13), (13,13), (14,13), (14,12), (-5,-5)]

Fault Detection Run 12
#Info# Executed steps before collision: 3, Found collision: true
Turtle 1 :[(-1,-1), (4,22), (4,23), (3,23), (2,23), (2,23), (2,23), (1,23), (-1,-1), (-1,-1), (-1,-1), (-1,-1)]
Turtle 2 :[(-2,-2), (46,28), (46,29), (46,29), (47,29), (47,29), (47,29), (47,29), (47,29), (47,30), (-2,-2), (-2,-2)]
Turtle 3 :[(-3,-3), (25,46), (26,46), (26,46), (26,45), (27,45), (28,45), (28,45), (28,45), (28,45), (29,45), (-3,-3)]
Turtle 4 :[(-4,-4), (43,27), (42,27), (42,27), (42,27), (42,28), (41,28), (41,28), (41,28), (41,28), (40,28), (39,28)]
Turtle 5 :[(-5,-5), (2,24), (3,24), (3,23), (3,24), (3,23), (4,23), (3,23), (2,23), (-5,-5), (-5,-5), (-5,-5)]

