Detection Run 1
#Info# Executed steps before collision: 6, Found collision: false
Turtle 1 :[(-1,-1), (35,4), (35,3), (35,2), (34,2), (34,1), (34,0)]
Turtle 2 :[(-2,-2), (38,18), (38,17), (37,17), (37,16), (37,15), (36,15)]
Turtle 3 :[(-3,-3), (32,48), (32,47), (32,46), (32,45), (32,44), (32,43)]
Turtle 4 :[(-4,-4), (36,0), (35,0), (34,0), (34,1), (33,1), (-4,-4)]
Turtle 5 :[(-5,-5), (0,48), (0,47), (1,47), (1,46), (2,46), (2,45)]

Detection Run 2
#Info# Executed steps before collision: 6, Found collision: false
Turtle 1 :[(-1,-1), (12,21), (12,22), (11,22), (11,23), (11,24), (11,25)]
Turtle 2 :[(-2,-2), (27,25), (27,26), (27,27), (28,27), (29,27), (30,27)]
Turtle 3 :[(-3,-3), (27,21), (26,21), (25,21), (24,21), (23,21), (22,21)]
Turtle 4 :[(-4,-4), (20,40), (20,41), (20,42), (19,42), (18,42), (17,42)]
Turtle 5 :[(-5,-5), (14,21), (13,21), (12,21), (12,20), (12,19), (12,18)]

Detection Run 3
#Info# Executed steps before collision: 9, Found collision: false
Turtle 1 :[(-1,-1), (17,38), (17,39), (16,39), (15,39), (15,40), (14,40), (-1,-1), (-1,-1), (-1,-1)]
Turtle 2 :[(-2,-2), (47,3), (47,4), (47,5), (47,6), (46,6), (45,6), (-2,-2), (-2,-2), (-2,-2)]
Turtle 3 :[(-3,-3), (38,44), (39,44), (39,44), (39,45), (40,45), (41,45), (41,45), (41,45), (42,45)]
Turtle 4 :[(-4,-4), (33,0), (33,1), (34,1), (35,1), (35,2), (35,3), (-4,-4), (-4,-4), (-4,-4)]
Turtle 5 :[(-5,-5), (40,44), (40,43), (39,43), (40,43), (39,43), (39,44), (39,45), (-5,-5), (-5,-5)]

Detection Run 4
#Info# Executed steps before collision: 7, Found collision: false
Turtle 1 :[(-1,-1), (38,39), (38,38), (38,37), (37,37), (37,36), (36,36), (-1,-1)]
Turtle 2 :[(-2,-2), (5,17), (4,17), (4,18), (3,18), (2,18), (2,19), (-2,-2)]
Turtle 3 :[(-3,-3), (24,4), (25,4), (25,3), (25,2), (26,2), (26,2), (26,1)]
Turtle 4 :[(-4,-4), (1,16), (1,16), (2,16), (3,16), (3,17), (3,18), (-4,-4)]
Turtle 5 :[(-5,-5), (6,48), (5,48), (4,48), (4,49), (3,49), (3,49), (-5,-5)]

Detection Run 5
#Info# Executed steps before collision: 10, Found collision: false
Turtle 1 :[(-1,-1), (14,7), (14,6), (15,6), (16,6), (17,6), (18,6), (-1,-1), (-1,-1), (-1,-1), (-1,-1)]
Turtle 2 :[(-2,-2), (43,17), (43,18), (44,18), (44,18), (44,19), (-2,-2), (-2,-2), (-2,-2), (-2,-2), (-2,-2)]
Turtle 3 :[(-3,-3), (18,4), (18,4), (17,4), (17,4), (16,4), (15,4), (15,4), (15,4), (14,4), (14,3)]
Turtle 4 :[(-4,-4), (45,7), (45,7), (45,7), (46,7), (46,8), (47,8), (46,8), (47,8), (47,9), (47,10)]
Turtle 5 :[(-5,-5), (45,6), (46,6), (47,6), (47,7), (47,8), (47,9), (-5,-5), (-5,-5), (-5,-5), (-5,-5)]

Detection Run 6
#Info# Executed steps before collision: 10, Found collision: false
Turtle 1 :[(-1,-1), (25,17), (25,16), (26,16), (25,16), (26,16), (-1,-1), (-1,-1), (-1,-1), (-1,-1), (-1,-1)]
Turtle 2 :[(-2,-2), (36,45), (36,45), (36,45), (35,45), (35,45), (35,46), (34,46), (34,47), (34,47), (34,48)]
Turtle 3 :[(-3,-3), (4,12), (4,13), (4,13), (4,13), (4,13), (4,12), (4,12), (4,11), (4,11), (4,10)]
Turtle 4 :[(-4,-4), (3,11), (4,11), (4,12), (4,12), (5,12), (5,13), (5,14), (-4,-4), (-4,-4), (-4,-4)]
Turtle 5 :[(-5,-5), (9,33), (8,33), (7,33), (7,33), (6,33), (6,34), (6,34), (5,34), (-5,-5), (-5,-5)]

Detection Run 7
#Info# Executed steps before collision: 10, Found collision: false
Turtle 1 :[(-1,-1), (40,43), (40,43), (41,43), (42,43), (43,43), (43,42), (44,42), (-1,-1), (-1,-1), (-1,-1)]
Turtle 2 :[(-2,-2), (21,4), (22,4), (22,4), (22,3), (-2,-2), (-2,-2), (-2,-2), (-2,-2), (-2,-2), (-2,-2)]
Turtle 3 :[(-3,-3), (14,41), (14,42), (15,42), (15,42), (16,42), (16,42), (16,42), (16,42), (17,42), (18,42)]
Turtle 4 :[(-4,-4), (19,43), (19,44), (19,44), (19,45), (19,45), (19,46), (18,46), (17,46), (-4,-4), (-4,-4)]
Turtle 5 :[(-5,-5), (43,43), (43,44), (43,45), (42,45), (42,46), (41,46), (-5,-5), (-5,-5), (-5,-5), (-5,-5)]

Detection Run 8
#Info# Executed steps before collision: 8, Found collision: false
Turtle 1 :[(-1,-1), (13,8), (12,8), (11,8), (11,8), (11,8), (11,8), (10,8), (9,8)]
Turtle 2 :[(-2,-2), (40,39), (39,39), (39,40), (38,40), (37,40), (37,41), (-2,-2), (-2,-2)]
Turtle 3 :[(-3,-3), (40,38), (40,37), (40,38), (40,39), (40,40), (-3,-3), (-3,-3), (-3,-3)]
Turtle 4 :[(-4,-4), (14,10), (15,10), (15,9), (16,9), (16,8), (16,7), (-4,-4), (-4,-4)]
Turtle 5 :[(-5,-5), (12,17), (11,17), (10,17), (9,17), (8,17), (7,17), (-5,-5), (-5,-5)]

Detection Run 9
#Info# Executed steps before collision: 8, Found collision: false
Turtle 1 :[(-1,-1), (37,8), (37,8), (37,8), (37,9), (37,10), (38,10), (39,10), (40,10)]
Turtle 2 :[(-2,-2), (33,1), (33,2), (34,2), (34,3), (35,3), (36,3), (-2,-2), (-2,-2)]
Turtle 3 :[(-3,-3), (36,8), (36,9), (36,9), (36,10), (36,10), (37,10), (38,10), (-3,-3)]
Turtle 4 :[(-4,-4), (41,46), (41,46), (41,46), (41,46), (41,47), (41,48), (41,48), (40,48)]
Turtle 5 :[(-5,-5), (36,32), (36,33), (37,33), (37,34), (37,35), (37,36), (-5,-5), (-5,-5)]

Detection Run 10
#Info# Executed steps before collision: 11, Found collision: false
Turtle 1 :[(-1,-1), (49,3), (49,4), (49,4), (49,4), (49,5), (49,6), (49,6), (49,7), (-1,-1), (-1,-1), (-1,-1)]
Turtle 2 :[(-2,-2), (17,14), (17,13), (17,12), (17,11), (17,11), (18,11), (18,11), (19,11), (-2,-2), (-2,-2), (-2,-2)]
Turtle 3 :[(-3,-3), (48,5), (48,5), (48,5), (48,6), (48,7), (49,7), (49,8), (-3,-3), (-3,-3), (-3,-3), (-3,-3)]
Turtle 4 :[(-4,-4), (25,15), (25,16), (25,17), (24,17), (24,18), (24,19), (-4,-4), (-4,-4), (-4,-4), (-4,-4), (-4,-4)]
Turtle 5 :[(-5,-5), (21,17), (20,17), (20,17), (20,17), (19,17), (19,17), (19,17), (19,17), (19,16), (18,16), (18,15)]

Fault Detection Run 11
#Info# Executed steps before collision: 3, Found collision: true
Turtle 1 :[(-1,-1), (29,44), (29,43), (29,43), (28,43), (28,43), (27,43), (27,42), (27,41), (-1,-1), (-1,-1), (-1,-1)]
Turtle 2 :[(-2,-2), (30,43), (30,43), (29,43), (29,44), (30,44), (29,44), (29,43), (28,43), (27,43), (26,43), (-2,-2)]
Turtle 3 :[(-3,-3), (9,10), (9,10), (10,10), (10,9), (10,9), (10,8), (11,8), (11,7), (-3,-3), (-3,-3), (-3,-3)]
Turtle 4 :[(-4,-4), (26,1), (26,1), (26,1), (26,1), (27,1), (27,1), (27,0), (27,1), (26,1), (26,0), (25,0)]
Turtle 5 :[(-5,-5), (29,0), (29,0), (29,0), (28,0), (28,0), (28,0), (28,0), (29,0), (28,0), (-5,-5), (-5,-5)]

