Shrinking Run 1
#Info# Executed steps before collision: 7, Found collision: true
Turtle 1 :[(-1,-1), (32,15), (31,15), (30,15), (29,15), (28,15), (28,16), (-1,-1), (-1,-1)]
Turtle 2 :[(-2,-2), (6,32), (6,33), (6,34), (7,34), (7,34), (7,34), (7,34), (7,35)]
Turtle 3 :[(-3,-3), (10,31), (9,31), (8,31), (7,31), (7,30), (7,30), (6,30), (-3,-3)]
Turtle 4 :[(-4,-4), (4,28), (5,28), (6,28), (6,28), (6,28), (6,29), (6,30), (6,31)]
Turtle 5 :[(-5,-5), (4,0), (3,0), (3,1), (2,1), (2,2), (1,2), (-5,-5), (-5,-5)]

Shrinking Run 2
#Info# Executed steps before collision: 7, Found collision: true
Turtle 1 :[(-1,-1), (32,15), (32,14), (31,14), (30,14), (29,14), (29,13), (-1,-1), (-1,-1)]
Turtle 2 :[(-2,-2), (6,32), (6,33), (6,34), (7,34), (7,34), (7,34), (7,34), (7,35)]
Turtle 3 :[(-3,-3), (10,31), (9,31), (8,31), (7,31), (7,30), (7,30), (6,30), (-3,-3)]
Turtle 4 :[(-4,-4), (4,28), (5,28), (6,28), (6,28), (6,28), (6,29), (6,30), (6,31)]
Turtle 5 :[(-5,-5), (4,0), (3,0), (3,1), (2,1), (2,2), (1,2), (-5,-5), (-5,-5)]

Shrinking Run 3
#Info# Executed steps before collision: 11, Found collision: false
Turtle 1 :[(-1,-1), (32,15), (31,15), (30,15), (29,15), (28,15), (28,14), (-1,-1), (-1,-1), (-1,-1), (-1,-1), (-1,-1)]
Turtle 2 :[(-2,-2), (6,32), (6,33), (6,34), (7,34), (7,34), (7,34), (7,34), (7,35), (-2,-2), (-2,-2), (-2,-2)]
Turtle 3 :[(-3,-3), (10,31), (9,31), (8,31), (7,31), (7,30), (7,30), (6,30), (-3,-3), (-3,-3), (-3,-3), (-3,-3)]
Turtle 4 :[(-4,-4), (4,28), (5,28), (6,28), (6,28), (6,28), (6,29), (6,29), (5,29), (6,29), (6,30), (6,31)]
Turtle 5 :[(-5,-5), (4,0), (3,0), (3,1), (2,1), (2,2), (1,2), (-5,-5), (-5,-5), (-5,-5), (-5,-5), (-5,-5)]

Shrinking Run 4
#Info# Executed steps before collision: 10, Found collision: false
Turtle 1 :[(-1,-1), (32,15), (32,14), (31,14), (30,14), (29,14), (28,14), (-1,-1), (-1,-1), (-1,-1), (-1,-1)]
Turtle 2 :[(-2,-2), (6,32), (6,33), (6,34), (7,34), (7,34), (7,34), (7,34), (7,35), (-2,-2), (-2,-2)]
Turtle 3 :[(-3,-3), (10,31), (9,31), (8,31), (7,31), (7,30), (7,30), (6,30), (-3,-3), (-3,-3), (-3,-3)]
Turtle 4 :[(-4,-4), (4,28), (5,28), (6,28), (6,28), (6,28), (6,29), (6,28), (6,29), (6,30), (6,31)]
Turtle 5 :[(-5,-5), (4,0), (3,0), (3,1), (2,1), (2,2), (1,2), (-5,-5), (-5,-5), (-5,-5), (-5,-5)]

Shrinking Run 5
#Info# Executed steps before collision: 7, Found collision: true
Turtle 1 :[(-1,-1), (32,15), (32,14), (31,14), (30,14), (29,14), (29,13), (-1,-1), (-1,-1), (-1,-1)]
Turtle 2 :[(-2,-2), (6,32), (6,33), (6,34), (5,34), (5,34), (4,34), (4,34), (4,34), (4,35)]
Turtle 3 :[(-3,-3), (10,31), (9,31), (8,31), (7,31), (7,30), (7,30), (6,30), (-3,-3), (-3,-3)]
Turtle 4 :[(-4,-4), (4,28), (5,28), (6,28), (6,28), (6,28), (6,29), (6,30), (6,31), (-4,-4)]
Turtle 5 :[(-5,-5), (4,0), (3,0), (3,1), (2,1), (2,2), (1,2), (-5,-5), (-5,-5), (-5,-5)]

Shrinking Run 6
#Info# Executed steps before collision: 7, Found collision: true
Turtle 1 :[(-1,-1), (32,15), (32,14), (31,14), (30,14), (29,14), (29,13), (-1,-1), (-1,-1), (-1,-1)]
Turtle 2 :[(-2,-2), (6,32), (6,31), (6,30), (5,30), (5,30), (5,29), (5,29), (5,29), (5,28)]
Turtle 3 :[(-3,-3), (10,31), (9,31), (8,31), (7,31), (7,30), (7,30), (6,30), (-3,-3), (-3,-3)]
Turtle 4 :[(-4,-4), (4,28), (5,28), (6,28), (6,28), (6,28), (6,29), (6,30), (6,31), (-4,-4)]
Turtle 5 :[(-5,-5), (4,0), (3,0), (3,1), (2,1), (2,2), (1,2), (-5,-5), (-5,-5), (-5,-5)]

Shrinking Run 7
#Info# Executed steps before collision: 7, Found collision: true
Turtle 1 :[(-1,-1), (32,15), (32,14), (31,14), (30,14), (29,14), (29,13), (-1,-1), (-1,-1), (-1,-1)]
Turtle 2 :[(-2,-2), (6,32), (5,32), (5,31), (4,31), (4,31), (4,30), (4,30), (4,30), (4,29)]
Turtle 3 :[(-3,-3), (10,31), (9,31), (8,31), (7,31), (7,30), (7,30), (6,30), (-3,-3), (-3,-3)]
Turtle 4 :[(-4,-4), (4,28), (5,28), (6,28), (6,28), (6,28), (6,29), (6,30), (6,31), (-4,-4)]
Turtle 5 :[(-5,-5), (4,0), (3,0), (3,1), (2,1), (2,2), (1,2), (-5,-5), (-5,-5), (-5,-5)]

Shrinking Run 8
#Info# Executed steps before collision: 11, Found collision: false
Turtle 1 :[(-1,-1), (32,15), (32,14), (31,14), (30,14), (29,14), (29,13), (-1,-1), (-1,-1), (-1,-1), (-1,-1), (-1,-1)]
Turtle 2 :[(-2,-2), (6,32), (5,32), (4,32), (3,32), (3,32), (3,31), (3,31), (3,31), (3,30), (-2,-2), (-2,-2)]
Turtle 3 :[(-3,-3), (10,31), (9,31), (8,31), (7,31), (7,30), (7,30), (6,30), (-3,-3), (-3,-3), (-3,-3), (-3,-3)]
Turtle 4 :[(-4,-4), (4,28), (5,28), (6,28), (6,28), (6,28), (6,29), (6,29), (5,29), (6,29), (6,30), (6,31)]
Turtle 5 :[(-5,-5), (4,0), (3,0), (3,1), (2,1), (2,2), (1,2), (-5,-5), (-5,-5), (-5,-5), (-5,-5), (-5,-5)]

Shrinking Run 9
#Info# Executed steps before collision: 7, Found collision: true
Turtle 1 :[(-1,-1), (32,15), (32,14), (31,14), (30,14), (29,14), (29,13), (-1,-1), (-1,-1), (-1,-1)]
Turtle 2 :[(-2,-2), (6,32), (5,32), (5,31), (4,31), (4,31), (3,31), (3,31), (3,31), (3,30)]
Turtle 3 :[(-3,-3), (10,31), (9,31), (8,31), (7,31), (7,30), (7,30), (6,30), (-3,-3), (-3,-3)]
Turtle 4 :[(-4,-4), (4,28), (5,28), (6,28), (6,28), (6,28), (6,29), (6,30), (6,31), (-4,-4)]
Turtle 5 :[(-5,-5), (4,0), (3,0), (3,1), (2,1), (2,2), (1,2), (-5,-5), (-5,-5), (-5,-5)]

Shrinking Run 10
#Info# Executed steps before collision: 10, Found collision: false
Turtle 1 :[(-1,-1), (32,15), (32,14), (31,14), (30,14), (29,14), (29,13), (-1,-1), (-1,-1), (-1,-1), (-1,-1)]
Turtle 2 :[(-2,-2), (6,32), (5,32), (5,31), (4,31), (4,31), (3,31), (3,31), (3,31), (2,31), (-2,-2)]
Turtle 3 :[(-3,-3), (10,31), (9,31), (8,31), (7,31), (7,30), (7,30), (6,30), (-3,-3), (-3,-3), (-3,-3)]
Turtle 4 :[(-4,-4), (4,28), (5,28), (6,28), (6,28), (6,28), (6,29), (6,28), (6,29), (6,30), (6,31)]
Turtle 5 :[(-5,-5), (4,0), (3,0), (3,1), (2,1), (2,2), (1,2), (-5,-5), (-5,-5), (-5,-5), (-5,-5)]

Shrinking Run 11
#Info# Executed steps before collision: 7, Found collision: true
Turtle 1 :[(-1,-1), (32,15), (32,14), (31,14), (30,14), (29,14), (29,13), (-1,-1), (-1,-1)]
Turtle 2 :[(-2,-2), (6,32), (5,32), (4,32), (4,31), (3,31), (3,30), (-2,-2), (-2,-2)]
Turtle 3 :[(-3,-3), (10,31), (9,31), (8,31), (7,31), (7,30), (7,30), (6,30), (-3,-3)]
Turtle 4 :[(-4,-4), (4,28), (5,28), (6,28), (6,28), (6,28), (6,29), (6,30), (6,31)]
Turtle 5 :[(-5,-5), (4,0), (3,0), (3,1), (2,1), (2,2), (1,2), (-5,-5), (-5,-5)]

Shrinking Run 12
#Info# Executed steps before collision: 8, Found collision: false
Turtle 1 :[(-1,-1), (32,15), (32,14), (31,14), (30,14), (29,14), (29,13), (-1,-1), (-1,-1)]
Turtle 2 :[(-2,-2), (6,32), (5,32), (4,32), (4,31), (3,31), (3,30), (-2,-2), (-2,-2)]
Turtle 3 :[(-3,-3), (10,31), (9,31), (9,30), (9,29), (9,28), (9,28), (8,28), (-3,-3)]
Turtle 4 :[(-4,-4), (4,28), (5,28), (6,28), (6,28), (6,28), (6,29), (6,30), (6,31)]
Turtle 5 :[(-5,-5), (4,0), (3,0), (3,1), (2,1), (2,2), (1,2), (-5,-5), (-5,-5)]

Shrinking Run 13
#Info# Executed steps before collision: 8, Found collision: false
Turtle 1 :[(-1,-1), (32,15), (32,14), (31,14), (30,14), (29,14), (29,13), (-1,-1), (-1,-1)]
Turtle 2 :[(-2,-2), (6,32), (5,32), (4,32), (4,31), (3,31), (3,30), (-2,-2), (-2,-2)]
Turtle 3 :[(-3,-3), (10,31), (9,31), (8,31), (8,30), (8,29), (8,29), (7,29), (-3,-3)]
Turtle 4 :[(-4,-4), (4,28), (5,28), (6,28), (6,28), (6,28), (6,29), (6,30), (6,31)]
Turtle 5 :[(-5,-5), (4,0), (3,0), (3,1), (2,1), (2,2), (1,2), (-5,-5), (-5,-5)]

Shrinking Run 14
#Info# Executed steps before collision: 7, Found collision: true
Turtle 1 :[(-1,-1), (32,15), (32,14), (31,14), (30,14), (29,14), (29,13), (-1,-1), (-1,-1)]
Turtle 2 :[(-2,-2), (6,32), (5,32), (4,32), (4,31), (3,31), (3,30), (-2,-2), (-2,-2)]
Turtle 3 :[(-3,-3), (10,31), (9,31), (8,31), (8,30), (7,30), (7,30), (6,30), (-3,-3)]
Turtle 4 :[(-4,-4), (4,28), (5,28), (6,28), (6,28), (6,28), (6,29), (6,30), (6,31)]
Turtle 5 :[(-5,-5), (4,0), (3,0), (3,1), (2,1), (2,2), (1,2), (-5,-5), (-5,-5)]

Shrinking Run 15
#Info# Executed steps before collision: 8, Found collision: false
Turtle 1 :[(-1,-1), (32,15), (32,14), (31,14), (30,14), (29,14), (29,13), (-1,-1), (-1,-1)]
Turtle 2 :[(-2,-2), (6,32), (5,32), (4,32), (4,31), (3,31), (3,30), (-2,-2), (-2,-2)]
Turtle 3 :[(-3,-3), (10,31), (9,31), (8,31), (7,31), (6,31), (6,31), (5,31), (-3,-3)]
Turtle 4 :[(-4,-4), (4,28), (5,28), (6,28), (6,28), (6,28), (6,29), (6,30), (6,31)]
Turtle 5 :[(-5,-5), (4,0), (3,0), (3,1), (2,1), (2,2), (1,2), (-5,-5), (-5,-5)]

Shrinking Run 16
#Info# Executed steps before collision: 8, Found collision: false
Turtle 1 :[(-1,-1), (32,15), (32,14), (31,14), (30,14), (29,14), (29,13), (-1,-1), (-1,-1)]
Turtle 2 :[(-2,-2), (6,32), (5,32), (4,32), (4,31), (3,31), (3,30), (-2,-2), (-2,-2)]
Turtle 3 :[(-3,-3), (10,31), (10,30), (9,30), (8,30), (7,30), (6,30), (-3,-3), (-3,-3)]
Turtle 4 :[(-4,-4), (4,28), (5,28), (6,28), (6,28), (6,28), (6,29), (6,30), (6,31)]
Turtle 5 :[(-5,-5), (4,0), (3,0), (3,1), (2,1), (2,2), (1,2), (-5,-5), (-5,-5)]

Shrinking Run 17
#Info# Executed steps before collision: 8, Found collision: false
Turtle 1 :[(-1,-1), (32,15), (32,14), (31,14), (30,14), (29,14), (29,13), (-1,-1), (-1,-1)]
Turtle 2 :[(-2,-2), (6,32), (5,32), (4,32), (4,31), (3,31), (3,30), (-2,-2), (-2,-2)]
Turtle 3 :[(-3,-3), (10,31), (9,31), (8,31), (8,30), (7,30), (7,30), (6,30), (-3,-3)]
Turtle 4 :[(-4,-4), (4,28), (3,28), (2,28), (2,28), (2,28), (2,29), (2,30), (2,31)]
Turtle 5 :[(-5,-5), (4,0), (3,0), (3,1), (2,1), (2,2), (1,2), (-5,-5), (-5,-5)]

Shrinking Run 18
#Info# Executed steps before collision: 7, Found collision: false
Turtle 1 :[(-1,-1), (32,15), (32,14), (31,14), (30,14), (29,14), (29,13), (-1,-1)]
Turtle 2 :[(-2,-2), (6,32), (5,32), (4,32), (4,31), (3,31), (3,30), (-2,-2)]
Turtle 3 :[(-3,-3), (10,31), (9,31), (8,31), (8,30), (7,30), (7,30), (6,30)]
Turtle 4 :[(-4,-4), (4,28), (4,29), (4,30), (4,30), (5,30), (5,31), (-4,-4)]
Turtle 5 :[(-5,-5), (4,0), (3,0), (3,1), (2,1), (2,2), (1,2), (-5,-5)]

Shrinking Run 19
#Info# Executed steps before collision: 8, Found collision: false
Turtle 1 :[(-1,-1), (32,15), (32,14), (31,14), (30,14), (29,14), (29,13), (-1,-1), (-1,-1)]
Turtle 2 :[(-2,-2), (6,32), (5,32), (4,32), (4,31), (3,31), (3,30), (-2,-2), (-2,-2)]
Turtle 3 :[(-3,-3), (10,31), (9,31), (8,31), (8,30), (7,30), (7,30), (6,30), (-3,-3)]
Turtle 4 :[(-4,-4), (4,28), (4,29), (5,29), (5,29), (5,29), (5,30), (5,31), (6,31)]
Turtle 5 :[(-5,-5), (4,0), (3,0), (3,1), (2,1), (2,2), (1,2), (-5,-5), (-5,-5)]

Shrinking Run 20
#Info# Executed steps before collision: 8, Found collision: false
Turtle 1 :[(-1,-1), (32,15), (32,14), (31,14), (30,14), (29,14), (29,13), (-1,-1), (-1,-1)]
Turtle 2 :[(-2,-2), (6,32), (5,32), (4,32), (4,31), (3,31), (3,30), (-2,-2), (-2,-2)]
Turtle 3 :[(-3,-3), (10,31), (9,31), (8,31), (8,30), (7,30), (7,30), (6,30), (-3,-3)]
Turtle 4 :[(-4,-4), (4,28), (4,27), (5,27), (5,27), (5,27), (5,26), (5,25), (5,24)]
Turtle 5 :[(-5,-5), (4,0), (3,0), (3,1), (2,1), (2,2), (1,2), (-5,-5), (-5,-5)]

Shrinking Run 21
#Info# Executed steps before collision: 8, Found collision: false
Turtle 1 :[(-1,-1), (32,15), (32,14), (31,14), (30,14), (29,14), (29,13), (-1,-1), (-1,-1)]
Turtle 2 :[(-2,-2), (6,32), (5,32), (4,32), (4,31), (3,31), (3,30), (-2,-2), (-2,-2)]
Turtle 3 :[(-3,-3), (10,31), (9,31), (8,31), (8,30), (7,30), (7,30), (6,30), (-3,-3)]
Turtle 4 :[(-4,-4), (4,28), (5,28), (6,28), (6,28), (6,28), (6,27), (6,26), (6,25)]
Turtle 5 :[(-5,-5), (4,0), (3,0), (3,1), (2,1), (2,2), (1,2), (-5,-5), (-5,-5)]

Shrinking Run 22
#Info# Executed steps before collision: 7, Found collision: false
Turtle 1 :[(-1,-1), (32,15), (32,14), (31,14), (30,14), (29,14), (29,13), (-1,-1)]
Turtle 2 :[(-2,-2), (6,32), (5,32), (4,32), (4,31), (3,31), (3,30), (-2,-2)]
Turtle 3 :[(-3,-3), (10,31), (9,31), (8,31), (8,30), (7,30), (7,30), (6,30)]
Turtle 4 :[(-4,-4), (4,28), (5,28), (6,28), (6,28), (6,29), (7,29), (-4,-4)]
Turtle 5 :[(-5,-5), (4,0), (3,0), (3,1), (2,1), (2,2), (1,2), (-5,-5)]

Shrinking Run 23
#Info# Executed steps before collision: 7, Found collision: true
Turtle 1 :[(-1,-1), (32,15), (32,14), (31,14), (30,14), (29,14), (29,13), (-1,-1), (-1,-1)]
Turtle 2 :[(-2,-2), (6,32), (5,32), (4,32), (4,31), (3,31), (3,30), (-2,-2), (-2,-2)]
Turtle 3 :[(-3,-3), (10,31), (9,31), (8,31), (8,30), (7,30), (7,30), (6,30), (-3,-3)]
Turtle 4 :[(-4,-4), (4,28), (5,28), (6,28), (6,28), (6,28), (6,29), (6,30), (7,30)]
Turtle 5 :[(-5,-5), (4,0), (3,0), (3,1), (2,1), (2,2), (1,2), (-5,-5), (-5,-5)]

Shrinking Run 24
#Info# Executed steps before collision: 8, Found collision: false
Turtle 1 :[(-1,-1), (32,15), (32,14), (31,14), (30,14), (29,14), (29,13), (-1,-1), (-1,-1)]
Turtle 2 :[(-2,-2), (6,32), (5,32), (4,32), (4,31), (3,31), (3,30), (-2,-2), (-2,-2)]
Turtle 3 :[(-3,-3), (10,31), (9,31), (8,31), (8,30), (7,30), (7,30), (6,30), (-3,-3)]
Turtle 4 :[(-4,-4), (4,28), (3,28), (2,28), (2,28), (2,28), (2,29), (2,30), (1,30)]
Turtle 5 :[(-5,-5), (4,0), (3,0), (3,1), (2,1), (2,2), (1,2), (-5,-5), (-5,-5)]

Shrinking Run 25
#Info# Executed steps before collision: 7, Found collision: false
Turtle 1 :[(-1,-1), (32,15), (32,14), (31,14), (30,14), (29,14), (29,13), (-1,-1)]
Turtle 2 :[(-2,-2), (6,32), (5,32), (4,32), (4,31), (3,31), (3,30), (-2,-2)]
Turtle 3 :[(-3,-3), (10,31), (9,31), (8,31), (8,30), (7,30), (7,30), (6,30)]
Turtle 4 :[(-4,-4), (4,28), (4,29), (4,29), (4,30), (5,30), (-4,-4), (-4,-4)]
Turtle 5 :[(-5,-5), (4,0), (3,0), (3,1), (2,1), (2,2), (1,2), (-5,-5)]

Shrinking Run 26
#Info# Executed steps before collision: 9, Found collision: false
Turtle 1 :[(-1,-1), (32,15), (32,14), (31,14), (30,14), (29,14), (29,13), (-1,-1), (-1,-1), (-1,-1)]
Turtle 2 :[(-2,-2), (6,32), (5,32), (4,32), (4,31), (3,31), (3,30), (-2,-2), (-2,-2), (-2,-2)]
Turtle 3 :[(-3,-3), (10,31), (9,31), (8,31), (8,30), (7,30), (7,30), (7,29), (7,30), (6,30)]
Turtle 4 :[(-4,-4), (4,28), (4,29), (5,29), (5,29), (5,30), (6,30), (-4,-4), (-4,-4), (-4,-4)]
Turtle 5 :[(-5,-5), (4,0), (3,0), (3,1), (2,1), (2,2), (1,2), (-5,-5), (-5,-5), (-5,-5)]

Shrinking Run 27
#Info# Executed steps before collision: 7, Found collision: true
Turtle 1 :[(-1,-1), (32,15), (32,14), (31,14), (30,14), (29,14), (29,13), (-1,-1), (-1,-1)]
Turtle 2 :[(-2,-2), (6,32), (5,32), (4,32), (4,31), (3,31), (3,30), (-2,-2), (-2,-2)]
Turtle 3 :[(-3,-3), (10,31), (9,31), (8,31), (8,30), (7,30), (7,30), (6,30), (-3,-3)]
Turtle 4 :[(-4,-4), (4,28), (4,29), (5,29), (5,29), (5,29), (6,29), (6,30), (7,30)]
Turtle 5 :[(-5,-5), (4,0), (3,0), (3,1), (2,1), (2,2), (1,2), (-5,-5), (-5,-5)]

Shrinking Run 28
#Info# Executed steps before collision: 8, Found collision: false
Turtle 1 :[(-1,-1), (32,15), (32,14), (31,14), (30,14), (29,14), (29,13), (-1,-1), (-1,-1)]
Turtle 2 :[(-2,-2), (6,32), (5,32), (4,32), (4,31), (3,31), (3,30), (-2,-2), (-2,-2)]
Turtle 3 :[(-3,-3), (10,31), (9,31), (8,31), (8,30), (7,30), (7,30), (6,30), (-3,-3)]
Turtle 4 :[(-4,-4), (4,28), (4,29), (5,29), (5,29), (5,29), (6,29), (7,29), (7,30)]
Turtle 5 :[(-5,-5), (4,0), (3,0), (3,1), (2,1), (2,2), (1,2), (-5,-5), (-5,-5)]

Shrinking Run 29
#Info# Executed steps before collision: 10, Found collision: false
Turtle 1 :[(-1,-1), (32,15), (32,14), (31,14), (30,14), (29,14), (29,13), (-1,-1), (-1,-1), (-1,-1), (-1,-1)]
Turtle 2 :[(-2,-2), (6,32), (5,32), (4,32), (4,31), (3,31), (3,30), (-2,-2), (-2,-2), (-2,-2), (-2,-2)]
Turtle 3 :[(-3,-3), (10,31), (9,31), (8,31), (8,30), (7,30), (7,30), (6,30), (-3,-3), (-3,-3), (-3,-3)]
Turtle 4 :[(-4,-4), (4,28), (5,28), (6,28), (6,28), (6,28), (7,28), (6,28), (6,29), (6,30), (7,30)]
Turtle 5 :[(-5,-5), (4,0), (3,0), (3,1), (2,1), (2,2), (1,2), (-5,-5), (-5,-5), (-5,-5), (-5,-5)]

Shrinking Run 30
#Info# Executed steps before collision: 10, Found collision: false
Turtle 1 :[(-1,-1), (32,15), (32,14), (31,14), (30,14), (29,14), (29,13), (-1,-1), (-1,-1), (-1,-1), (-1,-1)]
Turtle 2 :[(-2,-2), (6,32), (5,32), (4,32), (4,31), (3,31), (3,30), (-2,-2), (-2,-2), (-2,-2), (-2,-2)]
Turtle 3 :[(-3,-3), (10,31), (9,31), (8,31), (8,30), (7,30), (7,30), (6,30), (-3,-3), (-3,-3), (-3,-3)]
Turtle 4 :[(-4,-4), (4,28), (4,29), (4,30), (5,30), (6,30), (6,31), (5,31), (6,31), (6,30), (7,30)]
Turtle 5 :[(-5,-5), (4,0), (3,0), (3,1), (2,1), (2,2), (1,2), (-5,-5), (-5,-5), (-5,-5), (-5,-5)]

Shrinking Run 31
#Info# Executed steps before collision: 11, Found collision: false
Turtle 1 :[(-1,-1), (32,15), (32,14), (31,14), (30,14), (29,14), (29,13), (-1,-1), (-1,-1), (-1,-1), (-1,-1), (-1,-1)]
Turtle 2 :[(-2,-2), (6,32), (5,32), (4,32), (4,31), (3,31), (3,30), (-2,-2), (-2,-2), (-2,-2), (-2,-2), (-2,-2)]
Turtle 3 :[(-3,-3), (10,31), (9,31), (8,31), (8,30), (7,30), (7,30), (7,29), (7,28), (7,29), (6,29), (6,30)]
Turtle 4 :[(-4,-4), (4,28), (4,29), (5,29), (5,29), (5,30), (6,30), (7,30), (-4,-4), (-4,-4), (-4,-4), (-4,-4)]
Turtle 5 :[(-5,-5), (4,0), (3,0), (3,1), (2,1), (2,2), (1,2), (-5,-5), (-5,-5), (-5,-5), (-5,-5), (-5,-5)]

Shrinking Run 32
#Info# Executed steps before collision: 10, Found collision: false
Turtle 1 :[(-1,-1), (32,15), (32,14), (31,14), (30,14), (29,14), (29,13), (-1,-1), (-1,-1), (-1,-1), (-1,-1)]
Turtle 2 :[(-2,-2), (6,32), (5,32), (4,32), (4,31), (3,31), (3,30), (-2,-2), (-2,-2), (-2,-2), (-2,-2)]
Turtle 3 :[(-3,-3), (10,31), (9,31), (8,31), (8,30), (7,30), (7,30), (6,30), (-3,-3), (-3,-3), (-3,-3)]
Turtle 4 :[(-4,-4), (4,28), (5,28), (5,29), (5,29), (5,29), (5,30), (5,29), (6,29), (7,29), (7,30)]
Turtle 5 :[(-5,-5), (4,0), (3,0), (3,1), (2,1), (2,2), (1,2), (-5,-5), (-5,-5), (-5,-5), (-5,-5)]

Shrinking Run 33
#Info# Executed steps before collision: 12, Found collision: false
Turtle 1 :[(-1,-1), (32,15), (32,14), (31,14), (30,14), (29,14), (29,13), (-1,-1), (-1,-1), (-1,-1), (-1,-1), (-1,-1), (-1,-1)]
Turtle 2 :[(-2,-2), (6,32), (5,32), (4,32), (4,31), (3,31), (3,30), (-2,-2), (-2,-2), (-2,-2), (-2,-2), (-2,-2), (-2,-2)]
Turtle 3 :[(-3,-3), (10,31), (9,31), (8,31), (8,30), (7,30), (7,30), (7,31), (7,30), (6,30), (-3,-3), (-3,-3), (-3,-3)]
Turtle 4 :[(-4,-4), (4,28), (5,28), (6,28), (6,29), (6,29), (6,30), (6,30), (5,30), (5,29), (5,30), (6,30), (7,30)]
Turtle 5 :[(-5,-5), (4,0), (3,0), (3,1), (2,1), (2,2), (1,2), (-5,-5), (-5,-5), (-5,-5), (-5,-5), (-5,-5), (-5,-5)]

Shrinking Run 34
#Info# Executed steps before collision: 9, Found collision: false
Turtle 1 :[(-1,-1), (32,15), (32,14), (31,14), (30,14), (29,14), (29,13), (-1,-1), (-1,-1), (-1,-1)]
Turtle 2 :[(-2,-2), (6,32), (5,32), (4,32), (4,31), (3,31), (3,30), (-2,-2), (-2,-2), (-2,-2)]
Turtle 3 :[(-3,-3), (10,31), (9,31), (8,31), (8,30), (7,30), (7,30), (7,30), (6,30), (-3,-3)]
Turtle 4 :[(-4,-4), (4,28), (5,28), (6,28), (6,28), (6,29), (6,30), (6,31), (7,31), (7,30)]
Turtle 5 :[(-5,-5), (4,0), (3,0), (3,1), (2,1), (2,2), (1,2), (-5,-5), (-5,-5), (-5,-5)]

Shrinking Run 35
#Info# Executed steps before collision: 7, Found collision: true
Turtle 1 :[(-1,-1), (32,15), (32,14), (31,14), (30,14), (29,14), (29,13), (-1,-1), (-1,-1)]
Turtle 2 :[(-2,-2), (6,32), (5,32), (4,32), (4,31), (3,31), (3,30), (-2,-2), (-2,-2)]
Turtle 3 :[(-3,-3), (10,31), (9,31), (8,31), (8,30), (7,30), (7,30), (6,30), (-3,-3)]
Turtle 4 :[(-4,-4), (4,28), (5,28), (6,28), (6,28), (6,28), (6,29), (6,30), (7,30)]
Turtle 5 :[(-5,-5), (4,0), (3,0), (3,1), (3,2), (2,2), (1,2), (-5,-5), (-5,-5)]

Shrinking Run 36
#Info# Executed steps before collision: 7, Found collision: true
Turtle 1 :[(-1,-1), (32,15), (32,14), (31,14), (30,14), (29,14), (29,13), (-1,-1), (-1,-1), (-1,-1), (-1,-1)]
Turtle 2 :[(-2,-2), (6,32), (5,32), (4,32), (4,31), (3,31), (3,30), (-2,-2), (-2,-2), (-2,-2), (-2,-2)]
Turtle 3 :[(-3,-3), (10,31), (9,31), (8,31), (8,30), (7,30), (7,30), (6,30), (-3,-3), (-3,-3), (-3,-3)]
Turtle 4 :[(-4,-4), (4,28), (5,28), (6,28), (6,28), (6,28), (6,29), (6,30), (7,30), (-4,-4), (-4,-4)]
Turtle 5 :[(-5,-5), (4,0), (4,0), (4,0), (4,0), (3,0), (3,0), (2,0), (1,0), (1,0), (0,0)]

Shrinking Run 37
#Info# Executed steps before collision: 7, Found collision: true
Turtle 1 :[(-1,-1), (32,15), (32,14), (31,14), (30,14), (29,14), (29,13), (-1,-1), (-1,-1)]
Turtle 2 :[(-2,-2), (6,32), (5,32), (4,32), (4,31), (3,31), (3,30), (-2,-2), (-2,-2)]
Turtle 3 :[(-3,-3), (10,31), (9,31), (8,31), (8,30), (7,30), (7,30), (6,30), (-3,-3)]
Turtle 4 :[(-4,-4), (4,28), (5,28), (6,28), (6,28), (6,28), (6,29), (6,30), (7,30)]
Turtle 5 :[(-5,-5), (4,0), (3,0), (2,0), (1,0), (0,0), (-5,-5), (-5,-5), (-5,-5)]

Shrinking Run 38
#Info# Executed steps before collision: 7, Found collision: true
Turtle 1 :[(-1,-1), (32,15), (31,15), (30,15), (29,15), (28,15), (28,14), (-1,-1), (-1,-1)]
Turtle 2 :[(-2,-2), (6,32), (5,32), (4,32), (4,31), (3,31), (3,30), (-2,-2), (-2,-2)]
Turtle 3 :[(-3,-3), (10,31), (9,31), (8,31), (8,30), (7,30), (7,30), (6,30), (-3,-3)]
Turtle 4 :[(-4,-4), (4,28), (5,28), (6,28), (6,28), (6,28), (6,29), (6,30), (7,30)]
Turtle 5 :[(-5,-5), (4,0), (3,0), (2,0), (1,0), (0,0), (-5,-5), (-5,-5), (-5,-5)]

Shrinking Run 39
#Info# Executed steps before collision: 8, Found collision: false
Turtle 1 :[(-1,-1), (32,15), (31,15), (30,15), (29,15), (28,15), (27,15), (-1,-1), (-1,-1)]
Turtle 2 :[(-2,-2), (6,32), (5,32), (4,32), (4,31), (3,31), (3,30), (-2,-2), (-2,-2)]
Turtle 3 :[(-3,-3), (10,31), (9,31), (8,31), (8,30), (7,30), (7,30), (6,30), (-3,-3)]
Turtle 4 :[(-4,-4), (4,28), (5,28), (6,28), (6,28), (6,28), (6,29), (7,29), (7,30)]
Turtle 5 :[(-5,-5), (4,0), (3,0), (2,0), (1,0), (0,0), (-5,-5), (-5,-5), (-5,-5)]

Shrinking Run 40
#Info# Executed steps before collision: 10, Found collision: false
Turtle 1 :[(-1,-1), (32,15), (31,15), (30,15), (29,15), (28,15), (28,14), (-1,-1), (-1,-1), (-1,-1), (-1,-1)]
Turtle 2 :[(-2,-2), (6,32), (5,32), (4,32), (3,32), (3,32), (3,31), (3,31), (3,31), (3,30), (-2,-2)]
Turtle 3 :[(-3,-3), (10,31), (9,31), (8,31), (8,30), (7,30), (7,30), (6,30), (-3,-3), (-3,-3), (-3,-3)]
Turtle 4 :[(-4,-4), (4,28), (5,28), (6,28), (6,28), (6,28), (6,29), (6,28), (6,29), (6,30), (7,30)]
Turtle 5 :[(-5,-5), (4,0), (3,0), (2,0), (1,0), (0,0), (-5,-5), (-5,-5), (-5,-5), (-5,-5), (-5,-5)]

Shrinking Run 41
#Info# Executed steps before collision: 7, Found collision: true
Turtle 1 :[(-1,-1), (32,15), (31,15), (30,15), (29,15), (28,15), (28,14), (-1,-1), (-1,-1), (-1,-1)]
Turtle 2 :[(-2,-2), (6,32), (5,32), (5,31), (4,31), (4,31), (3,31), (3,31), (3,31), (2,31)]
Turtle 3 :[(-3,-3), (10,31), (9,31), (8,31), (8,30), (7,30), (7,30), (6,30), (-3,-3), (-3,-3)]
Turtle 4 :[(-4,-4), (4,28), (5,28), (6,28), (6,28), (6,28), (6,29), (6,30), (7,30), (-4,-4)]
Turtle 5 :[(-5,-5), (4,0), (3,0), (2,0), (1,0), (0,0), (-5,-5), (-5,-5), (-5,-5), (-5,-5)]

Shrinking Run 42
#Info# Executed steps before collision: 7, Found collision: true
Turtle 1 :[(-1,-1), (32,15), (31,15), (30,15), (29,15), (28,15), (28,14), (-1,-1), (-1,-1)]
Turtle 2 :[(-2,-2), (6,32), (5,32), (4,32), (4,31), (3,31), (2,31), (-2,-2), (-2,-2)]
Turtle 3 :[(-3,-3), (10,31), (9,31), (8,31), (8,30), (7,30), (7,30), (6,30), (-3,-3)]
Turtle 4 :[(-4,-4), (4,28), (5,28), (6,28), (6,28), (6,28), (6,29), (6,30), (7,30)]
Turtle 5 :[(-5,-5), (4,0), (3,0), (2,0), (1,0), (0,0), (-5,-5), (-5,-5), (-5,-5)]

Shrinking Run 43
#Info# Executed steps before collision: 8, Found collision: false
Turtle 1 :[(-1,-1), (32,15), (31,15), (30,15), (29,15), (28,15), (28,14), (-1,-1), (-1,-1)]
Turtle 2 :[(-2,-2), (6,32), (5,32), (4,32), (4,31), (3,31), (2,31), (-2,-2), (-2,-2)]
Turtle 3 :[(-3,-3), (10,31), (9,31), (9,30), (9,29), (9,28), (9,28), (8,28), (-3,-3)]
Turtle 4 :[(-4,-4), (4,28), (5,28), (6,28), (6,28), (6,28), (6,29), (6,30), (7,30)]
Turtle 5 :[(-5,-5), (4,0), (3,0), (2,0), (1,0), (0,0), (-5,-5), (-5,-5), (-5,-5)]

Shrinking Run 44
#Info# Executed steps before collision: 8, Found collision: false
Turtle 1 :[(-1,-1), (32,15), (31,15), (30,15), (29,15), (28,15), (28,14), (-1,-1), (-1,-1)]
Turtle 2 :[(-2,-2), (6,32), (5,32), (4,32), (4,31), (3,31), (2,31), (-2,-2), (-2,-2)]
Turtle 3 :[(-3,-3), (10,31), (9,31), (8,31), (8,30), (8,29), (8,29), (7,29), (-3,-3)]
Turtle 4 :[(-4,-4), (4,28), (5,28), (6,28), (6,28), (6,28), (6,29), (6,30), (7,30)]
Turtle 5 :[(-5,-5), (4,0), (3,0), (2,0), (1,0), (0,0), (-5,-5), (-5,-5), (-5,-5)]

Shrinking Run 45
#Info# Executed steps before collision: 10, Found collision: false
Turtle 1 :[(-1,-1), (32,15), (31,15), (30,15), (29,15), (28,15), (28,14), (-1,-1), (-1,-1), (-1,-1), (-1,-1)]
Turtle 2 :[(-2,-2), (6,32), (5,32), (4,32), (4,31), (3,31), (2,31), (-2,-2), (-2,-2), (-2,-2), (-2,-2)]
Turtle 3 :[(-3,-3), (10,31), (9,31), (8,31), (7,31), (6,31), (6,31), (5,31), (-3,-3), (-3,-3), (-3,-3)]
Turtle 4 :[(-4,-4), (4,28), (5,28), (6,28), (6,28), (6,28), (6,29), (6,28), (6,29), (6,30), (7,30)]
Turtle 5 :[(-5,-5), (4,0), (3,0), (2,0), (1,0), (0,0), (-5,-5), (-5,-5), (-5,-5), (-5,-5), (-5,-5)]

Shrinking Run 46
#Info# Executed steps before collision: 8, Found collision: false
Turtle 1 :[(-1,-1), (32,15), (31,15), (30,15), (29,15), (28,15), (28,14), (-1,-1), (-1,-1)]
Turtle 2 :[(-2,-2), (6,32), (5,32), (4,32), (4,31), (3,31), (2,31), (-2,-2), (-2,-2)]
Turtle 3 :[(-3,-3), (10,31), (10,30), (9,30), (8,30), (7,30), (6,30), (-3,-3), (-3,-3)]
Turtle 4 :[(-4,-4), (4,28), (5,28), (6,28), (6,28), (6,28), (6,29), (6,30), (7,30)]
Turtle 5 :[(-5,-5), (4,0), (3,0), (2,0), (1,0), (0,0), (-5,-5), (-5,-5), (-5,-5)]

Shrinking Run 47
#Info# Executed steps before collision: 8, Found collision: false
Turtle 1 :[(-1,-1), (32,15), (31,15), (30,15), (29,15), (28,15), (28,14), (-1,-1), (-1,-1)]
Turtle 2 :[(-2,-2), (6,32), (5,32), (4,32), (4,31), (3,31), (2,31), (-2,-2), (-2,-2)]
Turtle 3 :[(-3,-3), (10,31), (9,31), (8,31), (8,30), (7,30), (7,30), (6,30), (-3,-3)]
Turtle 4 :[(-4,-4), (4,28), (3,28), (2,28), (2,28), (2,28), (2,29), (2,30), (2,31)]
Turtle 5 :[(-5,-5), (4,0), (3,0), (2,0), (1,0), (0,0), (-5,-5), (-5,-5), (-5,-5)]

Shrinking Run 48
#Info# Executed steps before collision: 10, Found collision: false
Turtle 1 :[(-1,-1), (32,15), (31,15), (30,15), (29,15), (28,15), (28,14), (-1,-1), (-1,-1), (-1,-1), (-1,-1)]
Turtle 2 :[(-2,-2), (6,32), (5,32), (4,32), (4,31), (3,31), (2,31), (-2,-2), (-2,-2), (-2,-2), (-2,-2)]
Turtle 3 :[(-3,-3), (10,31), (9,31), (8,31), (8,30), (7,30), (7,30), (6,30), (-3,-3), (-3,-3), (-3,-3)]
Turtle 4 :[(-4,-4), (4,28), (4,29), (4,30), (4,30), (4,29), (4,30), (4,29), (4,30), (5,30), (5,31)]
Turtle 5 :[(-5,-5), (4,0), (3,0), (2,0), (1,0), (0,0), (-5,-5), (-5,-5), (-5,-5), (-5,-5), (-5,-5)]

Shrinking Run 49
#Info# Executed steps before collision: 8, Found collision: false
Turtle 1 :[(-1,-1), (32,15), (31,15), (30,15), (29,15), (28,15), (28,14), (-1,-1), (-1,-1)]
Turtle 2 :[(-2,-2), (6,32), (5,32), (4,32), (4,31), (3,31), (2,31), (-2,-2), (-2,-2)]
Turtle 3 :[(-3,-3), (10,31), (9,31), (8,31), (8,30), (7,30), (7,30), (6,30), (-3,-3)]
Turtle 4 :[(-4,-4), (4,28), (4,29), (5,29), (5,29), (5,29), (5,30), (5,31), (6,31)]
Turtle 5 :[(-5,-5), (4,0), (3,0), (2,0), (1,0), (0,0), (-5,-5), (-5,-5), (-5,-5)]

Shrinking Run 50
#Info# Executed steps before collision: 8, Found collision: false
Turtle 1 :[(-1,-1), (32,15), (31,15), (30,15), (29,15), (28,15), (28,14), (-1,-1), (-1,-1)]
Turtle 2 :[(-2,-2), (6,32), (5,32), (4,32), (4,31), (3,31), (2,31), (-2,-2), (-2,-2)]
Turtle 3 :[(-3,-3), (10,31), (9,31), (8,31), (8,30), (7,30), (7,30), (6,30), (-3,-3)]
Turtle 4 :[(-4,-4), (4,28), (4,27), (5,27), (5,27), (5,27), (5,26), (5,25), (5,24)]
Turtle 5 :[(-5,-5), (4,0), (3,0), (2,0), (1,0), (0,0), (-5,-5), (-5,-5), (-5,-5)]

Shrinking Run 51
#Info# Executed steps before collision: 8, Found collision: false
Turtle 1 :[(-1,-1), (32,15), (31,15), (30,15), (29,15), (28,15), (28,14), (-1,-1), (-1,-1)]
Turtle 2 :[(-2,-2), (6,32), (5,32), (4,32), (4,31), (3,31), (2,31), (-2,-2), (-2,-2)]
Turtle 3 :[(-3,-3), (10,31), (9,31), (8,31), (8,30), (7,30), (7,30), (6,30), (-3,-3)]
Turtle 4 :[(-4,-4), (4,28), (5,28), (6,28), (6,28), (6,28), (6,27), (6,26), (6,25)]
Turtle 5 :[(-5,-5), (4,0), (3,0), (2,0), (1,0), (0,0), (-5,-5), (-5,-5), (-5,-5)]

Shrinking Run 52
#Info# Executed steps before collision: 7, Found collision: false
Turtle 1 :[(-1,-1), (32,15), (31,15), (30,15), (29,15), (28,15), (28,14), (-1,-1)]
Turtle 2 :[(-2,-2), (6,32), (5,32), (4,32), (4,31), (3,31), (2,31), (-2,-2)]
Turtle 3 :[(-3,-3), (10,31), (9,31), (8,31), (8,30), (7,30), (7,30), (6,30)]
Turtle 4 :[(-4,-4), (4,28), (5,28), (6,28), (6,28), (6,29), (7,29), (-4,-4)]
Turtle 5 :[(-5,-5), (4,0), (3,0), (2,0), (1,0), (0,0), (-5,-5), (-5,-5)]

Shrinking Run 53
#Info# Executed steps before collision: 8, Found collision: false
Turtle 1 :[(-1,-1), (32,15), (31,15), (30,15), (29,15), (28,15), (28,14), (-1,-1), (-1,-1)]
Turtle 2 :[(-2,-2), (6,32), (5,32), (4,32), (4,31), (3,31), (2,31), (-2,-2), (-2,-2)]
Turtle 3 :[(-3,-3), (10,31), (9,31), (8,31), (8,30), (7,30), (7,30), (6,30), (-3,-3)]
Turtle 4 :[(-4,-4), (4,28), (3,28), (2,28), (2,28), (2,28), (2,29), (2,30), (1,30)]
Turtle 5 :[(-5,-5), (4,0), (3,0), (2,0), (1,0), (0,0), (-5,-5), (-5,-5), (-5,-5)]

Shrinking Run 54
#Info# Executed steps before collision: 7, Found collision: false
Turtle 1 :[(-1,-1), (32,15), (31,15), (30,15), (29,15), (28,15), (28,14), (-1,-1)]
Turtle 2 :[(-2,-2), (6,32), (5,32), (4,32), (4,31), (3,31), (2,31), (-2,-2)]
Turtle 3 :[(-3,-3), (10,31), (9,31), (8,31), (8,30), (7,30), (7,30), (6,30)]
Turtle 4 :[(-4,-4), (4,28), (4,29), (4,29), (4,30), (5,30), (-4,-4), (-4,-4)]
Turtle 5 :[(-5,-5), (4,0), (3,0), (2,0), (1,0), (0,0), (-5,-5), (-5,-5)]

Shrinking Run 55
#Info# Executed steps before collision: 7, Found collision: false
Turtle 1 :[(-1,-1), (32,15), (31,15), (30,15), (29,15), (28,15), (28,14), (-1,-1)]
Turtle 2 :[(-2,-2), (6,32), (5,32), (4,32), (4,31), (3,31), (2,31), (-2,-2)]
Turtle 3 :[(-3,-3), (10,31), (9,31), (8,31), (8,30), (7,30), (7,30), (6,30)]
Turtle 4 :[(-4,-4), (4,28), (4,29), (5,29), (5,29), (5,30), (6,30), (-4,-4)]
Turtle 5 :[(-5,-5), (4,0), (3,0), (2,0), (1,0), (0,0), (-5,-5), (-5,-5)]

Shrinking Run 56
#Info# Executed steps before collision: 8, Found collision: false
Turtle 1 :[(-1,-1), (32,15), (31,15), (30,15), (29,15), (28,15), (28,14), (-1,-1), (-1,-1)]
Turtle 2 :[(-2,-2), (6,32), (5,32), (4,32), (4,31), (3,31), (2,31), (-2,-2), (-2,-2)]
Turtle 3 :[(-3,-3), (10,31), (9,31), (8,31), (8,30), (7,30), (7,30), (6,30), (-3,-3)]
Turtle 4 :[(-4,-4), (4,28), (4,29), (5,29), (5,29), (5,29), (6,29), (7,29), (7,30)]
Turtle 5 :[(-5,-5), (4,0), (3,0), (2,0), (1,0), (0,0), (-5,-5), (-5,-5), (-5,-5)]

Shrinking Run 57
#Info# Executed steps before collision: 10, Found collision: false
Turtle 1 :[(-1,-1), (32,15), (31,15), (30,15), (29,15), (28,15), (28,14), (-1,-1), (-1,-1), (-1,-1), (-1,-1)]
Turtle 2 :[(-2,-2), (6,32), (5,32), (4,32), (4,31), (3,31), (2,31), (-2,-2), (-2,-2), (-2,-2), (-2,-2)]
Turtle 3 :[(-3,-3), (10,31), (9,31), (8,31), (8,30), (7,30), (7,30), (6,30), (-3,-3), (-3,-3), (-3,-3)]
Turtle 4 :[(-4,-4), (4,28), (5,28), (6,28), (6,28), (6,28), (7,28), (8,28), (8,29), (7,29), (7,30)]
Turtle 5 :[(-5,-5), (4,0), (3,0), (2,0), (1,0), (0,0), (-5,-5), (-5,-5), (-5,-5), (-5,-5), (-5,-5)]

Shrinking Run 58
#Info# Executed steps before collision: 7, Found collision: true
Turtle 1 :[(-1,-1), (32,15), (31,15), (30,15), (29,15), (28,15), (28,14), (-1,-1), (-1,-1)]
Turtle 2 :[(-2,-2), (6,32), (5,32), (4,32), (4,31), (3,31), (2,31), (-2,-2), (-2,-2)]
Turtle 3 :[(-3,-3), (10,31), (9,31), (8,31), (8,30), (7,30), (7,30), (6,30), (-3,-3)]
Turtle 4 :[(-4,-4), (4,28), (4,29), (4,30), (5,30), (6,30), (5,30), (6,30), (7,30)]
Turtle 5 :[(-5,-5), (4,0), (3,0), (2,0), (1,0), (0,0), (-5,-5), (-5,-5), (-5,-5)]

Shrinking Run 59
#Info# Executed steps before collision: 8, Found collision: false
Turtle 1 :[(-1,-1), (32,15), (31,15), (30,15), (29,15), (28,15), (28,14), (-1,-1), (-1,-1)]
Turtle 2 :[(-2,-2), (6,32), (5,32), (4,32), (4,31), (3,31), (2,31), (-2,-2), (-2,-2)]
Turtle 3 :[(-3,-3), (10,31), (9,31), (8,31), (8,30), (7,30), (7,30), (6,30), (-3,-3)]
Turtle 4 :[(-4,-4), (4,28), (5,28), (5,29), (6,29), (6,30), (6,29), (7,29), (7,30)]
Turtle 5 :[(-5,-5), (4,0), (3,0), (2,0), (1,0), (0,0), (-5,-5), (-5,-5), (-5,-5)]

Shrinking Run 60
#Info# Executed steps before collision: 8, Found collision: false
Turtle 1 :[(-1,-1), (32,15), (31,15), (30,15), (29,15), (28,15), (28,14), (-1,-1), (-1,-1)]
Turtle 2 :[(-2,-2), (6,32), (5,32), (4,32), (4,31), (3,31), (2,31), (-2,-2), (-2,-2)]
Turtle 3 :[(-3,-3), (10,31), (9,31), (8,31), (8,30), (7,30), (7,30), (6,30), (-3,-3)]
Turtle 4 :[(-4,-4), (4,28), (4,29), (5,29), (6,29), (6,30), (6,29), (7,29), (7,30)]
Turtle 5 :[(-5,-5), (4,0), (3,0), (2,0), (1,0), (0,0), (-5,-5), (-5,-5), (-5,-5)]

Shrinking Run 61
#Info# Executed steps before collision: 7, Found collision: true
Turtle 1 :[(-1,-1), (32,15), (31,15), (30,15), (29,15), (28,15), (27,15), (-1,-1), (-1,-1)]
Turtle 2 :[(-2,-2), (6,32), (5,32), (4,32), (4,33), (3,33), (3,32), (2,32), (2,31)]
Turtle 3 :[(-3,-3), (10,31), (9,31), (8,31), (8,30), (7,30), (7,30), (6,30), (-3,-3)]
Turtle 4 :[(-4,-4), (4,28), (4,29), (4,30), (5,30), (6,30), (5,30), (6,30), (7,30)]
Turtle 5 :[(-5,-5), (4,0), (3,0), (2,0), (1,0), (0,0), (-5,-5), (-5,-5), (-5,-5)]

Shrinking Run 62
#Info# Executed steps before collision: 9, Found collision: false
Turtle 1 :[(-1,-1), (32,15), (31,15), (30,15), (29,15), (28,15), (27,15), (-1,-1), (-1,-1), (-1,-1)]
Turtle 2 :[(-2,-2), (6,32), (5,32), (4,32), (3,32), (3,32), (3,31), (3,31), (3,31), (3,30)]
Turtle 3 :[(-3,-3), (10,31), (9,31), (8,31), (8,30), (7,30), (7,30), (6,30), (-3,-3), (-3,-3)]
Turtle 4 :[(-4,-4), (4,28), (4,29), (4,30), (5,30), (6,30), (6,29), (7,29), (7,30), (-4,-4)]
Turtle 5 :[(-5,-5), (4,0), (3,0), (2,0), (1,0), (0,0), (-5,-5), (-5,-5), (-5,-5), (-5,-5)]

Shrinking Run 63
#Info# Executed steps before collision: 7, Found collision: false
Turtle 1 :[(-1,-1), (32,15), (31,15), (30,15), (29,15), (28,15), (27,15), (-1,-1)]
Turtle 2 :[(-2,-2), (6,32), (5,32), (4,32), (4,31), (3,31), (2,31), (-2,-2)]
Turtle 3 :[(-3,-3), (10,31), (9,31), (9,30), (9,29), (9,28), (9,28), (8,28)]
Turtle 4 :[(-4,-4), (4,28), (4,29), (4,30), (5,30), (6,30), (7,30), (-4,-4)]
Turtle 5 :[(-5,-5), (4,0), (3,0), (2,0), (1,0), (0,0), (-5,-5), (-5,-5)]

Shrinking Run 64
#Info# Executed steps before collision: 7, Found collision: false
Turtle 1 :[(-1,-1), (32,15), (31,15), (30,15), (29,15), (28,15), (27,15), (-1,-1)]
Turtle 2 :[(-2,-2), (6,32), (5,32), (4,32), (4,31), (3,31), (2,31), (-2,-2)]
Turtle 3 :[(-3,-3), (10,31), (9,31), (8,31), (8,30), (8,29), (8,29), (7,29)]
Turtle 4 :[(-4,-4), (4,28), (4,29), (4,30), (5,30), (6,30), (7,30), (-4,-4)]
Turtle 5 :[(-5,-5), (4,0), (3,0), (2,0), (1,0), (0,0), (-5,-5), (-5,-5)]

Shrinking Run 65
#Info# Executed steps before collision: 7, Found collision: false
Turtle 1 :[(-1,-1), (32,15), (31,15), (30,15), (29,15), (28,15), (27,15), (-1,-1)]
Turtle 2 :[(-2,-2), (6,32), (5,32), (4,32), (4,31), (3,31), (2,31), (-2,-2)]
Turtle 3 :[(-3,-3), (10,31), (9,31), (8,31), (7,31), (6,31), (6,31), (5,31)]
Turtle 4 :[(-4,-4), (4,28), (4,29), (4,30), (5,30), (6,30), (7,30), (-4,-4)]
Turtle 5 :[(-5,-5), (4,0), (3,0), (2,0), (1,0), (0,0), (-5,-5), (-5,-5)]

Shrinking Run 66
#Info# Executed steps before collision: 8, Found collision: false
Turtle 1 :[(-1,-1), (32,15), (31,15), (30,15), (29,15), (28,15), (27,15), (-1,-1), (-1,-1)]
Turtle 2 :[(-2,-2), (6,32), (5,32), (4,32), (4,31), (3,31), (2,31), (-2,-2), (-2,-2)]
Turtle 3 :[(-3,-3), (10,31), (10,30), (9,30), (8,30), (7,30), (6,30), (-3,-3), (-3,-3)]
Turtle 4 :[(-4,-4), (4,28), (4,29), (4,30), (5,30), (6,30), (5,30), (6,30), (7,30)]
Turtle 5 :[(-5,-5), (4,0), (3,0), (2,0), (1,0), (0,0), (-5,-5), (-5,-5), (-5,-5)]

Shrinking Run 67
#Info# Executed steps before collision: 10, Found collision: false
Turtle 1 :[(-1,-1), (32,15), (31,15), (30,15), (29,15), (28,15), (27,15), (-1,-1), (-1,-1), (-1,-1), (-1,-1)]
Turtle 2 :[(-2,-2), (6,32), (5,32), (4,32), (4,31), (3,31), (2,31), (-2,-2), (-2,-2), (-2,-2), (-2,-2)]
Turtle 3 :[(-3,-3), (10,31), (9,31), (8,31), (8,30), (7,30), (7,30), (6,30), (-3,-3), (-3,-3), (-3,-3)]
Turtle 4 :[(-4,-4), (4,28), (3,28), (2,28), (2,28), (2,28), (2,29), (1,29), (1,30), (1,31), (2,31)]
Turtle 5 :[(-5,-5), (4,0), (3,0), (2,0), (1,0), (0,0), (-5,-5), (-5,-5), (-5,-5), (-5,-5), (-5,-5)]

Shrinking Run 68
#Info# Executed steps before collision: 7, Found collision: false
Turtle 1 :[(-1,-1), (32,15), (31,15), (30,15), (29,15), (28,15), (27,15), (-1,-1)]
Turtle 2 :[(-2,-2), (6,32), (5,32), (4,32), (3,32), (2,32), (2,31), (-2,-2)]
Turtle 3 :[(-3,-3), (10,31), (9,31), (8,31), (8,30), (7,30), (7,30), (6,30)]
Turtle 4 :[(-4,-4), (4,28), (4,29), (4,30), (4,30), (4,31), (5,31), (-4,-4)]
Turtle 5 :[(-5,-5), (4,0), (3,0), (2,0), (1,0), (0,0), (-5,-5), (-5,-5)]

Shrinking Run 69
#Info# Executed steps before collision: 8, Found collision: false
Turtle 1 :[(-1,-1), (32,15), (31,15), (30,15), (29,15), (28,15), (27,15), (-1,-1), (-1,-1)]
Turtle 2 :[(-2,-2), (6,32), (5,32), (4,32), (4,31), (3,31), (2,31), (-2,-2), (-2,-2)]
Turtle 3 :[(-3,-3), (10,31), (9,31), (8,31), (8,30), (7,30), (7,30), (6,30), (-3,-3)]
Turtle 4 :[(-4,-4), (4,28), (4,29), (5,29), (5,29), (5,29), (5,30), (5,31), (6,31)]
Turtle 5 :[(-5,-5), (4,0), (3,0), (2,0), (1,0), (0,0), (-5,-5), (-5,-5), (-5,-5)]

Shrinking Run 70
#Info# Executed steps before collision: 8, Found collision: false
Turtle 1 :[(-1,-1), (32,15), (31,15), (30,15), (29,15), (28,15), (27,15), (-1,-1), (-1,-1)]
Turtle 2 :[(-2,-2), (6,32), (5,32), (4,32), (4,31), (3,31), (2,31), (-2,-2), (-2,-2)]
Turtle 3 :[(-3,-3), (10,31), (9,31), (8,31), (8,30), (7,30), (7,30), (6,30), (-3,-3)]
Turtle 4 :[(-4,-4), (4,28), (4,27), (5,27), (5,27), (5,27), (5,26), (5,25), (5,24)]
Turtle 5 :[(-5,-5), (4,0), (3,0), (2,0), (1,0), (0,0), (-5,-5), (-5,-5), (-5,-5)]

Shrinking Run 71
#Info# Executed steps before collision: 8, Found collision: false
Turtle 1 :[(-1,-1), (32,15), (31,15), (30,15), (29,15), (28,15), (27,15), (-1,-1), (-1,-1)]
Turtle 2 :[(-2,-2), (6,32), (5,32), (4,32), (4,31), (3,31), (2,31), (-2,-2), (-2,-2)]
Turtle 3 :[(-3,-3), (10,31), (9,31), (8,31), (8,30), (7,30), (7,30), (6,30), (-3,-3)]
Turtle 4 :[(-4,-4), (4,28), (5,28), (6,28), (6,28), (6,28), (6,27), (6,26), (6,25)]
Turtle 5 :[(-5,-5), (4,0), (3,0), (2,0), (1,0), (0,0), (-5,-5), (-5,-5), (-5,-5)]

Shrinking Run 72
#Info# Executed steps before collision: 7, Found collision: false
Turtle 1 :[(-1,-1), (32,15), (31,15), (30,15), (29,15), (28,15), (27,15), (-1,-1)]
Turtle 2 :[(-2,-2), (6,32), (5,32), (4,32), (4,31), (3,31), (2,31), (-2,-2)]
Turtle 3 :[(-3,-3), (10,31), (9,31), (8,31), (8,30), (7,30), (7,30), (6,30)]
Turtle 4 :[(-4,-4), (4,28), (5,28), (6,28), (6,28), (6,29), (7,29), (-4,-4)]
Turtle 5 :[(-5,-5), (4,0), (3,0), (2,0), (1,0), (0,0), (-5,-5), (-5,-5)]

Shrinking Run 73
#Info# Executed steps before collision: 8, Found collision: false
Turtle 1 :[(-1,-1), (32,15), (31,15), (30,15), (29,15), (28,15), (27,15), (-1,-1), (-1,-1)]
Turtle 2 :[(-2,-2), (6,32), (5,32), (4,32), (4,31), (3,31), (2,31), (-2,-2), (-2,-2)]
Turtle 3 :[(-3,-3), (10,31), (9,31), (8,31), (8,30), (7,30), (7,30), (6,30), (-3,-3)]
Turtle 4 :[(-4,-4), (4,28), (3,28), (2,28), (2,28), (2,28), (2,29), (2,30), (1,30)]
Turtle 5 :[(-5,-5), (4,0), (3,0), (2,0), (1,0), (0,0), (-5,-5), (-5,-5), (-5,-5)]

Shrinking Run 74
#Info# Executed steps before collision: 7, Found collision: false
Turtle 1 :[(-1,-1), (32,15), (31,15), (30,15), (29,15), (28,15), (27,15), (-1,-1)]
Turtle 2 :[(-2,-2), (6,32), (5,32), (4,32), (4,31), (3,31), (2,31), (-2,-2)]
Turtle 3 :[(-3,-3), (10,31), (9,31), (8,31), (8,30), (7,30), (7,30), (6,30)]
Turtle 4 :[(-4,-4), (4,28), (4,29), (4,29), (4,30), (5,30), (-4,-4), (-4,-4)]
Turtle 5 :[(-5,-5), (4,0), (3,0), (2,0), (1,0), (0,0), (-5,-5), (-5,-5)]

Shrinking Run 75
#Info# Executed steps before collision: 9, Found collision: false
Turtle 1 :[(-1,-1), (32,15), (31,15), (30,15), (29,15), (28,15), (27,15), (-1,-1), (-1,-1), (-1,-1)]
Turtle 2 :[(-2,-2), (6,32), (5,32), (4,32), (4,31), (3,31), (2,31), (-2,-2), (-2,-2), (-2,-2)]
Turtle 3 :[(-3,-3), (10,31), (9,31), (8,31), (8,30), (7,30), (7,30), (7,29), (7,30), (6,30)]
Turtle 4 :[(-4,-4), (4,28), (4,29), (5,29), (5,29), (5,30), (6,30), (-4,-4), (-4,-4), (-4,-4)]
Turtle 5 :[(-5,-5), (4,0), (3,0), (2,0), (1,0), (0,0), (-5,-5), (-5,-5), (-5,-5), (-5,-5)]

Shrinking Run 76
#Info# Executed steps before collision: 8, Found collision: false
Turtle 1 :[(-1,-1), (32,15), (31,15), (30,15), (29,15), (28,15), (27,15), (-1,-1), (-1,-1)]
Turtle 2 :[(-2,-2), (6,32), (5,32), (4,32), (4,31), (3,31), (2,31), (-2,-2), (-2,-2)]
Turtle 3 :[(-3,-3), (10,31), (9,31), (8,31), (8,30), (7,30), (7,30), (6,30), (-3,-3)]
Turtle 4 :[(-4,-4), (4,28), (4,29), (5,29), (5,29), (5,29), (6,29), (7,29), (7,30)]
Turtle 5 :[(-5,-5), (4,0), (3,0), (2,0), (1,0), (0,0), (-5,-5), (-5,-5), (-5,-5)]

Shrinking Run 77
#Info# Executed steps before collision: 8, Found collision: false
Turtle 1 :[(-1,-1), (32,15), (31,15), (30,15), (29,15), (28,15), (27,15), (-1,-1), (-1,-1)]
Turtle 2 :[(-2,-2), (6,32), (5,32), (4,32), (4,31), (3,31), (2,31), (-2,-2), (-2,-2)]
Turtle 3 :[(-3,-3), (10,31), (9,31), (8,31), (8,30), (7,30), (7,30), (6,30), (-3,-3)]
Turtle 4 :[(-4,-4), (4,28), (5,28), (6,28), (6,28), (6,28), (7,28), (7,29), (7,30)]
Turtle 5 :[(-5,-5), (4,0), (3,0), (2,0), (1,0), (0,0), (-5,-5), (-5,-5), (-5,-5)]

Shrinking Run 78
#Info# Executed steps before collision: 7, Found collision: true
Turtle 1 :[(-1,-1), (32,15), (31,15), (30,15), (29,15), (28,15), (27,15), (-1,-1), (-1,-1)]
Turtle 2 :[(-2,-2), (6,32), (5,32), (4,32), (4,31), (3,31), (2,31), (-2,-2), (-2,-2)]
Turtle 3 :[(-3,-3), (10,31), (9,31), (8,31), (8,30), (7,30), (7,30), (6,30), (-3,-3)]
Turtle 4 :[(-4,-4), (4,28), (5,28), (5,29), (6,29), (6,30), (5,30), (6,30), (7,30)]
Turtle 5 :[(-5,-5), (4,0), (3,0), (2,0), (1,0), (0,0), (-5,-5), (-5,-5), (-5,-5)]

Shrinking Run 79
#Info# Executed steps before collision: 7, Found collision: true
Turtle 1 :[(-1,-1), (32,15), (31,15), (30,15), (29,15), (28,15), (27,15), (-1,-1), (-1,-1)]
Turtle 2 :[(-2,-2), (6,32), (5,32), (4,32), (4,31), (3,31), (2,31), (-2,-2), (-2,-2)]
Turtle 3 :[(-3,-3), (10,31), (9,31), (8,31), (8,30), (7,30), (7,30), (6,30), (-3,-3)]
Turtle 4 :[(-4,-4), (4,28), (5,28), (5,29), (5,30), (6,30), (6,29), (6,30), (7,30)]
Turtle 5 :[(-5,-5), (4,0), (3,0), (2,0), (1,0), (0,0), (-5,-5), (-5,-5), (-5,-5)]

Shrinking Run 80
#Info# Executed steps before collision: 7, Found collision: true
Turtle 1 :[(-1,-1), (32,15), (31,15), (30,15), (29,15), (28,15), (27,15), (-1,-1), (-1,-1), (-1,-1)]
Turtle 2 :[(-2,-2), (6,32), (5,32), (4,32), (3,32), (3,32), (3,31), (3,31), (3,31), (3,30)]
Turtle 3 :[(-3,-3), (10,31), (9,31), (8,31), (8,30), (7,30), (7,30), (6,30), (-3,-3), (-3,-3)]
Turtle 4 :[(-4,-4), (4,28), (5,28), (5,29), (5,30), (6,30), (6,29), (6,30), (7,30), (-4,-4)]
Turtle 5 :[(-5,-5), (4,0), (3,0), (2,0), (1,0), (0,0), (-5,-5), (-5,-5), (-5,-5), (-5,-5)]

Shrinking Run 81
#Info# Executed steps before collision: 9, Found collision: false
Turtle 1 :[(-1,-1), (32,15), (31,15), (30,15), (29,15), (28,15), (27,15), (-1,-1), (-1,-1), (-1,-1)]
Turtle 2 :[(-2,-2), (6,32), (5,32), (4,32), (3,32), (3,32), (2,32), (2,32), (2,32), (2,31)]
Turtle 3 :[(-3,-3), (10,31), (9,31), (8,31), (8,30), (7,30), (7,30), (6,30), (-3,-3), (-3,-3)]
Turtle 4 :[(-4,-4), (4,28), (5,28), (5,29), (5,30), (6,30), (6,31), (7,31), (7,30), (-4,-4)]
Turtle 5 :[(-5,-5), (4,0), (3,0), (2,0), (1,0), (0,0), (-5,-5), (-5,-5), (-5,-5), (-5,-5)]

Shrinking Run 82
#Info# Executed steps before collision: 12, Found collision: false
Turtle 1 :[(-1,-1), (32,15), (31,15), (30,15), (29,15), (28,15), (27,15), (-1,-1), (-1,-1), (-1,-1), (-1,-1), (-1,-1), (-1,-1)]
Turtle 2 :[(-2,-2), (6,32), (5,32), (4,32), (3,32), (3,32), (3,31), (3,31), (3,31), (2,31), (-2,-2), (-2,-2), (-2,-2)]
Turtle 3 :[(-3,-3), (10,31), (9,31), (8,31), (8,30), (7,30), (7,29), (7,30), (7,29), (7,30), (6,30), (-3,-3), (-3,-3)]
Turtle 4 :[(-4,-4), (4,28), (5,28), (5,29), (5,30), (6,30), (6,31), (6,30), (6,31), (7,31), (8,31), (8,30), (7,30)]
Turtle 5 :[(-5,-5), (4,0), (3,0), (2,0), (1,0), (0,0), (-5,-5), (-5,-5), (-5,-5), (-5,-5), (-5,-5), (-5,-5), (-5,-5)]

Shrinking Run 83
#Info# Executed steps before collision: 8, Found collision: false
Turtle 1 :[(-1,-1), (32,15), (31,15), (30,15), (29,15), (28,15), (27,15), (-1,-1), (-1,-1)]
Turtle 2 :[(-2,-2), (6,32), (5,32), (4,32), (3,32), (3,31), (3,30), (-2,-2), (-2,-2)]
Turtle 3 :[(-3,-3), (10,31), (9,31), (8,31), (8,30), (7,30), (7,30), (6,30), (-3,-3)]
Turtle 4 :[(-4,-4), (4,28), (5,28), (5,29), (5,30), (6,30), (6,31), (7,31), (7,30)]
Turtle 5 :[(-5,-5), (4,0), (3,0), (2,0), (1,0), (0,0), (-5,-5), (-5,-5), (-5,-5)]

Shrinking Run 84
#Info# Executed steps before collision: 10, Found collision: false
Turtle 1 :[(-1,-1), (32,15), (31,15), (30,15), (29,15), (28,15), (27,15), (-1,-1), (-1,-1), (-1,-1), (-1,-1)]
Turtle 2 :[(-2,-2), (6,32), (5,32), (4,32), (3,32), (3,32), (3,31), (3,30), (-2,-2), (-2,-2), (-2,-2)]
Turtle 3 :[(-3,-3), (10,31), (9,31), (8,31), (8,30), (7,30), (7,30), (6,30), (-3,-3), (-3,-3), (-3,-3)]
Turtle 4 :[(-4,-4), (4,28), (5,28), (5,29), (5,30), (6,30), (6,29), (6,28), (6,29), (7,29), (7,30)]
Turtle 5 :[(-5,-5), (4,0), (3,0), (2,0), (1,0), (0,0), (-5,-5), (-5,-5), (-5,-5), (-5,-5), (-5,-5)]

Shrinking Run 85
#Info# Executed steps before collision: 8, Found collision: false
Turtle 1 :[(-1,-1), (32,15), (31,15), (30,15), (29,15), (28,15), (27,15), (-1,-1), (-1,-1)]
Turtle 2 :[(-2,-2), (6,32), (5,32), (4,32), (3,32), (3,32), (3,31), (3,31), (3,30)]
Turtle 3 :[(-3,-3), (10,31), (9,31), (8,31), (8,30), (7,30), (7,31), (6,31), (6,30)]
Turtle 4 :[(-4,-4), (4,28), (5,28), (5,29), (5,30), (6,30), (7,30), (-4,-4), (-4,-4)]
Turtle 5 :[(-5,-5), (4,0), (3,0), (2,0), (1,0), (0,0), (-5,-5), (-5,-5), (-5,-5)]

Shrinking Run 86
#Info# Executed steps before collision: 7, Found collision: true
Turtle 1 :[(-1,-1), (32,15), (31,15), (30,15), (29,15), (28,15), (27,15), (-1,-1), (-1,-1), (-1,-1)]
Turtle 2 :[(-2,-2), (6,32), (5,32), (4,32), (3,32), (3,31), (3,31), (3,31), (3,31), (3,30)]
Turtle 3 :[(-3,-3), (10,31), (9,31), (8,31), (8,30), (7,30), (7,30), (6,30), (-3,-3), (-3,-3)]
Turtle 4 :[(-4,-4), (4,28), (5,28), (5,29), (5,30), (6,30), (6,31), (6,30), (7,30), (-4,-4)]
Turtle 5 :[(-5,-5), (4,0), (3,0), (2,0), (1,0), (0,0), (-5,-5), (-5,-5), (-5,-5), (-5,-5)]

Shrinking Run 87
#Info# Executed steps before collision: 9, Found collision: false
Turtle 1 :[(-1,-1), (32,15), (31,15), (30,15), (29,15), (28,15), (27,15), (-1,-1), (-1,-1), (-1,-1)]
Turtle 2 :[(-2,-2), (6,32), (5,32), (4,32), (3,32), (3,31), (3,31), (3,31), (3,31), (3,30)]
Turtle 3 :[(-3,-3), (10,31), (9,31), (9,30), (9,29), (9,28), (9,28), (8,28), (-3,-3), (-3,-3)]
Turtle 4 :[(-4,-4), (4,28), (5,28), (5,29), (5,30), (6,30), (7,30), (-4,-4), (-4,-4), (-4,-4)]
Turtle 5 :[(-5,-5), (4,0), (3,0), (2,0), (1,0), (0,0), (-5,-5), (-5,-5), (-5,-5), (-5,-5)]

Shrinking Run 88
#Info# Executed steps before collision: 9, Found collision: false
Turtle 1 :[(-1,-1), (32,15), (31,15), (30,15), (29,15), (28,15), (27,15), (-1,-1), (-1,-1), (-1,-1)]
Turtle 2 :[(-2,-2), (6,32), (5,32), (4,32), (3,32), (3,31), (3,31), (3,31), (3,31), (3,30)]
Turtle 3 :[(-3,-3), (10,31), (9,31), (8,31), (8,30), (8,29), (8,29), (7,29), (-3,-3), (-3,-3)]
Turtle 4 :[(-4,-4), (4,28), (5,28), (5,29), (5,30), (6,30), (7,30), (-4,-4), (-4,-4), (-4,-4)]
Turtle 5 :[(-5,-5), (4,0), (3,0), (2,0), (1,0), (0,0), (-5,-5), (-5,-5), (-5,-5), (-5,-5)]

Shrinking Run 89
#Info# Executed steps before collision: 9, Found collision: false
Turtle 1 :[(-1,-1), (32,15), (31,15), (30,15), (29,15), (28,15), (27,15), (-1,-1), (-1,-1), (-1,-1)]
Turtle 2 :[(-2,-2), (6,32), (5,32), (4,32), (3,32), (3,31), (3,31), (3,31), (3,31), (3,30)]
Turtle 3 :[(-3,-3), (10,31), (9,31), (8,31), (7,31), (6,31), (6,32), (5,32), (5,31), (-3,-3)]
Turtle 4 :[(-4,-4), (4,28), (5,28), (5,29), (5,30), (6,30), (7,30), (-4,-4), (-4,-4), (-4,-4)]
Turtle 5 :[(-5,-5), (4,0), (3,0), (2,0), (1,0), (0,0), (-5,-5), (-5,-5), (-5,-5), (-5,-5)]

Shrinking Run 90
#Info# Executed steps before collision: 9, Found collision: false
Turtle 1 :[(-1,-1), (32,15), (31,15), (30,15), (29,15), (28,15), (27,15), (-1,-1), (-1,-1), (-1,-1)]
Turtle 2 :[(-2,-2), (6,32), (5,32), (4,32), (3,32), (3,31), (3,31), (3,31), (3,31), (3,30)]
Turtle 3 :[(-3,-3), (10,31), (10,30), (9,30), (8,30), (7,30), (6,30), (-3,-3), (-3,-3), (-3,-3)]
Turtle 4 :[(-4,-4), (4,28), (5,28), (5,29), (5,30), (6,30), (6,29), (6,30), (7,30), (-4,-4)]
Turtle 5 :[(-5,-5), (4,0), (3,0), (2,0), (1,0), (0,0), (-5,-5), (-5,-5), (-5,-5), (-5,-5)]

Shrinking Run 91
#Info# Executed steps before collision: 9, Found collision: false
Turtle 1 :[(-1,-1), (32,15), (31,15), (30,15), (29,15), (28,15), (27,15), (-1,-1), (-1,-1), (-1,-1)]
Turtle 2 :[(-2,-2), (6,32), (5,32), (4,32), (3,32), (3,31), (3,31), (3,31), (3,31), (3,30)]
Turtle 3 :[(-3,-3), (10,31), (9,31), (8,31), (8,30), (7,30), (7,30), (6,30), (-3,-3), (-3,-3)]
Turtle 4 :[(-4,-4), (4,28), (3,28), (2,28), (2,28), (2,28), (2,29), (2,30), (2,31), (-4,-4)]
Turtle 5 :[(-5,-5), (4,0), (3,0), (2,0), (1,0), (0,0), (-5,-5), (-5,-5), (-5,-5), (-5,-5)]

Shrinking Run 92
#Info# Executed steps before collision: 9, Found collision: false
Turtle 1 :[(-1,-1), (32,15), (31,15), (30,15), (29,15), (28,15), (27,15), (-1,-1), (-1,-1), (-1,-1)]
Turtle 2 :[(-2,-2), (6,32), (5,32), (4,32), (3,32), (3,31), (3,31), (3,31), (3,31), (3,30)]
Turtle 3 :[(-3,-3), (10,31), (9,31), (8,31), (8,30), (7,30), (7,30), (6,30), (-3,-3), (-3,-3)]
Turtle 4 :[(-4,-4), (4,28), (4,29), (4,30), (4,30), (4,31), (5,31), (-4,-4), (-4,-4), (-4,-4)]
Turtle 5 :[(-5,-5), (4,0), (3,0), (2,0), (1,0), (0,0), (-5,-5), (-5,-5), (-5,-5), (-5,-5)]

Shrinking Run 93
#Info# Executed steps before collision: 9, Found collision: false
Turtle 1 :[(-1,-1), (32,15), (31,15), (30,15), (29,15), (28,15), (27,15), (-1,-1), (-1,-1), (-1,-1)]
Turtle 2 :[(-2,-2), (6,32), (5,32), (4,32), (3,32), (3,31), (3,31), (3,31), (3,31), (3,30)]
Turtle 3 :[(-3,-3), (10,31), (9,31), (8,31), (8,30), (7,30), (7,30), (6,30), (-3,-3), (-3,-3)]
Turtle 4 :[(-4,-4), (4,28), (4,29), (5,29), (5,29), (5,29), (5,30), (5,31), (6,31), (-4,-4)]
Turtle 5 :[(-5,-5), (4,0), (3,0), (2,0), (1,0), (0,0), (-5,-5), (-5,-5), (-5,-5), (-5,-5)]

Shrinking Run 94
#Info# Executed steps before collision: 9, Found collision: false
Turtle 1 :[(-1,-1), (32,15), (31,15), (30,15), (29,15), (28,15), (27,15), (-1,-1), (-1,-1), (-1,-1)]
Turtle 2 :[(-2,-2), (6,32), (5,32), (4,32), (3,32), (3,31), (3,31), (3,31), (3,31), (3,30)]
Turtle 3 :[(-3,-3), (10,31), (9,31), (8,31), (8,30), (7,30), (7,30), (6,30), (-3,-3), (-3,-3)]
Turtle 4 :[(-4,-4), (4,28), (4,27), (5,27), (5,27), (5,27), (5,26), (5,25), (5,24), (-4,-4)]
Turtle 5 :[(-5,-5), (4,0), (3,0), (2,0), (1,0), (0,0), (-5,-5), (-5,-5), (-5,-5), (-5,-5)]

Shrinking Run 95
#Info# Executed steps before collision: 9, Found collision: false
Turtle 1 :[(-1,-1), (32,15), (31,15), (30,15), (29,15), (28,15), (27,15), (-1,-1), (-1,-1), (-1,-1)]
Turtle 2 :[(-2,-2), (6,32), (5,32), (4,32), (3,32), (3,31), (3,31), (3,31), (3,31), (3,30)]
Turtle 3 :[(-3,-3), (10,31), (9,31), (8,31), (8,30), (7,30), (7,30), (6,30), (-3,-3), (-3,-3)]
Turtle 4 :[(-4,-4), (4,28), (5,28), (6,28), (6,28), (6,28), (6,27), (6,26), (6,25), (-4,-4)]
Turtle 5 :[(-5,-5), (4,0), (3,0), (2,0), (1,0), (0,0), (-5,-5), (-5,-5), (-5,-5), (-5,-5)]

Shrinking Run 96
#Info# Executed steps before collision: 9, Found collision: false
Turtle 1 :[(-1,-1), (32,15), (31,15), (30,15), (29,15), (28,15), (27,15), (-1,-1), (-1,-1), (-1,-1)]
Turtle 2 :[(-2,-2), (6,32), (5,32), (4,32), (3,32), (3,31), (3,31), (3,31), (3,31), (3,30)]
Turtle 3 :[(-3,-3), (10,31), (9,31), (8,31), (8,30), (7,30), (7,30), (6,30), (-3,-3), (-3,-3)]
Turtle 4 :[(-4,-4), (4,28), (5,28), (6,28), (6,28), (6,29), (7,29), (-4,-4), (-4,-4), (-4,-4)]
Turtle 5 :[(-5,-5), (4,0), (3,0), (2,0), (1,0), (0,0), (-5,-5), (-5,-5), (-5,-5), (-5,-5)]

Shrinking Run 97
#Info# Executed steps before collision: 9, Found collision: false
Turtle 1 :[(-1,-1), (32,15), (31,15), (30,15), (29,15), (28,15), (27,15), (-1,-1), (-1,-1), (-1,-1)]
Turtle 2 :[(-2,-2), (6,32), (5,32), (4,32), (3,32), (3,31), (3,31), (3,31), (3,31), (3,30)]
Turtle 3 :[(-3,-3), (10,31), (9,31), (8,31), (8,30), (7,30), (7,30), (6,30), (-3,-3), (-3,-3)]
Turtle 4 :[(-4,-4), (4,28), (3,28), (2,28), (2,28), (2,28), (2,29), (2,30), (1,30), (-4,-4)]
Turtle 5 :[(-5,-5), (4,0), (3,0), (2,0), (1,0), (0,0), (-5,-5), (-5,-5), (-5,-5), (-5,-5)]

Shrinking Run 98
#Info# Executed steps before collision: 9, Found collision: false
Turtle 1 :[(-1,-1), (32,15), (31,15), (30,15), (29,15), (28,15), (27,15), (-1,-1), (-1,-1), (-1,-1)]
Turtle 2 :[(-2,-2), (6,32), (5,32), (4,32), (3,32), (3,31), (3,31), (3,31), (3,31), (3,30)]
Turtle 3 :[(-3,-3), (10,31), (9,31), (8,31), (8,30), (7,30), (7,30), (6,30), (-3,-3), (-3,-3)]
Turtle 4 :[(-4,-4), (4,28), (4,29), (4,29), (4,30), (5,30), (-4,-4), (-4,-4), (-4,-4), (-4,-4)]
Turtle 5 :[(-5,-5), (4,0), (3,0), (2,0), (1,0), (0,0), (-5,-5), (-5,-5), (-5,-5), (-5,-5)]

Shrinking Run 99
#Info# Executed steps before collision: 9, Found collision: false
Turtle 1 :[(-1,-1), (32,15), (31,15), (30,15), (29,15), (28,15), (27,15), (-1,-1), (-1,-1), (-1,-1)]
Turtle 2 :[(-2,-2), (6,32), (5,32), (4,32), (3,32), (3,31), (3,31), (3,31), (3,31), (3,30)]
Turtle 3 :[(-3,-3), (10,31), (9,31), (8,31), (8,30), (7,30), (7,30), (8,30), (7,30), (6,30)]
Turtle 4 :[(-4,-4), (4,28), (4,29), (5,29), (5,29), (5,30), (6,30), (-4,-4), (-4,-4), (-4,-4)]
Turtle 5 :[(-5,-5), (4,0), (3,0), (2,0), (1,0), (0,0), (-5,-5), (-5,-5), (-5,-5), (-5,-5)]

Shrinking Run 100
#Info# Executed steps before collision: 9, Found collision: false
Turtle 1 :[(-1,-1), (32,15), (31,15), (30,15), (29,15), (28,15), (27,15), (-1,-1), (-1,-1), (-1,-1)]
Turtle 2 :[(-2,-2), (6,32), (5,32), (4,32), (3,32), (3,31), (3,31), (3,31), (3,31), (3,30)]
Turtle 3 :[(-3,-3), (10,31), (9,31), (8,31), (8,30), (7,30), (7,30), (6,30), (-3,-3), (-3,-3)]
Turtle 4 :[(-4,-4), (4,28), (4,29), (5,29), (5,29), (5,29), (6,29), (7,29), (7,30), (-4,-4)]
Turtle 5 :[(-5,-5), (4,0), (3,0), (2,0), (1,0), (0,0), (-5,-5), (-5,-5), (-5,-5), (-5,-5)]

Shrink Run 101
#Info# Executed steps before collision: 9, Found collision: false
Turtle 1 :[(-1,-1), (32,15), (31,15), (30,15), (29,15), (28,15), (27,15), (-1,-1), (-1,-1), (-1,-1)]
Turtle 2 :[(-2,-2), (6,32), (5,32), (4,32), (3,32), (3,31), (3,31), (3,31), (3,31), (3,30)]
Turtle 3 :[(-3,-3), (10,31), (9,31), (8,31), (8,30), (7,30), (7,30), (6,30), (-3,-3), (-3,-3)]
Turtle 4 :[(-4,-4), (4,28), (5,28), (6,28), (6,28), (6,28), (7,28), (7,29), (7,30), (-4,-4)]
Turtle 5 :[(-5,-5), (4,0), (3,0), (2,0), (1,0), (0,0), (-5,-5), (-5,-5), (-5,-5), (-5,-5)]

