Detection Run 1
#Info# Executed steps before collision: 8, Found collision: false
Turtle 1 :[(-1,-1), (8,15), (7,15), (8,15), (9,15), (9,16), (9,17), (10,17), (11,17)]
Turtle 2 :[(-2,-2), (16,2), (15,2), (14,2), (13,2), (12,2), (-2,-2), (-2,-2), (-2,-2)]
Turtle 3 :[(-3,-3), (9,15), (9,14), (8,14), (7,14), (6,14), (5,14), (4,14), (4,15)]
Turtle 4 :[(-4,-4), (0,13), (0,12), (0,11), (0,10), (0,9), (0,8), (-4,-4), (-4,-4)]
Turtle 5 :[(-5,-5), (6,14), (6,15), (6,16), (6,17), (6,16), (7,16), (-5,-5), (-5,-5)]

Detection Run 2
#Info# Executed steps before collision: 6, Found collision: false
Turtle 1 :[(-1,-1), (17,11), (17,12), (17,11), (17,12), (18,12), (-1,-1)]
Turtle 2 :[(-2,-2), (11,7), (12,7), (13,7), (13,8), (12,8), (12,9)]
Turtle 3 :[(-3,-3), (17,18), (17,17), (18,17), (19,17), (19,16), (19,15)]
Turtle 4 :[(-4,-4), (11,3), (11,4), (10,4), (9,4), (9,5), (8,5)]
Turtle 5 :[(-5,-5), (11,5), (10,5), (9,5), (-5,-5), (-5,-5), (-5,-5)]

Detection Run 3
#Info# Executed steps before collision: 10, Found collision: false
Turtle 1 :[(-1,-1), (19,0), (18,0), (17,0), (18,0), (17,0), (16,0), (-1,-1), (-1,-1), (-1,-1), (-1,-1)]
Turtle 2 :[(-2,-2), (4,15), (4,15), (5,15), (4,15), (4,15), (3,15), (3,16), (3,17), (2,17), (1,17)]
Turtle 3 :[(-3,-3), (11,19), (11,18), (10,18), (9,18), (8,18), (-3,-3), (-3,-3), (-3,-3), (-3,-3), (-3,-3)]
Turtle 4 :[(-4,-4), (3,15), (3,15), (4,15), (3,15), (2,15), (1,15), (-4,-4), (-4,-4), (-4,-4), (-4,-4)]
Turtle 5 :[(-5,-5), (18,15), (17,15), (16,15), (15,15), (14,15), (13,15), (-5,-5), (-5,-5), (-5,-5), (-5,-5)]

Detection Run 4
#Info# Executed steps before collision: 6, Found collision: false
Turtle 1 :[(-1,-1), (15,19), (14,19), (13,19), (12,19), (11,19), (10,19)]
Turtle 2 :[(-2,-2), (10,0), (10,0), (10,1), (9,1), (8,1), (7,1)]
Turtle 3 :[(-3,-3), (11,0), (11,1), (11,2), (11,3), (11,4), (-3,-3)]
Turtle 4 :[(-4,-4), (7,4), (8,4), (8,5), (9,5), (10,5), (11,5)]
Turtle 5 :[(-5,-5), (19,4), (19,5), (19,6), (19,7), (18,7), (18,8)]

Detection Run 5
#Info# Executed steps before collision: 6, Found collision: false
Turtle 1 :[(-1,-1), (17,0), (16,0), (15,0), (14,0), (-1,-1), (-1,-1)]
Turtle 2 :[(-2,-2), (2,13), (2,12), (1,12), (0,12), (0,11), (-2,-2)]
Turtle 3 :[(-3,-3), (17,13), (17,12), (17,11), (17,10), (16,10), (-3,-3)]
Turtle 4 :[(-4,-4), (0,17), (0,16), (0,15), (0,14), (0,13), (-4,-4)]
Turtle 5 :[(-5,-5), (14,2), (13,2), (13,1), (14,1), (15,1), (15,0)]

Detection Run 6
#Info# Executed steps before collision: 6, Found collision: false
Turtle 1 :[(-1,-1), (2,9), (2,8), (2,9), (1,9), (2,9), (1,9)]
Turtle 2 :[(-2,-2), (10,3), (10,2), (9,2), (8,2), (8,1), (7,1)]
Turtle 3 :[(-3,-3), (0,7), (0,8), (-3,-3), (-3,-3), (-3,-3), (-3,-3)]
Turtle 4 :[(-4,-4), (4,0), (4,1), (4,0), (5,0), (6,0), (-4,-4)]
Turtle 5 :[(-5,-5), (4,18), (4,17), (-5,-5), (-5,-5), (-5,-5), (-5,-5)]

Detection Run 7
#Info# Executed steps before collision: 6, Found collision: false
Turtle 1 :[(-1,-1), (6,1), (5,1), (5,2), (-1,-1), (-1,-1), (-1,-1)]
Turtle 2 :[(-2,-2), (19,17), (19,16), (19,16), (19,15), (19,14), (19,13)]
Turtle 3 :[(-3,-3), (2,1), (2,0), (3,0), (4,0), (5,0), (6,0)]
Turtle 4 :[(-4,-4), (3,18), (4,18), (5,18), (6,18), (6,17), (7,17)]
Turtle 5 :[(-5,-5), (7,6), (7,7), (7,6), (6,6), (6,5), (-5,-5)]

Detection Run 8
#Info# Executed steps before collision: 6, Found collision: false
Turtle 1 :[(-1,-1), (13,1), (12,1), (11,1), (11,0), (10,0), (9,0)]
Turtle 2 :[(-2,-2), (7,17), (7,16), (7,15), (8,15), (8,14), (-2,-2)]
Turtle 3 :[(-3,-3), (7,19), (8,19), (8,18), (9,18), (9,17), (9,16)]
Turtle 4 :[(-4,-4), (12,12), (12,11), (13,11), (13,10), (13,9), (13,8)]
Turtle 5 :[(-5,-5), (1,2), (2,2), (3,2), (3,1), (4,1), (5,1)]

Detection Run 9
#Info# Executed steps before collision: 7, Found collision: false
Turtle 1 :[(-1,-1), (9,1), (10,1), (10,0), (-1,-1), (-1,-1), (-1,-1), (-1,-1)]
Turtle 2 :[(-2,-2), (6,5), (5,5), (6,5), (6,4), (6,3), (6,2), (-2,-2)]
Turtle 3 :[(-3,-3), (19,15), (18,15), (18,16), (-3,-3), (-3,-3), (-3,-3), (-3,-3)]
Turtle 4 :[(-4,-4), (16,15), (17,15), (17,15), (18,15), (18,16), (19,16), (19,17)]
Turtle 5 :[(-5,-5), (7,16), (7,17), (7,18), (7,19), (6,19), (5,19), (-5,-5)]

Detection Run 10
#Info# Executed steps before collision: 8, Found collision: false
Turtle 1 :[(-1,-1), (13,6), (13,7), (14,7), (14,8), (15,8), (16,8), (-1,-1), (-1,-1)]
Turtle 2 :[(-2,-2), (12,3), (11,3), (11,4), (12,4), (11,4), (10,4), (10,5), (9,5)]
Turtle 3 :[(-3,-3), (10,2), (10,3), (10,4), (10,5), (11,5), (11,5), (12,5), (-3,-3)]
Turtle 4 :[(-4,-4), (3,4), (2,4), (2,5), (2,6), (2,7), (1,7), (-4,-4), (-4,-4)]
Turtle 5 :[(-5,-5), (18,8), (18,9), (19,9), (19,8), (19,8), (19,9), (-5,-5), (-5,-5)]

Detection Run 11
#Info# Executed steps before collision: 8, Found collision: false
Turtle 1 :[(-1,-1), (16,14), (17,14), (18,14), (18,14), (19,14), (19,14), (19,15), (-1,-1)]
Turtle 2 :[(-2,-2), (15,0), (16,0), (16,0), (16,1), (16,1), (17,1), (-2,-2), (-2,-2)]
Turtle 3 :[(-3,-3), (2,9), (2,9), (2,9), (3,9), (4,9), (5,9), (6,9), (6,8)]
Turtle 4 :[(-4,-4), (12,12), (13,12), (14,12), (14,12), (14,11), (14,11), (14,10), (15,10)]
Turtle 5 :[(-5,-5), (18,13), (19,13), (19,13), (-5,-5), (-5,-5), (-5,-5), (-5,-5), (-5,-5)]

Fault Detection Run 12
#Info# Executed steps before collision: 4, Found collision: true
Turtle 1 :[(-1,-1), (3,16), (4,16), (4,16), (4,16), (5,16), (5,15), (5,14), (5,13), (-1,-1)]
Turtle 2 :[(-2,-2), (7,16), (7,17), (7,17), (7,18), (7,19), (8,19), (9,19), (-2,-2), (-2,-2)]
Turtle 3 :[(-3,-3), (0,18), (1,18), (2,18), (2,19), (3,19), (-3,-3), (-3,-3), (-3,-3), (-3,-3)]
Turtle 4 :[(-4,-4), (15,18), (15,19), (14,19), (13,19), (13,19), (-4,-4), (-4,-4), (-4,-4), (-4,-4)]
Turtle 5 :[(-5,-5), (0,19), (1,19), (1,19), (2,19), (1,19), (2,19), (3,19), (4,19), (5,19)]

