Detection Run 1
#Info# Executed steps before collision: 6, Found collision: false
Turtle 1 :[(-1,-1), (3,6), (2,6), (2,7), (2,8), (1,8), (1,9)]
Turtle 2 :[(-2,-2), (9,4), (9,5), (9,6), (9,7), (8,7), (-2,-2)]
Turtle 3 :[(-3,-3), (18,13), (17,13), (17,12), (17,11), (17,10), (17,9)]
Turtle 4 :[(-4,-4), (9,15), (10,15), (9,15), (9,16), (-4,-4), (-4,-4)]
Turtle 5 :[(-5,-5), (17,14), (16,14), (15,14), (16,14), (16,15), (-5,-5)]

Detection Run 2
#Info# Executed steps before collision: 6, Found collision: false
Turtle 1 :[(-1,-1), (4,10), (5,10), (6,10), (6,9), (7,9), (7,8)]
Turtle 2 :[(-2,-2), (16,3), (16,4), (15,4), (14,4), (13,4), (-2,-2)]
Turtle 3 :[(-3,-3), (15,4), (15,3), (14,3), (14,2), (13,2), (13,1)]
Turtle 4 :[(-4,-4), (14,2), (13,2), (12,2), (11,2), (11,1), (-4,-4)]
Turtle 5 :[(-5,-5), (15,1), (16,1), (17,1), (18,1), (19,1), (19,2)]

Fault Detection Run 3
#Info# Executed steps before collision: 7, Found collision: true
Turtle 1 :[(-1,-1), (5,13), (4,13), (4,12), (4,11), (3,11), (2,11), (2,12), (-1,-1)]
Turtle 2 :[(-2,-2), (4,14), (3,14), (3,13), (3,12), (2,12), (3,12), (2,12), (2,11)]
Turtle 3 :[(-3,-3), (14,12), (13,12), (12,12), (11,12), (10,12), (9,12), (-3,-3), (-3,-3)]
Turtle 4 :[(-4,-4), (11,8), (10,8), (9,8), (8,8), (-4,-4), (-4,-4), (-4,-4), (-4,-4)]
Turtle 5 :[(-5,-5), (10,19), (11,19), (11,18), (12,18), (12,17), (13,17), (-5,-5), (-5,-5)]

