Shrinking Run 1
#Info# Executed steps before collision: 6, Found collision: false
Turtle 1 :[(-1,-1), (33,31), (33,32), (32,32), (32,33), (32,34), (31,34)]
Turtle 2 :[(-2,-2), (13,1), (13,2), (13,3), (13,4), (14,4), (14,5)]
Turtle 3 :[(-3,-3), (41,2), (41,1), (40,1), (39,1), (38,1), (37,1)]
Turtle 4 :[(-4,-4), (33,33), (33,34), (33,33), (33,32), (-4,-4), (-4,-4)]
Turtle 5 :[(-5,-5), (25,19), (25,20), (26,20), (-5,-5), (-5,-5), (-5,-5)]

Shrinking Run 2
#Info# Executed steps before collision: 2, Found collision: true
Turtle 1 :[(-1,-1), (33,31), (33,32), (33,33), (32,33), (32,34), (31,34)]
Turtle 2 :[(-2,-2), (13,1), (13,2), (13,3), (13,4), (14,4), (14,5)]
Turtle 3 :[(-3,-3), (41,2), (41,1), (40,1), (39,1), (38,1), (37,1)]
Turtle 4 :[(-4,-4), (33,33), (33,32), (-4,-4), (-4,-4), (-4,-4), (-4,-4)]
Turtle 5 :[(-5,-5), (25,19), (25,20), (26,20), (-5,-5), (-5,-5), (-5,-5)]

Shrinking Run 3
#Info# Executed steps before collision: 2, Found collision: true
Turtle 1 :[(-1,-1), (33,31), (33,32), (32,32), (31,32), (31,33), (30,33)]
Turtle 2 :[(-2,-2), (13,1), (13,2), (13,3), (13,4), (14,4), (14,5)]
Turtle 3 :[(-3,-3), (41,2), (41,1), (40,1), (39,1), (38,1), (37,1)]
Turtle 4 :[(-4,-4), (33,33), (33,32), (-4,-4), (-4,-4), (-4,-4), (-4,-4)]
Turtle 5 :[(-5,-5), (25,19), (25,20), (26,20), (-5,-5), (-5,-5), (-5,-5)]

Shrinking Run 4
#Info# Executed steps before collision: 6, Found collision: false
Turtle 1 :[(-1,-1), (33,31), (33,32), (32,32), (31,32), (30,32), (30,33)]
Turtle 2 :[(-2,-2), (13,1), (13,2), (13,3), (13,4), (14,4), (14,5)]
Turtle 3 :[(-3,-3), (41,2), (41,1), (40,1), (39,1), (38,1), (37,1)]
Turtle 4 :[(-4,-4), (33,33), (34,33), (33,33), (33,32), (-4,-4), (-4,-4)]
Turtle 5 :[(-5,-5), (25,19), (25,20), (26,20), (-5,-5), (-5,-5), (-5,-5)]

Shrinking Run 5
#Info# Executed steps before collision: 2, Found collision: true
Turtle 1 :[(-1,-1), (33,31), (33,32), (32,32), (31,32), (31,33), (30,33)]
Turtle 2 :[(-2,-2), (13,1), (13,2), (13,3), (13,4), (12,4), (12,5)]
Turtle 3 :[(-3,-3), (41,2), (41,1), (40,1), (39,1), (38,1), (37,1)]
Turtle 4 :[(-4,-4), (33,33), (33,32), (-4,-4), (-4,-4), (-4,-4), (-4,-4)]
Turtle 5 :[(-5,-5), (25,19), (25,20), (26,20), (-5,-5), (-5,-5), (-5,-5)]

Shrinking Run 6
#Info# Executed steps before collision: 2, Found collision: true
Turtle 1 :[(-1,-1), (33,31), (33,32), (32,32), (31,32), (31,33), (30,33)]
Turtle 2 :[(-2,-2), (13,1), (12,1), (11,1), (11,0), (10,0), (9,0)]
Turtle 3 :[(-3,-3), (41,2), (41,1), (40,1), (39,1), (38,1), (37,1)]
Turtle 4 :[(-4,-4), (33,33), (33,32), (-4,-4), (-4,-4), (-4,-4), (-4,-4)]
Turtle 5 :[(-5,-5), (25,19), (25,20), (26,20), (-5,-5), (-5,-5), (-5,-5)]

Shrinking Run 7
#Info# Executed steps before collision: 2, Found collision: true
Turtle 1 :[(-1,-1), (33,31), (33,32), (32,32), (31,32), (31,33), (30,33)]
Turtle 2 :[(-2,-2), (13,1), (12,1), (11,1), (10,1), (9,1), (9,0)]
Turtle 3 :[(-3,-3), (41,2), (41,1), (40,1), (39,1), (38,1), (37,1)]
Turtle 4 :[(-4,-4), (33,33), (33,32), (-4,-4), (-4,-4), (-4,-4), (-4,-4)]
Turtle 5 :[(-5,-5), (25,19), (25,20), (26,20), (-5,-5), (-5,-5), (-5,-5)]

Shrinking Run 8
#Info# Executed steps before collision: 2, Found collision: true
Turtle 1 :[(-1,-1), (33,31), (33,32), (32,32), (31,32), (31,33), (30,33)]
Turtle 2 :[(-2,-2), (13,1), (12,1), (11,1), (10,1), (9,1), (8,1)]
Turtle 3 :[(-3,-3), (41,2), (41,1), (40,1), (39,1), (38,1), (37,1)]
Turtle 4 :[(-4,-4), (33,33), (33,32), (-4,-4), (-4,-4), (-4,-4), (-4,-4)]
Turtle 5 :[(-5,-5), (25,19), (25,20), (26,20), (-5,-5), (-5,-5), (-5,-5)]

Shrinking Run 9
#Info# Executed steps before collision: 2, Found collision: true
Turtle 1 :[(-1,-1), (33,31), (33,32), (32,32), (31,32), (31,33), (30,33)]
Turtle 2 :[(-2,-2), (13,1), (12,1), (11,1), (10,1), (9,1), (8,1)]
Turtle 3 :[(-3,-3), (41,2), (41,1), (40,1), (40,0), (39,0), (38,0)]
Turtle 4 :[(-4,-4), (33,33), (33,32), (-4,-4), (-4,-4), (-4,-4), (-4,-4)]
Turtle 5 :[(-5,-5), (25,19), (25,20), (26,20), (-5,-5), (-5,-5), (-5,-5)]

Shrinking Run 10
#Info# Executed steps before collision: 2, Found collision: true
Turtle 1 :[(-1,-1), (33,31), (33,32), (32,32), (31,32), (31,33), (30,33)]
Turtle 2 :[(-2,-2), (13,1), (12,1), (11,1), (10,1), (9,1), (8,1)]
Turtle 3 :[(-3,-3), (41,2), (40,2), (39,2), (38,2), (37,2), (36,2)]
Turtle 4 :[(-4,-4), (33,33), (33,32), (-4,-4), (-4,-4), (-4,-4), (-4,-4)]
Turtle 5 :[(-5,-5), (25,19), (25,20), (26,20), (-5,-5), (-5,-5), (-5,-5)]

Shrinking Run 11
#Info# Executed steps before collision: 6, Found collision: false
Turtle 1 :[(-1,-1), (33,31), (33,32), (32,32), (31,32), (31,33), (30,33)]
Turtle 2 :[(-2,-2), (13,1), (12,1), (11,1), (10,1), (9,1), (8,1)]
Turtle 3 :[(-3,-3), (41,2), (40,2), (39,2), (38,2), (37,2), (36,2)]
Turtle 4 :[(-4,-4), (33,33), (32,33), (31,33), (30,33), (29,33), (29,32)]
Turtle 5 :[(-5,-5), (25,19), (25,20), (26,20), (-5,-5), (-5,-5), (-5,-5)]

Shrinking Run 12
#Info# Executed steps before collision: 8, Found collision: false
Turtle 1 :[(-1,-1), (33,31), (33,32), (32,32), (31,32), (31,33), (32,33), (31,33), (30,33)]
Turtle 2 :[(-2,-2), (13,1), (12,1), (11,1), (10,1), (9,1), (8,1), (-2,-2), (-2,-2)]
Turtle 3 :[(-3,-3), (41,2), (40,2), (39,2), (38,2), (37,2), (36,2), (-3,-3), (-3,-3)]
Turtle 4 :[(-4,-4), (33,33), (32,33), (32,34), (31,34), (30,34), (30,33), (30,32), (-4,-4)]
Turtle 5 :[(-5,-5), (25,19), (25,20), (26,20), (-5,-5), (-5,-5), (-5,-5), (-5,-5), (-5,-5)]

Shrinking Run 13
#Info# Executed steps before collision: 6, Found collision: false
Turtle 1 :[(-1,-1), (33,31), (33,32), (32,32), (31,32), (31,33), (30,33)]
Turtle 2 :[(-2,-2), (13,1), (12,1), (11,1), (10,1), (9,1), (8,1)]
Turtle 3 :[(-3,-3), (41,2), (40,2), (39,2), (38,2), (37,2), (36,2)]
Turtle 4 :[(-4,-4), (33,33), (32,33), (32,34), (32,33), (32,32), (-4,-4)]
Turtle 5 :[(-5,-5), (25,19), (25,20), (26,20), (-5,-5), (-5,-5), (-5,-5)]

Shrinking Run 14
#Info# Executed steps before collision: 2, Found collision: true
Turtle 1 :[(-1,-1), (33,31), (33,32), (32,32), (31,32), (31,33), (30,33)]
Turtle 2 :[(-2,-2), (13,1), (12,1), (11,1), (10,1), (9,1), (8,1)]
Turtle 3 :[(-3,-3), (41,2), (40,2), (39,2), (38,2), (37,2), (36,2)]
Turtle 4 :[(-4,-4), (33,33), (33,32), (33,31), (33,30), (33,29), (33,28)]
Turtle 5 :[(-5,-5), (25,19), (25,20), (26,20), (-5,-5), (-5,-5), (-5,-5)]

Shrinking Run 15
#Info# Executed steps before collision: 2, Found collision: true
Turtle 1 :[(-1,-1), (33,31), (33,32), (32,32), (31,32), (31,33), (30,33), (-1,-1)]
Turtle 2 :[(-2,-2), (13,1), (12,1), (11,1), (10,1), (9,1), (8,1), (-2,-2)]
Turtle 3 :[(-3,-3), (41,2), (40,2), (39,2), (38,2), (37,2), (36,2), (-3,-3)]
Turtle 4 :[(-4,-4), (33,33), (33,32), (33,32), (33,31), (32,31), (31,31), (31,30)]
Turtle 5 :[(-5,-5), (25,19), (25,20), (26,20), (-5,-5), (-5,-5), (-5,-5), (-5,-5)]

Shrinking Run 16
#Info# Executed steps before collision: 2, Found collision: true
Turtle 1 :[(-1,-1), (33,31), (33,32), (32,32), (31,32), (31,33), (30,33)]
Turtle 2 :[(-2,-2), (13,1), (12,1), (11,1), (10,1), (9,1), (8,1)]
Turtle 3 :[(-3,-3), (41,2), (40,2), (39,2), (38,2), (37,2), (36,2)]
Turtle 4 :[(-4,-4), (33,33), (33,32), (33,31), (32,31), (31,31), (31,30)]
Turtle 5 :[(-5,-5), (25,19), (25,20), (26,20), (-5,-5), (-5,-5), (-5,-5)]

Shrinking Run 17
#Info# Executed steps before collision: 10, Found collision: false
Turtle 1 :[(-1,-1), (33,31), (33,32), (32,32), (31,32), (31,33), (30,33), (-1,-1), (-1,-1), (-1,-1), (-1,-1)]
Turtle 2 :[(-2,-2), (13,1), (12,1), (11,1), (10,1), (9,1), (8,1), (-2,-2), (-2,-2), (-2,-2), (-2,-2)]
Turtle 3 :[(-3,-3), (41,2), (40,2), (39,2), (38,2), (37,2), (36,2), (-3,-3), (-3,-3), (-3,-3), (-3,-3)]
Turtle 4 :[(-4,-4), (33,33), (32,33), (31,33), (32,33), (32,34), (31,34), (31,33), (30,33), (30,32), (30,31)]
Turtle 5 :[(-5,-5), (25,19), (25,20), (26,20), (-5,-5), (-5,-5), (-5,-5), (-5,-5), (-5,-5), (-5,-5), (-5,-5)]

Shrinking Run 18
#Info# Executed steps before collision: 2, Found collision: true
Turtle 1 :[(-1,-1), (33,31), (33,32), (32,32), (31,32), (31,33), (30,33), (-1,-1), (-1,-1)]
Turtle 2 :[(-2,-2), (13,1), (12,1), (11,1), (10,1), (9,1), (8,1), (-2,-2), (-2,-2)]
Turtle 3 :[(-3,-3), (41,2), (40,2), (39,2), (38,2), (37,2), (36,2), (-3,-3), (-3,-3)]
Turtle 4 :[(-4,-4), (33,33), (33,32), (34,32), (34,31), (33,31), (32,31), (31,31), (30,31)]
Turtle 5 :[(-5,-5), (25,19), (25,20), (26,20), (-5,-5), (-5,-5), (-5,-5), (-5,-5), (-5,-5)]

Shrinking Run 19
#Info# Executed steps before collision: 2, Found collision: true
Turtle 1 :[(-1,-1), (33,31), (33,32), (32,32), (31,32), (31,33), (30,33), (-1,-1), (-1,-1)]
Turtle 2 :[(-2,-2), (13,1), (12,1), (11,1), (10,1), (9,1), (8,1), (-2,-2), (-2,-2)]
Turtle 3 :[(-3,-3), (41,2), (40,2), (39,2), (38,2), (37,2), (36,2), (-3,-3), (-3,-3)]
Turtle 4 :[(-4,-4), (33,33), (33,32), (33,31), (32,31), (31,31), (30,31), (30,32), (29,32)]
Turtle 5 :[(-5,-5), (25,19), (25,20), (26,20), (-5,-5), (-5,-5), (-5,-5), (-5,-5), (-5,-5)]

Shrinking Run 20
#Info# Executed steps before collision: 7, Found collision: false
Turtle 1 :[(-1,-1), (33,31), (33,32), (32,32), (32,32), (31,32), (31,33), (30,33)]
Turtle 2 :[(-2,-2), (13,1), (12,1), (11,1), (10,1), (9,1), (8,1), (-2,-2)]
Turtle 3 :[(-3,-3), (41,2), (40,2), (39,2), (38,2), (37,2), (36,2), (-3,-3)]
Turtle 4 :[(-4,-4), (33,33), (32,33), (31,33), (30,33), (30,32), (29,32), (-4,-4)]
Turtle 5 :[(-5,-5), (25,19), (25,20), (26,20), (-5,-5), (-5,-5), (-5,-5), (-5,-5)]

Shrinking Run 21
#Info# Executed steps before collision: 2, Found collision: true
Turtle 1 :[(-1,-1), (33,31), (33,32), (32,32), (31,32), (31,33), (30,33), (-1,-1), (-1,-1)]
Turtle 2 :[(-2,-2), (13,1), (12,1), (11,1), (10,1), (9,1), (8,1), (-2,-2), (-2,-2)]
Turtle 3 :[(-3,-3), (41,2), (40,2), (39,2), (38,2), (37,2), (36,2), (-3,-3), (-3,-3)]
Turtle 4 :[(-4,-4), (33,33), (33,32), (33,33), (32,33), (32,32), (31,32), (30,32), (29,32)]
Turtle 5 :[(-5,-5), (25,19), (24,19), (23,19), (23,20), (22,20), (21,20), (-5,-5), (-5,-5)]

Shrinking Run 22
#Info# Executed steps before collision: 2, Found collision: true
Turtle 1 :[(-1,-1), (33,31), (33,32), (32,32), (31,32), (31,33), (30,33), (-1,-1), (-1,-1)]
Turtle 2 :[(-2,-2), (13,1), (12,1), (11,1), (10,1), (9,1), (8,1), (-2,-2), (-2,-2)]
Turtle 3 :[(-3,-3), (41,2), (40,2), (39,2), (38,2), (37,2), (36,2), (-3,-3), (-3,-3)]
Turtle 4 :[(-4,-4), (33,33), (33,32), (34,32), (33,32), (32,32), (31,32), (30,32), (29,32)]
Turtle 5 :[(-5,-5), (25,19), (25,18), (24,18), (24,17), (23,17), (23,16), (-5,-5), (-5,-5)]

Shrinking Run 23
#Info# Executed steps before collision: 2, Found collision: true
Turtle 1 :[(-1,-1), (33,31), (33,32), (32,32), (31,32), (31,33), (30,33), (-1,-1), (-1,-1), (-1,-1)]
Turtle 2 :[(-2,-2), (13,1), (12,1), (11,1), (10,1), (9,1), (8,1), (-2,-2), (-2,-2), (-2,-2)]
Turtle 3 :[(-3,-3), (41,2), (40,2), (39,2), (38,2), (37,2), (36,2), (-3,-3), (-3,-3), (-3,-3)]
Turtle 4 :[(-4,-4), (33,33), (33,32), (33,32), (33,31), (33,32), (32,32), (31,32), (30,32), (29,32)]
Turtle 5 :[(-5,-5), (25,19), (25,18), (25,17), (24,17), (23,17), (23,16), (-5,-5), (-5,-5), (-5,-5)]

Shrinking Run 24
#Info# Executed steps before collision: 2, Found collision: true
Turtle 1 :[(-1,-1), (33,31), (33,32), (32,32), (31,32), (31,33), (30,33), (-1,-1), (-1,-1)]
Turtle 2 :[(-2,-2), (13,1), (12,1), (11,1), (10,1), (9,1), (8,1), (-2,-2), (-2,-2)]
Turtle 3 :[(-3,-3), (41,2), (40,2), (39,2), (38,2), (37,2), (36,2), (-3,-3), (-3,-3)]
Turtle 4 :[(-4,-4), (33,33), (33,32), (33,31), (32,31), (31,31), (30,31), (30,32), (29,32)]
Turtle 5 :[(-5,-5), (25,19), (24,19), (24,18), (23,18), (22,18), (22,17), (-5,-5), (-5,-5)]

Shrinking Run 25
#Info# Executed steps before collision: 8, Found collision: false
Turtle 1 :[(-1,-1), (33,31), (33,32), (32,32), (31,32), (31,33), (30,33), (-1,-1), (-1,-1)]
Turtle 2 :[(-2,-2), (13,1), (12,1), (11,1), (10,1), (9,1), (8,1), (-2,-2), (-2,-2)]
Turtle 3 :[(-3,-3), (41,2), (40,2), (39,2), (38,2), (37,2), (36,2), (-3,-3), (-3,-3)]
Turtle 4 :[(-4,-4), (33,33), (34,33), (33,33), (32,33), (32,32), (31,32), (30,32), (29,32)]
Turtle 5 :[(-5,-5), (25,19), (24,19), (23,19), (22,19), (22,18), (22,17), (-5,-5), (-5,-5)]

Shrinking Run 26
#Info# Executed steps before collision: 2, Found collision: true
Turtle 1 :[(-1,-1), (33,31), (33,32), (32,32), (32,32), (32,32), (32,32), (31,32), (31,33), (30,33)]
Turtle 2 :[(-2,-2), (13,1), (12,1), (11,1), (10,1), (9,1), (8,1), (-2,-2), (-2,-2), (-2,-2)]
Turtle 3 :[(-3,-3), (41,2), (40,2), (39,2), (38,2), (37,2), (36,2), (-3,-3), (-3,-3), (-3,-3)]
Turtle 4 :[(-4,-4), (33,33), (33,32), (32,32), (31,32), (30,32), (29,32), (-4,-4), (-4,-4), (-4,-4)]
Turtle 5 :[(-5,-5), (25,19), (24,19), (24,18), (23,18), (22,18), (21,18), (-5,-5), (-5,-5), (-5,-5)]

Shrinking Run 27
#Info# Executed steps before collision: 2, Found collision: true
Turtle 1 :[(-1,-1), (33,31), (33,32), (32,32), (31,32), (31,33), (30,33), (-1,-1), (-1,-1), (-1,-1), (-1,-1)]
Turtle 2 :[(-2,-2), (13,1), (12,1), (11,1), (10,1), (9,1), (8,1), (-2,-2), (-2,-2), (-2,-2), (-2,-2)]
Turtle 3 :[(-3,-3), (41,2), (40,2), (39,2), (38,2), (37,2), (36,2), (-3,-3), (-3,-3), (-3,-3), (-3,-3)]
Turtle 4 :[(-4,-4), (33,33), (33,32), (33,33), (32,33), (32,34), (31,34), (30,34), (29,34), (29,33), (29,32)]
Turtle 5 :[(-5,-5), (25,19), (24,19), (23,19), (23,18), (22,18), (21,18), (-5,-5), (-5,-5), (-5,-5), (-5,-5)]

Shrinking Run 28
#Info# Executed steps before collision: 3, Found collision: true
Turtle 1 :[(-1,-1), (33,31), (32,31), (32,32), (32,33), (32,34), (31,34)]
Turtle 2 :[(-2,-2), (13,1), (12,1), (11,1), (10,1), (9,1), (8,1)]
Turtle 3 :[(-3,-3), (41,2), (40,2), (39,2), (38,2), (37,2), (36,2)]
Turtle 4 :[(-4,-4), (33,33), (33,32), (32,32), (31,32), (30,32), (29,32)]
Turtle 5 :[(-5,-5), (25,19), (24,19), (23,19), (23,18), (22,18), (21,18)]

Shrinking Run 29
#Info# Executed steps before collision: 8, Found collision: false
Turtle 1 :[(-1,-1), (33,31), (32,31), (31,31), (31,32), (30,32), (29,32), (-1,-1), (-1,-1)]
Turtle 2 :[(-2,-2), (13,1), (12,1), (11,1), (10,1), (9,1), (8,1), (-2,-2), (-2,-2)]
Turtle 3 :[(-3,-3), (41,2), (40,2), (39,2), (38,2), (37,2), (36,2), (-3,-3), (-3,-3)]
Turtle 4 :[(-4,-4), (33,33), (33,32), (32,32), (33,32), (32,32), (31,32), (30,32), (29,32)]
Turtle 5 :[(-5,-5), (25,19), (24,19), (23,19), (23,18), (22,18), (21,18), (-5,-5), (-5,-5)]

Shrinking Run 30
#Info# Executed steps before collision: 8, Found collision: false
Turtle 1 :[(-1,-1), (33,31), (32,31), (31,31), (31,32), (31,33), (30,33), (-1,-1), (-1,-1)]
Turtle 2 :[(-2,-2), (13,1), (12,1), (11,1), (10,1), (9,1), (8,1), (-2,-2), (-2,-2)]
Turtle 3 :[(-3,-3), (41,2), (40,2), (39,2), (38,2), (37,2), (36,2), (-3,-3), (-3,-3)]
Turtle 4 :[(-4,-4), (33,33), (33,32), (32,32), (32,31), (32,32), (31,32), (30,32), (29,32)]
Turtle 5 :[(-5,-5), (25,19), (24,19), (23,19), (23,18), (22,18), (21,18), (-5,-5), (-5,-5)]

Shrinking Run 31
#Info# Executed steps before collision: 8, Found collision: false
Turtle 1 :[(-1,-1), (33,31), (32,31), (32,32), (31,32), (31,33), (30,33), (-1,-1), (-1,-1)]
Turtle 2 :[(-2,-2), (13,1), (12,1), (11,1), (10,1), (9,1), (8,1), (-2,-2), (-2,-2)]
Turtle 3 :[(-3,-3), (41,2), (40,2), (39,2), (38,2), (37,2), (36,2), (-3,-3), (-3,-3)]
Turtle 4 :[(-4,-4), (33,33), (33,32), (33,32), (33,32), (32,32), (31,32), (30,32), (29,32)]
Turtle 5 :[(-5,-5), (25,19), (24,19), (23,19), (23,18), (22,18), (21,18), (-5,-5), (-5,-5)]

Shrinking Run 32
#Info# Executed steps before collision: 11, Found collision: false
Turtle 1 :[(-1,-1), (33,31), (32,31), (32,32), (32,33), (31,33), (30,33), (-1,-1), (-1,-1), (-1,-1), (-1,-1), (-1,-1)]
Turtle 2 :[(-2,-2), (13,1), (12,1), (11,1), (10,1), (9,1), (8,1), (-2,-2), (-2,-2), (-2,-2), (-2,-2), (-2,-2)]
Turtle 3 :[(-3,-3), (41,2), (40,2), (39,2), (38,2), (37,2), (36,2), (-3,-3), (-3,-3), (-3,-3), (-3,-3), (-3,-3)]
Turtle 4 :[(-4,-4), (33,33), (33,32), (33,33), (33,33), (34,33), (33,33), (32,33), (32,32), (31,32), (30,32), (29,32)]
Turtle 5 :[(-5,-5), (25,19), (24,19), (23,19), (23,18), (22,18), (21,18), (-5,-5), (-5,-5), (-5,-5), (-5,-5), (-5,-5)]

Shrinking Run 33
#Info# Executed steps before collision: 6, Found collision: false
Turtle 1 :[(-1,-1), (33,31), (32,31), (32,32), (32,33), (32,34), (31,34)]
Turtle 2 :[(-2,-2), (13,1), (12,1), (11,1), (10,1), (9,1), (8,1)]
Turtle 3 :[(-3,-3), (41,2), (40,2), (39,2), (38,2), (37,2), (36,2)]
Turtle 4 :[(-4,-4), (33,33), (32,33), (31,33), (30,33), (29,33), (29,32)]
Turtle 5 :[(-5,-5), (25,19), (24,19), (23,19), (23,18), (22,18), (21,18)]

Shrinking Run 34
#Info# Executed steps before collision: 7, Found collision: false
Turtle 1 :[(-1,-1), (33,31), (32,31), (32,32), (32,33), (32,34), (31,34), (-1,-1)]
Turtle 2 :[(-2,-2), (13,1), (12,1), (11,1), (10,1), (9,1), (8,1), (-2,-2)]
Turtle 3 :[(-3,-3), (41,2), (40,2), (39,2), (38,2), (37,2), (36,2), (-3,-3)]
Turtle 4 :[(-4,-4), (33,33), (32,33), (32,34), (31,34), (30,34), (30,33), (30,32)]
Turtle 5 :[(-5,-5), (25,19), (24,19), (23,19), (23,18), (22,18), (21,18), (-5,-5)]

Shrinking Run 35
#Info# Executed steps before collision: 12, Found collision: false
Turtle 1 :[(-1,-1), (33,31), (32,31), (32,32), (32,33), (33,33), (33,33), (33,32), (33,32), (32,32), (32,33), (31,33), (31,34)]
Turtle 2 :[(-2,-2), (13,1), (12,1), (11,1), (10,1), (9,1), (8,1), (-2,-2), (-2,-2), (-2,-2), (-2,-2), (-2,-2), (-2,-2)]
Turtle 3 :[(-3,-3), (41,2), (40,2), (39,2), (38,2), (37,2), (36,2), (-3,-3), (-3,-3), (-3,-3), (-3,-3), (-3,-3), (-3,-3)]
Turtle 4 :[(-4,-4), (33,33), (32,33), (32,34), (32,34), (32,34), (32,33), (32,32), (-4,-4), (-4,-4), (-4,-4), (-4,-4), (-4,-4)]
Turtle 5 :[(-5,-5), (25,19), (24,19), (23,19), (23,18), (22,18), (21,18), (-5,-5), (-5,-5), (-5,-5), (-5,-5), (-5,-5), (-5,-5)]

Shrinking Run 36
#Info# Executed steps before collision: 3, Found collision: true
Turtle 1 :[(-1,-1), (33,31), (32,31), (32,32), (32,33), (32,34), (31,34)]
Turtle 2 :[(-2,-2), (13,1), (12,1), (11,1), (10,1), (9,1), (8,1)]
Turtle 3 :[(-3,-3), (41,2), (40,2), (39,2), (38,2), (37,2), (36,2)]
Turtle 4 :[(-4,-4), (33,33), (32,33), (32,32), (31,32), (31,31), (30,31)]
Turtle 5 :[(-5,-5), (25,19), (24,19), (23,19), (23,18), (22,18), (21,18)]

Shrinking Run 37
#Info# Executed steps before collision: 6, Found collision: false
Turtle 1 :[(-1,-1), (33,31), (32,31), (32,32), (32,33), (32,34), (31,34)]
Turtle 2 :[(-2,-2), (13,1), (12,1), (11,1), (10,1), (9,1), (8,1)]
Turtle 3 :[(-3,-3), (41,2), (40,2), (39,2), (38,2), (37,2), (36,2)]
Turtle 4 :[(-4,-4), (33,33), (32,33), (31,33), (30,33), (30,32), (29,32)]
Turtle 5 :[(-5,-5), (25,19), (24,19), (23,19), (23,18), (22,18), (21,18)]

Shrinking Run 38
#Info# Executed steps before collision: 7, Found collision: false
Turtle 1 :[(-1,-1), (33,31), (32,31), (32,32), (32,32), (32,33), (32,34), (31,34)]
Turtle 2 :[(-2,-2), (13,1), (12,1), (11,1), (10,1), (9,1), (8,1), (-2,-2)]
Turtle 3 :[(-3,-3), (41,2), (40,2), (39,2), (38,2), (37,2), (36,2), (-3,-3)]
Turtle 4 :[(-4,-4), (33,33), (32,33), (31,33), (30,33), (30,32), (30,31), (-4,-4)]
Turtle 5 :[(-5,-5), (25,19), (24,19), (23,19), (23,18), (22,18), (21,18), (-5,-5)]

Shrinking Run 39
#Info# Executed steps before collision: 9, Found collision: false
Turtle 1 :[(-1,-1), (33,31), (32,31), (32,32), (32,33), (32,34), (31,34), (-1,-1), (-1,-1), (-1,-1)]
Turtle 2 :[(-2,-2), (13,1), (12,1), (11,1), (10,1), (9,1), (8,1), (-2,-2), (-2,-2), (-2,-2)]
Turtle 3 :[(-3,-3), (41,2), (40,2), (39,2), (38,2), (37,2), (36,2), (-3,-3), (-3,-3), (-3,-3)]
Turtle 4 :[(-4,-4), (33,33), (32,33), (32,33), (33,33), (33,32), (32,32), (31,32), (30,32), (30,31)]
Turtle 5 :[(-5,-5), (25,19), (24,19), (23,19), (22,19), (22,18), (22,17), (-5,-5), (-5,-5), (-5,-5)]

Shrinking Run 40
#Info# Executed steps before collision: 7, Found collision: false
Turtle 1 :[(-1,-1), (33,31), (32,31), (31,31), (31,32), (30,32), (29,32), (-1,-1)]
Turtle 2 :[(-2,-2), (13,1), (12,1), (11,1), (10,1), (9,1), (8,1), (-2,-2)]
Turtle 3 :[(-3,-3), (41,2), (40,2), (39,2), (38,2), (37,2), (36,2), (-3,-3)]
Turtle 4 :[(-4,-4), (33,33), (32,33), (32,32), (32,32), (31,32), (31,31), (30,31)]
Turtle 5 :[(-5,-5), (25,19), (24,19), (23,19), (23,18), (22,18), (21,18), (-5,-5)]

Shrinking Run 41
#Info# Executed steps before collision: 4, Found collision: true
Turtle 1 :[(-1,-1), (33,31), (32,31), (31,31), (31,32), (31,33), (30,33)]
Turtle 2 :[(-2,-2), (13,1), (12,1), (11,1), (10,1), (9,1), (8,1)]
Turtle 3 :[(-3,-3), (41,2), (40,2), (39,2), (38,2), (37,2), (36,2)]
Turtle 4 :[(-4,-4), (33,33), (32,33), (32,32), (31,32), (31,31), (30,31)]
Turtle 5 :[(-5,-5), (25,19), (24,19), (23,19), (23,18), (22,18), (21,18)]

Shrinking Run 42
#Info# Executed steps before collision: 8, Found collision: false
Turtle 1 :[(-1,-1), (33,31), (32,31), (32,32), (31,32), (31,33), (30,33), (-1,-1), (-1,-1)]
Turtle 2 :[(-2,-2), (13,1), (12,1), (11,1), (10,1), (9,1), (8,1), (-2,-2), (-2,-2)]
Turtle 3 :[(-3,-3), (41,2), (40,2), (39,2), (38,2), (37,2), (36,2), (-3,-3), (-3,-3)]
Turtle 4 :[(-4,-4), (33,33), (32,33), (32,34), (32,33), (32,32), (31,32), (31,31), (30,31)]
Turtle 5 :[(-5,-5), (25,19), (24,19), (23,19), (23,18), (22,18), (21,18), (-5,-5), (-5,-5)]

Shrinking Run 43
#Info# Executed steps before collision: 8, Found collision: false
Turtle 1 :[(-1,-1), (33,31), (32,31), (31,31), (31,32), (31,33), (31,32), (31,33), (30,33)]
Turtle 2 :[(-2,-2), (13,1), (12,1), (11,1), (10,1), (9,1), (8,1), (-2,-2), (-2,-2)]
Turtle 3 :[(-3,-3), (41,2), (40,2), (39,2), (38,2), (37,2), (36,2), (-3,-3), (-3,-3)]
Turtle 4 :[(-4,-4), (33,33), (32,33), (31,33), (30,33), (29,33), (29,32), (-4,-4), (-4,-4)]
Turtle 5 :[(-5,-5), (25,19), (24,19), (23,19), (23,18), (22,18), (21,18), (-5,-5), (-5,-5)]

Shrinking Run 44
#Info# Executed steps before collision: 7, Found collision: false
Turtle 1 :[(-1,-1), (33,31), (32,31), (31,31), (31,31), (31,32), (31,33), (30,33)]
Turtle 2 :[(-2,-2), (13,1), (12,1), (11,1), (10,1), (9,1), (8,1), (-2,-2)]
Turtle 3 :[(-3,-3), (41,2), (40,2), (39,2), (38,2), (37,2), (36,2), (-3,-3)]
Turtle 4 :[(-4,-4), (33,33), (32,33), (32,32), (31,32), (30,32), (-4,-4), (-4,-4)]
Turtle 5 :[(-5,-5), (25,19), (24,19), (23,19), (23,18), (22,18), (21,18), (-5,-5)]

Shrinking Run 45
#Info# Executed steps before collision: 8, Found collision: false
Turtle 1 :[(-1,-1), (33,31), (32,31), (31,31), (31,30), (31,31), (30,31), (30,32), (30,33)]
Turtle 2 :[(-2,-2), (13,1), (12,1), (11,1), (10,1), (9,1), (8,1), (-2,-2), (-2,-2)]
Turtle 3 :[(-3,-3), (41,2), (40,2), (39,2), (38,2), (37,2), (36,2), (-3,-3), (-3,-3)]
Turtle 4 :[(-4,-4), (33,33), (32,33), (32,32), (31,32), (30,32), (29,32), (-4,-4), (-4,-4)]
Turtle 5 :[(-5,-5), (25,19), (24,19), (23,19), (23,18), (22,18), (21,18), (-5,-5), (-5,-5)]

Shrinking Run 46
#Info# Executed steps before collision: 6, Found collision: false
Turtle 1 :[(-1,-1), (33,31), (32,31), (31,31), (31,32), (31,33), (30,33)]
Turtle 2 :[(-2,-2), (13,1), (12,1), (11,1), (10,1), (9,1), (8,1)]
Turtle 3 :[(-3,-3), (41,2), (40,2), (39,2), (38,2), (37,2), (36,2)]
Turtle 4 :[(-4,-4), (33,33), (32,33), (31,33), (30,33), (30,32), (30,31)]
Turtle 5 :[(-5,-5), (25,19), (24,19), (23,19), (23,18), (22,18), (21,18)]

Shrink Run 47
#Info# Executed steps before collision: 6, Found collision: false
Turtle 1 :[(-1,-1), (33,31), (32,31), (31,31), (31,32), (31,33), (30,33)]
Turtle 2 :[(-2,-2), (13,1), (12,1), (11,1), (10,1), (9,1), (8,1)]
Turtle 3 :[(-3,-3), (41,2), (40,2), (39,2), (38,2), (37,2), (36,2)]
Turtle 4 :[(-4,-4), (33,33), (32,33), (32,32), (32,31), (31,31), (30,31)]
Turtle 5 :[(-5,-5), (25,19), (24,19), (23,19), (22,19), (22,18), (22,17)]

