Shrinking Run 1
#Info# Executed steps before collision: 8, Found collision: false
Turtle 1 :[(-1,-1), (3,11), (3,10), (2,10), (2,9), (2,8), (2,7), (-1,-1), (-1,-1)]
Turtle 2 :[(-2,-2), (5,14), (6,14), (6,13), (6,13), (6,12), (6,11), (6,11), (7,11)]
Turtle 3 :[(-3,-3), (11,9), (12,9), (13,9), (13,10), (14,10), (-3,-3), (-3,-3), (-3,-3)]
Turtle 4 :[(-4,-4), (3,14), (3,13), (4,13), (4,13), (5,13), (-4,-4), (-4,-4), (-4,-4)]
Turtle 5 :[(-5,-5), (1,5), (1,6), (1,7), (1,8), (1,9), (1,10), (-5,-5), (-5,-5)]

Shrinking Run 2
#Info# Executed steps before collision: 5, Found collision: true
Turtle 1 :[(-1,-1), (3,11), (3,10), (2,10), (1,10), (1,9), (1,8), (-1,-1), (-1,-1)]
Turtle 2 :[(-2,-2), (5,14), (6,14), (6,13), (6,13), (6,12), (6,11), (6,11), (7,11)]
Turtle 3 :[(-3,-3), (11,9), (12,9), (13,9), (13,10), (14,10), (-3,-3), (-3,-3), (-3,-3)]
Turtle 4 :[(-4,-4), (3,14), (4,14), (4,13), (5,13), (-4,-4), (-4,-4), (-4,-4), (-4,-4)]
Turtle 5 :[(-5,-5), (1,5), (1,6), (1,7), (1,8), (1,9), (1,10), (-5,-5), (-5,-5)]

Shrinking Run 3
#Info# Executed steps before collision: 8, Found collision: false
Turtle 1 :[(-1,-1), (3,11), (3,10), (2,10), (1,10), (0,10), (0,9), (-1,-1), (-1,-1)]
Turtle 2 :[(-2,-2), (5,14), (6,14), (6,13), (6,13), (6,12), (6,11), (6,11), (7,11)]
Turtle 3 :[(-3,-3), (11,9), (12,9), (13,9), (13,10), (14,10), (-3,-3), (-3,-3), (-3,-3)]
Turtle 4 :[(-4,-4), (3,14), (3,14), (4,14), (4,14), (4,13), (5,13), (-4,-4), (-4,-4)]
Turtle 5 :[(-5,-5), (1,5), (1,6), (1,7), (1,8), (1,9), (1,10), (-5,-5), (-5,-5)]

Shrinking Run 4
#Info# Executed steps before collision: 6, Found collision: true
Turtle 1 :[(-1,-1), (3,11), (2,11), (1,11), (0,11), (0,10), (1,10), (1,9), (0,9)]
Turtle 2 :[(-2,-2), (5,14), (6,14), (6,13), (6,13), (6,12), (6,11), (6,11), (7,11)]
Turtle 3 :[(-3,-3), (11,9), (12,9), (13,9), (13,10), (14,10), (-3,-3), (-3,-3), (-3,-3)]
Turtle 4 :[(-4,-4), (3,14), (4,14), (4,14), (4,13), (5,13), (-4,-4), (-4,-4), (-4,-4)]
Turtle 5 :[(-5,-5), (1,5), (1,6), (1,7), (1,8), (1,9), (1,10), (-5,-5), (-5,-5)]

Shrinking Run 5
#Info# Executed steps before collision: 8, Found collision: false
Turtle 1 :[(-1,-1), (3,11), (2,11), (1,11), (1,10), (0,10), (0,9), (-1,-1), (-1,-1)]
Turtle 2 :[(-2,-2), (5,14), (6,14), (6,13), (6,13), (6,12), (6,11), (6,11), (7,11)]
Turtle 3 :[(-3,-3), (11,9), (12,9), (13,9), (13,10), (14,10), (-3,-3), (-3,-3), (-3,-3)]
Turtle 4 :[(-4,-4), (3,14), (3,13), (4,13), (5,13), (-4,-4), (-4,-4), (-4,-4), (-4,-4)]
Turtle 5 :[(-5,-5), (1,5), (1,6), (1,7), (1,8), (1,9), (1,10), (-5,-5), (-5,-5)]

Shrinking Run 6
#Info# Executed steps before collision: 8, Found collision: false
Turtle 1 :[(-1,-1), (3,11), (2,11), (2,10), (1,10), (0,10), (0,9), (-1,-1), (-1,-1)]
Turtle 2 :[(-2,-2), (5,14), (6,14), (6,13), (6,13), (6,12), (6,11), (6,11), (7,11)]
Turtle 3 :[(-3,-3), (11,9), (12,9), (13,9), (13,10), (14,10), (-3,-3), (-3,-3), (-3,-3)]
Turtle 4 :[(-4,-4), (3,14), (4,14), (4,14), (4,13), (5,13), (-4,-4), (-4,-4), (-4,-4)]
Turtle 5 :[(-5,-5), (1,5), (1,6), (1,7), (1,8), (1,8), (1,9), (1,10), (-5,-5)]

Shrinking Run 7
#Info# Executed steps before collision: 3, Found collision: true
Turtle 1 :[(-1,-1), (3,11), (2,11), (1,11), (0,11), (0,10), (0,9), (-1,-1), (-1,-1)]
Turtle 2 :[(-2,-2), (5,14), (6,14), (5,14), (4,14), (3,14), (3,13), (3,12), (2,12)]
Turtle 3 :[(-3,-3), (11,9), (12,9), (13,9), (13,10), (14,10), (-3,-3), (-3,-3), (-3,-3)]
Turtle 4 :[(-4,-4), (3,14), (4,14), (5,14), (5,13), (-4,-4), (-4,-4), (-4,-4), (-4,-4)]
Turtle 5 :[(-5,-5), (1,5), (1,6), (1,7), (1,8), (1,9), (1,10), (-5,-5), (-5,-5)]

Shrinking Run 8
#Info# Executed steps before collision: 2, Found collision: true
Turtle 1 :[(-1,-1), (3,11), (2,11), (1,11), (0,11), (0,10), (0,11), (0,10), (0,9)]
Turtle 2 :[(-2,-2), (5,14), (4,14), (4,13), (4,13), (3,13), (2,13), (2,13), (1,13)]
Turtle 3 :[(-3,-3), (11,9), (12,9), (13,9), (13,10), (14,10), (-3,-3), (-3,-3), (-3,-3)]
Turtle 4 :[(-4,-4), (3,14), (4,14), (4,14), (4,13), (5,13), (-4,-4), (-4,-4), (-4,-4)]
Turtle 5 :[(-5,-5), (1,5), (1,6), (1,7), (1,8), (1,9), (1,10), (-5,-5), (-5,-5)]

Shrinking Run 9
#Info# Executed steps before collision: 8, Found collision: false
Turtle 1 :[(-1,-1), (3,11), (2,11), (1,11), (0,11), (0,10), (0,9), (-1,-1), (-1,-1)]
Turtle 2 :[(-2,-2), (5,14), (6,14), (6,13), (5,13), (4,13), (3,13), (2,13), (1,13)]
Turtle 3 :[(-3,-3), (11,9), (12,9), (13,9), (13,10), (14,10), (-3,-3), (-3,-3), (-3,-3)]
Turtle 4 :[(-4,-4), (3,14), (4,14), (4,14), (4,14), (4,14), (5,14), (5,13), (-4,-4)]
Turtle 5 :[(-5,-5), (1,5), (1,6), (1,7), (1,8), (1,9), (1,10), (-5,-5), (-5,-5)]

Shrinking Run 10
#Info# Executed steps before collision: 9, Found collision: false
Turtle 1 :[(-1,-1), (3,11), (2,11), (1,11), (0,11), (0,10), (0,9), (-1,-1), (-1,-1), (-1,-1)]
Turtle 2 :[(-2,-2), (5,14), (5,14), (5,14), (5,14), (4,14), (3,14), (2,14), (2,13), (1,13)]
Turtle 3 :[(-3,-3), (11,9), (12,9), (13,9), (13,10), (14,10), (-3,-3), (-3,-3), (-3,-3), (-3,-3)]
Turtle 4 :[(-4,-4), (3,14), (4,14), (4,14), (4,13), (5,13), (-4,-4), (-4,-4), (-4,-4), (-4,-4)]
Turtle 5 :[(-5,-5), (1,5), (1,6), (1,7), (1,8), (1,9), (1,10), (-5,-5), (-5,-5), (-5,-5)]

Shrinking Run 11
#Info# Executed steps before collision: 8, Found collision: false
Turtle 1 :[(-1,-1), (3,11), (2,11), (1,11), (0,11), (0,10), (0,11), (0,10), (0,9)]
Turtle 2 :[(-2,-2), (5,14), (4,14), (4,13), (3,13), (3,13), (2,13), (1,13), (-2,-2)]
Turtle 3 :[(-3,-3), (11,9), (12,9), (13,9), (13,10), (14,10), (-3,-3), (-3,-3), (-3,-3)]
Turtle 4 :[(-4,-4), (3,14), (2,14), (3,14), (4,14), (4,13), (5,13), (-4,-4), (-4,-4)]
Turtle 5 :[(-5,-5), (1,5), (1,6), (1,7), (1,8), (1,9), (1,10), (-5,-5), (-5,-5)]

Shrinking Run 12
#Info# Executed steps before collision: 6, Found collision: false
Turtle 1 :[(-1,-1), (3,11), (2,11), (1,11), (0,11), (0,10), (0,9)]
Turtle 2 :[(-2,-2), (5,14), (5,13), (4,13), (3,13), (2,13), (1,13)]
Turtle 3 :[(-3,-3), (11,9), (12,9), (13,9), (13,10), (14,10), (-3,-3)]
Turtle 4 :[(-4,-4), (3,14), (4,14), (4,14), (4,13), (5,13), (-4,-4)]
Turtle 5 :[(-5,-5), (1,5), (1,6), (1,7), (1,8), (1,9), (1,10)]

Shrinking Run 13
#Info# Executed steps before collision: 11, Found collision: false
Turtle 1 :[(-1,-1), (3,11), (2,11), (1,11), (0,11), (0,10), (0,9), (-1,-1), (-1,-1), (-1,-1), (-1,-1), (-1,-1)]
Turtle 2 :[(-2,-2), (5,14), (4,14), (4,13), (3,13), (3,13), (2,13), (2,13), (1,13), (-2,-2), (-2,-2), (-2,-2)]
Turtle 3 :[(-3,-3), (11,9), (12,9), (13,9), (13,10), (14,10), (-3,-3), (-3,-3), (-3,-3), (-3,-3), (-3,-3), (-3,-3)]
Turtle 4 :[(-4,-4), (3,14), (2,14), (2,13), (2,13), (1,13), (1,12), (2,12), (3,12), (3,13), (4,13), (5,13)]
Turtle 5 :[(-5,-5), (1,5), (1,6), (1,7), (1,8), (1,9), (1,10), (-5,-5), (-5,-5), (-5,-5), (-5,-5), (-5,-5)]

Shrinking Run 14
#Info# Executed steps before collision: 6, Found collision: false
Turtle 1 :[(-1,-1), (3,11), (2,11), (1,11), (0,11), (0,10), (0,9)]
Turtle 2 :[(-2,-2), (5,14), (5,13), (4,13), (3,13), (2,13), (1,13)]
Turtle 3 :[(-3,-3), (11,9), (10,9), (9,9), (8,9), (7,9), (6,9)]
Turtle 4 :[(-4,-4), (3,14), (4,14), (4,14), (4,13), (5,13), (-4,-4)]
Turtle 5 :[(-5,-5), (1,5), (1,6), (1,7), (1,8), (1,9), (1,10)]

Shrinking Run 15
#Info# Executed steps before collision: 2, Found collision: true
Turtle 1 :[(-1,-1), (3,11), (2,11), (1,11), (0,11), (0,10), (0,9), (-1,-1), (-1,-1)]
Turtle 2 :[(-2,-2), (5,14), (4,14), (4,13), (4,13), (3,13), (2,13), (2,13), (1,13)]
Turtle 3 :[(-3,-3), (11,9), (10,9), (9,9), (9,10), (8,10), (-3,-3), (-3,-3), (-3,-3)]
Turtle 4 :[(-4,-4), (3,14), (4,14), (4,14), (4,14), (4,14), (4,13), (5,13), (-4,-4)]
Turtle 5 :[(-5,-5), (1,5), (1,6), (1,7), (1,8), (1,9), (1,10), (-5,-5), (-5,-5)]

Shrinking Run 16
#Info# Executed steps before collision: 10, Found collision: false
Turtle 1 :[(-1,-1), (3,11), (2,11), (1,11), (0,11), (0,10), (0,9), (-1,-1), (-1,-1), (-1,-1), (-1,-1)]
Turtle 2 :[(-2,-2), (5,14), (5,14), (6,14), (5,14), (5,14), (4,14), (3,14), (2,14), (1,14), (1,13)]
Turtle 3 :[(-3,-3), (11,9), (10,9), (9,9), (8,9), (8,10), (7,10), (-3,-3), (-3,-3), (-3,-3), (-3,-3)]
Turtle 4 :[(-4,-4), (3,14), (4,14), (4,14), (4,14), (4,14), (4,13), (5,13), (-4,-4), (-4,-4), (-4,-4)]
Turtle 5 :[(-5,-5), (1,5), (1,6), (1,7), (1,8), (1,9), (1,10), (-5,-5), (-5,-5), (-5,-5), (-5,-5)]

Shrinking Run 17
#Info# Executed steps before collision: 10, Found collision: false
Turtle 1 :[(-1,-1), (3,11), (2,11), (1,11), (0,11), (0,10), (0,9), (-1,-1), (-1,-1), (-1,-1), (-1,-1)]
Turtle 2 :[(-2,-2), (5,14), (6,14), (5,14), (6,14), (5,14), (4,14), (3,14), (3,13), (2,13), (1,13)]
Turtle 3 :[(-3,-3), (11,9), (10,9), (9,9), (9,8), (9,7), (8,7), (-3,-3), (-3,-3), (-3,-3), (-3,-3)]
Turtle 4 :[(-4,-4), (3,14), (4,14), (4,14), (4,13), (5,13), (-4,-4), (-4,-4), (-4,-4), (-4,-4), (-4,-4)]
Turtle 5 :[(-5,-5), (1,5), (1,6), (1,7), (1,8), (1,9), (1,10), (-5,-5), (-5,-5), (-5,-5), (-5,-5)]

Shrinking Run 18
#Info# Executed steps before collision: 2, Found collision: true
Turtle 1 :[(-1,-1), (3,11), (2,11), (1,11), (0,11), (0,10), (0,10), (0,9), (-1,-1)]
Turtle 2 :[(-2,-2), (5,14), (4,14), (4,13), (4,13), (3,13), (2,13), (2,13), (1,13)]
Turtle 3 :[(-3,-3), (11,9), (10,9), (9,9), (9,8), (8,8), (-3,-3), (-3,-3), (-3,-3)]
Turtle 4 :[(-4,-4), (3,14), (4,14), (5,14), (5,13), (-4,-4), (-4,-4), (-4,-4), (-4,-4)]
Turtle 5 :[(-5,-5), (1,5), (1,6), (1,7), (1,8), (1,9), (1,10), (-5,-5), (-5,-5)]

Shrinking Run 19
#Info# Executed steps before collision: 9, Found collision: false
Turtle 1 :[(-1,-1), (3,11), (2,11), (1,11), (0,11), (0,10), (0,9), (-1,-1), (-1,-1), (-1,-1)]
Turtle 2 :[(-2,-2), (5,14), (5,14), (4,14), (4,13), (4,13), (3,13), (2,13), (2,13), (1,13)]
Turtle 3 :[(-3,-3), (11,9), (10,9), (9,9), (8,9), (8,8), (8,7), (-3,-3), (-3,-3), (-3,-3)]
Turtle 4 :[(-4,-4), (3,14), (2,14), (2,14), (2,14), (3,14), (3,14), (3,13), (4,13), (5,13)]
Turtle 5 :[(-5,-5), (1,5), (1,6), (1,7), (1,8), (1,9), (1,10), (-5,-5), (-5,-5), (-5,-5)]

Shrinking Run 20
#Info# Executed steps before collision: 7, Found collision: false
Turtle 1 :[(-1,-1), (3,11), (2,11), (1,11), (0,11), (0,10), (0,10), (0,9)]
Turtle 2 :[(-2,-2), (5,14), (5,13), (4,13), (3,13), (2,13), (1,13), (-2,-2)]
Turtle 3 :[(-3,-3), (11,9), (10,9), (9,9), (8,9), (8,8), (7,8), (-3,-3)]
Turtle 4 :[(-4,-4), (3,14), (4,14), (4,14), (4,13), (5,13), (-4,-4), (-4,-4)]
Turtle 5 :[(-5,-5), (1,5), (1,6), (1,7), (1,8), (1,9), (1,10), (-5,-5)]

Shrinking Run 21
#Info# Executed steps before collision: 4, Found collision: true
Turtle 1 :[(-1,-1), (3,11), (2,11), (1,11), (0,11), (0,10), (0,9), (-1,-1)]
Turtle 2 :[(-2,-2), (5,14), (5,14), (5,13), (4,13), (3,13), (2,13), (1,13)]
Turtle 3 :[(-3,-3), (11,9), (11,8), (10,8), (9,8), (8,8), (-3,-3), (-3,-3)]
Turtle 4 :[(-4,-4), (3,14), (4,14), (4,14), (4,13), (5,13), (-4,-4), (-4,-4)]
Turtle 5 :[(-5,-5), (1,5), (1,6), (1,7), (1,8), (1,9), (1,10), (-5,-5)]

Shrinking Run 22
#Info# Executed steps before collision: 3, Found collision: true
Turtle 1 :[(-1,-1), (3,11), (2,11), (1,11), (0,11), (0,10), (0,9), (-1,-1), (-1,-1)]
Turtle 2 :[(-2,-2), (5,14), (4,14), (4,13), (4,12), (3,12), (2,12), (1,12), (1,13)]
Turtle 3 :[(-3,-3), (11,9), (10,9), (9,9), (8,9), (8,8), (-3,-3), (-3,-3), (-3,-3)]
Turtle 4 :[(-4,-4), (3,14), (3,13), (4,13), (4,12), (5,12), (5,13), (-4,-4), (-4,-4)]
Turtle 5 :[(-5,-5), (1,5), (1,6), (1,7), (1,8), (1,9), (1,10), (-5,-5), (-5,-5)]

Shrinking Run 23
#Info# Executed steps before collision: 8, Found collision: false
Turtle 1 :[(-1,-1), (3,11), (2,11), (1,11), (0,11), (0,10), (0,10), (0,9), (-1,-1)]
Turtle 2 :[(-2,-2), (5,14), (4,14), (4,13), (4,13), (3,13), (2,13), (2,13), (1,13)]
Turtle 3 :[(-3,-3), (11,9), (10,9), (9,9), (8,9), (8,8), (-3,-3), (-3,-3), (-3,-3)]
Turtle 4 :[(-4,-4), (3,14), (2,14), (1,14), (1,13), (1,14), (0,14), (-4,-4), (-4,-4)]
Turtle 5 :[(-5,-5), (1,5), (1,6), (1,7), (1,8), (1,9), (1,10), (-5,-5), (-5,-5)]

Shrinking Run 24
#Info# Executed steps before collision: 8, Found collision: false
Turtle 1 :[(-1,-1), (3,11), (2,11), (1,11), (0,11), (0,10), (0,9), (-1,-1), (-1,-1)]
Turtle 2 :[(-2,-2), (5,14), (6,14), (5,14), (4,14), (3,14), (2,14), (2,13), (1,13)]
Turtle 3 :[(-3,-3), (11,9), (10,9), (9,9), (8,9), (8,8), (-3,-3), (-3,-3), (-3,-3)]
Turtle 4 :[(-4,-4), (3,14), (3,14), (3,13), (2,13), (3,13), (4,13), (-4,-4), (-4,-4)]
Turtle 5 :[(-5,-5), (1,5), (1,6), (1,7), (1,8), (1,9), (1,10), (-5,-5), (-5,-5)]

Shrinking Run 25
#Info# Executed steps before collision: 8, Found collision: false
Turtle 1 :[(-1,-1), (3,11), (2,11), (1,11), (0,11), (0,10), (0,9), (-1,-1), (-1,-1)]
Turtle 2 :[(-2,-2), (5,14), (4,14), (4,13), (4,13), (3,13), (2,13), (2,13), (1,13)]
Turtle 3 :[(-3,-3), (11,9), (10,9), (9,9), (8,9), (8,8), (-3,-3), (-3,-3), (-3,-3)]
Turtle 4 :[(-4,-4), (3,14), (3,13), (3,12), (4,12), (4,11), (4,11), (5,11), (-4,-4)]
Turtle 5 :[(-5,-5), (1,5), (1,6), (1,7), (1,8), (1,9), (1,10), (-5,-5), (-5,-5)]

Shrinking Run 26
#Info# Executed steps before collision: 9, Found collision: false
Turtle 1 :[(-1,-1), (3,11), (2,11), (1,11), (0,11), (0,10), (0,11), (0,11), (0,10), (0,9)]
Turtle 2 :[(-2,-2), (5,14), (5,14), (4,14), (3,14), (3,13), (2,13), (1,13), (-2,-2), (-2,-2)]
Turtle 3 :[(-3,-3), (11,9), (10,9), (9,9), (8,9), (8,8), (-3,-3), (-3,-3), (-3,-3), (-3,-3)]
Turtle 4 :[(-4,-4), (3,14), (4,14), (4,13), (4,12), (4,13), (5,13), (-4,-4), (-4,-4), (-4,-4)]
Turtle 5 :[(-5,-5), (1,5), (1,6), (1,7), (1,8), (1,9), (1,10), (-5,-5), (-5,-5), (-5,-5)]

Shrinking Run 27
#Info# Executed steps before collision: 2, Found collision: true
Turtle 1 :[(-1,-1), (3,11), (2,11), (1,11), (0,11), (0,10), (0,11), (1,11), (1,10), (1,9), (0,9)]
Turtle 2 :[(-2,-2), (5,14), (4,14), (4,13), (4,13), (3,13), (2,13), (2,13), (1,13), (-2,-2), (-2,-2)]
Turtle 3 :[(-3,-3), (11,9), (10,9), (9,9), (8,9), (8,8), (-3,-3), (-3,-3), (-3,-3), (-3,-3), (-3,-3)]
Turtle 4 :[(-4,-4), (3,14), (4,14), (4,14), (5,14), (-4,-4), (-4,-4), (-4,-4), (-4,-4), (-4,-4), (-4,-4)]
Turtle 5 :[(-5,-5), (1,5), (1,6), (1,7), (1,8), (1,9), (1,10), (-5,-5), (-5,-5), (-5,-5), (-5,-5)]

Shrinking Run 28
#Info# Executed steps before collision: 9, Found collision: false
Turtle 1 :[(-1,-1), (3,11), (2,11), (1,11), (0,11), (0,10), (0,9), (-1,-1), (-1,-1), (-1,-1)]
Turtle 2 :[(-2,-2), (5,14), (5,14), (6,14), (6,13), (5,13), (4,13), (3,13), (2,13), (1,13)]
Turtle 3 :[(-3,-3), (11,9), (10,9), (9,9), (8,9), (8,8), (-3,-3), (-3,-3), (-3,-3), (-3,-3)]
Turtle 4 :[(-4,-4), (3,14), (4,14), (5,14), (-4,-4), (-4,-4), (-4,-4), (-4,-4), (-4,-4), (-4,-4)]
Turtle 5 :[(-5,-5), (1,5), (1,6), (1,7), (1,8), (0,8), (0,8), (0,9), (-5,-5), (-5,-5)]

Shrinking Run 29
#Info# Executed steps before collision: 2, Found collision: true
Turtle 1 :[(-1,-1), (3,11), (2,11), (1,11), (0,11), (0,10), (0,9)]
Turtle 2 :[(-2,-2), (5,14), (4,14), (3,14), (3,13), (2,13), (1,13)]
Turtle 3 :[(-3,-3), (11,9), (10,9), (9,9), (8,9), (8,8), (-3,-3)]
Turtle 4 :[(-4,-4), (3,14), (4,14), (5,14), (-4,-4), (-4,-4), (-4,-4)]
Turtle 5 :[(-5,-5), (1,5), (1,4), (1,3), (1,2), (1,1), (1,0)]

Shrinking Run 30
#Info# Executed steps before collision: 2, Found collision: true
Turtle 1 :[(-1,-1), (3,11), (2,11), (1,11), (0,11), (0,10), (0,9), (-1,-1), (-1,-1)]
Turtle 2 :[(-2,-2), (5,14), (4,14), (4,13), (4,13), (3,13), (2,13), (2,13), (1,13)]
Turtle 3 :[(-3,-3), (11,9), (10,9), (9,9), (8,9), (8,8), (-3,-3), (-3,-3), (-3,-3)]
Turtle 4 :[(-4,-4), (3,14), (4,14), (5,14), (-4,-4), (-4,-4), (-4,-4), (-4,-4), (-4,-4)]
Turtle 5 :[(-5,-5), (1,5), (1,4), (1,3), (1,2), (0,2), (0,1), (-5,-5), (-5,-5)]

Shrinking Run 31
#Info# Executed steps before collision: 8, Found collision: false
Turtle 1 :[(-1,-1), (3,11), (2,11), (1,11), (0,11), (0,10), (0,9), (-1,-1), (-1,-1)]
Turtle 2 :[(-2,-2), (5,14), (4,14), (4,13), (4,13), (3,13), (2,13), (2,13), (1,13)]
Turtle 3 :[(-3,-3), (11,9), (10,9), (9,9), (8,9), (8,8), (-3,-3), (-3,-3), (-3,-3)]
Turtle 4 :[(-4,-4), (3,14), (3,14), (4,14), (5,14), (-4,-4), (-4,-4), (-4,-4), (-4,-4)]
Turtle 5 :[(-5,-5), (1,5), (1,4), (0,4), (0,3), (0,2), (0,1), (-5,-5), (-5,-5)]

Shrinking Run 32
#Info# Executed steps before collision: 2, Found collision: true
Turtle 1 :[(-1,-1), (3,11), (2,11), (1,11), (0,11), (0,10), (0,9), (-1,-1), (-1,-1)]
Turtle 2 :[(-2,-2), (5,14), (4,14), (4,13), (4,13), (3,13), (2,13), (2,13), (1,13)]
Turtle 3 :[(-3,-3), (11,9), (10,9), (9,9), (8,9), (8,8), (-3,-3), (-3,-3), (-3,-3)]
Turtle 4 :[(-4,-4), (3,14), (4,14), (5,14), (-4,-4), (-4,-4), (-4,-4), (-4,-4), (-4,-4)]
Turtle 5 :[(-5,-5), (1,5), (0,5), (0,4), (0,3), (0,2), (0,1), (-5,-5), (-5,-5)]

Shrinking Run 33
#Info# Executed steps before collision: 2, Found collision: true
Turtle 1 :[(-1,-1), (3,11), (3,10), (2,10), (2,9), (2,8), (2,7), (-1,-1), (-1,-1)]
Turtle 2 :[(-2,-2), (5,14), (4,14), (4,13), (4,13), (3,13), (2,13), (2,13), (1,13)]
Turtle 3 :[(-3,-3), (11,9), (10,9), (9,9), (8,9), (8,8), (-3,-3), (-3,-3), (-3,-3)]
Turtle 4 :[(-4,-4), (3,14), (4,14), (5,14), (-4,-4), (-4,-4), (-4,-4), (-4,-4), (-4,-4)]
Turtle 5 :[(-5,-5), (1,5), (0,5), (0,4), (0,3), (0,2), (0,1), (-5,-5), (-5,-5)]

Shrinking Run 34
#Info# Executed steps before collision: 3, Found collision: true
Turtle 1 :[(-1,-1), (3,11), (3,10), (2,10), (1,10), (1,9), (1,8), (-1,-1), (-1,-1)]
Turtle 2 :[(-2,-2), (5,14), (6,14), (5,14), (4,14), (3,14), (2,14), (1,14), (1,13)]
Turtle 3 :[(-3,-3), (11,9), (10,9), (9,9), (8,9), (8,8), (-3,-3), (-3,-3), (-3,-3)]
Turtle 4 :[(-4,-4), (3,14), (4,14), (5,14), (-4,-4), (-4,-4), (-4,-4), (-4,-4), (-4,-4)]
Turtle 5 :[(-5,-5), (1,5), (0,5), (0,4), (0,3), (0,2), (0,1), (-5,-5), (-5,-5)]

Shrinking Run 35
#Info# Executed steps before collision: 3, Found collision: true
Turtle 1 :[(-1,-1), (3,11), (3,10), (2,10), (1,10), (0,10), (0,9), (-1,-1), (-1,-1)]
Turtle 2 :[(-2,-2), (5,14), (6,14), (5,14), (4,14), (3,14), (2,14), (1,14), (1,13)]
Turtle 3 :[(-3,-3), (11,9), (10,9), (9,9), (8,9), (8,8), (-3,-3), (-3,-3), (-3,-3)]
Turtle 4 :[(-4,-4), (3,14), (4,14), (5,14), (-4,-4), (-4,-4), (-4,-4), (-4,-4), (-4,-4)]
Turtle 5 :[(-5,-5), (1,5), (0,5), (0,4), (0,3), (0,2), (0,1), (-5,-5), (-5,-5)]

Shrinking Run 36
#Info# Executed steps before collision: 2, Found collision: true
Turtle 1 :[(-1,-1), (3,11), (2,11), (2,10), (1,10), (0,10), (0,9), (-1,-1), (-1,-1)]
Turtle 2 :[(-2,-2), (5,14), (4,14), (4,13), (4,13), (3,13), (2,13), (2,13), (1,13)]
Turtle 3 :[(-3,-3), (11,9), (10,9), (9,9), (8,9), (8,8), (-3,-3), (-3,-3), (-3,-3)]
Turtle 4 :[(-4,-4), (3,14), (4,14), (4,14), (5,14), (-4,-4), (-4,-4), (-4,-4), (-4,-4)]
Turtle 5 :[(-5,-5), (1,5), (0,5), (0,4), (0,3), (0,2), (0,1), (-5,-5), (-5,-5)]

Shrinking Run 37
#Info# Executed steps before collision: 6, Found collision: false
Turtle 1 :[(-1,-1), (3,11), (2,11), (1,11), (0,11), (0,10), (0,9)]
Turtle 2 :[(-2,-2), (5,14), (5,13), (4,13), (3,13), (2,13), (1,13)]
Turtle 3 :[(-3,-3), (11,9), (10,9), (9,9), (8,9), (8,8), (-3,-3)]
Turtle 4 :[(-4,-4), (3,14), (4,14), (5,14), (-4,-4), (-4,-4), (-4,-4)]
Turtle 5 :[(-5,-5), (1,5), (0,5), (0,4), (0,3), (0,2), (0,1)]

Shrinking Run 38
#Info# Executed steps before collision: 2, Found collision: true
Turtle 1 :[(-1,-1), (3,11), (2,11), (1,11), (0,11), (0,10), (0,9)]
Turtle 2 :[(-2,-2), (5,14), (4,14), (3,14), (2,14), (2,13), (1,13)]
Turtle 3 :[(-3,-3), (11,9), (10,9), (9,9), (8,9), (8,8), (-3,-3)]
Turtle 4 :[(-4,-4), (3,14), (4,14), (4,14), (5,14), (-4,-4), (-4,-4)]
Turtle 5 :[(-5,-5), (1,5), (0,5), (0,4), (0,3), (0,2), (0,1)]

Shrinking Run 39
#Info# Executed steps before collision: 3, Found collision: true
Turtle 1 :[(-1,-1), (3,11), (2,11), (1,11), (0,11), (0,10), (0,9), (-1,-1)]
Turtle 2 :[(-2,-2), (5,14), (5,14), (4,14), (3,14), (3,13), (2,13), (1,13)]
Turtle 3 :[(-3,-3), (11,9), (10,9), (9,9), (8,9), (8,8), (-3,-3), (-3,-3)]
Turtle 4 :[(-4,-4), (3,14), (3,14), (4,14), (5,14), (-4,-4), (-4,-4), (-4,-4)]
Turtle 5 :[(-5,-5), (1,5), (0,5), (0,4), (0,3), (0,2), (0,1), (-5,-5)]

Shrinking Run 40
#Info# Executed steps before collision: 6, Found collision: false
Turtle 1 :[(-1,-1), (3,11), (2,11), (1,11), (0,11), (0,10), (0,9)]
Turtle 2 :[(-2,-2), (5,14), (5,13), (4,13), (3,13), (2,13), (1,13)]
Turtle 3 :[(-3,-3), (11,9), (10,9), (9,9), (8,9), (7,9), (6,9)]
Turtle 4 :[(-4,-4), (3,14), (4,14), (4,14), (5,14), (-4,-4), (-4,-4)]
Turtle 5 :[(-5,-5), (1,5), (0,5), (0,4), (0,3), (0,2), (0,1)]

Shrinking Run 41
#Info# Executed steps before collision: 7, Found collision: false
Turtle 1 :[(-1,-1), (3,11), (2,11), (1,11), (0,11), (0,10), (0,9), (-1,-1)]
Turtle 2 :[(-2,-2), (5,14), (5,14), (5,13), (4,13), (3,13), (2,13), (1,13)]
Turtle 3 :[(-3,-3), (11,9), (10,9), (9,9), (8,9), (8,10), (7,10), (-3,-3)]
Turtle 4 :[(-4,-4), (3,14), (4,14), (3,14), (4,14), (5,14), (-4,-4), (-4,-4)]
Turtle 5 :[(-5,-5), (1,5), (0,5), (0,4), (0,3), (0,2), (0,1), (-5,-5)]

Shrinking Run 42
#Info# Executed steps before collision: 3, Found collision: true
Turtle 1 :[(-1,-1), (3,11), (2,11), (1,11), (0,11), (0,10), (0,9)]
Turtle 2 :[(-2,-2), (5,14), (4,14), (3,14), (3,13), (2,13), (1,13)]
Turtle 3 :[(-3,-3), (11,9), (10,9), (9,9), (9,8), (9,7), (8,7)]
Turtle 4 :[(-4,-4), (3,14), (2,14), (3,14), (4,14), (5,14), (-4,-4)]
Turtle 5 :[(-5,-5), (1,5), (0,5), (0,4), (0,3), (0,2), (0,1)]

Shrinking Run 43
#Info# Executed steps before collision: 8, Found collision: false
Turtle 1 :[(-1,-1), (3,11), (2,11), (1,11), (0,11), (0,10), (0,9), (-1,-1), (-1,-1)]
Turtle 2 :[(-2,-2), (5,14), (6,14), (5,14), (5,13), (4,13), (3,13), (2,13), (1,13)]
Turtle 3 :[(-3,-3), (11,9), (10,9), (9,9), (9,8), (8,8), (7,8), (-3,-3), (-3,-3)]
Turtle 4 :[(-4,-4), (3,14), (4,14), (4,14), (5,14), (-4,-4), (-4,-4), (-4,-4), (-4,-4)]
Turtle 5 :[(-5,-5), (1,5), (0,5), (0,4), (0,3), (0,2), (0,1), (-5,-5), (-5,-5)]

Shrinking Run 44
#Info# Executed steps before collision: 7, Found collision: false
Turtle 1 :[(-1,-1), (3,11), (2,11), (1,11), (0,11), (0,10), (0,9), (-1,-1)]
Turtle 2 :[(-2,-2), (5,14), (5,14), (4,14), (3,14), (2,14), (2,13), (1,13)]
Turtle 3 :[(-3,-3), (11,9), (10,9), (9,9), (8,9), (8,8), (7,8), (-3,-3)]
Turtle 4 :[(-4,-4), (3,14), (4,14), (4,13), (5,13), (5,14), (-4,-4), (-4,-4)]
Turtle 5 :[(-5,-5), (1,5), (0,5), (0,4), (0,3), (0,2), (0,1), (-5,-5)]

Shrinking Run 45
#Info# Executed steps before collision: 2, Found collision: true
Turtle 1 :[(-1,-1), (3,11), (2,11), (1,11), (0,11), (0,10), (0,9)]
Turtle 2 :[(-2,-2), (5,14), (4,14), (3,14), (3,13), (2,13), (1,13)]
Turtle 3 :[(-3,-3), (11,9), (11,8), (10,8), (9,8), (9,7), (8,7)]
Turtle 4 :[(-4,-4), (3,14), (4,14), (5,14), (-4,-4), (-4,-4), (-4,-4)]
Turtle 5 :[(-5,-5), (1,5), (0,5), (0,4), (0,3), (0,2), (0,1)]

Shrinking Run 46
#Info# Executed steps before collision: 2, Found collision: true
Turtle 1 :[(-1,-1), (3,11), (2,11), (1,11), (0,11), (0,10), (0,9)]
Turtle 2 :[(-2,-2), (5,14), (4,14), (3,14), (3,13), (2,13), (1,13)]
Turtle 3 :[(-3,-3), (11,9), (11,8), (11,7), (10,7), (9,7), (8,7)]
Turtle 4 :[(-4,-4), (3,14), (4,14), (5,14), (-4,-4), (-4,-4), (-4,-4)]
Turtle 5 :[(-5,-5), (1,5), (0,5), (0,4), (0,3), (0,2), (0,1)]

Shrinking Run 47
#Info# Executed steps before collision: 6, Found collision: false
Turtle 1 :[(-1,-1), (3,11), (2,11), (1,11), (0,11), (0,10), (0,9)]
Turtle 2 :[(-2,-2), (5,14), (4,14), (3,14), (3,13), (2,13), (1,13)]
Turtle 3 :[(-3,-3), (11,9), (11,8), (11,7), (10,7), (9,7), (8,7)]
Turtle 4 :[(-4,-4), (3,14), (2,14), (1,14), (1,13), (1,14), (0,14)]
Turtle 5 :[(-5,-5), (1,5), (0,5), (0,4), (0,3), (0,2), (0,1)]

Shrinking Run 48
#Info# Executed steps before collision: 7, Found collision: false
Turtle 1 :[(-1,-1), (3,11), (2,11), (1,11), (0,11), (0,10), (0,9), (-1,-1)]
Turtle 2 :[(-2,-2), (5,14), (4,14), (4,14), (3,14), (3,13), (2,13), (1,13)]
Turtle 3 :[(-3,-3), (11,9), (11,8), (11,7), (10,7), (9,7), (8,7), (-3,-3)]
Turtle 4 :[(-4,-4), (3,14), (3,14), (3,13), (2,13), (2,13), (3,13), (4,13)]
Turtle 5 :[(-5,-5), (1,5), (0,5), (0,4), (0,3), (0,2), (0,1), (-5,-5)]

Shrinking Run 49
#Info# Executed steps before collision: 7, Found collision: false
Turtle 1 :[(-1,-1), (3,11), (2,11), (1,11), (0,11), (0,10), (0,9), (-1,-1)]
Turtle 2 :[(-2,-2), (5,14), (4,14), (3,14), (3,13), (2,13), (1,13), (-2,-2)]
Turtle 3 :[(-3,-3), (11,9), (11,8), (11,7), (10,7), (9,7), (8,7), (-3,-3)]
Turtle 4 :[(-4,-4), (3,14), (3,13), (3,12), (4,12), (4,11), (4,11), (5,11)]
Turtle 5 :[(-5,-5), (1,5), (0,5), (0,4), (0,3), (0,2), (0,1), (-5,-5)]

Shrinking Run 50
#Info# Executed steps before collision: 2, Found collision: true
Turtle 1 :[(-1,-1), (3,11), (2,11), (1,11), (0,11), (0,10), (0,9)]
Turtle 2 :[(-2,-2), (5,14), (4,14), (3,14), (3,13), (2,13), (1,13)]
Turtle 3 :[(-3,-3), (11,9), (11,8), (11,7), (10,7), (9,7), (8,7)]
Turtle 4 :[(-4,-4), (3,14), (4,14), (4,13), (5,13), (-4,-4), (-4,-4)]
Turtle 5 :[(-5,-5), (1,5), (0,5), (0,4), (0,3), (0,2), (0,1)]

Shrinking Run 51
#Info# Executed steps before collision: 7, Found collision: false
Turtle 1 :[(-1,-1), (3,11), (2,11), (1,11), (0,11), (0,10), (0,9), (-1,-1)]
Turtle 2 :[(-2,-2), (5,14), (5,14), (4,14), (3,14), (3,13), (2,13), (1,13)]
Turtle 3 :[(-3,-3), (11,9), (11,8), (11,7), (10,7), (9,7), (8,7), (-3,-3)]
Turtle 4 :[(-4,-4), (3,14), (3,13), (3,12), (4,12), (5,12), (-4,-4), (-4,-4)]
Turtle 5 :[(-5,-5), (1,5), (0,5), (0,4), (0,3), (0,2), (0,1), (-5,-5)]

Shrinking Run 52
#Info# Executed steps before collision: 6, Found collision: false
Turtle 1 :[(-1,-1), (3,11), (2,11), (1,11), (0,11), (0,10), (0,9)]
Turtle 2 :[(-2,-2), (5,14), (4,14), (3,14), (3,13), (2,13), (1,13)]
Turtle 3 :[(-3,-3), (11,9), (11,8), (11,7), (10,7), (9,7), (8,7)]
Turtle 4 :[(-4,-4), (3,14), (2,14), (2,13), (1,13), (0,13), (-4,-4)]
Turtle 5 :[(-5,-5), (1,5), (0,5), (0,4), (0,3), (0,2), (0,1)]

Shrinking Run 53
#Info# Executed steps before collision: 3, Found collision: true
Turtle 1 :[(-1,-1), (3,11), (2,11), (1,11), (0,11), (0,10), (0,9)]
Turtle 2 :[(-2,-2), (5,14), (4,14), (3,14), (3,13), (2,13), (1,13)]
Turtle 3 :[(-3,-3), (11,9), (11,8), (11,7), (10,7), (9,7), (8,7)]
Turtle 4 :[(-4,-4), (3,14), (3,13), (3,14), (3,13), (4,13), (-4,-4)]
Turtle 5 :[(-5,-5), (1,5), (0,5), (0,4), (0,3), (0,2), (0,1)]

Shrinking Run 54
#Info# Executed steps before collision: 9, Found collision: false
Turtle 1 :[(-1,-1), (3,11), (2,11), (1,11), (0,11), (0,10), (0,9), (-1,-1), (-1,-1), (-1,-1)]
Turtle 2 :[(-2,-2), (5,14), (4,14), (3,14), (3,13), (2,13), (1,13), (-2,-2), (-2,-2), (-2,-2)]
Turtle 3 :[(-3,-3), (11,9), (11,8), (11,7), (10,7), (9,7), (8,7), (-3,-3), (-3,-3), (-3,-3)]
Turtle 4 :[(-4,-4), (3,14), (3,13), (3,12), (2,12), (1,12), (1,11), (1,12), (2,12), (2,13)]
Turtle 5 :[(-5,-5), (1,5), (0,5), (0,4), (0,3), (0,2), (0,1), (-5,-5), (-5,-5), (-5,-5)]

Shrinking Run 55
#Info# Executed steps before collision: 6, Found collision: false
Turtle 1 :[(-1,-1), (3,11), (2,11), (1,11), (0,11), (0,10), (0,9)]
Turtle 2 :[(-2,-2), (5,14), (4,14), (3,14), (3,13), (2,13), (1,13)]
Turtle 3 :[(-3,-3), (11,9), (11,8), (11,7), (10,7), (9,7), (8,7)]
Turtle 4 :[(-4,-4), (3,14), (2,14), (2,13), (2,12), (3,12), (-4,-4)]
Turtle 5 :[(-5,-5), (1,5), (0,5), (0,4), (0,3), (0,2), (0,1)]

Shrinking Run 56
#Info# Executed steps before collision: 7, Found collision: false
Turtle 1 :[(-1,-1), (3,11), (2,11), (1,11), (0,11), (0,10), (0,9), (-1,-1)]
Turtle 2 :[(-2,-2), (5,14), (4,14), (3,14), (3,13), (2,13), (1,13), (-2,-2)]
Turtle 3 :[(-3,-3), (11,9), (11,8), (11,7), (10,7), (9,7), (8,7), (-3,-3)]
Turtle 4 :[(-4,-4), (3,14), (3,13), (3,12), (3,11), (3,10), (3,10), (4,10)]
Turtle 5 :[(-5,-5), (1,5), (0,5), (0,4), (0,3), (0,2), (0,1), (-5,-5)]

Shrinking Run 57
#Info# Executed steps before collision: 6, Found collision: false
Turtle 1 :[(-1,-1), (3,11), (2,11), (1,11), (0,11), (0,10), (0,9)]
Turtle 2 :[(-2,-2), (5,14), (4,14), (3,14), (3,13), (2,13), (1,13)]
Turtle 3 :[(-3,-3), (11,9), (11,8), (11,7), (10,7), (9,7), (8,7)]
Turtle 4 :[(-4,-4), (3,14), (3,13), (3,12), (3,11), (4,11), (-4,-4)]
Turtle 5 :[(-5,-5), (1,5), (0,5), (0,4), (0,3), (0,2), (0,1)]

Shrinking Run 58
#Info# Executed steps before collision: 6, Found collision: false
Turtle 1 :[(-1,-1), (3,11), (2,11), (1,11), (0,11), (0,10), (0,9)]
Turtle 2 :[(-2,-2), (5,14), (4,14), (3,14), (3,13), (2,13), (1,13)]
Turtle 3 :[(-3,-3), (11,9), (11,8), (11,7), (10,7), (9,7), (8,7)]
Turtle 4 :[(-4,-4), (3,14), (3,13), (3,12), (3,11), (3,12), (4,12)]
Turtle 5 :[(-5,-5), (1,5), (0,5), (0,4), (0,3), (0,2), (0,1)]

Shrinking Run 59
#Info# Executed steps before collision: 2, Found collision: true
Turtle 1 :[(-1,-1), (3,11), (2,11), (1,11), (0,11), (0,10), (0,9)]
Turtle 2 :[(-2,-2), (5,14), (4,14), (3,14), (3,13), (2,13), (1,13)]
Turtle 3 :[(-3,-3), (11,9), (11,8), (11,7), (10,7), (9,7), (8,7)]
Turtle 4 :[(-4,-4), (3,14), (4,14), (4,13), (4,12), (-4,-4), (-4,-4)]
Turtle 5 :[(-5,-5), (1,5), (0,5), (0,4), (0,3), (0,2), (0,1)]

Shrinking Run 60
#Info# Executed steps before collision: 8, Found collision: false
Turtle 1 :[(-1,-1), (3,11), (2,11), (1,11), (0,11), (0,10), (0,9), (-1,-1), (-1,-1)]
Turtle 2 :[(-2,-2), (5,14), (5,14), (5,14), (4,14), (3,14), (3,13), (2,13), (1,13)]
Turtle 3 :[(-3,-3), (11,9), (11,8), (11,7), (10,7), (9,7), (8,7), (-3,-3), (-3,-3)]
Turtle 4 :[(-4,-4), (3,14), (4,14), (4,13), (-4,-4), (-4,-4), (-4,-4), (-4,-4), (-4,-4)]
Turtle 5 :[(-5,-5), (1,5), (0,5), (0,4), (0,3), (0,2), (0,1), (-5,-5), (-5,-5)]

Shrinking Run 61
#Info# Executed steps before collision: 3, Found collision: true
Turtle 1 :[(-1,-1), (3,11), (2,11), (1,11), (0,11), (0,10), (0,9), (-1,-1), (-1,-1)]
Turtle 2 :[(-2,-2), (5,14), (6,14), (5,14), (4,14), (4,13), (3,13), (2,13), (1,13)]
Turtle 3 :[(-3,-3), (11,9), (11,8), (11,7), (10,7), (9,7), (8,7), (-3,-3), (-3,-3)]
Turtle 4 :[(-4,-4), (3,14), (4,14), (5,14), (4,14), (5,14), (4,14), (4,13), (-4,-4)]
Turtle 5 :[(-5,-5), (1,5), (0,5), (0,4), (0,3), (0,2), (0,1), (-5,-5), (-5,-5)]

Shrinking Run 62
#Info# Executed steps before collision: 2, Found collision: true
Turtle 1 :[(-1,-1), (3,11), (2,11), (1,11), (0,11), (0,10), (0,10), (0,9)]
Turtle 2 :[(-2,-2), (5,14), (4,14), (3,14), (3,13), (2,13), (1,13), (-2,-2)]
Turtle 3 :[(-3,-3), (11,9), (11,8), (11,7), (10,7), (9,7), (8,7), (-3,-3)]
Turtle 4 :[(-4,-4), (3,14), (4,14), (5,14), (4,14), (4,13), (-4,-4), (-4,-4)]
Turtle 5 :[(-5,-5), (1,5), (1,6), (1,7), (1,8), (0,8), (0,9), (-5,-5)]

Shrinking Run 63
#Info# Executed steps before collision: 2, Found collision: true
Turtle 1 :[(-1,-1), (3,11), (2,11), (1,11), (0,11), (0,10), (0,9), (-1,-1)]
Turtle 2 :[(-2,-2), (5,14), (4,14), (3,14), (3,13), (2,13), (1,13), (-2,-2)]
Turtle 3 :[(-3,-3), (11,9), (11,8), (11,7), (10,7), (9,7), (8,7), (-3,-3)]
Turtle 4 :[(-4,-4), (3,14), (4,14), (5,14), (6,14), (6,13), (5,13), (4,13)]
Turtle 5 :[(-5,-5), (1,5), (1,4), (1,3), (1,2), (0,2), (0,1), (-5,-5)]

Shrinking Run 64
#Info# Executed steps before collision: 3, Found collision: true
Turtle 1 :[(-1,-1), (3,11), (2,11), (1,11), (0,11), (0,10), (0,9)]
Turtle 2 :[(-2,-2), (5,14), (5,13), (4,13), (3,13), (2,13), (1,13)]
Turtle 3 :[(-3,-3), (11,9), (11,8), (11,7), (10,7), (9,7), (8,7)]
Turtle 4 :[(-4,-4), (3,14), (3,13), (4,13), (-4,-4), (-4,-4), (-4,-4)]
Turtle 5 :[(-5,-5), (1,5), (1,4), (0,4), (0,3), (0,2), (0,1)]

Shrinking Run 65
#Info# Executed steps before collision: 2, Found collision: true
Turtle 1 :[(-1,-1), (3,11), (2,11), (1,11), (0,11), (0,10), (0,9), (-1,-1), (-1,-1)]
Turtle 2 :[(-2,-2), (5,14), (4,14), (3,14), (3,14), (3,13), (2,13), (2,13), (1,13)]
Turtle 3 :[(-3,-3), (11,9), (11,8), (11,7), (10,7), (9,7), (8,7), (-3,-3), (-3,-3)]
Turtle 4 :[(-4,-4), (3,14), (4,14), (5,14), (4,14), (4,13), (-4,-4), (-4,-4), (-4,-4)]
Turtle 5 :[(-5,-5), (1,5), (0,5), (0,4), (0,3), (0,2), (0,1), (-5,-5), (-5,-5)]

Shrinking Run 66
#Info# Executed steps before collision: 2, Found collision: true
Turtle 1 :[(-1,-1), (3,11), (2,11), (1,11), (0,11), (0,10), (0,9), (-1,-1), (-1,-1)]
Turtle 2 :[(-2,-2), (5,14), (4,14), (3,14), (3,14), (2,14), (1,14), (1,14), (0,14)]
Turtle 3 :[(-3,-3), (11,9), (11,8), (11,7), (10,7), (9,7), (8,7), (-3,-3), (-3,-3)]
Turtle 4 :[(-4,-4), (3,14), (4,14), (5,14), (4,14), (4,13), (-4,-4), (-4,-4), (-4,-4)]
Turtle 5 :[(-5,-5), (1,5), (0,5), (0,4), (0,3), (0,2), (0,1), (-5,-5), (-5,-5)]

Shrinking Run 67
#Info# Executed steps before collision: 6, Found collision: false
Turtle 1 :[(-1,-1), (3,11), (2,11), (1,11), (0,11), (0,10), (0,9)]
Turtle 2 :[(-2,-2), (5,14), (4,14), (3,14), (2,14), (1,14), (0,14)]
Turtle 3 :[(-3,-3), (11,9), (11,8), (11,7), (10,7), (9,7), (8,7)]
Turtle 4 :[(-4,-4), (3,14), (3,13), (4,13), (-4,-4), (-4,-4), (-4,-4)]
Turtle 5 :[(-5,-5), (1,5), (0,5), (0,4), (0,3), (0,2), (0,1)]

Shrinking Run 68
#Info# Executed steps before collision: 4, Found collision: true
Turtle 1 :[(-1,-1), (3,11), (2,11), (1,11), (0,11), (0,10), (0,9), (-1,-1), (-1,-1)]
Turtle 2 :[(-2,-2), (5,14), (4,14), (4,13), (4,14), (3,14), (2,14), (1,14), (0,14)]
Turtle 3 :[(-3,-3), (11,9), (11,8), (11,7), (10,7), (9,7), (8,7), (-3,-3), (-3,-3)]
Turtle 4 :[(-4,-4), (3,14), (3,14), (4,14), (4,14), (5,14), (4,14), (4,13), (-4,-4)]
Turtle 5 :[(-5,-5), (1,5), (0,5), (0,4), (0,3), (0,2), (0,1), (-5,-5), (-5,-5)]

Shrinking Run 69
#Info# Executed steps before collision: 2, Found collision: true
Turtle 1 :[(-1,-1), (3,11), (2,11), (1,11), (0,11), (0,10), (0,9), (-1,-1)]
Turtle 2 :[(-2,-2), (5,14), (4,14), (3,14), (2,14), (1,14), (1,14), (0,14)]
Turtle 3 :[(-3,-3), (11,9), (11,8), (11,7), (10,7), (9,7), (8,7), (-3,-3)]
Turtle 4 :[(-4,-4), (3,14), (4,14), (5,14), (4,14), (4,13), (-4,-4), (-4,-4)]
Turtle 5 :[(-5,-5), (1,5), (0,5), (0,4), (0,3), (0,2), (0,1), (-5,-5)]

Shrinking Run 70
#Info# Executed steps before collision: 3, Found collision: true
Turtle 1 :[(-1,-1), (3,11), (2,11), (1,11), (0,11), (0,10), (0,9), (-1,-1), (-1,-1)]
Turtle 2 :[(-2,-2), (5,14), (4,14), (4,14), (3,14), (2,14), (1,14), (1,14), (0,14)]
Turtle 3 :[(-3,-3), (11,9), (10,9), (9,9), (8,9), (7,9), (6,9), (-3,-3), (-3,-3)]
Turtle 4 :[(-4,-4), (3,14), (3,14), (4,14), (5,14), (4,14), (4,13), (-4,-4), (-4,-4)]
Turtle 5 :[(-5,-5), (1,5), (0,5), (0,4), (0,3), (0,2), (0,1), (-5,-5), (-5,-5)]

Shrinking Run 71
#Info# Executed steps before collision: 3, Found collision: true
Turtle 1 :[(-1,-1), (3,11), (2,11), (1,11), (0,11), (0,10), (0,9), (-1,-1)]
Turtle 2 :[(-2,-2), (5,14), (4,14), (3,14), (2,14), (1,14), (1,14), (0,14)]
Turtle 3 :[(-3,-3), (11,9), (10,9), (9,9), (9,8), (9,7), (8,7), (-3,-3)]
Turtle 4 :[(-4,-4), (3,14), (2,14), (3,14), (4,14), (4,13), (-4,-4), (-4,-4)]
Turtle 5 :[(-5,-5), (1,5), (0,5), (0,4), (0,3), (0,2), (0,1), (-5,-5)]

Shrinking Run 72
#Info# Executed steps before collision: 2, Found collision: true
Turtle 1 :[(-1,-1), (3,11), (2,11), (1,11), (0,11), (0,10), (0,9), (-1,-1)]
Turtle 2 :[(-2,-2), (5,14), (4,14), (3,14), (2,14), (1,14), (1,14), (0,14)]
Turtle 3 :[(-3,-3), (11,9), (10,9), (9,9), (9,8), (8,8), (7,8), (-3,-3)]
Turtle 4 :[(-4,-4), (3,14), (4,14), (4,13), (-4,-4), (-4,-4), (-4,-4), (-4,-4)]
Turtle 5 :[(-5,-5), (1,5), (0,5), (0,4), (0,3), (0,2), (0,1), (-5,-5)]

Shrinking Run 73
#Info# Executed steps before collision: 10, Found collision: false
Turtle 1 :[(-1,-1), (3,11), (2,11), (1,11), (0,11), (0,10), (0,9), (-1,-1), (-1,-1), (-1,-1), (-1,-1)]
Turtle 2 :[(-2,-2), (5,14), (6,14), (5,14), (4,14), (3,14), (2,14), (2,13), (1,13), (1,14), (0,14)]
Turtle 3 :[(-3,-3), (11,9), (10,9), (9,9), (8,9), (7,9), (6,9), (-3,-3), (-3,-3), (-3,-3), (-3,-3)]
Turtle 4 :[(-4,-4), (3,14), (2,14), (1,14), (1,13), (1,14), (0,14), (-4,-4), (-4,-4), (-4,-4), (-4,-4)]
Turtle 5 :[(-5,-5), (1,5), (0,5), (0,4), (0,3), (0,2), (0,1), (-5,-5), (-5,-5), (-5,-5), (-5,-5)]

Shrinking Run 74
#Info# Executed steps before collision: 11, Found collision: false
Turtle 1 :[(-1,-1), (3,11), (2,11), (1,11), (0,11), (0,10), (0,9), (-1,-1), (-1,-1), (-1,-1), (-1,-1), (-1,-1)]
Turtle 2 :[(-2,-2), (5,14), (5,13), (4,13), (4,12), (3,12), (3,12), (3,13), (2,13), (1,13), (0,13), (0,14)]
Turtle 3 :[(-3,-3), (11,9), (10,9), (9,9), (8,9), (7,9), (6,9), (-3,-3), (-3,-3), (-3,-3), (-3,-3), (-3,-3)]
Turtle 4 :[(-4,-4), (3,14), (3,14), (3,13), (2,13), (3,13), (4,13), (-4,-4), (-4,-4), (-4,-4), (-4,-4), (-4,-4)]
Turtle 5 :[(-5,-5), (1,5), (0,5), (0,4), (0,3), (0,2), (0,1), (-5,-5), (-5,-5), (-5,-5), (-5,-5), (-5,-5)]

Shrinking Run 75
#Info# Executed steps before collision: 7, Found collision: false
Turtle 1 :[(-1,-1), (3,11), (2,11), (1,11), (0,11), (0,10), (0,9), (-1,-1)]
Turtle 2 :[(-2,-2), (5,14), (4,14), (3,14), (2,14), (1,14), (1,14), (0,14)]
Turtle 3 :[(-3,-3), (11,9), (10,9), (9,9), (8,9), (7,9), (6,9), (-3,-3)]
Turtle 4 :[(-4,-4), (3,14), (3,13), (3,12), (4,12), (4,11), (4,11), (5,11)]
Turtle 5 :[(-5,-5), (1,5), (0,5), (0,4), (0,3), (0,2), (0,1), (-5,-5)]

Shrinking Run 76
#Info# Executed steps before collision: 7, Found collision: false
Turtle 1 :[(-1,-1), (3,11), (2,11), (1,11), (0,11), (0,10), (0,9), (-1,-1)]
Turtle 2 :[(-2,-2), (5,14), (4,14), (3,14), (2,14), (1,14), (1,14), (0,14)]
Turtle 3 :[(-3,-3), (11,9), (10,9), (9,9), (8,9), (7,9), (6,9), (-3,-3)]
Turtle 4 :[(-4,-4), (3,14), (3,13), (3,12), (4,12), (5,12), (-4,-4), (-4,-4)]
Turtle 5 :[(-5,-5), (1,5), (0,5), (0,4), (0,3), (0,2), (0,1), (-5,-5)]

Shrinking Run 77
#Info# Executed steps before collision: 7, Found collision: false
Turtle 1 :[(-1,-1), (3,11), (2,11), (1,11), (0,11), (0,10), (0,9), (-1,-1)]
Turtle 2 :[(-2,-2), (5,14), (4,14), (3,14), (2,14), (1,14), (1,14), (0,14)]
Turtle 3 :[(-3,-3), (11,9), (10,9), (9,9), (8,9), (7,9), (6,9), (-3,-3)]
Turtle 4 :[(-4,-4), (3,14), (2,14), (2,13), (1,13), (0,13), (-4,-4), (-4,-4)]
Turtle 5 :[(-5,-5), (1,5), (0,5), (0,4), (0,3), (0,2), (0,1), (-5,-5)]

Shrinking Run 78
#Info# Executed steps before collision: 11, Found collision: false
Turtle 1 :[(-1,-1), (3,11), (2,11), (1,11), (0,11), (0,10), (0,9), (-1,-1), (-1,-1), (-1,-1), (-1,-1), (-1,-1)]
Turtle 2 :[(-2,-2), (5,14), (5,14), (4,14), (4,13), (4,12), (3,12), (2,12), (1,12), (1,13), (0,13), (0,14)]
Turtle 3 :[(-3,-3), (11,9), (10,9), (9,9), (8,9), (7,9), (6,9), (-3,-3), (-3,-3), (-3,-3), (-3,-3), (-3,-3)]
Turtle 4 :[(-4,-4), (3,14), (3,13), (3,14), (3,13), (2,13), (-4,-4), (-4,-4), (-4,-4), (-4,-4), (-4,-4), (-4,-4)]
Turtle 5 :[(-5,-5), (1,5), (0,5), (0,4), (0,3), (0,2), (0,1), (-5,-5), (-5,-5), (-5,-5), (-5,-5), (-5,-5)]

Shrinking Run 79
#Info# Executed steps before collision: 6, Found collision: false
Turtle 1 :[(-1,-1), (3,11), (2,11), (1,11), (0,11), (0,10), (0,9)]
Turtle 2 :[(-2,-2), (5,14), (4,14), (3,14), (2,14), (1,14), (0,14)]
Turtle 3 :[(-3,-3), (11,9), (10,9), (9,9), (8,9), (7,9), (6,9)]
Turtle 4 :[(-4,-4), (3,14), (3,13), (3,12), (-4,-4), (-4,-4), (-4,-4)]
Turtle 5 :[(-5,-5), (1,5), (0,5), (0,4), (0,3), (0,2), (0,1)]

Shrinking Run 80
#Info# Executed steps before collision: 7, Found collision: false
Turtle 1 :[(-1,-1), (3,11), (2,11), (1,11), (0,11), (0,10), (0,9), (-1,-1)]
Turtle 2 :[(-2,-2), (5,14), (4,14), (3,14), (2,14), (1,14), (1,14), (0,14)]
Turtle 3 :[(-3,-3), (11,9), (10,9), (9,9), (8,9), (7,9), (6,9), (-3,-3)]
Turtle 4 :[(-4,-4), (3,14), (3,13), (3,12), (3,11), (3,10), (3,10), (4,10)]
Turtle 5 :[(-5,-5), (1,5), (0,5), (0,4), (0,3), (0,2), (0,1), (-5,-5)]

Shrinking Run 81
#Info# Executed steps before collision: 8, Found collision: false
Turtle 1 :[(-1,-1), (3,11), (2,11), (1,11), (0,11), (0,10), (0,9), (-1,-1), (-1,-1)]
Turtle 2 :[(-2,-2), (5,14), (6,14), (5,14), (4,14), (3,14), (2,14), (1,14), (0,14)]
Turtle 3 :[(-3,-3), (11,9), (10,9), (9,9), (8,9), (7,9), (6,9), (-3,-3), (-3,-3)]
Turtle 4 :[(-4,-4), (3,14), (3,13), (3,12), (3,11), (4,11), (-4,-4), (-4,-4), (-4,-4)]
Turtle 5 :[(-5,-5), (1,5), (0,5), (0,4), (0,3), (0,2), (0,1), (-5,-5), (-5,-5)]

Shrinking Run 82
#Info# Executed steps before collision: 6, Found collision: false
Turtle 1 :[(-1,-1), (3,11), (2,11), (1,11), (0,11), (0,10), (0,9)]
Turtle 2 :[(-2,-2), (5,14), (4,14), (3,14), (2,14), (1,14), (0,14)]
Turtle 3 :[(-3,-3), (11,9), (10,9), (9,9), (8,9), (7,9), (6,9)]
Turtle 4 :[(-4,-4), (3,14), (3,13), (3,12), (3,11), (3,12), (4,12)]
Turtle 5 :[(-5,-5), (1,5), (0,5), (0,4), (0,3), (0,2), (0,1)]

Shrinking Run 83
#Info# Executed steps before collision: 2, Found collision: true
Turtle 1 :[(-1,-1), (3,11), (2,11), (1,11), (0,11), (0,10), (0,9)]
Turtle 2 :[(-2,-2), (5,14), (4,14), (3,14), (2,14), (1,14), (0,14)]
Turtle 3 :[(-3,-3), (11,9), (10,9), (9,9), (8,9), (7,9), (6,9)]
Turtle 4 :[(-4,-4), (3,14), (4,14), (4,13), (-4,-4), (-4,-4), (-4,-4)]
Turtle 5 :[(-5,-5), (1,5), (0,5), (0,4), (0,3), (0,2), (0,1)]

Shrinking Run 84
#Info# Executed steps before collision: 2, Found collision: true
Turtle 1 :[(-1,-1), (3,11), (2,11), (1,11), (0,11), (0,10), (0,9)]
Turtle 2 :[(-2,-2), (5,14), (4,14), (3,14), (2,14), (1,14), (0,14)]
Turtle 3 :[(-3,-3), (11,9), (10,9), (9,9), (8,9), (7,9), (6,9)]
Turtle 4 :[(-4,-4), (3,14), (4,14), (4,13), (-4,-4), (-4,-4), (-4,-4)]
Turtle 5 :[(-5,-5), (1,5), (0,5), (0,4), (0,3), (0,2), (0,1)]

Shrinking Run 85
#Info# Executed steps before collision: 8, Found collision: false
Turtle 1 :[(-1,-1), (3,11), (2,11), (1,11), (0,11), (0,10), (0,9), (-1,-1), (-1,-1)]
Turtle 2 :[(-2,-2), (5,14), (4,14), (3,14), (2,14), (1,14), (0,14), (-2,-2), (-2,-2)]
Turtle 3 :[(-3,-3), (11,9), (10,9), (9,9), (8,9), (7,9), (6,9), (-3,-3), (-3,-3)]
Turtle 4 :[(-4,-4), (3,14), (2,14), (1,14), (1,13), (0,13), (0,12), (0,13), (0,14)]
Turtle 5 :[(-5,-5), (1,5), (0,5), (0,4), (0,3), (0,2), (0,1), (-5,-5), (-5,-5)]

Shrinking Run 86
#Info# Executed steps before collision: 8, Found collision: false
Turtle 1 :[(-1,-1), (3,11), (2,11), (1,11), (0,11), (0,10), (0,9), (-1,-1), (-1,-1)]
Turtle 2 :[(-2,-2), (5,14), (6,14), (5,14), (4,14), (3,14), (2,14), (1,14), (0,14)]
Turtle 3 :[(-3,-3), (11,9), (10,9), (9,9), (8,9), (7,9), (6,9), (-3,-3), (-3,-3)]
Turtle 4 :[(-4,-4), (3,14), (3,14), (3,13), (2,13), (3,13), (4,13), (-4,-4), (-4,-4)]
Turtle 5 :[(-5,-5), (1,5), (0,5), (0,4), (0,3), (0,2), (0,1), (-5,-5), (-5,-5)]

Shrinking Run 87
#Info# Executed steps before collision: 8, Found collision: false
Turtle 1 :[(-1,-1), (3,11), (2,11), (1,11), (0,11), (0,10), (0,9), (-1,-1), (-1,-1)]
Turtle 2 :[(-2,-2), (5,14), (6,14), (5,14), (4,14), (3,14), (2,14), (1,14), (0,14)]
Turtle 3 :[(-3,-3), (11,9), (10,9), (9,9), (8,9), (7,9), (6,9), (-3,-3), (-3,-3)]
Turtle 4 :[(-4,-4), (3,14), (3,13), (3,12), (4,12), (4,11), (4,11), (5,11), (-4,-4)]
Turtle 5 :[(-5,-5), (1,5), (0,5), (0,4), (0,3), (0,2), (0,1), (-5,-5), (-5,-5)]

Shrinking Run 88
#Info# Executed steps before collision: 6, Found collision: false
Turtle 1 :[(-1,-1), (3,11), (2,11), (1,11), (0,11), (0,10), (0,9)]
Turtle 2 :[(-2,-2), (5,14), (4,14), (3,14), (2,14), (1,14), (0,14)]
Turtle 3 :[(-3,-3), (11,9), (10,9), (9,9), (8,9), (7,9), (6,9)]
Turtle 4 :[(-4,-4), (3,14), (3,13), (3,12), (4,12), (5,12), (-4,-4)]
Turtle 5 :[(-5,-5), (1,5), (0,5), (0,4), (0,3), (0,2), (0,1)]

Shrinking Run 89
#Info# Executed steps before collision: 6, Found collision: false
Turtle 1 :[(-1,-1), (3,11), (2,11), (1,11), (0,11), (0,10), (0,9)]
Turtle 2 :[(-2,-2), (5,14), (4,14), (3,14), (2,14), (1,14), (0,14)]
Turtle 3 :[(-3,-3), (11,9), (10,9), (9,9), (8,9), (7,9), (6,9)]
Turtle 4 :[(-4,-4), (3,14), (2,14), (2,13), (1,13), (0,13), (-4,-4)]
Turtle 5 :[(-5,-5), (1,5), (0,5), (0,4), (0,3), (0,2), (0,1)]

Shrinking Run 90
#Info# Executed steps before collision: 4, Found collision: true
Turtle 1 :[(-1,-1), (3,11), (2,11), (1,11), (0,11), (0,10), (0,9), (-1,-1), (-1,-1)]
Turtle 2 :[(-2,-2), (5,14), (5,13), (4,13), (3,13), (2,13), (1,13), (1,14), (0,14)]
Turtle 3 :[(-3,-3), (11,9), (10,9), (9,9), (8,9), (7,9), (6,9), (-3,-3), (-3,-3)]
Turtle 4 :[(-4,-4), (3,14), (3,13), (3,14), (3,13), (3,13), (4,13), (3,13), (2,13)]
Turtle 5 :[(-5,-5), (1,5), (0,5), (0,4), (0,3), (0,2), (0,1), (-5,-5), (-5,-5)]

Shrinking Run 91
#Info# Executed steps before collision: 6, Found collision: false
Turtle 1 :[(-1,-1), (3,11), (2,11), (1,11), (0,11), (0,10), (0,9)]
Turtle 2 :[(-2,-2), (5,14), (4,14), (3,14), (2,14), (1,14), (0,14)]
Turtle 3 :[(-3,-3), (11,9), (10,9), (9,9), (8,9), (7,9), (6,9)]
Turtle 4 :[(-4,-4), (3,14), (2,14), (2,13), (2,12), (2,13), (1,13)]
Turtle 5 :[(-5,-5), (1,5), (0,5), (0,4), (0,3), (0,2), (0,1)]

Shrinking Run 92
#Info# Executed steps before collision: 8, Found collision: false
Turtle 1 :[(-1,-1), (3,11), (2,11), (1,11), (0,11), (0,10), (0,9), (-1,-1), (-1,-1)]
Turtle 2 :[(-2,-2), (5,14), (6,14), (5,14), (4,14), (3,14), (2,14), (1,14), (0,14)]
Turtle 3 :[(-3,-3), (11,9), (10,9), (9,9), (8,9), (7,9), (6,9), (-3,-3), (-3,-3)]
Turtle 4 :[(-4,-4), (3,14), (3,13), (3,12), (3,11), (3,10), (3,10), (2,10), (-4,-4)]
Turtle 5 :[(-5,-5), (1,5), (0,5), (0,4), (0,3), (0,2), (0,1), (-5,-5), (-5,-5)]

Shrinking Run 93
#Info# Executed steps before collision: 8, Found collision: false
Turtle 1 :[(-1,-1), (3,11), (2,11), (1,11), (0,11), (0,10), (0,9), (-1,-1), (-1,-1)]
Turtle 2 :[(-2,-2), (5,14), (5,13), (4,13), (4,14), (3,14), (2,14), (1,14), (0,14)]
Turtle 3 :[(-3,-3), (11,9), (10,9), (9,9), (8,9), (7,9), (6,9), (-3,-3), (-3,-3)]
Turtle 4 :[(-4,-4), (3,14), (3,13), (3,12), (3,11), (2,11), (-4,-4), (-4,-4), (-4,-4)]
Turtle 5 :[(-5,-5), (1,5), (0,5), (0,4), (0,3), (0,2), (0,1), (-5,-5), (-5,-5)]

Shrinking Run 94
#Info# Executed steps before collision: 6, Found collision: false
Turtle 1 :[(-1,-1), (3,11), (2,11), (1,11), (0,11), (0,10), (0,9)]
Turtle 2 :[(-2,-2), (5,14), (4,14), (3,14), (2,14), (1,14), (0,14)]
Turtle 3 :[(-3,-3), (11,9), (10,9), (9,9), (8,9), (7,9), (6,9)]
Turtle 4 :[(-4,-4), (3,14), (3,13), (3,12), (3,11), (3,12), (2,12)]
Turtle 5 :[(-5,-5), (1,5), (0,5), (0,4), (0,3), (0,2), (0,1)]

Shrinking Run 95
#Info# Executed steps before collision: 10, Found collision: false
Turtle 1 :[(-1,-1), (3,11), (2,11), (1,11), (0,11), (0,10), (0,9), (-1,-1), (-1,-1), (-1,-1), (-1,-1)]
Turtle 2 :[(-2,-2), (5,14), (5,13), (4,13), (3,13), (4,13), (3,13), (2,13), (1,13), (1,14), (0,14)]
Turtle 3 :[(-3,-3), (11,9), (10,9), (9,9), (8,9), (7,9), (6,9), (-3,-3), (-3,-3), (-3,-3), (-3,-3)]
Turtle 4 :[(-4,-4), (3,14), (2,14), (2,14), (2,13), (2,12), (-4,-4), (-4,-4), (-4,-4), (-4,-4), (-4,-4)]
Turtle 5 :[(-5,-5), (1,5), (0,5), (0,4), (0,3), (0,2), (0,1), (-5,-5), (-5,-5), (-5,-5), (-5,-5)]

Shrinking Run 96
#Info# Executed steps before collision: 6, Found collision: false
Turtle 1 :[(-1,-1), (3,11), (2,11), (1,11), (0,11), (0,10), (0,9)]
Turtle 2 :[(-2,-2), (5,14), (4,14), (3,14), (2,14), (1,14), (0,14)]
Turtle 3 :[(-3,-3), (11,9), (10,9), (9,9), (8,9), (7,9), (6,9)]
Turtle 4 :[(-4,-4), (3,14), (3,13), (2,13), (-4,-4), (-4,-4), (-4,-4)]
Turtle 5 :[(-5,-5), (1,5), (0,5), (0,4), (0,3), (0,2), (0,1)]

Shrink Run 97
#Info# Executed steps before collision: 6, Found collision: false
Turtle 1 :[(-1,-1), (3,11), (2,11), (1,11), (0,11), (0,10), (0,9)]
Turtle 2 :[(-2,-2), (5,14), (4,14), (3,14), (2,14), (1,14), (0,14)]
Turtle 3 :[(-3,-3), (11,9), (10,9), (9,9), (8,9), (7,9), (6,9)]
Turtle 4 :[(-4,-4), (3,14), (3,13), (4,13), (3,13), (2,13), (-4,-4)]
Turtle 5 :[(-5,-5), (1,5), (0,5), (0,4), (0,3), (0,2), (0,1)]

