Shrinking Run 1
#Info# Executed steps before collision: 3, Found collision: true
Turtle 1 :[(-1,-1), (16,4), (15,4), (15,3), (15,2), (14,2), (14,1)]
Turtle 2 :[(-2,-2), (8,15), (8,16), (7,16), (7,17), (7,18), (6,18)]
Turtle 3 :[(-3,-3), (14,2), (13,2), (13,3), (12,3), (11,3), (11,4)]
Turtle 4 :[(-4,-4), (12,16), (13,16), (13,15), (14,15), (15,15), (15,14)]
Turtle 5 :[(-5,-5), (8,17), (7,17), (7,16), (6,16), (5,16), (5,15)]

Shrinking Run 2
#Info# Executed steps before collision: 4, Found collision: true
Turtle 1 :[(-1,-1), (16,4), (15,4), (15,3), (15,4), (15,3), (14,3), (14,2), (13,2)]
Turtle 2 :[(-2,-2), (8,15), (8,16), (7,16), (7,17), (7,18), (6,18), (-2,-2), (-2,-2)]
Turtle 3 :[(-3,-3), (14,2), (13,2), (13,3), (12,3), (11,3), (11,4), (-3,-3), (-3,-3)]
Turtle 4 :[(-4,-4), (12,16), (13,16), (13,15), (14,15), (15,15), (15,14), (-4,-4), (-4,-4)]
Turtle 5 :[(-5,-5), (8,17), (7,17), (7,18), (7,17), (6,17), (6,16), (6,15), (5,15)]

Shrinking Run 3
#Info# Executed steps before collision: 6, Found collision: true
Turtle 1 :[(-1,-1), (16,4), (15,4), (14,4), (13,4), (12,4), (12,3), (-1,-1), (-1,-1)]
Turtle 2 :[(-2,-2), (8,15), (8,16), (7,16), (6,16), (6,15), (6,16), (6,17), (6,18)]
Turtle 3 :[(-3,-3), (14,2), (13,2), (13,3), (12,3), (11,3), (12,3), (11,3), (11,4)]
Turtle 4 :[(-4,-4), (12,16), (13,16), (13,15), (14,15), (15,15), (15,14), (-4,-4), (-4,-4)]
Turtle 5 :[(-5,-5), (8,17), (7,17), (7,17), (6,17), (5,17), (5,16), (5,15), (-5,-5)]

Shrinking Run 4
#Info# Executed steps before collision: 3, Found collision: true
Turtle 1 :[(-1,-1), (16,4), (15,4), (14,4), (13,4), (12,4), (11,4)]
Turtle 2 :[(-2,-2), (8,15), (8,16), (7,16), (7,17), (7,18), (6,18)]
Turtle 3 :[(-3,-3), (14,2), (13,2), (13,3), (12,3), (11,3), (11,4)]
Turtle 4 :[(-4,-4), (12,16), (13,16), (13,15), (14,15), (15,15), (15,14)]
Turtle 5 :[(-5,-5), (8,17), (7,17), (7,16), (6,16), (5,16), (5,15)]

Shrinking Run 5
#Info# Executed steps before collision: 6, Found collision: true
Turtle 1 :[(-1,-1), (16,4), (15,4), (14,4), (13,4), (12,4), (11,4)]
Turtle 2 :[(-2,-2), (8,15), (8,14), (7,14), (7,13), (7,12), (6,12)]
Turtle 3 :[(-3,-3), (14,2), (13,2), (13,3), (12,3), (11,3), (11,4)]
Turtle 4 :[(-4,-4), (12,16), (13,16), (13,15), (14,15), (15,15), (15,14)]
Turtle 5 :[(-5,-5), (8,17), (7,17), (7,16), (6,16), (5,16), (5,15)]

Shrinking Run 6
#Info# Executed steps before collision: 6, Found collision: true
Turtle 1 :[(-1,-1), (16,4), (15,4), (14,4), (13,4), (12,4), (11,4)]
Turtle 2 :[(-2,-2), (8,15), (7,15), (6,15), (6,14), (6,13), (5,13)]
Turtle 3 :[(-3,-3), (14,2), (13,2), (13,3), (12,3), (11,3), (11,4)]
Turtle 4 :[(-4,-4), (12,16), (13,16), (13,15), (14,15), (15,15), (15,14)]
Turtle 5 :[(-5,-5), (8,17), (7,17), (7,16), (6,16), (5,16), (5,15)]

Shrinking Run 7
#Info# Executed steps before collision: 8, Found collision: false
Turtle 1 :[(-1,-1), (16,4), (15,4), (14,4), (14,3), (13,3), (12,3), (11,3), (11,4)]
Turtle 2 :[(-2,-2), (8,15), (7,15), (6,15), (6,14), (5,14), (4,14), (-2,-2), (-2,-2)]
Turtle 3 :[(-3,-3), (14,2), (13,2), (13,3), (12,3), (11,3), (11,4), (-3,-3), (-3,-3)]
Turtle 4 :[(-4,-4), (12,16), (13,16), (13,15), (14,15), (15,15), (15,14), (-4,-4), (-4,-4)]
Turtle 5 :[(-5,-5), (8,17), (7,17), (7,16), (6,16), (5,16), (5,15), (-5,-5), (-5,-5)]

Shrinking Run 8
#Info# Executed steps before collision: 6, Found collision: true
Turtle 1 :[(-1,-1), (16,4), (15,4), (14,4), (13,4), (12,4), (11,4), (-1,-1), (-1,-1)]
Turtle 2 :[(-2,-2), (8,15), (7,15), (6,15), (5,15), (5,14), (4,14), (-2,-2), (-2,-2)]
Turtle 3 :[(-3,-3), (14,2), (13,2), (13,3), (12,3), (11,3), (11,4), (-3,-3), (-3,-3)]
Turtle 4 :[(-4,-4), (12,16), (13,16), (13,15), (14,15), (15,15), (15,14), (-4,-4), (-4,-4)]
Turtle 5 :[(-5,-5), (8,17), (7,17), (8,17), (7,17), (6,17), (6,16), (5,16), (5,15)]

Shrinking Run 9
#Info# Executed steps before collision: 8, Found collision: false
Turtle 1 :[(-1,-1), (16,4), (15,4), (14,4), (14,3), (14,4), (13,4), (12,4), (11,4)]
Turtle 2 :[(-2,-2), (8,15), (7,15), (7,14), (6,14), (5,14), (4,14), (-2,-2), (-2,-2)]
Turtle 3 :[(-3,-3), (14,2), (13,2), (13,3), (12,3), (11,3), (11,4), (-3,-3), (-3,-3)]
Turtle 4 :[(-4,-4), (12,16), (13,16), (13,15), (14,15), (15,15), (15,14), (-4,-4), (-4,-4)]
Turtle 5 :[(-5,-5), (8,17), (7,17), (7,16), (6,16), (5,16), (5,15), (-5,-5), (-5,-5)]

Shrinking Run 10
#Info# Executed steps before collision: 8, Found collision: false
Turtle 1 :[(-1,-1), (16,4), (15,4), (14,4), (13,4), (12,4), (11,4), (-1,-1), (-1,-1)]
Turtle 2 :[(-2,-2), (8,15), (7,15), (6,15), (5,15), (5,14), (4,14), (-2,-2), (-2,-2)]
Turtle 3 :[(-3,-3), (14,2), (13,2), (13,1), (12,1), (11,1), (11,0), (-3,-3), (-3,-3)]
Turtle 4 :[(-4,-4), (12,16), (13,16), (13,15), (14,15), (15,15), (15,14), (-4,-4), (-4,-4)]
Turtle 5 :[(-5,-5), (8,17), (7,17), (6,17), (5,17), (5,16), (6,16), (6,15), (5,15)]

Shrinking Run 11
#Info# Executed steps before collision: 6, Found collision: false
Turtle 1 :[(-1,-1), (16,4), (15,4), (14,4), (13,4), (12,4), (11,4)]
Turtle 2 :[(-2,-2), (8,15), (7,15), (6,15), (5,15), (5,14), (4,14)]
Turtle 3 :[(-3,-3), (14,2), (13,2), (12,2), (11,2), (10,2), (10,3)]
Turtle 4 :[(-4,-4), (12,16), (13,16), (13,15), (14,15), (15,15), (15,14)]
Turtle 5 :[(-5,-5), (8,17), (7,17), (7,16), (6,16), (5,16), (5,15)]

Shrinking Run 12
#Info# Executed steps before collision: 6, Found collision: false
Turtle 1 :[(-1,-1), (16,4), (15,4), (14,4), (13,4), (12,4), (11,4)]
Turtle 2 :[(-2,-2), (8,15), (7,15), (6,15), (5,15), (5,14), (4,14)]
Turtle 3 :[(-3,-3), (14,2), (13,2), (13,3), (12,3), (11,3), (10,3)]
Turtle 4 :[(-4,-4), (12,16), (13,16), (13,15), (14,15), (15,15), (15,14)]
Turtle 5 :[(-5,-5), (8,17), (7,17), (7,16), (6,16), (5,16), (5,15)]

Shrinking Run 13
#Info# Executed steps before collision: 6, Found collision: true
Turtle 1 :[(-1,-1), (16,4), (15,4), (14,4), (13,4), (12,4), (11,4), (-1,-1), (-1,-1)]
Turtle 2 :[(-2,-2), (8,15), (7,15), (6,15), (5,15), (5,14), (4,14), (-2,-2), (-2,-2)]
Turtle 3 :[(-3,-3), (14,2), (13,2), (12,2), (12,3), (11,3), (11,4), (-3,-3), (-3,-3)]
Turtle 4 :[(-4,-4), (12,16), (13,16), (13,15), (14,15), (15,15), (15,14), (-4,-4), (-4,-4)]
Turtle 5 :[(-5,-5), (8,17), (7,17), (7,18), (7,17), (7,16), (7,15), (6,15), (5,15)]

Shrinking Run 14
#Info# Executed steps before collision: 6, Found collision: true
Turtle 1 :[(-1,-1), (16,4), (15,4), (14,4), (13,4), (12,4), (11,4), (-1,-1)]
Turtle 2 :[(-2,-2), (8,15), (7,15), (6,15), (5,15), (5,14), (4,14), (-2,-2)]
Turtle 3 :[(-3,-3), (14,2), (13,2), (12,2), (11,2), (11,3), (11,4), (-3,-3)]
Turtle 4 :[(-4,-4), (12,16), (13,16), (13,15), (14,15), (15,15), (15,14), (-4,-4)]
Turtle 5 :[(-5,-5), (8,17), (7,17), (7,17), (7,16), (6,16), (5,16), (5,15)]

Shrinking Run 15
#Info# Executed steps before collision: 6, Found collision: true
Turtle 1 :[(-1,-1), (16,4), (15,4), (14,4), (13,4), (12,4), (11,4)]
Turtle 2 :[(-2,-2), (8,15), (7,15), (6,15), (5,15), (5,14), (4,14)]
Turtle 3 :[(-3,-3), (14,2), (13,2), (12,2), (11,2), (11,3), (11,4)]
Turtle 4 :[(-4,-4), (12,16), (11,16), (11,15), (10,15), (9,15), (9,14)]
Turtle 5 :[(-5,-5), (8,17), (7,17), (7,16), (6,16), (5,16), (5,15)]

Shrinking Run 16
#Info# Executed steps before collision: 8, Found collision: false
Turtle 1 :[(-1,-1), (16,4), (15,4), (14,4), (13,4), (12,4), (11,4), (-1,-1), (-1,-1)]
Turtle 2 :[(-2,-2), (8,15), (7,15), (6,15), (5,15), (5,14), (4,14), (-2,-2), (-2,-2)]
Turtle 3 :[(-3,-3), (14,2), (13,2), (12,2), (11,2), (11,3), (10,3), (10,4), (11,4)]
Turtle 4 :[(-4,-4), (12,16), (11,16), (10,16), (9,16), (8,16), (8,15), (-4,-4), (-4,-4)]
Turtle 5 :[(-5,-5), (8,17), (7,17), (7,16), (6,16), (5,16), (5,15), (-5,-5), (-5,-5)]

Shrinking Run 17
#Info# Executed steps before collision: 6, Found collision: true
Turtle 1 :[(-1,-1), (16,4), (15,4), (14,4), (13,4), (12,4), (11,4), (-1,-1), (-1,-1)]
Turtle 2 :[(-2,-2), (8,15), (7,15), (6,15), (5,15), (5,14), (4,14), (-2,-2), (-2,-2)]
Turtle 3 :[(-3,-3), (14,2), (13,2), (12,2), (11,2), (11,3), (11,4), (-3,-3), (-3,-3)]
Turtle 4 :[(-4,-4), (12,16), (11,16), (11,15), (10,15), (9,15), (8,15), (-4,-4), (-4,-4)]
Turtle 5 :[(-5,-5), (8,17), (7,17), (7,16), (6,16), (5,16), (4,16), (5,16), (5,15)]

Shrinking Run 18
#Info# Executed steps before collision: 6, Found collision: true
Turtle 1 :[(-1,-1), (16,4), (15,4), (14,4), (13,4), (12,4), (11,4)]
Turtle 2 :[(-2,-2), (8,15), (7,15), (6,15), (5,15), (5,14), (4,14)]
Turtle 3 :[(-3,-3), (14,2), (13,2), (12,2), (11,2), (11,3), (11,4)]
Turtle 4 :[(-4,-4), (12,16), (11,16), (10,16), (10,15), (9,15), (8,15)]
Turtle 5 :[(-5,-5), (8,17), (7,17), (7,16), (6,16), (5,16), (5,15)]

Shrinking Run 19
#Info# Executed steps before collision: 9, Found collision: false
Turtle 1 :[(-1,-1), (16,4), (15,4), (14,4), (13,4), (12,4), (11,4), (-1,-1), (-1,-1), (-1,-1)]
Turtle 2 :[(-2,-2), (8,15), (7,15), (6,15), (5,15), (5,14), (4,14), (-2,-2), (-2,-2), (-2,-2)]
Turtle 3 :[(-3,-3), (14,2), (13,2), (12,2), (11,2), (11,3), (11,3), (11,2), (11,3), (11,4)]
Turtle 4 :[(-4,-4), (12,16), (11,16), (10,16), (9,16), (9,15), (8,15), (-4,-4), (-4,-4), (-4,-4)]
Turtle 5 :[(-5,-5), (8,17), (7,17), (7,17), (7,16), (6,16), (5,16), (5,15), (-5,-5), (-5,-5)]

Shrinking Run 20
#Info# Executed steps before collision: 8, Found collision: false
Turtle 1 :[(-1,-1), (16,4), (15,4), (14,4), (13,4), (12,4), (11,4), (-1,-1), (-1,-1)]
Turtle 2 :[(-2,-2), (8,15), (7,15), (6,15), (5,15), (5,14), (4,14), (-2,-2), (-2,-2)]
Turtle 3 :[(-3,-3), (14,2), (13,2), (12,2), (11,2), (11,3), (12,3), (12,4), (11,4)]
Turtle 4 :[(-4,-4), (12,16), (11,16), (10,16), (10,15), (9,15), (8,15), (-4,-4), (-4,-4)]
Turtle 5 :[(-5,-5), (8,17), (8,16), (7,16), (6,16), (5,16), (6,16), (6,15), (5,15)]

Shrinking Run 21
#Info# Executed steps before collision: 6, Found collision: true
Turtle 1 :[(-1,-1), (16,4), (15,4), (14,4), (13,4), (12,4), (11,4)]
Turtle 2 :[(-2,-2), (8,15), (7,15), (6,15), (5,15), (5,14), (4,14)]
Turtle 3 :[(-3,-3), (14,2), (13,2), (12,2), (11,2), (11,3), (11,4)]
Turtle 4 :[(-4,-4), (12,16), (11,16), (10,16), (10,15), (9,15), (8,15)]
Turtle 5 :[(-5,-5), (8,17), (7,17), (7,16), (6,16), (5,16), (4,16)]

Shrinking Run 22
#Info# Executed steps before collision: 8, Found collision: false
Turtle 1 :[(-1,-1), (16,4), (15,4), (14,4), (13,4), (12,4), (11,4), (-1,-1), (-1,-1)]
Turtle 2 :[(-2,-2), (8,15), (7,15), (6,15), (5,15), (5,14), (4,14), (-2,-2), (-2,-2)]
Turtle 3 :[(-3,-3), (14,2), (13,2), (12,2), (11,2), (11,3), (11,2), (11,3), (11,4)]
Turtle 4 :[(-4,-4), (12,16), (11,16), (10,16), (10,15), (9,15), (8,15), (-4,-4), (-4,-4)]
Turtle 5 :[(-5,-5), (8,17), (8,16), (7,16), (6,16), (5,16), (4,16), (-5,-5), (-5,-5)]

Shrinking Run 23
#Info# Executed steps before collision: 6, Found collision: true
Turtle 1 :[(-1,-1), (16,4), (15,4), (14,4), (13,4), (12,4), (11,4)]
Turtle 2 :[(-2,-2), (8,15), (7,15), (6,15), (6,14), (5,14), (4,14)]
Turtle 3 :[(-3,-3), (14,2), (13,2), (12,2), (11,2), (11,3), (11,4)]
Turtle 4 :[(-4,-4), (12,16), (11,16), (10,16), (10,15), (9,15), (8,15)]
Turtle 5 :[(-5,-5), (8,17), (7,17), (7,16), (6,16), (5,16), (4,16)]

Shrinking Run 24
#Info# Executed steps before collision: 8, Found collision: false
Turtle 1 :[(-1,-1), (16,4), (15,4), (14,4), (13,4), (12,4), (11,4), (-1,-1), (-1,-1)]
Turtle 2 :[(-2,-2), (8,15), (7,15), (6,15), (5,15), (4,15), (3,15), (-2,-2), (-2,-2)]
Turtle 3 :[(-3,-3), (14,2), (13,2), (12,2), (11,2), (11,3), (12,3), (12,4), (11,4)]
Turtle 4 :[(-4,-4), (12,16), (11,16), (10,16), (10,15), (9,15), (8,15), (-4,-4), (-4,-4)]
Turtle 5 :[(-5,-5), (8,17), (7,17), (7,16), (6,16), (5,16), (4,16), (-5,-5), (-5,-5)]

Shrinking Run 25
#Info# Executed steps before collision: 6, Found collision: false
Turtle 1 :[(-1,-1), (16,4), (15,4), (14,4), (13,4), (12,4), (11,4)]
Turtle 2 :[(-2,-2), (8,15), (7,15), (6,15), (6,14), (5,14), (4,14)]
Turtle 3 :[(-3,-3), (14,2), (13,2), (13,1), (12,1), (11,1), (11,0)]
Turtle 4 :[(-4,-4), (12,16), (11,16), (10,16), (10,15), (9,15), (8,15)]
Turtle 5 :[(-5,-5), (8,17), (7,17), (7,16), (6,16), (5,16), (4,16)]

Shrinking Run 26
#Info# Executed steps before collision: 6, Found collision: false
Turtle 1 :[(-1,-1), (16,4), (15,4), (14,4), (13,4), (12,4), (11,4)]
Turtle 2 :[(-2,-2), (8,15), (7,15), (6,15), (6,14), (5,14), (4,14)]
Turtle 3 :[(-3,-3), (14,2), (13,2), (12,2), (11,2), (10,2), (10,3)]
Turtle 4 :[(-4,-4), (12,16), (11,16), (10,16), (10,15), (9,15), (8,15)]
Turtle 5 :[(-5,-5), (8,17), (7,17), (7,16), (6,16), (5,16), (4,16)]

Shrinking Run 27
#Info# Executed steps before collision: 6, Found collision: false
Turtle 1 :[(-1,-1), (16,4), (15,4), (14,4), (13,4), (12,4), (11,4)]
Turtle 2 :[(-2,-2), (8,15), (7,15), (6,15), (6,14), (5,14), (4,14)]
Turtle 3 :[(-3,-3), (14,2), (13,2), (13,3), (12,3), (11,3), (10,3)]
Turtle 4 :[(-4,-4), (12,16), (11,16), (10,16), (10,15), (9,15), (8,15)]
Turtle 5 :[(-5,-5), (8,17), (7,17), (7,16), (6,16), (5,16), (4,16)]

Shrinking Run 28
#Info# Executed steps before collision: 6, Found collision: true
Turtle 1 :[(-1,-1), (16,4), (15,4), (14,4), (13,4), (12,4), (11,4)]
Turtle 2 :[(-2,-2), (8,15), (7,15), (6,15), (6,14), (5,14), (4,14)]
Turtle 3 :[(-3,-3), (14,2), (13,2), (12,2), (11,2), (11,3), (11,4)]
Turtle 4 :[(-4,-4), (12,16), (11,16), (10,16), (9,16), (8,16), (8,15)]
Turtle 5 :[(-5,-5), (8,17), (7,17), (7,16), (6,16), (5,16), (4,16)]

Shrinking Run 29
#Info# Executed steps before collision: 6, Found collision: true
Turtle 1 :[(-1,-1), (16,4), (15,4), (14,4), (13,4), (12,4), (11,4), (-1,-1), (-1,-1)]
Turtle 2 :[(-2,-2), (8,15), (7,15), (6,15), (6,14), (5,14), (4,14), (-2,-2), (-2,-2)]
Turtle 3 :[(-3,-3), (14,2), (13,2), (12,2), (11,2), (11,3), (11,4), (-3,-3), (-3,-3)]
Turtle 4 :[(-4,-4), (12,16), (11,16), (10,16), (9,16), (8,16), (7,16), (-4,-4), (-4,-4)]
Turtle 5 :[(-5,-5), (8,17), (7,17), (8,17), (7,17), (6,17), (5,17), (4,17), (4,16)]

Shrinking Run 30
#Info# Executed steps before collision: 8, Found collision: false
Turtle 1 :[(-1,-1), (16,4), (15,4), (14,4), (13,4), (12,4), (11,4), (-1,-1), (-1,-1)]
Turtle 2 :[(-2,-2), (8,15), (7,15), (6,15), (6,14), (5,14), (4,14), (-2,-2), (-2,-2)]
Turtle 3 :[(-3,-3), (14,2), (13,2), (12,2), (11,2), (11,3), (10,3), (10,4), (11,4)]
Turtle 4 :[(-4,-4), (12,16), (11,16), (10,16), (9,16), (8,16), (7,16), (-4,-4), (-4,-4)]
Turtle 5 :[(-5,-5), (8,17), (8,16), (7,16), (6,16), (5,16), (5,15), (-5,-5), (-5,-5)]

Shrinking Run 31
#Info# Executed steps before collision: 6, Found collision: true
Turtle 1 :[(-1,-1), (16,4), (15,4), (14,4), (13,4), (12,4), (11,4)]
Turtle 2 :[(-2,-2), (8,15), (7,15), (6,15), (6,14), (5,14), (4,14)]
Turtle 3 :[(-3,-3), (14,2), (13,2), (12,2), (11,2), (11,3), (11,4)]
Turtle 4 :[(-4,-4), (12,16), (11,16), (10,16), (9,16), (8,16), (7,16)]
Turtle 5 :[(-5,-5), (8,17), (8,16), (7,16), (6,16), (5,16), (4,16)]

Shrinking Run 32
#Info# Executed steps before collision: 8, Found collision: false
Turtle 1 :[(-1,-1), (16,4), (15,4), (14,4), (13,4), (12,4), (11,4), (-1,-1), (-1,-1)]
Turtle 2 :[(-2,-2), (8,15), (7,15), (6,15), (5,15), (4,15), (3,15), (-2,-2), (-2,-2)]
Turtle 3 :[(-3,-3), (14,2), (13,2), (12,2), (11,2), (11,3), (10,3), (10,4), (11,4)]
Turtle 4 :[(-4,-4), (12,16), (11,16), (10,16), (9,16), (8,16), (7,16), (-4,-4), (-4,-4)]
Turtle 5 :[(-5,-5), (8,17), (8,16), (7,16), (6,16), (5,16), (4,16), (-5,-5), (-5,-5)]

Shrinking Run 33
#Info# Executed steps before collision: 6, Found collision: false
Turtle 1 :[(-1,-1), (16,4), (15,4), (14,4), (13,4), (12,4), (11,4)]
Turtle 2 :[(-2,-2), (8,15), (7,15), (6,15), (6,14), (5,14), (4,14)]
Turtle 3 :[(-3,-3), (14,2), (13,2), (13,1), (12,1), (11,1), (11,0)]
Turtle 4 :[(-4,-4), (12,16), (11,16), (10,16), (9,16), (8,16), (7,16)]
Turtle 5 :[(-5,-5), (8,17), (8,16), (7,16), (6,16), (5,16), (4,16)]

Shrinking Run 34
#Info# Executed steps before collision: 8, Found collision: false
Turtle 1 :[(-1,-1), (16,4), (15,4), (14,4), (13,4), (12,4), (11,4), (-1,-1), (-1,-1)]
Turtle 2 :[(-2,-2), (8,15), (7,15), (6,15), (6,14), (5,14), (4,14), (-2,-2), (-2,-2)]
Turtle 3 :[(-3,-3), (14,2), (13,2), (12,2), (11,2), (10,2), (10,3), (-3,-3), (-3,-3)]
Turtle 4 :[(-4,-4), (12,16), (11,16), (10,16), (9,16), (8,16), (8,16), (7,16), (-4,-4)]
Turtle 5 :[(-5,-5), (8,17), (8,16), (8,15), (7,15), (7,16), (6,16), (5,16), (4,16)]

Shrink Run 35
#Info# Executed steps before collision: 8, Found collision: false
Turtle 1 :[(-1,-1), (16,4), (15,4), (14,4), (14,3), (13,3), (12,3), (11,3), (11,4)]
Turtle 2 :[(-2,-2), (8,15), (7,15), (6,15), (6,14), (5,14), (4,14), (-2,-2), (-2,-2)]
Turtle 3 :[(-3,-3), (14,2), (13,2), (13,3), (12,3), (11,3), (10,3), (-3,-3), (-3,-3)]
Turtle 4 :[(-4,-4), (12,16), (11,16), (10,16), (9,16), (8,16), (7,16), (-4,-4), (-4,-4)]
Turtle 5 :[(-5,-5), (8,17), (8,16), (7,16), (6,16), (5,16), (4,16), (-5,-5), (-5,-5)]

