Detection Run 1
#Info# Executed steps before collision: 6, Found collision: false
Turtle 1 :[(-1,-1), (7,18), (7,19), (6,19), (-1,-1), (-1,-1), (-1,-1)]
Turtle 2 :[(-2,-2), (25,46), (24,46), (23,46), (22,46), (22,45), (21,45)]
Turtle 3 :[(-3,-3), (16,8), (17,8), (18,8), (19,8), (19,7), (20,7)]
Turtle 4 :[(-4,-4), (37,10), (36,10), (35,10), (35,9), (35,8), (34,8)]
Turtle 5 :[(-5,-5), (36,9), (36,8), (36,7), (36,6), (36,5), (36,4)]

Detection Run 2
#Info# Executed steps before collision: 6, Found collision: false
Turtle 1 :[(-1,-1), (22,19), (22,18), (23,18), (23,17), (24,17), (24,16)]
Turtle 2 :[(-2,-2), (7,4), (7,3), (7,2), (7,1), (7,0), (8,0)]
Turtle 3 :[(-3,-3), (14,25), (13,25), (12,25), (12,26), (12,27), (-3,-3)]
Turtle 4 :[(-4,-4), (10,15), (11,15), (12,15), (12,16), (13,16), (14,16)]
Turtle 5 :[(-5,-5), (8,36), (8,35), (8,34), (8,33), (8,32), (8,31)]

Detection Run 3
#Info# Executed steps before collision: 6, Found collision: false
Turtle 1 :[(-1,-1), (34,7), (33,7), (32,7), (32,6), (32,5), (31,5)]
Turtle 2 :[(-2,-2), (16,26), (16,27), (15,27), (15,28), (15,29), (15,30)]
Turtle 3 :[(-3,-3), (32,31), (32,30), (32,29), (32,28), (-3,-3), (-3,-3)]
Turtle 4 :[(-4,-4), (36,38), (35,38), (34,38), (34,39), (33,39), (32,39)]
Turtle 5 :[(-5,-5), (37,36), (37,35), (36,35), (36,34), (35,34), (35,33)]

Detection Run 4
#Info# Executed steps before collision: 6, Found collision: false
Turtle 1 :[(-1,-1), (22,43), (22,44), (21,44), (20,44), (20,45), (-1,-1)]
Turtle 2 :[(-2,-2), (39,8), (39,7), (39,6), (39,5), (38,5), (37,5)]
Turtle 3 :[(-3,-3), (16,39), (16,40), (16,41), (15,41), (15,42), (15,43)]
Turtle 4 :[(-4,-4), (20,32), (19,32), (19,31), (18,31), (17,31), (16,31)]
Turtle 5 :[(-5,-5), (43,21), (43,22), (42,22), (42,21), (42,20), (42,19)]

Detection Run 5
#Info# Executed steps before collision: 6, Found collision: false
Turtle 1 :[(-1,-1), (8,15), (8,16), (8,17), (8,18), (8,19), (9,19)]
Turtle 2 :[(-2,-2), (25,31), (25,30), (26,30), (25,30), (26,30), (-2,-2)]
Turtle 3 :[(-3,-3), (25,45), (26,45), (26,44), (27,44), (28,44), (28,43)]
Turtle 4 :[(-4,-4), (3,18), (2,18), (1,18), (0,18), (0,17), (-4,-4)]
Turtle 5 :[(-5,-5), (47,46), (47,45), (47,44), (47,43), (48,43), (48,42)]

Detection Run 6
#Info# Executed steps before collision: 11, Found collision: false
Turtle 1 :[(-1,-1), (13,35), (13,34), (13,33), (13,32), (13,31), (12,31), (-1,-1), (-1,-1), (-1,-1), (-1,-1), (-1,-1)]
Turtle 2 :[(-2,-2), (19,43), (19,42), (18,42), (18,41), (17,41), (18,41), (18,42), (18,41), (18,40), (18,39), (-2,-2)]
Turtle 3 :[(-3,-3), (18,37), (18,38), (18,39), (18,40), (17,40), (18,40), (19,40), (19,41), (20,41), (19,41), (18,41)]
Turtle 4 :[(-4,-4), (42,48), (41,48), (41,47), (41,46), (40,46), (39,46), (-4,-4), (-4,-4), (-4,-4), (-4,-4), (-4,-4)]
Turtle 5 :[(-5,-5), (26,24), (26,25), (26,24), (26,23), (26,22), (-5,-5), (-5,-5), (-5,-5), (-5,-5), (-5,-5), (-5,-5)]

Detection Run 7
#Info# Executed steps before collision: 6, Found collision: false
Turtle 1 :[(-1,-1), (24,7), (23,7), (22,7), (21,7), (21,8), (20,8)]
Turtle 2 :[(-2,-2), (48,49), (48,49), (48,49), (48,48), (47,48), (46,48)]
Turtle 3 :[(-3,-3), (43,13), (43,14), (42,14), (42,15), (42,16), (42,17)]
Turtle 4 :[(-4,-4), (39,34), (39,33), (39,32), (39,31), (-4,-4), (-4,-4)]
Turtle 5 :[(-5,-5), (31,34), (31,33), (31,32), (31,31), (32,31), (33,31)]

Detection Run 8
#Info# Executed steps before collision: 6, Found collision: false
Turtle 1 :[(-1,-1), (4,41), (3,41), (3,40), (2,40), (2,39), (1,39)]
Turtle 2 :[(-2,-2), (9,26), (10,26), (10,25), (10,24), (10,23), (11,23)]
Turtle 3 :[(-3,-3), (49,3), (48,3), (47,3), (47,2), (47,1), (47,0)]
Turtle 4 :[(-4,-4), (2,23), (3,23), (4,23), (4,24), (5,24), (6,24)]
Turtle 5 :[(-5,-5), (33,26), (33,27), (33,28), (33,29), (32,29), (32,30)]

Detection Run 9
#Info# Executed steps before collision: 6, Found collision: false
Turtle 1 :[(-1,-1), (23,49), (24,49), (24,49), (-1,-1), (-1,-1), (-1,-1)]
Turtle 2 :[(-2,-2), (41,9), (41,8), (41,7), (41,6), (41,5), (41,4)]
Turtle 3 :[(-3,-3), (21,13), (20,13), (20,12), (19,12), (18,12), (18,11)]
Turtle 4 :[(-4,-4), (49,31), (49,30), (49,29), (49,28), (49,27), (49,27)]
Turtle 5 :[(-5,-5), (14,11), (15,11), (15,12), (16,12), (17,12), (18,12)]

Detection Run 10
#Info# Executed steps before collision: 7, Found collision: false
Turtle 1 :[(-1,-1), (22,39), (22,40), (22,41), (21,41), (-1,-1), (-1,-1), (-1,-1)]
Turtle 2 :[(-2,-2), (36,40), (36,40), (37,40), (37,39), (37,39), (38,39), (-2,-2)]
Turtle 3 :[(-3,-3), (37,27), (36,27), (36,26), (37,26), (37,25), (37,25), (37,24)]
Turtle 4 :[(-4,-4), (38,31), (37,31), (36,31), (35,31), (35,30), (35,29), (-4,-4)]
Turtle 5 :[(-5,-5), (40,3), (40,4), (40,5), (40,6), (40,7), (39,7), (-5,-5)]

Detection Run 11
#Info# Executed steps before collision: 8, Found collision: false
Turtle 1 :[(-1,-1), (36,24), (37,24), (38,24), (38,25), (38,25), (38,25), (38,26), (38,27)]
Turtle 2 :[(-2,-2), (31,15), (31,14), (31,13), (32,13), (33,13), (34,13), (-2,-2), (-2,-2)]
Turtle 3 :[(-3,-3), (37,8), (37,8), (37,8), (36,8), (35,8), (34,8), (34,7), (33,7)]
Turtle 4 :[(-4,-4), (32,33), (33,33), (34,33), (-4,-4), (-4,-4), (-4,-4), (-4,-4), (-4,-4)]
Turtle 5 :[(-5,-5), (1,42), (1,43), (1,44), (1,45), (0,45), (0,46), (-5,-5), (-5,-5)]

Detection Run 12
#Info# Executed steps before collision: 9, Found collision: false
Turtle 1 :[(-1,-1), (15,21), (14,21), (14,21), (14,21), (13,21), (13,21), (12,21), (12,22), (11,22)]
Turtle 2 :[(-2,-2), (21,16), (22,16), (22,15), (22,14), (23,14), (-2,-2), (-2,-2), (-2,-2), (-2,-2)]
Turtle 3 :[(-3,-3), (27,8), (28,8), (28,9), (29,9), (29,10), (30,10), (-3,-3), (-3,-3), (-3,-3)]
Turtle 4 :[(-4,-4), (34,21), (34,20), (33,20), (32,20), (32,19), (32,18), (-4,-4), (-4,-4), (-4,-4)]
Turtle 5 :[(-5,-5), (30,4), (29,4), (28,4), (-5,-5), (-5,-5), (-5,-5), (-5,-5), (-5,-5), (-5,-5)]

Detection Run 13
#Info# Executed steps before collision: 8, Found collision: false
Turtle 1 :[(-1,-1), (49,6), (48,6), (47,6), (47,7), (47,6), (46,6), (-1,-1), (-1,-1)]
Turtle 2 :[(-2,-2), (21,24), (21,25), (20,25), (20,25), (20,26), (20,27), (20,28), (-2,-2)]
Turtle 3 :[(-3,-3), (0,23), (0,23), (0,24), (0,25), (0,26), (1,26), (1,27), (-3,-3)]
Turtle 4 :[(-4,-4), (1,43), (1,44), (1,45), (1,46), (0,46), (0,47), (-4,-4), (-4,-4)]
Turtle 5 :[(-5,-5), (21,21), (20,21), (20,21), (20,20), (19,20), (18,20), (18,20), (18,19)]

Detection Run 14
#Info# Executed steps before collision: 8, Found collision: false
Turtle 1 :[(-1,-1), (23,17), (23,16), (23,15), (23,15), (23,14), (-1,-1), (-1,-1), (-1,-1)]
Turtle 2 :[(-2,-2), (46,9), (45,9), (44,9), (43,9), (43,8), (43,7), (-2,-2), (-2,-2)]
Turtle 3 :[(-3,-3), (46,4), (47,4), (46,4), (46,4), (47,4), (47,4), (47,4), (48,4)]
Turtle 4 :[(-4,-4), (48,48), (48,47), (47,47), (47,46), (-4,-4), (-4,-4), (-4,-4), (-4,-4)]
Turtle 5 :[(-5,-5), (23,36), (22,36), (21,36), (20,36), (19,36), (18,36), (-5,-5), (-5,-5)]

Detection Run 15
#Info# Executed steps before collision: 7, Found collision: false
Turtle 1 :[(-1,-1), (46,46), (46,45), (46,44), (-1,-1), (-1,-1), (-1,-1), (-1,-1)]
Turtle 2 :[(-2,-2), (39,33), (38,33), (37,33), (36,33), (35,33), (35,34), (-2,-2)]
Turtle 3 :[(-3,-3), (11,44), (11,43), (12,43), (13,43), (13,42), (14,42), (-3,-3)]
Turtle 4 :[(-4,-4), (41,1), (41,1), (41,0), (42,0), (-4,-4), (-4,-4), (-4,-4)]
Turtle 5 :[(-5,-5), (37,26), (37,26), (37,27), (38,27), (38,28), (38,29), (38,30)]

Detection Run 16
#Info# Executed steps before collision: 8, Found collision: false
Turtle 1 :[(-1,-1), (15,2), (15,2), (16,2), (17,2), (18,2), (19,2), (-1,-1), (-1,-1)]
Turtle 2 :[(-2,-2), (41,23), (41,24), (42,24), (42,24), (42,25), (42,25), (42,26), (43,26)]
Turtle 3 :[(-3,-3), (26,27), (26,28), (26,28), (26,29), (26,29), (26,30), (26,31), (26,32)]
Turtle 4 :[(-4,-4), (45,31), (45,30), (44,30), (43,30), (43,30), (42,30), (-4,-4), (-4,-4)]
Turtle 5 :[(-5,-5), (20,37), (19,37), (19,38), (19,39), (19,40), (19,40), (19,41), (-5,-5)]

Detection Run 17
#Info# Executed steps before collision: 8, Found collision: false
Turtle 1 :[(-1,-1), (40,43), (39,43), (38,43), (38,42), (37,42), (37,41), (-1,-1), (-1,-1)]
Turtle 2 :[(-2,-2), (12,1), (12,0), (13,0), (-2,-2), (-2,-2), (-2,-2), (-2,-2), (-2,-2)]
Turtle 3 :[(-3,-3), (33,31), (33,31), (32,31), (32,30), (32,29), (32,28), (31,28), (-3,-3)]
Turtle 4 :[(-4,-4), (15,1), (15,1), (14,1), (14,0), (13,0), (-4,-4), (-4,-4), (-4,-4)]
Turtle 5 :[(-5,-5), (14,39), (14,38), (14,37), (14,36), (14,36), (14,36), (13,36), (12,36)]

Detection Run 18
#Info# Executed steps before collision: 8, Found collision: false
Turtle 1 :[(-1,-1), (27,31), (27,30), (27,31), (27,32), (28,32), (-1,-1), (-1,-1), (-1,-1)]
Turtle 2 :[(-2,-2), (17,24), (18,24), (18,23), (18,22), (19,22), (-2,-2), (-2,-2), (-2,-2)]
Turtle 3 :[(-3,-3), (8,19), (9,19), (9,18), (10,18), (10,18), (10,18), (11,18), (12,18)]
Turtle 4 :[(-4,-4), (11,14), (11,15), (11,16), (11,17), (11,18), (11,19), (-4,-4), (-4,-4)]
Turtle 5 :[(-5,-5), (13,27), (13,28), (13,29), (13,30), (13,30), (13,31), (-5,-5), (-5,-5)]

Detection Run 19
#Info# Executed steps before collision: 8, Found collision: false
Turtle 1 :[(-1,-1), (7,44), (7,44), (6,44), (6,43), (5,43), (4,43), (-1,-1), (-1,-1)]
Turtle 2 :[(-2,-2), (21,16), (20,16), (19,16), (18,16), (17,16), (17,17), (-2,-2), (-2,-2)]
Turtle 3 :[(-3,-3), (10,13), (11,13), (12,13), (12,13), (13,13), (13,14), (13,14), (14,14)]
Turtle 4 :[(-4,-4), (46,5), (45,5), (44,5), (44,5), (43,5), (42,5), (41,5), (-4,-4)]
Turtle 5 :[(-5,-5), (48,32), (48,33), (48,34), (-5,-5), (-5,-5), (-5,-5), (-5,-5), (-5,-5)]

Detection Run 20
#Info# Executed steps before collision: 9, Found collision: false
Turtle 1 :[(-1,-1), (14,14), (14,14), (14,15), (14,15), (15,15), (15,15), (16,15), (16,16), (16,17)]
Turtle 2 :[(-2,-2), (17,27), (17,27), (16,27), (16,27), (16,26), (15,26), (15,25), (15,24), (-2,-2)]
Turtle 3 :[(-3,-3), (13,15), (13,16), (12,16), (11,16), (10,16), (9,16), (-3,-3), (-3,-3), (-3,-3)]
Turtle 4 :[(-4,-4), (24,27), (24,27), (25,27), (25,27), (25,26), (26,26), (27,26), (-4,-4), (-4,-4)]
Turtle 5 :[(-5,-5), (42,34), (43,34), (43,33), (44,33), (44,32), (-5,-5), (-5,-5), (-5,-5), (-5,-5)]

Detection Run 21
#Info# Executed steps before collision: 9, Found collision: false
Turtle 1 :[(-1,-1), (22,9), (22,8), (21,8), (21,7), (21,6), (21,5), (-1,-1), (-1,-1), (-1,-1)]
Turtle 2 :[(-2,-2), (3,36), (3,37), (4,37), (4,37), (4,38), (5,38), (5,38), (5,38), (6,38)]
Turtle 3 :[(-3,-3), (10,11), (10,12), (10,13), (9,13), (9,14), (9,15), (-3,-3), (-3,-3), (-3,-3)]
Turtle 4 :[(-4,-4), (30,42), (30,43), (30,44), (30,44), (29,44), (29,45), (29,46), (-4,-4), (-4,-4)]
Turtle 5 :[(-5,-5), (12,10), (13,10), (14,10), (15,10), (15,11), (15,11), (16,11), (-5,-5), (-5,-5)]

Detection Run 22
#Info# Executed steps before collision: 8, Found collision: false
Turtle 1 :[(-1,-1), (4,21), (4,22), (4,23), (3,23), (2,23), (-1,-1), (-1,-1), (-1,-1)]
Turtle 2 :[(-2,-2), (30,3), (30,2), (29,2), (28,2), (28,1), (27,1), (-2,-2), (-2,-2)]
Turtle 3 :[(-3,-3), (7,16), (7,16), (6,16), (6,15), (6,16), (6,16), (5,16), (-3,-3)]
Turtle 4 :[(-4,-4), (47,9), (46,9), (46,8), (46,7), (46,6), (46,5), (-4,-4), (-4,-4)]
Turtle 5 :[(-5,-5), (27,4), (26,4), (26,4), (26,5), (26,6), (26,7), (26,7), (25,7)]

Detection Run 23
#Info# Executed steps before collision: 9, Found collision: false
Turtle 1 :[(-1,-1), (21,20), (20,20), (20,21), (19,21), (18,21), (18,22), (-1,-1), (-1,-1), (-1,-1)]
Turtle 2 :[(-2,-2), (11,21), (11,21), (11,22), (11,22), (11,22), (10,22), (10,22), (9,22), (8,22)]
Turtle 3 :[(-3,-3), (35,23), (35,23), (35,23), (36,23), (36,24), (36,24), (36,23), (36,23), (36,22)]
Turtle 4 :[(-4,-4), (25,25), (25,24), (25,23), (-4,-4), (-4,-4), (-4,-4), (-4,-4), (-4,-4), (-4,-4)]
Turtle 5 :[(-5,-5), (29,36), (30,36), (30,37), (30,38), (30,39), (30,40), (-5,-5), (-5,-5), (-5,-5)]

Detection Run 24
#Info# Executed steps before collision: 7, Found collision: false
Turtle 1 :[(-1,-1), (22,22), (23,22), (23,23), (24,23), (25,23), (26,23), (-1,-1)]
Turtle 2 :[(-2,-2), (24,13), (24,13), (24,14), (-2,-2), (-2,-2), (-2,-2), (-2,-2)]
Turtle 3 :[(-3,-3), (36,43), (37,43), (38,43), (39,43), (40,43), (41,43), (-3,-3)]
Turtle 4 :[(-4,-4), (26,41), (26,42), (26,43), (27,43), (27,44), (27,44), (27,45)]
Turtle 5 :[(-5,-5), (36,40), (36,39), (35,39), (35,40), (35,40), (36,40), (37,40)]

Detection Run 25
#Info# Executed steps before collision: 10, Found collision: false
Turtle 1 :[(-1,-1), (18,28), (18,28), (17,28), (17,28), (17,28), (16,28), (15,28), (15,29), (14,29), (-1,-1)]
Turtle 2 :[(-2,-2), (42,48), (42,47), (42,48), (41,48), (41,49), (-2,-2), (-2,-2), (-2,-2), (-2,-2), (-2,-2)]
Turtle 3 :[(-3,-3), (4,14), (4,14), (4,14), (4,13), (4,13), (4,12), (4,12), (4,11), (4,11), (4,10)]
Turtle 4 :[(-4,-4), (40,31), (39,31), (38,31), (37,31), (36,31), (-4,-4), (-4,-4), (-4,-4), (-4,-4), (-4,-4)]
Turtle 5 :[(-5,-5), (42,27), (42,26), (41,26), (41,27), (41,26), (40,26), (-5,-5), (-5,-5), (-5,-5), (-5,-5)]

Detection Run 26
#Info# Executed steps before collision: 9, Found collision: false
Turtle 1 :[(-1,-1), (8,10), (8,10), (9,10), (9,10), (10,10), (10,10), (11,10), (11,10), (12,10)]
Turtle 2 :[(-2,-2), (8,31), (8,32), (8,31), (9,31), (10,31), (-2,-2), (-2,-2), (-2,-2), (-2,-2)]
Turtle 3 :[(-3,-3), (13,26), (12,26), (12,26), (12,26), (12,27), (12,28), (11,28), (10,28), (-3,-3)]
Turtle 4 :[(-4,-4), (35,17), (34,17), (34,18), (33,18), (33,19), (32,19), (-4,-4), (-4,-4), (-4,-4)]
Turtle 5 :[(-5,-5), (40,19), (40,20), (40,20), (40,21), (40,21), (41,21), (42,21), (-5,-5), (-5,-5)]

Detection Run 27
#Info# Executed steps before collision: 12, Found collision: false
Turtle 1 :[(-1,-1), (15,46), (15,46), (16,46), (17,46), (17,46), (17,46), (18,46), (18,46), (19,46), (-1,-1), (-1,-1), (-1,-1)]
Turtle 2 :[(-2,-2), (23,19), (23,19), (24,19), (24,20), (24,21), (24,22), (-2,-2), (-2,-2), (-2,-2), (-2,-2), (-2,-2), (-2,-2)]
Turtle 3 :[(-3,-3), (17,48), (17,48), (17,47), (17,47), (18,47), (17,47), (17,48), (17,47), (16,47), (16,46), (16,45), (16,44)]
Turtle 4 :[(-4,-4), (23,33), (24,33), (24,32), (25,32), (25,32), (25,31), (25,31), (26,31), (-4,-4), (-4,-4), (-4,-4), (-4,-4)]
Turtle 5 :[(-5,-5), (13,33), (14,33), (15,33), (15,33), (15,33), (15,33), (16,33), (16,33), (16,32), (17,32), (-5,-5), (-5,-5)]

Detection Run 28
#Info# Executed steps before collision: 9, Found collision: false
Turtle 1 :[(-1,-1), (17,3), (17,2), (17,2), (16,2), (15,2), (15,2), (15,2), (15,1), (14,1)]
Turtle 2 :[(-2,-2), (25,25), (25,26), (26,26), (26,27), (-2,-2), (-2,-2), (-2,-2), (-2,-2), (-2,-2)]
Turtle 3 :[(-3,-3), (46,38), (46,39), (46,40), (46,41), (46,41), (46,41), (46,42), (47,42), (-3,-3)]
Turtle 4 :[(-4,-4), (14,35), (14,35), (14,34), (14,34), (14,33), (14,32), (14,33), (14,33), (15,33)]
Turtle 5 :[(-5,-5), (38,44), (39,44), (40,44), (41,44), (41,44), (41,44), (41,43), (41,42), (-5,-5)]

Detection Run 29
#Info# Executed steps before collision: 9, Found collision: false
Turtle 1 :[(-1,-1), (21,46), (22,46), (22,46), (22,46), (22,45), (22,45), (22,44), (-1,-1), (-1,-1)]
Turtle 2 :[(-2,-2), (8,23), (8,23), (7,23), (6,23), (6,23), (6,24), (6,24), (6,25), (5,25)]
Turtle 3 :[(-3,-3), (20,40), (20,40), (20,39), (20,39), (21,39), (21,39), (21,40), (22,40), (-3,-3)]
Turtle 4 :[(-4,-4), (36,42), (36,42), (36,41), (36,41), (36,40), (36,39), (-4,-4), (-4,-4), (-4,-4)]
Turtle 5 :[(-5,-5), (31,33), (31,33), (32,33), (33,33), (33,34), (33,35), (-5,-5), (-5,-5), (-5,-5)]

Detection Run 30
#Info# Executed steps before collision: 11, Found collision: false
Turtle 1 :[(-1,-1), (44,23), (44,22), (44,22), (44,21), (44,21), (44,21), (44,21), (44,20), (44,20), (45,20), (46,20)]
Turtle 2 :[(-2,-2), (12,21), (12,22), (11,22), (11,23), (-2,-2), (-2,-2), (-2,-2), (-2,-2), (-2,-2), (-2,-2), (-2,-2)]
Turtle 3 :[(-3,-3), (30,9), (29,9), (28,9), (28,8), (28,8), (27,8), (27,7), (-3,-3), (-3,-3), (-3,-3), (-3,-3)]
Turtle 4 :[(-4,-4), (34,17), (34,16), (33,16), (32,16), (31,16), (31,16), (30,16), (-4,-4), (-4,-4), (-4,-4), (-4,-4)]
Turtle 5 :[(-5,-5), (30,6), (30,5), (30,4), (31,4), (31,3), (31,2), (-5,-5), (-5,-5), (-5,-5), (-5,-5), (-5,-5)]

Detection Run 31
#Info# Executed steps before collision: 11, Found collision: false
Turtle 1 :[(-1,-1), (25,38), (24,38), (23,38), (22,38), (22,39), (21,39), (-1,-1), (-1,-1), (-1,-1), (-1,-1), (-1,-1)]
Turtle 2 :[(-2,-2), (6,22), (5,22), (5,21), (5,21), (5,21), (5,21), (4,21), (4,20), (3,20), (-2,-2), (-2,-2)]
Turtle 3 :[(-3,-3), (48,22), (47,22), (46,22), (46,21), (46,21), (46,21), (46,20), (46,20), (45,20), (-3,-3), (-3,-3)]
Turtle 4 :[(-4,-4), (6,28), (6,27), (6,27), (6,27), (6,27), (7,27), (7,26), (8,26), (9,26), (-4,-4), (-4,-4)]
Turtle 5 :[(-5,-5), (5,4), (5,4), (6,4), (6,4), (7,4), (7,4), (7,4), (7,3), (7,3), (7,2), (7,1)]

Detection Run 32
#Info# Executed steps before collision: 11, Found collision: false
Turtle 1 :[(-1,-1), (47,48), (47,48), (47,47), (47,48), (47,48), (47,48), (47,48), (46,48), (45,48), (45,47), (-1,-1)]
Turtle 2 :[(-2,-2), (4,39), (3,39), (3,38), (3,38), (3,38), (2,38), (1,38), (0,38), (-2,-2), (-2,-2), (-2,-2)]
Turtle 3 :[(-3,-3), (21,26), (21,26), (21,25), (21,24), (20,24), (20,24), (20,24), (19,24), (19,24), (19,24), (19,23)]
Turtle 4 :[(-4,-4), (19,43), (19,44), (19,45), (19,46), (19,46), (19,46), (19,46), (19,47), (19,48), (-4,-4), (-4,-4)]
Turtle 5 :[(-5,-5), (43,43), (44,43), (44,42), (43,42), (43,41), (43,40), (-5,-5), (-5,-5), (-5,-5), (-5,-5), (-5,-5)]

Detection Run 33
#Info# Executed steps before collision: 8, Found collision: false
Turtle 1 :[(-1,-1), (9,14), (9,14), (9,15), (8,15), (8,16), (8,16), (8,16), (8,17)]
Turtle 2 :[(-2,-2), (40,6), (41,6), (42,6), (43,6), (44,6), (44,5), (-2,-2), (-2,-2)]
Turtle 3 :[(-3,-3), (20,36), (20,36), (21,36), (22,36), (23,36), (24,36), (-3,-3), (-3,-3)]
Turtle 4 :[(-4,-4), (23,46), (23,47), (23,48), (23,49), (24,49), (25,49), (-4,-4), (-4,-4)]
Turtle 5 :[(-5,-5), (20,31), (20,31), (19,31), (19,30), (19,29), (19,28), (18,28), (-5,-5)]

Detection Run 34
#Info# Executed steps before collision: 9, Found collision: false
Turtle 1 :[(-1,-1), (7,2), (7,2), (7,1), (7,0), (7,0), (7,0), (7,1), (6,1), (-1,-1)]
Turtle 2 :[(-2,-2), (41,5), (41,6), (41,6), (41,5), (41,5), (41,4), (41,3), (-2,-2), (-2,-2)]
Turtle 3 :[(-3,-3), (1,1), (2,1), (2,2), (2,2), (2,3), (2,3), (2,3), (2,4), (2,5)]
Turtle 4 :[(-4,-4), (18,17), (17,17), (16,17), (16,16), (16,15), (15,15), (-4,-4), (-4,-4), (-4,-4)]
Turtle 5 :[(-5,-5), (44,46), (44,46), (44,47), (44,48), (44,49), (-5,-5), (-5,-5), (-5,-5), (-5,-5)]

Detection Run 35
#Info# Executed steps before collision: 10, Found collision: false
Turtle 1 :[(-1,-1), (9,32), (9,32), (9,32), (9,32), (8,32), (7,32), (7,32), (6,32), (-1,-1), (-1,-1)]
Turtle 2 :[(-2,-2), (48,30), (48,30), (48,30), (48,30), (48,30), (48,30), (48,31), (-2,-2), (-2,-2), (-2,-2)]
Turtle 3 :[(-3,-3), (32,2), (32,3), (31,3), (30,3), (30,4), (30,5), (-3,-3), (-3,-3), (-3,-3), (-3,-3)]
Turtle 4 :[(-4,-4), (3,38), (3,38), (3,37), (3,36), (3,36), (3,36), (3,35), (4,35), (4,35), (4,34)]
Turtle 5 :[(-5,-5), (49,26), (49,26), (49,27), (48,27), (48,28), (48,29), (-5,-5), (-5,-5), (-5,-5), (-5,-5)]

Detection Run 36
#Info# Executed steps before collision: 10, Found collision: false
Turtle 1 :[(-1,-1), (19,37), (19,37), (20,37), (20,38), (20,39), (21,39), (22,39), (-1,-1), (-1,-1), (-1,-1)]
Turtle 2 :[(-2,-2), (40,24), (40,23), (40,22), (41,22), (41,22), (42,22), (42,21), (-2,-2), (-2,-2), (-2,-2)]
Turtle 3 :[(-3,-3), (2,29), (2,29), (2,29), (2,29), (2,30), (2,30), (2,31), (1,31), (1,31), (0,31)]
Turtle 4 :[(-4,-4), (9,19), (9,19), (9,18), (9,17), (9,17), (9,17), (9,16), (10,16), (-4,-4), (-4,-4)]
Turtle 5 :[(-5,-5), (16,34), (17,34), (18,34), (19,34), (19,34), (20,34), (20,34), (21,34), (-5,-5), (-5,-5)]

Detection Run 37
#Info# Executed steps before collision: 10, Found collision: false
Turtle 1 :[(-1,-1), (40,9), (40,10), (40,11), (41,11), (42,11), (43,11), (-1,-1), (-1,-1), (-1,-1), (-1,-1)]
Turtle 2 :[(-2,-2), (14,15), (14,14), (13,14), (13,13), (12,13), (12,12), (-2,-2), (-2,-2), (-2,-2), (-2,-2)]
Turtle 3 :[(-3,-3), (16,34), (16,33), (16,33), (16,32), (16,31), (15,31), (15,31), (15,30), (-3,-3), (-3,-3)]
Turtle 4 :[(-4,-4), (30,13), (30,12), (30,11), (31,11), (31,10), (32,10), (-4,-4), (-4,-4), (-4,-4), (-4,-4)]
Turtle 5 :[(-5,-5), (42,9), (42,9), (42,9), (42,9), (42,8), (42,7), (43,7), (43,8), (43,8), (44,8)]

Detection Run 38
#Info# Executed steps before collision: 11, Found collision: false
Turtle 1 :[(-1,-1), (36,10), (37,10), (37,11), (37,12), (37,13), (38,13), (-1,-1), (-1,-1), (-1,-1), (-1,-1), (-1,-1)]
Turtle 2 :[(-2,-2), (41,1), (42,1), (42,1), (42,2), (43,2), (43,3), (43,3), (43,3), (43,4), (-2,-2), (-2,-2)]
Turtle 3 :[(-3,-3), (46,42), (45,42), (44,42), (44,43), (43,43), (43,44), (-3,-3), (-3,-3), (-3,-3), (-3,-3), (-3,-3)]
Turtle 4 :[(-4,-4), (30,24), (31,24), (31,24), (31,23), (31,23), (31,23), (31,24), (31,24), (30,24), (30,24), (30,23)]
Turtle 5 :[(-5,-5), (32,15), (32,16), (32,17), (32,18), (32,19), (33,19), (-5,-5), (-5,-5), (-5,-5), (-5,-5), (-5,-5)]

Detection Run 39
#Info# Executed steps before collision: 11, Found collision: false
Turtle 1 :[(-1,-1), (18,7), (18,7), (18,6), (18,5), (18,5), (18,4), (17,4), (17,3), (-1,-1), (-1,-1), (-1,-1)]
Turtle 2 :[(-2,-2), (19,0), (19,0), (20,0), (20,0), (20,0), (20,0), (21,0), (21,0), (22,0), (23,0), (-2,-2)]
Turtle 3 :[(-3,-3), (40,6), (41,6), (41,6), (42,6), (42,6), (42,6), (42,6), (42,7), (43,7), (44,7), (-3,-3)]
Turtle 4 :[(-4,-4), (19,40), (18,40), (18,40), (17,40), (17,40), (16,40), (16,39), (16,39), (16,39), (16,39), (16,38)]
Turtle 5 :[(-5,-5), (41,16), (41,16), (41,15), (41,15), (41,15), (41,15), (40,15), (40,15), (39,15), (39,14), (-5,-5)]

Detection Run 40
#Info# Executed steps before collision: 11, Found collision: false
Turtle 1 :[(-1,-1), (11,37), (11,37), (11,37), (12,37), (13,37), (13,36), (13,35), (13,35), (14,35), (-1,-1), (-1,-1)]
Turtle 2 :[(-2,-2), (3,35), (4,35), (4,35), (4,34), (4,33), (4,33), (4,32), (4,32), (4,31), (-2,-2), (-2,-2)]
Turtle 3 :[(-3,-3), (33,23), (33,24), (33,24), (34,24), (34,24), (34,25), (34,26), (-3,-3), (-3,-3), (-3,-3), (-3,-3)]
Turtle 4 :[(-4,-4), (23,32), (23,33), (23,33), (23,33), (23,33), (23,33), (23,33), (24,33), (24,34), (24,35), (24,36)]
Turtle 5 :[(-5,-5), (29,32), (28,32), (28,31), (28,31), (27,31), (27,30), (26,30), (-5,-5), (-5,-5), (-5,-5), (-5,-5)]

Detection Run 41
#Info# Executed steps before collision: 10, Found collision: false
Turtle 1 :[(-1,-1), (20,45), (20,45), (20,45), (21,45), (22,45), (23,45), (24,45), (24,44), (-1,-1), (-1,-1)]
Turtle 2 :[(-2,-2), (2,39), (3,39), (3,39), (3,38), (3,37), (4,37), (-2,-2), (-2,-2), (-2,-2), (-2,-2)]
Turtle 3 :[(-3,-3), (47,29), (47,28), (47,29), (47,28), (46,28), (46,27), (-3,-3), (-3,-3), (-3,-3), (-3,-3)]
Turtle 4 :[(-4,-4), (17,8), (16,8), (15,8), (14,8), (14,7), (-4,-4), (-4,-4), (-4,-4), (-4,-4), (-4,-4)]
Turtle 5 :[(-5,-5), (19,9), (19,10), (18,10), (18,11), (18,11), (18,11), (18,11), (18,11), (18,12), (17,12)]

Detection Run 42
#Info# Executed steps before collision: 11, Found collision: false
Turtle 1 :[(-1,-1), (28,34), (27,34), (26,34), (26,34), (25,34), (25,34), (25,34), (24,34), (-1,-1), (-1,-1), (-1,-1)]
Turtle 2 :[(-2,-2), (1,33), (1,32), (1,31), (0,31), (-2,-2), (-2,-2), (-2,-2), (-2,-2), (-2,-2), (-2,-2), (-2,-2)]
Turtle 3 :[(-3,-3), (27,36), (28,36), (28,36), (29,36), (29,36), (29,36), (29,35), (29,35), (29,35), (30,35), (31,35)]
Turtle 4 :[(-4,-4), (21,30), (21,29), (20,29), (20,28), (20,27), (20,27), (20,27), (20,26), (-4,-4), (-4,-4), (-4,-4)]
Turtle 5 :[(-5,-5), (1,46), (2,46), (2,45), (2,45), (2,45), (2,44), (2,43), (-5,-5), (-5,-5), (-5,-5), (-5,-5)]

Detection Run 43
#Info# Executed steps before collision: 10, Found collision: false
Turtle 1 :[(-1,-1), (41,34), (41,35), (41,36), (41,37), (41,38), (-1,-1), (-1,-1), (-1,-1), (-1,-1), (-1,-1)]
Turtle 2 :[(-2,-2), (15,14), (15,13), (14,13), (14,12), (14,11), (14,10), (-2,-2), (-2,-2), (-2,-2), (-2,-2)]
Turtle 3 :[(-3,-3), (12,11), (13,11), (13,11), (13,10), (13,10), (13,10), (13,9), (13,10), (14,10), (15,10)]
Turtle 4 :[(-4,-4), (26,5), (25,5), (24,5), (23,5), (22,5), (21,5), (-4,-4), (-4,-4), (-4,-4), (-4,-4)]
Turtle 5 :[(-5,-5), (48,13), (48,13), (48,14), (48,15), (48,16), (48,16), (48,16), (49,16), (49,16), (-5,-5)]

Detection Run 44
#Info# Executed steps before collision: 9, Found collision: false
Turtle 1 :[(-1,-1), (19,24), (20,24), (20,24), (20,24), (21,24), (21,25), (21,26), (-1,-1), (-1,-1)]
Turtle 2 :[(-2,-2), (3,3), (4,3), (5,3), (6,3), (6,4), (7,4), (-2,-2), (-2,-2), (-2,-2)]
Turtle 3 :[(-3,-3), (38,16), (38,16), (38,16), (39,16), (40,16), (40,16), (40,16), (40,16), (41,16)]
Turtle 4 :[(-4,-4), (44,18), (43,18), (42,18), (41,18), (40,18), (39,18), (-4,-4), (-4,-4), (-4,-4)]
Turtle 5 :[(-5,-5), (33,13), (33,13), (34,13), (34,13), (34,14), (35,14), (36,14), (36,15), (-5,-5)]

Detection Run 45
#Info# Executed steps before collision: 10, Found collision: false
Turtle 1 :[(-1,-1), (9,48), (8,48), (8,49), (8,49), (9,49), (8,49), (-1,-1), (-1,-1), (-1,-1), (-1,-1)]
Turtle 2 :[(-2,-2), (30,45), (30,44), (29,44), (28,44), (27,44), (27,44), (27,43), (-2,-2), (-2,-2), (-2,-2)]
Turtle 3 :[(-3,-3), (47,20), (47,19), (47,19), (48,19), (48,18), (48,18), (48,18), (48,18), (49,18), (49,17)]
Turtle 4 :[(-4,-4), (30,37), (31,37), (31,37), (31,38), (31,38), (31,38), (31,39), (31,39), (31,40), (31,41)]
Turtle 5 :[(-5,-5), (34,13), (34,13), (34,12), (34,11), (33,11), (-5,-5), (-5,-5), (-5,-5), (-5,-5), (-5,-5)]

Detection Run 46
#Info# Executed steps before collision: 11, Found collision: false
Turtle 1 :[(-1,-1), (32,34), (32,33), (32,33), (32,33), (32,32), (32,31), (33,31), (-1,-1), (-1,-1), (-1,-1), (-1,-1)]
Turtle 2 :[(-2,-2), (1,27), (2,27), (2,27), (3,27), (3,26), (3,25), (3,25), (3,25), (3,25), (3,25), (3,24)]
Turtle 3 :[(-3,-3), (29,10), (30,10), (31,10), (32,10), (33,10), (34,10), (-3,-3), (-3,-3), (-3,-3), (-3,-3), (-3,-3)]
Turtle 4 :[(-4,-4), (33,30), (33,30), (34,30), (35,30), (-4,-4), (-4,-4), (-4,-4), (-4,-4), (-4,-4), (-4,-4), (-4,-4)]
Turtle 5 :[(-5,-5), (44,29), (44,29), (44,29), (45,29), (45,28), (-5,-5), (-5,-5), (-5,-5), (-5,-5), (-5,-5), (-5,-5)]

Detection Run 47
#Info# Executed steps before collision: 11, Found collision: false
Turtle 1 :[(-1,-1), (18,18), (18,18), (17,18), (17,18), (17,18), (18,18), (18,17), (18,16), (17,16), (16,16), (15,16)]
Turtle 2 :[(-2,-2), (20,5), (20,5), (20,4), (20,4), (21,4), (22,4), (22,3), (22,2), (-2,-2), (-2,-2), (-2,-2)]
Turtle 3 :[(-3,-3), (41,7), (41,6), (41,6), (40,6), (40,5), (40,4), (-3,-3), (-3,-3), (-3,-3), (-3,-3), (-3,-3)]
Turtle 4 :[(-4,-4), (15,17), (15,18), (16,18), (16,18), (16,19), (16,19), (17,19), (17,20), (-4,-4), (-4,-4), (-4,-4)]
Turtle 5 :[(-5,-5), (3,2), (3,2), (4,2), (4,2), (4,1), (5,1), (-5,-5), (-5,-5), (-5,-5), (-5,-5), (-5,-5)]

Detection Run 48
#Info# Executed steps before collision: 9, Found collision: false
Turtle 1 :[(-1,-1), (28,20), (28,21), (27,21), (26,21), (25,21), (25,22), (-1,-1), (-1,-1), (-1,-1)]
Turtle 2 :[(-2,-2), (11,36), (11,35), (-2,-2), (-2,-2), (-2,-2), (-2,-2), (-2,-2), (-2,-2), (-2,-2)]
Turtle 3 :[(-3,-3), (47,29), (48,29), (48,28), (49,28), (49,27), (49,27), (-3,-3), (-3,-3), (-3,-3)]
Turtle 4 :[(-4,-4), (12,31), (12,31), (12,31), (13,31), (14,31), (14,32), (14,32), (15,32), (15,33)]
Turtle 5 :[(-5,-5), (41,21), (41,21), (41,21), (42,21), (42,22), (43,22), (43,22), (44,22), (45,22)]

Detection Run 49
#Info# Executed steps before collision: 11, Found collision: false
Turtle 1 :[(-1,-1), (9,23), (8,23), (8,23), (8,23), (8,23), (8,22), (8,22), (8,21), (8,21), (7,21), (-1,-1)]
Turtle 2 :[(-2,-2), (15,43), (15,43), (15,43), (16,43), (16,43), (16,43), (17,43), (17,43), (18,43), (19,43), (19,42)]
Turtle 3 :[(-3,-3), (1,16), (2,16), (3,16), (3,15), (4,15), (5,15), (-3,-3), (-3,-3), (-3,-3), (-3,-3), (-3,-3)]
Turtle 4 :[(-4,-4), (29,18), (29,18), (29,18), (28,18), (28,19), (28,19), (29,19), (29,19), (29,19), (29,20), (-4,-4)]
Turtle 5 :[(-5,-5), (10,47), (11,47), (11,47), (11,47), (12,47), (12,47), (12,46), (12,46), (13,46), (13,46), (13,45)]

Detection Run 50
#Info# Executed steps before collision: 11, Found collision: false
Turtle 1 :[(-1,-1), (21,22), (21,21), (21,21), (21,20), (21,19), (21,19), (21,18), (-1,-1), (-1,-1), (-1,-1), (-1,-1)]
Turtle 2 :[(-2,-2), (9,4), (9,4), (9,4), (9,3), (9,2), (10,2), (11,2), (11,2), (11,2), (11,2), (11,1)]
Turtle 3 :[(-3,-3), (6,38), (6,38), (5,38), (5,39), (5,39), (4,39), (4,39), (4,39), (3,39), (3,39), (3,40)]
Turtle 4 :[(-4,-4), (22,23), (22,22), (22,21), (22,20), (22,19), (-4,-4), (-4,-4), (-4,-4), (-4,-4), (-4,-4), (-4,-4)]
Turtle 5 :[(-5,-5), (5,17), (5,17), (6,17), (7,17), (7,16), (7,15), (7,15), (8,15), (-5,-5), (-5,-5), (-5,-5)]

Detection Run 51
#Info# Executed steps before collision: 11, Found collision: false
Turtle 1 :[(-1,-1), (27,17), (26,17), (26,16), (26,15), (26,15), (26,14), (26,13), (-1,-1), (-1,-1), (-1,-1), (-1,-1)]
Turtle 2 :[(-2,-2), (11,24), (11,24), (11,25), (11,26), (10,26), (9,26), (9,26), (8,26), (-2,-2), (-2,-2), (-2,-2)]
Turtle 3 :[(-3,-3), (3,4), (3,4), (3,4), (3,5), (3,5), (2,5), (-3,-3), (-3,-3), (-3,-3), (-3,-3), (-3,-3)]
Turtle 4 :[(-4,-4), (11,22), (11,23), (11,23), (11,23), (10,23), (10,24), (10,25), (10,25), (10,26), (-4,-4), (-4,-4)]
Turtle 5 :[(-5,-5), (36,20), (36,19), (36,19), (36,19), (37,19), (37,19), (37,19), (38,19), (38,18), (38,18), (39,18)]

Detection Run 52
#Info# Executed steps before collision: 11, Found collision: false
Turtle 1 :[(-1,-1), (22,2), (22,2), (22,2), (22,3), (22,3), (22,4), (22,5), (22,5), (22,6), (22,6), (21,6)]
Turtle 2 :[(-2,-2), (24,25), (25,25), (26,25), (27,25), (28,25), (28,24), (-2,-2), (-2,-2), (-2,-2), (-2,-2), (-2,-2)]
Turtle 3 :[(-3,-3), (25,14), (25,14), (25,14), (25,13), (25,13), (25,12), (25,12), (24,12), (23,12), (-3,-3), (-3,-3)]
Turtle 4 :[(-4,-4), (0,6), (0,5), (0,4), (0,4), (0,3), (0,2), (0,1), (-4,-4), (-4,-4), (-4,-4), (-4,-4)]
Turtle 5 :[(-5,-5), (21,17), (21,18), (22,18), (22,19), (22,19), (22,20), (-5,-5), (-5,-5), (-5,-5), (-5,-5), (-5,-5)]

Detection Run 53
#Info# Executed steps before collision: 13, Found collision: false
Turtle 1 :[(-1,-1), (39,21), (39,22), (38,22), (38,23), (38,23), (38,24), (38,25), (-1,-1), (-1,-1), (-1,-1), (-1,-1), (-1,-1), (-1,-1)]
Turtle 2 :[(-2,-2), (9,12), (9,11), (9,10), (9,9), (9,8), (9,7), (-2,-2), (-2,-2), (-2,-2), (-2,-2), (-2,-2), (-2,-2), (-2,-2)]
Turtle 3 :[(-3,-3), (18,39), (18,38), (18,39), (18,38), (17,38), (17,37), (-3,-3), (-3,-3), (-3,-3), (-3,-3), (-3,-3), (-3,-3), (-3,-3)]
Turtle 4 :[(-4,-4), (1,43), (1,43), (1,43), (2,43), (2,43), (2,43), (2,43), (3,43), (3,42), (4,42), (5,42), (-4,-4), (-4,-4)]
Turtle 5 :[(-5,-5), (6,39), (6,39), (6,40), (6,40), (6,41), (5,41), (5,41), (5,41), (4,41), (4,41), (4,40), (4,41), (4,42)]

Detection Run 54
#Info# Executed steps before collision: 11, Found collision: false
Turtle 1 :[(-1,-1), (15,21), (15,22), (16,22), (16,22), (16,23), (16,23), (16,23), (16,23), (16,23), (17,23), (18,23)]
Turtle 2 :[(-2,-2), (32,17), (32,17), (32,17), (32,16), (32,15), (33,15), (34,15), (-2,-2), (-2,-2), (-2,-2), (-2,-2)]
Turtle 3 :[(-3,-3), (0,14), (0,14), (0,13), (-3,-3), (-3,-3), (-3,-3), (-3,-3), (-3,-3), (-3,-3), (-3,-3), (-3,-3)]
Turtle 4 :[(-4,-4), (17,21), (17,20), (17,20), (17,20), (17,20), (17,20), (17,21), (17,21), (16,21), (-4,-4), (-4,-4)]
Turtle 5 :[(-5,-5), (47,47), (46,47), (46,47), (46,47), (46,47), (46,48), (46,48), (45,48), (44,48), (44,49), (-5,-5)]

Detection Run 55
#Info# Executed steps before collision: 9, Found collision: false
Turtle 1 :[(-1,-1), (26,38), (26,37), (26,37), (25,37), (25,37), (25,37), (24,37), (23,37), (22,37)]
Turtle 2 :[(-2,-2), (25,2), (25,1), (25,1), (25,1), (25,1), (26,1), (26,0), (-2,-2), (-2,-2)]
Turtle 3 :[(-3,-3), (29,38), (29,37), (28,37), (27,37), (26,37), (26,37), (26,36), (-3,-3), (-3,-3)]
Turtle 4 :[(-4,-4), (10,22), (10,22), (10,23), (10,24), (9,24), (9,25), (8,25), (-4,-4), (-4,-4)]
Turtle 5 :[(-5,-5), (13,23), (12,23), (11,23), (11,24), (11,25), (-5,-5), (-5,-5), (-5,-5), (-5,-5)]

Detection Run 56
#Info# Executed steps before collision: 8, Found collision: false
Turtle 1 :[(-1,-1), (40,46), (40,46), (40,45), (41,45), (42,45), (43,45), (43,45), (43,44)]
Turtle 2 :[(-2,-2), (32,13), (33,13), (34,13), (34,14), (35,14), (35,15), (-2,-2), (-2,-2)]
Turtle 3 :[(-3,-3), (46,38), (47,38), (47,39), (47,39), (48,39), (48,40), (48,41), (-3,-3)]
Turtle 4 :[(-4,-4), (42,41), (42,41), (42,41), (42,41), (42,42), (42,41), (42,42), (42,43)]
Turtle 5 :[(-5,-5), (18,0), (19,0), (20,0), (21,0), (22,0), (23,0), (-5,-5), (-5,-5)]

Detection Run 57
#Info# Executed steps before collision: 11, Found collision: false
Turtle 1 :[(-1,-1), (38,13), (38,13), (38,14), (38,14), (38,14), (38,14), (38,15), (39,15), (39,15), (39,16), (-1,-1)]
Turtle 2 :[(-2,-2), (13,38), (13,38), (13,38), (13,38), (13,37), (13,36), (13,36), (13,35), (13,35), (14,35), (14,34)]
Turtle 3 :[(-3,-3), (26,6), (26,5), (26,4), (26,3), (25,3), (25,2), (-3,-3), (-3,-3), (-3,-3), (-3,-3), (-3,-3)]
Turtle 4 :[(-4,-4), (42,15), (41,15), (41,15), (41,15), (41,15), (41,15), (41,16), (41,17), (41,18), (41,18), (41,19)]
Turtle 5 :[(-5,-5), (9,17), (10,17), (10,16), (11,16), (11,15), (11,14), (-5,-5), (-5,-5), (-5,-5), (-5,-5), (-5,-5)]

Detection Run 58
#Info# Executed steps before collision: 10, Found collision: false
Turtle 1 :[(-1,-1), (1,43), (0,43), (0,44), (0,44), (0,44), (0,44), (1,44), (0,44), (0,45), (-1,-1)]
Turtle 2 :[(-2,-2), (31,39), (32,39), (32,39), (33,39), (34,39), (34,39), (34,39), (34,39), (34,39), (35,39)]
Turtle 3 :[(-3,-3), (31,34), (31,33), (31,32), (31,32), (31,32), (31,32), (31,31), (31,30), (31,30), (31,29)]
Turtle 4 :[(-4,-4), (2,16), (2,15), (2,15), (2,15), (1,15), (1,14), (1,14), (1,14), (1,13), (1,12)]
Turtle 5 :[(-5,-5), (9,45), (9,44), (9,43), (9,42), (-5,-5), (-5,-5), (-5,-5), (-5,-5), (-5,-5), (-5,-5)]

Detection Run 59
#Info# Executed steps before collision: 11, Found collision: false
Turtle 1 :[(-1,-1), (40,24), (40,24), (40,24), (40,24), (40,24), (40,25), (39,25), (38,25), (38,26), (37,26), (-1,-1)]
Turtle 2 :[(-2,-2), (43,25), (43,25), (42,25), (42,26), (42,27), (42,27), (42,27), (41,27), (41,27), (41,27), (40,27)]
Turtle 3 :[(-3,-3), (22,42), (23,42), (23,42), (24,42), (24,43), (24,43), (24,44), (25,44), (-3,-3), (-3,-3), (-3,-3)]
Turtle 4 :[(-4,-4), (27,40), (27,40), (27,40), (27,40), (27,39), (27,39), (28,39), (28,38), (28,38), (28,37), (28,36)]
Turtle 5 :[(-5,-5), (0,37), (0,36), (0,36), (0,37), (0,37), (0,37), (0,36), (-5,-5), (-5,-5), (-5,-5), (-5,-5)]

Detection Run 60
#Info# Executed steps before collision: 8, Found collision: false
Turtle 1 :[(-1,-1), (41,42), (42,42), (43,42), (44,42), (44,41), (45,41), (-1,-1), (-1,-1)]
Turtle 2 :[(-2,-2), (45,47), (46,47), (46,47), (47,47), (47,46), (47,45), (47,44), (-2,-2)]
Turtle 3 :[(-3,-3), (33,14), (34,14), (35,14), (35,14), (35,15), (35,15), (35,16), (36,16)]
Turtle 4 :[(-4,-4), (29,41), (29,41), (28,41), (28,42), (27,42), (27,42), (27,43), (27,44)]
Turtle 5 :[(-5,-5), (43,10), (44,10), (45,10), (45,11), (46,11), (46,12), (-5,-5), (-5,-5)]

Detection Run 61
#Info# Executed steps before collision: 11, Found collision: false
Turtle 1 :[(-1,-1), (5,20), (5,21), (5,22), (5,22), (5,22), (5,22), (5,23), (5,23), (5,24), (5,24), (6,24)]
Turtle 2 :[(-2,-2), (17,3), (18,3), (18,2), (19,2), (20,2), (20,1), (-2,-2), (-2,-2), (-2,-2), (-2,-2), (-2,-2)]
Turtle 3 :[(-3,-3), (8,23), (8,24), (8,25), (8,25), (8,25), (8,25), (8,25), (8,25), (9,25), (10,25), (11,25)]
Turtle 4 :[(-4,-4), (6,39), (7,39), (7,40), (7,40), (7,41), (7,41), (7,41), (7,42), (7,43), (-4,-4), (-4,-4)]
Turtle 5 :[(-5,-5), (20,22), (20,22), (21,22), (21,22), (21,23), (21,23), (22,23), (23,23), (-5,-5), (-5,-5), (-5,-5)]

Detection Run 62
#Info# Executed steps before collision: 11, Found collision: false
Turtle 1 :[(-1,-1), (22,46), (22,47), (22,47), (22,47), (21,47), (21,48), (20,48), (20,49), (-1,-1), (-1,-1), (-1,-1)]
Turtle 2 :[(-2,-2), (22,16), (22,16), (23,16), (23,16), (23,17), (23,17), (23,17), (23,18), (23,18), (24,18), (24,19)]
Turtle 3 :[(-3,-3), (42,47), (41,47), (41,48), (41,49), (40,49), (-3,-3), (-3,-3), (-3,-3), (-3,-3), (-3,-3), (-3,-3)]
Turtle 4 :[(-4,-4), (26,12), (26,13), (26,14), (26,15), (26,16), (27,16), (-4,-4), (-4,-4), (-4,-4), (-4,-4), (-4,-4)]
Turtle 5 :[(-5,-5), (8,4), (8,3), (8,3), (9,3), (9,3), (9,2), (9,1), (10,1), (-5,-5), (-5,-5), (-5,-5)]

Detection Run 63
#Info# Executed steps before collision: 11, Found collision: false
Turtle 1 :[(-1,-1), (47,23), (48,23), (49,23), (49,23), (49,24), (-1,-1), (-1,-1), (-1,-1), (-1,-1), (-1,-1), (-1,-1)]
Turtle 2 :[(-2,-2), (17,39), (17,39), (17,39), (18,39), (18,40), (18,41), (19,41), (20,41), (-2,-2), (-2,-2), (-2,-2)]
Turtle 3 :[(-3,-3), (34,5), (34,5), (34,4), (33,4), (32,4), (32,4), (32,3), (32,2), (-3,-3), (-3,-3), (-3,-3)]
Turtle 4 :[(-4,-4), (16,48), (16,48), (16,47), (16,47), (16,47), (16,47), (15,47), (15,47), (15,46), (15,45), (15,44)]
Turtle 5 :[(-5,-5), (13,39), (13,38), (13,38), (13,38), (12,38), (11,38), (10,38), (9,38), (-5,-5), (-5,-5), (-5,-5)]

Detection Run 64
#Info# Executed steps before collision: 11, Found collision: false
Turtle 1 :[(-1,-1), (9,41), (9,41), (9,42), (9,42), (9,43), (8,43), (8,43), (7,43), (7,44), (-1,-1), (-1,-1)]
Turtle 2 :[(-2,-2), (37,15), (37,15), (37,15), (37,14), (37,13), (37,13), (37,13), (37,12), (-2,-2), (-2,-2), (-2,-2)]
Turtle 3 :[(-3,-3), (25,7), (25,8), (25,9), (25,9), (25,10), (25,10), (24,10), (24,10), (24,10), (24,10), (23,10)]
Turtle 4 :[(-4,-4), (9,42), (9,42), (9,41), (8,41), (7,41), (7,42), (-4,-4), (-4,-4), (-4,-4), (-4,-4), (-4,-4)]
Turtle 5 :[(-5,-5), (17,36), (16,36), (15,36), (15,36), (15,37), (15,38), (15,39), (-5,-5), (-5,-5), (-5,-5), (-5,-5)]

Detection Run 65
#Info# Executed steps before collision: 9, Found collision: false
Turtle 1 :[(-1,-1), (18,5), (18,4), (18,3), (18,2), (18,2), (19,2), (19,1), (-1,-1), (-1,-1)]
Turtle 2 :[(-2,-2), (24,17), (24,17), (24,18), (25,18), (25,18), (26,18), (27,18), (28,18), (-2,-2)]
Turtle 3 :[(-3,-3), (30,39), (30,39), (30,38), (30,38), (29,38), (29,38), (29,37), (29,36), (29,35)]
Turtle 4 :[(-4,-4), (19,18), (19,18), (19,19), (19,19), (20,19), (20,20), (-4,-4), (-4,-4), (-4,-4)]
Turtle 5 :[(-5,-5), (14,7), (15,7), (15,6), (16,6), (16,6), (16,6), (17,6), (17,6), (17,5)]

Detection Run 66
#Info# Executed steps before collision: 11, Found collision: false
Turtle 1 :[(-1,-1), (9,16), (9,15), (10,15), (10,14), (10,13), (-1,-1), (-1,-1), (-1,-1), (-1,-1), (-1,-1), (-1,-1)]
Turtle 2 :[(-2,-2), (22,17), (22,18), (21,18), (22,18), (21,18), (20,18), (-2,-2), (-2,-2), (-2,-2), (-2,-2), (-2,-2)]
Turtle 3 :[(-3,-3), (16,18), (16,18), (16,19), (16,20), (17,20), (18,20), (19,20), (-3,-3), (-3,-3), (-3,-3), (-3,-3)]
Turtle 4 :[(-4,-4), (0,22), (0,21), (0,20), (0,19), (0,18), (0,17), (-4,-4), (-4,-4), (-4,-4), (-4,-4), (-4,-4)]
Turtle 5 :[(-5,-5), (30,27), (29,27), (28,27), (28,27), (28,27), (28,27), (28,27), (28,28), (27,28), (27,28), (27,29)]

Detection Run 67
#Info# Executed steps before collision: 11, Found collision: false
Turtle 1 :[(-1,-1), (0,18), (0,18), (1,18), (1,17), (2,17), (3,17), (-1,-1), (-1,-1), (-1,-1), (-1,-1), (-1,-1)]
Turtle 2 :[(-2,-2), (5,9), (5,9), (5,9), (4,9), (4,9), (4,10), (3,10), (3,11), (-2,-2), (-2,-2), (-2,-2)]
Turtle 3 :[(-3,-3), (1,48), (1,48), (1,48), (1,48), (1,48), (1,48), (1,49), (0,49), (0,49), (-3,-3), (-3,-3)]
Turtle 4 :[(-4,-4), (30,45), (29,45), (29,45), (29,44), (29,44), (29,44), (29,43), (29,43), (29,43), (29,42), (28,42)]
Turtle 5 :[(-5,-5), (15,25), (15,25), (14,25), (14,25), (14,25), (14,25), (13,25), (13,25), (12,25), (12,24), (12,23)]

Detection Run 68
#Info# Executed steps before collision: 11, Found collision: false
Turtle 1 :[(-1,-1), (33,46), (32,46), (32,46), (31,46), (31,47), (31,47), (31,47), (30,47), (29,47), (-1,-1), (-1,-1)]
Turtle 2 :[(-2,-2), (44,43), (44,42), (44,42), (44,42), (43,42), (42,42), (41,42), (41,42), (41,42), (40,42), (-2,-2)]
Turtle 3 :[(-3,-3), (34,10), (34,10), (35,10), (36,10), (37,10), (37,9), (38,9), (-3,-3), (-3,-3), (-3,-3), (-3,-3)]
Turtle 4 :[(-4,-4), (5,47), (6,47), (6,47), (6,47), (6,48), (6,48), (6,49), (6,49), (6,49), (6,49), (7,49)]
Turtle 5 :[(-5,-5), (29,37), (29,37), (29,37), (29,38), (29,38), (29,39), (29,40), (29,41), (29,42), (-5,-5), (-5,-5)]

Detection Run 69
#Info# Executed steps before collision: 11, Found collision: false
Turtle 1 :[(-1,-1), (38,9), (37,9), (37,8), (37,8), (37,8), (37,7), (37,7), (36,7), (35,7), (-1,-1), (-1,-1)]
Turtle 2 :[(-2,-2), (3,37), (3,37), (3,37), (2,37), (2,36), (-2,-2), (-2,-2), (-2,-2), (-2,-2), (-2,-2), (-2,-2)]
Turtle 3 :[(-3,-3), (37,12), (36,12), (36,12), (36,12), (37,12), (37,12), (37,12), (38,12), (-3,-3), (-3,-3), (-3,-3)]
Turtle 4 :[(-4,-4), (0,32), (0,33), (0,34), (0,35), (0,36), (-4,-4), (-4,-4), (-4,-4), (-4,-4), (-4,-4), (-4,-4)]
Turtle 5 :[(-5,-5), (6,29), (6,29), (7,29), (7,29), (8,29), (8,29), (9,29), (9,28), (9,28), (9,28), (10,28)]

Detection Run 70
#Info# Executed steps before collision: 10, Found collision: false
Turtle 1 :[(-1,-1), (41,19), (41,19), (41,20), (42,20), (42,20), (42,20), (42,19), (42,19), (42,19), (42,20)]
Turtle 2 :[(-2,-2), (7,20), (7,20), (7,19), (8,19), (8,19), (8,19), (8,19), (8,18), (9,18), (9,17)]
Turtle 3 :[(-3,-3), (22,43), (22,43), (22,43), (22,43), (21,43), (20,43), (20,43), (20,42), (19,42), (19,41)]
Turtle 4 :[(-4,-4), (28,24), (29,24), (30,24), (30,24), (31,24), (32,24), (32,24), (32,24), (33,24), (-4,-4)]
Turtle 5 :[(-5,-5), (27,28), (28,28), (29,28), (29,27), (29,26), (30,26), (-5,-5), (-5,-5), (-5,-5), (-5,-5)]

Detection Run 71
#Info# Executed steps before collision: 11, Found collision: false
Turtle 1 :[(-1,-1), (32,29), (32,29), (32,28), (32,28), (32,28), (32,27), (32,27), (33,27), (33,27), (34,27), (35,27)]
Turtle 2 :[(-2,-2), (43,8), (42,8), (42,7), (42,7), (42,6), (42,5), (42,5), (42,5), (42,4), (-2,-2), (-2,-2)]
Turtle 3 :[(-3,-3), (46,20), (46,21), (45,21), (45,21), (45,22), (45,23), (45,23), (45,24), (-3,-3), (-3,-3), (-3,-3)]
Turtle 4 :[(-4,-4), (30,43), (30,43), (30,43), (30,43), (30,44), (30,45), (31,45), (31,45), (31,45), (32,45), (-4,-4)]
Turtle 5 :[(-5,-5), (36,39), (35,39), (34,39), (34,40), (34,40), (34,40), (34,40), (33,40), (-5,-5), (-5,-5), (-5,-5)]

Detection Run 72
#Info# Executed steps before collision: 11, Found collision: false
Turtle 1 :[(-1,-1), (7,17), (7,16), (7,16), (8,16), (8,16), (8,16), (8,15), (8,15), (8,15), (8,14), (9,14)]
Turtle 2 :[(-2,-2), (33,11), (33,12), (32,12), (32,12), (32,13), (32,14), (31,14), (-2,-2), (-2,-2), (-2,-2), (-2,-2)]
Turtle 3 :[(-3,-3), (9,41), (9,41), (8,41), (8,41), (8,41), (8,42), (8,43), (-3,-3), (-3,-3), (-3,-3), (-3,-3)]
Turtle 4 :[(-4,-4), (49,4), (48,4), (48,4), (48,4), (47,4), (47,4), (46,4), (46,4), (46,3), (46,2), (-4,-4)]
Turtle 5 :[(-5,-5), (8,9), (8,9), (8,9), (8,10), (8,10), (9,10), (10,10), (10,10), (10,10), (10,11), (10,12)]

Detection Run 73
#Info# Executed steps before collision: 11, Found collision: false
Turtle 1 :[(-1,-1), (17,6), (17,7), (17,8), (18,8), (19,8), (20,8), (-1,-1), (-1,-1), (-1,-1), (-1,-1), (-1,-1)]
Turtle 2 :[(-2,-2), (23,38), (23,38), (24,38), (24,39), (24,39), (24,40), (25,40), (26,40), (-2,-2), (-2,-2), (-2,-2)]
Turtle 3 :[(-3,-3), (5,30), (5,30), (4,30), (4,30), (4,30), (4,30), (3,30), (3,31), (3,31), (3,32), (2,32)]
Turtle 4 :[(-4,-4), (0,33), (0,34), (1,34), (2,34), (3,34), (4,34), (-4,-4), (-4,-4), (-4,-4), (-4,-4), (-4,-4)]
Turtle 5 :[(-5,-5), (33,26), (33,25), (33,25), (33,24), (33,23), (34,23), (34,23), (34,23), (34,23), (34,23), (34,22)]

Detection Run 74
#Info# Executed steps before collision: 12, Found collision: false
Turtle 1 :[(-1,-1), (3,0), (2,0), (1,0), (0,0), (-1,-1), (-1,-1), (-1,-1), (-1,-1), (-1,-1), (-1,-1), (-1,-1), (-1,-1)]
Turtle 2 :[(-2,-2), (42,21), (42,21), (42,20), (42,19), (43,19), (43,18), (43,18), (44,18), (-2,-2), (-2,-2), (-2,-2), (-2,-2)]
Turtle 3 :[(-3,-3), (15,44), (16,44), (16,45), (17,45), (17,45), (17,45), (17,45), (17,45), (17,45), (18,45), (19,45), (-3,-3)]
Turtle 4 :[(-4,-4), (41,22), (41,21), (41,21), (41,21), (41,21), (42,21), (42,21), (42,20), (42,20), (42,20), (42,19), (43,19)]
Turtle 5 :[(-5,-5), (35,0), (34,0), (34,0), (34,0), (33,0), (32,0), (32,1), (32,1), (32,2), (-5,-5), (-5,-5), (-5,-5)]

Detection Run 75
#Info# Executed steps before collision: 10, Found collision: false
Turtle 1 :[(-1,-1), (37,45), (37,45), (37,45), (37,45), (37,44), (-1,-1), (-1,-1), (-1,-1), (-1,-1), (-1,-1)]
Turtle 2 :[(-2,-2), (33,39), (33,38), (33,37), (33,36), (32,36), (-2,-2), (-2,-2), (-2,-2), (-2,-2), (-2,-2)]
Turtle 3 :[(-3,-3), (44,38), (43,38), (43,38), (43,38), (42,38), (42,37), (42,37), (42,36), (-3,-3), (-3,-3)]
Turtle 4 :[(-4,-4), (6,24), (6,25), (7,25), (7,26), (8,26), (8,27), (-4,-4), (-4,-4), (-4,-4), (-4,-4)]
Turtle 5 :[(-5,-5), (12,22), (12,22), (11,22), (10,22), (10,22), (9,22), (9,22), (8,22), (8,22), (7,22)]

Detection Run 76
#Info# Executed steps before collision: 11, Found collision: false
Turtle 1 :[(-1,-1), (4,0), (4,0), (4,0), (5,0), (6,0), (6,1), (7,1), (-1,-1), (-1,-1), (-1,-1), (-1,-1)]
Turtle 2 :[(-2,-2), (41,28), (42,28), (42,28), (42,28), (42,28), (42,27), (42,27), (42,26), (42,26), (43,26), (43,25)]
Turtle 3 :[(-3,-3), (15,1), (14,1), (13,1), (14,1), (13,1), (-3,-3), (-3,-3), (-3,-3), (-3,-3), (-3,-3), (-3,-3)]
Turtle 4 :[(-4,-4), (19,15), (20,15), (20,14), (21,14), (21,14), (21,13), (22,13), (-4,-4), (-4,-4), (-4,-4), (-4,-4)]
Turtle 5 :[(-5,-5), (29,49), (29,49), (30,49), (31,49), (32,49), (-5,-5), (-5,-5), (-5,-5), (-5,-5), (-5,-5), (-5,-5)]

Detection Run 77
#Info# Executed steps before collision: 9, Found collision: false
Turtle 1 :[(-1,-1), (23,39), (23,39), (23,40), (23,41), (24,41), (24,42), (25,42), (-1,-1), (-1,-1)]
Turtle 2 :[(-2,-2), (7,31), (8,31), (9,31), (10,31), (10,30), (10,29), (-2,-2), (-2,-2), (-2,-2)]
Turtle 3 :[(-3,-3), (4,30), (4,29), (3,29), (4,29), (3,29), (3,28), (2,28), (1,28), (-3,-3)]
Turtle 4 :[(-4,-4), (2,28), (2,29), (2,29), (2,29), (2,29), (2,30), (2,31), (3,31), (3,32)]
Turtle 5 :[(-5,-5), (31,6), (30,6), (29,6), (29,6), (28,6), (27,6), (26,6), (-5,-5), (-5,-5)]

Detection Run 78
#Info# Executed steps before collision: 11, Found collision: false
Turtle 1 :[(-1,-1), (26,28), (26,29), (27,29), (28,29), (28,30), (29,30), (-1,-1), (-1,-1), (-1,-1), (-1,-1), (-1,-1)]
Turtle 2 :[(-2,-2), (28,44), (28,44), (27,44), (26,44), (26,43), (25,43), (25,43), (25,43), (25,43), (25,43), (24,43)]
Turtle 3 :[(-3,-3), (36,43), (36,43), (36,42), (36,42), (37,42), (37,42), (37,42), (37,42), (37,43), (38,43), (-3,-3)]
Turtle 4 :[(-4,-4), (27,39), (27,38), (27,37), (26,37), (25,37), (24,37), (-4,-4), (-4,-4), (-4,-4), (-4,-4), (-4,-4)]
Turtle 5 :[(-5,-5), (32,21), (32,21), (32,21), (32,22), (31,22), (30,22), (29,22), (28,22), (-5,-5), (-5,-5), (-5,-5)]

Detection Run 79
#Info# Executed steps before collision: 7, Found collision: false
Turtle 1 :[(-1,-1), (35,38), (35,39), (35,40), (35,41), (36,41), (36,42), (-1,-1)]
Turtle 2 :[(-2,-2), (34,48), (34,47), (35,47), (36,47), (-2,-2), (-2,-2), (-2,-2)]
Turtle 3 :[(-3,-3), (33,45), (33,45), (32,45), (31,45), (31,46), (30,46), (29,46)]
Turtle 4 :[(-4,-4), (31,8), (31,9), (32,9), (32,10), (32,10), (32,11), (32,12)]
Turtle 5 :[(-5,-5), (14,49), (13,49), (12,49), (11,49), (11,49), (10,49), (-5,-5)]

Detection Run 80
#Info# Executed steps before collision: 8, Found collision: false
Turtle 1 :[(-1,-1), (13,16), (13,16), (13,17), (14,17), (14,18), (14,18), (14,19), (14,20)]
Turtle 2 :[(-2,-2), (36,36), (36,37), (37,37), (37,38), (36,38), (35,38), (-2,-2), (-2,-2)]
Turtle 3 :[(-3,-3), (21,33), (21,32), (22,32), (22,32), (22,31), (22,30), (22,29), (-3,-3)]
Turtle 4 :[(-4,-4), (30,17), (29,17), (28,17), (28,16), (28,16), (28,15), (28,14), (-4,-4)]
Turtle 5 :[(-5,-5), (12,13), (11,13), (11,14), (11,13), (11,12), (10,12), (-5,-5), (-5,-5)]

Fault Detection Run 81
#Info# Executed steps before collision: 5, Found collision: true
Turtle 1 :[(-1,-1), (36,48), (36,48), (37,48), (38,48), (38,47), (39,47), (-1,-1), (-1,-1), (-1,-1)]
Turtle 2 :[(-2,-2), (12,37), (11,37), (11,37), (11,36), (11,36), (11,36), (11,36), (10,36), (10,35)]
Turtle 3 :[(-3,-3), (39,19), (40,19), (41,19), (41,20), (41,20), (41,21), (-3,-3), (-3,-3), (-3,-3)]
Turtle 4 :[(-4,-4), (5,11), (4,11), (5,11), (5,11), (6,11), (-4,-4), (-4,-4), (-4,-4), (-4,-4)]
Turtle 5 :[(-5,-5), (40,18), (40,18), (41,18), (41,19), (41,20), (40,20), (40,21), (41,21), (42,21)]

