Detection Run 1
#Info# Executed steps before collision: 6, Found collision: false
Turtle 1 :[(-1,-1), (5,9), (5,8), (5,7), (4,7), (3,7), (2,7)]
Turtle 2 :[(-2,-2), (1,2), (2,2), (2,1), (3,1), (3,0), (4,0)]
Turtle 3 :[(-3,-3), (14,0), (13,0), (12,0), (12,1), (12,2), (12,3)]
Turtle 4 :[(-4,-4), (9,9), (9,10), (9,11), (9,12), (9,13), (-4,-4)]
Turtle 5 :[(-5,-5), (2,1), (3,1), (4,1), (5,1), (5,2), (-5,-5)]

Detection Run 2
#Info# Executed steps before collision: 8, Found collision: false
Turtle 1 :[(-1,-1), (14,6), (14,7), (14,7), (14,8), (-1,-1), (-1,-1), (-1,-1), (-1,-1)]
Turtle 2 :[(-2,-2), (2,10), (2,9), (3,9), (3,8), (4,8), (5,8), (-2,-2), (-2,-2)]
Turtle 3 :[(-3,-3), (5,11), (5,10), (5,9), (5,8), (6,8), (6,7), (5,7), (4,7)]
Turtle 4 :[(-4,-4), (10,9), (10,8), (11,8), (11,7), (11,6), (12,6), (-4,-4), (-4,-4)]
Turtle 5 :[(-5,-5), (2,11), (3,11), (4,11), (5,11), (5,10), (5,9), (-5,-5), (-5,-5)]

Detection Run 3
#Info# Executed steps before collision: 8, Found collision: false
Turtle 1 :[(-1,-1), (6,1), (7,1), (6,1), (7,1), (7,2), (8,2), (9,2), (10,2)]
Turtle 2 :[(-2,-2), (1,6), (1,7), (1,8), (1,9), (1,8), (0,8), (-2,-2), (-2,-2)]
Turtle 3 :[(-3,-3), (10,7), (11,7), (10,7), (9,7), (-3,-3), (-3,-3), (-3,-3), (-3,-3)]
Turtle 4 :[(-4,-4), (6,2), (7,2), (7,3), (8,3), (9,3), (9,4), (-4,-4), (-4,-4)]
Turtle 5 :[(-5,-5), (5,14), (4,14), (4,14), (-5,-5), (-5,-5), (-5,-5), (-5,-5), (-5,-5)]

Fault Detection Run 4
#Info# Executed steps before collision: 5, Found collision: true
Turtle 1 :[(-1,-1), (3,13), (3,14), (2,14), (2,14), (1,14), (0,14)]
Turtle 2 :[(-2,-2), (3,4), (2,4), (2,5), (2,6), (-2,-2), (-2,-2)]
Turtle 3 :[(-3,-3), (6,2), (5,2), (4,2), (3,2), (3,1), (2,1)]
Turtle 4 :[(-4,-4), (14,13), (14,12), (13,12), (12,12), (11,12), (11,11)]
Turtle 5 :[(-5,-5), (0,0), (1,0), (2,0), (3,0), (3,1), (4,1)]

