Detection Run 1
#Info# Executed steps before collision: 6, Found collision: false
Turtle 1 :[(-1,-1), (1,12), (1,13), (1,14), (2,14), (3,14), (4,14)]
Turtle 2 :[(-2,-2), (15,0), (14,0), (13,0), (12,0), (11,0), (11,1)]
Turtle 3 :[(-3,-3), (6,2), (7,2), (7,3), (7,4), (8,4), (9,4)]
Turtle 4 :[(-4,-4), (3,12), (2,12), (1,12), (1,13), (0,13), (-4,-4)]
Turtle 5 :[(-5,-5), (16,11), (16,10), (16,9), (16,8), (-5,-5), (-5,-5)]

Detection Run 2
#Info# Executed steps before collision: 6, Found collision: false
Turtle 1 :[(-1,-1), (15,10), (15,11), (15,12), (15,13), (16,13), (16,14)]
Turtle 2 :[(-2,-2), (17,0), (18,0), (19,0), (19,1), (19,1), (19,2)]
Turtle 3 :[(-3,-3), (5,12), (4,12), (3,12), (2,12), (2,11), (1,11)]
Turtle 4 :[(-4,-4), (19,12), (19,11), (18,11), (17,11), (-4,-4), (-4,-4)]
Turtle 5 :[(-5,-5), (14,9), (15,9), (15,8), (15,7), (15,6), (16,6)]

Detection Run 3
#Info# Executed steps before collision: 8, Found collision: false
Turtle 1 :[(-1,-1), (12,16), (12,15), (13,15), (13,15), (14,15), (14,14), (14,13), (-1,-1)]
Turtle 2 :[(-2,-2), (15,14), (14,14), (13,14), (13,14), (13,13), (12,13), (12,14), (12,15)]
Turtle 3 :[(-3,-3), (9,5), (9,4), (8,4), (7,4), (7,3), (7,2), (-3,-3), (-3,-3)]
Turtle 4 :[(-4,-4), (0,2), (0,3), (0,4), (0,5), (0,6), (-4,-4), (-4,-4), (-4,-4)]
Turtle 5 :[(-5,-5), (19,5), (18,5), (18,6), (18,7), (18,8), (18,9), (-5,-5), (-5,-5)]

Detection Run 4
#Info# Executed steps before collision: 6, Found collision: false
Turtle 1 :[(-1,-1), (12,19), (13,19), (13,19), (14,19), (15,19), (-1,-1)]
Turtle 2 :[(-2,-2), (6,11), (6,12), (7,12), (7,13), (8,13), (8,14)]
Turtle 3 :[(-3,-3), (11,3), (12,3), (13,3), (12,3), (11,3), (11,2)]
Turtle 4 :[(-4,-4), (18,1), (19,1), (19,1), (18,1), (19,1), (-4,-4)]
Turtle 5 :[(-5,-5), (9,8), (9,9), (9,10), (9,11), (8,11), (7,11)]

Detection Run 5
#Info# Executed steps before collision: 6, Found collision: false
Turtle 1 :[(-1,-1), (10,10), (11,10), (11,11), (12,11), (-1,-1), (-1,-1)]
Turtle 2 :[(-2,-2), (5,6), (5,5), (5,6), (6,6), (7,6), (-2,-2)]
Turtle 3 :[(-3,-3), (1,2), (0,2), (0,2), (0,1), (0,0), (-3,-3)]
Turtle 4 :[(-4,-4), (0,0), (0,1), (1,1), (1,2), (-4,-4), (-4,-4)]
Turtle 5 :[(-5,-5), (5,17), (5,18), (5,17), (5,18), (5,19), (5,19)]

Detection Run 6
#Info# Executed steps before collision: 6, Found collision: false
Turtle 1 :[(-1,-1), (0,7), (0,8), (-1,-1), (-1,-1), (-1,-1), (-1,-1)]
Turtle 2 :[(-2,-2), (13,13), (13,14), (14,14), (14,13), (14,14), (15,14)]
Turtle 3 :[(-3,-3), (8,5), (8,4), (7,4), (7,3), (7,2), (6,2)]
Turtle 4 :[(-4,-4), (3,8), (2,8), (2,9), (1,9), (1,10), (1,11)]
Turtle 5 :[(-5,-5), (10,3), (10,2), (10,1), (9,1), (9,0), (8,0)]

Detection Run 7
#Info# Executed steps before collision: 6, Found collision: false
Turtle 1 :[(-1,-1), (2,8), (2,7), (1,7), (1,6), (0,6), (0,5)]
Turtle 2 :[(-2,-2), (9,6), (9,5), (9,4), (9,3), (10,3), (11,3)]
Turtle 3 :[(-3,-3), (5,10), (5,11), (4,11), (3,11), (2,11), (2,12)]
Turtle 4 :[(-4,-4), (6,9), (6,8), (6,7), (7,7), (8,7), (9,7)]
Turtle 5 :[(-5,-5), (18,5), (18,6), (18,7), (18,8), (19,8), (19,9)]

Detection Run 8
#Info# Executed steps before collision: 6, Found collision: false
Turtle 1 :[(-1,-1), (19,19), (18,19), (18,19), (17,19), (-1,-1), (-1,-1)]
Turtle 2 :[(-2,-2), (1,6), (0,6), (-2,-2), (-2,-2), (-2,-2), (-2,-2)]
Turtle 3 :[(-3,-3), (18,16), (18,17), (18,18), (19,18), (19,19), (-3,-3)]
Turtle 4 :[(-4,-4), (18,6), (18,5), (18,4), (18,3), (19,3), (19,3)]
Turtle 5 :[(-5,-5), (7,10), (8,10), (9,10), (10,10), (11,10), (12,10)]

Detection Run 9
#Info# Executed steps before collision: 10, Found collision: false
Turtle 1 :[(-1,-1), (13,17), (13,18), (13,19), (13,19), (-1,-1), (-1,-1), (-1,-1), (-1,-1), (-1,-1), (-1,-1)]
Turtle 2 :[(-2,-2), (10,6), (11,6), (11,5), (12,5), (13,5), (14,5), (-2,-2), (-2,-2), (-2,-2), (-2,-2)]
Turtle 3 :[(-3,-3), (11,12), (11,11), (12,11), (-3,-3), (-3,-3), (-3,-3), (-3,-3), (-3,-3), (-3,-3), (-3,-3)]
Turtle 4 :[(-4,-4), (12,0), (11,0), (10,0), (9,0), (-4,-4), (-4,-4), (-4,-4), (-4,-4), (-4,-4), (-4,-4)]
Turtle 5 :[(-5,-5), (11,8), (11,7), (11,6), (12,6), (12,7), (12,6), (12,5), (11,5), (11,4), (10,4)]

Detection Run 10
#Info# Executed steps before collision: 7, Found collision: false
Turtle 1 :[(-1,-1), (19,5), (19,4), (18,4), (18,3), (17,3), (16,3), (-1,-1)]
Turtle 2 :[(-2,-2), (10,11), (9,11), (9,10), (8,10), (-2,-2), (-2,-2), (-2,-2)]
Turtle 3 :[(-3,-3), (16,10), (17,10), (17,9), (18,9), (18,8), (18,8), (18,7)]
Turtle 4 :[(-4,-4), (3,11), (3,10), (3,9), (2,9), (2,8), (2,7), (-4,-4)]
Turtle 5 :[(-5,-5), (3,10), (3,11), (4,11), (5,11), (5,12), (6,12), (-5,-5)]

Detection Run 11
#Info# Executed steps before collision: 8, Found collision: false
Turtle 1 :[(-1,-1), (19,15), (18,15), (17,15), (17,16), (17,17), (17,18), (-1,-1), (-1,-1)]
Turtle 2 :[(-2,-2), (5,7), (5,7), (5,8), (6,8), (6,9), (-2,-2), (-2,-2), (-2,-2)]
Turtle 3 :[(-3,-3), (14,13), (14,12), (13,12), (13,11), (13,10), (13,9), (-3,-3), (-3,-3)]
Turtle 4 :[(-4,-4), (5,16), (6,16), (7,16), (8,16), (9,16), (9,15), (-4,-4), (-4,-4)]
Turtle 5 :[(-5,-5), (12,15), (12,14), (12,13), (13,13), (13,14), (13,13), (13,12), (14,12)]

Detection Run 12
#Info# Executed steps before collision: 7, Found collision: false
Turtle 1 :[(-1,-1), (12,10), (12,11), (13,11), (14,11), (14,12), (14,13), (-1,-1)]
Turtle 2 :[(-2,-2), (16,1), (17,1), (17,0), (18,0), (19,0), (19,0), (-2,-2)]
Turtle 3 :[(-3,-3), (9,15), (9,14), (10,14), (10,13), (10,13), (10,12), (10,11)]
Turtle 4 :[(-4,-4), (3,17), (2,17), (3,17), (3,16), (4,16), (4,15), (-4,-4)]
Turtle 5 :[(-5,-5), (15,15), (14,15), (13,15), (13,14), (13,14), (13,13), (12,13)]

Detection Run 13
#Info# Executed steps before collision: 8, Found collision: false
Turtle 1 :[(-1,-1), (5,19), (6,19), (6,19), (7,19), (7,19), (8,19), (-1,-1), (-1,-1)]
Turtle 2 :[(-2,-2), (12,0), (12,0), (12,1), (13,1), (14,1), (15,1), (16,1), (-2,-2)]
Turtle 3 :[(-3,-3), (0,14), (0,13), (0,12), (0,11), (0,10), (-3,-3), (-3,-3), (-3,-3)]
Turtle 4 :[(-4,-4), (14,11), (14,10), (13,10), (12,10), (11,10), (10,10), (-4,-4), (-4,-4)]
Turtle 5 :[(-5,-5), (8,12), (8,11), (8,10), (8,10), (8,9), (9,9), (9,9), (9,8)]

Detection Run 14
#Info# Executed steps before collision: 7, Found collision: false
Turtle 1 :[(-1,-1), (16,18), (16,18), (15,18), (14,18), (13,18), (13,19), (-1,-1)]
Turtle 2 :[(-2,-2), (4,6), (3,6), (3,7), (3,8), (3,9), (-2,-2), (-2,-2)]
Turtle 3 :[(-3,-3), (10,4), (10,5), (9,5), (9,6), (8,6), (7,6), (-3,-3)]
Turtle 4 :[(-4,-4), (13,16), (14,16), (15,16), (15,17), (16,17), (16,18), (-4,-4)]
Turtle 5 :[(-5,-5), (15,15), (15,14), (14,14), (14,14), (14,13), (14,12), (13,12)]

Detection Run 15
#Info# Executed steps before collision: 6, Found collision: false
Turtle 1 :[(-1,-1), (18,19), (17,19), (16,19), (15,19), (15,19), (-1,-1)]
Turtle 2 :[(-2,-2), (3,17), (3,16), (3,15), (2,15), (1,15), (1,14)]
Turtle 3 :[(-3,-3), (15,18), (14,18), (13,18), (12,18), (11,18), (10,18)]
Turtle 4 :[(-4,-4), (0,4), (0,5), (0,6), (0,7), (0,8), (-4,-4)]
Turtle 5 :[(-5,-5), (12,16), (12,17), (11,17), (-5,-5), (-5,-5), (-5,-5)]

Detection Run 16
#Info# Executed steps before collision: 8, Found collision: false
Turtle 1 :[(-1,-1), (16,11), (17,11), (18,11), (19,11), (19,11), (19,10), (-1,-1), (-1,-1)]
Turtle 2 :[(-2,-2), (10,4), (10,5), (9,5), (8,5), (8,5), (8,6), (7,6), (-2,-2)]
Turtle 3 :[(-3,-3), (7,13), (6,13), (6,14), (6,15), (6,14), (5,14), (-3,-3), (-3,-3)]
Turtle 4 :[(-4,-4), (15,2), (14,2), (13,2), (13,1), (13,1), (13,0), (-4,-4), (-4,-4)]
Turtle 5 :[(-5,-5), (8,13), (8,12), (7,12), (6,12), (6,11), (6,12), (6,13), (6,14)]

Detection Run 17
#Info# Executed steps before collision: 8, Found collision: false
Turtle 1 :[(-1,-1), (12,7), (11,7), (11,6), (11,5), (11,5), (11,5), (10,5), (10,4)]
Turtle 2 :[(-2,-2), (5,4), (6,4), (7,4), (7,3), (7,2), (7,1), (-2,-2), (-2,-2)]
Turtle 3 :[(-3,-3), (18,5), (19,5), (19,5), (-3,-3), (-3,-3), (-3,-3), (-3,-3), (-3,-3)]
Turtle 4 :[(-4,-4), (14,12), (15,12), (15,11), (14,11), (14,10), (-4,-4), (-4,-4), (-4,-4)]
Turtle 5 :[(-5,-5), (11,8), (10,8), (10,9), (9,9), (8,9), (-5,-5), (-5,-5), (-5,-5)]

Fault Detection Run 18
#Info# Executed steps before collision: 2, Found collision: true
Turtle 1 :[(-1,-1), (3,19), (3,18), (3,17), (3,16), (3,15), (-1,-1), (-1,-1), (-1,-1), (-1,-1), (-1,-1)]
Turtle 2 :[(-2,-2), (11,17), (11,17), (11,17), (10,17), (9,17), (9,18), (8,18), (-2,-2), (-2,-2), (-2,-2)]
Turtle 3 :[(-3,-3), (-3,-3), (-3,-3), (3,19), (4,19), (4,19), (5,19), (5,19), (6,19), (6,19), (7,19)]
Turtle 4 :[(-4,-4), (2,18), (3,18), (4,18), (4,17), (4,16), (5,16), (-4,-4), (-4,-4), (-4,-4), (-4,-4)]
Turtle 5 :[(-5,-5), (5,4), (5,4), (5,4), (5,5), (4,5), (4,6), (3,6), (-5,-5), (-5,-5), (-5,-5)]

