Shrinking Run 1
#Info# Executed steps before collision: 8, Found collision: false
Turtle 1 :[(-1,-1), (3,0), (2,0), (2,0), (1,0), (1,0), (0,0), (-1,-1), (-1,-1)]
Turtle 2 :[(-2,-2), (4,10), (4,9), (5,9), (5,8), (5,7), (5,6), (-2,-2), (-2,-2)]
Turtle 3 :[(-3,-3), (4,2), (4,1), (4,0), (4,1), (4,0), (3,0), (-3,-3), (-3,-3)]
Turtle 4 :[(-4,-4), (7,8), (6,8), (6,8), (6,8), (5,8), (4,8), (3,8), (2,8)]
Turtle 5 :[(-5,-5), (6,13), (6,12), (6,12), (7,12), (8,12), (8,12), (9,12), (9,11)]

Shrinking Run 2
#Info# Executed steps before collision: 8, Found collision: false
Turtle 1 :[(-1,-1), (3,0), (3,0), (3,0), (3,0), (3,1), (4,1), (-1,-1), (-1,-1)]
Turtle 2 :[(-2,-2), (4,10), (4,9), (5,9), (5,8), (5,7), (5,6), (-2,-2), (-2,-2)]
Turtle 3 :[(-3,-3), (4,2), (4,1), (4,0), (4,1), (4,0), (3,0), (-3,-3), (-3,-3)]
Turtle 4 :[(-4,-4), (7,8), (6,8), (6,8), (6,8), (5,8), (4,8), (3,8), (2,8)]
Turtle 5 :[(-5,-5), (6,13), (6,12), (6,12), (7,12), (8,12), (8,12), (9,12), (9,11)]

Shrinking Run 3
#Info# Executed steps before collision: 3, Found collision: true
Turtle 1 :[(-1,-1), (3,0), (4,0), (4,0), (5,0), (5,0), (6,0), (-1,-1), (-1,-1)]
Turtle 2 :[(-2,-2), (4,10), (4,9), (5,9), (5,8), (5,7), (5,6), (-2,-2), (-2,-2)]
Turtle 3 :[(-3,-3), (4,2), (4,1), (4,0), (4,1), (4,0), (3,0), (-3,-3), (-3,-3)]
Turtle 4 :[(-4,-4), (7,8), (6,8), (6,8), (6,8), (5,8), (4,8), (3,8), (2,8)]
Turtle 5 :[(-5,-5), (6,13), (6,12), (6,12), (7,12), (8,12), (8,12), (9,12), (9,11)]

Shrinking Run 4
#Info# Executed steps before collision: 8, Found collision: false
Turtle 1 :[(-1,-1), (3,0), (4,0), (5,0), (-1,-1), (-1,-1), (-1,-1), (-1,-1), (-1,-1)]
Turtle 2 :[(-2,-2), (4,10), (4,9), (5,9), (5,8), (5,7), (5,6), (-2,-2), (-2,-2)]
Turtle 3 :[(-3,-3), (4,2), (4,1), (3,1), (3,0), (-3,-3), (-3,-3), (-3,-3), (-3,-3)]
Turtle 4 :[(-4,-4), (7,8), (6,8), (6,8), (6,8), (5,8), (4,8), (3,8), (2,8)]
Turtle 5 :[(-5,-5), (6,13), (6,12), (6,12), (7,12), (8,12), (8,12), (9,12), (9,11)]

Shrinking Run 5
#Info# Executed steps before collision: 8, Found collision: false
Turtle 1 :[(-1,-1), (3,0), (4,0), (5,0), (6,0), (-1,-1), (-1,-1), (-1,-1), (-1,-1)]
Turtle 2 :[(-2,-2), (4,10), (4,9), (5,9), (5,8), (5,7), (5,6), (-2,-2), (-2,-2)]
Turtle 3 :[(-3,-3), (4,2), (4,1), (5,1), (4,1), (3,1), (3,0), (-3,-3), (-3,-3)]
Turtle 4 :[(-4,-4), (7,8), (6,8), (6,8), (6,8), (5,8), (4,8), (3,8), (2,8)]
Turtle 5 :[(-5,-5), (6,13), (6,12), (6,12), (7,12), (8,12), (8,12), (9,12), (9,11)]

Shrinking Run 6
#Info# Executed steps before collision: 3, Found collision: true
Turtle 1 :[(-1,-1), (3,0), (4,0), (4,0), (5,0), (6,0), (-1,-1), (-1,-1), (-1,-1)]
Turtle 2 :[(-2,-2), (4,10), (4,9), (5,9), (5,8), (5,7), (5,6), (-2,-2), (-2,-2)]
Turtle 3 :[(-3,-3), (4,2), (4,1), (4,0), (4,1), (4,0), (3,0), (-3,-3), (-3,-3)]
Turtle 4 :[(-4,-4), (7,8), (6,8), (6,8), (6,8), (5,8), (4,8), (3,8), (2,8)]
Turtle 5 :[(-5,-5), (6,13), (6,12), (6,12), (7,12), (8,12), (8,12), (9,12), (9,11)]

Shrinking Run 7
#Info# Executed steps before collision: 9, Found collision: false
Turtle 1 :[(-1,-1), (3,0), (4,0), (5,0), (5,0), (6,0), (-1,-1), (-1,-1), (-1,-1), (-1,-1)]
Turtle 2 :[(-2,-2), (4,10), (4,9), (5,9), (5,8), (5,7), (5,6), (-2,-2), (-2,-2), (-2,-2)]
Turtle 3 :[(-3,-3), (4,2), (4,1), (4,2), (4,1), (4,0), (3,0), (-3,-3), (-3,-3), (-3,-3)]
Turtle 4 :[(-4,-4), (7,8), (6,8), (6,8), (6,8), (6,8), (5,8), (4,8), (3,8), (2,8)]
Turtle 5 :[(-5,-5), (6,13), (6,12), (6,12), (7,12), (8,12), (8,12), (9,12), (9,11), (-5,-5)]

Shrinking Run 8
#Info# Executed steps before collision: 8, Found collision: false
Turtle 1 :[(-1,-1), (3,0), (4,0), (4,0), (5,0), (6,0), (-1,-1), (-1,-1), (-1,-1)]
Turtle 2 :[(-2,-2), (4,10), (3,10), (2,10), (2,9), (2,8), (2,7), (-2,-2), (-2,-2)]
Turtle 3 :[(-3,-3), (4,2), (4,1), (4,1), (4,2), (3,2), (3,1), (3,0), (-3,-3)]
Turtle 4 :[(-4,-4), (7,8), (6,8), (6,8), (6,8), (5,8), (4,8), (3,8), (2,8)]
Turtle 5 :[(-5,-5), (6,13), (6,12), (6,12), (7,12), (8,12), (8,12), (9,12), (9,11)]

Shrinking Run 9
#Info# Executed steps before collision: 3, Found collision: true
Turtle 1 :[(-1,-1), (3,0), (4,0), (4,0), (5,0), (6,0), (-1,-1), (-1,-1), (-1,-1)]
Turtle 2 :[(-2,-2), (4,10), (4,9), (3,9), (3,8), (3,7), (2,7), (-2,-2), (-2,-2)]
Turtle 3 :[(-3,-3), (4,2), (4,1), (4,0), (4,1), (4,0), (3,0), (-3,-3), (-3,-3)]
Turtle 4 :[(-4,-4), (7,8), (6,8), (6,8), (6,8), (5,8), (4,8), (3,8), (2,8)]
Turtle 5 :[(-5,-5), (6,13), (6,12), (6,12), (7,12), (8,12), (8,12), (9,12), (9,11)]

Shrinking Run 10
#Info# Executed steps before collision: 8, Found collision: false
Turtle 1 :[(-1,-1), (3,0), (4,0), (4,0), (5,0), (6,0), (-1,-1), (-1,-1), (-1,-1)]
Turtle 2 :[(-2,-2), (4,10), (4,9), (3,9), (3,8), (3,7), (3,6), (-2,-2), (-2,-2)]
Turtle 3 :[(-3,-3), (4,2), (4,1), (4,1), (5,1), (4,1), (3,1), (3,0), (-3,-3)]
Turtle 4 :[(-4,-4), (7,8), (6,8), (6,8), (6,8), (5,8), (4,8), (3,8), (2,8)]
Turtle 5 :[(-5,-5), (6,13), (6,12), (6,12), (7,12), (8,12), (8,12), (9,12), (9,11)]

Shrinking Run 11
#Info# Executed steps before collision: 3, Found collision: true
Turtle 1 :[(-1,-1), (3,0), (4,0), (4,0), (5,0), (6,0), (-1,-1), (-1,-1), (-1,-1)]
Turtle 2 :[(-2,-2), (4,10), (4,9), (3,9), (3,8), (2,8), (2,7), (-2,-2), (-2,-2)]
Turtle 3 :[(-3,-3), (4,2), (4,1), (4,0), (4,1), (4,0), (3,0), (-3,-3), (-3,-3)]
Turtle 4 :[(-4,-4), (7,8), (6,8), (6,8), (6,8), (5,8), (4,8), (3,8), (2,8)]
Turtle 5 :[(-5,-5), (6,13), (6,12), (6,12), (7,12), (8,12), (8,12), (9,12), (9,11)]

Shrinking Run 12
#Info# Executed steps before collision: 3, Found collision: true
Turtle 1 :[(-1,-1), (3,0), (4,0), (4,0), (5,0), (6,0), (-1,-1), (-1,-1), (-1,-1)]
Turtle 2 :[(-2,-2), (4,10), (4,9), (3,9), (2,9), (1,9), (1,8), (-2,-2), (-2,-2)]
Turtle 3 :[(-3,-3), (4,2), (4,1), (4,0), (4,1), (4,0), (3,0), (-3,-3), (-3,-3)]
Turtle 4 :[(-4,-4), (7,8), (6,8), (6,8), (6,8), (5,8), (4,8), (3,8), (2,8)]
Turtle 5 :[(-5,-5), (6,13), (6,12), (6,12), (7,12), (8,12), (8,12), (9,12), (9,11)]

Shrinking Run 13
#Info# Executed steps before collision: 8, Found collision: false
Turtle 1 :[(-1,-1), (3,0), (4,0), (4,0), (5,0), (6,0), (-1,-1), (-1,-1), (-1,-1)]
Turtle 2 :[(-2,-2), (4,10), (4,9), (3,9), (2,9), (1,9), (1,8), (-2,-2), (-2,-2)]
Turtle 3 :[(-3,-3), (4,2), (3,2), (3,1), (2,1), (1,1), (1,0), (-3,-3), (-3,-3)]
Turtle 4 :[(-4,-4), (7,8), (6,8), (6,8), (6,8), (5,8), (4,8), (3,8), (2,8)]
Turtle 5 :[(-5,-5), (6,13), (6,12), (6,12), (7,12), (8,12), (8,12), (9,12), (9,11)]

Shrinking Run 14
#Info# Executed steps before collision: 8, Found collision: false
Turtle 1 :[(-1,-1), (3,0), (4,0), (4,0), (5,0), (6,0), (-1,-1), (-1,-1), (-1,-1)]
Turtle 2 :[(-2,-2), (4,10), (4,9), (3,9), (2,9), (1,9), (1,8), (-2,-2), (-2,-2)]
Turtle 3 :[(-3,-3), (4,2), (3,2), (3,1), (3,0), (2,0), (1,0), (-3,-3), (-3,-3)]
Turtle 4 :[(-4,-4), (7,8), (6,8), (6,8), (6,8), (5,8), (4,8), (3,8), (2,8)]
Turtle 5 :[(-5,-5), (6,13), (6,12), (6,12), (7,12), (8,12), (8,12), (9,12), (9,11)]

Shrinking Run 15
#Info# Executed steps before collision: 3, Found collision: true
Turtle 1 :[(-1,-1), (3,0), (4,0), (4,0), (5,0), (6,0), (-1,-1), (-1,-1), (-1,-1)]
Turtle 2 :[(-2,-2), (4,10), (4,9), (3,9), (2,9), (1,9), (1,8), (-2,-2), (-2,-2)]
Turtle 3 :[(-3,-3), (4,2), (4,1), (4,0), (3,0), (2,0), (-3,-3), (-3,-3), (-3,-3)]
Turtle 4 :[(-4,-4), (7,8), (6,8), (6,8), (6,8), (5,8), (4,8), (3,8), (2,8)]
Turtle 5 :[(-5,-5), (6,13), (6,12), (6,12), (7,12), (8,12), (8,12), (9,12), (9,11)]

Shrinking Run 16
#Info# Executed steps before collision: 8, Found collision: false
Turtle 1 :[(-1,-1), (3,0), (4,0), (4,0), (5,0), (6,0), (-1,-1), (-1,-1), (-1,-1)]
Turtle 2 :[(-2,-2), (4,10), (4,9), (3,9), (2,9), (1,9), (1,8), (-2,-2), (-2,-2)]
Turtle 3 :[(-3,-3), (4,2), (4,1), (3,1), (3,0), (2,0), (-3,-3), (-3,-3), (-3,-3)]
Turtle 4 :[(-4,-4), (7,8), (6,8), (6,8), (6,8), (5,8), (4,8), (3,8), (2,8)]
Turtle 5 :[(-5,-5), (6,13), (6,12), (6,12), (7,12), (8,12), (8,12), (9,12), (9,11)]

Shrinking Run 17
#Info# Executed steps before collision: 8, Found collision: false
Turtle 1 :[(-1,-1), (3,0), (4,0), (4,0), (5,0), (6,0), (-1,-1), (-1,-1), (-1,-1)]
Turtle 2 :[(-2,-2), (4,10), (4,9), (3,9), (2,9), (1,9), (1,8), (-2,-2), (-2,-2)]
Turtle 3 :[(-3,-3), (4,2), (3,2), (3,1), (2,1), (2,0), (-3,-3), (-3,-3), (-3,-3)]
Turtle 4 :[(-4,-4), (7,8), (6,8), (6,8), (6,8), (5,8), (4,8), (3,8), (2,8)]
Turtle 5 :[(-5,-5), (6,13), (6,12), (6,12), (7,12), (8,12), (8,12), (9,12), (9,11)]

Shrinking Run 18
#Info# Executed steps before collision: 8, Found collision: false
Turtle 1 :[(-1,-1), (3,0), (4,0), (4,0), (5,0), (6,0), (-1,-1), (-1,-1), (-1,-1)]
Turtle 2 :[(-2,-2), (4,10), (4,9), (3,9), (2,9), (1,9), (1,8), (-2,-2), (-2,-2)]
Turtle 3 :[(-3,-3), (4,2), (3,2), (3,1), (3,0), (2,0), (-3,-3), (-3,-3), (-3,-3)]
Turtle 4 :[(-4,-4), (7,8), (6,8), (6,8), (6,8), (5,8), (4,8), (3,8), (2,8)]
Turtle 5 :[(-5,-5), (6,13), (6,12), (6,12), (7,12), (8,12), (8,12), (9,12), (9,11)]

Shrinking Run 19
#Info# Executed steps before collision: 3, Found collision: true
Turtle 1 :[(-1,-1), (3,0), (4,0), (4,0), (5,0), (6,0), (-1,-1), (-1,-1), (-1,-1)]
Turtle 2 :[(-2,-2), (4,10), (4,9), (3,9), (2,9), (1,9), (1,8), (-2,-2), (-2,-2)]
Turtle 3 :[(-3,-3), (4,2), (4,1), (4,0), (3,0), (2,0), (-3,-3), (-3,-3), (-3,-3)]
Turtle 4 :[(-4,-4), (7,8), (6,8), (6,8), (6,8), (6,7), (5,7), (4,7), (3,7)]
Turtle 5 :[(-5,-5), (6,13), (6,12), (6,12), (7,12), (8,12), (8,12), (9,12), (9,11)]

Shrinking Run 20
#Info# Executed steps before collision: 3, Found collision: true
Turtle 1 :[(-1,-1), (3,0), (4,0), (4,0), (5,0), (6,0), (-1,-1), (-1,-1), (-1,-1)]
Turtle 2 :[(-2,-2), (4,10), (4,9), (3,9), (2,9), (1,9), (1,8), (-2,-2), (-2,-2)]
Turtle 3 :[(-3,-3), (4,2), (4,1), (4,0), (3,0), (2,0), (-3,-3), (-3,-3), (-3,-3)]
Turtle 4 :[(-4,-4), (7,8), (6,8), (6,8), (6,8), (5,8), (4,8), (3,8), (3,7)]
Turtle 5 :[(-5,-5), (6,13), (6,12), (6,12), (7,12), (8,12), (8,12), (9,12), (9,11)]

Shrinking Run 21
#Info# Executed steps before collision: 3, Found collision: true
Turtle 1 :[(-1,-1), (3,0), (4,0), (4,0), (5,0), (6,0), (-1,-1), (-1,-1), (-1,-1)]
Turtle 2 :[(-2,-2), (4,10), (4,9), (3,9), (2,9), (1,9), (1,8), (-2,-2), (-2,-2)]
Turtle 3 :[(-3,-3), (4,2), (4,1), (4,0), (3,0), (2,0), (-3,-3), (-3,-3), (-3,-3)]
Turtle 4 :[(-4,-4), (7,8), (6,8), (5,8), (4,8), (3,8), (2,8), (-4,-4), (-4,-4)]
Turtle 5 :[(-5,-5), (6,13), (6,12), (6,12), (7,12), (8,12), (8,12), (9,12), (9,11)]

Shrinking Run 22
#Info# Executed steps before collision: 8, Found collision: false
Turtle 1 :[(-1,-1), (3,0), (4,0), (4,0), (5,0), (6,0), (-1,-1), (-1,-1), (-1,-1)]
Turtle 2 :[(-2,-2), (4,10), (4,9), (3,9), (2,9), (1,9), (1,8), (-2,-2), (-2,-2)]
Turtle 3 :[(-3,-3), (4,2), (4,1), (5,1), (4,1), (3,1), (3,0), (2,0), (-3,-3)]
Turtle 4 :[(-4,-4), (7,8), (6,8), (5,8), (4,8), (3,8), (2,8), (-4,-4), (-4,-4)]
Turtle 5 :[(-5,-5), (6,13), (6,12), (6,12), (5,12), (4,12), (4,12), (3,12), (3,11)]

Shrinking Run 23
#Info# Executed steps before collision: 3, Found collision: true
Turtle 1 :[(-1,-1), (3,0), (4,0), (4,0), (5,0), (6,0), (-1,-1)]
Turtle 2 :[(-2,-2), (4,10), (4,9), (3,9), (2,9), (1,9), (1,8)]
Turtle 3 :[(-3,-3), (4,2), (4,1), (4,0), (3,0), (2,0), (-3,-3)]
Turtle 4 :[(-4,-4), (7,8), (6,8), (5,8), (4,8), (3,8), (2,8)]
Turtle 5 :[(-5,-5), (6,13), (6,13), (6,13), (6,12), (7,12), (7,11)]

Shrinking Run 24
#Info# Executed steps before collision: 3, Found collision: true
Turtle 1 :[(-1,-1), (3,0), (4,0), (4,0), (5,0), (6,0), (-1,-1)]
Turtle 2 :[(-2,-2), (4,10), (4,9), (3,9), (2,9), (1,9), (1,8)]
Turtle 3 :[(-3,-3), (4,2), (4,1), (4,0), (3,0), (2,0), (-3,-3)]
Turtle 4 :[(-4,-4), (7,8), (6,8), (5,8), (4,8), (3,8), (2,8)]
Turtle 5 :[(-5,-5), (6,13), (6,13), (6,13), (6,12), (5,12), (5,11)]

Shrinking Run 25
#Info# Executed steps before collision: 3, Found collision: true
Turtle 1 :[(-1,-1), (3,0), (4,0), (4,0), (5,0), (6,0), (-1,-1), (-1,-1)]
Turtle 2 :[(-2,-2), (4,10), (4,9), (3,9), (2,9), (1,9), (1,8), (-2,-2)]
Turtle 3 :[(-3,-3), (4,2), (4,1), (4,0), (3,0), (2,0), (-3,-3), (-3,-3)]
Turtle 4 :[(-4,-4), (7,8), (6,8), (5,8), (4,8), (3,8), (2,8), (-4,-4)]
Turtle 5 :[(-5,-5), (6,13), (5,13), (5,13), (5,13), (4,13), (4,12), (4,11)]

Shrinking Run 26
#Info# Executed steps before collision: 3, Found collision: true
Turtle 1 :[(-1,-1), (3,0), (4,0), (4,0), (5,0), (6,0), (-1,-1), (-1,-1), (-1,-1)]
Turtle 2 :[(-2,-2), (4,10), (4,9), (3,9), (2,9), (1,9), (1,8), (-2,-2), (-2,-2)]
Turtle 3 :[(-3,-3), (4,2), (4,1), (4,0), (3,0), (2,0), (-3,-3), (-3,-3), (-3,-3)]
Turtle 4 :[(-4,-4), (7,8), (6,8), (5,8), (4,8), (3,8), (2,8), (-4,-4), (-4,-4)]
Turtle 5 :[(-5,-5), (6,13), (6,12), (6,12), (5,12), (5,11), (5,11), (5,10), (5,9)]

Shrinking Run 27
#Info# Executed steps before collision: 8, Found collision: false
Turtle 1 :[(-1,-1), (3,0), (4,0), (4,0), (5,0), (6,0), (-1,-1), (-1,-1), (-1,-1)]
Turtle 2 :[(-2,-2), (4,10), (4,9), (3,9), (2,9), (1,9), (1,8), (-2,-2), (-2,-2)]
Turtle 3 :[(-3,-3), (4,2), (4,1), (4,1), (5,1), (4,1), (4,0), (3,0), (2,0)]
Turtle 4 :[(-4,-4), (7,8), (6,8), (5,8), (4,8), (3,8), (2,8), (-4,-4), (-4,-4)]
Turtle 5 :[(-5,-5), (6,13), (6,12), (6,12), (5,12), (5,11), (5,11), (4,11), (4,10)]

Shrinking Run 28
#Info# Executed steps before collision: 8, Found collision: false
Turtle 1 :[(-1,-1), (3,0), (4,0), (4,0), (5,0), (6,0), (-1,-1), (-1,-1), (-1,-1)]
Turtle 2 :[(-2,-2), (4,10), (4,9), (3,9), (2,9), (1,9), (1,8), (-2,-2), (-2,-2)]
Turtle 3 :[(-3,-3), (4,2), (4,1), (3,1), (3,0), (2,0), (-3,-3), (-3,-3), (-3,-3)]
Turtle 4 :[(-4,-4), (7,8), (6,8), (5,8), (4,8), (3,8), (2,8), (-4,-4), (-4,-4)]
Turtle 5 :[(-5,-5), (6,13), (6,12), (6,12), (5,12), (4,12), (4,12), (4,11), (4,10)]

Shrinking Run 29
#Info# Executed steps before collision: 3, Found collision: true
Turtle 1 :[(-1,-1), (3,0), (4,0), (4,0), (5,0), (6,0), (-1,-1), (-1,-1), (-1,-1)]
Turtle 2 :[(-2,-2), (4,10), (4,9), (3,9), (2,9), (1,9), (1,8), (-2,-2), (-2,-2)]
Turtle 3 :[(-3,-3), (4,2), (4,1), (4,0), (3,0), (2,0), (-3,-3), (-3,-3), (-3,-3)]
Turtle 4 :[(-4,-4), (7,8), (6,8), (5,8), (4,8), (3,8), (2,8), (-4,-4), (-4,-4)]
Turtle 5 :[(-5,-5), (6,13), (5,13), (5,13), (4,13), (4,12), (4,12), (4,11), (4,10)]

Shrinking Run 30
#Info# Executed steps before collision: 7, Found collision: false
Turtle 1 :[(-1,-1), (3,0), (4,0), (4,0), (5,0), (6,0), (-1,-1), (-1,-1)]
Turtle 2 :[(-2,-2), (4,10), (4,9), (3,9), (2,9), (1,9), (1,8), (-2,-2)]
Turtle 3 :[(-3,-3), (4,2), (4,1), (4,2), (4,1), (3,1), (2,1), (2,0)]
Turtle 4 :[(-4,-4), (7,8), (6,8), (5,8), (4,8), (3,8), (2,8), (-4,-4)]
Turtle 5 :[(-5,-5), (6,13), (5,13), (4,13), (4,12), (4,11), (4,10), (-5,-5)]

Shrinking Run 31
#Info# Executed steps before collision: 3, Found collision: true
Turtle 1 :[(-1,-1), (3,0), (4,0), (4,0), (5,0), (6,0), (-1,-1), (-1,-1)]
Turtle 2 :[(-2,-2), (4,10), (4,9), (3,9), (2,9), (1,9), (1,8), (-2,-2)]
Turtle 3 :[(-3,-3), (4,2), (4,1), (4,0), (3,0), (2,0), (-3,-3), (-3,-3)]
Turtle 4 :[(-4,-4), (7,8), (6,8), (5,8), (4,8), (3,8), (2,8), (-4,-4)]
Turtle 5 :[(-5,-5), (6,13), (5,13), (5,13), (4,13), (4,12), (4,11), (4,10)]

Shrinking Run 32
#Info# Executed steps before collision: 3, Found collision: true
Turtle 1 :[(-1,-1), (3,0), (4,0), (4,0), (5,0), (6,0), (-1,-1), (-1,-1)]
Turtle 2 :[(-2,-2), (4,10), (4,9), (3,9), (2,9), (1,9), (1,8), (-2,-2)]
Turtle 3 :[(-3,-3), (4,2), (4,1), (4,0), (3,0), (2,0), (-3,-3), (-3,-3)]
Turtle 4 :[(-4,-4), (7,8), (6,8), (5,8), (4,8), (3,8), (2,8), (-4,-4)]
Turtle 5 :[(-5,-5), (6,13), (6,12), (6,12), (5,12), (5,11), (4,11), (4,10)]

Shrinking Run 33
#Info# Executed steps before collision: 3, Found collision: true
Turtle 1 :[(-1,-1), (3,0), (4,0), (4,0), (5,0), (6,0), (-1,-1), (-1,-1)]
Turtle 2 :[(-2,-2), (4,10), (4,9), (3,9), (2,9), (1,9), (1,8), (-2,-2)]
Turtle 3 :[(-3,-3), (4,2), (4,1), (4,0), (3,0), (2,0), (-3,-3), (-3,-3)]
Turtle 4 :[(-4,-4), (7,8), (6,8), (5,8), (4,8), (3,8), (2,8), (-4,-4)]
Turtle 5 :[(-5,-5), (6,13), (6,12), (6,11), (6,11), (5,11), (4,11), (4,10)]

Shrinking Run 34
#Info# Executed steps before collision: 3, Found collision: true
Turtle 1 :[(-1,-1), (3,0), (4,0), (4,0), (5,0), (6,0), (-1,-1), (-1,-1)]
Turtle 2 :[(-2,-2), (4,10), (4,9), (3,9), (2,9), (1,9), (1,8), (-2,-2)]
Turtle 3 :[(-3,-3), (4,2), (4,1), (4,0), (3,0), (2,0), (-3,-3), (-3,-3)]
Turtle 4 :[(-4,-4), (7,8), (6,8), (5,8), (4,8), (3,8), (2,8), (-4,-4)]
Turtle 5 :[(-5,-5), (6,13), (6,12), (6,11), (5,11), (4,11), (4,11), (4,10)]

Shrinking Run 35
#Info# Executed steps before collision: 7, Found collision: false
Turtle 1 :[(-1,-1), (3,0), (2,0), (2,0), (1,0), (1,0), (0,0), (-1,-1)]
Turtle 2 :[(-2,-2), (4,10), (4,9), (3,9), (2,9), (1,9), (1,8), (-2,-2)]
Turtle 3 :[(-3,-3), (4,2), (4,1), (4,0), (3,0), (2,0), (-3,-3), (-3,-3)]
Turtle 4 :[(-4,-4), (7,8), (6,8), (5,8), (4,8), (3,8), (2,8), (-4,-4)]
Turtle 5 :[(-5,-5), (6,13), (6,12), (6,11), (5,11), (4,11), (4,11), (4,10)]

Shrinking Run 36
#Info# Executed steps before collision: 7, Found collision: false
Turtle 1 :[(-1,-1), (3,0), (3,0), (3,0), (3,0), (3,1), (4,1), (-1,-1)]
Turtle 2 :[(-2,-2), (4,10), (4,9), (3,9), (2,9), (1,9), (1,8), (-2,-2)]
Turtle 3 :[(-3,-3), (4,2), (4,1), (4,0), (4,1), (4,0), (3,0), (2,0)]
Turtle 4 :[(-4,-4), (7,8), (6,8), (5,8), (4,8), (3,8), (2,8), (-4,-4)]
Turtle 5 :[(-5,-5), (6,13), (6,12), (6,11), (5,11), (4,11), (4,11), (4,10)]

Shrinking Run 37
#Info# Executed steps before collision: 7, Found collision: false
Turtle 1 :[(-1,-1), (3,0), (4,0), (3,0), (4,0), (5,0), (-1,-1), (-1,-1)]
Turtle 2 :[(-2,-2), (4,10), (4,9), (3,9), (2,9), (1,9), (1,8), (-2,-2)]
Turtle 3 :[(-3,-3), (4,2), (4,1), (3,1), (2,1), (2,0), (-3,-3), (-3,-3)]
Turtle 4 :[(-4,-4), (7,8), (6,8), (5,8), (4,8), (3,8), (2,8), (-4,-4)]
Turtle 5 :[(-5,-5), (6,13), (6,12), (6,11), (5,11), (4,11), (4,11), (4,10)]

Shrinking Run 38
#Info# Executed steps before collision: 7, Found collision: false
Turtle 1 :[(-1,-1), (3,0), (4,0), (5,0), (6,0), (-1,-1), (-1,-1), (-1,-1)]
Turtle 2 :[(-2,-2), (4,10), (4,9), (3,9), (2,9), (1,9), (1,8), (-2,-2)]
Turtle 3 :[(-3,-3), (4,2), (4,1), (4,0), (3,0), (2,0), (-3,-3), (-3,-3)]
Turtle 4 :[(-4,-4), (7,8), (6,8), (5,8), (4,8), (3,8), (2,8), (-4,-4)]
Turtle 5 :[(-5,-5), (6,13), (6,12), (6,11), (5,11), (4,11), (4,11), (4,10)]

Shrinking Run 39
#Info# Executed steps before collision: 7, Found collision: false
Turtle 1 :[(-1,-1), (3,0), (4,0), (5,0), (5,0), (6,0), (-1,-1), (-1,-1)]
Turtle 2 :[(-2,-2), (4,10), (4,9), (3,9), (2,9), (1,9), (1,8), (-2,-2)]
Turtle 3 :[(-3,-3), (4,2), (4,1), (4,0), (3,0), (2,0), (-3,-3), (-3,-3)]
Turtle 4 :[(-4,-4), (7,8), (6,8), (5,8), (4,8), (3,8), (2,8), (-4,-4)]
Turtle 5 :[(-5,-5), (6,13), (6,12), (6,11), (5,11), (4,11), (4,11), (4,10)]

Shrinking Run 40
#Info# Executed steps before collision: 3, Found collision: true
Turtle 1 :[(-1,-1), (3,0), (4,0), (4,0), (5,0), (6,0), (-1,-1), (-1,-1), (-1,-1)]
Turtle 2 :[(-2,-2), (4,10), (3,10), (2,10), (2,9), (2,8), (2,7), (-2,-2), (-2,-2)]
Turtle 3 :[(-3,-3), (4,2), (4,1), (4,0), (3,0), (2,0), (-3,-3), (-3,-3), (-3,-3)]
Turtle 4 :[(-4,-4), (7,8), (6,8), (5,8), (4,8), (3,8), (4,8), (3,8), (2,8)]
Turtle 5 :[(-5,-5), (6,13), (6,12), (6,11), (5,11), (4,11), (4,11), (4,10), (-5,-5)]

Shrinking Run 41
#Info# Executed steps before collision: 3, Found collision: true
Turtle 1 :[(-1,-1), (3,0), (4,0), (4,0), (5,0), (6,0), (-1,-1), (-1,-1)]
Turtle 2 :[(-2,-2), (4,10), (4,9), (3,9), (3,8), (3,7), (2,7), (-2,-2)]
Turtle 3 :[(-3,-3), (4,2), (4,1), (4,0), (3,0), (2,0), (-3,-3), (-3,-3)]
Turtle 4 :[(-4,-4), (7,8), (6,8), (5,8), (4,8), (3,8), (2,8), (-4,-4)]
Turtle 5 :[(-5,-5), (6,13), (6,12), (6,11), (5,11), (4,11), (4,11), (4,10)]

Shrinking Run 42
#Info# Executed steps before collision: 7, Found collision: false
Turtle 1 :[(-1,-1), (3,0), (4,0), (4,0), (5,0), (6,0), (-1,-1), (-1,-1)]
Turtle 2 :[(-2,-2), (4,10), (3,10), (3,9), (3,8), (2,8), (2,7), (-2,-2)]
Turtle 3 :[(-3,-3), (4,2), (4,1), (5,1), (4,1), (3,1), (2,1), (2,0)]
Turtle 4 :[(-4,-4), (7,8), (6,8), (5,8), (4,8), (3,8), (2,8), (-4,-4)]
Turtle 5 :[(-5,-5), (6,13), (6,12), (6,11), (5,11), (4,11), (4,11), (4,10)]

Shrinking Run 43
#Info# Executed steps before collision: 8, Found collision: false
Turtle 1 :[(-1,-1), (3,0), (4,0), (4,0), (5,0), (6,0), (-1,-1), (-1,-1), (-1,-1)]
Turtle 2 :[(-2,-2), (4,10), (3,10), (2,10), (1,10), (1,9), (1,8), (-2,-2), (-2,-2)]
Turtle 3 :[(-3,-3), (4,2), (4,1), (4,1), (5,1), (4,1), (4,0), (3,0), (2,0)]
Turtle 4 :[(-4,-4), (7,8), (6,8), (5,8), (4,8), (3,8), (2,8), (-4,-4), (-4,-4)]
Turtle 5 :[(-5,-5), (6,13), (6,12), (6,11), (5,11), (4,11), (4,11), (4,10), (-5,-5)]

Shrinking Run 44
#Info# Executed steps before collision: 3, Found collision: true
Turtle 1 :[(-1,-1), (3,0), (4,0), (4,0), (5,0), (6,0), (-1,-1), (-1,-1)]
Turtle 2 :[(-2,-2), (4,10), (3,10), (2,10), (2,9), (2,8), (1,8), (-2,-2)]
Turtle 3 :[(-3,-3), (4,2), (4,1), (4,0), (3,0), (2,0), (-3,-3), (-3,-3)]
Turtle 4 :[(-4,-4), (7,8), (6,8), (5,8), (4,8), (3,8), (2,8), (-4,-4)]
Turtle 5 :[(-5,-5), (6,13), (6,12), (6,11), (5,11), (4,11), (4,11), (4,10)]

Shrinking Run 45
#Info# Executed steps before collision: 3, Found collision: true
Turtle 1 :[(-1,-1), (3,0), (4,0), (4,0), (5,0), (6,0), (-1,-1), (-1,-1), (-1,-1)]
Turtle 2 :[(-2,-2), (4,10), (3,10), (3,9), (3,8), (2,8), (1,8), (-2,-2), (-2,-2)]
Turtle 3 :[(-3,-3), (4,2), (4,1), (4,0), (3,0), (2,0), (-3,-3), (-3,-3), (-3,-3)]
Turtle 4 :[(-4,-4), (7,8), (6,8), (5,8), (4,8), (3,8), (4,8), (3,8), (2,8)]
Turtle 5 :[(-5,-5), (6,13), (6,12), (6,11), (5,11), (4,11), (4,11), (4,10), (-5,-5)]

Shrinking Run 46
#Info# Executed steps before collision: 8, Found collision: false
Turtle 1 :[(-1,-1), (3,0), (4,0), (4,0), (5,0), (6,0), (-1,-1), (-1,-1), (-1,-1)]
Turtle 2 :[(-2,-2), (4,10), (3,10), (3,9), (2,9), (2,8), (1,8), (-2,-2), (-2,-2)]
Turtle 3 :[(-3,-3), (4,2), (4,1), (3,1), (2,1), (2,0), (-3,-3), (-3,-3), (-3,-3)]
Turtle 4 :[(-4,-4), (7,8), (6,8), (5,8), (4,8), (3,8), (3,7), (3,8), (2,8)]
Turtle 5 :[(-5,-5), (6,13), (6,12), (6,11), (5,11), (4,11), (4,11), (4,10), (-5,-5)]

Shrinking Run 47
#Info# Executed steps before collision: 7, Found collision: false
Turtle 1 :[(-1,-1), (3,0), (4,0), (4,0), (5,0), (6,0), (-1,-1), (-1,-1)]
Turtle 2 :[(-2,-2), (4,10), (3,10), (3,9), (3,8), (2,8), (1,8), (-2,-2)]
Turtle 3 :[(-3,-3), (4,2), (3,2), (3,1), (2,1), (1,1), (1,0), (-3,-3)]
Turtle 4 :[(-4,-4), (7,8), (6,8), (5,8), (4,8), (3,8), (3,8), (2,8)]
Turtle 5 :[(-5,-5), (6,13), (6,12), (6,11), (5,11), (4,11), (4,11), (4,10)]

Shrinking Run 48
#Info# Executed steps before collision: 8, Found collision: false
Turtle 1 :[(-1,-1), (3,0), (4,0), (4,0), (5,0), (6,0), (-1,-1), (-1,-1), (-1,-1)]
Turtle 2 :[(-2,-2), (4,10), (3,10), (3,9), (3,8), (2,8), (1,8), (-2,-2), (-2,-2)]
Turtle 3 :[(-3,-3), (4,2), (3,2), (3,1), (3,0), (2,0), (1,0), (-3,-3), (-3,-3)]
Turtle 4 :[(-4,-4), (7,8), (6,8), (5,8), (4,8), (5,8), (4,8), (3,8), (2,8)]
Turtle 5 :[(-5,-5), (6,13), (6,12), (6,11), (5,11), (4,11), (4,11), (4,10), (-5,-5)]

Shrinking Run 49
#Info# Executed steps before collision: 8, Found collision: false
Turtle 1 :[(-1,-1), (3,0), (4,0), (4,0), (5,0), (6,0), (-1,-1), (-1,-1), (-1,-1)]
Turtle 2 :[(-2,-2), (4,10), (3,10), (3,9), (3,8), (2,8), (1,8), (-2,-2), (-2,-2)]
Turtle 3 :[(-3,-3), (4,2), (4,1), (3,1), (3,0), (2,0), (-3,-3), (-3,-3), (-3,-3)]
Turtle 4 :[(-4,-4), (7,8), (6,8), (5,8), (4,8), (3,8), (4,8), (3,8), (2,8)]
Turtle 5 :[(-5,-5), (6,13), (6,12), (6,11), (5,11), (4,11), (4,11), (4,10), (-5,-5)]

Shrinking Run 50
#Info# Executed steps before collision: 8, Found collision: false
Turtle 1 :[(-1,-1), (3,0), (4,0), (4,0), (5,0), (6,0), (-1,-1), (-1,-1), (-1,-1)]
Turtle 2 :[(-2,-2), (4,10), (3,10), (3,9), (3,8), (2,8), (1,8), (-2,-2), (-2,-2)]
Turtle 3 :[(-3,-3), (4,2), (3,2), (3,1), (2,1), (2,0), (-3,-3), (-3,-3), (-3,-3)]
Turtle 4 :[(-4,-4), (7,8), (6,8), (5,8), (4,8), (5,8), (4,8), (3,8), (2,8)]
Turtle 5 :[(-5,-5), (6,13), (6,12), (6,11), (5,11), (4,11), (4,11), (4,10), (-5,-5)]

Shrinking Run 51
#Info# Executed steps before collision: 8, Found collision: false
Turtle 1 :[(-1,-1), (3,0), (4,0), (4,0), (5,0), (6,0), (-1,-1), (-1,-1), (-1,-1)]
Turtle 2 :[(-2,-2), (4,10), (3,10), (3,9), (3,8), (2,8), (1,8), (-2,-2), (-2,-2)]
Turtle 3 :[(-3,-3), (4,2), (3,2), (3,1), (3,0), (2,0), (-3,-3), (-3,-3), (-3,-3)]
Turtle 4 :[(-4,-4), (7,8), (6,8), (5,8), (4,8), (3,8), (3,7), (2,7), (2,8)]
Turtle 5 :[(-5,-5), (6,13), (6,12), (6,11), (5,11), (4,11), (4,11), (4,10), (-5,-5)]

Shrinking Run 52
#Info# Executed steps before collision: 3, Found collision: true
Turtle 1 :[(-1,-1), (3,0), (4,0), (4,0), (5,0), (6,0), (-1,-1), (-1,-1), (-1,-1)]
Turtle 2 :[(-2,-2), (4,10), (3,10), (3,9), (3,8), (2,8), (1,8), (-2,-2), (-2,-2)]
Turtle 3 :[(-3,-3), (4,2), (4,1), (4,0), (3,0), (2,0), (-3,-3), (-3,-3), (-3,-3)]
Turtle 4 :[(-4,-4), (7,8), (6,8), (5,8), (4,8), (3,8), (2,8), (-4,-4), (-4,-4)]
Turtle 5 :[(-5,-5), (6,13), (6,12), (6,12), (5,12), (4,12), (4,12), (3,12), (3,11)]

Shrinking Run 53
#Info# Executed steps before collision: 3, Found collision: true
Turtle 1 :[(-1,-1), (3,0), (4,0), (4,0), (5,0), (6,0), (-1,-1), (-1,-1), (-1,-1)]
Turtle 2 :[(-2,-2), (4,10), (3,10), (3,9), (3,8), (2,8), (1,8), (-2,-2), (-2,-2)]
Turtle 3 :[(-3,-3), (4,2), (4,1), (4,0), (3,0), (2,0), (-3,-3), (-3,-3), (-3,-3)]
Turtle 4 :[(-4,-4), (7,8), (6,8), (5,8), (4,8), (3,8), (3,7), (3,8), (2,8)]
Turtle 5 :[(-5,-5), (6,13), (5,13), (5,13), (4,13), (3,13), (3,13), (2,13), (2,12)]

Shrinking Run 54
#Info# Executed steps before collision: 3, Found collision: true
Turtle 1 :[(-1,-1), (3,0), (4,0), (4,0), (5,0), (6,0), (-1,-1), (-1,-1), (-1,-1)]
Turtle 2 :[(-2,-2), (4,10), (3,10), (3,9), (3,8), (2,8), (1,8), (-2,-2), (-2,-2)]
Turtle 3 :[(-3,-3), (4,2), (4,1), (4,0), (3,0), (2,0), (-3,-3), (-3,-3), (-3,-3)]
Turtle 4 :[(-4,-4), (7,8), (6,8), (5,8), (4,8), (3,8), (2,8), (-4,-4), (-4,-4)]
Turtle 5 :[(-5,-5), (6,13), (5,13), (5,13), (4,13), (3,13), (3,13), (2,13), (1,13)]

Shrinking Run 55
#Info# Executed steps before collision: 8, Found collision: false
Turtle 1 :[(-1,-1), (3,0), (4,0), (4,0), (5,0), (6,0), (-1,-1), (-1,-1), (-1,-1)]
Turtle 2 :[(-2,-2), (4,10), (3,10), (3,9), (3,8), (2,8), (1,8), (-2,-2), (-2,-2)]
Turtle 3 :[(-3,-3), (4,2), (4,1), (3,1), (2,1), (2,0), (-3,-3), (-3,-3), (-3,-3)]
Turtle 4 :[(-4,-4), (7,8), (6,8), (5,8), (4,8), (3,8), (3,7), (2,7), (2,8)]
Turtle 5 :[(-5,-5), (6,13), (5,13), (4,13), (3,13), (2,13), (1,13), (-5,-5), (-5,-5)]

Shrinking Run 56
#Info# Executed steps before collision: 3, Found collision: true
Turtle 1 :[(-1,-1), (3,0), (4,0), (4,0), (5,0), (6,0), (-1,-1), (-1,-1), (-1,-1)]
Turtle 2 :[(-2,-2), (4,10), (3,10), (3,9), (3,8), (2,8), (1,8), (-2,-2), (-2,-2)]
Turtle 3 :[(-3,-3), (4,2), (4,1), (4,0), (3,0), (2,0), (-3,-3), (-3,-3), (-3,-3)]
Turtle 4 :[(-4,-4), (7,8), (6,8), (5,8), (4,8), (4,9), (4,8), (3,8), (2,8)]
Turtle 5 :[(-5,-5), (6,13), (5,13), (5,13), (4,13), (3,13), (2,13), (1,13), (-5,-5)]

Shrinking Run 57
#Info# Executed steps before collision: 3, Found collision: true
Turtle 1 :[(-1,-1), (3,0), (4,0), (4,0), (5,0), (6,0), (-1,-1), (-1,-1), (-1,-1)]
Turtle 2 :[(-2,-2), (4,10), (3,10), (3,9), (3,8), (2,8), (1,8), (-2,-2), (-2,-2)]
Turtle 3 :[(-3,-3), (4,2), (4,1), (4,0), (3,0), (2,0), (-3,-3), (-3,-3), (-3,-3)]
Turtle 4 :[(-4,-4), (7,8), (6,8), (5,8), (4,8), (3,8), (4,8), (3,8), (2,8)]
Turtle 5 :[(-5,-5), (6,13), (5,13), (4,13), (4,13), (3,13), (2,13), (1,13), (-5,-5)]

Shrinking Run 58
#Info# Executed steps before collision: 3, Found collision: true
Turtle 1 :[(-1,-1), (3,0), (4,0), (4,0), (5,0), (6,0), (-1,-1), (-1,-1)]
Turtle 2 :[(-2,-2), (4,10), (3,10), (3,9), (3,8), (2,8), (1,8), (-2,-2)]
Turtle 3 :[(-3,-3), (4,2), (4,1), (4,0), (3,0), (2,0), (-3,-3), (-3,-3)]
Turtle 4 :[(-4,-4), (7,8), (6,8), (5,8), (4,8), (4,8), (3,8), (2,8)]
Turtle 5 :[(-5,-5), (6,13), (5,13), (4,13), (3,13), (2,13), (2,13), (1,13)]

Shrinking Run 59
#Info# Executed steps before collision: 8, Found collision: false
Turtle 1 :[(-1,-1), (3,0), (2,0), (2,0), (1,0), (1,0), (0,0), (-1,-1), (-1,-1)]
Turtle 2 :[(-2,-2), (4,10), (3,10), (3,9), (3,8), (2,8), (1,8), (-2,-2), (-2,-2)]
Turtle 3 :[(-3,-3), (4,2), (4,1), (4,0), (3,0), (2,0), (-3,-3), (-3,-3), (-3,-3)]
Turtle 4 :[(-4,-4), (7,8), (6,8), (5,8), (4,8), (3,8), (3,9), (2,9), (2,8)]
Turtle 5 :[(-5,-5), (6,13), (5,13), (4,13), (3,13), (2,13), (2,13), (1,13), (-5,-5)]

Shrinking Run 60
#Info# Executed steps before collision: 8, Found collision: false
Turtle 1 :[(-1,-1), (3,0), (3,0), (3,0), (3,0), (3,1), (4,1), (-1,-1), (-1,-1)]
Turtle 2 :[(-2,-2), (4,10), (3,10), (3,9), (3,8), (2,8), (1,8), (-2,-2), (-2,-2)]
Turtle 3 :[(-3,-3), (4,2), (4,1), (4,0), (5,0), (4,0), (3,0), (2,0), (-3,-3)]
Turtle 4 :[(-4,-4), (7,8), (6,8), (5,8), (4,8), (3,8), (4,8), (3,8), (2,8)]
Turtle 5 :[(-5,-5), (6,13), (5,13), (4,13), (3,13), (2,13), (2,13), (1,13), (-5,-5)]

Shrinking Run 61
#Info# Executed steps before collision: 3, Found collision: true
Turtle 1 :[(-1,-1), (3,0), (4,0), (4,0), (4,1), (4,1), (4,0), (4,0), (5,0)]
Turtle 2 :[(-2,-2), (4,10), (3,10), (3,9), (3,8), (2,8), (1,8), (-2,-2), (-2,-2)]
Turtle 3 :[(-3,-3), (4,2), (4,1), (4,0), (3,0), (2,0), (-3,-3), (-3,-3), (-3,-3)]
Turtle 4 :[(-4,-4), (7,8), (6,8), (5,8), (4,8), (3,8), (3,8), (2,8), (-4,-4)]
Turtle 5 :[(-5,-5), (6,13), (5,13), (4,13), (3,13), (2,13), (2,13), (1,13), (-5,-5)]

Shrinking Run 62
#Info# Executed steps before collision: 8, Found collision: false
Turtle 1 :[(-1,-1), (3,0), (4,0), (4,0), (4,0), (5,0), (-1,-1), (-1,-1), (-1,-1)]
Turtle 2 :[(-2,-2), (4,10), (3,10), (3,9), (3,8), (2,8), (1,8), (-2,-2), (-2,-2)]
Turtle 3 :[(-3,-3), (4,2), (4,1), (4,2), (3,2), (2,2), (2,1), (2,0), (-3,-3)]
Turtle 4 :[(-4,-4), (7,8), (6,8), (5,8), (4,8), (3,8), (3,7), (2,7), (2,8)]
Turtle 5 :[(-5,-5), (6,13), (5,13), (4,13), (3,13), (2,13), (2,13), (1,13), (-5,-5)]

Shrinking Run 63
#Info# Executed steps before collision: 8, Found collision: false
Turtle 1 :[(-1,-1), (3,0), (4,0), (5,0), (5,0), (4,0), (4,0), (5,0), (-1,-1)]
Turtle 2 :[(-2,-2), (4,10), (3,10), (3,9), (3,8), (2,8), (1,8), (-2,-2), (-2,-2)]
Turtle 3 :[(-3,-3), (4,2), (4,1), (4,0), (3,0), (2,0), (-3,-3), (-3,-3), (-3,-3)]
Turtle 4 :[(-4,-4), (7,8), (6,8), (5,8), (4,8), (4,7), (3,7), (3,8), (2,8)]
Turtle 5 :[(-5,-5), (6,13), (5,13), (4,13), (3,13), (2,13), (2,13), (1,13), (-5,-5)]

Shrinking Run 64
#Info# Executed steps before collision: 3, Found collision: true
Turtle 1 :[(-1,-1), (3,0), (4,0), (4,0), (4,1), (5,1), (-1,-1), (-1,-1)]
Turtle 2 :[(-2,-2), (4,10), (3,10), (3,9), (3,8), (2,8), (1,8), (-2,-2)]
Turtle 3 :[(-3,-3), (4,2), (4,1), (4,0), (3,0), (2,0), (-3,-3), (-3,-3)]
Turtle 4 :[(-4,-4), (7,8), (6,8), (5,8), (4,8), (3,8), (3,8), (2,8)]
Turtle 5 :[(-5,-5), (6,13), (5,13), (4,13), (3,13), (2,13), (2,13), (1,13)]

Shrinking Run 65
#Info# Executed steps before collision: 7, Found collision: false
Turtle 1 :[(-1,-1), (3,0), (4,0), (5,0), (-1,-1), (-1,-1), (-1,-1), (-1,-1)]
Turtle 2 :[(-2,-2), (4,10), (3,10), (3,9), (3,8), (2,8), (1,8), (-2,-2)]
Turtle 3 :[(-3,-3), (4,2), (4,1), (4,0), (3,0), (2,0), (-3,-3), (-3,-3)]
Turtle 4 :[(-4,-4), (7,8), (6,8), (5,8), (4,8), (3,8), (3,8), (2,8)]
Turtle 5 :[(-5,-5), (6,13), (5,13), (4,13), (3,13), (2,13), (2,13), (1,13)]

Shrinking Run 66
#Info# Executed steps before collision: 7, Found collision: false
Turtle 1 :[(-1,-1), (3,0), (4,0), (3,0), (3,0), (4,0), (5,0), (-1,-1)]
Turtle 2 :[(-2,-2), (4,10), (3,10), (3,9), (3,8), (2,8), (1,8), (-2,-2)]
Turtle 3 :[(-3,-3), (4,2), (4,1), (4,0), (4,1), (3,1), (3,0), (2,0)]
Turtle 4 :[(-4,-4), (7,8), (6,8), (5,8), (4,8), (3,8), (3,8), (2,8)]
Turtle 5 :[(-5,-5), (6,13), (5,13), (4,13), (3,13), (2,13), (2,13), (1,13)]

Shrinking Run 67
#Info# Executed steps before collision: 8, Found collision: false
Turtle 1 :[(-1,-1), (3,0), (4,0), (5,0), (-1,-1), (-1,-1), (-1,-1), (-1,-1), (-1,-1)]
Turtle 2 :[(-2,-2), (4,10), (3,10), (3,9), (3,8), (2,8), (1,8), (-2,-2), (-2,-2)]
Turtle 3 :[(-3,-3), (4,2), (4,1), (4,1), (4,0), (3,0), (2,0), (-3,-3), (-3,-3)]
Turtle 4 :[(-4,-4), (7,8), (6,8), (5,8), (4,8), (3,8), (3,9), (3,8), (2,8)]
Turtle 5 :[(-5,-5), (6,13), (5,13), (4,13), (3,13), (2,13), (2,13), (1,13), (-5,-5)]

Shrinking Run 68
#Info# Executed steps before collision: 3, Found collision: true
Turtle 1 :[(-1,-1), (3,0), (4,0), (4,0), (4,1), (5,1), (-1,-1), (-1,-1), (-1,-1)]
Turtle 2 :[(-2,-2), (4,10), (3,10), (3,9), (3,8), (2,8), (2,7), (-2,-2), (-2,-2)]
Turtle 3 :[(-3,-3), (4,2), (4,1), (4,0), (3,0), (2,0), (-3,-3), (-3,-3), (-3,-3)]
Turtle 4 :[(-4,-4), (7,8), (6,8), (5,8), (4,8), (3,8), (3,7), (3,8), (2,8)]
Turtle 5 :[(-5,-5), (6,13), (5,13), (4,13), (3,13), (2,13), (2,13), (1,13), (-5,-5)]

Shrinking Run 69
#Info# Executed steps before collision: 7, Found collision: false
Turtle 1 :[(-1,-1), (3,0), (4,0), (4,0), (4,1), (5,1), (-1,-1), (-1,-1)]
Turtle 2 :[(-2,-2), (4,10), (3,10), (2,10), (2,9), (1,9), (1,8), (-2,-2)]
Turtle 3 :[(-3,-3), (4,2), (4,1), (3,1), (3,0), (2,0), (-3,-3), (-3,-3)]
Turtle 4 :[(-4,-4), (7,8), (6,8), (5,8), (4,8), (3,8), (2,8), (-4,-4)]
Turtle 5 :[(-5,-5), (6,13), (5,13), (4,13), (3,13), (2,13), (2,13), (1,13)]

Shrinking Run 70
#Info# Executed steps before collision: 3, Found collision: true
Turtle 1 :[(-1,-1), (3,0), (4,0), (4,0), (4,1), (5,1), (-1,-1), (-1,-1)]
Turtle 2 :[(-2,-2), (4,10), (3,10), (3,9), (2,9), (1,9), (1,8), (-2,-2)]
Turtle 3 :[(-3,-3), (4,2), (4,1), (4,0), (3,0), (2,0), (-3,-3), (-3,-3)]
Turtle 4 :[(-4,-4), (7,8), (6,8), (5,8), (4,8), (3,8), (2,8), (-4,-4)]
Turtle 5 :[(-5,-5), (6,13), (5,13), (4,13), (3,13), (2,13), (2,13), (1,13)]

Shrinking Run 71
#Info# Executed steps before collision: 3, Found collision: true
Turtle 1 :[(-1,-1), (3,0), (4,0), (4,0), (4,1), (5,1), (-1,-1), (-1,-1)]
Turtle 2 :[(-2,-2), (4,10), (3,10), (3,9), (2,9), (1,9), (0,9), (-2,-2)]
Turtle 3 :[(-3,-3), (4,2), (4,1), (4,0), (3,0), (2,0), (-3,-3), (-3,-3)]
Turtle 4 :[(-4,-4), (7,8), (6,8), (5,8), (4,8), (3,8), (2,8), (-4,-4)]
Turtle 5 :[(-5,-5), (6,13), (5,13), (4,13), (3,13), (2,13), (2,13), (1,13)]

Shrinking Run 72
#Info# Executed steps before collision: 3, Found collision: true
Turtle 1 :[(-1,-1), (3,0), (4,0), (4,0), (4,1), (5,1), (-1,-1), (-1,-1)]
Turtle 2 :[(-2,-2), (4,10), (3,10), (2,10), (1,10), (1,9), (0,9), (-2,-2)]
Turtle 3 :[(-3,-3), (4,2), (4,1), (4,0), (3,0), (2,0), (-3,-3), (-3,-3)]
Turtle 4 :[(-4,-4), (7,8), (6,8), (5,8), (4,8), (3,8), (2,8), (-4,-4)]
Turtle 5 :[(-5,-5), (6,13), (5,13), (4,13), (3,13), (2,13), (2,13), (1,13)]

Shrinking Run 73
#Info# Executed steps before collision: 7, Found collision: false
Turtle 1 :[(-1,-1), (3,0), (4,0), (4,0), (4,1), (5,1), (-1,-1), (-1,-1)]
Turtle 2 :[(-2,-2), (4,10), (3,10), (2,10), (2,9), (1,9), (0,9), (-2,-2)]
Turtle 3 :[(-3,-3), (4,2), (4,1), (3,1), (3,0), (2,0), (-3,-3), (-3,-3)]
Turtle 4 :[(-4,-4), (7,8), (6,8), (5,8), (4,8), (3,8), (2,8), (-4,-4)]
Turtle 5 :[(-5,-5), (6,13), (5,13), (4,13), (3,13), (2,13), (2,13), (1,13)]

Shrinking Run 74
#Info# Executed steps before collision: 7, Found collision: false
Turtle 1 :[(-1,-1), (3,0), (4,0), (4,0), (4,1), (5,1), (-1,-1), (-1,-1)]
Turtle 2 :[(-2,-2), (4,10), (3,10), (2,10), (1,10), (1,9), (0,9), (-2,-2)]
Turtle 3 :[(-3,-3), (4,2), (3,2), (3,1), (2,1), (1,1), (1,0), (-3,-3)]
Turtle 4 :[(-4,-4), (7,8), (6,8), (5,8), (4,8), (3,8), (2,8), (-4,-4)]
Turtle 5 :[(-5,-5), (6,13), (5,13), (4,13), (3,13), (2,13), (2,13), (1,13)]

Shrinking Run 75
#Info# Executed steps before collision: 7, Found collision: false
Turtle 1 :[(-1,-1), (3,0), (4,0), (4,0), (4,1), (5,1), (-1,-1), (-1,-1)]
Turtle 2 :[(-2,-2), (4,10), (3,10), (2,10), (1,10), (1,9), (0,9), (-2,-2)]
Turtle 3 :[(-3,-3), (4,2), (3,2), (3,1), (3,0), (2,0), (1,0), (-3,-3)]
Turtle 4 :[(-4,-4), (7,8), (6,8), (5,8), (4,8), (3,8), (2,8), (-4,-4)]
Turtle 5 :[(-5,-5), (6,13), (5,13), (4,13), (3,13), (2,13), (2,13), (1,13)]

Shrinking Run 76
#Info# Executed steps before collision: 7, Found collision: false
Turtle 1 :[(-1,-1), (3,0), (4,0), (4,0), (4,1), (5,1), (-1,-1), (-1,-1)]
Turtle 2 :[(-2,-2), (4,10), (3,10), (2,10), (1,10), (1,9), (0,9), (-2,-2)]
Turtle 3 :[(-3,-3), (4,2), (4,1), (3,1), (3,0), (2,0), (-3,-3), (-3,-3)]
Turtle 4 :[(-4,-4), (7,8), (6,8), (5,8), (4,8), (3,8), (2,8), (-4,-4)]
Turtle 5 :[(-5,-5), (6,13), (5,13), (4,13), (3,13), (2,13), (2,13), (1,13)]

Shrinking Run 77
#Info# Executed steps before collision: 7, Found collision: false
Turtle 1 :[(-1,-1), (3,0), (4,0), (4,0), (4,1), (5,1), (-1,-1), (-1,-1)]
Turtle 2 :[(-2,-2), (4,10), (3,10), (2,10), (1,10), (1,9), (0,9), (-2,-2)]
Turtle 3 :[(-3,-3), (4,2), (3,2), (3,1), (2,1), (2,0), (-3,-3), (-3,-3)]
Turtle 4 :[(-4,-4), (7,8), (6,8), (5,8), (4,8), (3,8), (2,8), (-4,-4)]
Turtle 5 :[(-5,-5), (6,13), (5,13), (4,13), (3,13), (2,13), (2,13), (1,13)]

Shrinking Run 78
#Info# Executed steps before collision: 7, Found collision: false
Turtle 1 :[(-1,-1), (3,0), (4,0), (4,0), (4,1), (5,1), (-1,-1), (-1,-1)]
Turtle 2 :[(-2,-2), (4,10), (3,10), (2,10), (1,10), (1,9), (0,9), (-2,-2)]
Turtle 3 :[(-3,-3), (4,2), (3,2), (3,1), (3,0), (2,0), (-3,-3), (-3,-3)]
Turtle 4 :[(-4,-4), (7,8), (6,8), (5,8), (4,8), (3,8), (2,8), (-4,-4)]
Turtle 5 :[(-5,-5), (6,13), (5,13), (4,13), (3,13), (2,13), (2,13), (1,13)]

Shrinking Run 79
#Info# Executed steps before collision: 3, Found collision: true
Turtle 1 :[(-1,-1), (3,0), (4,0), (4,0), (4,1), (5,1), (-1,-1)]
Turtle 2 :[(-2,-2), (4,10), (3,10), (2,10), (1,10), (1,9), (0,9)]
Turtle 3 :[(-3,-3), (4,2), (4,1), (4,0), (3,0), (2,0), (-3,-3)]
Turtle 4 :[(-4,-4), (7,8), (6,8), (5,8), (4,8), (3,8), (2,8)]
Turtle 5 :[(-5,-5), (6,13), (5,13), (4,13), (3,13), (2,13), (1,13)]

Shrinking Run 80
#Info# Executed steps before collision: 6, Found collision: false
Turtle 1 :[(-1,-1), (3,0), (2,0), (2,0), (1,0), (1,0), (0,0)]
Turtle 2 :[(-2,-2), (4,10), (3,10), (2,10), (1,10), (1,9), (0,9)]
Turtle 3 :[(-3,-3), (4,2), (4,1), (4,0), (3,0), (2,0), (-3,-3)]
Turtle 4 :[(-4,-4), (7,8), (6,8), (5,8), (4,8), (3,8), (2,8)]
Turtle 5 :[(-5,-5), (6,13), (5,13), (4,13), (3,13), (2,13), (1,13)]

Shrinking Run 81
#Info# Executed steps before collision: 8, Found collision: false
Turtle 1 :[(-1,-1), (3,0), (3,0), (3,0), (3,0), (3,1), (3,0), (4,0), (4,1)]
Turtle 2 :[(-2,-2), (4,10), (3,10), (2,10), (1,10), (1,9), (0,9), (-2,-2), (-2,-2)]
Turtle 3 :[(-3,-3), (4,2), (4,1), (4,0), (4,0), (4,1), (3,1), (2,1), (2,0)]
Turtle 4 :[(-4,-4), (7,8), (6,8), (5,8), (4,8), (3,8), (2,8), (-4,-4), (-4,-4)]
Turtle 5 :[(-5,-5), (6,13), (5,13), (4,13), (3,13), (2,13), (1,13), (-5,-5), (-5,-5)]

Shrinking Run 82
#Info# Executed steps before collision: 6, Found collision: false
Turtle 1 :[(-1,-1), (3,0), (4,0), (4,0), (4,0), (5,0), (-1,-1)]
Turtle 2 :[(-2,-2), (4,10), (3,10), (2,10), (1,10), (1,9), (0,9)]
Turtle 3 :[(-3,-3), (4,2), (4,1), (4,1), (3,1), (3,0), (2,0)]
Turtle 4 :[(-4,-4), (7,8), (6,8), (5,8), (4,8), (3,8), (2,8)]
Turtle 5 :[(-5,-5), (6,13), (5,13), (4,13), (3,13), (2,13), (1,13)]

Shrinking Run 83
#Info# Executed steps before collision: 7, Found collision: false
Turtle 1 :[(-1,-1), (3,0), (4,0), (5,0), (5,0), (4,0), (4,0), (5,0)]
Turtle 2 :[(-2,-2), (4,10), (3,10), (2,10), (1,10), (1,9), (0,9), (-2,-2)]
Turtle 3 :[(-3,-3), (4,2), (4,1), (4,0), (3,0), (2,0), (-3,-3), (-3,-3)]
Turtle 4 :[(-4,-4), (7,8), (6,8), (5,8), (4,8), (3,8), (2,8), (-4,-4)]
Turtle 5 :[(-5,-5), (6,13), (5,13), (4,13), (3,13), (2,13), (1,13), (-5,-5)]

Shrinking Run 84
#Info# Executed steps before collision: 7, Found collision: false
Turtle 1 :[(-1,-1), (3,0), (4,0), (5,0), (-1,-1), (-1,-1), (-1,-1), (-1,-1)]
Turtle 2 :[(-2,-2), (4,10), (3,10), (2,10), (1,10), (1,9), (0,9), (-2,-2)]
Turtle 3 :[(-3,-3), (4,2), (4,1), (5,1), (4,1), (3,1), (2,1), (2,0)]
Turtle 4 :[(-4,-4), (7,8), (6,8), (5,8), (4,8), (3,8), (2,8), (-4,-4)]
Turtle 5 :[(-5,-5), (6,13), (5,13), (4,13), (3,13), (2,13), (1,13), (-5,-5)]

Shrinking Run 85
#Info# Executed steps before collision: 11, Found collision: false
Turtle 1 :[(-1,-1), (3,0), (4,0), (3,0), (4,0), (3,0), (4,0), (3,0), (4,0), (5,0), (-1,-1), (-1,-1)]
Turtle 2 :[(-2,-2), (4,10), (3,10), (2,10), (1,10), (1,9), (0,9), (-2,-2), (-2,-2), (-2,-2), (-2,-2), (-2,-2)]
Turtle 3 :[(-3,-3), (4,2), (4,1), (5,1), (5,0), (6,0), (5,0), (4,0), (5,0), (4,0), (3,0), (2,0)]
Turtle 4 :[(-4,-4), (7,8), (6,8), (5,8), (4,8), (3,8), (2,8), (-4,-4), (-4,-4), (-4,-4), (-4,-4), (-4,-4)]
Turtle 5 :[(-5,-5), (6,13), (5,13), (4,13), (3,13), (2,13), (1,13), (-5,-5), (-5,-5), (-5,-5), (-5,-5), (-5,-5)]

Shrinking Run 86
#Info# Executed steps before collision: 6, Found collision: false
Turtle 1 :[(-1,-1), (3,0), (4,0), (5,0), (-1,-1), (-1,-1), (-1,-1)]
Turtle 2 :[(-2,-2), (4,10), (3,10), (2,10), (1,10), (1,9), (0,9)]
Turtle 3 :[(-3,-3), (4,2), (4,1), (3,1), (2,1), (2,0), (-3,-3)]
Turtle 4 :[(-4,-4), (7,8), (6,8), (5,8), (4,8), (3,8), (2,8)]
Turtle 5 :[(-5,-5), (6,13), (5,13), (4,13), (3,13), (2,13), (1,13)]

Shrinking Run 87
#Info# Executed steps before collision: 3, Found collision: true
Turtle 1 :[(-1,-1), (3,0), (4,0), (4,0), (4,1), (5,1), (-1,-1)]
Turtle 2 :[(-2,-2), (4,10), (3,10), (2,10), (2,9), (1,9), (1,8)]
Turtle 3 :[(-3,-3), (4,2), (4,1), (4,0), (3,0), (2,0), (-3,-3)]
Turtle 4 :[(-4,-4), (7,8), (6,8), (5,8), (4,8), (3,8), (2,8)]
Turtle 5 :[(-5,-5), (6,13), (5,13), (4,13), (3,13), (2,13), (1,13)]

Shrinking Run 88
#Info# Executed steps before collision: 3, Found collision: true
Turtle 1 :[(-1,-1), (3,0), (4,0), (4,0), (4,1), (5,1), (-1,-1)]
Turtle 2 :[(-2,-2), (4,10), (3,10), (2,10), (1,10), (0,10), (0,9)]
Turtle 3 :[(-3,-3), (4,2), (4,1), (4,0), (3,0), (2,0), (-3,-3)]
Turtle 4 :[(-4,-4), (7,8), (6,8), (5,8), (4,8), (3,8), (2,8)]
Turtle 5 :[(-5,-5), (6,13), (5,13), (4,13), (3,13), (2,13), (1,13)]

Shrinking Run 89
#Info# Executed steps before collision: 6, Found collision: false
Turtle 1 :[(-1,-1), (3,0), (4,0), (4,0), (4,1), (5,1), (-1,-1)]
Turtle 2 :[(-2,-2), (4,10), (3,10), (2,10), (1,10), (0,10), (0,9)]
Turtle 3 :[(-3,-3), (4,2), (3,2), (3,1), (2,1), (1,1), (1,0)]
Turtle 4 :[(-4,-4), (7,8), (6,8), (5,8), (4,8), (3,8), (2,8)]
Turtle 5 :[(-5,-5), (6,13), (5,13), (4,13), (3,13), (2,13), (1,13)]

Shrinking Run 90
#Info# Executed steps before collision: 6, Found collision: false
Turtle 1 :[(-1,-1), (3,0), (4,0), (4,0), (4,1), (5,1), (-1,-1)]
Turtle 2 :[(-2,-2), (4,10), (3,10), (2,10), (1,10), (0,10), (0,9)]
Turtle 3 :[(-3,-3), (4,2), (3,2), (3,1), (3,0), (2,0), (1,0)]
Turtle 4 :[(-4,-4), (7,8), (6,8), (5,8), (4,8), (3,8), (2,8)]
Turtle 5 :[(-5,-5), (6,13), (5,13), (4,13), (3,13), (2,13), (1,13)]

Shrinking Run 91
#Info# Executed steps before collision: 6, Found collision: false
Turtle 1 :[(-1,-1), (3,0), (4,0), (4,0), (4,1), (5,1), (-1,-1)]
Turtle 2 :[(-2,-2), (4,10), (3,10), (2,10), (1,10), (0,10), (0,9)]
Turtle 3 :[(-3,-3), (4,2), (4,1), (3,1), (3,0), (2,0), (-3,-3)]
Turtle 4 :[(-4,-4), (7,8), (6,8), (5,8), (4,8), (3,8), (2,8)]
Turtle 5 :[(-5,-5), (6,13), (5,13), (4,13), (3,13), (2,13), (1,13)]

Shrinking Run 92
#Info# Executed steps before collision: 6, Found collision: false
Turtle 1 :[(-1,-1), (3,0), (4,0), (4,0), (4,1), (5,1), (-1,-1)]
Turtle 2 :[(-2,-2), (4,10), (3,10), (2,10), (1,10), (0,10), (0,9)]
Turtle 3 :[(-3,-3), (4,2), (3,2), (3,1), (2,1), (2,0), (-3,-3)]
Turtle 4 :[(-4,-4), (7,8), (6,8), (5,8), (4,8), (3,8), (2,8)]
Turtle 5 :[(-5,-5), (6,13), (5,13), (4,13), (3,13), (2,13), (1,13)]

Shrinking Run 93
#Info# Executed steps before collision: 6, Found collision: false
Turtle 1 :[(-1,-1), (3,0), (4,0), (4,0), (4,1), (5,1), (-1,-1)]
Turtle 2 :[(-2,-2), (4,10), (3,10), (2,10), (1,10), (0,10), (0,9)]
Turtle 3 :[(-3,-3), (4,2), (3,2), (3,1), (3,0), (2,0), (-3,-3)]
Turtle 4 :[(-4,-4), (7,8), (6,8), (5,8), (4,8), (3,8), (2,8)]
Turtle 5 :[(-5,-5), (6,13), (5,13), (4,13), (3,13), (2,13), (1,13)]

Shrinking Run 94
#Info# Executed steps before collision: 6, Found collision: false
Turtle 1 :[(-1,-1), (3,0), (2,0), (2,0), (1,0), (1,0), (0,0)]
Turtle 2 :[(-2,-2), (4,10), (3,10), (2,10), (1,10), (0,10), (0,9)]
Turtle 3 :[(-3,-3), (4,2), (4,1), (4,0), (3,0), (2,0), (-3,-3)]
Turtle 4 :[(-4,-4), (7,8), (6,8), (5,8), (4,8), (3,8), (2,8)]
Turtle 5 :[(-5,-5), (6,13), (5,13), (4,13), (3,13), (2,13), (1,13)]

Shrinking Run 95
#Info# Executed steps before collision: 7, Found collision: false
Turtle 1 :[(-1,-1), (3,0), (3,0), (3,0), (3,0), (3,1), (4,1), (-1,-1)]
Turtle 2 :[(-2,-2), (4,10), (3,10), (2,10), (1,10), (0,10), (0,9), (-2,-2)]
Turtle 3 :[(-3,-3), (4,2), (4,1), (4,0), (5,0), (4,0), (3,0), (2,0)]
Turtle 4 :[(-4,-4), (7,8), (6,8), (5,8), (4,8), (3,8), (2,8), (-4,-4)]
Turtle 5 :[(-5,-5), (6,13), (5,13), (4,13), (3,13), (2,13), (1,13), (-5,-5)]

Shrinking Run 96
#Info# Executed steps before collision: 3, Found collision: true
Turtle 1 :[(-1,-1), (3,0), (4,0), (4,0), (3,0), (4,0), (4,1), (4,0), (5,0), (-1,-1)]
Turtle 2 :[(-2,-2), (4,10), (3,10), (2,10), (1,10), (0,10), (0,9), (-2,-2), (-2,-2), (-2,-2)]
Turtle 3 :[(-3,-3), (4,2), (4,1), (4,0), (5,0), (5,0), (5,0), (4,0), (3,0), (2,0)]
Turtle 4 :[(-4,-4), (7,8), (6,8), (5,8), (4,8), (3,8), (2,8), (-4,-4), (-4,-4), (-4,-4)]
Turtle 5 :[(-5,-5), (6,13), (5,13), (4,13), (3,13), (2,13), (1,13), (-5,-5), (-5,-5), (-5,-5)]

Shrinking Run 97
#Info# Executed steps before collision: 6, Found collision: false
Turtle 1 :[(-1,-1), (3,0), (4,0), (5,0), (-1,-1), (-1,-1), (-1,-1)]
Turtle 2 :[(-2,-2), (4,10), (3,10), (2,10), (1,10), (0,10), (0,9)]
Turtle 3 :[(-3,-3), (4,2), (4,1), (4,0), (3,0), (2,0), (-3,-3)]
Turtle 4 :[(-4,-4), (7,8), (6,8), (5,8), (4,8), (3,8), (2,8)]
Turtle 5 :[(-5,-5), (6,13), (5,13), (4,13), (3,13), (2,13), (1,13)]

Shrinking Run 98
#Info# Executed steps before collision: 3, Found collision: true
Turtle 1 :[(-1,-1), (3,0), (4,0), (4,0), (5,0), (-1,-1), (-1,-1)]
Turtle 2 :[(-2,-2), (4,10), (3,10), (2,10), (1,10), (0,10), (0,9)]
Turtle 3 :[(-3,-3), (4,2), (4,1), (4,0), (3,0), (2,0), (-3,-3)]
Turtle 4 :[(-4,-4), (7,8), (6,8), (5,8), (4,8), (3,8), (2,8)]
Turtle 5 :[(-5,-5), (6,13), (5,13), (4,13), (3,13), (2,13), (1,13)]

Shrinking Run 99
#Info# Executed steps before collision: 6, Found collision: false
Turtle 1 :[(-1,-1), (3,0), (4,0), (4,0), (5,0), (-1,-1), (-1,-1)]
Turtle 2 :[(-2,-2), (4,10), (3,10), (2,10), (1,10), (0,10), (0,9)]
Turtle 3 :[(-3,-3), (4,2), (3,2), (3,1), (2,1), (1,1), (1,0)]
Turtle 4 :[(-4,-4), (7,8), (6,8), (5,8), (4,8), (3,8), (2,8)]
Turtle 5 :[(-5,-5), (6,13), (5,13), (4,13), (3,13), (2,13), (1,13)]

Shrinking Run 100
#Info# Executed steps before collision: 6, Found collision: false
Turtle 1 :[(-1,-1), (3,0), (4,0), (4,0), (5,0), (-1,-1), (-1,-1)]
Turtle 2 :[(-2,-2), (4,10), (3,10), (2,10), (1,10), (0,10), (0,9)]
Turtle 3 :[(-3,-3), (4,2), (3,2), (3,1), (3,0), (2,0), (1,0)]
Turtle 4 :[(-4,-4), (7,8), (6,8), (5,8), (4,8), (3,8), (2,8)]
Turtle 5 :[(-5,-5), (6,13), (5,13), (4,13), (3,13), (2,13), (1,13)]

Shrinking Run 101
#Info# Executed steps before collision: 6, Found collision: false
Turtle 1 :[(-1,-1), (3,0), (4,0), (4,0), (5,0), (-1,-1), (-1,-1)]
Turtle 2 :[(-2,-2), (4,10), (3,10), (2,10), (1,10), (0,10), (0,9)]
Turtle 3 :[(-3,-3), (4,2), (4,1), (3,1), (3,0), (2,0), (-3,-3)]
Turtle 4 :[(-4,-4), (7,8), (6,8), (5,8), (4,8), (3,8), (2,8)]
Turtle 5 :[(-5,-5), (6,13), (5,13), (4,13), (3,13), (2,13), (1,13)]

Shrinking Run 102
#Info# Executed steps before collision: 6, Found collision: false
Turtle 1 :[(-1,-1), (3,0), (4,0), (4,0), (5,0), (-1,-1), (-1,-1)]
Turtle 2 :[(-2,-2), (4,10), (3,10), (2,10), (1,10), (0,10), (0,9)]
Turtle 3 :[(-3,-3), (4,2), (3,2), (3,1), (2,1), (2,0), (-3,-3)]
Turtle 4 :[(-4,-4), (7,8), (6,8), (5,8), (4,8), (3,8), (2,8)]
Turtle 5 :[(-5,-5), (6,13), (5,13), (4,13), (3,13), (2,13), (1,13)]

Shrink Run 103
#Info# Executed steps before collision: 6, Found collision: false
Turtle 1 :[(-1,-1), (3,0), (4,0), (4,0), (5,0), (-1,-1), (-1,-1)]
Turtle 2 :[(-2,-2), (4,10), (3,10), (2,10), (1,10), (0,10), (0,9)]
Turtle 3 :[(-3,-3), (4,2), (3,2), (3,1), (3,0), (2,0), (-3,-3)]
Turtle 4 :[(-4,-4), (7,8), (6,8), (5,8), (4,8), (3,8), (2,8)]
Turtle 5 :[(-5,-5), (6,13), (5,13), (4,13), (3,13), (2,13), (1,13)]

