Shrinking Run 1
#Info# Executed steps before collision: 2, Found collision: true
Turtle 1 :[(-1,-1), (44,39), (44,40), (43,40), (43,41), (42,41), (42,42)]
Turtle 2 :[(-2,-2), (9,35), (10,35), (11,35), (11,34), (11,33), (11,32)]
Turtle 3 :[(-3,-3), (44,0), (45,0), (46,0), (47,0), (48,0), (49,0)]
Turtle 4 :[(-4,-4), (34,46), (33,46), (33,47), (33,48), (33,49), (33,49)]
Turtle 5 :[(-5,-5), (33,45), (33,46), (34,46), (35,46), (35,47), (36,47)]

Shrinking Run 2
#Info# Executed steps before collision: 2, Found collision: true
Turtle 1 :[(-1,-1), (44,39), (44,38), (43,38), (43,37), (42,37), (42,36)]
Turtle 2 :[(-2,-2), (9,35), (10,35), (11,35), (11,34), (11,33), (11,32)]
Turtle 3 :[(-3,-3), (44,0), (45,0), (46,0), (47,0), (48,0), (49,0)]
Turtle 4 :[(-4,-4), (34,46), (33,46), (33,47), (33,48), (33,49), (33,49)]
Turtle 5 :[(-5,-5), (33,45), (33,46), (34,46), (35,46), (35,47), (36,47)]

Shrinking Run 3
#Info# Executed steps before collision: 2, Found collision: true
Turtle 1 :[(-1,-1), (44,39), (44,38), (43,38), (42,38), (41,38), (41,37)]
Turtle 2 :[(-2,-2), (9,35), (10,35), (11,35), (11,34), (11,33), (11,32)]
Turtle 3 :[(-3,-3), (44,0), (45,0), (46,0), (47,0), (48,0), (49,0)]
Turtle 4 :[(-4,-4), (34,46), (33,46), (33,47), (33,48), (33,49), (33,49)]
Turtle 5 :[(-5,-5), (33,45), (33,46), (34,46), (35,46), (35,47), (36,47)]

Shrinking Run 4
#Info# Executed steps before collision: 2, Found collision: true
Turtle 1 :[(-1,-1), (44,39), (43,39), (42,39), (41,39), (40,39), (40,38)]
Turtle 2 :[(-2,-2), (9,35), (10,35), (11,35), (11,34), (11,33), (11,32)]
Turtle 3 :[(-3,-3), (44,0), (45,0), (46,0), (47,0), (48,0), (49,0)]
Turtle 4 :[(-4,-4), (34,46), (33,46), (33,47), (33,48), (33,49), (33,49)]
Turtle 5 :[(-5,-5), (33,45), (33,46), (34,46), (35,46), (35,47), (36,47)]

Shrinking Run 5
#Info# Executed steps before collision: 2, Found collision: true
Turtle 1 :[(-1,-1), (44,39), (43,39), (42,39), (41,39), (40,39), (39,39)]
Turtle 2 :[(-2,-2), (9,35), (10,35), (11,35), (11,34), (11,33), (11,32)]
Turtle 3 :[(-3,-3), (44,0), (45,0), (46,0), (47,0), (48,0), (49,0)]
Turtle 4 :[(-4,-4), (34,46), (33,46), (33,47), (33,48), (33,49), (33,49)]
Turtle 5 :[(-5,-5), (33,45), (33,46), (34,46), (35,46), (35,47), (36,47)]

Shrinking Run 6
#Info# Executed steps before collision: 2, Found collision: true
Turtle 1 :[(-1,-1), (44,39), (43,39), (42,39), (41,39), (40,39), (39,39)]
Turtle 2 :[(-2,-2), (9,35), (8,35), (7,35), (7,34), (6,34), (6,33)]
Turtle 3 :[(-3,-3), (44,0), (45,0), (46,0), (47,0), (48,0), (49,0)]
Turtle 4 :[(-4,-4), (34,46), (33,46), (33,47), (33,48), (33,49), (33,49)]
Turtle 5 :[(-5,-5), (33,45), (33,46), (34,46), (35,46), (35,47), (36,47)]

Shrinking Run 7
#Info# Executed steps before collision: 2, Found collision: true
Turtle 1 :[(-1,-1), (44,39), (43,39), (42,39), (41,39), (40,39), (39,39)]
Turtle 2 :[(-2,-2), (9,35), (8,35), (7,35), (6,35), (5,35), (5,34)]
Turtle 3 :[(-3,-3), (44,0), (45,0), (46,0), (47,0), (48,0), (49,0)]
Turtle 4 :[(-4,-4), (34,46), (33,46), (33,47), (33,48), (33,49), (33,49)]
Turtle 5 :[(-5,-5), (33,45), (33,46), (34,46), (35,46), (35,47), (36,47)]

Shrinking Run 8
#Info# Executed steps before collision: 2, Found collision: true
Turtle 1 :[(-1,-1), (44,39), (43,39), (42,39), (41,39), (40,39), (39,39)]
Turtle 2 :[(-2,-2), (9,35), (8,35), (7,35), (6,35), (5,35), (4,35)]
Turtle 3 :[(-3,-3), (44,0), (45,0), (46,0), (47,0), (48,0), (49,0)]
Turtle 4 :[(-4,-4), (34,46), (33,46), (33,47), (33,48), (33,49), (33,49)]
Turtle 5 :[(-5,-5), (33,45), (33,46), (34,46), (35,46), (35,47), (36,47)]

Shrinking Run 9
#Info# Executed steps before collision: 2, Found collision: true
Turtle 1 :[(-1,-1), (44,39), (43,39), (42,39), (41,39), (40,39), (39,39)]
Turtle 2 :[(-2,-2), (9,35), (8,35), (7,35), (6,35), (5,35), (4,35)]
Turtle 3 :[(-3,-3), (44,0), (43,0), (42,0), (41,0), (40,0), (39,0)]
Turtle 4 :[(-4,-4), (34,46), (33,46), (33,47), (33,48), (33,49), (33,49)]
Turtle 5 :[(-5,-5), (33,45), (33,46), (34,46), (35,46), (35,47), (36,47)]

Shrinking Run 10
#Info# Executed steps before collision: 6, Found collision: false
Turtle 1 :[(-1,-1), (44,39), (43,39), (42,39), (41,39), (40,39), (39,39)]
Turtle 2 :[(-2,-2), (9,35), (8,35), (7,35), (6,35), (5,35), (4,35)]
Turtle 3 :[(-3,-3), (44,0), (43,0), (42,0), (41,0), (40,0), (39,0)]
Turtle 4 :[(-4,-4), (34,46), (34,47), (33,47), (33,48), (33,49), (32,49)]
Turtle 5 :[(-5,-5), (33,45), (34,45), (34,46), (35,46), (36,46), (36,47)]

Shrinking Run 11
#Info# Executed steps before collision: 6, Found collision: false
Turtle 1 :[(-1,-1), (44,39), (43,39), (42,39), (41,39), (40,39), (39,39)]
Turtle 2 :[(-2,-2), (9,35), (8,35), (7,35), (6,35), (5,35), (4,35)]
Turtle 3 :[(-3,-3), (44,0), (43,0), (42,0), (41,0), (40,0), (39,0)]
Turtle 4 :[(-4,-4), (34,46), (34,45), (34,44), (34,43), (34,42), (33,42)]
Turtle 5 :[(-5,-5), (33,45), (33,46), (34,46), (35,46), (35,47), (36,47)]

Shrinking Run 12
#Info# Executed steps before collision: 6, Found collision: false
Turtle 1 :[(-1,-1), (44,39), (43,39), (42,39), (41,39), (40,39), (39,39)]
Turtle 2 :[(-2,-2), (9,35), (8,35), (7,35), (6,35), (5,35), (4,35)]
Turtle 3 :[(-3,-3), (44,0), (43,0), (42,0), (41,0), (40,0), (39,0)]
Turtle 4 :[(-4,-4), (34,46), (34,45), (33,45), (33,44), (33,43), (32,43)]
Turtle 5 :[(-5,-5), (33,45), (33,46), (34,46), (35,46), (35,47), (36,47)]

Shrinking Run 13
#Info# Executed steps before collision: 6, Found collision: false
Turtle 1 :[(-1,-1), (44,39), (43,39), (42,39), (41,39), (40,39), (39,39)]
Turtle 2 :[(-2,-2), (9,35), (8,35), (7,35), (6,35), (5,35), (4,35)]
Turtle 3 :[(-3,-3), (44,0), (43,0), (42,0), (41,0), (40,0), (39,0)]
Turtle 4 :[(-4,-4), (34,46), (34,47), (33,47), (32,47), (31,47), (-4,-4)]
Turtle 5 :[(-5,-5), (33,45), (33,46), (34,46), (35,46), (35,47), (36,47)]

Shrinking Run 14
#Info# Executed steps before collision: 6, Found collision: false
Turtle 1 :[(-1,-1), (44,39), (43,39), (42,39), (41,39), (40,39), (39,39)]
Turtle 2 :[(-2,-2), (9,35), (8,35), (7,35), (6,35), (5,35), (4,35)]
Turtle 3 :[(-3,-3), (44,0), (43,0), (42,0), (41,0), (40,0), (39,0)]
Turtle 4 :[(-4,-4), (34,46), (34,47), (33,47), (33,48), (33,49), (33,49)]
Turtle 5 :[(-5,-5), (33,45), (33,46), (34,46), (35,46), (35,47), (36,47)]

Shrinking Run 15
#Info# Executed steps before collision: 6, Found collision: false
Turtle 1 :[(-1,-1), (44,39), (43,39), (42,39), (41,39), (40,39), (39,39)]
Turtle 2 :[(-2,-2), (9,35), (8,35), (7,35), (6,35), (5,35), (4,35)]
Turtle 3 :[(-3,-3), (44,0), (43,0), (42,0), (41,0), (40,0), (39,0)]
Turtle 4 :[(-4,-4), (34,46), (34,47), (34,48), (34,49), (33,49), (33,49)]
Turtle 5 :[(-5,-5), (33,45), (33,46), (34,46), (35,46), (35,47), (36,47)]

Shrinking Run 16
#Info# Executed steps before collision: 6, Found collision: false
Turtle 1 :[(-1,-1), (44,39), (43,39), (42,39), (41,39), (40,39), (39,39)]
Turtle 2 :[(-2,-2), (9,35), (8,35), (7,35), (6,35), (5,35), (4,35)]
Turtle 3 :[(-3,-3), (44,0), (43,0), (42,0), (41,0), (40,0), (39,0)]
Turtle 4 :[(-4,-4), (34,46), (34,47), (34,48), (33,48), (33,49), (33,49)]
Turtle 5 :[(-5,-5), (33,45), (33,46), (34,46), (35,46), (35,47), (36,47)]

Shrinking Run 17
#Info# Executed steps before collision: 2, Found collision: true
Turtle 1 :[(-1,-1), (44,39), (43,39), (42,39), (41,39), (40,39), (39,39)]
Turtle 2 :[(-2,-2), (9,35), (8,35), (7,35), (6,35), (5,35), (4,35)]
Turtle 3 :[(-3,-3), (44,0), (43,0), (42,0), (41,0), (40,0), (39,0)]
Turtle 4 :[(-4,-4), (34,46), (33,46), (33,47), (33,48), (33,49), (32,49)]
Turtle 5 :[(-5,-5), (33,45), (33,46), (34,46), (35,46), (35,47), (36,47)]

Shrinking Run 18
#Info# Executed steps before collision: 6, Found collision: false
Turtle 1 :[(-1,-1), (44,39), (43,39), (42,39), (41,39), (40,39), (39,39)]
Turtle 2 :[(-2,-2), (9,35), (8,35), (7,35), (6,35), (5,35), (4,35)]
Turtle 3 :[(-3,-3), (44,0), (43,0), (42,0), (41,0), (40,0), (39,0)]
Turtle 4 :[(-4,-4), (34,46), (34,47), (34,48), (33,48), (33,49), (32,49)]
Turtle 5 :[(-5,-5), (33,45), (33,46), (34,46), (35,46), (35,47), (36,47)]

Shrinking Run 19
#Info# Executed steps before collision: 2, Found collision: true
Turtle 1 :[(-1,-1), (44,39), (43,39), (42,39), (41,39), (40,39), (39,39)]
Turtle 2 :[(-2,-2), (9,35), (8,35), (7,35), (6,35), (5,35), (4,35)]
Turtle 3 :[(-3,-3), (44,0), (43,0), (42,0), (41,0), (40,0), (39,0)]
Turtle 4 :[(-4,-4), (34,46), (33,46), (33,47), (33,48), (33,49), (32,49)]
Turtle 5 :[(-5,-5), (33,45), (33,46), (32,46), (31,46), (31,47), (30,47)]

Shrinking Run 20
#Info# Executed steps before collision: 6, Found collision: false
Turtle 1 :[(-1,-1), (44,39), (43,39), (42,39), (41,39), (40,39), (39,39)]
Turtle 2 :[(-2,-2), (9,35), (8,35), (7,35), (6,35), (5,35), (4,35)]
Turtle 3 :[(-3,-3), (44,0), (43,0), (42,0), (41,0), (40,0), (39,0)]
Turtle 4 :[(-4,-4), (34,46), (33,46), (33,47), (33,48), (33,49), (32,49)]
Turtle 5 :[(-5,-5), (33,45), (33,44), (32,44), (31,44), (31,43), (30,43)]

Shrinking Run 21
#Info# Executed steps before collision: 2, Found collision: true
Turtle 1 :[(-1,-1), (44,39), (43,39), (42,39), (41,39), (40,39), (39,39)]
Turtle 2 :[(-2,-2), (9,35), (8,35), (7,35), (6,35), (5,35), (4,35)]
Turtle 3 :[(-3,-3), (44,0), (43,0), (42,0), (41,0), (40,0), (39,0)]
Turtle 4 :[(-4,-4), (34,46), (33,46), (33,47), (33,48), (33,49), (32,49)]
Turtle 5 :[(-5,-5), (33,45), (33,46), (32,46), (31,46), (30,46), (29,46)]

Shrinking Run 22
#Info# Executed steps before collision: 6, Found collision: false
Turtle 1 :[(-1,-1), (44,39), (43,39), (42,39), (41,39), (40,39), (39,39)]
Turtle 2 :[(-2,-2), (9,35), (8,35), (7,35), (6,35), (5,35), (4,35)]
Turtle 3 :[(-3,-3), (44,0), (43,0), (42,0), (41,0), (40,0), (39,0)]
Turtle 4 :[(-4,-4), (34,46), (33,46), (33,47), (33,48), (33,49), (32,49)]
Turtle 5 :[(-5,-5), (33,45), (33,44), (32,44), (31,44), (30,44), (29,44)]

Shrinking Run 23
#Info# Executed steps before collision: 6, Found collision: false
Turtle 1 :[(-1,-1), (44,39), (43,39), (42,39), (41,39), (40,39), (39,39)]
Turtle 2 :[(-2,-2), (9,35), (8,35), (7,35), (6,35), (5,35), (4,35)]
Turtle 3 :[(-3,-3), (44,0), (43,0), (42,0), (41,0), (40,0), (39,0)]
Turtle 4 :[(-4,-4), (34,46), (33,46), (33,47), (33,48), (33,49), (32,49)]
Turtle 5 :[(-5,-5), (33,45), (32,45), (31,45), (30,45), (29,45), (28,45)]

Shrinking Run 24
#Info# Executed steps before collision: 6, Found collision: false
Turtle 1 :[(-1,-1), (44,39), (43,39), (42,39), (41,39), (40,39), (39,39)]
Turtle 2 :[(-2,-2), (9,35), (8,35), (7,35), (6,35), (5,35), (4,35)]
Turtle 3 :[(-3,-3), (44,0), (43,0), (42,0), (41,0), (40,0), (39,0)]
Turtle 4 :[(-4,-4), (34,46), (33,46), (33,47), (33,48), (33,49), (32,49)]
Turtle 5 :[(-5,-5), (33,45), (32,45), (32,46), (31,46), (30,46), (29,46)]

Shrinking Run 25
#Info# Executed steps before collision: 8, Found collision: false
Turtle 1 :[(-1,-1), (44,39), (43,39), (42,39), (41,39), (40,39), (39,39), (-1,-1), (-1,-1)]
Turtle 2 :[(-2,-2), (9,35), (8,35), (7,35), (6,35), (5,35), (4,35), (-2,-2), (-2,-2)]
Turtle 3 :[(-3,-3), (44,0), (43,0), (42,0), (41,0), (40,0), (39,0), (-3,-3), (-3,-3)]
Turtle 4 :[(-4,-4), (34,46), (34,47), (33,47), (33,48), (33,49), (32,49), (-4,-4), (-4,-4)]
Turtle 5 :[(-5,-5), (33,45), (34,45), (33,45), (32,45), (31,45), (31,46), (30,46), (29,46)]

Shrinking Run 26
#Info# Executed steps before collision: 7, Found collision: false
Turtle 1 :[(-1,-1), (44,39), (43,39), (42,39), (41,39), (40,39), (39,39), (-1,-1)]
Turtle 2 :[(-2,-2), (9,35), (8,35), (7,35), (6,35), (5,35), (4,35), (-2,-2)]
Turtle 3 :[(-3,-3), (44,0), (43,0), (42,0), (41,0), (40,0), (39,0), (-3,-3)]
Turtle 4 :[(-4,-4), (34,46), (34,45), (34,44), (34,43), (34,42), (33,42), (-4,-4)]
Turtle 5 :[(-5,-5), (33,45), (33,45), (33,46), (32,46), (31,46), (30,46), (29,46)]

Shrinking Run 27
#Info# Executed steps before collision: 6, Found collision: false
Turtle 1 :[(-1,-1), (44,39), (43,39), (42,39), (41,39), (40,39), (39,39)]
Turtle 2 :[(-2,-2), (9,35), (8,35), (7,35), (6,35), (5,35), (4,35)]
Turtle 3 :[(-3,-3), (44,0), (43,0), (42,0), (41,0), (40,0), (39,0)]
Turtle 4 :[(-4,-4), (34,46), (34,45), (33,45), (33,44), (33,43), (32,43)]
Turtle 5 :[(-5,-5), (33,45), (33,46), (32,46), (31,46), (30,46), (29,46)]

Shrinking Run 28
#Info# Executed steps before collision: 6, Found collision: false
Turtle 1 :[(-1,-1), (44,39), (43,39), (42,39), (41,39), (40,39), (39,39)]
Turtle 2 :[(-2,-2), (9,35), (8,35), (7,35), (6,35), (5,35), (4,35)]
Turtle 3 :[(-3,-3), (44,0), (43,0), (42,0), (41,0), (40,0), (39,0)]
Turtle 4 :[(-4,-4), (34,46), (34,47), (33,47), (32,47), (31,47), (-4,-4)]
Turtle 5 :[(-5,-5), (33,45), (33,46), (32,46), (31,46), (30,46), (29,46)]

Shrinking Run 29
#Info# Executed steps before collision: 8, Found collision: false
Turtle 1 :[(-1,-1), (44,39), (43,39), (42,39), (41,39), (40,39), (39,39), (-1,-1), (-1,-1)]
Turtle 2 :[(-2,-2), (9,35), (8,35), (7,35), (6,35), (5,35), (4,35), (-2,-2), (-2,-2)]
Turtle 3 :[(-3,-3), (44,0), (43,0), (42,0), (41,0), (40,0), (39,0), (-3,-3), (-3,-3)]
Turtle 4 :[(-4,-4), (34,46), (34,47), (33,47), (33,48), (33,49), (33,49), (-4,-4), (-4,-4)]
Turtle 5 :[(-5,-5), (33,45), (34,45), (34,46), (33,46), (32,46), (31,46), (30,46), (29,46)]

Shrinking Run 30
#Info# Executed steps before collision: 6, Found collision: false
Turtle 1 :[(-1,-1), (44,39), (43,39), (42,39), (41,39), (40,39), (39,39)]
Turtle 2 :[(-2,-2), (9,35), (8,35), (7,35), (6,35), (5,35), (4,35)]
Turtle 3 :[(-3,-3), (44,0), (43,0), (42,0), (41,0), (40,0), (39,0)]
Turtle 4 :[(-4,-4), (34,46), (34,47), (34,48), (34,49), (33,49), (33,49)]
Turtle 5 :[(-5,-5), (33,45), (33,46), (32,46), (31,46), (30,46), (29,46)]

Shrinking Run 31
#Info# Executed steps before collision: 6, Found collision: false
Turtle 1 :[(-1,-1), (44,39), (43,39), (42,39), (41,39), (40,39), (39,39)]
Turtle 2 :[(-2,-2), (9,35), (8,35), (7,35), (6,35), (5,35), (4,35)]
Turtle 3 :[(-3,-3), (44,0), (43,0), (42,0), (41,0), (40,0), (39,0)]
Turtle 4 :[(-4,-4), (34,46), (34,47), (34,48), (33,48), (33,49), (33,49)]
Turtle 5 :[(-5,-5), (33,45), (33,46), (32,46), (31,46), (30,46), (29,46)]

Shrink Run 32
#Info# Executed steps before collision: 6, Found collision: false
Turtle 1 :[(-1,-1), (44,39), (43,39), (42,39), (41,39), (40,39), (39,39)]
Turtle 2 :[(-2,-2), (9,35), (8,35), (7,35), (6,35), (5,35), (4,35)]
Turtle 3 :[(-3,-3), (44,0), (43,0), (42,0), (41,0), (40,0), (39,0)]
Turtle 4 :[(-4,-4), (34,46), (34,47), (34,48), (33,48), (33,49), (32,49)]
Turtle 5 :[(-5,-5), (33,45), (33,46), (32,46), (31,46), (30,46), (29,46)]

