Shrinking Run 1
#Info# Executed steps before collision: 2, Found collision: true
Turtle 1 :[(-1,-1), (0,41), (0,40), (0,40), (0,40), (0,39), (0,38), (0,37), (0,36)]
Turtle 2 :[(-2,-2), (6,38), (5,38), (5,37), (5,36), (4,36), (4,36), (3,36), (-2,-2)]
Turtle 3 :[(-3,-3), (36,9), (36,9), (36,10), (36,11), (36,11), (36,12), (37,12), (-3,-3)]
Turtle 4 :[(-4,-4), (31,10), (30,10), (30,9), (-4,-4), (-4,-4), (-4,-4), (-4,-4), (-4,-4)]
Turtle 5 :[(-5,-5), (5,37), (5,38), (5,39), (5,40), (4,40), (3,40), (-5,-5), (-5,-5)]

Shrinking Run 2
#Info# Executed steps before collision: 2, Found collision: true
Turtle 1 :[(-1,-1), (0,41), (0,40), (0,39), (0,38), (0,37), (0,36), (-1,-1)]
Turtle 2 :[(-2,-2), (6,38), (5,38), (5,37), (5,36), (4,36), (4,36), (3,36)]
Turtle 3 :[(-3,-3), (36,9), (36,9), (36,10), (36,11), (36,11), (36,12), (37,12)]
Turtle 4 :[(-4,-4), (31,10), (30,10), (30,9), (-4,-4), (-4,-4), (-4,-4), (-4,-4)]
Turtle 5 :[(-5,-5), (5,37), (5,38), (5,39), (5,40), (4,40), (3,40), (-5,-5)]

Shrinking Run 3
#Info# Executed steps before collision: 9, Found collision: false
Turtle 1 :[(-1,-1), (0,41), (0,40), (0,39), (0,38), (0,37), (0,36), (-1,-1), (-1,-1), (-1,-1)]
Turtle 2 :[(-2,-2), (6,38), (5,38), (5,37), (4,37), (4,36), (4,35), (-2,-2), (-2,-2), (-2,-2)]
Turtle 3 :[(-3,-3), (36,9), (36,9), (36,10), (36,11), (36,11), (36,12), (37,12), (-3,-3), (-3,-3)]
Turtle 4 :[(-4,-4), (31,10), (30,10), (30,9), (-4,-4), (-4,-4), (-4,-4), (-4,-4), (-4,-4), (-4,-4)]
Turtle 5 :[(-5,-5), (5,37), (5,36), (5,36), (5,37), (5,38), (4,38), (4,39), (4,40), (3,40)]

Shrinking Run 4
#Info# Executed steps before collision: 4, Found collision: true
Turtle 1 :[(-1,-1), (0,41), (0,40), (0,39), (0,38), (0,37), (0,36), (-1,-1)]
Turtle 2 :[(-2,-2), (6,38), (5,38), (4,38), (3,38), (3,37), (3,36), (-2,-2)]
Turtle 3 :[(-3,-3), (36,9), (36,9), (36,10), (36,11), (36,11), (36,12), (37,12)]
Turtle 4 :[(-4,-4), (31,10), (30,10), (30,9), (-4,-4), (-4,-4), (-4,-4), (-4,-4)]
Turtle 5 :[(-5,-5), (5,37), (4,37), (3,37), (3,38), (3,39), (3,40), (-5,-5)]

Shrinking Run 5
#Info# Executed steps before collision: 8, Found collision: false
Turtle 1 :[(-1,-1), (0,41), (0,40), (0,39), (0,38), (0,37), (0,36), (-1,-1), (-1,-1)]
Turtle 2 :[(-2,-2), (6,38), (5,38), (4,38), (4,37), (3,37), (3,37), (2,37), (-2,-2)]
Turtle 3 :[(-3,-3), (36,9), (36,9), (36,10), (36,11), (36,11), (36,12), (37,12), (-3,-3)]
Turtle 4 :[(-4,-4), (31,10), (30,10), (30,9), (-4,-4), (-4,-4), (-4,-4), (-4,-4), (-4,-4)]
Turtle 5 :[(-5,-5), (5,37), (5,36), (5,37), (5,38), (5,39), (5,40), (4,40), (3,40)]

Shrinking Run 6
#Info# Executed steps before collision: 9, Found collision: false
Turtle 1 :[(-1,-1), (0,41), (0,40), (0,39), (0,38), (0,37), (0,36), (-1,-1), (-1,-1), (-1,-1)]
Turtle 2 :[(-2,-2), (6,38), (5,38), (4,38), (3,38), (3,37), (3,37), (2,37), (-2,-2), (-2,-2)]
Turtle 3 :[(-3,-3), (36,9), (36,9), (36,10), (36,11), (36,11), (36,12), (37,12), (-3,-3), (-3,-3)]
Turtle 4 :[(-4,-4), (31,10), (30,10), (30,9), (-4,-4), (-4,-4), (-4,-4), (-4,-4), (-4,-4), (-4,-4)]
Turtle 5 :[(-5,-5), (5,37), (5,37), (6,37), (6,38), (6,39), (5,39), (4,39), (3,39), (3,40)]

Shrinking Run 7
#Info# Executed steps before collision: 2, Found collision: true
Turtle 1 :[(-1,-1), (0,41), (0,40), (0,39), (0,38), (0,37), (0,36), (-1,-1)]
Turtle 2 :[(-2,-2), (6,38), (5,38), (4,38), (4,37), (4,36), (3,36), (-2,-2)]
Turtle 3 :[(-3,-3), (36,9), (36,9), (36,10), (36,11), (36,11), (36,12), (37,12)]
Turtle 4 :[(-4,-4), (31,10), (30,10), (30,9), (-4,-4), (-4,-4), (-4,-4), (-4,-4)]
Turtle 5 :[(-5,-5), (5,37), (5,38), (5,39), (5,40), (4,40), (3,40), (-5,-5)]

Shrinking Run 8
#Info# Executed steps before collision: 2, Found collision: true
Turtle 1 :[(-1,-1), (0,41), (0,40), (0,39), (0,38), (0,37), (0,36), (-1,-1), (-1,-1)]
Turtle 2 :[(-2,-2), (6,38), (5,38), (4,38), (4,37), (4,36), (3,36), (-2,-2), (-2,-2)]
Turtle 3 :[(-3,-3), (36,9), (36,9), (36,10), (35,10), (34,10), (33,10), (33,10), (32,10)]
Turtle 4 :[(-4,-4), (31,10), (30,10), (30,9), (-4,-4), (-4,-4), (-4,-4), (-4,-4), (-4,-4)]
Turtle 5 :[(-5,-5), (5,37), (5,38), (5,39), (4,39), (3,39), (3,40), (-5,-5), (-5,-5)]

Shrinking Run 9
#Info# Executed steps before collision: 9, Found collision: false
Turtle 1 :[(-1,-1), (0,41), (0,40), (0,39), (0,38), (0,37), (0,36), (-1,-1), (-1,-1), (-1,-1)]
Turtle 2 :[(-2,-2), (6,38), (5,38), (4,38), (4,37), (4,36), (3,36), (-2,-2), (-2,-2), (-2,-2)]
Turtle 3 :[(-3,-3), (36,9), (36,9), (36,8), (35,8), (34,8), (33,8), (33,8), (32,8), (-3,-3)]
Turtle 4 :[(-4,-4), (31,10), (30,10), (30,9), (-4,-4), (-4,-4), (-4,-4), (-4,-4), (-4,-4), (-4,-4)]
Turtle 5 :[(-5,-5), (5,37), (5,37), (6,37), (6,38), (6,39), (5,39), (4,39), (3,39), (3,40)]

Shrinking Run 10
#Info# Executed steps before collision: 4, Found collision: true
Turtle 1 :[(-1,-1), (0,41), (0,40), (0,39), (0,38), (0,37), (0,36), (-1,-1), (-1,-1)]
Turtle 2 :[(-2,-2), (6,38), (5,38), (4,38), (4,37), (4,36), (3,36), (-2,-2), (-2,-2)]
Turtle 3 :[(-3,-3), (36,9), (36,9), (35,9), (34,9), (33,9), (32,9), (32,9), (31,9)]
Turtle 4 :[(-4,-4), (31,10), (30,10), (30,9), (-4,-4), (-4,-4), (-4,-4), (-4,-4), (-4,-4)]
Turtle 5 :[(-5,-5), (5,37), (5,36), (4,36), (4,37), (4,38), (3,38), (3,39), (3,40)]

Shrinking Run 11
#Info# Executed steps before collision: 9, Found collision: false
Turtle 1 :[(-1,-1), (0,41), (0,40), (0,39), (0,38), (0,37), (0,36), (-1,-1), (-1,-1), (-1,-1)]
Turtle 2 :[(-2,-2), (6,38), (5,38), (4,38), (4,37), (4,36), (3,36), (-2,-2), (-2,-2), (-2,-2)]
Turtle 3 :[(-3,-3), (36,9), (35,9), (34,9), (33,9), (32,9), (31,9), (-3,-3), (-3,-3), (-3,-3)]
Turtle 4 :[(-4,-4), (31,10), (30,10), (30,9), (-4,-4), (-4,-4), (-4,-4), (-4,-4), (-4,-4), (-4,-4)]
Turtle 5 :[(-5,-5), (5,37), (5,37), (5,36), (5,37), (4,37), (4,38), (3,38), (3,39), (3,40)]

Shrinking Run 12
#Info# Executed steps before collision: 4, Found collision: true
Turtle 1 :[(-1,-1), (0,41), (0,40), (0,39), (0,38), (0,37), (0,36), (-1,-1), (-1,-1)]
Turtle 2 :[(-2,-2), (6,38), (5,38), (4,38), (4,37), (4,36), (3,36), (-2,-2), (-2,-2)]
Turtle 3 :[(-3,-3), (36,9), (36,9), (35,9), (34,9), (33,9), (32,9), (31,9), (-3,-3)]
Turtle 4 :[(-4,-4), (31,10), (30,10), (30,9), (-4,-4), (-4,-4), (-4,-4), (-4,-4), (-4,-4)]
Turtle 5 :[(-5,-5), (5,37), (4,37), (4,36), (4,37), (4,38), (4,39), (3,39), (3,40)]

Shrinking Run 13
#Info# Executed steps before collision: 8, Found collision: false
Turtle 1 :[(-1,-1), (0,41), (0,40), (0,39), (0,38), (0,37), (0,36), (-1,-1), (-1,-1)]
Turtle 2 :[(-2,-2), (6,38), (5,38), (4,38), (4,37), (4,36), (3,36), (-2,-2), (-2,-2)]
Turtle 3 :[(-3,-3), (36,9), (35,9), (34,9), (33,9), (33,9), (32,9), (31,9), (-3,-3)]
Turtle 4 :[(-4,-4), (31,10), (30,10), (30,9), (-4,-4), (-4,-4), (-4,-4), (-4,-4), (-4,-4)]
Turtle 5 :[(-5,-5), (5,37), (6,37), (6,38), (5,38), (4,38), (4,39), (4,40), (3,40)]

Shrinking Run 14
#Info# Executed steps before collision: 2, Found collision: true
Turtle 1 :[(-1,-1), (0,41), (0,40), (0,39), (0,38), (0,37), (0,36), (-1,-1)]
Turtle 2 :[(-2,-2), (6,38), (5,38), (4,38), (4,37), (4,36), (3,36), (-2,-2)]
Turtle 3 :[(-3,-3), (36,9), (36,9), (35,9), (34,9), (33,9), (32,9), (31,9)]
Turtle 4 :[(-4,-4), (31,10), (30,10), (29,10), (29,9), (28,9), (27,9), (-4,-4)]
Turtle 5 :[(-5,-5), (5,37), (5,38), (5,39), (5,40), (4,40), (3,40), (-5,-5)]

Shrinking Run 15
#Info# Executed steps before collision: 4, Found collision: true
Turtle 1 :[(-1,-1), (0,41), (0,40), (0,39), (0,38), (0,37), (0,36), (-1,-1), (-1,-1), (-1,-1), (-1,-1)]
Turtle 2 :[(-2,-2), (6,38), (5,38), (4,38), (4,37), (4,36), (3,36), (-2,-2), (-2,-2), (-2,-2), (-2,-2)]
Turtle 3 :[(-3,-3), (36,9), (36,9), (35,9), (34,9), (33,9), (32,9), (31,9), (-3,-3), (-3,-3), (-3,-3)]
Turtle 4 :[(-4,-4), (31,10), (31,9), (31,8), (31,7), (30,7), (29,7), (-4,-4), (-4,-4), (-4,-4), (-4,-4)]
Turtle 5 :[(-5,-5), (5,37), (5,36), (5,37), (4,37), (5,37), (5,38), (4,38), (3,38), (3,39), (3,40)]

Shrinking Run 16
#Info# Executed steps before collision: 8, Found collision: false
Turtle 1 :[(-1,-1), (0,41), (0,40), (0,39), (0,38), (0,37), (0,36), (-1,-1), (-1,-1)]
Turtle 2 :[(-2,-2), (6,38), (5,38), (4,38), (4,37), (4,36), (3,36), (-2,-2), (-2,-2)]
Turtle 3 :[(-3,-3), (36,9), (36,9), (35,9), (34,9), (33,9), (32,9), (31,9), (-3,-3)]
Turtle 4 :[(-4,-4), (31,10), (30,10), (30,9), (30,8), (29,8), (28,8), (-4,-4), (-4,-4)]
Turtle 5 :[(-5,-5), (5,37), (5,37), (5,37), (5,38), (5,39), (5,40), (4,40), (3,40)]

Shrinking Run 17
#Info# Executed steps before collision: 8, Found collision: false
Turtle 1 :[(-1,-1), (0,41), (0,40), (0,39), (0,38), (0,37), (0,36), (-1,-1), (-1,-1)]
Turtle 2 :[(-2,-2), (6,38), (5,38), (4,38), (5,38), (5,37), (5,36), (4,36), (3,36)]
Turtle 3 :[(-3,-3), (36,9), (36,9), (35,9), (34,9), (33,9), (32,9), (31,9), (-3,-3)]
Turtle 4 :[(-4,-4), (31,10), (31,9), (31,8), (30,8), (29,8), (28,8), (-4,-4), (-4,-4)]
Turtle 5 :[(-5,-5), (5,37), (4,37), (4,37), (4,38), (4,39), (4,40), (3,40), (-5,-5)]

Shrinking Run 18
#Info# Executed steps before collision: 7, Found collision: false
Turtle 1 :[(-1,-1), (0,41), (0,40), (0,39), (0,38), (0,37), (0,36), (-1,-1)]
Turtle 2 :[(-2,-2), (6,38), (5,38), (4,38), (4,37), (4,36), (3,36), (-2,-2)]
Turtle 3 :[(-3,-3), (36,9), (36,9), (35,9), (34,9), (33,9), (32,9), (31,9)]
Turtle 4 :[(-4,-4), (31,10), (31,9), (30,9), (30,8), (29,8), (28,8), (-4,-4)]
Turtle 5 :[(-5,-5), (5,37), (4,37), (3,37), (3,37), (3,38), (3,39), (3,40)]

Shrinking Run 19
#Info# Executed steps before collision: 2, Found collision: true
Turtle 1 :[(-1,-1), (0,41), (0,40), (0,39), (0,38), (0,37), (0,36), (-1,-1)]
Turtle 2 :[(-2,-2), (6,38), (5,38), (4,38), (4,37), (4,36), (3,36), (-2,-2)]
Turtle 3 :[(-3,-3), (36,9), (36,9), (35,9), (34,9), (33,9), (32,9), (31,9)]
Turtle 4 :[(-4,-4), (31,10), (30,10), (30,9), (30,8), (30,7), (29,7), (-4,-4)]
Turtle 5 :[(-5,-5), (5,37), (5,38), (5,39), (4,39), (3,39), (3,40), (-5,-5)]

Shrinking Run 20
#Info# Executed steps before collision: 8, Found collision: false
Turtle 1 :[(-1,-1), (0,41), (0,40), (0,39), (0,38), (0,37), (0,36), (-1,-1), (-1,-1)]
Turtle 2 :[(-2,-2), (6,38), (5,38), (5,39), (5,38), (5,37), (4,37), (3,37), (3,36)]
Turtle 3 :[(-3,-3), (36,9), (36,9), (35,9), (34,9), (33,9), (32,9), (31,9), (-3,-3)]
Turtle 4 :[(-4,-4), (31,10), (30,10), (30,9), (30,8), (30,7), (29,7), (-4,-4), (-4,-4)]
Turtle 5 :[(-5,-5), (5,37), (4,37), (4,38), (4,37), (4,38), (3,38), (2,38), (2,39)]

Shrinking Run 21
#Info# Executed steps before collision: 7, Found collision: false
Turtle 1 :[(-1,-1), (0,41), (0,40), (0,39), (0,38), (0,37), (0,36), (-1,-1)]
Turtle 2 :[(-2,-2), (6,38), (5,38), (4,38), (4,37), (4,36), (3,36), (-2,-2)]
Turtle 3 :[(-3,-3), (36,9), (36,9), (35,9), (34,9), (33,9), (32,9), (31,9)]
Turtle 4 :[(-4,-4), (31,10), (30,10), (30,9), (30,8), (30,7), (29,7), (-4,-4)]
Turtle 5 :[(-5,-5), (5,37), (4,37), (4,36), (4,35), (3,35), (2,35), (-5,-5)]

Shrinking Run 22
#Info# Executed steps before collision: 10, Found collision: false
Turtle 1 :[(-1,-1), (0,41), (0,40), (0,39), (0,38), (0,37), (0,36), (-1,-1), (-1,-1), (-1,-1), (-1,-1)]
Turtle 2 :[(-2,-2), (6,38), (5,38), (4,38), (5,38), (6,38), (5,38), (5,37), (4,37), (4,36), (3,36)]
Turtle 3 :[(-3,-3), (36,9), (36,9), (35,9), (34,9), (33,9), (32,9), (31,9), (-3,-3), (-3,-3), (-3,-3)]
Turtle 4 :[(-4,-4), (31,10), (30,10), (30,9), (30,8), (30,7), (29,7), (-4,-4), (-4,-4), (-4,-4), (-4,-4)]
Turtle 5 :[(-5,-5), (5,37), (4,37), (4,37), (4,38), (3,38), (2,38), (1,38), (-5,-5), (-5,-5), (-5,-5)]

Shrinking Run 23
#Info# Executed steps before collision: 8, Found collision: false
Turtle 1 :[(-1,-1), (0,41), (0,40), (0,39), (0,38), (0,37), (0,36), (-1,-1), (-1,-1)]
Turtle 2 :[(-2,-2), (6,38), (5,38), (4,38), (4,37), (4,36), (3,36), (-2,-2), (-2,-2)]
Turtle 3 :[(-3,-3), (36,9), (36,9), (35,9), (34,9), (33,9), (32,9), (31,9), (-3,-3)]
Turtle 4 :[(-4,-4), (31,10), (30,10), (30,9), (30,8), (30,7), (29,7), (-4,-4), (-4,-4)]
Turtle 5 :[(-5,-5), (5,37), (5,36), (5,37), (5,38), (5,39), (4,39), (4,40), (3,40)]

Shrinking Run 24
#Info# Executed steps before collision: 2, Found collision: true
Turtle 1 :[(-1,-1), (0,41), (0,40), (0,39), (0,38), (0,37), (0,36), (-1,-1)]
Turtle 2 :[(-2,-2), (6,38), (5,38), (4,38), (4,37), (4,36), (3,36), (-2,-2)]
Turtle 3 :[(-3,-3), (36,9), (36,9), (35,9), (34,9), (33,9), (32,9), (31,9)]
Turtle 4 :[(-4,-4), (31,10), (30,10), (30,9), (30,8), (30,7), (29,7), (-4,-4)]
Turtle 5 :[(-5,-5), (5,37), (5,38), (5,39), (5,40), (4,40), (3,40), (-5,-5)]

Shrinking Run 25
#Info# Executed steps before collision: 7, Found collision: false
Turtle 1 :[(-1,-1), (0,41), (0,40), (0,39), (0,38), (0,37), (0,36), (-1,-1)]
Turtle 2 :[(-2,-2), (6,38), (5,38), (4,38), (4,37), (4,36), (3,36), (-2,-2)]
Turtle 3 :[(-3,-3), (36,9), (36,9), (35,9), (34,9), (33,9), (32,9), (31,9)]
Turtle 4 :[(-4,-4), (31,10), (30,10), (30,9), (30,8), (30,7), (29,7), (-4,-4)]
Turtle 5 :[(-5,-5), (5,37), (4,37), (3,37), (3,37), (3,38), (2,38), (2,39)]

Shrinking Run 26
#Info# Executed steps before collision: 9, Found collision: false
Turtle 1 :[(-1,-1), (0,41), (0,40), (0,39), (0,38), (0,37), (0,36), (-1,-1), (-1,-1), (-1,-1)]
Turtle 2 :[(-2,-2), (6,38), (5,38), (4,38), (4,37), (4,36), (3,36), (-2,-2), (-2,-2), (-2,-2)]
Turtle 3 :[(-3,-3), (36,9), (36,9), (35,9), (34,9), (33,9), (32,9), (31,9), (-3,-3), (-3,-3)]
Turtle 4 :[(-4,-4), (31,10), (30,10), (30,9), (30,8), (30,7), (29,7), (-4,-4), (-4,-4), (-4,-4)]
Turtle 5 :[(-5,-5), (5,37), (5,37), (6,37), (5,37), (5,38), (5,39), (4,39), (3,39), (2,39)]

Shrinking Run 27
#Info# Executed steps before collision: 7, Found collision: false
Turtle 1 :[(-1,-1), (0,41), (0,40), (0,39), (0,38), (0,37), (0,36), (-1,-1)]
Turtle 2 :[(-2,-2), (6,38), (5,38), (4,38), (4,37), (4,36), (3,36), (-2,-2)]
Turtle 3 :[(-3,-3), (36,9), (36,9), (35,9), (34,9), (33,9), (32,9), (31,9)]
Turtle 4 :[(-4,-4), (31,10), (30,10), (30,9), (30,8), (30,7), (29,7), (-4,-4)]
Turtle 5 :[(-5,-5), (5,37), (4,37), (3,37), (3,38), (3,39), (3,40), (-5,-5)]

Shrinking Run 28
#Info# Executed steps before collision: 8, Found collision: false
Turtle 1 :[(-1,-1), (0,41), (0,40), (0,39), (0,38), (0,37), (0,36), (-1,-1), (-1,-1)]
Turtle 2 :[(-2,-2), (6,38), (5,38), (5,37), (5,36), (5,35), (5,35), (4,35), (-2,-2)]
Turtle 3 :[(-3,-3), (36,9), (36,9), (35,9), (34,9), (33,9), (32,9), (31,9), (-3,-3)]
Turtle 4 :[(-4,-4), (31,10), (30,10), (30,9), (30,8), (30,7), (29,7), (-4,-4), (-4,-4)]
Turtle 5 :[(-5,-5), (5,37), (5,36), (4,36), (3,36), (3,37), (3,38), (3,39), (3,40)]

Shrinking Run 29
#Info# Executed steps before collision: 2, Found collision: true
Turtle 1 :[(-1,-1), (0,41), (0,40), (0,39), (0,38), (0,37), (0,36), (-1,-1), (-1,-1)]
Turtle 2 :[(-2,-2), (6,38), (5,38), (5,38), (4,38), (4,37), (3,37), (3,37), (2,37)]
Turtle 3 :[(-3,-3), (36,9), (36,9), (35,9), (34,9), (33,9), (32,9), (31,9), (-3,-3)]
Turtle 4 :[(-4,-4), (31,10), (30,10), (30,9), (30,8), (30,7), (29,7), (-4,-4), (-4,-4)]
Turtle 5 :[(-5,-5), (5,37), (5,38), (5,39), (5,40), (4,40), (3,40), (-5,-5), (-5,-5)]

Shrinking Run 30
#Info# Executed steps before collision: 2, Found collision: true
Turtle 1 :[(-1,-1), (0,41), (0,40), (0,39), (0,38), (0,37), (0,36), (-1,-1), (-1,-1)]
Turtle 2 :[(-2,-2), (6,38), (5,38), (4,38), (3,38), (2,38), (2,38), (1,38), (-2,-2)]
Turtle 3 :[(-3,-3), (36,9), (36,9), (35,9), (34,9), (33,9), (32,9), (31,9), (-3,-3)]
Turtle 4 :[(-4,-4), (31,10), (30,10), (30,9), (30,8), (30,7), (29,7), (-4,-4), (-4,-4)]
Turtle 5 :[(-5,-5), (5,37), (5,38), (5,37), (5,38), (5,39), (5,40), (4,40), (3,40)]

Shrinking Run 31
#Info# Executed steps before collision: 9, Found collision: false
Turtle 1 :[(-1,-1), (0,41), (0,40), (0,39), (0,38), (0,37), (0,36), (-1,-1), (-1,-1), (-1,-1)]
Turtle 2 :[(-2,-2), (6,38), (5,38), (4,38), (3,38), (2,38), (1,38), (-2,-2), (-2,-2), (-2,-2)]
Turtle 3 :[(-3,-3), (36,9), (36,9), (35,9), (34,9), (33,9), (32,9), (31,9), (-3,-3), (-3,-3)]
Turtle 4 :[(-4,-4), (31,10), (30,10), (30,9), (30,8), (30,7), (29,7), (-4,-4), (-4,-4), (-4,-4)]
Turtle 5 :[(-5,-5), (5,37), (5,37), (6,37), (6,38), (6,39), (5,39), (5,40), (4,40), (3,40)]

Shrinking Run 32
#Info# Executed steps before collision: 8, Found collision: false
Turtle 1 :[(-1,-1), (0,41), (0,40), (0,39), (0,38), (0,37), (0,36), (-1,-1), (-1,-1)]
Turtle 2 :[(-2,-2), (6,38), (5,38), (6,38), (5,38), (4,38), (3,38), (2,38), (1,38)]
Turtle 3 :[(-3,-3), (36,9), (36,9), (36,8), (35,8), (34,8), (33,8), (33,8), (32,8)]
Turtle 4 :[(-4,-4), (31,10), (30,10), (30,9), (30,8), (30,7), (29,7), (-4,-4), (-4,-4)]
Turtle 5 :[(-5,-5), (5,37), (4,37), (4,38), (4,39), (4,40), (3,40), (-5,-5), (-5,-5)]

Shrinking Run 33
#Info# Executed steps before collision: 8, Found collision: false
Turtle 1 :[(-1,-1), (0,41), (0,40), (0,39), (0,38), (0,37), (0,36), (-1,-1), (-1,-1)]
Turtle 2 :[(-2,-2), (6,38), (5,38), (4,38), (3,38), (2,38), (2,38), (1,38), (-2,-2)]
Turtle 3 :[(-3,-3), (36,9), (35,9), (34,9), (33,9), (32,9), (31,9), (-3,-3), (-3,-3)]
Turtle 4 :[(-4,-4), (31,10), (30,10), (30,9), (30,8), (30,7), (29,7), (-4,-4), (-4,-4)]
Turtle 5 :[(-5,-5), (5,37), (6,37), (5,37), (5,38), (4,38), (4,39), (4,40), (3,40)]

Shrinking Run 34
#Info# Executed steps before collision: 4, Found collision: true
Turtle 1 :[(-1,-1), (0,41), (0,40), (0,39), (0,38), (0,37), (0,36), (-1,-1), (-1,-1)]
Turtle 2 :[(-2,-2), (6,38), (5,38), (4,38), (3,38), (2,38), (2,38), (1,38), (-2,-2)]
Turtle 3 :[(-3,-3), (36,9), (35,9), (34,9), (33,9), (33,9), (32,9), (31,9), (-3,-3)]
Turtle 4 :[(-4,-4), (31,10), (30,10), (30,9), (30,8), (30,7), (29,7), (-4,-4), (-4,-4)]
Turtle 5 :[(-5,-5), (5,37), (4,37), (3,37), (3,38), (3,37), (3,38), (3,39), (3,40)]

Shrinking Run 35
#Info# Executed steps before collision: 9, Found collision: false
Turtle 1 :[(-1,-1), (0,41), (0,40), (0,39), (0,38), (0,37), (0,36), (-1,-1), (-1,-1), (-1,-1)]
Turtle 2 :[(-2,-2), (6,38), (5,38), (4,38), (3,38), (2,38), (2,38), (1,38), (-2,-2), (-2,-2)]
Turtle 3 :[(-3,-3), (36,9), (35,9), (34,9), (33,9), (32,9), (32,9), (31,9), (-3,-3), (-3,-3)]
Turtle 4 :[(-4,-4), (31,10), (30,10), (30,9), (30,8), (30,7), (29,7), (-4,-4), (-4,-4), (-4,-4)]
Turtle 5 :[(-5,-5), (5,37), (5,37), (6,37), (5,37), (5,38), (4,38), (4,39), (4,40), (3,40)]

Shrinking Run 36
#Info# Executed steps before collision: 8, Found collision: false
Turtle 1 :[(-1,-1), (0,41), (0,40), (0,39), (0,38), (0,37), (0,36), (-1,-1), (-1,-1)]
Turtle 2 :[(-2,-2), (6,38), (5,38), (4,38), (3,38), (2,38), (2,38), (1,38), (-2,-2)]
Turtle 3 :[(-3,-3), (36,9), (35,9), (34,9), (33,9), (33,9), (32,9), (31,9), (-3,-3)]
Turtle 4 :[(-4,-4), (31,10), (30,10), (30,9), (30,8), (29,8), (28,8), (-4,-4), (-4,-4)]
Turtle 5 :[(-5,-5), (5,37), (6,37), (5,37), (5,38), (4,38), (3,38), (3,39), (3,40)]

Shrinking Run 37
#Info# Executed steps before collision: 9, Found collision: false
Turtle 1 :[(-1,-1), (0,41), (0,40), (0,39), (0,38), (0,37), (0,36), (-1,-1), (-1,-1), (-1,-1)]
Turtle 2 :[(-2,-2), (6,38), (5,38), (4,38), (3,38), (2,38), (2,38), (1,38), (-2,-2), (-2,-2)]
Turtle 3 :[(-3,-3), (36,9), (35,9), (34,9), (33,9), (33,9), (32,9), (31,9), (-3,-3), (-3,-3)]
Turtle 4 :[(-4,-4), (31,10), (31,9), (31,8), (30,8), (29,8), (28,8), (-4,-4), (-4,-4), (-4,-4)]
Turtle 5 :[(-5,-5), (5,37), (4,37), (4,36), (4,37), (4,37), (4,38), (3,38), (3,39), (3,40)]

Shrinking Run 38
#Info# Executed steps before collision: 8, Found collision: false
Turtle 1 :[(-1,-1), (0,41), (0,40), (0,39), (0,38), (0,37), (0,36), (-1,-1), (-1,-1)]
Turtle 2 :[(-2,-2), (6,38), (5,38), (4,38), (3,38), (2,38), (2,38), (1,38), (-2,-2)]
Turtle 3 :[(-3,-3), (36,9), (35,9), (34,9), (33,9), (33,9), (32,9), (31,9), (-3,-3)]
Turtle 4 :[(-4,-4), (31,10), (31,9), (30,9), (30,8), (29,8), (28,8), (-4,-4), (-4,-4)]
Turtle 5 :[(-5,-5), (5,37), (4,37), (4,36), (3,36), (3,37), (3,38), (3,39), (3,40)]

Shrinking Run 39
#Info# Executed steps before collision: 9, Found collision: false
Turtle 1 :[(-1,-1), (0,41), (0,40), (0,39), (0,38), (0,37), (0,36), (-1,-1), (-1,-1), (-1,-1)]
Turtle 2 :[(-2,-2), (6,38), (5,38), (5,38), (6,38), (5,38), (4,38), (3,38), (2,38), (1,38)]
Turtle 3 :[(-3,-3), (36,9), (35,9), (34,9), (33,9), (33,9), (32,9), (31,9), (-3,-3), (-3,-3)]
Turtle 4 :[(-4,-4), (31,10), (30,10), (30,9), (30,8), (30,7), (29,7), (-4,-4), (-4,-4), (-4,-4)]
Turtle 5 :[(-5,-5), (5,37), (4,37), (4,38), (4,39), (3,39), (2,39), (-5,-5), (-5,-5), (-5,-5)]

Shrinking Run 40
#Info# Executed steps before collision: 8, Found collision: false
Turtle 1 :[(-1,-1), (0,41), (0,40), (0,39), (0,38), (0,37), (0,36), (-1,-1), (-1,-1)]
Turtle 2 :[(-2,-2), (6,38), (5,38), (5,39), (4,39), (4,38), (3,38), (2,38), (1,38)]
Turtle 3 :[(-3,-3), (36,9), (35,9), (34,9), (33,9), (33,9), (32,9), (31,9), (-3,-3)]
Turtle 4 :[(-4,-4), (31,10), (30,10), (30,9), (30,8), (30,7), (29,7), (-4,-4), (-4,-4)]
Turtle 5 :[(-5,-5), (5,37), (4,37), (4,38), (3,38), (2,38), (1,38), (-5,-5), (-5,-5)]

Shrinking Run 41
#Info# Executed steps before collision: 2, Found collision: true
Turtle 1 :[(-1,-1), (0,41), (0,40), (0,39), (0,38), (0,37), (0,36), (-1,-1), (-1,-1)]
Turtle 2 :[(-2,-2), (6,38), (5,38), (4,38), (3,38), (2,38), (2,38), (1,38), (-2,-2)]
Turtle 3 :[(-3,-3), (36,9), (35,9), (34,9), (33,9), (33,9), (32,9), (31,9), (-3,-3)]
Turtle 4 :[(-4,-4), (31,10), (30,10), (30,9), (30,8), (30,7), (29,7), (-4,-4), (-4,-4)]
Turtle 5 :[(-5,-5), (5,37), (5,38), (6,38), (5,38), (4,38), (3,38), (3,39), (3,40)]

Shrinking Run 42
#Info# Executed steps before collision: 7, Found collision: false
Turtle 1 :[(-1,-1), (0,41), (0,40), (0,39), (0,38), (0,37), (0,36), (-1,-1)]
Turtle 2 :[(-2,-2), (6,38), (5,38), (4,38), (3,38), (2,38), (2,38), (1,38)]
Turtle 3 :[(-3,-3), (36,9), (35,9), (34,9), (33,9), (33,9), (32,9), (31,9)]
Turtle 4 :[(-4,-4), (31,10), (30,10), (30,9), (30,8), (30,7), (29,7), (-4,-4)]
Turtle 5 :[(-5,-5), (5,37), (5,37), (4,37), (4,38), (3,38), (3,39), (2,39)]

Shrinking Run 43
#Info# Executed steps before collision: 9, Found collision: false
Turtle 1 :[(-1,-1), (0,41), (0,40), (0,39), (0,38), (0,37), (0,36), (-1,-1), (-1,-1), (-1,-1)]
Turtle 2 :[(-2,-2), (6,38), (5,38), (4,38), (3,38), (2,38), (2,38), (1,38), (-2,-2), (-2,-2)]
Turtle 3 :[(-3,-3), (36,9), (35,9), (34,9), (33,9), (33,9), (32,9), (31,9), (-3,-3), (-3,-3)]
Turtle 4 :[(-4,-4), (31,10), (30,10), (30,9), (30,8), (30,7), (29,7), (-4,-4), (-4,-4), (-4,-4)]
Turtle 5 :[(-5,-5), (5,37), (4,37), (4,37), (3,37), (3,38), (4,38), (3,38), (3,39), (2,39)]

Shrinking Run 44
#Info# Executed steps before collision: 8, Found collision: false
Turtle 1 :[(-1,-1), (0,41), (0,40), (0,39), (0,38), (0,37), (0,36), (-1,-1), (-1,-1)]
Turtle 2 :[(-2,-2), (6,38), (5,38), (4,38), (3,38), (2,38), (2,38), (1,38), (-2,-2)]
Turtle 3 :[(-3,-3), (36,9), (35,9), (34,9), (33,9), (33,9), (32,9), (31,9), (-3,-3)]
Turtle 4 :[(-4,-4), (31,10), (30,10), (30,9), (30,8), (30,7), (29,7), (-4,-4), (-4,-4)]
Turtle 5 :[(-5,-5), (5,37), (5,36), (5,37), (5,38), (5,39), (4,39), (3,39), (2,39)]

Shrinking Run 45
#Info# Executed steps before collision: 7, Found collision: false
Turtle 1 :[(-1,-1), (0,41), (0,40), (0,39), (0,38), (0,37), (0,36), (-1,-1)]
Turtle 2 :[(-2,-2), (6,38), (5,38), (4,38), (3,38), (2,38), (2,38), (1,38)]
Turtle 3 :[(-3,-3), (36,9), (35,9), (34,9), (33,9), (33,9), (32,9), (31,9)]
Turtle 4 :[(-4,-4), (31,10), (30,10), (30,9), (30,8), (30,7), (29,7), (-4,-4)]
Turtle 5 :[(-5,-5), (5,37), (4,37), (4,37), (4,38), (3,38), (3,39), (3,40)]

Shrinking Run 46
#Info# Executed steps before collision: 9, Found collision: false
Turtle 1 :[(-1,-1), (0,41), (0,40), (0,39), (0,38), (0,37), (0,36), (-1,-1), (-1,-1), (-1,-1)]
Turtle 2 :[(-2,-2), (6,38), (5,38), (4,38), (3,38), (2,38), (1,38), (-2,-2), (-2,-2), (-2,-2)]
Turtle 3 :[(-3,-3), (36,9), (35,9), (34,9), (33,9), (33,9), (32,9), (31,9), (-3,-3), (-3,-3)]
Turtle 4 :[(-4,-4), (31,10), (30,10), (30,9), (30,8), (30,7), (29,7), (-4,-4), (-4,-4), (-4,-4)]
Turtle 5 :[(-5,-5), (5,37), (4,37), (4,36), (4,36), (4,37), (4,38), (3,38), (3,39), (3,40)]

Shrinking Run 47
#Info# Executed steps before collision: 7, Found collision: false
Turtle 1 :[(-1,-1), (0,41), (0,40), (0,39), (0,38), (0,37), (0,36), (-1,-1)]
Turtle 2 :[(-2,-2), (6,38), (5,38), (5,37), (5,36), (5,35), (5,35), (4,35)]
Turtle 3 :[(-3,-3), (36,9), (35,9), (34,9), (33,9), (33,9), (32,9), (31,9)]
Turtle 4 :[(-4,-4), (31,10), (30,10), (30,9), (30,8), (30,7), (29,7), (-4,-4)]
Turtle 5 :[(-5,-5), (5,37), (5,37), (4,37), (4,38), (4,39), (4,40), (3,40)]

Shrinking Run 48
#Info# Executed steps before collision: 7, Found collision: false
Turtle 1 :[(-1,-1), (0,41), (0,40), (0,39), (0,38), (0,37), (0,36), (-1,-1)]
Turtle 2 :[(-2,-2), (6,38), (5,38), (4,38), (3,38), (2,38), (1,38), (-2,-2)]
Turtle 3 :[(-3,-3), (36,9), (35,9), (34,9), (33,9), (33,9), (32,9), (31,9)]
Turtle 4 :[(-4,-4), (31,10), (30,10), (30,9), (30,8), (30,7), (29,7), (-4,-4)]
Turtle 5 :[(-5,-5), (5,37), (5,37), (4,37), (4,38), (4,39), (4,40), (3,40)]

Shrinking Run 49
#Info# Executed steps before collision: 2, Found collision: true
Turtle 1 :[(-1,-1), (0,41), (0,40), (0,39), (0,38), (0,37), (0,36), (-1,-1), (-1,-1)]
Turtle 2 :[(-2,-2), (6,38), (5,38), (4,38), (3,38), (2,38), (2,38), (1,38), (-2,-2)]
Turtle 3 :[(-3,-3), (36,9), (36,9), (36,8), (35,8), (34,8), (33,8), (33,8), (32,8)]
Turtle 4 :[(-4,-4), (31,10), (30,10), (30,9), (30,8), (30,7), (29,7), (-4,-4), (-4,-4)]
Turtle 5 :[(-5,-5), (5,37), (5,38), (5,39), (4,39), (3,39), (3,40), (-5,-5), (-5,-5)]

Shrinking Run 50
#Info# Executed steps before collision: 8, Found collision: false
Turtle 1 :[(-1,-1), (0,41), (0,40), (0,39), (0,38), (0,37), (0,36), (-1,-1), (-1,-1)]
Turtle 2 :[(-2,-2), (6,38), (5,38), (4,38), (3,38), (2,38), (2,38), (1,38), (-2,-2)]
Turtle 3 :[(-3,-3), (36,9), (36,9), (35,9), (35,8), (34,8), (33,8), (33,8), (32,8)]
Turtle 4 :[(-4,-4), (31,10), (30,10), (30,9), (30,8), (30,7), (29,7), (-4,-4), (-4,-4)]
Turtle 5 :[(-5,-5), (5,37), (5,36), (5,37), (5,38), (5,39), (5,40), (4,40), (3,40)]

Shrinking Run 51
#Info# Executed steps before collision: 8, Found collision: false
Turtle 1 :[(-1,-1), (0,41), (0,40), (0,39), (0,38), (0,37), (0,36), (-1,-1), (-1,-1)]
Turtle 2 :[(-2,-2), (6,38), (5,38), (4,38), (3,38), (2,38), (2,38), (1,38), (-2,-2)]
Turtle 3 :[(-3,-3), (36,9), (35,9), (34,9), (34,8), (33,8), (32,8), (-3,-3), (-3,-3)]
Turtle 4 :[(-4,-4), (31,10), (30,10), (30,9), (30,8), (30,7), (29,7), (-4,-4), (-4,-4)]
Turtle 5 :[(-5,-5), (5,37), (5,36), (5,37), (5,38), (5,39), (4,39), (4,40), (3,40)]

Shrinking Run 52
#Info# Executed steps before collision: 10, Found collision: false
Turtle 1 :[(-1,-1), (0,41), (0,40), (0,39), (0,38), (0,37), (0,36), (-1,-1), (-1,-1), (-1,-1), (-1,-1)]
Turtle 2 :[(-2,-2), (6,38), (5,38), (4,38), (3,38), (2,38), (2,38), (1,38), (-2,-2), (-2,-2), (-2,-2)]
Turtle 3 :[(-3,-3), (36,9), (36,9), (35,9), (35,8), (34,8), (33,8), (32,8), (-3,-3), (-3,-3), (-3,-3)]
Turtle 4 :[(-4,-4), (31,10), (30,10), (30,9), (30,8), (30,7), (29,7), (-4,-4), (-4,-4), (-4,-4), (-4,-4)]
Turtle 5 :[(-5,-5), (5,37), (6,37), (5,37), (5,38), (6,38), (5,38), (5,39), (4,39), (4,40), (3,40)]

Shrinking Run 53
#Info# Executed steps before collision: 8, Found collision: false
Turtle 1 :[(-1,-1), (0,41), (0,40), (0,39), (0,38), (0,37), (0,36), (-1,-1), (-1,-1)]
Turtle 2 :[(-2,-2), (6,38), (5,38), (4,38), (3,38), (2,38), (2,38), (1,38), (-2,-2)]
Turtle 3 :[(-3,-3), (36,9), (35,9), (34,9), (34,9), (34,8), (33,8), (33,8), (32,8)]
Turtle 4 :[(-4,-4), (31,10), (30,10), (30,9), (30,8), (30,7), (29,7), (-4,-4), (-4,-4)]
Turtle 5 :[(-5,-5), (5,37), (5,37), (4,37), (4,38), (4,39), (4,40), (3,40), (-5,-5)]

Shrinking Run 54
#Info# Executed steps before collision: 8, Found collision: false
Turtle 1 :[(-1,-1), (0,41), (0,40), (0,39), (0,38), (0,37), (0,36), (-1,-1), (-1,-1)]
Turtle 2 :[(-2,-2), (6,38), (5,38), (4,38), (3,38), (2,38), (2,38), (1,38), (-2,-2)]
Turtle 3 :[(-3,-3), (36,9), (36,8), (35,8), (35,8), (34,8), (33,8), (33,8), (32,8)]
Turtle 4 :[(-4,-4), (31,10), (30,10), (30,9), (30,8), (30,7), (29,7), (-4,-4), (-4,-4)]
Turtle 5 :[(-5,-5), (5,37), (4,37), (4,37), (4,38), (3,38), (3,39), (3,40), (-5,-5)]

Shrinking Run 55
#Info# Executed steps before collision: 8, Found collision: false
Turtle 1 :[(-1,-1), (0,41), (0,40), (0,39), (0,38), (0,37), (0,36), (-1,-1), (-1,-1)]
Turtle 2 :[(-2,-2), (6,38), (5,38), (4,38), (3,38), (2,38), (2,38), (1,38), (-2,-2)]
Turtle 3 :[(-3,-3), (36,9), (35,9), (35,8), (35,8), (34,8), (33,8), (33,8), (32,8)]
Turtle 4 :[(-4,-4), (31,10), (30,10), (30,9), (30,8), (30,7), (29,7), (-4,-4), (-4,-4)]
Turtle 5 :[(-5,-5), (5,37), (5,36), (5,37), (5,38), (5,39), (4,39), (4,40), (3,40)]

Shrinking Run 56
#Info# Executed steps before collision: 9, Found collision: false
Turtle 1 :[(-1,-1), (0,41), (0,40), (0,39), (0,38), (0,37), (0,36), (-1,-1), (-1,-1), (-1,-1)]
Turtle 2 :[(-2,-2), (6,38), (5,38), (4,38), (3,38), (2,38), (2,38), (1,38), (-2,-2), (-2,-2)]
Turtle 3 :[(-3,-3), (36,9), (36,9), (35,9), (34,9), (34,8), (33,8), (33,8), (32,8), (-3,-3)]
Turtle 4 :[(-4,-4), (31,10), (30,10), (30,9), (30,8), (30,7), (29,7), (-4,-4), (-4,-4), (-4,-4)]
Turtle 5 :[(-5,-5), (5,37), (6,37), (5,37), (5,38), (5,38), (4,38), (4,39), (3,39), (3,40)]

Shrinking Run 57
#Info# Executed steps before collision: 9, Found collision: false
Turtle 1 :[(-1,-1), (0,41), (0,40), (0,39), (0,38), (0,37), (0,36), (-1,-1), (-1,-1), (-1,-1)]
Turtle 2 :[(-2,-2), (6,38), (5,38), (4,38), (3,38), (2,38), (2,38), (1,38), (-2,-2), (-2,-2)]
Turtle 3 :[(-3,-3), (36,9), (36,9), (36,8), (35,8), (34,8), (33,8), (33,8), (32,8), (-3,-3)]
Turtle 4 :[(-4,-4), (31,10), (30,10), (30,9), (30,8), (29,8), (28,8), (-4,-4), (-4,-4), (-4,-4)]
Turtle 5 :[(-5,-5), (5,37), (5,37), (5,36), (5,37), (5,38), (5,39), (5,40), (4,40), (3,40)]

Shrinking Run 58
#Info# Executed steps before collision: 8, Found collision: false
Turtle 1 :[(-1,-1), (0,41), (0,40), (0,39), (0,38), (0,37), (0,36), (-1,-1), (-1,-1)]
Turtle 2 :[(-2,-2), (6,38), (5,38), (4,38), (3,38), (2,38), (2,38), (1,38), (-2,-2)]
Turtle 3 :[(-3,-3), (36,9), (36,9), (36,8), (35,8), (34,8), (33,8), (33,8), (32,8)]
Turtle 4 :[(-4,-4), (31,10), (31,9), (31,8), (30,8), (29,8), (28,8), (-4,-4), (-4,-4)]
Turtle 5 :[(-5,-5), (5,37), (4,37), (3,37), (3,36), (3,37), (3,38), (3,39), (3,40)]

Shrinking Run 59
#Info# Executed steps before collision: 8, Found collision: false
Turtle 1 :[(-1,-1), (0,41), (0,40), (0,39), (0,38), (0,37), (0,36), (-1,-1), (-1,-1)]
Turtle 2 :[(-2,-2), (6,38), (5,38), (4,38), (3,38), (2,38), (2,38), (1,38), (-2,-2)]
Turtle 3 :[(-3,-3), (36,9), (36,9), (36,8), (35,8), (34,8), (33,8), (33,8), (32,8)]
Turtle 4 :[(-4,-4), (31,10), (31,9), (30,9), (30,8), (29,8), (28,8), (-4,-4), (-4,-4)]
Turtle 5 :[(-5,-5), (5,37), (5,36), (5,37), (4,37), (4,38), (4,39), (4,40), (3,40)]

Shrinking Run 60
#Info# Executed steps before collision: 5, Found collision: true
Turtle 1 :[(-1,-1), (0,41), (0,40), (0,39), (0,38), (0,37), (0,36), (-1,-1), (-1,-1)]
Turtle 2 :[(-2,-2), (6,38), (5,38), (4,38), (3,38), (2,38), (2,38), (1,38), (-2,-2)]
Turtle 3 :[(-3,-3), (36,9), (36,9), (36,8), (35,8), (34,8), (33,8), (33,8), (32,8)]
Turtle 4 :[(-4,-4), (31,10), (30,10), (30,9), (30,8), (30,7), (29,7), (-4,-4), (-4,-4)]
Turtle 5 :[(-5,-5), (5,37), (4,37), (3,37), (2,37), (2,38), (2,39), (-5,-5), (-5,-5)]

Shrinking Run 61
#Info# Executed steps before collision: 10, Found collision: false
Turtle 1 :[(-1,-1), (0,41), (0,40), (0,39), (0,38), (0,37), (0,36), (-1,-1), (-1,-1), (-1,-1), (-1,-1)]
Turtle 2 :[(-2,-2), (6,38), (5,38), (5,39), (4,39), (3,39), (3,38), (2,38), (1,38), (-2,-2), (-2,-2)]
Turtle 3 :[(-3,-3), (36,9), (36,9), (36,8), (35,8), (34,8), (33,8), (33,8), (32,8), (-3,-3), (-3,-3)]
Turtle 4 :[(-4,-4), (31,10), (30,10), (30,9), (30,8), (30,7), (29,7), (-4,-4), (-4,-4), (-4,-4), (-4,-4)]
Turtle 5 :[(-5,-5), (5,37), (4,37), (3,37), (2,37), (2,36), (1,36), (1,37), (2,37), (2,38), (1,38)]

Shrinking Run 62
#Info# Executed steps before collision: 10, Found collision: false
Turtle 1 :[(-1,-1), (0,41), (0,40), (0,39), (0,38), (0,37), (0,36), (-1,-1), (-1,-1), (-1,-1), (-1,-1)]
Turtle 2 :[(-2,-2), (6,38), (5,38), (4,38), (3,38), (2,38), (2,38), (1,38), (-2,-2), (-2,-2), (-2,-2)]
Turtle 3 :[(-3,-3), (36,9), (36,9), (36,8), (35,8), (34,8), (33,8), (33,8), (32,8), (-3,-3), (-3,-3)]
Turtle 4 :[(-4,-4), (31,10), (30,10), (30,9), (30,8), (30,7), (29,7), (-4,-4), (-4,-4), (-4,-4), (-4,-4)]
Turtle 5 :[(-5,-5), (5,37), (4,37), (4,36), (4,37), (4,38), (3,38), (3,39), (3,38), (2,38), (1,38)]

Shrinking Run 63
#Info# Executed steps before collision: 10, Found collision: false
Turtle 1 :[(-1,-1), (0,41), (0,40), (0,39), (0,38), (0,37), (0,36), (-1,-1), (-1,-1), (-1,-1), (-1,-1)]
Turtle 2 :[(-2,-2), (6,38), (5,38), (4,38), (3,38), (2,38), (2,38), (1,38), (-2,-2), (-2,-2), (-2,-2)]
Turtle 3 :[(-3,-3), (36,9), (36,9), (36,8), (35,8), (34,8), (33,8), (33,8), (32,8), (-3,-3), (-3,-3)]
Turtle 4 :[(-4,-4), (31,10), (30,10), (30,9), (30,8), (30,7), (29,7), (-4,-4), (-4,-4), (-4,-4), (-4,-4)]
Turtle 5 :[(-5,-5), (5,37), (5,36), (5,37), (4,37), (4,36), (4,37), (3,37), (3,38), (3,39), (2,39)]

Shrinking Run 64
#Info# Executed steps before collision: 8, Found collision: false
Turtle 1 :[(-1,-1), (0,41), (0,40), (0,39), (0,38), (0,37), (0,36), (-1,-1), (-1,-1)]
Turtle 2 :[(-2,-2), (6,38), (5,38), (4,38), (3,38), (2,38), (2,38), (1,38), (-2,-2)]
Turtle 3 :[(-3,-3), (36,9), (36,9), (36,8), (35,8), (34,8), (33,8), (33,8), (32,8)]
Turtle 4 :[(-4,-4), (31,10), (30,10), (30,9), (30,8), (30,7), (29,7), (-4,-4), (-4,-4)]
Turtle 5 :[(-5,-5), (5,37), (5,37), (5,38), (5,39), (4,39), (3,39), (2,39), (-5,-5)]

Shrinking Run 65
#Info# Executed steps before collision: 8, Found collision: false
Turtle 1 :[(-1,-1), (0,41), (0,40), (0,39), (0,38), (0,37), (0,36), (-1,-1), (-1,-1)]
Turtle 2 :[(-2,-2), (6,38), (5,38), (4,38), (3,38), (2,38), (2,38), (1,38), (-2,-2)]
Turtle 3 :[(-3,-3), (36,9), (36,9), (36,8), (35,8), (34,8), (33,8), (33,8), (32,8)]
Turtle 4 :[(-4,-4), (31,10), (30,10), (30,9), (30,8), (30,7), (29,7), (-4,-4), (-4,-4)]
Turtle 5 :[(-5,-5), (5,37), (6,37), (6,38), (6,39), (5,39), (4,39), (3,39), (2,39)]

Shrinking Run 66
#Info# Executed steps before collision: 5, Found collision: true
Turtle 1 :[(-1,-1), (0,41), (0,40), (0,39), (0,38), (0,37), (0,36), (-1,-1), (-1,-1)]
Turtle 2 :[(-2,-2), (6,38), (5,38), (4,38), (3,38), (2,38), (2,38), (1,38), (-2,-2)]
Turtle 3 :[(-3,-3), (36,9), (36,9), (36,8), (35,8), (34,8), (33,8), (33,8), (32,8)]
Turtle 4 :[(-4,-4), (31,10), (30,10), (30,9), (30,8), (30,7), (29,7), (-4,-4), (-4,-4)]
Turtle 5 :[(-5,-5), (5,37), (4,37), (3,37), (2,37), (2,38), (2,39), (-5,-5), (-5,-5)]

Shrinking Run 67
#Info# Executed steps before collision: 8, Found collision: false
Turtle 1 :[(-1,-1), (0,41), (0,40), (0,39), (0,38), (0,37), (0,36), (-1,-1), (-1,-1)]
Turtle 2 :[(-2,-2), (6,38), (5,38), (5,37), (5,36), (5,35), (5,35), (4,35), (-2,-2)]
Turtle 3 :[(-3,-3), (36,9), (36,9), (36,8), (35,8), (34,8), (33,8), (33,8), (32,8)]
Turtle 4 :[(-4,-4), (31,10), (30,10), (30,9), (30,8), (30,7), (29,7), (-4,-4), (-4,-4)]
Turtle 5 :[(-5,-5), (5,37), (4,37), (4,38), (3,38), (3,39), (2,39), (-5,-5), (-5,-5)]

Shrinking Run 68
#Info# Executed steps before collision: 8, Found collision: false
Turtle 1 :[(-1,-1), (0,41), (0,40), (0,39), (0,38), (0,37), (0,36), (-1,-1), (-1,-1)]
Turtle 2 :[(-2,-2), (6,38), (5,38), (4,38), (3,38), (2,38), (1,38), (-2,-2), (-2,-2)]
Turtle 3 :[(-3,-3), (36,9), (36,9), (36,8), (35,8), (34,8), (33,8), (33,8), (32,8)]
Turtle 4 :[(-4,-4), (31,10), (30,10), (30,9), (30,8), (30,7), (29,7), (-4,-4), (-4,-4)]
Turtle 5 :[(-5,-5), (5,37), (4,37), (4,36), (3,36), (3,37), (3,38), (2,38), (2,39)]

Shrinking Run 69
#Info# Executed steps before collision: 10, Found collision: false
Turtle 1 :[(-1,-1), (0,41), (0,40), (0,39), (0,38), (0,37), (0,36), (-1,-1), (-1,-1), (-1,-1), (-1,-1)]
Turtle 2 :[(-2,-2), (6,38), (5,38), (4,38), (3,38), (2,38), (2,38), (1,38), (-2,-2), (-2,-2), (-2,-2)]
Turtle 3 :[(-3,-3), (36,9), (36,9), (35,9), (35,8), (34,8), (33,8), (33,8), (32,8), (-3,-3), (-3,-3)]
Turtle 4 :[(-4,-4), (31,10), (30,10), (30,9), (30,8), (30,7), (29,7), (-4,-4), (-4,-4), (-4,-4), (-4,-4)]
Turtle 5 :[(-5,-5), (5,37), (4,37), (4,36), (4,37), (3,37), (2,37), (2,36), (2,37), (2,38), (2,39)]

Shrinking Run 70
#Info# Executed steps before collision: 7, Found collision: false
Turtle 1 :[(-1,-1), (0,41), (0,40), (0,39), (0,38), (0,37), (0,36), (-1,-1)]
Turtle 2 :[(-2,-2), (6,38), (5,38), (4,38), (3,38), (2,38), (2,38), (1,38)]
Turtle 3 :[(-3,-3), (36,9), (35,9), (34,9), (34,8), (33,8), (32,8), (-3,-3)]
Turtle 4 :[(-4,-4), (31,10), (30,10), (30,9), (30,8), (30,7), (29,7), (-4,-4)]
Turtle 5 :[(-5,-5), (5,37), (4,37), (4,37), (4,38), (3,38), (3,39), (2,39)]

Shrinking Run 71
#Info# Executed steps before collision: 10, Found collision: false
Turtle 1 :[(-1,-1), (0,41), (0,40), (0,39), (0,38), (0,37), (0,36), (-1,-1), (-1,-1), (-1,-1), (-1,-1)]
Turtle 2 :[(-2,-2), (6,38), (5,38), (4,38), (3,38), (2,38), (2,38), (1,38), (-2,-2), (-2,-2), (-2,-2)]
Turtle 3 :[(-3,-3), (36,9), (36,9), (35,9), (35,8), (34,8), (33,8), (32,8), (-3,-3), (-3,-3), (-3,-3)]
Turtle 4 :[(-4,-4), (31,10), (30,10), (30,9), (30,8), (30,7), (29,7), (-4,-4), (-4,-4), (-4,-4), (-4,-4)]
Turtle 5 :[(-5,-5), (5,37), (4,37), (4,36), (4,37), (5,37), (4,37), (3,37), (2,37), (2,38), (2,39)]

Shrinking Run 72
#Info# Executed steps before collision: 10, Found collision: false
Turtle 1 :[(-1,-1), (0,41), (0,40), (0,39), (0,38), (0,37), (0,36), (-1,-1), (-1,-1), (-1,-1), (-1,-1)]
Turtle 2 :[(-2,-2), (6,38), (5,38), (4,38), (3,38), (2,38), (2,38), (1,38), (-2,-2), (-2,-2), (-2,-2)]
Turtle 3 :[(-3,-3), (36,9), (35,9), (34,9), (34,9), (34,8), (33,8), (33,8), (32,8), (-3,-3), (-3,-3)]
Turtle 4 :[(-4,-4), (31,10), (30,10), (30,9), (30,8), (30,7), (29,7), (-4,-4), (-4,-4), (-4,-4), (-4,-4)]
Turtle 5 :[(-5,-5), (5,37), (4,37), (4,36), (3,36), (4,36), (3,36), (3,37), (3,38), (3,39), (2,39)]

Shrinking Run 73
#Info# Executed steps before collision: 8, Found collision: false
Turtle 1 :[(-1,-1), (0,41), (0,40), (0,39), (0,38), (0,37), (0,36), (-1,-1), (-1,-1)]
Turtle 2 :[(-2,-2), (6,38), (5,38), (4,38), (3,38), (2,38), (1,38), (-2,-2), (-2,-2)]
Turtle 3 :[(-3,-3), (36,9), (36,8), (35,8), (35,8), (34,8), (33,8), (33,8), (32,8)]
Turtle 4 :[(-4,-4), (31,10), (30,10), (30,9), (30,8), (30,7), (29,7), (-4,-4), (-4,-4)]
Turtle 5 :[(-5,-5), (5,37), (4,37), (3,37), (4,37), (3,37), (3,38), (2,38), (2,39)]

Shrinking Run 74
#Info# Executed steps before collision: 4, Found collision: true
Turtle 1 :[(-1,-1), (0,41), (0,40), (0,39), (0,38), (0,37), (0,36), (-1,-1), (-1,-1)]
Turtle 2 :[(-2,-2), (6,38), (5,38), (4,38), (3,38), (2,38), (2,38), (1,38), (-2,-2)]
Turtle 3 :[(-3,-3), (36,9), (35,9), (35,8), (35,8), (34,8), (33,8), (33,8), (32,8)]
Turtle 4 :[(-4,-4), (31,10), (30,10), (30,9), (30,8), (30,7), (29,7), (-4,-4), (-4,-4)]
Turtle 5 :[(-5,-5), (5,37), (4,37), (3,37), (3,38), (2,38), (2,39), (-5,-5), (-5,-5)]

Shrinking Run 75
#Info# Executed steps before collision: 8, Found collision: false
Turtle 1 :[(-1,-1), (0,41), (0,40), (0,39), (0,38), (0,37), (0,36), (-1,-1), (-1,-1)]
Turtle 2 :[(-2,-2), (6,38), (5,38), (4,38), (3,38), (2,38), (2,38), (1,38), (-2,-2)]
Turtle 3 :[(-3,-3), (36,9), (35,9), (35,8), (34,8), (34,8), (33,8), (33,8), (32,8)]
Turtle 4 :[(-4,-4), (31,10), (30,10), (30,9), (30,8), (30,7), (29,7), (-4,-4), (-4,-4)]
Turtle 5 :[(-5,-5), (5,37), (4,37), (4,36), (4,37), (4,38), (4,39), (3,39), (2,39)]

Shrinking Run 76
#Info# Executed steps before collision: 9, Found collision: false
Turtle 1 :[(-1,-1), (0,41), (0,40), (0,39), (0,38), (0,37), (0,36), (-1,-1), (-1,-1), (-1,-1)]
Turtle 2 :[(-2,-2), (6,38), (5,38), (4,38), (3,38), (2,38), (2,38), (1,38), (-2,-2), (-2,-2)]
Turtle 3 :[(-3,-3), (36,9), (35,9), (35,8), (35,8), (34,8), (33,8), (33,8), (32,8), (-3,-3)]
Turtle 4 :[(-4,-4), (31,10), (30,10), (30,9), (30,8), (29,8), (28,8), (-4,-4), (-4,-4), (-4,-4)]
Turtle 5 :[(-5,-5), (5,37), (4,37), (4,36), (3,36), (2,36), (2,37), (2,37), (2,38), (2,39)]

Shrinking Run 77
#Info# Executed steps before collision: 10, Found collision: false
Turtle 1 :[(-1,-1), (0,41), (0,40), (0,39), (0,38), (0,37), (0,36), (-1,-1), (-1,-1), (-1,-1), (-1,-1)]
Turtle 2 :[(-2,-2), (6,38), (5,38), (4,38), (3,38), (2,38), (2,38), (1,38), (-2,-2), (-2,-2), (-2,-2)]
Turtle 3 :[(-3,-3), (36,9), (35,9), (35,8), (35,8), (34,8), (33,8), (33,8), (32,8), (-3,-3), (-3,-3)]
Turtle 4 :[(-4,-4), (31,10), (31,9), (31,8), (30,8), (29,8), (28,8), (-4,-4), (-4,-4), (-4,-4), (-4,-4)]
Turtle 5 :[(-5,-5), (5,37), (4,37), (3,37), (2,37), (3,37), (2,37), (2,36), (2,37), (2,38), (2,39)]

Shrinking Run 78
#Info# Executed steps before collision: 10, Found collision: false
Turtle 1 :[(-1,-1), (0,41), (0,40), (0,39), (0,38), (0,37), (0,36), (-1,-1), (-1,-1), (-1,-1), (-1,-1)]
Turtle 2 :[(-2,-2), (6,38), (5,38), (4,38), (3,38), (2,38), (2,38), (1,38), (-2,-2), (-2,-2), (-2,-2)]
Turtle 3 :[(-3,-3), (36,9), (35,9), (35,8), (35,8), (34,8), (33,8), (33,8), (32,8), (-3,-3), (-3,-3)]
Turtle 4 :[(-4,-4), (31,10), (31,9), (30,9), (30,8), (29,8), (28,8), (-4,-4), (-4,-4), (-4,-4), (-4,-4)]
Turtle 5 :[(-5,-5), (5,37), (4,37), (5,37), (6,37), (6,38), (5,38), (5,39), (4,39), (3,39), (2,39)]

Shrinking Run 79
#Info# Executed steps before collision: 8, Found collision: false
Turtle 1 :[(-1,-1), (0,41), (0,40), (0,39), (0,38), (0,37), (0,36), (-1,-1), (-1,-1)]
Turtle 2 :[(-2,-2), (6,38), (5,38), (4,38), (3,38), (2,38), (2,39), (2,38), (1,38)]
Turtle 3 :[(-3,-3), (36,9), (35,9), (35,8), (35,8), (34,8), (33,8), (33,8), (32,8)]
Turtle 4 :[(-4,-4), (31,10), (30,10), (30,9), (30,8), (30,7), (29,7), (-4,-4), (-4,-4)]
Turtle 5 :[(-5,-5), (5,37), (4,37), (3,37), (2,37), (2,37), (1,37), (1,38), (-5,-5)]

Shrinking Run 80
#Info# Executed steps before collision: 9, Found collision: false
Turtle 1 :[(-1,-1), (0,41), (0,40), (0,39), (0,38), (0,37), (0,36), (-1,-1), (-1,-1), (-1,-1)]
Turtle 2 :[(-2,-2), (6,38), (5,38), (4,38), (3,38), (2,38), (2,38), (1,38), (-2,-2), (-2,-2)]
Turtle 3 :[(-3,-3), (36,9), (35,9), (35,8), (35,8), (34,8), (33,8), (33,8), (32,8), (-3,-3)]
Turtle 4 :[(-4,-4), (31,10), (30,10), (30,9), (30,8), (30,7), (29,7), (-4,-4), (-4,-4), (-4,-4)]
Turtle 5 :[(-5,-5), (5,37), (4,37), (5,37), (4,37), (4,37), (3,37), (3,38), (2,38), (1,38)]

Shrinking Run 81
#Info# Executed steps before collision: 8, Found collision: false
Turtle 1 :[(-1,-1), (0,41), (0,40), (0,39), (0,38), (0,37), (0,36), (-1,-1), (-1,-1)]
Turtle 2 :[(-2,-2), (6,38), (5,38), (4,38), (3,38), (2,38), (2,38), (1,38), (-2,-2)]
Turtle 3 :[(-3,-3), (36,9), (35,9), (35,8), (35,8), (34,8), (33,8), (33,8), (32,8)]
Turtle 4 :[(-4,-4), (31,10), (30,10), (30,9), (30,8), (30,7), (29,7), (-4,-4), (-4,-4)]
Turtle 5 :[(-5,-5), (5,37), (6,37), (5,37), (4,37), (4,38), (4,39), (3,39), (2,39)]

Shrinking Run 82
#Info# Executed steps before collision: 9, Found collision: false
Turtle 1 :[(-1,-1), (0,41), (0,40), (0,39), (0,38), (0,37), (0,36), (-1,-1), (-1,-1), (-1,-1)]
Turtle 2 :[(-2,-2), (6,38), (5,38), (4,38), (3,38), (2,38), (2,38), (1,38), (-2,-2), (-2,-2)]
Turtle 3 :[(-3,-3), (36,9), (35,9), (35,8), (35,8), (34,8), (33,8), (33,8), (32,8), (-3,-3)]
Turtle 4 :[(-4,-4), (31,10), (30,10), (30,9), (30,8), (30,7), (29,7), (-4,-4), (-4,-4), (-4,-4)]
Turtle 5 :[(-5,-5), (5,37), (5,37), (6,37), (5,37), (4,37), (4,38), (3,38), (3,39), (2,39)]

Shrinking Run 83
#Info# Executed steps before collision: 8, Found collision: false
Turtle 1 :[(-1,-1), (0,41), (0,40), (0,39), (0,38), (0,37), (0,36), (-1,-1), (-1,-1)]
Turtle 2 :[(-2,-2), (6,38), (5,38), (4,38), (3,38), (2,38), (2,38), (1,38), (-2,-2)]
Turtle 3 :[(-3,-3), (36,9), (35,9), (35,8), (35,8), (34,8), (33,8), (33,8), (32,8)]
Turtle 4 :[(-4,-4), (31,10), (30,10), (30,9), (30,8), (30,7), (29,7), (-4,-4), (-4,-4)]
Turtle 5 :[(-5,-5), (5,37), (5,36), (5,37), (5,38), (4,38), (3,38), (3,39), (2,39)]

Shrinking Run 84
#Info# Executed steps before collision: 8, Found collision: false
Turtle 1 :[(-1,-1), (0,41), (0,40), (0,39), (0,38), (0,37), (0,36), (-1,-1), (-1,-1)]
Turtle 2 :[(-2,-2), (6,38), (5,38), (5,37), (5,36), (5,35), (5,35), (4,35), (-2,-2)]
Turtle 3 :[(-3,-3), (36,9), (35,9), (35,8), (35,8), (34,8), (33,8), (33,8), (32,8)]
Turtle 4 :[(-4,-4), (31,10), (30,10), (30,9), (30,8), (30,7), (29,7), (-4,-4), (-4,-4)]
Turtle 5 :[(-5,-5), (5,37), (4,37), (4,38), (3,38), (3,39), (2,39), (-5,-5), (-5,-5)]

Shrinking Run 85
#Info# Executed steps before collision: 4, Found collision: true
Turtle 1 :[(-1,-1), (0,41), (0,40), (0,39), (0,38), (0,37), (0,36), (-1,-1), (-1,-1)]
Turtle 2 :[(-2,-2), (6,38), (5,38), (4,38), (3,38), (2,38), (1,38), (-2,-2), (-2,-2)]
Turtle 3 :[(-3,-3), (36,9), (35,9), (35,8), (35,8), (34,8), (33,8), (33,8), (32,8)]
Turtle 4 :[(-4,-4), (31,10), (30,10), (30,9), (30,8), (30,7), (29,7), (-4,-4), (-4,-4)]
Turtle 5 :[(-5,-5), (5,37), (4,37), (3,37), (3,38), (3,39), (2,39), (-5,-5), (-5,-5)]

Shrinking Run 86
#Info# Executed steps before collision: 4, Found collision: true
Turtle 1 :[(-1,-1), (0,41), (0,40), (0,39), (0,38), (0,37), (0,36), (-1,-1), (-1,-1)]
Turtle 2 :[(-2,-2), (6,38), (5,38), (4,38), (3,38), (2,38), (1,38), (-2,-2), (-2,-2)]
Turtle 3 :[(-3,-3), (36,9), (36,9), (35,9), (35,8), (34,8), (33,8), (33,8), (32,8)]
Turtle 4 :[(-4,-4), (31,10), (30,10), (30,9), (30,8), (30,7), (29,7), (-4,-4), (-4,-4)]
Turtle 5 :[(-5,-5), (5,37), (4,37), (3,37), (3,38), (3,39), (2,39), (-5,-5), (-5,-5)]

Shrinking Run 87
#Info# Executed steps before collision: 10, Found collision: false
Turtle 1 :[(-1,-1), (0,41), (0,40), (0,39), (0,38), (0,37), (0,36), (-1,-1), (-1,-1), (-1,-1), (-1,-1)]
Turtle 2 :[(-2,-2), (6,38), (5,38), (4,38), (3,38), (2,38), (1,38), (-2,-2), (-2,-2), (-2,-2), (-2,-2)]
Turtle 3 :[(-3,-3), (36,9), (36,9), (35,9), (34,9), (33,9), (32,9), (32,9), (31,9), (-3,-3), (-3,-3)]
Turtle 4 :[(-4,-4), (31,10), (30,10), (30,9), (30,8), (30,7), (29,7), (-4,-4), (-4,-4), (-4,-4), (-4,-4)]
Turtle 5 :[(-5,-5), (5,37), (4,37), (5,37), (4,37), (5,37), (5,38), (4,38), (3,38), (3,39), (2,39)]

Shrinking Run 88
#Info# Executed steps before collision: 8, Found collision: false
Turtle 1 :[(-1,-1), (0,41), (0,40), (0,39), (0,38), (0,37), (0,36), (-1,-1), (-1,-1)]
Turtle 2 :[(-2,-2), (6,38), (5,38), (6,38), (5,38), (4,38), (3,38), (2,38), (1,38)]
Turtle 3 :[(-3,-3), (36,9), (36,8), (35,8), (34,8), (33,8), (32,8), (-3,-3), (-3,-3)]
Turtle 4 :[(-4,-4), (31,10), (30,10), (30,9), (30,8), (30,7), (29,7), (-4,-4), (-4,-4)]
Turtle 5 :[(-5,-5), (5,37), (4,37), (4,38), (3,38), (3,39), (2,39), (-5,-5), (-5,-5)]

Shrinking Run 89
#Info# Executed steps before collision: 9, Found collision: false
Turtle 1 :[(-1,-1), (0,41), (0,40), (0,39), (0,38), (0,37), (0,36), (-1,-1), (-1,-1), (-1,-1)]
Turtle 2 :[(-2,-2), (6,38), (5,38), (5,37), (4,37), (3,37), (3,37), (3,38), (2,38), (1,38)]
Turtle 3 :[(-3,-3), (36,9), (36,9), (35,9), (34,9), (34,8), (33,8), (32,8), (-3,-3), (-3,-3)]
Turtle 4 :[(-4,-4), (31,10), (30,10), (30,9), (30,8), (30,7), (29,7), (-4,-4), (-4,-4), (-4,-4)]
Turtle 5 :[(-5,-5), (5,37), (4,37), (4,38), (3,38), (3,39), (2,39), (-5,-5), (-5,-5), (-5,-5)]

Shrinking Run 90
#Info# Executed steps before collision: 10, Found collision: false
Turtle 1 :[(-1,-1), (0,41), (0,40), (0,39), (0,38), (0,37), (0,36), (-1,-1), (-1,-1), (-1,-1), (-1,-1)]
Turtle 2 :[(-2,-2), (6,38), (5,38), (4,38), (3,38), (2,38), (1,38), (-2,-2), (-2,-2), (-2,-2), (-2,-2)]
Turtle 3 :[(-3,-3), (36,9), (35,9), (34,9), (34,9), (34,8), (33,8), (33,8), (32,8), (-3,-3), (-3,-3)]
Turtle 4 :[(-4,-4), (31,10), (30,10), (30,9), (30,8), (30,7), (29,7), (-4,-4), (-4,-4), (-4,-4), (-4,-4)]
Turtle 5 :[(-5,-5), (5,37), (4,37), (5,37), (6,37), (5,37), (4,37), (4,38), (3,38), (3,39), (2,39)]

Shrinking Run 91
#Info# Executed steps before collision: 4, Found collision: true
Turtle 1 :[(-1,-1), (0,41), (0,40), (0,39), (0,38), (0,37), (0,36), (-1,-1), (-1,-1)]
Turtle 2 :[(-2,-2), (6,38), (5,38), (4,38), (3,38), (2,38), (1,38), (-2,-2), (-2,-2)]
Turtle 3 :[(-3,-3), (36,9), (35,9), (35,8), (34,8), (34,8), (33,8), (33,8), (32,8)]
Turtle 4 :[(-4,-4), (31,10), (30,10), (30,9), (30,8), (30,7), (29,7), (-4,-4), (-4,-4)]
Turtle 5 :[(-5,-5), (5,37), (4,37), (3,37), (3,38), (3,39), (2,39), (-5,-5), (-5,-5)]

Shrinking Run 92
#Info# Executed steps before collision: 9, Found collision: false
Turtle 1 :[(-1,-1), (0,41), (0,40), (0,39), (0,38), (0,37), (0,36), (-1,-1), (-1,-1), (-1,-1)]
Turtle 2 :[(-2,-2), (6,38), (5,38), (4,38), (3,38), (2,38), (1,38), (-2,-2), (-2,-2), (-2,-2)]
Turtle 3 :[(-3,-3), (36,9), (35,9), (35,8), (34,8), (33,8), (33,8), (33,8), (32,8), (-3,-3)]
Turtle 4 :[(-4,-4), (31,10), (30,10), (30,9), (30,8), (30,7), (29,7), (-4,-4), (-4,-4), (-4,-4)]
Turtle 5 :[(-5,-5), (5,37), (4,37), (4,37), (4,36), (3,36), (3,37), (2,37), (2,38), (2,39)]

Shrinking Run 93
#Info# Executed steps before collision: 10, Found collision: false
Turtle 1 :[(-1,-1), (0,41), (0,40), (0,39), (0,38), (0,37), (0,36), (-1,-1), (-1,-1), (-1,-1), (-1,-1)]
Turtle 2 :[(-2,-2), (6,38), (5,38), (4,38), (3,38), (2,38), (1,38), (-2,-2), (-2,-2), (-2,-2), (-2,-2)]
Turtle 3 :[(-3,-3), (36,9), (35,9), (35,8), (34,8), (34,8), (33,8), (33,8), (32,8), (-3,-3), (-3,-3)]
Turtle 4 :[(-4,-4), (31,10), (30,10), (30,9), (30,8), (29,8), (28,8), (-4,-4), (-4,-4), (-4,-4), (-4,-4)]
Turtle 5 :[(-5,-5), (5,37), (4,37), (5,37), (6,37), (5,37), (4,37), (4,38), (3,38), (3,39), (2,39)]

Shrinking Run 94
#Info# Executed steps before collision: 8, Found collision: false
Turtle 1 :[(-1,-1), (0,41), (0,40), (0,39), (0,38), (0,37), (0,36), (-1,-1), (-1,-1)]
Turtle 2 :[(-2,-2), (6,38), (5,38), (4,38), (3,38), (2,38), (1,38), (-2,-2), (-2,-2)]
Turtle 3 :[(-3,-3), (36,9), (35,9), (35,8), (34,8), (34,8), (33,8), (33,8), (32,8)]
Turtle 4 :[(-4,-4), (31,10), (31,9), (31,8), (30,8), (29,8), (28,8), (-4,-4), (-4,-4)]
Turtle 5 :[(-5,-5), (5,37), (4,37), (4,37), (4,38), (3,38), (3,39), (2,39), (-5,-5)]

Shrinking Run 95
#Info# Executed steps before collision: 8, Found collision: false
Turtle 1 :[(-1,-1), (0,41), (0,40), (0,39), (0,38), (0,37), (0,36), (-1,-1), (-1,-1)]
Turtle 2 :[(-2,-2), (6,38), (5,38), (5,37), (4,37), (3,37), (3,38), (2,38), (1,38)]
Turtle 3 :[(-3,-3), (36,9), (35,9), (35,8), (34,8), (34,8), (33,8), (33,8), (32,8)]
Turtle 4 :[(-4,-4), (31,10), (31,9), (30,9), (30,8), (29,8), (28,8), (-4,-4), (-4,-4)]
Turtle 5 :[(-5,-5), (5,37), (4,37), (4,38), (3,38), (3,39), (2,39), (-5,-5), (-5,-5)]

Shrinking Run 96
#Info# Executed steps before collision: 6, Found collision: true
Turtle 1 :[(-1,-1), (0,41), (0,40), (0,39), (0,38), (0,37), (0,36), (-1,-1), (-1,-1)]
Turtle 2 :[(-2,-2), (6,38), (5,38), (4,38), (3,38), (2,38), (1,38), (-2,-2), (-2,-2)]
Turtle 3 :[(-3,-3), (36,9), (35,9), (35,8), (34,8), (34,8), (33,8), (33,8), (32,8)]
Turtle 4 :[(-4,-4), (31,10), (30,10), (30,9), (30,8), (30,7), (29,7), (-4,-4), (-4,-4)]
Turtle 5 :[(-5,-5), (5,37), (4,37), (3,37), (2,37), (1,37), (1,38), (-5,-5), (-5,-5)]

Shrinking Run 97
#Info# Executed steps before collision: 9, Found collision: false
Turtle 1 :[(-1,-1), (0,41), (0,40), (0,39), (0,38), (0,37), (0,36), (-1,-1), (-1,-1), (-1,-1)]
Turtle 2 :[(-2,-2), (6,38), (5,38), (4,38), (3,38), (2,38), (1,38), (-2,-2), (-2,-2), (-2,-2)]
Turtle 3 :[(-3,-3), (36,9), (35,9), (35,8), (34,8), (34,8), (33,8), (33,8), (32,8), (-3,-3)]
Turtle 4 :[(-4,-4), (31,10), (30,10), (30,9), (30,8), (30,7), (29,7), (-4,-4), (-4,-4), (-4,-4)]
Turtle 5 :[(-5,-5), (5,37), (4,37), (3,37), (2,37), (1,37), (1,36), (1,36), (0,36), (0,37)]

Shrinking Run 98
#Info# Executed steps before collision: 8, Found collision: false
Turtle 1 :[(-1,-1), (0,41), (0,40), (0,39), (0,38), (0,37), (0,36), (-1,-1), (-1,-1)]
Turtle 2 :[(-2,-2), (6,38), (5,38), (5,38), (5,37), (5,36), (5,35), (5,35), (4,35)]
Turtle 3 :[(-3,-3), (36,9), (35,9), (35,8), (34,8), (34,8), (33,8), (33,8), (32,8)]
Turtle 4 :[(-4,-4), (31,10), (30,10), (30,9), (30,8), (30,7), (29,7), (-4,-4), (-4,-4)]
Turtle 5 :[(-5,-5), (5,37), (4,37), (3,37), (2,37), (3,37), (3,38), (2,38), (1,38)]

Shrinking Run 99
#Info# Executed steps before collision: 8, Found collision: false
Turtle 1 :[(-1,-1), (0,41), (0,40), (0,39), (0,38), (0,37), (0,36), (-1,-1), (-1,-1)]
Turtle 2 :[(-2,-2), (6,38), (5,38), (4,38), (3,38), (2,38), (1,38), (-2,-2), (-2,-2)]
Turtle 3 :[(-3,-3), (36,9), (36,9), (35,9), (34,9), (33,9), (32,9), (32,9), (31,9)]
Turtle 4 :[(-4,-4), (31,10), (30,10), (30,9), (30,8), (30,7), (29,7), (-4,-4), (-4,-4)]
Turtle 5 :[(-5,-5), (5,37), (4,37), (3,37), (2,37), (2,36), (2,37), (2,38), (1,38)]

Shrinking Run 100
#Info# Executed steps before collision: 8, Found collision: false
Turtle 1 :[(-1,-1), (0,41), (0,40), (0,39), (0,38), (0,37), (0,36), (-1,-1), (-1,-1)]
Turtle 2 :[(-2,-2), (6,38), (5,38), (4,38), (3,38), (2,38), (2,39), (1,39), (1,38)]
Turtle 3 :[(-3,-3), (36,9), (36,8), (35,8), (34,8), (33,8), (32,8), (-3,-3), (-3,-3)]
Turtle 4 :[(-4,-4), (31,10), (30,10), (30,9), (30,8), (30,7), (29,7), (-4,-4), (-4,-4)]
Turtle 5 :[(-5,-5), (5,37), (4,37), (3,37), (2,37), (1,37), (1,38), (-5,-5), (-5,-5)]

Shrinking Run 101
#Info# Executed steps before collision: 9, Found collision: false
Turtle 1 :[(-1,-1), (0,41), (0,40), (0,39), (0,38), (0,37), (0,36), (-1,-1), (-1,-1), (-1,-1)]
Turtle 2 :[(-2,-2), (6,38), (5,38), (4,38), (3,38), (2,38), (2,38), (3,38), (2,38), (1,38)]
Turtle 3 :[(-3,-3), (36,9), (36,9), (35,9), (34,9), (34,8), (33,8), (32,8), (-3,-3), (-3,-3)]
Turtle 4 :[(-4,-4), (31,10), (30,10), (30,9), (30,8), (30,7), (29,7), (-4,-4), (-4,-4), (-4,-4)]
Turtle 5 :[(-5,-5), (5,37), (4,37), (3,37), (2,37), (1,37), (1,38), (-5,-5), (-5,-5), (-5,-5)]

Shrinking Run 102
#Info# Executed steps before collision: 8, Found collision: false
Turtle 1 :[(-1,-1), (0,41), (0,40), (0,39), (0,38), (0,37), (0,36), (-1,-1), (-1,-1)]
Turtle 2 :[(-2,-2), (6,38), (5,38), (4,38), (3,38), (2,38), (1,38), (-2,-2), (-2,-2)]
Turtle 3 :[(-3,-3), (36,9), (35,9), (34,9), (34,9), (34,8), (33,8), (33,8), (32,8)]
Turtle 4 :[(-4,-4), (31,10), (30,10), (30,9), (30,8), (30,7), (29,7), (-4,-4), (-4,-4)]
Turtle 5 :[(-5,-5), (5,37), (4,37), (3,37), (2,37), (1,37), (2,37), (2,38), (1,38)]

Shrinking Run 103
#Info# Executed steps before collision: 8, Found collision: false
Turtle 1 :[(-1,-1), (0,41), (0,40), (0,39), (0,38), (0,37), (0,36), (-1,-1), (-1,-1)]
Turtle 2 :[(-2,-2), (6,38), (5,38), (5,39), (5,38), (4,38), (3,38), (2,38), (1,38)]
Turtle 3 :[(-3,-3), (36,9), (35,9), (35,8), (34,8), (33,8), (33,8), (33,8), (32,8)]
Turtle 4 :[(-4,-4), (31,10), (30,10), (30,9), (30,8), (30,7), (29,7), (-4,-4), (-4,-4)]
Turtle 5 :[(-5,-5), (5,37), (4,37), (3,37), (2,37), (1,37), (1,38), (-5,-5), (-5,-5)]

Shrinking Run 104
#Info# Executed steps before collision: 8, Found collision: false
Turtle 1 :[(-1,-1), (0,41), (0,40), (0,39), (0,38), (0,37), (0,36), (-1,-1), (-1,-1)]
Turtle 2 :[(-2,-2), (6,38), (5,38), (4,38), (3,38), (2,38), (2,37), (2,38), (1,38)]
Turtle 3 :[(-3,-3), (36,9), (35,9), (35,8), (34,8), (34,8), (33,8), (33,8), (32,8)]
Turtle 4 :[(-4,-4), (31,10), (30,10), (30,9), (30,8), (29,8), (28,8), (-4,-4), (-4,-4)]
Turtle 5 :[(-5,-5), (5,37), (4,37), (3,37), (2,37), (1,37), (1,38), (-5,-5), (-5,-5)]

Shrinking Run 105
#Info# Executed steps before collision: 8, Found collision: false
Turtle 1 :[(-1,-1), (0,41), (0,40), (0,39), (0,38), (0,37), (0,36), (-1,-1), (-1,-1)]
Turtle 2 :[(-2,-2), (6,38), (5,38), (5,37), (4,37), (3,37), (3,38), (2,38), (1,38)]
Turtle 3 :[(-3,-3), (36,9), (35,9), (35,8), (34,8), (34,8), (33,8), (33,8), (32,8)]
Turtle 4 :[(-4,-4), (31,10), (31,9), (31,8), (30,8), (29,8), (28,8), (-4,-4), (-4,-4)]
Turtle 5 :[(-5,-5), (5,37), (4,37), (3,37), (2,37), (1,37), (1,38), (-5,-5), (-5,-5)]

Shrink Run 106
#Info# Executed steps before collision: 8, Found collision: false
Turtle 1 :[(-1,-1), (0,41), (0,40), (0,39), (0,38), (0,37), (0,36), (-1,-1), (-1,-1)]
Turtle 2 :[(-2,-2), (6,38), (5,38), (4,38), (3,38), (2,38), (1,38), (-2,-2), (-2,-2)]
Turtle 3 :[(-3,-3), (36,9), (35,9), (35,8), (34,8), (34,8), (33,8), (33,8), (32,8)]
Turtle 4 :[(-4,-4), (31,10), (31,9), (30,9), (30,8), (29,8), (28,8), (-4,-4), (-4,-4)]
Turtle 5 :[(-5,-5), (5,37), (4,37), (3,37), (2,37), (1,37), (2,37), (1,37), (1,38)]

