Shrinking Run 1
#Info# Executed steps before collision: 10, Found collision: false
Turtle 1 :[(-1,-1), (23,39), (23,39), (23,38), (23,37), (22,37), (22,37), (21,37), (20,37), (-1,-1), (-1,-1)]
Turtle 2 :[(-2,-2), (14,5), (14,5), (14,5), (14,5), (14,4), (15,4), (-2,-2), (-2,-2), (-2,-2), (-2,-2)]
Turtle 3 :[(-3,-3), (20,49), (20,48), (20,48), (20,48), (21,48), (21,47), (20,47), (21,47), (22,47), (23,47)]
Turtle 4 :[(-4,-4), (46,42), (46,43), (46,44), (46,45), (46,46), (-4,-4), (-4,-4), (-4,-4), (-4,-4), (-4,-4)]
Turtle 5 :[(-5,-5), (19,49), (20,49), (21,49), (22,49), (22,48), (22,47), (-5,-5), (-5,-5), (-5,-5), (-5,-5)]

Shrinking Run 2
#Info# Executed steps before collision: 10, Found collision: false
Turtle 1 :[(-1,-1), (23,39), (23,39), (22,39), (22,38), (21,38), (21,38), (20,38), (19,38), (-1,-1), (-1,-1)]
Turtle 2 :[(-2,-2), (14,5), (14,5), (14,5), (14,5), (14,4), (15,4), (-2,-2), (-2,-2), (-2,-2), (-2,-2)]
Turtle 3 :[(-3,-3), (20,49), (20,48), (20,48), (20,48), (21,48), (21,47), (22,47), (23,47), (-3,-3), (-3,-3)]
Turtle 4 :[(-4,-4), (46,42), (46,43), (46,44), (46,45), (46,46), (-4,-4), (-4,-4), (-4,-4), (-4,-4), (-4,-4)]
Turtle 5 :[(-5,-5), (19,49), (19,48), (19,48), (19,48), (20,48), (20,47), (20,46), (20,47), (21,47), (22,47)]

Shrinking Run 3
#Info# Executed steps before collision: 10, Found collision: false
Turtle 1 :[(-1,-1), (23,39), (23,39), (22,39), (21,39), (20,39), (20,39), (19,39), (18,39), (-1,-1), (-1,-1)]
Turtle 2 :[(-2,-2), (14,5), (14,5), (14,5), (14,5), (14,4), (15,4), (-2,-2), (-2,-2), (-2,-2), (-2,-2)]
Turtle 3 :[(-3,-3), (20,49), (20,48), (20,48), (20,48), (21,48), (21,47), (22,47), (23,47), (-3,-3), (-3,-3)]
Turtle 4 :[(-4,-4), (46,42), (46,43), (46,44), (46,45), (46,46), (-4,-4), (-4,-4), (-4,-4), (-4,-4), (-4,-4)]
Turtle 5 :[(-5,-5), (19,49), (19,48), (19,48), (19,48), (19,49), (19,48), (20,48), (21,48), (21,47), (22,47)]

Shrinking Run 4
#Info# Executed steps before collision: 10, Found collision: false
Turtle 1 :[(-1,-1), (23,39), (23,39), (22,39), (21,39), (20,39), (20,39), (19,39), (19,40), (-1,-1), (-1,-1)]
Turtle 2 :[(-2,-2), (14,5), (14,5), (14,5), (14,5), (14,4), (15,4), (-2,-2), (-2,-2), (-2,-2), (-2,-2)]
Turtle 3 :[(-3,-3), (20,49), (20,48), (20,48), (20,48), (21,48), (21,47), (22,47), (23,47), (-3,-3), (-3,-3)]
Turtle 4 :[(-4,-4), (46,42), (46,43), (46,44), (46,45), (46,46), (-4,-4), (-4,-4), (-4,-4), (-4,-4), (-4,-4)]
Turtle 5 :[(-5,-5), (19,49), (19,48), (19,48), (19,48), (18,48), (19,48), (20,48), (21,48), (22,48), (22,47)]

Shrinking Run 5
#Info# Executed steps before collision: 10, Found collision: false
Turtle 1 :[(-1,-1), (23,39), (23,40), (22,40), (21,40), (20,40), (19,40), (-1,-1), (-1,-1), (-1,-1), (-1,-1)]
Turtle 2 :[(-2,-2), (14,5), (14,5), (14,5), (14,5), (14,4), (15,4), (-2,-2), (-2,-2), (-2,-2), (-2,-2)]
Turtle 3 :[(-3,-3), (20,49), (20,48), (20,48), (20,48), (21,48), (21,47), (22,47), (23,47), (-3,-3), (-3,-3)]
Turtle 4 :[(-4,-4), (46,42), (46,43), (46,44), (46,45), (46,46), (-4,-4), (-4,-4), (-4,-4), (-4,-4), (-4,-4)]
Turtle 5 :[(-5,-5), (19,49), (19,48), (19,48), (19,48), (19,47), (20,47), (20,46), (21,46), (21,47), (22,47)]

Shrinking Run 6
#Info# Executed steps before collision: 10, Found collision: false
Turtle 1 :[(-1,-1), (23,39), (23,39), (22,39), (22,40), (21,40), (20,40), (19,40), (-1,-1), (-1,-1), (-1,-1)]
Turtle 2 :[(-2,-2), (14,5), (14,5), (14,5), (14,5), (14,4), (15,4), (-2,-2), (-2,-2), (-2,-2), (-2,-2)]
Turtle 3 :[(-3,-3), (20,49), (20,48), (20,48), (20,48), (21,48), (21,47), (22,47), (23,47), (-3,-3), (-3,-3)]
Turtle 4 :[(-4,-4), (46,42), (46,43), (46,44), (46,45), (46,46), (-4,-4), (-4,-4), (-4,-4), (-4,-4), (-4,-4)]
Turtle 5 :[(-5,-5), (19,49), (19,48), (19,49), (20,49), (21,49), (22,49), (22,48), (22,49), (22,48), (22,47)]

Shrinking Run 7
#Info# Executed steps before collision: 11, Found collision: false
Turtle 1 :[(-1,-1), (23,39), (22,39), (21,39), (21,39), (21,40), (21,40), (20,40), (19,40), (-1,-1), (-1,-1), (-1,-1)]
Turtle 2 :[(-2,-2), (14,5), (14,5), (14,5), (14,5), (14,4), (15,4), (-2,-2), (-2,-2), (-2,-2), (-2,-2), (-2,-2)]
Turtle 3 :[(-3,-3), (20,49), (20,48), (20,48), (20,48), (21,48), (21,47), (22,47), (23,47), (-3,-3), (-3,-3), (-3,-3)]
Turtle 4 :[(-4,-4), (46,42), (46,43), (46,44), (46,45), (46,46), (-4,-4), (-4,-4), (-4,-4), (-4,-4), (-4,-4), (-4,-4)]
Turtle 5 :[(-5,-5), (19,49), (19,48), (19,48), (19,48), (19,48), (20,48), (20,48), (20,47), (20,47), (21,47), (22,47)]

Shrinking Run 8
#Info# Executed steps before collision: 10, Found collision: false
Turtle 1 :[(-1,-1), (23,39), (23,40), (22,40), (22,40), (21,40), (21,40), (20,40), (19,40), (-1,-1), (-1,-1)]
Turtle 2 :[(-2,-2), (14,5), (14,5), (14,5), (14,5), (14,4), (15,4), (-2,-2), (-2,-2), (-2,-2), (-2,-2)]
Turtle 3 :[(-3,-3), (20,49), (20,48), (20,48), (20,48), (21,48), (21,47), (22,47), (23,47), (-3,-3), (-3,-3)]
Turtle 4 :[(-4,-4), (46,42), (46,43), (46,44), (46,45), (46,46), (-4,-4), (-4,-4), (-4,-4), (-4,-4), (-4,-4)]
Turtle 5 :[(-5,-5), (19,49), (18,49), (18,48), (18,47), (19,47), (20,47), (20,46), (21,46), (21,47), (22,47)]

Shrinking Run 9
#Info# Executed steps before collision: 9, Found collision: false
Turtle 1 :[(-1,-1), (23,39), (23,39), (22,39), (21,39), (21,40), (21,40), (20,40), (19,40), (-1,-1)]
Turtle 2 :[(-2,-2), (14,5), (14,5), (14,5), (14,5), (14,4), (15,4), (-2,-2), (-2,-2), (-2,-2)]
Turtle 3 :[(-3,-3), (20,49), (20,48), (20,48), (20,48), (21,48), (21,47), (22,47), (23,47), (-3,-3)]
Turtle 4 :[(-4,-4), (46,42), (46,43), (46,44), (46,45), (46,46), (-4,-4), (-4,-4), (-4,-4), (-4,-4)]
Turtle 5 :[(-5,-5), (19,49), (18,49), (18,48), (19,48), (19,48), (20,48), (21,48), (21,47), (22,47)]

Shrinking Run 10
#Info# Executed steps before collision: 11, Found collision: false
Turtle 1 :[(-1,-1), (23,39), (23,39), (22,39), (22,40), (21,40), (20,40), (20,40), (19,40), (-1,-1), (-1,-1), (-1,-1)]
Turtle 2 :[(-2,-2), (14,5), (14,5), (14,5), (14,5), (14,4), (15,4), (-2,-2), (-2,-2), (-2,-2), (-2,-2), (-2,-2)]
Turtle 3 :[(-3,-3), (20,49), (20,48), (20,48), (20,48), (21,48), (21,47), (22,47), (23,47), (-3,-3), (-3,-3), (-3,-3)]
Turtle 4 :[(-4,-4), (46,42), (46,43), (46,44), (46,45), (46,46), (-4,-4), (-4,-4), (-4,-4), (-4,-4), (-4,-4), (-4,-4)]
Turtle 5 :[(-5,-5), (19,49), (19,49), (19,48), (19,48), (19,48), (20,48), (20,48), (20,47), (20,47), (21,47), (22,47)]

Shrinking Run 11
#Info# Executed steps before collision: 10, Found collision: false
Turtle 1 :[(-1,-1), (23,39), (23,39), (22,39), (22,40), (21,40), (21,40), (20,40), (19,40), (-1,-1), (-1,-1)]
Turtle 2 :[(-2,-2), (14,5), (13,5), (12,5), (11,5), (10,5), (9,5), (-2,-2), (-2,-2), (-2,-2), (-2,-2)]
Turtle 3 :[(-3,-3), (20,49), (20,48), (20,48), (20,48), (21,48), (21,47), (22,47), (23,47), (-3,-3), (-3,-3)]
Turtle 4 :[(-4,-4), (46,42), (46,43), (46,44), (46,45), (46,46), (-4,-4), (-4,-4), (-4,-4), (-4,-4), (-4,-4)]
Turtle 5 :[(-5,-5), (19,49), (19,48), (19,48), (19,48), (19,47), (20,47), (20,46), (20,47), (21,47), (22,47)]

Shrinking Run 12
#Info# Executed steps before collision: 10, Found collision: false
Turtle 1 :[(-1,-1), (23,39), (23,39), (22,39), (22,40), (21,40), (21,40), (20,40), (19,40), (-1,-1), (-1,-1)]
Turtle 2 :[(-2,-2), (14,5), (13,5), (12,5), (11,5), (11,4), (-2,-2), (-2,-2), (-2,-2), (-2,-2), (-2,-2)]
Turtle 3 :[(-3,-3), (20,49), (20,48), (20,48), (20,48), (19,48), (20,48), (20,47), (21,47), (22,47), (23,47)]
Turtle 4 :[(-4,-4), (46,42), (46,43), (46,44), (46,45), (46,46), (-4,-4), (-4,-4), (-4,-4), (-4,-4), (-4,-4)]
Turtle 5 :[(-5,-5), (19,49), (20,49), (21,49), (21,48), (21,47), (22,47), (-5,-5), (-5,-5), (-5,-5), (-5,-5)]

Shrinking Run 13
#Info# Executed steps before collision: 10, Found collision: false
Turtle 1 :[(-1,-1), (23,39), (23,39), (22,39), (22,40), (21,40), (21,40), (20,40), (19,40), (-1,-1), (-1,-1)]
Turtle 2 :[(-2,-2), (14,5), (14,5), (14,5), (14,5), (14,4), (13,4), (-2,-2), (-2,-2), (-2,-2), (-2,-2)]
Turtle 3 :[(-3,-3), (20,49), (20,48), (20,48), (20,48), (21,48), (21,47), (22,47), (23,47), (-3,-3), (-3,-3)]
Turtle 4 :[(-4,-4), (46,42), (46,43), (46,44), (46,45), (46,46), (-4,-4), (-4,-4), (-4,-4), (-4,-4), (-4,-4)]
Turtle 5 :[(-5,-5), (19,49), (19,48), (19,48), (19,48), (19,49), (20,49), (21,49), (21,48), (21,47), (22,47)]

Shrinking Run 14
#Info# Executed steps before collision: 10, Found collision: false
Turtle 1 :[(-1,-1), (23,39), (23,39), (22,39), (22,40), (21,40), (21,40), (20,40), (19,40), (-1,-1), (-1,-1)]
Turtle 2 :[(-2,-2), (14,5), (14,5), (14,5), (14,5), (14,4), (-2,-2), (-2,-2), (-2,-2), (-2,-2), (-2,-2)]
Turtle 3 :[(-3,-3), (20,49), (20,48), (20,48), (20,48), (21,48), (21,47), (22,47), (23,47), (-3,-3), (-3,-3)]
Turtle 4 :[(-4,-4), (46,42), (46,43), (46,44), (46,45), (46,46), (-4,-4), (-4,-4), (-4,-4), (-4,-4), (-4,-4)]
Turtle 5 :[(-5,-5), (19,49), (19,48), (19,48), (19,48), (19,47), (20,47), (19,47), (20,47), (21,47), (22,47)]

Shrinking Run 15
#Info# Executed steps before collision: 9, Found collision: false
Turtle 1 :[(-1,-1), (23,39), (23,39), (22,39), (22,40), (21,40), (21,40), (20,40), (19,40), (-1,-1)]
Turtle 2 :[(-2,-2), (14,5), (14,4), (14,3), (14,2), (14,1), (15,1), (-2,-2), (-2,-2), (-2,-2)]
Turtle 3 :[(-3,-3), (20,49), (20,48), (20,48), (20,48), (21,48), (21,47), (22,47), (23,47), (-3,-3)]
Turtle 4 :[(-4,-4), (46,42), (46,43), (46,44), (46,45), (46,46), (-4,-4), (-4,-4), (-4,-4), (-4,-4)]
Turtle 5 :[(-5,-5), (19,49), (19,48), (18,48), (19,48), (20,48), (20,48), (21,48), (21,47), (22,47)]

Shrinking Run 16
#Info# Executed steps before collision: 10, Found collision: false
Turtle 1 :[(-1,-1), (23,39), (23,39), (22,39), (22,40), (21,40), (21,40), (20,40), (19,40), (-1,-1), (-1,-1)]
Turtle 2 :[(-2,-2), (14,5), (14,4), (15,4), (15,3), (15,2), (-2,-2), (-2,-2), (-2,-2), (-2,-2), (-2,-2)]
Turtle 3 :[(-3,-3), (20,49), (20,48), (20,48), (20,48), (21,48), (21,49), (21,48), (21,47), (22,47), (23,47)]
Turtle 4 :[(-4,-4), (46,42), (46,43), (46,44), (46,45), (46,46), (-4,-4), (-4,-4), (-4,-4), (-4,-4), (-4,-4)]
Turtle 5 :[(-5,-5), (19,49), (19,48), (19,47), (20,47), (21,47), (22,47), (-5,-5), (-5,-5), (-5,-5), (-5,-5)]

Shrinking Run 17
#Info# Executed steps before collision: 9, Found collision: false
Turtle 1 :[(-1,-1), (23,39), (23,39), (22,39), (22,40), (21,40), (21,40), (20,40), (19,40), (-1,-1)]
Turtle 2 :[(-2,-2), (14,5), (15,5), (15,5), (15,5), (15,4), (15,4), (15,3), (-2,-2), (-2,-2)]
Turtle 3 :[(-3,-3), (20,49), (20,48), (20,48), (20,48), (21,48), (21,47), (22,47), (23,47), (-3,-3)]
Turtle 4 :[(-4,-4), (46,42), (46,43), (46,44), (46,45), (46,46), (-4,-4), (-4,-4), (-4,-4), (-4,-4)]
Turtle 5 :[(-5,-5), (19,49), (18,49), (19,49), (20,49), (20,49), (20,48), (21,48), (21,47), (22,47)]

Shrinking Run 18
#Info# Executed steps before collision: 11, Found collision: false
Turtle 1 :[(-1,-1), (23,39), (23,39), (22,39), (22,40), (21,40), (21,40), (20,40), (19,40), (-1,-1), (-1,-1), (-1,-1)]
Turtle 2 :[(-2,-2), (14,5), (14,5), (14,5), (14,5), (15,5), (15,4), (-2,-2), (-2,-2), (-2,-2), (-2,-2), (-2,-2)]
Turtle 3 :[(-3,-3), (20,49), (20,48), (20,48), (20,48), (21,48), (21,47), (22,47), (23,47), (-3,-3), (-3,-3), (-3,-3)]
Turtle 4 :[(-4,-4), (46,42), (46,43), (46,44), (46,45), (46,46), (-4,-4), (-4,-4), (-4,-4), (-4,-4), (-4,-4), (-4,-4)]
Turtle 5 :[(-5,-5), (19,49), (19,49), (19,48), (19,48), (19,48), (20,48), (20,48), (20,47), (20,47), (21,47), (22,47)]

Shrinking Run 19
#Info# Executed steps before collision: 10, Found collision: false
Turtle 1 :[(-1,-1), (23,39), (23,39), (22,39), (22,40), (21,40), (21,40), (20,40), (19,40), (-1,-1), (-1,-1)]
Turtle 2 :[(-2,-2), (14,5), (14,4), (15,4), (-2,-2), (-2,-2), (-2,-2), (-2,-2), (-2,-2), (-2,-2), (-2,-2)]
Turtle 3 :[(-3,-3), (20,49), (20,48), (20,48), (20,48), (20,47), (20,48), (20,47), (21,47), (22,47), (23,47)]
Turtle 4 :[(-4,-4), (46,42), (46,43), (46,44), (46,45), (46,46), (-4,-4), (-4,-4), (-4,-4), (-4,-4), (-4,-4)]
Turtle 5 :[(-5,-5), (19,49), (20,49), (21,49), (21,48), (21,47), (22,47), (-5,-5), (-5,-5), (-5,-5), (-5,-5)]

Shrinking Run 20
#Info# Executed steps before collision: 10, Found collision: false
Turtle 1 :[(-1,-1), (23,39), (23,39), (22,39), (22,40), (21,40), (21,40), (20,40), (19,40), (-1,-1), (-1,-1)]
Turtle 2 :[(-2,-2), (14,5), (14,4), (14,4), (15,4), (-2,-2), (-2,-2), (-2,-2), (-2,-2), (-2,-2), (-2,-2)]
Turtle 3 :[(-3,-3), (20,49), (20,48), (20,48), (20,48), (21,48), (21,47), (22,47), (23,47), (-3,-3), (-3,-3)]
Turtle 4 :[(-4,-4), (46,42), (46,43), (46,44), (46,45), (46,46), (-4,-4), (-4,-4), (-4,-4), (-4,-4), (-4,-4)]
Turtle 5 :[(-5,-5), (19,49), (18,49), (19,49), (19,48), (19,47), (20,47), (19,47), (20,47), (21,47), (22,47)]

Shrinking Run 21
#Info# Executed steps before collision: 3, Found collision: true
Turtle 1 :[(-1,-1), (23,39), (23,39), (22,39), (22,40), (21,40), (21,40), (20,40), (19,40), (-1,-1)]
Turtle 2 :[(-2,-2), (14,5), (14,4), (14,4), (14,4), (15,4), (-2,-2), (-2,-2), (-2,-2), (-2,-2)]
Turtle 3 :[(-3,-3), (20,49), (20,48), (20,48), (20,49), (21,49), (21,48), (22,48), (23,48), (23,47)]
Turtle 4 :[(-4,-4), (46,42), (46,43), (46,44), (46,45), (46,46), (-4,-4), (-4,-4), (-4,-4), (-4,-4)]
Turtle 5 :[(-5,-5), (19,49), (19,48), (20,48), (21,48), (21,47), (22,47), (-5,-5), (-5,-5), (-5,-5)]

Shrinking Run 22
#Info# Executed steps before collision: 10, Found collision: false
Turtle 1 :[(-1,-1), (23,39), (23,39), (22,39), (22,40), (21,40), (21,40), (20,40), (19,40), (-1,-1), (-1,-1)]
Turtle 2 :[(-2,-2), (14,5), (14,4), (14,4), (14,4), (15,4), (-2,-2), (-2,-2), (-2,-2), (-2,-2), (-2,-2)]
Turtle 3 :[(-3,-3), (20,49), (19,49), (19,49), (19,49), (18,49), (18,48), (17,48), (16,48), (-3,-3), (-3,-3)]
Turtle 4 :[(-4,-4), (46,42), (46,43), (46,44), (46,45), (46,46), (-4,-4), (-4,-4), (-4,-4), (-4,-4), (-4,-4)]
Turtle 5 :[(-5,-5), (19,49), (19,48), (19,48), (19,48), (20,48), (20,48), (20,47), (20,47), (21,47), (22,47)]

Shrinking Run 23
#Info# Executed steps before collision: 10, Found collision: false
Turtle 1 :[(-1,-1), (23,39), (23,39), (22,39), (22,40), (21,40), (21,40), (20,40), (19,40), (-1,-1), (-1,-1)]
Turtle 2 :[(-2,-2), (14,5), (14,4), (14,4), (14,4), (15,4), (-2,-2), (-2,-2), (-2,-2), (-2,-2), (-2,-2)]
Turtle 3 :[(-3,-3), (20,49), (20,48), (20,48), (20,48), (20,49), (19,49), (19,48), (18,48), (18,47), (17,47)]
Turtle 4 :[(-4,-4), (46,42), (46,43), (46,44), (46,45), (46,46), (-4,-4), (-4,-4), (-4,-4), (-4,-4), (-4,-4)]
Turtle 5 :[(-5,-5), (19,49), (19,48), (19,48), (19,48), (20,48), (21,48), (22,48), (22,47), (-5,-5), (-5,-5)]

Shrinking Run 24
#Info# Executed steps before collision: 8, Found collision: false
Turtle 1 :[(-1,-1), (23,39), (23,39), (22,39), (22,40), (21,40), (21,40), (20,40), (19,40)]
Turtle 2 :[(-2,-2), (14,5), (14,4), (14,4), (14,4), (15,4), (-2,-2), (-2,-2), (-2,-2)]
Turtle 3 :[(-3,-3), (20,49), (20,48), (20,48), (20,48), (20,47), (20,46), (21,46), (21,45)]
Turtle 4 :[(-4,-4), (46,42), (46,43), (46,44), (46,45), (46,46), (-4,-4), (-4,-4), (-4,-4)]
Turtle 5 :[(-5,-5), (19,49), (19,48), (19,48), (19,48), (20,48), (21,48), (22,48), (22,47)]

Shrinking Run 25
#Info# Executed steps before collision: 8, Found collision: false
Turtle 1 :[(-1,-1), (23,39), (23,39), (22,39), (22,40), (21,40), (21,40), (20,40), (19,40)]
Turtle 2 :[(-2,-2), (14,5), (14,4), (14,4), (14,4), (15,4), (-2,-2), (-2,-2), (-2,-2)]
Turtle 3 :[(-3,-3), (20,49), (20,48), (20,48), (20,48), (21,48), (21,47), (22,47), (22,46)]
Turtle 4 :[(-4,-4), (46,42), (46,43), (46,44), (46,45), (46,46), (-4,-4), (-4,-4), (-4,-4)]
Turtle 5 :[(-5,-5), (19,49), (20,49), (21,49), (21,48), (22,48), (22,47), (-5,-5), (-5,-5)]

Shrinking Run 26
#Info# Executed steps before collision: 8, Found collision: false
Turtle 1 :[(-1,-1), (23,39), (23,39), (22,39), (22,40), (21,40), (21,40), (20,40), (19,40)]
Turtle 2 :[(-2,-2), (14,5), (14,4), (14,4), (14,4), (15,4), (-2,-2), (-2,-2), (-2,-2)]
Turtle 3 :[(-3,-3), (20,49), (20,48), (20,48), (20,48), (21,48), (22,48), (23,48), (23,47)]
Turtle 4 :[(-4,-4), (46,42), (46,43), (46,44), (46,45), (46,46), (-4,-4), (-4,-4), (-4,-4)]
Turtle 5 :[(-5,-5), (19,49), (19,48), (19,47), (20,47), (21,47), (22,47), (-5,-5), (-5,-5)]

Shrinking Run 27
#Info# Executed steps before collision: 10, Found collision: false
Turtle 1 :[(-1,-1), (23,39), (23,39), (22,39), (22,40), (21,40), (21,40), (20,40), (19,40), (-1,-1), (-1,-1)]
Turtle 2 :[(-2,-2), (14,5), (14,4), (14,4), (14,4), (15,4), (-2,-2), (-2,-2), (-2,-2), (-2,-2), (-2,-2)]
Turtle 3 :[(-3,-3), (20,49), (20,48), (20,47), (21,47), (22,47), (23,47), (-3,-3), (-3,-3), (-3,-3), (-3,-3)]
Turtle 4 :[(-4,-4), (46,42), (46,43), (46,44), (46,45), (46,46), (-4,-4), (-4,-4), (-4,-4), (-4,-4), (-4,-4)]
Turtle 5 :[(-5,-5), (19,49), (19,48), (19,48), (19,48), (20,48), (20,48), (20,47), (20,47), (21,47), (22,47)]

Shrinking Run 28
#Info# Executed steps before collision: 3, Found collision: true
Turtle 1 :[(-1,-1), (23,39), (23,39), (22,39), (22,40), (21,40), (21,40), (20,40), (19,40)]
Turtle 2 :[(-2,-2), (14,5), (14,4), (14,4), (14,4), (15,4), (-2,-2), (-2,-2), (-2,-2)]
Turtle 3 :[(-3,-3), (20,49), (20,48), (20,48), (20,47), (21,47), (22,47), (23,47), (-3,-3)]
Turtle 4 :[(-4,-4), (46,42), (46,43), (46,44), (46,45), (46,46), (-4,-4), (-4,-4), (-4,-4)]
Turtle 5 :[(-5,-5), (19,49), (19,48), (20,48), (21,48), (21,48), (22,48), (22,48), (22,47)]

Shrinking Run 29
#Info# Executed steps before collision: 10, Found collision: false
Turtle 1 :[(-1,-1), (23,39), (23,39), (22,39), (22,40), (21,40), (21,40), (20,40), (19,40), (-1,-1), (-1,-1)]
Turtle 2 :[(-2,-2), (14,5), (14,4), (14,4), (14,4), (15,4), (-2,-2), (-2,-2), (-2,-2), (-2,-2), (-2,-2)]
Turtle 3 :[(-3,-3), (20,49), (21,49), (21,49), (21,48), (21,47), (22,47), (23,47), (-3,-3), (-3,-3), (-3,-3)]
Turtle 4 :[(-4,-4), (46,42), (46,43), (46,44), (46,45), (46,46), (-4,-4), (-4,-4), (-4,-4), (-4,-4), (-4,-4)]
Turtle 5 :[(-5,-5), (19,49), (19,48), (19,48), (19,48), (20,48), (20,48), (20,47), (20,47), (21,47), (22,47)]

Shrinking Run 30
#Info# Executed steps before collision: 9, Found collision: false
Turtle 1 :[(-1,-1), (23,39), (23,39), (22,39), (22,40), (21,40), (21,40), (20,40), (19,40), (-1,-1)]
Turtle 2 :[(-2,-2), (14,5), (14,4), (14,4), (14,4), (15,4), (-2,-2), (-2,-2), (-2,-2), (-2,-2)]
Turtle 3 :[(-3,-3), (20,49), (20,48), (21,48), (21,48), (21,47), (22,47), (23,47), (-3,-3), (-3,-3)]
Turtle 4 :[(-4,-4), (46,42), (46,43), (46,44), (46,45), (46,46), (-4,-4), (-4,-4), (-4,-4), (-4,-4)]
Turtle 5 :[(-5,-5), (19,49), (20,49), (20,48), (20,48), (20,49), (20,48), (21,48), (22,48), (22,47)]

Shrinking Run 31
#Info# Executed steps before collision: 10, Found collision: false
Turtle 1 :[(-1,-1), (23,39), (23,39), (22,39), (22,40), (21,40), (21,40), (20,40), (19,40), (-1,-1), (-1,-1)]
Turtle 2 :[(-2,-2), (14,5), (14,4), (14,4), (14,4), (15,4), (-2,-2), (-2,-2), (-2,-2), (-2,-2), (-2,-2)]
Turtle 3 :[(-3,-3), (20,49), (20,48), (20,47), (20,47), (21,47), (22,47), (23,47), (-3,-3), (-3,-3), (-3,-3)]
Turtle 4 :[(-4,-4), (46,42), (46,43), (46,44), (46,45), (46,46), (-4,-4), (-4,-4), (-4,-4), (-4,-4), (-4,-4)]
Turtle 5 :[(-5,-5), (19,49), (19,48), (19,48), (19,48), (20,48), (20,48), (20,47), (20,47), (21,47), (22,47)]

Shrinking Run 32
#Info# Executed steps before collision: 10, Found collision: false
Turtle 1 :[(-1,-1), (23,39), (23,39), (22,39), (22,40), (21,40), (21,40), (20,40), (19,40), (-1,-1), (-1,-1)]
Turtle 2 :[(-2,-2), (14,5), (14,4), (14,4), (14,4), (15,4), (-2,-2), (-2,-2), (-2,-2), (-2,-2), (-2,-2)]
Turtle 3 :[(-3,-3), (20,49), (20,48), (20,48), (21,48), (21,47), (22,47), (23,47), (-3,-3), (-3,-3), (-3,-3)]
Turtle 4 :[(-4,-4), (46,42), (46,43), (46,44), (46,45), (46,46), (-4,-4), (-4,-4), (-4,-4), (-4,-4), (-4,-4)]
Turtle 5 :[(-5,-5), (19,49), (19,48), (19,48), (19,48), (20,48), (20,48), (20,47), (20,47), (21,47), (22,47)]

Shrinking Run 33
#Info# Executed steps before collision: 10, Found collision: false
Turtle 1 :[(-1,-1), (23,39), (23,39), (22,39), (22,40), (21,40), (21,40), (20,40), (19,40), (-1,-1), (-1,-1)]
Turtle 2 :[(-2,-2), (14,5), (14,4), (14,4), (14,4), (15,4), (-2,-2), (-2,-2), (-2,-2), (-2,-2), (-2,-2)]
Turtle 3 :[(-3,-3), (20,49), (20,48), (20,48), (20,47), (21,47), (22,47), (23,47), (-3,-3), (-3,-3), (-3,-3)]
Turtle 4 :[(-4,-4), (46,42), (45,42), (45,43), (44,43), (43,43), (42,43), (-4,-4), (-4,-4), (-4,-4), (-4,-4)]
Turtle 5 :[(-5,-5), (19,49), (19,48), (19,48), (19,48), (20,48), (20,48), (20,47), (20,47), (21,47), (22,47)]

Shrinking Run 34
#Info# Executed steps before collision: 3, Found collision: true
Turtle 1 :[(-1,-1), (23,39), (23,39), (22,39), (22,40), (21,40), (21,40), (20,40), (19,40), (-1,-1)]
Turtle 2 :[(-2,-2), (14,5), (14,4), (14,4), (14,4), (15,4), (-2,-2), (-2,-2), (-2,-2), (-2,-2)]
Turtle 3 :[(-3,-3), (20,49), (20,48), (20,48), (20,47), (21,47), (22,47), (23,47), (-3,-3), (-3,-3)]
Turtle 4 :[(-4,-4), (46,42), (45,42), (45,43), (44,43), (44,44), (43,44), (-4,-4), (-4,-4), (-4,-4)]
Turtle 5 :[(-5,-5), (19,49), (19,48), (20,48), (21,48), (21,48), (21,47), (21,46), (22,46), (22,47)]

Shrinking Run 35
#Info# Executed steps before collision: 10, Found collision: false
Turtle 1 :[(-1,-1), (23,39), (23,39), (22,39), (22,40), (21,40), (21,40), (20,40), (19,40), (-1,-1), (-1,-1)]
Turtle 2 :[(-2,-2), (14,5), (14,4), (14,4), (14,4), (15,4), (-2,-2), (-2,-2), (-2,-2), (-2,-2), (-2,-2)]
Turtle 3 :[(-3,-3), (20,49), (20,48), (20,48), (20,47), (21,47), (22,47), (23,47), (-3,-3), (-3,-3), (-3,-3)]
Turtle 4 :[(-4,-4), (46,42), (45,42), (45,41), (44,41), (44,40), (43,40), (-4,-4), (-4,-4), (-4,-4), (-4,-4)]
Turtle 5 :[(-5,-5), (19,49), (19,48), (19,48), (19,48), (20,48), (20,48), (20,47), (20,47), (21,47), (22,47)]

Shrinking Run 36
#Info# Executed steps before collision: 8, Found collision: false
Turtle 1 :[(-1,-1), (23,39), (23,39), (22,39), (22,40), (21,40), (21,40), (20,40), (19,40)]
Turtle 2 :[(-2,-2), (14,5), (14,4), (14,4), (14,4), (15,4), (-2,-2), (-2,-2), (-2,-2)]
Turtle 3 :[(-3,-3), (20,49), (20,48), (20,48), (20,47), (21,47), (22,47), (23,47), (-3,-3)]
Turtle 4 :[(-4,-4), (46,42), (45,42), (45,41), (44,41), (43,41), (43,40), (-4,-4), (-4,-4)]
Turtle 5 :[(-5,-5), (19,49), (19,48), (19,47), (18,47), (19,47), (20,47), (21,47), (22,47)]

Shrinking Run 37
#Info# Executed steps before collision: 8, Found collision: false
Turtle 1 :[(-1,-1), (23,39), (23,39), (22,39), (22,40), (21,40), (21,40), (20,40), (19,40)]
Turtle 2 :[(-2,-2), (14,5), (14,4), (14,4), (14,4), (15,4), (-2,-2), (-2,-2), (-2,-2)]
Turtle 3 :[(-3,-3), (20,49), (20,48), (20,48), (20,47), (21,47), (22,47), (23,47), (-3,-3)]
Turtle 4 :[(-4,-4), (46,42), (45,42), (45,43), (44,43), (43,43), (-4,-4), (-4,-4), (-4,-4)]
Turtle 5 :[(-5,-5), (19,49), (19,48), (19,49), (19,48), (20,48), (21,48), (22,48), (22,47)]

Shrinking Run 38
#Info# Executed steps before collision: 3, Found collision: true
Turtle 1 :[(-1,-1), (23,39), (23,39), (22,39), (22,40), (21,40), (21,40), (20,40), (19,40), (-1,-1)]
Turtle 2 :[(-2,-2), (14,5), (14,4), (14,4), (14,4), (15,4), (-2,-2), (-2,-2), (-2,-2), (-2,-2)]
Turtle 3 :[(-3,-3), (20,49), (20,48), (20,48), (20,47), (21,47), (22,47), (23,47), (-3,-3), (-3,-3)]
Turtle 4 :[(-4,-4), (46,42), (45,42), (45,43), (44,43), (43,43), (43,44), (-4,-4), (-4,-4), (-4,-4)]
Turtle 5 :[(-5,-5), (19,49), (19,48), (20,48), (21,48), (21,48), (21,47), (21,46), (22,46), (22,47)]

Shrinking Run 39
#Info# Executed steps before collision: 8, Found collision: false
Turtle 1 :[(-1,-1), (23,39), (23,39), (22,39), (22,40), (21,40), (21,40), (20,40), (19,40)]
Turtle 2 :[(-2,-2), (14,5), (14,4), (14,4), (14,4), (15,4), (-2,-2), (-2,-2), (-2,-2)]
Turtle 3 :[(-3,-3), (20,49), (20,48), (20,48), (20,47), (21,47), (22,47), (23,47), (-3,-3)]
Turtle 4 :[(-4,-4), (46,42), (45,42), (44,42), (43,42), (43,43), (43,44), (-4,-4), (-4,-4)]
Turtle 5 :[(-5,-5), (19,49), (20,49), (21,49), (21,48), (22,48), (23,48), (22,48), (22,47)]

Shrinking Run 40
#Info# Executed steps before collision: 4, Found collision: true
Turtle 1 :[(-1,-1), (23,39), (23,39), (22,39), (22,40), (21,40), (21,40), (20,40), (19,40)]
Turtle 2 :[(-2,-2), (14,5), (14,4), (14,4), (14,4), (15,4), (-2,-2), (-2,-2), (-2,-2)]
Turtle 3 :[(-3,-3), (20,49), (20,48), (20,48), (20,47), (21,47), (22,47), (23,47), (-3,-3)]
Turtle 4 :[(-4,-4), (46,42), (45,42), (45,43), (44,43), (43,43), (43,44), (-4,-4), (-4,-4)]
Turtle 5 :[(-5,-5), (19,49), (19,48), (19,47), (20,47), (-5,-5), (-5,-5), (-5,-5), (-5,-5)]

Shrinking Run 41
#Info# Executed steps before collision: 9, Found collision: false
Turtle 1 :[(-1,-1), (23,39), (23,39), (22,39), (22,40), (21,40), (21,40), (20,40), (19,40), (-1,-1)]
Turtle 2 :[(-2,-2), (14,5), (14,4), (14,4), (14,4), (15,4), (-2,-2), (-2,-2), (-2,-2), (-2,-2)]
Turtle 3 :[(-3,-3), (20,49), (20,48), (20,48), (20,47), (21,47), (22,47), (23,47), (-3,-3), (-3,-3)]
Turtle 4 :[(-4,-4), (46,42), (45,42), (45,43), (44,43), (43,43), (43,44), (-4,-4), (-4,-4), (-4,-4)]
Turtle 5 :[(-5,-5), (19,49), (19,49), (18,49), (18,48), (19,48), (20,48), (20,47), (20,46), (20,45)]

Shrinking Run 42
#Info# Executed steps before collision: 9, Found collision: false
Turtle 1 :[(-1,-1), (23,39), (23,39), (22,39), (22,40), (21,40), (21,40), (20,40), (19,40), (-1,-1)]
Turtle 2 :[(-2,-2), (14,5), (14,4), (14,4), (14,4), (15,4), (-2,-2), (-2,-2), (-2,-2), (-2,-2)]
Turtle 3 :[(-3,-3), (20,49), (20,48), (20,48), (20,47), (21,47), (22,47), (23,47), (-3,-3), (-3,-3)]
Turtle 4 :[(-4,-4), (46,42), (45,42), (45,43), (44,43), (43,43), (43,44), (-4,-4), (-4,-4), (-4,-4)]
Turtle 5 :[(-5,-5), (19,49), (19,48), (19,48), (19,48), (19,47), (19,47), (20,47), (20,47), (20,46)]

Shrinking Run 43
#Info# Executed steps before collision: 3, Found collision: true
Turtle 1 :[(-1,-1), (23,39), (23,39), (22,39), (22,40), (21,40), (21,40), (20,40), (19,40)]
Turtle 2 :[(-2,-2), (14,5), (14,4), (14,4), (14,4), (15,4), (-2,-2), (-2,-2), (-2,-2)]
Turtle 3 :[(-3,-3), (20,49), (20,48), (20,48), (20,47), (21,47), (22,47), (23,47), (-3,-3)]
Turtle 4 :[(-4,-4), (46,42), (45,42), (45,43), (44,43), (43,43), (43,44), (-4,-4), (-4,-4)]
Turtle 5 :[(-5,-5), (19,49), (20,49), (20,48), (20,49), (20,48), (20,47), (-5,-5), (-5,-5)]

Shrinking Run 44
#Info# Executed steps before collision: 8, Found collision: false
Turtle 1 :[(-1,-1), (23,39), (23,39), (23,38), (23,37), (22,37), (22,37), (21,37), (20,37)]
Turtle 2 :[(-2,-2), (14,5), (14,4), (14,4), (14,4), (15,4), (-2,-2), (-2,-2), (-2,-2)]
Turtle 3 :[(-3,-3), (20,49), (20,48), (20,48), (20,47), (21,47), (22,47), (23,47), (-3,-3)]
Turtle 4 :[(-4,-4), (46,42), (45,42), (45,43), (44,43), (43,43), (43,44), (-4,-4), (-4,-4)]
Turtle 5 :[(-5,-5), (19,49), (19,48), (19,47), (19,48), (19,47), (20,47), (-5,-5), (-5,-5)]

Shrinking Run 45
#Info# Executed steps before collision: 3, Found collision: true
Turtle 1 :[(-1,-1), (23,39), (23,39), (22,39), (22,38), (21,38), (21,38), (20,38), (19,38)]
Turtle 2 :[(-2,-2), (14,5), (14,4), (14,4), (14,4), (15,4), (-2,-2), (-2,-2), (-2,-2)]
Turtle 3 :[(-3,-3), (20,49), (20,48), (20,48), (20,47), (21,47), (22,47), (23,47), (-3,-3)]
Turtle 4 :[(-4,-4), (46,42), (45,42), (45,43), (44,43), (43,43), (43,44), (-4,-4), (-4,-4)]
Turtle 5 :[(-5,-5), (19,49), (20,49), (20,48), (19,48), (19,47), (20,47), (-5,-5), (-5,-5)]

Shrinking Run 46
#Info# Executed steps before collision: 3, Found collision: true
Turtle 1 :[(-1,-1), (23,39), (23,39), (22,39), (22,38), (21,38), (21,38), (20,38), (20,37)]
Turtle 2 :[(-2,-2), (14,5), (14,4), (14,4), (14,4), (15,4), (-2,-2), (-2,-2), (-2,-2)]
Turtle 3 :[(-3,-3), (20,49), (20,48), (20,48), (20,47), (21,47), (22,47), (23,47), (-3,-3)]
Turtle 4 :[(-4,-4), (46,42), (45,42), (45,43), (44,43), (43,43), (43,44), (-4,-4), (-4,-4)]
Turtle 5 :[(-5,-5), (19,49), (20,49), (20,48), (19,48), (20,48), (20,47), (-5,-5), (-5,-5)]

Shrinking Run 47
#Info# Executed steps before collision: 8, Found collision: false
Turtle 1 :[(-1,-1), (23,39), (23,39), (22,39), (21,39), (20,39), (20,39), (19,39), (19,38)]
Turtle 2 :[(-2,-2), (14,5), (14,4), (14,4), (14,4), (15,4), (-2,-2), (-2,-2), (-2,-2)]
Turtle 3 :[(-3,-3), (20,49), (20,48), (20,48), (20,47), (21,47), (22,47), (23,47), (-3,-3)]
Turtle 4 :[(-4,-4), (46,42), (45,42), (45,43), (44,43), (43,43), (43,44), (-4,-4), (-4,-4)]
Turtle 5 :[(-5,-5), (19,49), (19,49), (20,49), (21,49), (21,48), (20,48), (20,47), (-5,-5)]

Shrinking Run 48
#Info# Executed steps before collision: 3, Found collision: true
Turtle 1 :[(-1,-1), (23,39), (23,38), (22,38), (21,38), (20,38), (19,38), (-1,-1)]
Turtle 2 :[(-2,-2), (14,5), (14,4), (14,4), (14,4), (15,4), (-2,-2), (-2,-2)]
Turtle 3 :[(-3,-3), (20,49), (20,48), (20,48), (20,47), (21,47), (22,47), (23,47)]
Turtle 4 :[(-4,-4), (46,42), (45,42), (45,43), (44,43), (43,43), (43,44), (-4,-4)]
Turtle 5 :[(-5,-5), (19,49), (20,49), (20,48), (19,48), (19,47), (20,47), (-5,-5)]

Shrinking Run 49
#Info# Executed steps before collision: 3, Found collision: true
Turtle 1 :[(-1,-1), (23,39), (22,39), (21,39), (21,38), (20,38), (19,38), (-1,-1)]
Turtle 2 :[(-2,-2), (14,5), (14,4), (14,4), (14,4), (15,4), (-2,-2), (-2,-2)]
Turtle 3 :[(-3,-3), (20,49), (20,48), (20,48), (20,47), (21,47), (22,47), (23,47)]
Turtle 4 :[(-4,-4), (46,42), (45,42), (45,43), (44,43), (43,43), (43,44), (-4,-4)]
Turtle 5 :[(-5,-5), (19,49), (20,49), (20,48), (20,49), (20,48), (20,47), (-5,-5)]

Shrinking Run 50
#Info# Executed steps before collision: 3, Found collision: true
Turtle 1 :[(-1,-1), (23,39), (22,39), (21,39), (20,39), (20,38), (19,38), (-1,-1)]
Turtle 2 :[(-2,-2), (14,5), (14,4), (14,4), (14,4), (15,4), (-2,-2), (-2,-2)]
Turtle 3 :[(-3,-3), (20,49), (20,48), (20,48), (20,47), (21,47), (22,47), (23,47)]
Turtle 4 :[(-4,-4), (46,42), (45,42), (45,43), (44,43), (43,43), (43,44), (-4,-4)]
Turtle 5 :[(-5,-5), (19,49), (20,49), (20,48), (19,48), (20,48), (20,47), (-5,-5)]

Shrinking Run 51
#Info# Executed steps before collision: 3, Found collision: true
Turtle 1 :[(-1,-1), (23,39), (22,39), (21,39), (20,39), (20,38), (19,38), (-1,-1)]
Turtle 2 :[(-2,-2), (14,5), (13,5), (12,5), (11,5), (10,5), (9,5), (-2,-2)]
Turtle 3 :[(-3,-3), (20,49), (20,48), (20,48), (20,47), (21,47), (22,47), (23,47)]
Turtle 4 :[(-4,-4), (46,42), (45,42), (45,43), (44,43), (43,43), (43,44), (-4,-4)]
Turtle 5 :[(-5,-5), (19,49), (20,49), (20,48), (19,48), (20,48), (20,47), (-5,-5)]

Shrinking Run 52
#Info# Executed steps before collision: 3, Found collision: true
Turtle 1 :[(-1,-1), (23,39), (22,39), (21,39), (20,39), (20,38), (19,38), (-1,-1)]
Turtle 2 :[(-2,-2), (14,5), (13,5), (12,5), (12,4), (12,3), (11,3), (-2,-2)]
Turtle 3 :[(-3,-3), (20,49), (20,48), (20,48), (20,47), (21,47), (22,47), (23,47)]
Turtle 4 :[(-4,-4), (46,42), (45,42), (45,43), (44,43), (43,43), (43,44), (-4,-4)]
Turtle 5 :[(-5,-5), (19,49), (20,49), (20,48), (19,48), (20,48), (20,47), (-5,-5)]

Shrinking Run 53
#Info# Executed steps before collision: 3, Found collision: true
Turtle 1 :[(-1,-1), (23,39), (22,39), (21,39), (20,39), (20,38), (19,38), (-1,-1)]
Turtle 2 :[(-2,-2), (14,5), (13,5), (12,5), (12,4), (11,4), (10,4), (-2,-2)]
Turtle 3 :[(-3,-3), (20,49), (20,48), (20,48), (20,47), (21,47), (22,47), (23,47)]
Turtle 4 :[(-4,-4), (46,42), (45,42), (45,43), (44,43), (43,43), (43,44), (-4,-4)]
Turtle 5 :[(-5,-5), (19,49), (20,49), (20,48), (20,47), (-5,-5), (-5,-5), (-5,-5)]

Shrinking Run 54
#Info# Executed steps before collision: 3, Found collision: true
Turtle 1 :[(-1,-1), (23,39), (22,39), (21,39), (20,39), (20,38), (19,38), (-1,-1)]
Turtle 2 :[(-2,-2), (14,5), (13,5), (12,5), (11,5), (10,5), (10,4), (-2,-2)]
Turtle 3 :[(-3,-3), (20,49), (20,48), (20,48), (20,47), (21,47), (22,47), (23,47)]
Turtle 4 :[(-4,-4), (46,42), (45,42), (45,43), (44,43), (43,43), (43,44), (-4,-4)]
Turtle 5 :[(-5,-5), (19,49), (20,49), (20,48), (20,49), (20,48), (20,47), (-5,-5)]

Shrinking Run 55
#Info# Executed steps before collision: 8, Found collision: false
Turtle 1 :[(-1,-1), (23,39), (22,39), (21,39), (20,39), (20,38), (19,38), (-1,-1), (-1,-1)]
Turtle 2 :[(-2,-2), (14,5), (13,5), (12,5), (11,5), (10,5), (9,5), (-2,-2), (-2,-2)]
Turtle 3 :[(-3,-3), (20,49), (19,49), (19,49), (19,49), (18,49), (18,48), (17,48), (16,48)]
Turtle 4 :[(-4,-4), (46,42), (45,42), (45,43), (44,43), (43,43), (43,44), (-4,-4), (-4,-4)]
Turtle 5 :[(-5,-5), (19,49), (20,49), (20,48), (20,47), (-5,-5), (-5,-5), (-5,-5), (-5,-5)]

Shrinking Run 56
#Info# Executed steps before collision: 3, Found collision: true
Turtle 1 :[(-1,-1), (23,39), (22,39), (21,39), (20,39), (20,38), (19,38), (-1,-1)]
Turtle 2 :[(-2,-2), (14,5), (13,5), (12,5), (11,5), (10,5), (9,5), (-2,-2)]
Turtle 3 :[(-3,-3), (20,49), (20,48), (20,48), (19,48), (19,47), (18,47), (17,47)]
Turtle 4 :[(-4,-4), (46,42), (45,42), (45,43), (44,43), (43,43), (43,44), (-4,-4)]
Turtle 5 :[(-5,-5), (19,49), (20,49), (20,48), (20,47), (-5,-5), (-5,-5), (-5,-5)]

Shrinking Run 57
#Info# Executed steps before collision: 8, Found collision: false
Turtle 1 :[(-1,-1), (23,39), (22,39), (21,39), (20,39), (20,38), (19,38), (-1,-1), (-1,-1)]
Turtle 2 :[(-2,-2), (14,5), (13,5), (12,5), (11,5), (10,5), (9,5), (-2,-2), (-2,-2)]
Turtle 3 :[(-3,-3), (20,49), (19,49), (19,49), (19,49), (18,49), (18,48), (17,48), (17,47)]
Turtle 4 :[(-4,-4), (46,42), (45,42), (45,43), (44,43), (43,43), (43,44), (-4,-4), (-4,-4)]
Turtle 5 :[(-5,-5), (19,49), (20,49), (20,48), (20,47), (-5,-5), (-5,-5), (-5,-5), (-5,-5)]

Shrinking Run 58
#Info# Executed steps before collision: 3, Found collision: true
Turtle 1 :[(-1,-1), (23,39), (22,39), (21,39), (20,39), (20,38), (19,38), (-1,-1), (-1,-1), (-1,-1)]
Turtle 2 :[(-2,-2), (14,5), (13,5), (12,5), (11,5), (10,5), (9,5), (-2,-2), (-2,-2), (-2,-2)]
Turtle 3 :[(-3,-3), (20,49), (20,48), (20,48), (20,49), (20,48), (20,47), (19,47), (19,46), (18,46)]
Turtle 4 :[(-4,-4), (46,42), (45,42), (45,43), (44,43), (43,43), (43,44), (-4,-4), (-4,-4), (-4,-4)]
Turtle 5 :[(-5,-5), (19,49), (20,49), (20,48), (20,47), (-5,-5), (-5,-5), (-5,-5), (-5,-5), (-5,-5)]

Shrinking Run 59
#Info# Executed steps before collision: 3, Found collision: true
Turtle 1 :[(-1,-1), (23,39), (22,39), (21,39), (20,39), (20,38), (19,38), (-1,-1)]
Turtle 2 :[(-2,-2), (14,5), (13,5), (12,5), (11,5), (10,5), (9,5), (-2,-2)]
Turtle 3 :[(-3,-3), (20,49), (20,48), (20,48), (20,47), (19,47), (18,47), (17,47)]
Turtle 4 :[(-4,-4), (46,42), (45,42), (45,43), (44,43), (43,43), (43,44), (-4,-4)]
Turtle 5 :[(-5,-5), (19,49), (20,49), (20,48), (19,48), (20,48), (20,47), (-5,-5)]

Shrinking Run 60
#Info# Executed steps before collision: 6, Found collision: false
Turtle 1 :[(-1,-1), (23,39), (22,39), (21,39), (20,39), (20,38), (19,38)]
Turtle 2 :[(-2,-2), (14,5), (13,5), (12,5), (11,5), (10,5), (9,5)]
Turtle 3 :[(-3,-3), (20,49), (19,49), (19,48), (18,48), (17,48), (17,47)]
Turtle 4 :[(-4,-4), (46,42), (45,42), (45,43), (44,43), (43,43), (43,44)]
Turtle 5 :[(-5,-5), (19,49), (20,49), (21,49), (21,48), (21,47), (20,47)]

Shrinking Run 61
#Info# Executed steps before collision: 7, Found collision: false
Turtle 1 :[(-1,-1), (23,39), (22,39), (21,39), (20,39), (20,38), (19,38), (-1,-1)]
Turtle 2 :[(-2,-2), (14,5), (13,5), (12,5), (11,5), (10,5), (9,5), (-2,-2)]
Turtle 3 :[(-3,-3), (20,49), (19,49), (19,49), (19,48), (18,48), (17,48), (17,47)]
Turtle 4 :[(-4,-4), (46,42), (45,42), (45,43), (44,43), (43,43), (43,44), (-4,-4)]
Turtle 5 :[(-5,-5), (19,49), (20,49), (20,48), (20,47), (-5,-5), (-5,-5), (-5,-5)]

Shrinking Run 62
#Info# Executed steps before collision: 8, Found collision: false
Turtle 1 :[(-1,-1), (23,39), (22,39), (21,39), (20,39), (20,38), (19,38), (-1,-1), (-1,-1)]
Turtle 2 :[(-2,-2), (14,5), (13,5), (12,5), (11,5), (10,5), (9,5), (-2,-2), (-2,-2)]
Turtle 3 :[(-3,-3), (20,49), (20,48), (19,48), (19,48), (18,48), (18,48), (17,48), (17,47)]
Turtle 4 :[(-4,-4), (46,42), (45,42), (45,43), (44,43), (43,43), (43,44), (-4,-4), (-4,-4)]
Turtle 5 :[(-5,-5), (19,49), (20,49), (20,48), (20,47), (-5,-5), (-5,-5), (-5,-5), (-5,-5)]

Shrinking Run 63
#Info# Executed steps before collision: 3, Found collision: true
Turtle 1 :[(-1,-1), (23,39), (22,39), (21,39), (20,39), (20,38), (19,38), (-1,-1), (-1,-1)]
Turtle 2 :[(-2,-2), (14,5), (13,5), (12,5), (11,5), (10,5), (9,5), (-2,-2), (-2,-2)]
Turtle 3 :[(-3,-3), (20,49), (20,48), (20,48), (19,48), (18,48), (18,48), (17,48), (17,47)]
Turtle 4 :[(-4,-4), (46,42), (45,42), (45,43), (44,43), (43,43), (43,44), (-4,-4), (-4,-4)]
Turtle 5 :[(-5,-5), (19,49), (20,49), (20,48), (20,47), (-5,-5), (-5,-5), (-5,-5), (-5,-5)]

Shrinking Run 64
#Info# Executed steps before collision: 8, Found collision: false
Turtle 1 :[(-1,-1), (23,39), (22,39), (21,39), (20,39), (20,38), (19,38), (-1,-1), (-1,-1)]
Turtle 2 :[(-2,-2), (14,5), (13,5), (12,5), (11,5), (10,5), (9,5), (-2,-2), (-2,-2)]
Turtle 3 :[(-3,-3), (20,49), (20,48), (20,48), (19,48), (18,48), (17,48), (17,48), (17,47)]
Turtle 4 :[(-4,-4), (46,42), (45,42), (45,43), (44,43), (43,43), (43,44), (-4,-4), (-4,-4)]
Turtle 5 :[(-5,-5), (19,49), (19,49), (20,49), (20,49), (20,48), (20,47), (-5,-5), (-5,-5)]

Shrinking Run 65
#Info# Executed steps before collision: 3, Found collision: true
Turtle 1 :[(-1,-1), (23,39), (22,39), (21,39), (20,39), (20,38), (19,38), (-1,-1), (-1,-1)]
Turtle 2 :[(-2,-2), (14,5), (13,5), (12,5), (11,5), (10,5), (9,5), (-2,-2), (-2,-2)]
Turtle 3 :[(-3,-3), (20,49), (20,48), (20,48), (19,48), (18,48), (18,48), (17,48), (17,47)]
Turtle 4 :[(-4,-4), (46,42), (45,42), (45,43), (44,43), (43,43), (42,43), (-4,-4), (-4,-4)]
Turtle 5 :[(-5,-5), (19,49), (20,49), (20,48), (20,47), (-5,-5), (-5,-5), (-5,-5), (-5,-5)]

Shrinking Run 66
#Info# Executed steps before collision: 8, Found collision: false
Turtle 1 :[(-1,-1), (23,39), (22,39), (21,39), (20,39), (20,38), (19,38), (-1,-1), (-1,-1)]
Turtle 2 :[(-2,-2), (14,5), (13,5), (12,5), (11,5), (10,5), (9,5), (-2,-2), (-2,-2)]
Turtle 3 :[(-3,-3), (20,49), (20,48), (20,48), (19,48), (18,48), (18,48), (17,48), (17,47)]
Turtle 4 :[(-4,-4), (46,42), (45,42), (45,41), (44,41), (43,41), (42,41), (-4,-4), (-4,-4)]
Turtle 5 :[(-5,-5), (19,49), (19,48), (19,47), (20,47), (-5,-5), (-5,-5), (-5,-5), (-5,-5)]

Shrinking Run 67
#Info# Executed steps before collision: 3, Found collision: true
Turtle 1 :[(-1,-1), (23,39), (22,39), (21,39), (20,39), (20,38), (19,38), (-1,-1), (-1,-1)]
Turtle 2 :[(-2,-2), (14,5), (13,5), (12,5), (11,5), (10,5), (9,5), (-2,-2), (-2,-2)]
Turtle 3 :[(-3,-3), (20,49), (20,48), (20,48), (19,48), (18,48), (18,48), (17,48), (17,47)]
Turtle 4 :[(-4,-4), (46,42), (45,42), (44,42), (43,42), (42,42), (41,42), (-4,-4), (-4,-4)]
Turtle 5 :[(-5,-5), (19,49), (20,49), (20,48), (20,47), (-5,-5), (-5,-5), (-5,-5), (-5,-5)]

Shrinking Run 68
#Info# Executed steps before collision: 9, Found collision: false
Turtle 1 :[(-1,-1), (23,39), (22,39), (21,39), (20,39), (20,38), (19,38), (-1,-1), (-1,-1), (-1,-1)]
Turtle 2 :[(-2,-2), (14,5), (13,5), (12,5), (11,5), (10,5), (9,5), (-2,-2), (-2,-2), (-2,-2)]
Turtle 3 :[(-3,-3), (20,49), (20,48), (20,48), (19,48), (18,48), (18,49), (18,48), (18,47), (17,47)]
Turtle 4 :[(-4,-4), (46,42), (45,42), (44,42), (43,42), (42,42), (41,42), (-4,-4), (-4,-4), (-4,-4)]
Turtle 5 :[(-5,-5), (19,49), (19,48), (19,48), (19,47), (18,47), (17,47), (16,47), (-5,-5), (-5,-5)]

Shrinking Run 69
#Info# Executed steps before collision: 8, Found collision: false
Turtle 1 :[(-1,-1), (23,39), (22,39), (21,39), (20,39), (20,38), (19,38), (-1,-1), (-1,-1)]
Turtle 2 :[(-2,-2), (14,5), (13,5), (12,5), (11,5), (10,5), (9,5), (-2,-2), (-2,-2)]
Turtle 3 :[(-3,-3), (20,49), (20,48), (20,48), (19,48), (19,48), (19,47), (18,47), (17,47)]
Turtle 4 :[(-4,-4), (46,42), (45,42), (44,42), (43,42), (42,42), (41,42), (-4,-4), (-4,-4)]
Turtle 5 :[(-5,-5), (19,49), (19,49), (19,48), (19,47), (18,47), (-5,-5), (-5,-5), (-5,-5)]

Shrinking Run 70
#Info# Executed steps before collision: 8, Found collision: false
Turtle 1 :[(-1,-1), (23,39), (22,39), (21,39), (20,39), (20,38), (19,38), (-1,-1), (-1,-1)]
Turtle 2 :[(-2,-2), (14,5), (13,5), (12,5), (11,5), (10,5), (9,5), (-2,-2), (-2,-2)]
Turtle 3 :[(-3,-3), (20,49), (20,48), (20,48), (19,48), (18,48), (18,48), (17,48), (17,47)]
Turtle 4 :[(-4,-4), (46,42), (45,42), (44,42), (43,42), (42,42), (41,42), (-4,-4), (-4,-4)]
Turtle 5 :[(-5,-5), (19,49), (19,48), (19,47), (-5,-5), (-5,-5), (-5,-5), (-5,-5), (-5,-5)]

Shrinking Run 71
#Info# Executed steps before collision: 9, Found collision: false
Turtle 1 :[(-1,-1), (23,39), (22,39), (21,39), (20,39), (20,38), (19,38), (-1,-1), (-1,-1), (-1,-1)]
Turtle 2 :[(-2,-2), (14,5), (13,5), (12,5), (11,5), (10,5), (9,5), (-2,-2), (-2,-2), (-2,-2)]
Turtle 3 :[(-3,-3), (20,49), (20,48), (20,48), (21,48), (20,48), (19,48), (19,47), (18,47), (17,47)]
Turtle 4 :[(-4,-4), (46,42), (45,42), (44,42), (43,42), (42,42), (41,42), (-4,-4), (-4,-4), (-4,-4)]
Turtle 5 :[(-5,-5), (19,49), (19,48), (19,48), (19,48), (19,47), (19,46), (19,45), (20,45), (-5,-5)]

Shrinking Run 72
#Info# Executed steps before collision: 8, Found collision: false
Turtle 1 :[(-1,-1), (23,39), (22,39), (21,39), (20,39), (20,38), (19,38), (-1,-1), (-1,-1)]
Turtle 2 :[(-2,-2), (14,5), (13,5), (12,5), (11,5), (10,5), (9,5), (-2,-2), (-2,-2)]
Turtle 3 :[(-3,-3), (20,49), (20,48), (20,48), (19,48), (18,48), (18,48), (17,48), (17,47)]
Turtle 4 :[(-4,-4), (46,42), (45,42), (44,42), (43,42), (42,42), (41,42), (-4,-4), (-4,-4)]
Turtle 5 :[(-5,-5), (19,49), (19,48), (19,47), (19,46), (20,46), (-5,-5), (-5,-5), (-5,-5)]

Shrinking Run 73
#Info# Executed steps before collision: 3, Found collision: true
Turtle 1 :[(-1,-1), (23,39), (23,39), (23,38), (23,37), (22,37), (22,37), (21,37), (20,37)]
Turtle 2 :[(-2,-2), (14,5), (13,5), (12,5), (11,5), (10,5), (9,5), (-2,-2), (-2,-2)]
Turtle 3 :[(-3,-3), (20,49), (20,48), (20,48), (19,48), (18,48), (18,48), (17,48), (17,47)]
Turtle 4 :[(-4,-4), (46,42), (45,42), (44,42), (43,42), (42,42), (41,42), (-4,-4), (-4,-4)]
Turtle 5 :[(-5,-5), (19,49), (20,49), (20,48), (20,47), (-5,-5), (-5,-5), (-5,-5), (-5,-5)]

Shrinking Run 74
#Info# Executed steps before collision: 3, Found collision: true
Turtle 1 :[(-1,-1), (23,39), (23,39), (22,39), (22,38), (21,38), (21,38), (20,38), (20,37)]
Turtle 2 :[(-2,-2), (14,5), (13,5), (12,5), (11,5), (10,5), (9,5), (-2,-2), (-2,-2)]
Turtle 3 :[(-3,-3), (20,49), (20,48), (20,48), (19,48), (18,48), (18,48), (17,48), (17,47)]
Turtle 4 :[(-4,-4), (46,42), (45,42), (44,42), (43,42), (42,42), (41,42), (-4,-4), (-4,-4)]
Turtle 5 :[(-5,-5), (19,49), (20,49), (20,48), (20,47), (-5,-5), (-5,-5), (-5,-5), (-5,-5)]

Shrinking Run 75
#Info# Executed steps before collision: 3, Found collision: true
Turtle 1 :[(-1,-1), (23,39), (23,39), (22,39), (21,39), (20,39), (20,39), (19,39), (19,38)]
Turtle 2 :[(-2,-2), (14,5), (13,5), (12,5), (11,5), (10,5), (9,5), (-2,-2), (-2,-2)]
Turtle 3 :[(-3,-3), (20,49), (20,48), (20,48), (19,48), (18,48), (18,48), (17,48), (17,47)]
Turtle 4 :[(-4,-4), (46,42), (45,42), (44,42), (43,42), (42,42), (41,42), (-4,-4), (-4,-4)]
Turtle 5 :[(-5,-5), (19,49), (20,49), (20,48), (20,47), (-5,-5), (-5,-5), (-5,-5), (-5,-5)]

Shrinking Run 76
#Info# Executed steps before collision: 3, Found collision: true
Turtle 1 :[(-1,-1), (23,39), (23,39), (22,39), (21,39), (20,39), (20,39), (19,39), (18,39)]
Turtle 2 :[(-2,-2), (14,5), (13,5), (12,5), (11,5), (10,5), (9,5), (-2,-2), (-2,-2)]
Turtle 3 :[(-3,-3), (20,49), (20,48), (20,48), (19,48), (18,48), (18,48), (17,48), (17,47)]
Turtle 4 :[(-4,-4), (46,42), (45,42), (44,42), (43,42), (42,42), (41,42), (-4,-4), (-4,-4)]
Turtle 5 :[(-5,-5), (19,49), (20,49), (20,48), (20,47), (-5,-5), (-5,-5), (-5,-5), (-5,-5)]

Shrinking Run 77
#Info# Executed steps before collision: 3, Found collision: true
Turtle 1 :[(-1,-1), (23,39), (22,39), (21,39), (20,39), (19,39), (18,39), (-1,-1), (-1,-1)]
Turtle 2 :[(-2,-2), (14,5), (13,5), (12,5), (11,5), (10,5), (9,5), (-2,-2), (-2,-2)]
Turtle 3 :[(-3,-3), (20,49), (20,48), (20,48), (19,48), (18,48), (18,48), (17,48), (17,47)]
Turtle 4 :[(-4,-4), (46,42), (45,42), (44,42), (43,42), (42,42), (41,42), (-4,-4), (-4,-4)]
Turtle 5 :[(-5,-5), (19,49), (19,48), (20,48), (20,47), (-5,-5), (-5,-5), (-5,-5), (-5,-5)]

Shrinking Run 78
#Info# Executed steps before collision: 8, Found collision: false
Turtle 1 :[(-1,-1), (23,39), (22,39), (21,39), (20,39), (19,39), (18,39), (-1,-1), (-1,-1)]
Turtle 2 :[(-2,-2), (14,5), (13,5), (12,5), (11,5), (10,5), (9,5), (-2,-2), (-2,-2)]
Turtle 3 :[(-3,-3), (20,49), (19,49), (19,49), (19,49), (18,49), (18,48), (17,48), (16,48)]
Turtle 4 :[(-4,-4), (46,42), (45,42), (44,42), (43,42), (42,42), (41,42), (-4,-4), (-4,-4)]
Turtle 5 :[(-5,-5), (19,49), (20,49), (20,48), (20,47), (-5,-5), (-5,-5), (-5,-5), (-5,-5)]

Shrinking Run 79
#Info# Executed steps before collision: 8, Found collision: false
Turtle 1 :[(-1,-1), (23,39), (22,39), (21,39), (20,39), (19,39), (18,39), (-1,-1), (-1,-1)]
Turtle 2 :[(-2,-2), (14,5), (13,5), (12,5), (11,5), (10,5), (9,5), (-2,-2), (-2,-2)]
Turtle 3 :[(-3,-3), (20,49), (19,49), (19,49), (19,49), (18,49), (18,48), (17,48), (17,47)]
Turtle 4 :[(-4,-4), (46,42), (45,42), (44,42), (43,42), (42,42), (41,42), (-4,-4), (-4,-4)]
Turtle 5 :[(-5,-5), (19,49), (20,49), (20,48), (20,47), (-5,-5), (-5,-5), (-5,-5), (-5,-5)]

Shrinking Run 80
#Info# Executed steps before collision: 6, Found collision: false
Turtle 1 :[(-1,-1), (23,39), (22,39), (21,39), (20,39), (19,39), (18,39)]
Turtle 2 :[(-2,-2), (14,5), (13,5), (12,5), (11,5), (10,5), (9,5)]
Turtle 3 :[(-3,-3), (20,49), (19,49), (19,48), (18,48), (17,48), (17,47)]
Turtle 4 :[(-4,-4), (46,42), (45,42), (44,42), (43,42), (42,42), (41,42)]
Turtle 5 :[(-5,-5), (19,49), (20,49), (21,49), (21,48), (21,47), (20,47)]

Shrinking Run 81
#Info# Executed steps before collision: 7, Found collision: false
Turtle 1 :[(-1,-1), (23,39), (22,39), (21,39), (20,39), (19,39), (18,39), (-1,-1)]
Turtle 2 :[(-2,-2), (14,5), (13,5), (12,5), (11,5), (10,5), (9,5), (-2,-2)]
Turtle 3 :[(-3,-3), (20,49), (19,49), (19,49), (19,48), (18,48), (17,48), (17,47)]
Turtle 4 :[(-4,-4), (46,42), (45,42), (44,42), (43,42), (42,42), (41,42), (-4,-4)]
Turtle 5 :[(-5,-5), (19,49), (18,49), (18,48), (18,47), (19,47), (20,47), (-5,-5)]

Shrinking Run 82
#Info# Executed steps before collision: 8, Found collision: false
Turtle 1 :[(-1,-1), (23,39), (22,39), (21,39), (20,39), (19,39), (18,39), (-1,-1), (-1,-1)]
Turtle 2 :[(-2,-2), (14,5), (13,5), (12,5), (11,5), (10,5), (9,5), (-2,-2), (-2,-2)]
Turtle 3 :[(-3,-3), (20,49), (20,48), (19,48), (19,48), (18,48), (18,48), (17,48), (17,47)]
Turtle 4 :[(-4,-4), (46,42), (45,42), (44,42), (43,42), (42,42), (41,42), (-4,-4), (-4,-4)]
Turtle 5 :[(-5,-5), (19,49), (20,49), (20,48), (20,47), (-5,-5), (-5,-5), (-5,-5), (-5,-5)]

Shrinking Run 83
#Info# Executed steps before collision: 8, Found collision: false
Turtle 1 :[(-1,-1), (23,39), (22,39), (21,39), (20,39), (19,39), (18,39), (-1,-1), (-1,-1)]
Turtle 2 :[(-2,-2), (14,5), (13,5), (12,5), (11,5), (10,5), (9,5), (-2,-2), (-2,-2)]
Turtle 3 :[(-3,-3), (20,49), (20,48), (20,48), (19,48), (18,48), (17,48), (17,48), (17,47)]
Turtle 4 :[(-4,-4), (46,42), (45,42), (44,42), (43,42), (42,42), (41,42), (-4,-4), (-4,-4)]
Turtle 5 :[(-5,-5), (19,49), (18,49), (18,48), (18,47), (19,47), (20,47), (-5,-5), (-5,-5)]

Shrinking Run 84
#Info# Executed steps before collision: 8, Found collision: false
Turtle 1 :[(-1,-1), (23,39), (22,39), (21,39), (20,39), (19,39), (18,39), (-1,-1), (-1,-1)]
Turtle 2 :[(-2,-2), (14,5), (13,5), (12,5), (11,5), (10,5), (9,5), (-2,-2), (-2,-2)]
Turtle 3 :[(-3,-3), (20,49), (20,48), (20,48), (19,48), (18,48), (18,48), (17,48), (17,47)]
Turtle 4 :[(-4,-4), (46,42), (45,42), (45,41), (44,41), (43,41), (42,41), (-4,-4), (-4,-4)]
Turtle 5 :[(-5,-5), (19,49), (19,49), (20,49), (20,49), (20,48), (20,47), (-5,-5), (-5,-5)]

Shrinking Run 85
#Info# Executed steps before collision: 9, Found collision: false
Turtle 1 :[(-1,-1), (23,39), (22,39), (21,39), (20,39), (19,39), (18,39), (-1,-1), (-1,-1), (-1,-1)]
Turtle 2 :[(-2,-2), (14,5), (13,5), (12,5), (11,5), (10,5), (9,5), (-2,-2), (-2,-2), (-2,-2)]
Turtle 3 :[(-3,-3), (20,49), (20,48), (20,48), (20,47), (19,47), (18,47), (17,47), (-3,-3), (-3,-3)]
Turtle 4 :[(-4,-4), (46,42), (45,42), (44,42), (43,42), (42,42), (41,42), (-4,-4), (-4,-4), (-4,-4)]
Turtle 5 :[(-5,-5), (19,49), (19,48), (19,48), (19,48), (18,48), (18,48), (17,48), (16,48), (16,47)]

Shrinking Run 86
#Info# Executed steps before collision: 8, Found collision: false
Turtle 1 :[(-1,-1), (23,39), (22,39), (21,39), (20,39), (19,39), (18,39), (-1,-1), (-1,-1)]
Turtle 2 :[(-2,-2), (14,5), (13,5), (12,5), (11,5), (10,5), (9,5), (-2,-2), (-2,-2)]
Turtle 3 :[(-3,-3), (20,49), (20,48), (20,48), (19,48), (18,48), (18,48), (17,48), (17,47)]
Turtle 4 :[(-4,-4), (46,42), (45,42), (44,42), (43,42), (42,42), (41,42), (-4,-4), (-4,-4)]
Turtle 5 :[(-5,-5), (19,49), (19,48), (19,47), (18,47), (-5,-5), (-5,-5), (-5,-5), (-5,-5)]

Shrinking Run 87
#Info# Executed steps before collision: 4, Found collision: true
Turtle 1 :[(-1,-1), (23,39), (22,39), (21,39), (20,39), (19,39), (18,39), (-1,-1), (-1,-1)]
Turtle 2 :[(-2,-2), (14,5), (13,5), (12,5), (11,5), (10,5), (9,5), (-2,-2), (-2,-2)]
Turtle 3 :[(-3,-3), (20,49), (20,48), (20,48), (19,48), (18,48), (18,48), (17,48), (17,47)]
Turtle 4 :[(-4,-4), (46,42), (45,42), (44,42), (43,42), (42,42), (41,42), (-4,-4), (-4,-4)]
Turtle 5 :[(-5,-5), (19,49), (18,49), (18,48), (19,48), (19,47), (-5,-5), (-5,-5), (-5,-5)]

Shrinking Run 88
#Info# Executed steps before collision: 10, Found collision: false
Turtle 1 :[(-1,-1), (23,39), (22,39), (21,39), (20,39), (19,39), (18,39), (-1,-1), (-1,-1), (-1,-1), (-1,-1)]
Turtle 2 :[(-2,-2), (14,5), (13,5), (12,5), (11,5), (10,5), (9,5), (-2,-2), (-2,-2), (-2,-2), (-2,-2)]
Turtle 3 :[(-3,-3), (20,49), (20,48), (20,48), (20,48), (20,48), (19,48), (18,48), (18,48), (17,48), (17,47)]
Turtle 4 :[(-4,-4), (46,42), (45,42), (44,42), (43,42), (42,42), (41,42), (-4,-4), (-4,-4), (-4,-4), (-4,-4)]
Turtle 5 :[(-5,-5), (19,49), (19,48), (19,48), (19,48), (19,47), (19,47), (19,46), (19,46), (19,45), (19,44)]

Shrinking Run 89
#Info# Executed steps before collision: 8, Found collision: false
Turtle 1 :[(-1,-1), (23,39), (22,39), (21,39), (20,39), (19,39), (18,39), (-1,-1), (-1,-1)]
Turtle 2 :[(-2,-2), (14,5), (13,5), (12,5), (11,5), (10,5), (9,5), (-2,-2), (-2,-2)]
Turtle 3 :[(-3,-3), (20,49), (20,48), (20,48), (19,48), (18,48), (18,48), (17,48), (17,47)]
Turtle 4 :[(-4,-4), (46,42), (45,42), (44,42), (43,42), (42,42), (41,42), (-4,-4), (-4,-4)]
Turtle 5 :[(-5,-5), (19,49), (19,48), (19,47), (19,46), (-5,-5), (-5,-5), (-5,-5), (-5,-5)]

Shrinking Run 90
#Info# Executed steps before collision: 8, Found collision: false
Turtle 1 :[(-1,-1), (23,39), (22,39), (21,39), (20,39), (19,39), (18,39), (-1,-1), (-1,-1)]
Turtle 2 :[(-2,-2), (14,5), (13,5), (12,5), (11,5), (10,5), (9,5), (-2,-2), (-2,-2)]
Turtle 3 :[(-3,-3), (20,49), (19,49), (19,49), (19,49), (18,49), (18,48), (17,48), (16,48)]
Turtle 4 :[(-4,-4), (46,42), (45,42), (44,42), (43,42), (42,42), (41,42), (-4,-4), (-4,-4)]
Turtle 5 :[(-5,-5), (19,49), (19,48), (19,47), (-5,-5), (-5,-5), (-5,-5), (-5,-5), (-5,-5)]

Shrinking Run 91
#Info# Executed steps before collision: 8, Found collision: false
Turtle 1 :[(-1,-1), (23,39), (22,39), (21,39), (20,39), (19,39), (18,39), (-1,-1), (-1,-1)]
Turtle 2 :[(-2,-2), (14,5), (13,5), (12,5), (11,5), (10,5), (9,5), (-2,-2), (-2,-2)]
Turtle 3 :[(-3,-3), (20,49), (19,49), (19,49), (19,49), (18,49), (18,48), (17,48), (17,47)]
Turtle 4 :[(-4,-4), (46,42), (45,42), (44,42), (43,42), (42,42), (41,42), (-4,-4), (-4,-4)]
Turtle 5 :[(-5,-5), (19,49), (19,48), (19,47), (-5,-5), (-5,-5), (-5,-5), (-5,-5), (-5,-5)]

Shrinking Run 92
#Info# Executed steps before collision: 8, Found collision: false
Turtle 1 :[(-1,-1), (23,39), (22,39), (21,39), (20,39), (19,39), (18,39), (-1,-1), (-1,-1)]
Turtle 2 :[(-2,-2), (14,5), (13,5), (12,5), (11,5), (10,5), (9,5), (-2,-2), (-2,-2)]
Turtle 3 :[(-3,-3), (20,49), (19,49), (20,49), (20,48), (19,48), (18,48), (17,48), (17,47)]
Turtle 4 :[(-4,-4), (46,42), (45,42), (44,42), (43,42), (42,42), (41,42), (-4,-4), (-4,-4)]
Turtle 5 :[(-5,-5), (19,49), (19,48), (19,47), (-5,-5), (-5,-5), (-5,-5), (-5,-5), (-5,-5)]

Shrinking Run 93
#Info# Executed steps before collision: 7, Found collision: false
Turtle 1 :[(-1,-1), (23,39), (22,39), (21,39), (20,39), (19,39), (18,39), (-1,-1)]
Turtle 2 :[(-2,-2), (14,5), (13,5), (12,5), (11,5), (10,5), (9,5), (-2,-2)]
Turtle 3 :[(-3,-3), (20,49), (19,49), (19,49), (19,48), (18,48), (17,48), (17,47)]
Turtle 4 :[(-4,-4), (46,42), (45,42), (44,42), (43,42), (42,42), (41,42), (-4,-4)]
Turtle 5 :[(-5,-5), (19,49), (19,48), (19,47), (-5,-5), (-5,-5), (-5,-5), (-5,-5)]

Shrinking Run 94
#Info# Executed steps before collision: 8, Found collision: false
Turtle 1 :[(-1,-1), (23,39), (22,39), (21,39), (20,39), (19,39), (18,39), (-1,-1), (-1,-1)]
Turtle 2 :[(-2,-2), (14,5), (13,5), (12,5), (11,5), (10,5), (9,5), (-2,-2), (-2,-2)]
Turtle 3 :[(-3,-3), (20,49), (20,48), (20,47), (20,46), (19,46), (18,46), (18,47), (17,47)]
Turtle 4 :[(-4,-4), (46,42), (45,42), (44,42), (43,42), (42,42), (41,42), (-4,-4), (-4,-4)]
Turtle 5 :[(-5,-5), (19,49), (19,48), (19,47), (-5,-5), (-5,-5), (-5,-5), (-5,-5), (-5,-5)]

Shrinking Run 95
#Info# Executed steps before collision: 8, Found collision: false
Turtle 1 :[(-1,-1), (23,39), (22,39), (21,39), (20,39), (19,39), (18,39), (-1,-1), (-1,-1)]
Turtle 2 :[(-2,-2), (14,5), (13,5), (12,5), (11,5), (10,5), (9,5), (-2,-2), (-2,-2)]
Turtle 3 :[(-3,-3), (20,49), (20,48), (20,48), (19,48), (18,48), (17,48), (17,48), (17,47)]
Turtle 4 :[(-4,-4), (46,42), (45,42), (44,42), (43,42), (42,42), (41,42), (-4,-4), (-4,-4)]
Turtle 5 :[(-5,-5), (19,49), (19,48), (19,47), (-5,-5), (-5,-5), (-5,-5), (-5,-5), (-5,-5)]

Shrink Run 96
#Info# Executed steps before collision: 8, Found collision: false
Turtle 1 :[(-1,-1), (23,39), (22,39), (21,39), (20,39), (19,39), (18,39), (-1,-1), (-1,-1)]
Turtle 2 :[(-2,-2), (14,5), (13,5), (12,5), (11,5), (10,5), (9,5), (-2,-2), (-2,-2)]
Turtle 3 :[(-3,-3), (20,49), (20,48), (20,48), (19,48), (18,48), (18,48), (17,48), (17,47)]
Turtle 4 :[(-4,-4), (46,42), (45,42), (45,41), (44,41), (43,41), (42,41), (-4,-4), (-4,-4)]
Turtle 5 :[(-5,-5), (19,49), (19,48), (19,47), (-5,-5), (-5,-5), (-5,-5), (-5,-5), (-5,-5)]

