Shrinking Run 1
#Info# Executed steps before collision: 3, Found collision: true
Turtle 1 :[(-1,-1), (4,8), (4,7), (3,7), (3,6), (2,6), (2,5)]
Turtle 2 :[(-2,-2), (2,3), (2,2), (3,2), (3,1), (4,1), (-2,-2)]
Turtle 3 :[(-3,-3), (16,2), (16,1), (17,1), (17,0), (18,0), (19,0)]
Turtle 4 :[(-4,-4), (4,1), (3,1), (3,2), (3,3), (3,4), (2,4)]
Turtle 5 :[(-5,-5), (15,3), (16,3), (17,3), (18,3), (19,3), (19,4)]

Shrinking Run 2
#Info# Executed steps before collision: 8, Found collision: false
Turtle 1 :[(-1,-1), (4,8), (4,7), (3,7), (3,6), (3,5), (3,4), (-1,-1), (-1,-1)]
Turtle 2 :[(-2,-2), (2,3), (2,2), (3,2), (3,1), (4,1), (-2,-2), (-2,-2), (-2,-2)]
Turtle 3 :[(-3,-3), (16,2), (16,1), (17,1), (17,0), (18,0), (19,0), (-3,-3), (-3,-3)]
Turtle 4 :[(-4,-4), (4,1), (3,1), (4,1), (4,2), (4,3), (3,3), (2,3), (2,4)]
Turtle 5 :[(-5,-5), (15,3), (16,3), (17,3), (18,3), (19,3), (19,4), (-5,-5), (-5,-5)]

Shrinking Run 3
#Info# Executed steps before collision: 3, Found collision: true
Turtle 1 :[(-1,-1), (4,8), (4,7), (3,7), (2,7), (1,7), (1,6)]
Turtle 2 :[(-2,-2), (2,3), (2,2), (3,2), (3,1), (4,1), (-2,-2)]
Turtle 3 :[(-3,-3), (16,2), (16,1), (17,1), (17,0), (18,0), (19,0)]
Turtle 4 :[(-4,-4), (4,1), (3,1), (3,2), (3,3), (3,4), (2,4)]
Turtle 5 :[(-5,-5), (15,3), (16,3), (17,3), (18,3), (19,3), (19,4)]

Shrinking Run 4
#Info# Executed steps before collision: 3, Found collision: true
Turtle 1 :[(-1,-1), (4,8), (3,8), (2,8), (1,8), (0,8), (0,7)]
Turtle 2 :[(-2,-2), (2,3), (2,2), (3,2), (3,2), (3,1), (4,1)]
Turtle 3 :[(-3,-3), (16,2), (16,1), (17,1), (17,0), (18,0), (19,0)]
Turtle 4 :[(-4,-4), (4,1), (3,1), (3,2), (3,3), (3,4), (2,4)]
Turtle 5 :[(-5,-5), (15,3), (16,3), (17,3), (18,3), (19,3), (19,4)]

Shrinking Run 5
#Info# Executed steps before collision: 3, Found collision: true
Turtle 1 :[(-1,-1), (4,8), (3,8), (2,8), (1,8), (0,8), (0,7)]
Turtle 2 :[(-2,-2), (2,3), (3,3), (3,2), (3,1), (-2,-2), (-2,-2)]
Turtle 3 :[(-3,-3), (16,2), (16,1), (17,1), (17,0), (18,0), (19,0)]
Turtle 4 :[(-4,-4), (4,1), (3,1), (3,2), (3,3), (3,4), (2,4)]
Turtle 5 :[(-5,-5), (15,3), (16,3), (17,3), (18,3), (19,3), (19,4)]

Shrinking Run 6
#Info# Executed steps before collision: 3, Found collision: true
Turtle 1 :[(-1,-1), (4,8), (3,8), (2,8), (1,8), (0,8), (0,7)]
Turtle 2 :[(-2,-2), (2,3), (2,2), (3,2), (3,1), (-2,-2), (-2,-2)]
Turtle 3 :[(-3,-3), (16,2), (16,1), (17,1), (17,0), (18,0), (19,0)]
Turtle 4 :[(-4,-4), (4,1), (3,1), (3,2), (3,3), (3,4), (2,4)]
Turtle 5 :[(-5,-5), (15,3), (16,3), (17,3), (18,3), (19,3), (19,4)]

Shrinking Run 7
#Info# Executed steps before collision: 3, Found collision: true
Turtle 1 :[(-1,-1), (4,8), (3,8), (2,8), (1,8), (0,8), (0,7)]
Turtle 2 :[(-2,-2), (2,3), (3,3), (3,2), (3,1), (-2,-2), (-2,-2)]
Turtle 3 :[(-3,-3), (16,2), (16,1), (15,1), (15,0), (14,0), (13,0)]
Turtle 4 :[(-4,-4), (4,1), (3,1), (3,2), (3,3), (3,4), (2,4)]
Turtle 5 :[(-5,-5), (15,3), (16,3), (17,3), (18,3), (19,3), (19,4)]

Shrinking Run 8
#Info# Executed steps before collision: 3, Found collision: true
Turtle 1 :[(-1,-1), (4,8), (3,8), (2,8), (1,8), (0,8), (0,7)]
Turtle 2 :[(-2,-2), (2,3), (3,3), (3,2), (3,1), (-2,-2), (-2,-2)]
Turtle 3 :[(-3,-3), (16,2), (15,2), (15,1), (15,0), (14,0), (13,0)]
Turtle 4 :[(-4,-4), (4,1), (3,1), (3,2), (3,3), (3,4), (2,4)]
Turtle 5 :[(-5,-5), (15,3), (16,3), (17,3), (18,3), (19,3), (19,4)]

Shrinking Run 9
#Info# Executed steps before collision: 3, Found collision: true
Turtle 1 :[(-1,-1), (4,8), (3,8), (2,8), (1,8), (0,8), (0,7)]
Turtle 2 :[(-2,-2), (2,3), (3,3), (3,2), (3,1), (-2,-2), (-2,-2)]
Turtle 3 :[(-3,-3), (16,2), (15,2), (15,1), (14,1), (13,1), (12,1)]
Turtle 4 :[(-4,-4), (4,1), (3,1), (3,2), (3,3), (3,4), (2,4)]
Turtle 5 :[(-5,-5), (15,3), (16,3), (17,3), (18,3), (19,3), (19,4)]

Shrinking Run 10
#Info# Executed steps before collision: 3, Found collision: true
Turtle 1 :[(-1,-1), (4,8), (3,8), (2,8), (1,8), (0,8), (0,7)]
Turtle 2 :[(-2,-2), (2,3), (3,3), (3,2), (3,1), (-2,-2), (-2,-2)]
Turtle 3 :[(-3,-3), (16,2), (15,2), (14,2), (13,2), (12,2), (12,1)]
Turtle 4 :[(-4,-4), (4,1), (3,1), (3,2), (3,3), (3,4), (2,4)]
Turtle 5 :[(-5,-5), (15,3), (16,3), (17,3), (18,3), (19,3), (19,4)]

Shrinking Run 11
#Info# Executed steps before collision: 3, Found collision: true
Turtle 1 :[(-1,-1), (4,8), (3,8), (2,8), (1,8), (0,8), (0,7)]
Turtle 2 :[(-2,-2), (2,3), (3,3), (3,2), (3,1), (-2,-2), (-2,-2)]
Turtle 3 :[(-3,-3), (16,2), (15,2), (14,2), (13,2), (12,2), (11,2)]
Turtle 4 :[(-4,-4), (4,1), (3,1), (3,2), (3,3), (3,4), (2,4)]
Turtle 5 :[(-5,-5), (15,3), (16,3), (17,3), (18,3), (19,3), (19,4)]

Shrinking Run 12
#Info# Executed steps before collision: 6, Found collision: false
Turtle 1 :[(-1,-1), (4,8), (3,8), (2,8), (1,8), (0,8), (0,7)]
Turtle 2 :[(-2,-2), (2,3), (3,3), (3,2), (3,1), (-2,-2), (-2,-2)]
Turtle 3 :[(-3,-3), (16,2), (15,2), (14,2), (13,2), (12,2), (11,2)]
Turtle 4 :[(-4,-4), (4,1), (3,1), (3,0), (2,0), (1,0), (0,0)]
Turtle 5 :[(-5,-5), (15,3), (16,3), (17,3), (18,3), (19,3), (19,4)]

Shrinking Run 13
#Info# Executed steps before collision: 3, Found collision: true
Turtle 1 :[(-1,-1), (4,8), (3,8), (2,8), (1,8), (0,8), (0,7)]
Turtle 2 :[(-2,-2), (2,3), (3,3), (3,2), (3,1), (-2,-2), (-2,-2)]
Turtle 3 :[(-3,-3), (16,2), (15,2), (14,2), (13,2), (12,2), (11,2)]
Turtle 4 :[(-4,-4), (4,1), (3,1), (3,2), (2,2), (1,2), (0,2)]
Turtle 5 :[(-5,-5), (15,3), (16,3), (17,3), (18,3), (19,3), (19,4)]

Shrinking Run 14
#Info# Executed steps before collision: 8, Found collision: false
Turtle 1 :[(-1,-1), (4,8), (3,8), (2,8), (1,8), (0,8), (0,7), (-1,-1), (-1,-1)]
Turtle 2 :[(-2,-2), (2,3), (3,3), (3,2), (3,1), (-2,-2), (-2,-2), (-2,-2), (-2,-2)]
Turtle 3 :[(-3,-3), (16,2), (17,2), (16,2), (15,2), (14,2), (13,2), (12,2), (11,2)]
Turtle 4 :[(-4,-4), (4,1), (3,1), (2,1), (1,1), (0,1), (-4,-4), (-4,-4), (-4,-4)]
Turtle 5 :[(-5,-5), (15,3), (16,3), (17,3), (18,3), (19,3), (19,4), (-5,-5), (-5,-5)]

Shrinking Run 15
#Info# Executed steps before collision: 6, Found collision: false
Turtle 1 :[(-1,-1), (4,8), (3,8), (2,8), (1,8), (0,8), (0,7)]
Turtle 2 :[(-2,-2), (2,3), (3,3), (3,2), (3,2), (3,1), (-2,-2)]
Turtle 3 :[(-3,-3), (16,2), (15,2), (14,2), (13,2), (12,2), (11,2)]
Turtle 4 :[(-4,-4), (4,1), (3,1), (2,1), (1,1), (1,2), (0,2)]
Turtle 5 :[(-5,-5), (15,3), (16,3), (17,3), (18,3), (19,3), (19,4)]

Shrinking Run 16
#Info# Executed steps before collision: 6, Found collision: false
Turtle 1 :[(-1,-1), (4,8), (3,8), (2,8), (1,8), (0,8), (0,7)]
Turtle 2 :[(-2,-2), (2,3), (3,3), (3,2), (3,3), (3,2), (3,1)]
Turtle 3 :[(-3,-3), (16,2), (15,2), (14,2), (13,2), (12,2), (11,2)]
Turtle 4 :[(-4,-4), (4,1), (3,1), (2,1), (2,2), (1,2), (0,2)]
Turtle 5 :[(-5,-5), (15,3), (16,3), (17,3), (18,3), (19,3), (19,4)]

Shrinking Run 17
#Info# Executed steps before collision: 3, Found collision: true
Turtle 1 :[(-1,-1), (4,8), (3,8), (2,8), (1,8), (0,8), (0,7), (-1,-1), (-1,-1)]
Turtle 2 :[(-2,-2), (2,3), (3,3), (3,2), (4,2), (4,1), (3,1), (-2,-2), (-2,-2)]
Turtle 3 :[(-3,-3), (16,2), (16,1), (15,1), (14,1), (13,1), (12,1), (12,2), (11,2)]
Turtle 4 :[(-4,-4), (4,1), (4,2), (3,2), (2,2), (1,2), (0,2), (-4,-4), (-4,-4)]
Turtle 5 :[(-5,-5), (15,3), (16,3), (17,3), (18,3), (19,3), (19,4), (-5,-5), (-5,-5)]

Shrinking Run 18
#Info# Executed steps before collision: 3, Found collision: true
Turtle 1 :[(-1,-1), (4,8), (3,8), (2,8), (1,8), (0,8), (0,7), (-1,-1), (-1,-1), (-1,-1), (-1,-1), (-1,-1), (-1,-1)]
Turtle 2 :[(-2,-2), (2,3), (3,3), (3,2), (2,2), (3,2), (4,2), (3,2), (3,1), (-2,-2), (-2,-2), (-2,-2), (-2,-2)]
Turtle 3 :[(-3,-3), (16,2), (15,2), (14,2), (13,2), (12,2), (11,2), (-3,-3), (-3,-3), (-3,-3), (-3,-3), (-3,-3), (-3,-3)]
Turtle 4 :[(-4,-4), (4,1), (4,2), (3,2), (4,2), (4,1), (5,1), (4,1), (4,2), (3,2), (2,2), (1,2), (0,2)]
Turtle 5 :[(-5,-5), (15,3), (14,3), (13,3), (12,3), (11,3), (11,4), (-5,-5), (-5,-5), (-5,-5), (-5,-5), (-5,-5), (-5,-5)]

Shrinking Run 19
#Info# Executed steps before collision: 3, Found collision: true
Turtle 1 :[(-1,-1), (4,8), (3,8), (2,8), (1,8), (0,8), (0,7), (-1,-1), (-1,-1)]
Turtle 2 :[(-2,-2), (2,3), (3,3), (3,2), (3,1), (-2,-2), (-2,-2), (-2,-2), (-2,-2)]
Turtle 3 :[(-3,-3), (16,2), (15,2), (14,2), (13,2), (12,2), (11,2), (-3,-3), (-3,-3)]
Turtle 4 :[(-4,-4), (4,1), (4,2), (3,2), (2,2), (1,2), (0,2), (-4,-4), (-4,-4)]
Turtle 5 :[(-5,-5), (15,3), (14,3), (13,3), (12,3), (11,3), (11,4), (11,3), (11,2)]

Shrinking Run 20
#Info# Executed steps before collision: 3, Found collision: true
Turtle 1 :[(-1,-1), (4,8), (3,8), (2,8), (1,8), (0,8), (0,7), (-1,-1), (-1,-1)]
Turtle 2 :[(-2,-2), (2,3), (3,3), (3,2), (3,1), (-2,-2), (-2,-2), (-2,-2), (-2,-2)]
Turtle 3 :[(-3,-3), (16,2), (16,3), (15,3), (14,3), (13,3), (12,3), (12,2), (11,2)]
Turtle 4 :[(-4,-4), (4,1), (4,2), (3,2), (2,2), (1,2), (0,2), (-4,-4), (-4,-4)]
Turtle 5 :[(-5,-5), (15,3), (14,3), (13,3), (12,3), (11,3), (10,3), (-5,-5), (-5,-5)]

Shrinking Run 21
#Info# Executed steps before collision: 3, Found collision: true
Turtle 1 :[(-1,-1), (4,8), (4,7), (3,7), (3,6), (3,5), (3,4), (-1,-1), (-1,-1)]
Turtle 2 :[(-2,-2), (2,3), (3,3), (3,2), (3,2), (3,1), (-2,-2), (-2,-2), (-2,-2)]
Turtle 3 :[(-3,-3), (16,2), (16,1), (15,1), (14,1), (13,1), (12,1), (11,1), (11,2)]
Turtle 4 :[(-4,-4), (4,1), (4,2), (3,2), (2,2), (1,2), (0,2), (-4,-4), (-4,-4)]
Turtle 5 :[(-5,-5), (15,3), (14,3), (13,3), (12,3), (11,3), (10,3), (-5,-5), (-5,-5)]

Shrinking Run 22
#Info# Executed steps before collision: 3, Found collision: true
Turtle 1 :[(-1,-1), (4,8), (4,7), (3,7), (3,6), (2,6), (2,5), (-1,-1), (-1,-1), (-1,-1), (-1,-1)]
Turtle 2 :[(-2,-2), (2,3), (3,3), (3,2), (2,2), (3,2), (3,1), (-2,-2), (-2,-2), (-2,-2), (-2,-2)]
Turtle 3 :[(-3,-3), (16,2), (15,2), (14,2), (13,2), (12,2), (11,2), (-3,-3), (-3,-3), (-3,-3), (-3,-3)]
Turtle 4 :[(-4,-4), (4,1), (4,2), (3,2), (4,2), (4,3), (3,3), (2,3), (1,3), (0,3), (0,2)]
Turtle 5 :[(-5,-5), (15,3), (14,3), (13,3), (12,3), (11,3), (10,3), (-5,-5), (-5,-5), (-5,-5), (-5,-5)]

Shrinking Run 23
#Info# Executed steps before collision: 3, Found collision: true
Turtle 1 :[(-1,-1), (4,8), (4,7), (3,7), (2,7), (1,7), (1,6)]
Turtle 2 :[(-2,-2), (2,3), (3,3), (3,2), (3,1), (-2,-2), (-2,-2)]
Turtle 3 :[(-3,-3), (16,2), (15,2), (14,2), (13,2), (12,2), (11,2)]
Turtle 4 :[(-4,-4), (4,1), (4,2), (3,2), (2,2), (1,2), (0,2)]
Turtle 5 :[(-5,-5), (15,3), (14,3), (13,3), (12,3), (11,3), (10,3)]

Shrinking Run 24
#Info# Executed steps before collision: 8, Found collision: false
Turtle 1 :[(-1,-1), (4,8), (3,8), (2,8), (1,8), (0,8), (0,7), (-1,-1), (-1,-1)]
Turtle 2 :[(-2,-2), (2,3), (2,2), (1,2), (1,1), (0,1), (-2,-2), (-2,-2), (-2,-2)]
Turtle 3 :[(-3,-3), (16,2), (15,2), (14,2), (13,2), (12,2), (11,2), (-3,-3), (-3,-3)]
Turtle 4 :[(-4,-4), (4,1), (4,2), (4,1), (3,1), (2,1), (1,1), (1,2), (0,2)]
Turtle 5 :[(-5,-5), (15,3), (14,3), (13,3), (12,3), (11,3), (10,3), (-5,-5), (-5,-5)]

Shrinking Run 25
#Info# Executed steps before collision: 6, Found collision: false
Turtle 1 :[(-1,-1), (4,8), (3,8), (2,8), (1,8), (0,8), (0,7)]
Turtle 2 :[(-2,-2), (2,3), (1,3), (1,2), (1,1), (-2,-2), (-2,-2)]
Turtle 3 :[(-3,-3), (16,2), (15,2), (14,2), (13,2), (12,2), (11,2)]
Turtle 4 :[(-4,-4), (4,1), (4,2), (3,2), (2,2), (1,2), (0,2)]
Turtle 5 :[(-5,-5), (15,3), (14,3), (13,3), (12,3), (11,3), (10,3)]

Shrinking Run 26
#Info# Executed steps before collision: 6, Found collision: false
Turtle 1 :[(-1,-1), (4,8), (3,8), (2,8), (1,8), (0,8), (0,7)]
Turtle 2 :[(-2,-2), (2,3), (2,2), (2,1), (-2,-2), (-2,-2), (-2,-2)]
Turtle 3 :[(-3,-3), (16,2), (15,2), (14,2), (13,2), (12,2), (11,2)]
Turtle 4 :[(-4,-4), (4,1), (4,2), (3,2), (2,2), (1,2), (0,2)]
Turtle 5 :[(-5,-5), (15,3), (14,3), (13,3), (12,3), (11,3), (10,3)]

Shrinking Run 27
#Info# Executed steps before collision: 6, Found collision: false
Turtle 1 :[(-1,-1), (4,8), (3,8), (2,8), (1,8), (0,8), (0,7)]
Turtle 2 :[(-2,-2), (2,3), (2,2), (2,1), (2,0), (3,0), (-2,-2)]
Turtle 3 :[(-3,-3), (16,2), (15,2), (14,2), (13,2), (12,2), (11,2)]
Turtle 4 :[(-4,-4), (4,1), (4,2), (3,2), (2,2), (1,2), (0,2)]
Turtle 5 :[(-5,-5), (15,3), (14,3), (13,3), (12,3), (11,3), (10,3)]

Shrinking Run 28
#Info# Executed steps before collision: 8, Found collision: false
Turtle 1 :[(-1,-1), (4,8), (3,8), (2,8), (1,8), (0,8), (0,7), (-1,-1), (-1,-1)]
Turtle 2 :[(-2,-2), (2,3), (3,3), (3,2), (4,2), (3,2), (3,1), (-2,-2), (-2,-2)]
Turtle 3 :[(-3,-3), (16,2), (16,1), (15,1), (14,1), (13,1), (12,1), (12,2), (11,2)]
Turtle 4 :[(-4,-4), (4,1), (3,1), (3,0), (2,0), (1,0), (0,0), (-4,-4), (-4,-4)]
Turtle 5 :[(-5,-5), (15,3), (14,3), (13,3), (12,3), (11,3), (10,3), (-5,-5), (-5,-5)]

Shrinking Run 29
#Info# Executed steps before collision: 6, Found collision: false
Turtle 1 :[(-1,-1), (4,8), (3,8), (2,8), (1,8), (0,8), (0,7)]
Turtle 2 :[(-2,-2), (2,3), (3,3), (3,2), (3,1), (-2,-2), (-2,-2)]
Turtle 3 :[(-3,-3), (16,2), (15,2), (14,2), (13,2), (12,2), (11,2)]
Turtle 4 :[(-4,-4), (4,1), (3,1), (2,1), (1,1), (0,1), (-4,-4)]
Turtle 5 :[(-5,-5), (15,3), (14,3), (13,3), (12,3), (11,3), (10,3)]

Shrinking Run 30
#Info# Executed steps before collision: 8, Found collision: false
Turtle 1 :[(-1,-1), (4,8), (3,8), (2,8), (1,8), (0,8), (0,7), (-1,-1), (-1,-1)]
Turtle 2 :[(-2,-2), (2,3), (3,3), (3,2), (3,1), (-2,-2), (-2,-2), (-2,-2), (-2,-2)]
Turtle 3 :[(-3,-3), (16,2), (15,2), (14,2), (14,1), (13,1), (12,1), (12,2), (11,2)]
Turtle 4 :[(-4,-4), (4,1), (3,1), (2,1), (1,1), (1,2), (0,2), (-4,-4), (-4,-4)]
Turtle 5 :[(-5,-5), (15,3), (14,3), (13,3), (12,3), (11,3), (10,3), (-5,-5), (-5,-5)]

Shrinking Run 31
#Info# Executed steps before collision: 6, Found collision: false
Turtle 1 :[(-1,-1), (4,8), (3,8), (2,8), (1,8), (0,8), (0,7)]
Turtle 2 :[(-2,-2), (2,3), (3,3), (3,2), (3,1), (-2,-2), (-2,-2)]
Turtle 3 :[(-3,-3), (16,2), (15,2), (14,2), (13,2), (12,2), (11,2)]
Turtle 4 :[(-4,-4), (4,1), (3,1), (2,1), (2,2), (1,2), (0,2)]
Turtle 5 :[(-5,-5), (15,3), (14,3), (13,3), (12,3), (11,3), (10,3)]

Shrink Run 32
#Info# Executed steps before collision: 3, Found collision: true
Turtle 1 :[(-1,-1), (4,8), (3,8), (2,8), (1,8), (0,8), (0,7)]
Turtle 2 :[(-2,-2), (2,3), (3,3), (3,2), (3,1), (-2,-2), (-2,-2)]
Turtle 3 :[(-3,-3), (16,2), (15,2), (14,2), (13,2), (12,2), (11,2)]
Turtle 4 :[(-4,-4), (4,1), (4,2), (3,2), (2,2), (1,2), (0,2)]
Turtle 5 :[(-5,-5), (15,3), (14,3), (13,3), (12,3), (11,3), (10,3)]

