Detection Run 1
#Info# Executed steps before collision: 6, Found collision: false
Turtle 1 :[(-1,-1), (22,31), (22,32), (21,32), (20,32), (19,32), (-1,-1)]
Turtle 2 :[(-2,-2), (23,26), (24,26), (24,27), (24,28), (24,29), (24,30)]
Turtle 3 :[(-3,-3), (4,26), (3,26), (3,27), (3,28), (2,28), (1,28)]
Turtle 4 :[(-4,-4), (24,22), (24,23), (25,23), (25,24), (25,25), (25,26)]
Turtle 5 :[(-5,-5), (17,32), (17,31), (17,30), (17,29), (18,29), (18,28)]

Detection Run 2
#Info# Executed steps before collision: 9, Found collision: false
Turtle 1 :[(-1,-1), (48,6), (48,7), (48,8), (47,8), (47,9), (47,10), (-1,-1), (-1,-1), (-1,-1)]
Turtle 2 :[(-2,-2), (4,49), (5,49), (6,49), (7,49), (7,48), (8,48), (-2,-2), (-2,-2), (-2,-2)]
Turtle 3 :[(-3,-3), (3,43), (4,43), (5,43), (-3,-3), (-3,-3), (-3,-3), (-3,-3), (-3,-3), (-3,-3)]
Turtle 4 :[(-4,-4), (6,42), (5,42), (5,42), (5,41), (5,42), (5,43), (5,44), (4,44), (4,45)]
Turtle 5 :[(-5,-5), (9,37), (8,37), (7,37), (7,38), (6,38), (6,39), (-5,-5), (-5,-5), (-5,-5)]

Detection Run 3
#Info# Executed steps before collision: 6, Found collision: false
Turtle 1 :[(-1,-1), (27,46), (27,47), (27,48), (28,48), (28,49), (-1,-1)]
Turtle 2 :[(-2,-2), (34,26), (35,26), (36,26), (36,27), (36,28), (37,28)]
Turtle 3 :[(-3,-3), (2,5), (1,5), (1,6), (1,7), (1,8), (0,8)]
Turtle 4 :[(-4,-4), (48,49), (48,49), (49,49), (49,49), (-4,-4), (-4,-4)]
Turtle 5 :[(-5,-5), (36,29), (36,30), (37,30), (38,30), (39,30), (40,30)]

Detection Run 4
#Info# Executed steps before collision: 6, Found collision: false
Turtle 1 :[(-1,-1), (44,49), (44,49), (43,49), (42,49), (-1,-1), (-1,-1)]
Turtle 2 :[(-2,-2), (18,32), (19,32), (20,32), (20,33), (20,34), (21,34)]
Turtle 3 :[(-3,-3), (19,19), (19,20), (18,20), (17,20), (17,21), (17,22)]
Turtle 4 :[(-4,-4), (17,18), (16,18), (16,19), (15,19), (14,19), (14,20)]
Turtle 5 :[(-5,-5), (3,27), (4,27), (4,28), (4,29), (5,29), (6,29)]

Detection Run 5
#Info# Executed steps before collision: 6, Found collision: false
Turtle 1 :[(-1,-1), (47,9), (47,8), (46,8), (45,8), (45,7), (45,6)]
Turtle 2 :[(-2,-2), (27,24), (28,24), (28,23), (28,22), (28,21), (28,20)]
Turtle 3 :[(-3,-3), (19,5), (19,6), (19,7), (19,8), (18,8), (18,9)]
Turtle 4 :[(-4,-4), (28,31), (28,30), (28,29), (29,29), (30,29), (30,28)]
Turtle 5 :[(-5,-5), (36,48), (37,48), (38,48), (39,48), (-5,-5), (-5,-5)]

Detection Run 6
#Info# Executed steps before collision: 6, Found collision: false
Turtle 1 :[(-1,-1), (39,27), (38,27), (38,28), (37,28), (-1,-1), (-1,-1)]
Turtle 2 :[(-2,-2), (19,21), (19,20), (18,20), (18,19), (18,18), (17,18)]
Turtle 3 :[(-3,-3), (27,43), (28,43), (29,43), (29,44), (30,44), (31,44)]
Turtle 4 :[(-4,-4), (49,2), (49,2), (48,2), (49,2), (-4,-4), (-4,-4)]
Turtle 5 :[(-5,-5), (34,43), (34,44), (34,45), (34,46), (33,46), (33,47)]

Detection Run 7
#Info# Executed steps before collision: 8, Found collision: false
Turtle 1 :[(-1,-1), (35,25), (35,24), (35,23), (36,23), (36,22), (36,21), (-1,-1), (-1,-1)]
Turtle 2 :[(-2,-2), (34,22), (34,22), (34,22), (34,23), (34,24), (34,25), (33,25), (33,26)]
Turtle 3 :[(-3,-3), (25,13), (25,14), (24,14), (23,14), (22,14), (22,15), (-3,-3), (-3,-3)]
Turtle 4 :[(-4,-4), (28,5), (28,6), (28,7), (28,8), (28,9), (28,10), (-4,-4), (-4,-4)]
Turtle 5 :[(-5,-5), (23,11), (23,12), (23,12), (23,13), (24,13), (24,14), (24,15), (-5,-5)]

Detection Run 8
#Info# Executed steps before collision: 6, Found collision: false
Turtle 1 :[(-1,-1), (5,36), (5,35), (5,34), (4,34), (4,33), (4,32)]
Turtle 2 :[(-2,-2), (5,16), (5,17), (4,17), (4,18), (4,18), (4,19)]
Turtle 3 :[(-3,-3), (35,18), (34,18), (33,18), (34,18), (34,19), (34,20)]
Turtle 4 :[(-4,-4), (43,40), (42,40), (42,39), (41,39), (41,39), (41,38)]
Turtle 5 :[(-5,-5), (7,15), (8,15), (9,15), (10,15), (10,14), (11,14)]

Detection Run 9
#Info# Executed steps before collision: 6, Found collision: false
Turtle 1 :[(-1,-1), (40,11), (41,11), (42,11), (43,11), (43,10), (-1,-1)]
Turtle 2 :[(-2,-2), (30,33), (29,33), (30,33), (29,33), (29,34), (-2,-2)]
Turtle 3 :[(-3,-3), (42,7), (42,6), (43,6), (42,6), (42,5), (-3,-3)]
Turtle 4 :[(-4,-4), (44,5), (45,5), (46,5), (47,5), (48,5), (48,4)]
Turtle 5 :[(-5,-5), (11,17), (11,18), (12,18), (12,19), (12,20), (-5,-5)]

Detection Run 10
#Info# Executed steps before collision: 7, Found collision: false
Turtle 1 :[(-1,-1), (33,11), (33,10), (33,9), (33,8), (33,7), (34,7), (-1,-1)]
Turtle 2 :[(-2,-2), (18,4), (19,4), (19,5), (20,5), (21,5), (22,5), (-2,-2)]
Turtle 3 :[(-3,-3), (38,10), (38,10), (39,10), (40,10), (41,10), (41,11), (42,11)]
Turtle 4 :[(-4,-4), (11,43), (11,44), (11,45), (11,46), (12,46), (12,47), (-4,-4)]
Turtle 5 :[(-5,-5), (2,28), (2,29), (1,29), (2,29), (2,30), (-5,-5), (-5,-5)]

Detection Run 11
#Info# Executed steps before collision: 8, Found collision: false
Turtle 1 :[(-1,-1), (19,38), (19,38), (19,39), (19,40), (19,41), (19,42), (18,42), (-1,-1)]
Turtle 2 :[(-2,-2), (7,0), (8,0), (8,1), (9,1), (10,1), (11,1), (-2,-2), (-2,-2)]
Turtle 3 :[(-3,-3), (35,17), (36,17), (36,18), (37,18), (-3,-3), (-3,-3), (-3,-3), (-3,-3)]
Turtle 4 :[(-4,-4), (48,33), (49,33), (49,33), (-4,-4), (-4,-4), (-4,-4), (-4,-4), (-4,-4)]
Turtle 5 :[(-5,-5), (11,6), (11,6), (11,5), (11,5), (11,4), (11,4), (11,3), (12,3)]

Detection Run 12
#Info# Executed steps before collision: 9, Found collision: false
Turtle 1 :[(-1,-1), (37,25), (37,24), (36,24), (36,24), (35,24), (34,24), (33,24), (-1,-1), (-1,-1)]
Turtle 2 :[(-2,-2), (12,36), (11,36), (10,36), (10,37), (-2,-2), (-2,-2), (-2,-2), (-2,-2), (-2,-2)]
Turtle 3 :[(-3,-3), (45,24), (45,24), (45,23), (44,23), (44,23), (43,23), (43,22), (43,22), (42,22)]
Turtle 4 :[(-4,-4), (22,47), (21,47), (20,47), (20,46), (19,46), (18,46), (-4,-4), (-4,-4), (-4,-4)]
Turtle 5 :[(-5,-5), (39,26), (39,25), (38,25), (39,25), (39,24), (-5,-5), (-5,-5), (-5,-5), (-5,-5)]

Detection Run 13
#Info# Executed steps before collision: 7, Found collision: false
Turtle 1 :[(-1,-1), (18,30), (17,30), (17,29), (17,28), (17,27), (17,26), (-1,-1)]
Turtle 2 :[(-2,-2), (45,36), (45,35), (44,35), (44,36), (45,36), (46,36), (-2,-2)]
Turtle 3 :[(-3,-3), (3,9), (3,9), (4,9), (4,9), (4,9), (5,9), (5,8)]
Turtle 4 :[(-4,-4), (32,33), (33,33), (34,33), (35,33), (36,33), (36,32), (-4,-4)]
Turtle 5 :[(-5,-5), (18,31), (18,31), (18,30), (18,29), (18,28), (17,28), (17,27)]

Detection Run 14
#Info# Executed steps before collision: 8, Found collision: false
Turtle 1 :[(-1,-1), (39,10), (40,10), (41,10), (41,10), (42,10), (42,11), (42,12), (-1,-1)]
Turtle 2 :[(-2,-2), (42,20), (41,20), (41,19), (40,19), (39,19), (39,18), (-2,-2), (-2,-2)]
Turtle 3 :[(-3,-3), (14,7), (14,8), (13,8), (12,8), (12,9), (11,9), (-3,-3), (-3,-3)]
Turtle 4 :[(-4,-4), (11,32), (11,32), (11,32), (11,33), (11,34), (11,35), (12,35), (13,35)]
Turtle 5 :[(-5,-5), (43,7), (43,6), (42,6), (41,6), (41,6), (40,6), (39,6), (-5,-5)]

Detection Run 15
#Info# Executed steps before collision: 9, Found collision: false
Turtle 1 :[(-1,-1), (39,6), (39,7), (38,7), (37,7), (36,7), (36,7), (36,7), (36,7), (36,8)]
Turtle 2 :[(-2,-2), (17,11), (17,12), (18,12), (18,13), (18,12), (18,13), (-2,-2), (-2,-2), (-2,-2)]
Turtle 3 :[(-3,-3), (38,39), (38,38), (38,37), (38,36), (37,36), (37,35), (-3,-3), (-3,-3), (-3,-3)]
Turtle 4 :[(-4,-4), (29,36), (29,35), (30,35), (31,35), (32,35), (32,34), (-4,-4), (-4,-4), (-4,-4)]
Turtle 5 :[(-5,-5), (43,2), (43,1), (43,1), (44,1), (44,1), (44,0), (-5,-5), (-5,-5), (-5,-5)]

Detection Run 16
#Info# Executed steps before collision: 9, Found collision: false
Turtle 1 :[(-1,-1), (16,2), (17,2), (17,2), (17,3), (17,3), (18,3), (-1,-1), (-1,-1), (-1,-1)]
Turtle 2 :[(-2,-2), (2,2), (2,2), (1,2), (1,2), (1,2), (0,2), (0,3), (-2,-2), (-2,-2)]
Turtle 3 :[(-3,-3), (27,16), (26,16), (25,16), (25,16), (25,15), (24,15), (24,14), (-3,-3), (-3,-3)]
Turtle 4 :[(-4,-4), (17,39), (18,39), (18,39), (18,40), (17,40), (17,41), (16,41), (-4,-4), (-4,-4)]
Turtle 5 :[(-5,-5), (4,4), (3,4), (3,4), (2,4), (1,4), (0,4), (1,4), (1,3), (0,3)]

Detection Run 17
#Info# Executed steps before collision: 7, Found collision: false
Turtle 1 :[(-1,-1), (10,26), (9,26), (9,27), (9,28), (9,29), (8,29), (-1,-1)]
Turtle 2 :[(-2,-2), (25,22), (24,22), (23,22), (22,22), (-2,-2), (-2,-2), (-2,-2)]
Turtle 3 :[(-3,-3), (38,34), (38,35), (38,36), (39,36), (40,36), (41,36), (-3,-3)]
Turtle 4 :[(-4,-4), (38,36), (37,36), (37,35), (37,34), (36,34), (36,33), (-4,-4)]
Turtle 5 :[(-5,-5), (7,35), (7,35), (6,35), (5,35), (4,35), (3,35), (3,34)]

Detection Run 18
#Info# Executed steps before collision: 10, Found collision: false
Turtle 1 :[(-1,-1), (26,6), (26,7), (26,8), (-1,-1), (-1,-1), (-1,-1), (-1,-1), (-1,-1), (-1,-1), (-1,-1)]
Turtle 2 :[(-2,-2), (27,6), (27,6), (28,6), (27,6), (26,6), (26,5), (25,5), (24,5), (-2,-2), (-2,-2)]
Turtle 3 :[(-3,-3), (31,29), (31,29), (31,30), (30,30), (30,31), (30,32), (30,32), (30,33), (-3,-3), (-3,-3)]
Turtle 4 :[(-4,-4), (17,39), (17,39), (18,39), (18,39), (19,39), (19,38), (19,37), (20,37), (-4,-4), (-4,-4)]
Turtle 5 :[(-5,-5), (15,49), (16,49), (16,49), (17,49), (18,49), (18,49), (18,49), (18,49), (19,49), (19,49)]

Detection Run 19
#Info# Executed steps before collision: 9, Found collision: false
Turtle 1 :[(-1,-1), (34,36), (33,36), (32,36), (31,36), (30,36), (30,36), (30,36), (29,36), (-1,-1)]
Turtle 2 :[(-2,-2), (28,20), (27,20), (27,19), (26,19), (26,18), (25,18), (-2,-2), (-2,-2), (-2,-2)]
Turtle 3 :[(-3,-3), (36,12), (36,11), (36,11), (36,11), (36,10), (36,10), (35,10), (34,10), (33,10)]
Turtle 4 :[(-4,-4), (15,19), (16,19), (17,19), (18,19), (19,19), (-4,-4), (-4,-4), (-4,-4), (-4,-4)]
Turtle 5 :[(-5,-5), (34,10), (34,9), (34,8), (34,7), (35,7), (35,6), (-5,-5), (-5,-5), (-5,-5)]

Detection Run 20
#Info# Executed steps before collision: 7, Found collision: false
Turtle 1 :[(-1,-1), (20,28), (20,27), (20,26), (21,26), (22,26), (22,25), (-1,-1)]
Turtle 2 :[(-2,-2), (19,18), (19,19), (19,20), (19,21), (19,22), (20,22), (-2,-2)]
Turtle 3 :[(-3,-3), (16,38), (16,39), (17,39), (17,39), (18,39), (18,40), (18,41)]
Turtle 4 :[(-4,-4), (31,28), (31,29), (31,29), (31,29), (31,30), (30,30), (29,30)]
Turtle 5 :[(-5,-5), (15,45), (15,44), (14,44), (14,43), (14,42), (13,42), (-5,-5)]

Detection Run 21
#Info# Executed steps before collision: 8, Found collision: false
Turtle 1 :[(-1,-1), (6,33), (7,33), (8,33), (8,33), (8,32), (8,31), (8,30), (-1,-1)]
Turtle 2 :[(-2,-2), (45,26), (44,26), (44,27), (45,27), (45,28), (-2,-2), (-2,-2), (-2,-2)]
Turtle 3 :[(-3,-3), (13,28), (14,28), (14,27), (14,28), (14,28), (14,28), (14,27), (14,26)]
Turtle 4 :[(-4,-4), (22,1), (23,1), (23,2), (23,3), (23,4), (24,4), (-4,-4), (-4,-4)]
Turtle 5 :[(-5,-5), (3,31), (3,31), (3,31), (2,31), (2,32), (1,32), (1,33), (-5,-5)]

Detection Run 22
#Info# Executed steps before collision: 8, Found collision: false
Turtle 1 :[(-1,-1), (18,39), (19,39), (19,38), (19,37), (20,37), (-1,-1), (-1,-1), (-1,-1)]
Turtle 2 :[(-2,-2), (24,40), (24,40), (23,40), (24,40), (24,40), (25,40), (26,40), (-2,-2)]
Turtle 3 :[(-3,-3), (32,6), (32,7), (32,7), (32,7), (32,7), (32,8), (33,8), (-3,-3)]
Turtle 4 :[(-4,-4), (36,33), (37,33), (37,33), (37,33), (37,32), (37,32), (37,33), (38,33)]
Turtle 5 :[(-5,-5), (20,21), (21,21), (21,20), (21,19), (-5,-5), (-5,-5), (-5,-5), (-5,-5)]

Detection Run 23
#Info# Executed steps before collision: 7, Found collision: false
Turtle 1 :[(-1,-1), (11,40), (11,39), (12,39), (13,39), (13,39), (13,38), (13,37)]
Turtle 2 :[(-2,-2), (41,31), (42,31), (43,31), (43,32), (43,32), (43,32), (44,32)]
Turtle 3 :[(-3,-3), (40,29), (41,29), (41,28), (41,27), (42,27), (42,26), (-3,-3)]
Turtle 4 :[(-4,-4), (3,36), (2,36), (1,36), (1,37), (-4,-4), (-4,-4), (-4,-4)]
Turtle 5 :[(-5,-5), (22,48), (22,48), (21,48), (20,48), (20,48), (20,48), (20,47)]

Detection Run 24
#Info# Executed steps before collision: 8, Found collision: false
Turtle 1 :[(-1,-1), (24,13), (25,13), (25,13), (26,13), (27,13), (27,14), (27,14), (28,14)]
Turtle 2 :[(-2,-2), (28,46), (28,47), (29,47), (29,47), (30,47), (31,47), (32,47), (-2,-2)]
Turtle 3 :[(-3,-3), (6,37), (5,37), (5,36), (5,35), (5,34), (4,34), (-3,-3), (-3,-3)]
Turtle 4 :[(-4,-4), (42,3), (43,3), (44,3), (45,3), (45,4), (46,4), (-4,-4), (-4,-4)]
Turtle 5 :[(-5,-5), (22,10), (23,10), (24,10), (24,11), (25,11), (26,11), (-5,-5), (-5,-5)]

Detection Run 25
#Info# Executed steps before collision: 10, Found collision: false
Turtle 1 :[(-1,-1), (14,26), (13,26), (13,25), (13,25), (13,24), (13,24), (13,24), (12,24), (12,24), (12,23)]
Turtle 2 :[(-2,-2), (1,6), (1,6), (1,6), (1,6), (1,6), (0,6), (-2,-2), (-2,-2), (-2,-2), (-2,-2)]
Turtle 3 :[(-3,-3), (1,48), (0,48), (0,47), (0,47), (1,47), (0,47), (0,46), (-3,-3), (-3,-3), (-3,-3)]
Turtle 4 :[(-4,-4), (24,16), (25,16), (25,17), (25,18), (26,18), (27,18), (-4,-4), (-4,-4), (-4,-4), (-4,-4)]
Turtle 5 :[(-5,-5), (17,26), (17,25), (18,25), (18,25), (18,25), (18,24), (19,24), (-5,-5), (-5,-5), (-5,-5)]

Detection Run 26
#Info# Executed steps before collision: 9, Found collision: false
Turtle 1 :[(-1,-1), (5,47), (6,47), (6,47), (6,46), (7,46), (8,46), (9,46), (-1,-1), (-1,-1)]
Turtle 2 :[(-2,-2), (20,1), (20,1), (19,1), (18,1), (17,1), (16,1), (15,1), (-2,-2), (-2,-2)]
Turtle 3 :[(-3,-3), (17,41), (17,40), (17,39), (17,38), (17,38), (17,38), (17,37), (17,37), (18,37)]
Turtle 4 :[(-4,-4), (7,45), (7,44), (7,43), (7,43), (7,43), (8,43), (8,42), (8,41), (-4,-4)]
Turtle 5 :[(-5,-5), (47,28), (48,28), (49,28), (49,27), (49,27), (49,26), (-5,-5), (-5,-5), (-5,-5)]

Detection Run 27
#Info# Executed steps before collision: 6, Found collision: false
Turtle 1 :[(-1,-1), (11,37), (10,37), (9,37), (9,38), (8,38), (8,39)]
Turtle 2 :[(-2,-2), (0,25), (0,25), (0,24), (1,24), (0,24), (1,24)]
Turtle 3 :[(-3,-3), (17,37), (16,37), (15,37), (14,37), (14,36), (-3,-3)]
Turtle 4 :[(-4,-4), (11,28), (11,29), (10,29), (10,30), (9,30), (8,30)]
Turtle 5 :[(-5,-5), (13,16), (12,16), (11,16), (10,16), (9,16), (9,17)]

Detection Run 28
#Info# Executed steps before collision: 10, Found collision: false
Turtle 1 :[(-1,-1), (32,46), (32,46), (31,46), (30,46), (30,47), (29,47), (29,47), (29,48), (-1,-1), (-1,-1)]
Turtle 2 :[(-2,-2), (27,47), (27,47), (26,47), (25,47), (24,47), (23,47), (23,47), (22,47), (-2,-2), (-2,-2)]
Turtle 3 :[(-3,-3), (0,5), (0,4), (0,3), (1,3), (0,3), (0,2), (-3,-3), (-3,-3), (-3,-3), (-3,-3)]
Turtle 4 :[(-4,-4), (23,42), (23,43), (23,43), (24,43), (24,43), (25,43), (25,43), (26,43), (26,44), (-4,-4)]
Turtle 5 :[(-5,-5), (40,43), (40,44), (40,44), (40,43), (40,42), (40,42), (40,42), (40,42), (40,42), (40,41)]

Detection Run 29
#Info# Executed steps before collision: 10, Found collision: false
Turtle 1 :[(-1,-1), (30,45), (30,46), (30,47), (30,47), (30,47), (30,47), (29,47), (28,47), (28,47), (28,48)]
Turtle 2 :[(-2,-2), (0,28), (0,27), (0,27), (1,27), (1,26), (1,26), (2,26), (-2,-2), (-2,-2), (-2,-2)]
Turtle 3 :[(-3,-3), (47,24), (47,24), (47,25), (47,25), (47,26), (47,27), (47,28), (47,28), (46,28), (-3,-3)]
Turtle 4 :[(-4,-4), (28,25), (29,25), (29,25), (30,25), (30,25), (30,25), (30,24), (30,23), (31,23), (-4,-4)]
Turtle 5 :[(-5,-5), (31,32), (31,31), (30,31), (30,30), (29,30), (29,29), (-5,-5), (-5,-5), (-5,-5), (-5,-5)]

Detection Run 30
#Info# Executed steps before collision: 11, Found collision: false
Turtle 1 :[(-1,-1), (19,26), (19,26), (20,26), (20,27), (20,26), (20,26), (21,26), (-1,-1), (-1,-1), (-1,-1), (-1,-1)]
Turtle 2 :[(-2,-2), (3,35), (4,35), (4,36), (5,36), (5,37), (6,37), (-2,-2), (-2,-2), (-2,-2), (-2,-2), (-2,-2)]
Turtle 3 :[(-3,-3), (9,31), (9,31), (9,31), (8,31), (7,31), (7,32), (6,32), (6,32), (6,32), (6,32), (6,33)]
Turtle 4 :[(-4,-4), (36,33), (36,33), (36,33), (36,32), (36,31), (37,31), (38,31), (38,31), (38,30), (-4,-4), (-4,-4)]
Turtle 5 :[(-5,-5), (32,43), (32,43), (32,43), (32,43), (33,43), (33,43), (33,43), (33,42), (33,41), (34,41), (35,41)]

Detection Run 31
#Info# Executed steps before collision: 9, Found collision: false
Turtle 1 :[(-1,-1), (28,36), (28,36), (28,36), (28,36), (27,36), (26,36), (26,37), (26,38), (25,38)]
Turtle 2 :[(-2,-2), (23,21), (24,21), (25,21), (26,21), (27,21), (28,21), (-2,-2), (-2,-2), (-2,-2)]
Turtle 3 :[(-3,-3), (46,3), (46,2), (46,3), (47,3), (-3,-3), (-3,-3), (-3,-3), (-3,-3), (-3,-3)]
Turtle 4 :[(-4,-4), (44,8), (43,8), (43,9), (43,10), (42,10), (41,10), (-4,-4), (-4,-4), (-4,-4)]
Turtle 5 :[(-5,-5), (10,12), (10,11), (10,10), (10,10), (10,9), (10,9), (10,9), (10,8), (-5,-5)]

Detection Run 32
#Info# Executed steps before collision: 10, Found collision: false
Turtle 1 :[(-1,-1), (40,26), (40,27), (40,27), (40,28), (40,29), (39,29), (38,29), (-1,-1), (-1,-1), (-1,-1)]
Turtle 2 :[(-2,-2), (5,21), (4,21), (4,21), (4,20), (4,20), (3,20), (-2,-2), (-2,-2), (-2,-2), (-2,-2)]
Turtle 3 :[(-3,-3), (30,37), (30,37), (31,37), (31,37), (31,36), (31,36), (31,36), (32,36), (32,35), (33,35)]
Turtle 4 :[(-4,-4), (8,44), (7,44), (6,44), (6,44), (5,44), (5,45), (5,45), (4,45), (-4,-4), (-4,-4)]
Turtle 5 :[(-5,-5), (46,24), (46,24), (45,24), (45,23), (44,23), (-5,-5), (-5,-5), (-5,-5), (-5,-5), (-5,-5)]

Detection Run 33
#Info# Executed steps before collision: 10, Found collision: false
Turtle 1 :[(-1,-1), (21,17), (21,16), (21,15), (22,15), (23,15), (23,14), (-1,-1), (-1,-1), (-1,-1), (-1,-1)]
Turtle 2 :[(-2,-2), (46,33), (46,33), (46,33), (46,32), (46,31), (47,31), (47,31), (47,31), (47,30), (48,30)]
Turtle 3 :[(-3,-3), (2,23), (2,24), (2,25), (3,25), (4,25), (4,26), (-3,-3), (-3,-3), (-3,-3), (-3,-3)]
Turtle 4 :[(-4,-4), (27,28), (26,28), (26,28), (25,28), (25,28), (25,27), (24,27), (24,27), (24,27), (23,27)]
Turtle 5 :[(-5,-5), (42,34), (42,35), (41,35), (41,35), (41,36), (41,36), (41,37), (41,37), (41,37), (41,38)]

Detection Run 34
#Info# Executed steps before collision: 11, Found collision: false
Turtle 1 :[(-1,-1), (1,32), (2,32), (2,32), (3,32), (3,32), (3,32), (3,33), (3,33), (4,33), (4,33), (4,34)]
Turtle 2 :[(-2,-2), (27,17), (28,17), (29,17), (29,18), (29,19), (29,20), (-2,-2), (-2,-2), (-2,-2), (-2,-2), (-2,-2)]
Turtle 3 :[(-3,-3), (25,13), (25,12), (25,12), (25,12), (26,12), (26,11), (26,11), (26,11), (27,11), (27,11), (27,10)]
Turtle 4 :[(-4,-4), (21,38), (21,38), (20,38), (19,38), (19,37), (19,37), (19,36), (19,36), (19,36), (19,36), (18,36)]
Turtle 5 :[(-5,-5), (6,35), (7,35), (8,35), (8,35), (8,35), (9,35), (10,35), (10,35), (10,35), (10,35), (11,35)]

Detection Run 35
#Info# Executed steps before collision: 9, Found collision: false
Turtle 1 :[(-1,-1), (45,29), (45,28), (45,28), (45,29), (45,29), (45,28), (45,27), (45,27), (45,26)]
Turtle 2 :[(-2,-2), (44,37), (44,36), (44,35), (43,35), (42,35), (42,35), (42,34), (-2,-2), (-2,-2)]
Turtle 3 :[(-3,-3), (22,8), (23,8), (23,7), (24,7), (25,7), (26,7), (-3,-3), (-3,-3), (-3,-3)]
Turtle 4 :[(-4,-4), (29,5), (30,5), (30,5), (30,5), (30,6), (30,7), (31,7), (31,7), (31,8)]
Turtle 5 :[(-5,-5), (12,34), (12,34), (12,35), (12,36), (12,36), (12,36), (12,36), (11,36), (10,36)]

Detection Run 36
#Info# Executed steps before collision: 10, Found collision: false
Turtle 1 :[(-1,-1), (13,21), (13,21), (12,21), (12,20), (12,19), (12,19), (11,19), (-1,-1), (-1,-1), (-1,-1)]
Turtle 2 :[(-2,-2), (48,15), (49,15), (49,14), (49,13), (49,13), (49,12), (-2,-2), (-2,-2), (-2,-2), (-2,-2)]
Turtle 3 :[(-3,-3), (7,17), (8,17), (9,17), (10,17), (-3,-3), (-3,-3), (-3,-3), (-3,-3), (-3,-3), (-3,-3)]
Turtle 4 :[(-4,-4), (49,18), (49,19), (49,19), (49,20), (49,20), (49,20), (49,20), (49,21), (49,21), (49,22)]
Turtle 5 :[(-5,-5), (2,23), (2,23), (1,23), (1,24), (1,24), (1,25), (0,25), (-5,-5), (-5,-5), (-5,-5)]

Detection Run 37
#Info# Executed steps before collision: 11, Found collision: false
Turtle 1 :[(-1,-1), (18,31), (18,31), (18,30), (18,29), (18,29), (18,28), (18,28), (18,28), (18,28), (17,28), (16,28)]
Turtle 2 :[(-2,-2), (15,30), (16,30), (16,30), (16,30), (16,30), (16,30), (17,30), (17,30), (18,30), (-2,-2), (-2,-2)]
Turtle 3 :[(-3,-3), (37,21), (38,21), (38,20), (38,20), (38,19), (39,19), (39,18), (-3,-3), (-3,-3), (-3,-3), (-3,-3)]
Turtle 4 :[(-4,-4), (20,32), (20,33), (20,33), (20,33), (21,33), (21,34), (21,34), (21,34), (21,34), (22,34), (23,34)]
Turtle 5 :[(-5,-5), (9,22), (9,21), (9,20), (9,19), (10,19), (10,19), (10,18), (-5,-5), (-5,-5), (-5,-5), (-5,-5)]

Detection Run 38
#Info# Executed steps before collision: 10, Found collision: false
Turtle 1 :[(-1,-1), (17,16), (16,16), (16,16), (16,16), (17,16), (16,16), (16,16), (16,16), (15,16), (14,16)]
Turtle 2 :[(-2,-2), (15,35), (14,35), (13,35), (12,35), (12,35), (12,35), (12,34), (12,34), (11,34), (-2,-2)]
Turtle 3 :[(-3,-3), (16,27), (16,28), (16,29), (16,30), (15,30), (-3,-3), (-3,-3), (-3,-3), (-3,-3), (-3,-3)]
Turtle 4 :[(-4,-4), (9,2), (9,3), (8,3), (8,3), (7,3), (7,3), (7,3), (6,3), (5,3), (-4,-4)]
Turtle 5 :[(-5,-5), (4,10), (4,10), (4,11), (4,11), (4,12), (5,12), (5,12), (6,12), (6,12), (7,12)]

Detection Run 39
#Info# Executed steps before collision: 11, Found collision: false
Turtle 1 :[(-1,-1), (31,7), (31,7), (31,7), (32,7), (32,6), (33,6), (33,6), (34,6), (35,6), (-1,-1), (-1,-1)]
Turtle 2 :[(-2,-2), (47,22), (47,21), (47,21), (47,20), (47,20), (47,19), (47,18), (47,17), (-2,-2), (-2,-2), (-2,-2)]
Turtle 3 :[(-3,-3), (31,14), (32,14), (32,14), (33,14), (33,14), (33,14), (33,14), (33,14), (34,14), (-3,-3), (-3,-3)]
Turtle 4 :[(-4,-4), (8,33), (7,33), (6,33), (6,33), (6,33), (6,33), (6,33), (6,33), (5,33), (4,33), (4,34)]
Turtle 5 :[(-5,-5), (4,29), (4,28), (4,28), (4,28), (4,27), (3,27), (3,27), (3,26), (3,26), (3,26), (3,25)]

Detection Run 40
#Info# Executed steps before collision: 10, Found collision: false
Turtle 1 :[(-1,-1), (7,41), (7,41), (7,41), (8,41), (8,41), (8,40), (8,40), (9,40), (10,40), (10,39)]
Turtle 2 :[(-2,-2), (32,23), (33,23), (34,23), (34,22), (34,21), (34,20), (-2,-2), (-2,-2), (-2,-2), (-2,-2)]
Turtle 3 :[(-3,-3), (17,27), (17,27), (17,26), (16,26), (16,26), (16,26), (16,26), (15,26), (15,26), (14,26)]
Turtle 4 :[(-4,-4), (8,39), (7,39), (6,39), (6,38), (6,38), (6,38), (6,38), (5,38), (5,38), (5,37)]
Turtle 5 :[(-5,-5), (25,37), (26,37), (26,37), (26,38), (27,38), (28,38), (29,38), (-5,-5), (-5,-5), (-5,-5)]

Detection Run 41
#Info# Executed steps before collision: 8, Found collision: false
Turtle 1 :[(-1,-1), (20,32), (21,32), (22,32), (23,32), (24,32), (24,31), (-1,-1), (-1,-1)]
Turtle 2 :[(-2,-2), (23,36), (24,36), (24,36), (24,36), (24,37), (25,37), (25,38), (26,38)]
Turtle 3 :[(-3,-3), (32,7), (33,7), (33,7), (32,7), (32,8), (32,7), (32,8), (-3,-3)]
Turtle 4 :[(-4,-4), (28,5), (28,6), (27,6), (26,6), (26,6), (25,6), (25,6), (24,6)]
Turtle 5 :[(-5,-5), (8,20), (7,20), (6,20), (6,21), (6,22), (6,23), (-5,-5), (-5,-5)]

Fault Detection Run 42
#Info# Executed steps before collision: 4, Found collision: true
Turtle 1 :[(-1,-1), (45,49), (45,49), (46,49), (46,49), (47,49), (48,49), (-1,-1)]
Turtle 2 :[(-2,-2), (28,12), (28,12), (28,12), (29,12), (30,12), (31,12), (32,12)]
Turtle 3 :[(-3,-3), (43,35), (43,36), (44,36), (44,37), (44,38), (44,39), (-3,-3)]
Turtle 4 :[(-4,-4), (29,12), (29,12), (29,12), (29,12), (29,12), (29,12), (28,12)]
Turtle 5 :[(-5,-5), (10,18), (10,17), (-5,-5), (-5,-5), (-5,-5), (-5,-5), (-5,-5)]

