Shrinking Run 1
#Info# Executed steps before collision: 3, Found collision: true
Turtle 1 :[(-1,-1), (15,11), (14,11), (13,11), (12,11), (11,11), (10,11)]
Turtle 2 :[(-2,-2), (4,17), (4,16), (3,16), (3,15), (3,14), (3,13)]
Turtle 3 :[(-3,-3), (3,2), (2,2), (1,2), (1,1), (1,0), (0,0)]
Turtle 4 :[(-4,-4), (4,15), (3,15), (3,16), (3,17), (3,18), (2,18)]
Turtle 5 :[(-5,-5), (7,9), (7,10), (7,11), (8,11), (8,12), (-5,-5)]

Shrinking Run 2
#Info# Executed steps before collision: 3, Found collision: true
Turtle 1 :[(-1,-1), (15,11), (15,10), (15,9), (14,9), (13,9), (13,8)]
Turtle 2 :[(-2,-2), (4,17), (4,16), (3,16), (3,15), (3,14), (3,13)]
Turtle 3 :[(-3,-3), (3,2), (2,2), (1,2), (1,1), (1,0), (0,0)]
Turtle 4 :[(-4,-4), (4,15), (3,15), (3,16), (3,17), (3,18), (2,18)]
Turtle 5 :[(-5,-5), (7,9), (7,10), (7,11), (8,11), (8,12), (-5,-5)]

Shrinking Run 3
#Info# Executed steps before collision: 8, Found collision: false
Turtle 1 :[(-1,-1), (15,11), (14,11), (14,10), (13,10), (12,10), (12,9), (-1,-1), (-1,-1)]
Turtle 2 :[(-2,-2), (4,17), (5,17), (4,17), (4,16), (3,16), (3,15), (3,14), (3,13)]
Turtle 3 :[(-3,-3), (3,2), (2,2), (1,2), (1,1), (1,0), (0,0), (-3,-3), (-3,-3)]
Turtle 4 :[(-4,-4), (4,15), (3,15), (3,16), (3,17), (3,18), (2,18), (-4,-4), (-4,-4)]
Turtle 5 :[(-5,-5), (7,9), (7,10), (7,11), (8,11), (8,12), (-5,-5), (-5,-5), (-5,-5)]

Shrinking Run 4
#Info# Executed steps before collision: 3, Found collision: true
Turtle 1 :[(-1,-1), (15,11), (15,10), (14,10), (13,10), (12,10), (12,9)]
Turtle 2 :[(-2,-2), (4,17), (4,16), (3,16), (3,15), (3,14), (3,13)]
Turtle 3 :[(-3,-3), (3,2), (2,2), (1,2), (1,1), (1,0), (0,0)]
Turtle 4 :[(-4,-4), (4,15), (3,15), (3,16), (2,16), (2,17), (2,18)]
Turtle 5 :[(-5,-5), (7,9), (7,10), (7,11), (8,11), (8,12), (-5,-5)]

Shrinking Run 5
#Info# Executed steps before collision: 6, Found collision: false
Turtle 1 :[(-1,-1), (15,11), (15,10), (14,10), (13,10), (12,10), (11,10)]
Turtle 2 :[(-2,-2), (4,17), (4,16), (3,16), (3,15), (3,14), (3,13)]
Turtle 3 :[(-3,-3), (3,2), (2,2), (1,2), (1,1), (1,0), (0,0)]
Turtle 4 :[(-4,-4), (4,15), (3,15), (2,15), (2,16), (2,17), (2,18)]
Turtle 5 :[(-5,-5), (7,9), (7,10), (7,11), (8,11), (8,12), (-5,-5)]

Shrinking Run 6
#Info# Executed steps before collision: 3, Found collision: true
Turtle 1 :[(-1,-1), (15,11), (14,11), (13,11), (13,10), (12,10), (12,9)]
Turtle 2 :[(-2,-2), (4,17), (4,16), (3,16), (3,15), (3,14), (3,13)]
Turtle 3 :[(-3,-3), (3,2), (2,2), (1,2), (1,1), (1,0), (0,0)]
Turtle 4 :[(-4,-4), (4,15), (3,15), (3,16), (3,17), (3,18), (2,18)]
Turtle 5 :[(-5,-5), (7,9), (7,10), (7,11), (8,11), (8,12), (-5,-5)]

Shrinking Run 7
#Info# Executed steps before collision: 6, Found collision: false
Turtle 1 :[(-1,-1), (15,11), (14,11), (13,11), (13,10), (12,10), (12,9)]
Turtle 2 :[(-2,-2), (4,17), (3,17), (2,17), (2,16), (2,15), (2,14)]
Turtle 3 :[(-3,-3), (3,2), (2,2), (1,2), (1,1), (1,0), (0,0)]
Turtle 4 :[(-4,-4), (4,15), (3,15), (3,16), (3,17), (3,18), (2,18)]
Turtle 5 :[(-5,-5), (7,9), (7,10), (7,11), (8,11), (8,12), (-5,-5)]

Shrinking Run 8
#Info# Executed steps before collision: 3, Found collision: true
Turtle 1 :[(-1,-1), (15,11), (14,11), (13,11), (13,10), (12,10), (12,9), (-1,-1), (-1,-1)]
Turtle 2 :[(-2,-2), (4,17), (4,16), (4,15), (3,15), (3,14), (2,14), (-2,-2), (-2,-2)]
Turtle 3 :[(-3,-3), (3,2), (2,2), (1,2), (1,1), (1,0), (0,0), (-3,-3), (-3,-3)]
Turtle 4 :[(-4,-4), (4,15), (3,15), (4,15), (4,16), (3,16), (2,16), (2,17), (2,18)]
Turtle 5 :[(-5,-5), (7,9), (7,10), (7,11), (8,11), (8,12), (-5,-5), (-5,-5), (-5,-5)]

Shrinking Run 9
#Info# Executed steps before collision: 3, Found collision: true
Turtle 1 :[(-1,-1), (15,11), (14,11), (13,11), (13,10), (12,10), (12,9)]
Turtle 2 :[(-2,-2), (4,17), (4,16), (3,16), (2,16), (1,16), (1,15)]
Turtle 3 :[(-3,-3), (3,2), (2,2), (1,2), (1,1), (1,0), (0,0)]
Turtle 4 :[(-4,-4), (4,15), (3,15), (3,16), (3,17), (3,18), (2,18)]
Turtle 5 :[(-5,-5), (7,9), (7,10), (7,11), (8,11), (8,12), (-5,-5)]

Shrinking Run 10
#Info# Executed steps before collision: 3, Found collision: true
Turtle 1 :[(-1,-1), (15,11), (14,11), (13,11), (13,10), (12,10), (12,9)]
Turtle 2 :[(-2,-2), (4,17), (3,17), (3,16), (2,16), (1,16), (1,15)]
Turtle 3 :[(-3,-3), (3,2), (2,2), (1,2), (1,1), (1,0), (0,0)]
Turtle 4 :[(-4,-4), (4,15), (3,15), (3,16), (3,17), (3,18), (2,18)]
Turtle 5 :[(-5,-5), (7,9), (7,10), (7,11), (8,11), (8,12), (-5,-5)]

Shrinking Run 11
#Info# Executed steps before collision: 7, Found collision: false
Turtle 1 :[(-1,-1), (15,11), (14,11), (13,11), (13,10), (12,10), (12,9), (-1,-1)]
Turtle 2 :[(-2,-2), (4,17), (3,17), (3,16), (2,16), (1,16), (1,15), (-2,-2)]
Turtle 3 :[(-3,-3), (3,2), (3,1), (2,1), (2,0), (1,0), (0,0), (-3,-3)]
Turtle 4 :[(-4,-4), (4,15), (3,15), (3,15), (2,15), (2,16), (2,17), (2,18)]
Turtle 5 :[(-5,-5), (7,9), (7,10), (7,11), (8,11), (8,12), (-5,-5), (-5,-5)]

Shrinking Run 12
#Info# Executed steps before collision: 3, Found collision: true
Turtle 1 :[(-1,-1), (15,11), (14,11), (13,11), (13,10), (12,10), (12,9)]
Turtle 2 :[(-2,-2), (4,17), (3,17), (3,16), (2,16), (1,16), (1,15)]
Turtle 3 :[(-3,-3), (3,2), (2,2), (1,2), (0,2), (0,1), (0,0)]
Turtle 4 :[(-4,-4), (4,15), (3,15), (3,16), (3,17), (3,18), (2,18)]
Turtle 5 :[(-5,-5), (7,9), (7,10), (7,11), (8,11), (8,12), (-5,-5)]

Shrinking Run 13
#Info# Executed steps before collision: 3, Found collision: true
Turtle 1 :[(-1,-1), (15,11), (14,11), (13,11), (13,10), (12,10), (12,9)]
Turtle 2 :[(-2,-2), (4,17), (3,17), (3,16), (2,16), (1,16), (1,15)]
Turtle 3 :[(-3,-3), (3,2), (3,1), (2,1), (1,1), (0,1), (0,0)]
Turtle 4 :[(-4,-4), (4,15), (3,15), (3,16), (3,17), (3,18), (2,18)]
Turtle 5 :[(-5,-5), (7,9), (7,10), (7,11), (8,11), (8,12), (-5,-5)]

Shrinking Run 14
#Info# Executed steps before collision: 6, Found collision: false
Turtle 1 :[(-1,-1), (15,11), (14,11), (13,11), (13,10), (12,10), (12,9)]
Turtle 2 :[(-2,-2), (4,17), (3,17), (3,16), (2,16), (1,16), (1,15)]
Turtle 3 :[(-3,-3), (3,2), (3,1), (2,1), (1,1), (0,1), (0,0)]
Turtle 4 :[(-4,-4), (4,15), (3,15), (3,14), (3,13), (3,12), (2,12)]
Turtle 5 :[(-5,-5), (7,9), (7,10), (7,11), (8,11), (8,12), (-5,-5)]

Shrinking Run 15
#Info# Executed steps before collision: 9, Found collision: false
Turtle 1 :[(-1,-1), (15,11), (14,11), (13,11), (13,10), (12,10), (12,9), (-1,-1), (-1,-1), (-1,-1)]
Turtle 2 :[(-2,-2), (4,17), (3,17), (3,16), (2,16), (1,16), (1,15), (-2,-2), (-2,-2), (-2,-2)]
Turtle 3 :[(-3,-3), (3,2), (3,1), (2,1), (1,1), (0,1), (0,0), (-3,-3), (-3,-3), (-3,-3)]
Turtle 4 :[(-4,-4), (4,15), (3,15), (2,15), (2,15), (2,14), (2,15), (1,15), (0,15), (0,16)]
Turtle 5 :[(-5,-5), (7,9), (7,10), (7,11), (8,11), (8,12), (-5,-5), (-5,-5), (-5,-5), (-5,-5)]

Shrinking Run 16
#Info# Executed steps before collision: 4, Found collision: true
Turtle 1 :[(-1,-1), (15,11), (14,11), (13,11), (13,10), (12,10), (12,9)]
Turtle 2 :[(-2,-2), (4,17), (3,17), (3,16), (2,16), (1,16), (1,15)]
Turtle 3 :[(-3,-3), (3,2), (3,1), (2,1), (1,1), (0,1), (0,0)]
Turtle 4 :[(-4,-4), (4,15), (3,15), (2,15), (2,16), (2,17), (1,17)]
Turtle 5 :[(-5,-5), (7,9), (7,10), (7,11), (8,11), (8,12), (-5,-5)]

Shrinking Run 17
#Info# Executed steps before collision: 3, Found collision: true
Turtle 1 :[(-1,-1), (15,11), (14,11), (13,11), (13,10), (12,10), (12,9)]
Turtle 2 :[(-2,-2), (4,17), (3,17), (3,16), (2,16), (1,16), (1,15)]
Turtle 3 :[(-3,-3), (3,2), (3,1), (2,1), (1,1), (0,1), (0,0)]
Turtle 4 :[(-4,-4), (4,15), (3,15), (3,16), (2,16), (2,17), (1,17)]
Turtle 5 :[(-5,-5), (7,9), (7,10), (7,11), (8,11), (8,12), (-5,-5)]

Shrinking Run 18
#Info# Executed steps before collision: 3, Found collision: true
Turtle 1 :[(-1,-1), (15,11), (14,11), (13,11), (13,10), (12,10), (12,9), (-1,-1), (-1,-1)]
Turtle 2 :[(-2,-2), (4,17), (3,17), (3,16), (2,16), (1,16), (1,15), (-2,-2), (-2,-2)]
Turtle 3 :[(-3,-3), (3,2), (3,1), (2,1), (1,1), (0,1), (0,0), (-3,-3), (-3,-3)]
Turtle 4 :[(-4,-4), (4,15), (3,15), (3,16), (2,16), (2,15), (1,15), (1,16), (0,16)]
Turtle 5 :[(-5,-5), (7,9), (7,10), (7,11), (8,11), (8,12), (-5,-5), (-5,-5), (-5,-5)]

Shrinking Run 19
#Info# Executed steps before collision: 6, Found collision: false
Turtle 1 :[(-1,-1), (15,11), (14,11), (13,11), (13,10), (12,10), (12,9)]
Turtle 2 :[(-2,-2), (4,17), (3,17), (3,16), (2,16), (1,16), (1,15)]
Turtle 3 :[(-3,-3), (3,2), (3,1), (2,1), (1,1), (0,1), (0,0)]
Turtle 4 :[(-4,-4), (4,15), (3,15), (2,15), (1,15), (0,15), (0,16)]
Turtle 5 :[(-5,-5), (7,9), (7,10), (7,11), (8,11), (8,12), (-5,-5)]

Shrinking Run 20
#Info# Executed steps before collision: 6, Found collision: true
Turtle 1 :[(-1,-1), (15,11), (14,11), (13,11), (13,10), (12,10), (12,9), (-1,-1), (-1,-1)]
Turtle 2 :[(-2,-2), (4,17), (3,17), (3,16), (2,16), (1,16), (1,15), (-2,-2), (-2,-2)]
Turtle 3 :[(-3,-3), (3,2), (3,1), (2,1), (1,1), (0,1), (0,0), (-3,-3), (-3,-3)]
Turtle 4 :[(-4,-4), (4,15), (3,15), (2,15), (1,15), (2,15), (1,15), (0,15), (0,16)]
Turtle 5 :[(-5,-5), (7,9), (7,10), (7,11), (8,11), (8,12), (-5,-5), (-5,-5), (-5,-5)]

Shrinking Run 21
#Info# Executed steps before collision: 6, Found collision: true
Turtle 1 :[(-1,-1), (15,11), (14,11), (13,11), (13,10), (12,10), (12,9), (-1,-1), (-1,-1)]
Turtle 2 :[(-2,-2), (4,17), (3,17), (3,16), (2,16), (1,16), (1,15), (-2,-2), (-2,-2)]
Turtle 3 :[(-3,-3), (3,2), (3,1), (2,1), (1,1), (0,1), (0,0), (-3,-3), (-3,-3)]
Turtle 4 :[(-4,-4), (4,15), (3,15), (2,15), (1,15), (2,15), (1,15), (1,16), (0,16)]
Turtle 5 :[(-5,-5), (7,9), (6,9), (5,9), (5,10), (4,10), (3,10), (-5,-5), (-5,-5)]

Shrinking Run 22
#Info# Executed steps before collision: 6, Found collision: true
Turtle 1 :[(-1,-1), (15,11), (14,11), (13,11), (13,10), (12,10), (12,9), (-1,-1), (-1,-1)]
Turtle 2 :[(-2,-2), (4,17), (3,17), (3,16), (2,16), (1,16), (1,15), (-2,-2), (-2,-2)]
Turtle 3 :[(-3,-3), (3,2), (3,1), (2,1), (1,1), (0,1), (0,0), (-3,-3), (-3,-3)]
Turtle 4 :[(-4,-4), (4,15), (3,15), (2,15), (1,15), (2,15), (1,15), (0,15), (0,16)]
Turtle 5 :[(-5,-5), (7,9), (7,8), (6,8), (6,7), (5,7), (4,7), (-5,-5), (-5,-5)]

Shrinking Run 23
#Info# Executed steps before collision: 6, Found collision: true
Turtle 1 :[(-1,-1), (15,11), (14,11), (13,11), (13,10), (12,10), (12,9), (-1,-1), (-1,-1)]
Turtle 2 :[(-2,-2), (4,17), (3,17), (3,16), (2,16), (1,16), (1,15), (-2,-2), (-2,-2)]
Turtle 3 :[(-3,-3), (3,2), (3,1), (2,1), (1,1), (0,1), (0,0), (-3,-3), (-3,-3)]
Turtle 4 :[(-4,-4), (4,15), (3,15), (2,15), (1,15), (1,14), (1,15), (0,15), (0,16)]
Turtle 5 :[(-5,-5), (7,9), (7,8), (6,8), (5,8), (4,8), (3,8), (-5,-5), (-5,-5)]

Shrinking Run 24
#Info# Executed steps before collision: 8, Found collision: false
Turtle 1 :[(-1,-1), (15,11), (14,11), (13,11), (13,10), (12,10), (12,9), (-1,-1), (-1,-1)]
Turtle 2 :[(-2,-2), (4,17), (3,17), (3,16), (2,16), (1,16), (1,15), (-2,-2), (-2,-2)]
Turtle 3 :[(-3,-3), (3,2), (3,1), (2,1), (1,1), (0,1), (0,0), (-3,-3), (-3,-3)]
Turtle 4 :[(-4,-4), (4,15), (3,15), (2,15), (1,15), (1,14), (0,14), (0,15), (0,16)]
Turtle 5 :[(-5,-5), (7,9), (6,9), (5,9), (4,9), (3,9), (2,9), (-5,-5), (-5,-5)]

Shrinking Run 25
#Info# Executed steps before collision: 6, Found collision: true
Turtle 1 :[(-1,-1), (15,11), (14,11), (13,11), (13,10), (12,10), (12,9), (-1,-1), (-1,-1)]
Turtle 2 :[(-2,-2), (4,17), (3,17), (3,16), (2,16), (1,16), (1,15), (-2,-2), (-2,-2)]
Turtle 3 :[(-3,-3), (3,2), (3,1), (2,1), (1,1), (0,1), (0,0), (-3,-3), (-3,-3)]
Turtle 4 :[(-4,-4), (4,15), (3,15), (2,15), (1,15), (1,14), (1,15), (0,15), (0,16)]
Turtle 5 :[(-5,-5), (7,9), (6,9), (5,9), (5,8), (4,8), (3,8), (-5,-5), (-5,-5)]

Shrinking Run 26
#Info# Executed steps before collision: 7, Found collision: false
Turtle 1 :[(-1,-1), (15,11), (14,11), (13,11), (13,10), (12,10), (12,9), (-1,-1)]
Turtle 2 :[(-2,-2), (4,17), (3,17), (3,16), (2,16), (1,16), (1,15), (-2,-2)]
Turtle 3 :[(-3,-3), (3,2), (3,1), (2,1), (1,1), (0,1), (0,0), (-3,-3)]
Turtle 4 :[(-4,-4), (4,15), (3,15), (2,15), (1,15), (0,15), (0,15), (0,16)]
Turtle 5 :[(-5,-5), (7,9), (6,9), (5,9), (4,9), (4,8), (3,8), (-5,-5)]

Shrinking Run 27
#Info# Executed steps before collision: 8, Found collision: false
Turtle 1 :[(-1,-1), (15,11), (14,11), (13,11), (13,10), (12,10), (12,9), (-1,-1), (-1,-1)]
Turtle 2 :[(-2,-2), (4,17), (3,17), (3,16), (2,16), (1,16), (0,16), (0,15), (1,15)]
Turtle 3 :[(-3,-3), (3,2), (3,1), (2,1), (1,1), (0,1), (0,0), (-3,-3), (-3,-3)]
Turtle 4 :[(-4,-4), (4,15), (3,15), (2,15), (1,15), (1,15), (1,16), (1,16), (0,16)]
Turtle 5 :[(-5,-5), (7,9), (6,9), (6,8), (5,8), (4,8), (3,8), (-5,-5), (-5,-5)]

Shrinking Run 28
#Info# Executed steps before collision: 5, Found collision: true
Turtle 1 :[(-1,-1), (15,11), (14,11), (14,10), (13,10), (12,10), (12,9)]
Turtle 2 :[(-2,-2), (4,17), (3,17), (3,16), (2,16), (1,16), (1,15)]
Turtle 3 :[(-3,-3), (3,2), (3,1), (2,1), (1,1), (0,1), (0,0)]
Turtle 4 :[(-4,-4), (4,15), (3,15), (2,15), (1,15), (1,16), (0,16)]
Turtle 5 :[(-5,-5), (7,9), (6,9), (5,9), (5,8), (4,8), (3,8)]

Shrinking Run 29
#Info# Executed steps before collision: 8, Found collision: false
Turtle 1 :[(-1,-1), (15,11), (14,11), (13,11), (12,11), (11,11), (11,10), (-1,-1), (-1,-1)]
Turtle 2 :[(-2,-2), (4,17), (3,17), (3,16), (2,16), (1,16), (1,17), (1,16), (1,15)]
Turtle 3 :[(-3,-3), (3,2), (3,1), (2,1), (1,1), (0,1), (0,0), (-3,-3), (-3,-3)]
Turtle 4 :[(-4,-4), (4,15), (3,15), (2,15), (1,15), (1,15), (1,16), (0,16), (-4,-4)]
Turtle 5 :[(-5,-5), (7,9), (6,9), (5,9), (5,8), (4,8), (3,8), (-5,-5), (-5,-5)]

Shrinking Run 30
#Info# Executed steps before collision: 5, Found collision: true
Turtle 1 :[(-1,-1), (15,11), (14,11), (14,10), (13,10), (12,10), (11,10)]
Turtle 2 :[(-2,-2), (4,17), (3,17), (3,16), (2,16), (1,16), (1,15)]
Turtle 3 :[(-3,-3), (3,2), (3,1), (2,1), (1,1), (0,1), (0,0)]
Turtle 4 :[(-4,-4), (4,15), (3,15), (2,15), (1,15), (1,16), (0,16)]
Turtle 5 :[(-5,-5), (7,9), (6,9), (5,9), (5,8), (4,8), (3,8)]

Shrinking Run 31
#Info# Executed steps before collision: 6, Found collision: true
Turtle 1 :[(-1,-1), (15,11), (14,11), (13,11), (13,10), (12,10), (11,10), (-1,-1), (-1,-1)]
Turtle 2 :[(-2,-2), (4,17), (3,17), (3,16), (2,16), (1,16), (1,15), (-2,-2), (-2,-2)]
Turtle 3 :[(-3,-3), (3,2), (3,1), (2,1), (1,1), (0,1), (0,0), (-3,-3), (-3,-3)]
Turtle 4 :[(-4,-4), (4,15), (3,15), (2,15), (1,15), (1,14), (1,15), (0,15), (0,16)]
Turtle 5 :[(-5,-5), (7,9), (6,9), (5,9), (5,8), (4,8), (3,8), (-5,-5), (-5,-5)]

Shrinking Run 32
#Info# Executed steps before collision: 6, Found collision: false
Turtle 1 :[(-1,-1), (15,11), (14,11), (13,11), (13,10), (12,10), (11,10)]
Turtle 2 :[(-2,-2), (4,17), (3,17), (2,17), (2,16), (2,15), (2,14)]
Turtle 3 :[(-3,-3), (3,2), (3,1), (2,1), (1,1), (0,1), (0,0)]
Turtle 4 :[(-4,-4), (4,15), (3,15), (2,15), (1,15), (1,16), (0,16)]
Turtle 5 :[(-5,-5), (7,9), (6,9), (5,9), (5,8), (4,8), (3,8)]

Shrinking Run 33
#Info# Executed steps before collision: 6, Found collision: true
Turtle 1 :[(-1,-1), (15,11), (14,11), (13,11), (13,10), (12,10), (11,10), (-1,-1), (-1,-1)]
Turtle 2 :[(-2,-2), (4,17), (3,17), (3,16), (2,16), (1,16), (1,15), (-2,-2), (-2,-2)]
Turtle 3 :[(-3,-3), (3,2), (3,1), (2,1), (2,0), (1,0), (0,0), (-3,-3), (-3,-3)]
Turtle 4 :[(-4,-4), (4,15), (3,15), (2,15), (1,15), (1,14), (1,15), (1,16), (0,16)]
Turtle 5 :[(-5,-5), (7,9), (6,9), (5,9), (5,8), (4,8), (3,8), (-5,-5), (-5,-5)]

Shrinking Run 34
#Info# Executed steps before collision: 5, Found collision: true
Turtle 1 :[(-1,-1), (15,11), (14,11), (13,11), (13,10), (12,10), (11,10)]
Turtle 2 :[(-2,-2), (4,17), (3,17), (3,16), (2,16), (1,16), (1,15)]
Turtle 3 :[(-3,-3), (3,2), (2,2), (1,2), (1,1), (0,1), (0,0)]
Turtle 4 :[(-4,-4), (4,15), (3,15), (2,15), (1,15), (1,16), (0,16)]
Turtle 5 :[(-5,-5), (7,9), (6,9), (5,9), (5,8), (4,8), (3,8)]

Shrinking Run 35
#Info# Executed steps before collision: 5, Found collision: true
Turtle 1 :[(-1,-1), (15,11), (14,11), (13,11), (13,10), (12,10), (11,10)]
Turtle 2 :[(-2,-2), (4,17), (3,17), (3,16), (2,16), (1,16), (1,15)]
Turtle 3 :[(-3,-3), (3,2), (2,2), (1,2), (0,2), (0,1), (0,0)]
Turtle 4 :[(-4,-4), (4,15), (3,15), (2,15), (1,15), (1,16), (0,16)]
Turtle 5 :[(-5,-5), (7,9), (6,9), (5,9), (5,8), (4,8), (3,8)]

Shrinking Run 36
#Info# Executed steps before collision: 6, Found collision: false
Turtle 1 :[(-1,-1), (15,11), (14,11), (13,11), (13,10), (12,10), (11,10)]
Turtle 2 :[(-2,-2), (4,17), (3,17), (3,16), (2,16), (1,16), (1,15)]
Turtle 3 :[(-3,-3), (3,2), (2,2), (1,2), (0,2), (0,1), (0,0)]
Turtle 4 :[(-4,-4), (4,15), (3,15), (3,14), (3,13), (3,12), (2,12)]
Turtle 5 :[(-5,-5), (7,9), (6,9), (5,9), (5,8), (4,8), (3,8)]

Shrinking Run 37
#Info# Executed steps before collision: 4, Found collision: true
Turtle 1 :[(-1,-1), (15,11), (14,11), (13,11), (13,10), (12,10), (11,10), (-1,-1), (-1,-1)]
Turtle 2 :[(-2,-2), (4,17), (3,17), (3,16), (2,16), (1,16), (1,15), (-2,-2), (-2,-2)]
Turtle 3 :[(-3,-3), (3,2), (2,2), (1,2), (0,2), (0,1), (0,0), (-3,-3), (-3,-3)]
Turtle 4 :[(-4,-4), (4,15), (3,15), (2,15), (2,16), (2,17), (1,17), (0,17), (0,16)]
Turtle 5 :[(-5,-5), (7,9), (6,9), (5,9), (5,8), (4,8), (3,8), (-5,-5), (-5,-5)]

Shrinking Run 38
#Info# Executed steps before collision: 6, Found collision: false
Turtle 1 :[(-1,-1), (15,11), (14,11), (13,11), (13,10), (12,10), (11,10)]
Turtle 2 :[(-2,-2), (4,17), (3,17), (3,16), (2,16), (1,16), (1,15)]
Turtle 3 :[(-3,-3), (3,2), (2,2), (1,2), (0,2), (0,1), (0,0)]
Turtle 4 :[(-4,-4), (4,15), (3,15), (2,15), (2,14), (1,14), (0,14)]
Turtle 5 :[(-5,-5), (7,9), (6,9), (5,9), (5,8), (4,8), (3,8)]

Shrinking Run 39
#Info# Executed steps before collision: 6, Found collision: false
Turtle 1 :[(-1,-1), (15,11), (14,11), (13,11), (13,10), (12,10), (11,10)]
Turtle 2 :[(-2,-2), (4,17), (3,17), (3,16), (2,16), (1,16), (1,15)]
Turtle 3 :[(-3,-3), (3,2), (2,2), (1,2), (0,2), (0,1), (0,0)]
Turtle 4 :[(-4,-4), (4,15), (3,15), (2,15), (1,15), (0,15), (-4,-4)]
Turtle 5 :[(-5,-5), (7,9), (6,9), (5,9), (5,8), (4,8), (3,8)]

Shrinking Run 40
#Info# Executed steps before collision: 3, Found collision: true
Turtle 1 :[(-1,-1), (15,11), (14,11), (13,11), (13,10), (12,10), (11,10), (-1,-1), (-1,-1)]
Turtle 2 :[(-2,-2), (4,17), (3,17), (3,16), (2,16), (1,16), (1,15), (-2,-2), (-2,-2)]
Turtle 3 :[(-3,-3), (3,2), (2,2), (1,2), (0,2), (0,1), (0,0), (-3,-3), (-3,-3)]
Turtle 4 :[(-4,-4), (4,15), (3,15), (3,16), (2,16), (3,16), (2,16), (1,16), (0,16)]
Turtle 5 :[(-5,-5), (7,9), (6,9), (5,9), (5,8), (4,8), (3,8), (-5,-5), (-5,-5)]

Shrinking Run 41
#Info# Executed steps before collision: 6, Found collision: false
Turtle 1 :[(-1,-1), (15,11), (14,11), (13,11), (13,10), (12,10), (11,10)]
Turtle 2 :[(-2,-2), (4,17), (3,17), (3,16), (2,16), (1,16), (1,15)]
Turtle 3 :[(-3,-3), (3,2), (2,2), (1,2), (0,2), (0,1), (0,0)]
Turtle 4 :[(-4,-4), (4,15), (3,15), (2,15), (1,15), (0,15), (0,16)]
Turtle 5 :[(-5,-5), (7,9), (6,9), (5,9), (5,8), (4,8), (3,8)]

Shrinking Run 42
#Info# Executed steps before collision: 9, Found collision: false
Turtle 1 :[(-1,-1), (15,11), (14,11), (13,11), (13,10), (12,10), (11,10), (-1,-1), (-1,-1), (-1,-1)]
Turtle 2 :[(-2,-2), (4,17), (3,17), (3,16), (2,16), (1,16), (0,16), (1,16), (1,15), (-2,-2)]
Turtle 3 :[(-3,-3), (3,2), (2,2), (1,2), (0,2), (0,1), (0,0), (-3,-3), (-3,-3), (-3,-3)]
Turtle 4 :[(-4,-4), (4,15), (3,15), (2,15), (1,15), (1,15), (1,16), (1,17), (0,17), (0,16)]
Turtle 5 :[(-5,-5), (7,9), (6,9), (5,9), (4,9), (3,9), (2,9), (-5,-5), (-5,-5), (-5,-5)]

Shrinking Run 43
#Info# Executed steps before collision: 5, Found collision: true
Turtle 1 :[(-1,-1), (15,11), (14,11), (13,11), (13,10), (12,10), (11,10)]
Turtle 2 :[(-2,-2), (4,17), (3,17), (3,16), (2,16), (1,16), (1,15)]
Turtle 3 :[(-3,-3), (3,2), (2,2), (1,2), (0,2), (0,1), (0,0)]
Turtle 4 :[(-4,-4), (4,15), (3,15), (2,15), (1,15), (1,16), (0,16)]
Turtle 5 :[(-5,-5), (7,9), (6,9), (5,9), (4,9), (4,8), (3,8)]

Shrinking Run 44
#Info# Executed steps before collision: 6, Found collision: false
Turtle 1 :[(-1,-1), (15,11), (14,11), (13,11), (12,11), (11,11), (11,10)]
Turtle 2 :[(-2,-2), (4,17), (3,17), (3,16), (2,16), (1,16), (1,15)]
Turtle 3 :[(-3,-3), (3,2), (2,2), (1,2), (0,2), (0,1), (0,0)]
Turtle 4 :[(-4,-4), (4,15), (3,15), (2,15), (1,15), (0,15), (0,16)]
Turtle 5 :[(-5,-5), (7,9), (6,9), (5,9), (5,8), (4,8), (3,8)]

Shrinking Run 45
#Info# Executed steps before collision: 6, Found collision: false
Turtle 1 :[(-1,-1), (15,11), (14,11), (13,11), (13,10), (12,10), (11,10)]
Turtle 2 :[(-2,-2), (4,17), (3,17), (2,17), (2,16), (2,15), (2,14)]
Turtle 3 :[(-3,-3), (3,2), (2,2), (1,2), (0,2), (0,1), (0,0)]
Turtle 4 :[(-4,-4), (4,15), (3,15), (2,15), (1,15), (1,16), (0,16)]
Turtle 5 :[(-5,-5), (7,9), (6,9), (5,9), (5,8), (4,8), (3,8)]

Shrink Run 46
#Info# Executed steps before collision: 8, Found collision: false
Turtle 1 :[(-1,-1), (15,11), (14,11), (13,11), (13,10), (12,10), (11,10), (-1,-1), (-1,-1)]
Turtle 2 :[(-2,-2), (4,17), (3,17), (3,16), (2,16), (1,16), (1,15), (-2,-2), (-2,-2)]
Turtle 3 :[(-3,-3), (3,2), (2,2), (1,2), (0,2), (0,1), (0,0), (-3,-3), (-3,-3)]
Turtle 4 :[(-4,-4), (4,15), (3,15), (2,15), (1,15), (0,15), (0,14), (0,15), (0,16)]
Turtle 5 :[(-5,-5), (7,9), (6,9), (5,9), (5,8), (4,8), (3,8), (-5,-5), (-5,-5)]

