Shrinking Run 1
#Info# Executed steps before collision: 7, Found collision: false
Turtle 1 :[(-1,-1), (36,6), (35,6), (34,6), (33,6), (32,6), (32,5), (-1,-1)]
Turtle 2 :[(-2,-2), (13,36), (12,36), (12,37), (-2,-2), (-2,-2), (-2,-2), (-2,-2)]
Turtle 3 :[(-3,-3), (23,39), (23,38), (23,37), (24,37), (25,37), (25,37), (26,37)]
Turtle 4 :[(-4,-4), (29,29), (29,30), (30,30), (31,30), (32,30), (32,30), (33,30)]
Turtle 5 :[(-5,-5), (13,37), (13,37), (13,36), (13,35), (13,34), (12,34), (12,33)]

Shrinking Run 2
#Info# Executed steps before collision: 8, Found collision: false
Turtle 1 :[(-1,-1), (36,6), (35,6), (34,6), (34,5), (33,5), (33,4), (-1,-1), (-1,-1)]
Turtle 2 :[(-2,-2), (13,36), (12,36), (13,36), (13,37), (12,37), (-2,-2), (-2,-2), (-2,-2)]
Turtle 3 :[(-3,-3), (23,39), (23,38), (23,37), (24,37), (25,37), (25,37), (26,37), (-3,-3)]
Turtle 4 :[(-4,-4), (29,29), (29,30), (30,30), (31,30), (32,30), (32,30), (33,30), (-4,-4)]
Turtle 5 :[(-5,-5), (13,37), (13,37), (13,37), (13,36), (13,35), (13,34), (12,34), (12,33)]

Shrinking Run 3
#Info# Executed steps before collision: 7, Found collision: false
Turtle 1 :[(-1,-1), (36,6), (35,6), (35,5), (35,4), (34,4), (34,3), (-1,-1)]
Turtle 2 :[(-2,-2), (13,36), (12,36), (12,37), (-2,-2), (-2,-2), (-2,-2), (-2,-2)]
Turtle 3 :[(-3,-3), (23,39), (23,38), (23,37), (24,37), (25,37), (25,37), (26,37)]
Turtle 4 :[(-4,-4), (29,29), (29,30), (30,30), (31,30), (32,30), (32,30), (33,30)]
Turtle 5 :[(-5,-5), (13,37), (13,37), (13,36), (13,35), (13,34), (12,34), (12,33)]

Shrinking Run 4
#Info# Executed steps before collision: 3, Found collision: true
Turtle 1 :[(-1,-1), (36,6), (36,5), (35,5), (34,5), (33,5), (33,4), (-1,-1), (-1,-1), (-1,-1)]
Turtle 2 :[(-2,-2), (13,36), (12,36), (13,36), (13,37), (12,37), (-2,-2), (-2,-2), (-2,-2), (-2,-2)]
Turtle 3 :[(-3,-3), (23,39), (23,38), (23,37), (24,37), (25,37), (25,37), (26,37), (-3,-3), (-3,-3)]
Turtle 4 :[(-4,-4), (29,29), (29,30), (30,30), (31,30), (32,30), (32,30), (33,30), (-4,-4), (-4,-4)]
Turtle 5 :[(-5,-5), (13,37), (13,37), (13,36), (14,36), (13,36), (12,36), (12,35), (12,34), (12,33)]

Shrinking Run 5
#Info# Executed steps before collision: 8, Found collision: false
Turtle 1 :[(-1,-1), (36,6), (35,6), (35,5), (34,5), (33,5), (33,4), (-1,-1), (-1,-1)]
Turtle 2 :[(-2,-2), (13,36), (12,36), (11,36), (10,36), (9,36), (9,37), (-2,-2), (-2,-2)]
Turtle 3 :[(-3,-3), (23,39), (23,38), (23,37), (24,37), (25,37), (25,37), (26,37), (-3,-3)]
Turtle 4 :[(-4,-4), (29,29), (29,30), (30,30), (31,30), (32,30), (32,30), (33,30), (-4,-4)]
Turtle 5 :[(-5,-5), (13,37), (13,37), (13,37), (13,36), (13,35), (13,34), (12,34), (12,33)]

Shrinking Run 6
#Info# Executed steps before collision: 7, Found collision: false
Turtle 1 :[(-1,-1), (36,6), (35,6), (35,5), (34,5), (33,5), (33,4), (-1,-1)]
Turtle 2 :[(-2,-2), (13,36), (12,36), (11,36), (10,36), (10,37), (-2,-2), (-2,-2)]
Turtle 3 :[(-3,-3), (23,39), (23,38), (23,37), (24,37), (25,37), (25,37), (26,37)]
Turtle 4 :[(-4,-4), (29,29), (29,30), (30,30), (31,30), (32,30), (32,30), (33,30)]
Turtle 5 :[(-5,-5), (13,37), (13,37), (13,36), (13,35), (13,34), (12,34), (12,33)]

Shrinking Run 7
#Info# Executed steps before collision: 3, Found collision: true
Turtle 1 :[(-1,-1), (36,6), (35,6), (35,5), (34,5), (33,5), (33,4), (-1,-1)]
Turtle 2 :[(-2,-2), (13,36), (12,36), (13,36), (12,36), (11,36), (11,37), (-2,-2)]
Turtle 3 :[(-3,-3), (23,39), (23,38), (23,37), (24,37), (25,37), (25,37), (26,37)]
Turtle 4 :[(-4,-4), (29,29), (29,30), (30,30), (31,30), (32,30), (32,30), (33,30)]
Turtle 5 :[(-5,-5), (13,37), (13,37), (13,36), (13,35), (13,34), (12,34), (12,33)]

Shrinking Run 8
#Info# Executed steps before collision: 8, Found collision: false
Turtle 1 :[(-1,-1), (36,6), (35,6), (35,5), (34,5), (33,5), (33,4), (-1,-1), (-1,-1)]
Turtle 2 :[(-2,-2), (13,36), (12,36), (12,35), (11,35), (11,34), (11,33), (-2,-2), (-2,-2)]
Turtle 3 :[(-3,-3), (23,39), (23,38), (23,37), (24,37), (25,37), (25,37), (26,37), (-3,-3)]
Turtle 4 :[(-4,-4), (29,29), (29,30), (30,30), (31,30), (32,30), (32,30), (33,30), (-4,-4)]
Turtle 5 :[(-5,-5), (13,37), (13,37), (13,37), (13,36), (13,35), (13,34), (12,34), (12,33)]

Shrinking Run 9
#Info# Executed steps before collision: 9, Found collision: false
Turtle 1 :[(-1,-1), (36,6), (35,6), (35,5), (34,5), (33,5), (33,4), (-1,-1), (-1,-1), (-1,-1)]
Turtle 2 :[(-2,-2), (13,36), (13,35), (12,35), (11,35), (11,34), (11,33), (-2,-2), (-2,-2), (-2,-2)]
Turtle 3 :[(-3,-3), (23,39), (23,38), (23,37), (24,37), (25,37), (25,37), (26,37), (-3,-3), (-3,-3)]
Turtle 4 :[(-4,-4), (29,29), (29,30), (30,30), (31,30), (32,30), (32,30), (33,30), (-4,-4), (-4,-4)]
Turtle 5 :[(-5,-5), (13,37), (13,37), (14,37), (14,36), (13,36), (13,35), (13,34), (12,34), (12,33)]

Shrinking Run 10
#Info# Executed steps before collision: 3, Found collision: true
Turtle 1 :[(-1,-1), (36,6), (35,6), (35,5), (34,5), (33,5), (33,4), (-1,-1)]
Turtle 2 :[(-2,-2), (13,36), (12,36), (13,36), (12,36), (11,36), (11,35), (-2,-2)]
Turtle 3 :[(-3,-3), (23,39), (23,38), (23,37), (24,37), (25,37), (25,37), (26,37)]
Turtle 4 :[(-4,-4), (29,29), (29,30), (30,30), (31,30), (32,30), (32,30), (33,30)]
Turtle 5 :[(-5,-5), (13,37), (13,37), (13,36), (13,35), (13,34), (12,34), (12,33)]

Shrinking Run 11
#Info# Executed steps before collision: 7, Found collision: false
Turtle 1 :[(-1,-1), (36,6), (35,6), (35,5), (34,5), (33,5), (33,4), (-1,-1)]
Turtle 2 :[(-2,-2), (13,36), (12,36), (11,36), (11,35), (11,34), (-2,-2), (-2,-2)]
Turtle 3 :[(-3,-3), (23,39), (23,38), (23,37), (24,37), (25,37), (25,37), (26,37)]
Turtle 4 :[(-4,-4), (29,29), (29,30), (30,30), (31,30), (32,30), (32,30), (33,30)]
Turtle 5 :[(-5,-5), (13,37), (13,37), (13,36), (13,35), (13,34), (12,34), (12,33)]

Shrinking Run 12
#Info# Executed steps before collision: 9, Found collision: false
Turtle 1 :[(-1,-1), (36,6), (35,6), (35,5), (34,5), (33,5), (33,4), (-1,-1), (-1,-1), (-1,-1)]
Turtle 2 :[(-2,-2), (13,36), (12,36), (11,36), (10,36), (9,36), (9,35), (-2,-2), (-2,-2), (-2,-2)]
Turtle 3 :[(-3,-3), (23,39), (23,38), (23,37), (24,37), (25,37), (25,37), (26,37), (-3,-3), (-3,-3)]
Turtle 4 :[(-4,-4), (29,29), (29,30), (30,30), (31,30), (32,30), (32,30), (33,30), (-4,-4), (-4,-4)]
Turtle 5 :[(-5,-5), (13,37), (13,37), (13,38), (13,37), (13,36), (13,35), (13,34), (13,33), (12,33)]

Shrinking Run 13
#Info# Executed steps before collision: 7, Found collision: false
Turtle 1 :[(-1,-1), (36,6), (35,6), (35,5), (34,5), (33,5), (33,4), (-1,-1)]
Turtle 2 :[(-2,-2), (13,36), (12,36), (11,36), (10,36), (10,35), (-2,-2), (-2,-2)]
Turtle 3 :[(-3,-3), (23,39), (23,38), (23,37), (24,37), (25,37), (25,37), (26,37)]
Turtle 4 :[(-4,-4), (29,29), (29,30), (30,30), (31,30), (32,30), (32,30), (33,30)]
Turtle 5 :[(-5,-5), (13,37), (13,37), (13,36), (13,35), (13,34), (12,34), (12,33)]

Shrinking Run 14
#Info# Executed steps before collision: 7, Found collision: false
Turtle 1 :[(-1,-1), (36,6), (35,6), (35,5), (34,5), (33,5), (33,4), (-1,-1)]
Turtle 2 :[(-2,-2), (13,36), (12,36), (11,36), (11,35), (-2,-2), (-2,-2), (-2,-2)]
Turtle 3 :[(-3,-3), (23,39), (23,38), (23,37), (24,37), (25,37), (25,37), (26,37)]
Turtle 4 :[(-4,-4), (29,29), (29,30), (30,30), (31,30), (32,30), (32,30), (33,30)]
Turtle 5 :[(-5,-5), (13,37), (13,37), (13,36), (13,35), (13,34), (12,34), (12,33)]

Shrinking Run 15
#Info# Executed steps before collision: 7, Found collision: false
Turtle 1 :[(-1,-1), (36,6), (35,6), (35,5), (34,5), (33,5), (33,4), (-1,-1)]
Turtle 2 :[(-2,-2), (13,36), (12,36), (11,36), (12,36), (11,36), (11,35), (-2,-2)]
Turtle 3 :[(-3,-3), (23,39), (23,38), (23,37), (24,37), (25,37), (25,37), (26,37)]
Turtle 4 :[(-4,-4), (29,29), (29,30), (30,30), (31,30), (32,30), (32,30), (33,30)]
Turtle 5 :[(-5,-5), (13,37), (13,37), (13,36), (13,35), (13,34), (12,34), (12,33)]

Shrinking Run 16
#Info# Executed steps before collision: 3, Found collision: true
Turtle 1 :[(-1,-1), (36,6), (35,6), (35,5), (34,5), (33,5), (33,4), (-1,-1)]
Turtle 2 :[(-2,-2), (13,36), (14,36), (13,36), (13,35), (12,35), (11,35), (-2,-2)]
Turtle 3 :[(-3,-3), (23,39), (23,38), (23,37), (24,37), (25,37), (25,37), (26,37)]
Turtle 4 :[(-4,-4), (29,29), (29,30), (30,30), (31,30), (32,30), (32,30), (33,30)]
Turtle 5 :[(-5,-5), (13,37), (13,37), (13,36), (13,35), (13,34), (12,34), (12,33)]

Shrinking Run 17
#Info# Executed steps before collision: 8, Found collision: false
Turtle 1 :[(-1,-1), (36,6), (35,6), (35,5), (34,5), (33,5), (33,4), (-1,-1), (-1,-1)]
Turtle 2 :[(-2,-2), (13,36), (14,36), (14,37), (14,36), (13,36), (13,35), (12,35), (11,35)]
Turtle 3 :[(-3,-3), (23,39), (23,38), (23,37), (22,37), (21,37), (21,37), (20,37), (-3,-3)]
Turtle 4 :[(-4,-4), (29,29), (29,30), (30,30), (31,30), (32,30), (32,30), (33,30), (-4,-4)]
Turtle 5 :[(-5,-5), (13,37), (13,37), (13,36), (13,35), (13,34), (12,34), (12,33), (-5,-5)]

Shrinking Run 18
#Info# Executed steps before collision: 3, Found collision: true
Turtle 1 :[(-1,-1), (36,6), (35,6), (35,5), (34,5), (33,5), (33,4), (-1,-1)]
Turtle 2 :[(-2,-2), (13,36), (14,36), (13,36), (12,36), (11,36), (11,35), (-2,-2)]
Turtle 3 :[(-3,-3), (23,39), (23,38), (23,37), (22,37), (23,37), (24,37), (-3,-3)]
Turtle 4 :[(-4,-4), (29,29), (29,30), (30,30), (31,30), (32,30), (32,30), (33,30)]
Turtle 5 :[(-5,-5), (13,37), (13,37), (13,36), (13,35), (13,34), (12,34), (12,33)]

Shrinking Run 19
#Info# Executed steps before collision: 3, Found collision: true
Turtle 1 :[(-1,-1), (36,6), (35,6), (35,5), (34,5), (33,5), (33,4), (-1,-1)]
Turtle 2 :[(-2,-2), (13,36), (14,36), (13,36), (13,35), (12,35), (11,35), (-2,-2)]
Turtle 3 :[(-3,-3), (23,39), (23,38), (23,37), (22,37), (23,37), (22,37), (-3,-3)]
Turtle 4 :[(-4,-4), (29,29), (29,30), (30,30), (31,30), (32,30), (32,30), (33,30)]
Turtle 5 :[(-5,-5), (13,37), (13,37), (13,36), (13,35), (13,34), (12,34), (12,33)]

Shrinking Run 20
#Info# Executed steps before collision: 11, Found collision: false
Turtle 1 :[(-1,-1), (36,6), (35,6), (35,5), (34,5), (33,5), (33,4), (-1,-1), (-1,-1), (-1,-1), (-1,-1), (-1,-1)]
Turtle 2 :[(-2,-2), (13,36), (14,36), (13,36), (12,36), (11,36), (11,35), (-2,-2), (-2,-2), (-2,-2), (-2,-2), (-2,-2)]
Turtle 3 :[(-3,-3), (23,39), (23,38), (23,37), (22,37), (21,37), (-3,-3), (-3,-3), (-3,-3), (-3,-3), (-3,-3), (-3,-3)]
Turtle 4 :[(-4,-4), (29,29), (29,30), (30,30), (31,30), (32,30), (32,30), (33,30), (-4,-4), (-4,-4), (-4,-4), (-4,-4)]
Turtle 5 :[(-5,-5), (13,37), (13,37), (14,37), (15,37), (15,36), (14,36), (13,36), (13,35), (13,34), (12,34), (12,33)]

Shrinking Run 21
#Info# Executed steps before collision: 3, Found collision: true
Turtle 1 :[(-1,-1), (36,6), (35,6), (35,5), (34,5), (33,5), (33,4), (-1,-1)]
Turtle 2 :[(-2,-2), (13,36), (14,36), (13,36), (13,35), (12,35), (11,35), (-2,-2)]
Turtle 3 :[(-3,-3), (23,39), (23,38), (23,37), (23,36), (23,35), (23,35), (22,35)]
Turtle 4 :[(-4,-4), (29,29), (29,30), (30,30), (31,30), (32,30), (32,30), (33,30)]
Turtle 5 :[(-5,-5), (13,37), (13,37), (13,36), (13,35), (13,34), (12,34), (12,33)]

Shrinking Run 22
#Info# Executed steps before collision: 3, Found collision: true
Turtle 1 :[(-1,-1), (36,6), (35,6), (35,5), (34,5), (33,5), (33,4), (-1,-1)]
Turtle 2 :[(-2,-2), (13,36), (14,36), (13,36), (12,36), (11,36), (11,35), (-2,-2)]
Turtle 3 :[(-3,-3), (23,39), (22,39), (22,38), (22,37), (22,36), (22,36), (21,36)]
Turtle 4 :[(-4,-4), (29,29), (29,30), (30,30), (31,30), (32,30), (32,30), (33,30)]
Turtle 5 :[(-5,-5), (13,37), (13,37), (13,36), (13,35), (13,34), (12,34), (12,33)]

Shrinking Run 23
#Info# Executed steps before collision: 3, Found collision: true
Turtle 1 :[(-1,-1), (36,6), (35,6), (35,5), (34,5), (33,5), (33,4), (-1,-1)]
Turtle 2 :[(-2,-2), (13,36), (14,36), (13,36), (12,36), (11,36), (11,35), (-2,-2)]
Turtle 3 :[(-3,-3), (23,39), (22,39), (21,39), (21,38), (21,37), (21,37), (20,37)]
Turtle 4 :[(-4,-4), (29,29), (29,30), (30,30), (31,30), (32,30), (32,30), (33,30)]
Turtle 5 :[(-5,-5), (13,37), (13,37), (13,36), (13,35), (12,35), (12,34), (12,33)]

Shrinking Run 24
#Info# Executed steps before collision: 3, Found collision: true
Turtle 1 :[(-1,-1), (36,6), (35,6), (35,5), (34,5), (33,5), (33,4), (-1,-1)]
Turtle 2 :[(-2,-2), (13,36), (14,36), (13,36), (12,36), (11,36), (11,35), (-2,-2)]
Turtle 3 :[(-3,-3), (23,39), (22,39), (21,39), (21,38), (20,38), (20,38), (19,38)]
Turtle 4 :[(-4,-4), (29,29), (29,30), (30,30), (31,30), (32,30), (32,30), (33,30)]
Turtle 5 :[(-5,-5), (13,37), (13,37), (13,36), (13,35), (13,34), (12,34), (12,33)]

Shrinking Run 25
#Info# Executed steps before collision: 8, Found collision: false
Turtle 1 :[(-1,-1), (36,6), (35,6), (35,5), (34,5), (33,5), (33,4), (-1,-1), (-1,-1)]
Turtle 2 :[(-2,-2), (13,36), (14,36), (13,36), (12,36), (11,36), (11,35), (-2,-2), (-2,-2)]
Turtle 3 :[(-3,-3), (23,39), (22,39), (21,39), (20,39), (19,39), (19,39), (19,38), (-3,-3)]
Turtle 4 :[(-4,-4), (29,29), (29,30), (30,30), (31,30), (32,30), (32,30), (33,30), (-4,-4)]
Turtle 5 :[(-5,-5), (13,37), (13,37), (13,37), (13,36), (13,35), (13,34), (12,34), (12,33)]

Shrinking Run 26
#Info# Executed steps before collision: 3, Found collision: true
Turtle 1 :[(-1,-1), (36,6), (35,6), (35,5), (34,5), (33,5), (33,4), (-1,-1), (-1,-1), (-1,-1), (-1,-1), (-1,-1), (-1,-1)]
Turtle 2 :[(-2,-2), (13,36), (14,36), (13,36), (14,36), (13,36), (14,36), (13,36), (14,36), (13,36), (12,36), (12,35), (11,35)]
Turtle 3 :[(-3,-3), (23,39), (22,39), (21,39), (21,38), (20,38), (19,38), (-3,-3), (-3,-3), (-3,-3), (-3,-3), (-3,-3), (-3,-3)]
Turtle 4 :[(-4,-4), (29,29), (29,30), (30,30), (31,30), (32,30), (32,30), (33,30), (-4,-4), (-4,-4), (-4,-4), (-4,-4), (-4,-4)]
Turtle 5 :[(-5,-5), (13,37), (13,37), (13,36), (13,37), (12,37), (12,36), (12,35), (12,34), (12,33), (-5,-5), (-5,-5), (-5,-5)]

Shrinking Run 27
#Info# Executed steps before collision: 8, Found collision: false
Turtle 1 :[(-1,-1), (36,6), (35,6), (35,5), (34,5), (33,5), (33,4), (-1,-1), (-1,-1)]
Turtle 2 :[(-2,-2), (13,36), (14,36), (14,37), (13,37), (12,37), (11,37), (11,36), (11,35)]
Turtle 3 :[(-3,-3), (23,39), (22,39), (21,39), (20,39), (20,38), (19,38), (-3,-3), (-3,-3)]
Turtle 4 :[(-4,-4), (29,29), (29,30), (30,30), (31,30), (32,30), (32,30), (33,30), (-4,-4)]
Turtle 5 :[(-5,-5), (13,37), (13,37), (13,36), (13,35), (13,34), (12,34), (12,33), (-5,-5)]

Shrinking Run 28
#Info# Executed steps before collision: 8, Found collision: false
Turtle 1 :[(-1,-1), (36,6), (35,6), (35,5), (34,5), (33,5), (33,4), (-1,-1), (-1,-1)]
Turtle 2 :[(-2,-2), (13,36), (14,36), (15,36), (14,36), (14,35), (13,35), (12,35), (11,35)]
Turtle 3 :[(-3,-3), (23,39), (22,39), (21,39), (21,38), (20,38), (19,38), (-3,-3), (-3,-3)]
Turtle 4 :[(-4,-4), (29,29), (29,30), (28,30), (27,30), (26,30), (26,30), (25,30), (-4,-4)]
Turtle 5 :[(-5,-5), (13,37), (13,37), (13,36), (13,35), (13,34), (12,34), (12,33), (-5,-5)]

Shrinking Run 29
#Info# Executed steps before collision: 9, Found collision: false
Turtle 1 :[(-1,-1), (36,6), (35,6), (35,5), (34,5), (33,5), (33,4), (-1,-1), (-1,-1), (-1,-1)]
Turtle 2 :[(-2,-2), (13,36), (14,36), (14,35), (13,35), (12,35), (11,35), (-2,-2), (-2,-2), (-2,-2)]
Turtle 3 :[(-3,-3), (23,39), (22,39), (21,39), (21,38), (20,38), (19,38), (-3,-3), (-3,-3), (-3,-3)]
Turtle 4 :[(-4,-4), (29,29), (29,30), (28,30), (27,30), (26,30), (26,30), (26,31), (-4,-4), (-4,-4)]
Turtle 5 :[(-5,-5), (13,37), (13,37), (13,36), (13,37), (12,37), (12,36), (12,35), (12,34), (12,33)]

Shrinking Run 30
#Info# Executed steps before collision: 3, Found collision: true
Turtle 1 :[(-1,-1), (36,6), (35,6), (35,5), (34,5), (33,5), (33,4), (-1,-1)]
Turtle 2 :[(-2,-2), (13,36), (14,36), (13,36), (12,36), (11,36), (11,35), (-2,-2)]
Turtle 3 :[(-3,-3), (23,39), (22,39), (21,39), (21,38), (20,38), (19,38), (-3,-3)]
Turtle 4 :[(-4,-4), (29,29), (29,29), (30,29), (30,30), (30,31), (30,31), (30,32)]
Turtle 5 :[(-5,-5), (13,37), (13,37), (13,36), (13,35), (13,34), (12,34), (12,33)]

Shrinking Run 31
#Info# Executed steps before collision: 3, Found collision: true
Turtle 1 :[(-1,-1), (36,6), (35,6), (35,5), (34,5), (33,5), (33,4), (-1,-1)]
Turtle 2 :[(-2,-2), (13,36), (14,36), (13,36), (12,36), (11,36), (11,35), (-2,-2)]
Turtle 3 :[(-3,-3), (23,39), (22,39), (21,39), (21,38), (20,38), (19,38), (-3,-3)]
Turtle 4 :[(-4,-4), (29,29), (29,29), (28,29), (28,30), (28,31), (28,31), (28,32)]
Turtle 5 :[(-5,-5), (13,37), (13,37), (13,36), (13,35), (13,34), (12,34), (12,33)]

Shrinking Run 32
#Info# Executed steps before collision: 8, Found collision: false
Turtle 1 :[(-1,-1), (36,6), (35,6), (35,5), (34,5), (33,5), (33,4), (-1,-1), (-1,-1)]
Turtle 2 :[(-2,-2), (13,36), (14,36), (14,37), (13,37), (12,37), (12,36), (12,35), (11,35)]
Turtle 3 :[(-3,-3), (23,39), (22,39), (21,39), (21,38), (20,38), (19,38), (-3,-3), (-3,-3)]
Turtle 4 :[(-4,-4), (29,29), (29,30), (28,30), (27,30), (27,31), (27,31), (27,32), (-4,-4)]
Turtle 5 :[(-5,-5), (13,37), (13,37), (12,37), (12,36), (12,35), (12,34), (12,33), (-5,-5)]

Shrinking Run 33
#Info# Executed steps before collision: 3, Found collision: true
Turtle 1 :[(-1,-1), (36,6), (35,6), (35,5), (34,5), (33,5), (33,4), (-1,-1)]
Turtle 2 :[(-2,-2), (13,36), (14,36), (13,36), (12,36), (11,36), (11,35), (-2,-2)]
Turtle 3 :[(-3,-3), (23,39), (22,39), (21,39), (21,38), (20,38), (19,38), (-3,-3)]
Turtle 4 :[(-4,-4), (29,29), (29,28), (28,28), (28,27), (28,26), (28,26), (28,25)]
Turtle 5 :[(-5,-5), (13,37), (13,37), (13,36), (12,36), (12,35), (12,34), (12,33)]

Shrinking Run 34
#Info# Executed steps before collision: 4, Found collision: true
Turtle 1 :[(-1,-1), (36,6), (35,6), (35,5), (34,5), (33,5), (33,4), (-1,-1)]
Turtle 2 :[(-2,-2), (13,36), (14,36), (13,36), (12,36), (11,36), (11,35), (-2,-2)]
Turtle 3 :[(-3,-3), (23,39), (22,39), (21,39), (21,38), (20,38), (19,38), (-3,-3)]
Turtle 4 :[(-4,-4), (29,29), (29,28), (28,28), (27,28), (26,28), (26,28), (25,28)]
Turtle 5 :[(-5,-5), (13,37), (13,37), (12,37), (12,36), (12,35), (12,34), (12,33)]

Shrinking Run 35
#Info# Executed steps before collision: 3, Found collision: true
Turtle 1 :[(-1,-1), (36,6), (35,6), (35,5), (34,5), (33,5), (33,4), (-1,-1), (-1,-1)]
Turtle 2 :[(-2,-2), (13,36), (14,36), (13,36), (13,37), (13,36), (13,35), (12,35), (11,35)]
Turtle 3 :[(-3,-3), (23,39), (22,39), (21,39), (21,38), (20,38), (19,38), (-3,-3), (-3,-3)]
Turtle 4 :[(-4,-4), (29,29), (28,29), (27,29), (26,29), (25,29), (25,29), (25,28), (-4,-4)]
Turtle 5 :[(-5,-5), (13,37), (13,37), (13,36), (13,35), (13,34), (12,34), (12,33), (-5,-5)]

Shrinking Run 36
#Info# Executed steps before collision: 3, Found collision: true
Turtle 1 :[(-1,-1), (36,6), (35,6), (35,5), (34,5), (33,5), (33,4), (-1,-1)]
Turtle 2 :[(-2,-2), (13,36), (14,36), (13,36), (12,36), (11,36), (11,35), (-2,-2)]
Turtle 3 :[(-3,-3), (23,39), (22,39), (21,39), (21,38), (20,38), (19,38), (-3,-3)]
Turtle 4 :[(-4,-4), (29,29), (28,29), (27,29), (26,29), (25,29), (25,29), (24,29)]
Turtle 5 :[(-5,-5), (13,37), (13,37), (13,36), (13,35), (13,34), (12,34), (12,33)]

Shrinking Run 37
#Info# Executed steps before collision: 4, Found collision: true
Turtle 1 :[(-1,-1), (36,6), (35,6), (35,5), (34,5), (33,5), (33,4), (-1,-1)]
Turtle 2 :[(-2,-2), (13,36), (14,36), (14,35), (13,35), (12,35), (11,35), (-2,-2)]
Turtle 3 :[(-3,-3), (23,39), (22,39), (21,39), (21,38), (20,38), (19,38), (-3,-3)]
Turtle 4 :[(-4,-4), (29,29), (28,29), (27,29), (26,29), (25,29), (24,29), (-4,-4)]
Turtle 5 :[(-5,-5), (13,37), (13,37), (13,36), (13,35), (13,34), (13,33), (12,33)]

Shrinking Run 38
#Info# Executed steps before collision: 3, Found collision: true
Turtle 1 :[(-1,-1), (36,6), (35,6), (35,5), (34,5), (33,5), (33,4), (-1,-1), (-1,-1)]
Turtle 2 :[(-2,-2), (13,36), (14,36), (13,36), (13,37), (12,37), (11,37), (11,36), (11,35)]
Turtle 3 :[(-3,-3), (23,39), (22,39), (21,39), (21,38), (20,38), (19,38), (-3,-3), (-3,-3)]
Turtle 4 :[(-4,-4), (29,29), (28,29), (27,29), (26,29), (25,29), (24,29), (-4,-4), (-4,-4)]
Turtle 5 :[(-5,-5), (13,37), (13,37), (13,36), (13,35), (12,35), (11,35), (10,35), (-5,-5)]

Shrinking Run 39
#Info# Executed steps before collision: 10, Found collision: false
Turtle 1 :[(-1,-1), (36,6), (35,6), (35,5), (34,5), (33,5), (33,4), (-1,-1), (-1,-1), (-1,-1), (-1,-1)]
Turtle 2 :[(-2,-2), (13,36), (14,36), (14,37), (14,38), (14,37), (13,37), (12,37), (11,37), (11,36), (11,35)]
Turtle 3 :[(-3,-3), (23,39), (22,39), (21,39), (21,38), (20,38), (19,38), (-3,-3), (-3,-3), (-3,-3), (-3,-3)]
Turtle 4 :[(-4,-4), (29,29), (28,29), (27,29), (26,29), (25,29), (24,29), (-4,-4), (-4,-4), (-4,-4), (-4,-4)]
Turtle 5 :[(-5,-5), (13,37), (13,37), (13,36), (12,36), (11,36), (10,36), (9,36), (-5,-5), (-5,-5), (-5,-5)]

Shrinking Run 40
#Info# Executed steps before collision: 9, Found collision: false
Turtle 1 :[(-1,-1), (36,6), (35,6), (35,5), (34,5), (33,5), (33,4), (-1,-1), (-1,-1), (-1,-1)]
Turtle 2 :[(-2,-2), (13,36), (14,36), (13,36), (12,36), (11,36), (11,35), (-2,-2), (-2,-2), (-2,-2)]
Turtle 3 :[(-3,-3), (23,39), (22,39), (21,39), (21,38), (20,38), (19,38), (-3,-3), (-3,-3), (-3,-3)]
Turtle 4 :[(-4,-4), (29,29), (28,29), (27,29), (26,29), (25,29), (24,29), (-4,-4), (-4,-4), (-4,-4)]
Turtle 5 :[(-5,-5), (13,37), (13,37), (12,37), (11,37), (12,37), (11,37), (10,37), (10,36), (9,36)]

Shrinking Run 41
#Info# Executed steps before collision: 6, Found collision: false
Turtle 1 :[(-1,-1), (36,6), (35,6), (35,5), (34,5), (33,5), (33,4)]
Turtle 2 :[(-2,-2), (13,36), (14,36), (13,36), (12,36), (12,35), (11,35)]
Turtle 3 :[(-3,-3), (23,39), (22,39), (21,39), (21,38), (20,38), (19,38)]
Turtle 4 :[(-4,-4), (29,29), (28,29), (27,29), (26,29), (25,29), (24,29)]
Turtle 5 :[(-5,-5), (13,37), (12,37), (12,36), (11,36), (11,35), (10,35)]

Shrinking Run 42
#Info# Executed steps before collision: 4, Found collision: true
Turtle 1 :[(-1,-1), (36,6), (35,6), (35,5), (34,5), (33,5), (33,4), (-1,-1), (-1,-1), (-1,-1), (-1,-1)]
Turtle 2 :[(-2,-2), (13,36), (14,36), (13,36), (12,36), (11,36), (11,35), (-2,-2), (-2,-2), (-2,-2), (-2,-2)]
Turtle 3 :[(-3,-3), (23,39), (22,39), (21,39), (21,38), (20,38), (19,38), (-3,-3), (-3,-3), (-3,-3), (-3,-3)]
Turtle 4 :[(-4,-4), (29,29), (28,29), (27,29), (26,29), (25,29), (24,29), (-4,-4), (-4,-4), (-4,-4), (-4,-4)]
Turtle 5 :[(-5,-5), (13,37), (12,37), (12,37), (12,36), (12,36), (12,35), (13,35), (12,35), (11,35), (10,35)]

Shrinking Run 43
#Info# Executed steps before collision: 6, Found collision: true
Turtle 1 :[(-1,-1), (36,6), (35,6), (35,5), (34,5), (33,5), (33,4), (-1,-1), (-1,-1), (-1,-1)]
Turtle 2 :[(-2,-2), (13,36), (14,36), (13,36), (12,36), (11,36), (11,35), (-2,-2), (-2,-2), (-2,-2)]
Turtle 3 :[(-3,-3), (23,39), (22,39), (21,39), (21,38), (20,38), (19,38), (-3,-3), (-3,-3), (-3,-3)]
Turtle 4 :[(-4,-4), (29,29), (28,29), (27,29), (26,29), (25,29), (24,29), (-4,-4), (-4,-4), (-4,-4)]
Turtle 5 :[(-5,-5), (13,37), (12,37), (12,36), (11,36), (11,35), (11,35), (11,34), (11,35), (10,35)]

Shrinking Run 44
#Info# Executed steps before collision: 8, Found collision: false
Turtle 1 :[(-1,-1), (36,6), (35,6), (34,6), (33,6), (32,6), (32,5), (-1,-1), (-1,-1)]
Turtle 2 :[(-2,-2), (13,36), (14,36), (13,36), (12,36), (11,36), (11,35), (-2,-2), (-2,-2)]
Turtle 3 :[(-3,-3), (23,39), (22,39), (21,39), (21,38), (20,38), (19,38), (-3,-3), (-3,-3)]
Turtle 4 :[(-4,-4), (29,29), (28,29), (27,29), (26,29), (25,29), (24,29), (-4,-4), (-4,-4)]
Turtle 5 :[(-5,-5), (13,37), (12,37), (12,36), (11,36), (11,35), (11,36), (10,36), (10,35)]

Shrinking Run 45
#Info# Executed steps before collision: 8, Found collision: false
Turtle 1 :[(-1,-1), (36,6), (35,6), (34,6), (34,5), (33,5), (33,4), (-1,-1), (-1,-1)]
Turtle 2 :[(-2,-2), (13,36), (14,36), (13,36), (12,36), (13,36), (12,36), (12,35), (11,35)]
Turtle 3 :[(-3,-3), (23,39), (22,39), (21,39), (21,38), (20,38), (19,38), (-3,-3), (-3,-3)]
Turtle 4 :[(-4,-4), (29,29), (28,29), (27,29), (26,29), (25,29), (24,29), (-4,-4), (-4,-4)]
Turtle 5 :[(-5,-5), (13,37), (12,37), (12,36), (11,36), (11,35), (11,35), (10,35), (-5,-5)]

Shrinking Run 46
#Info# Executed steps before collision: 10, Found collision: false
Turtle 1 :[(-1,-1), (36,6), (35,6), (35,5), (35,4), (34,4), (34,3), (-1,-1), (-1,-1), (-1,-1), (-1,-1)]
Turtle 2 :[(-2,-2), (13,36), (14,36), (13,36), (12,36), (12,35), (11,35), (-2,-2), (-2,-2), (-2,-2), (-2,-2)]
Turtle 3 :[(-3,-3), (23,39), (22,39), (21,39), (21,38), (20,38), (19,38), (-3,-3), (-3,-3), (-3,-3), (-3,-3)]
Turtle 4 :[(-4,-4), (29,29), (28,29), (27,29), (26,29), (25,29), (24,29), (-4,-4), (-4,-4), (-4,-4), (-4,-4)]
Turtle 5 :[(-5,-5), (13,37), (12,37), (12,36), (11,36), (11,35), (12,35), (12,36), (11,36), (10,36), (10,35)]

Shrinking Run 47
#Info# Executed steps before collision: 8, Found collision: false
Turtle 1 :[(-1,-1), (36,6), (35,6), (35,5), (34,5), (33,5), (33,4), (-1,-1), (-1,-1)]
Turtle 2 :[(-2,-2), (13,36), (12,36), (11,36), (10,36), (9,36), (9,37), (-2,-2), (-2,-2)]
Turtle 3 :[(-3,-3), (23,39), (22,39), (21,39), (21,38), (20,38), (19,38), (-3,-3), (-3,-3)]
Turtle 4 :[(-4,-4), (29,29), (28,29), (27,29), (26,29), (25,29), (24,29), (-4,-4), (-4,-4)]
Turtle 5 :[(-5,-5), (13,37), (12,37), (12,36), (12,37), (12,36), (12,35), (11,35), (10,35)]

Shrinking Run 48
#Info# Executed steps before collision: 8, Found collision: false
Turtle 1 :[(-1,-1), (36,6), (35,6), (35,5), (34,5), (33,5), (33,4), (-1,-1), (-1,-1)]
Turtle 2 :[(-2,-2), (13,36), (12,36), (11,36), (10,36), (10,37), (-2,-2), (-2,-2), (-2,-2)]
Turtle 3 :[(-3,-3), (23,39), (22,39), (21,39), (21,38), (20,38), (19,38), (-3,-3), (-3,-3)]
Turtle 4 :[(-4,-4), (29,29), (28,29), (27,29), (26,29), (25,29), (24,29), (-4,-4), (-4,-4)]
Turtle 5 :[(-5,-5), (13,37), (12,37), (13,37), (13,36), (12,36), (12,35), (11,35), (10,35)]

Shrinking Run 49
#Info# Executed steps before collision: 8, Found collision: false
Turtle 1 :[(-1,-1), (36,6), (35,6), (35,5), (34,5), (33,5), (33,4), (-1,-1), (-1,-1)]
Turtle 2 :[(-2,-2), (13,36), (12,36), (12,35), (11,35), (11,34), (11,33), (-2,-2), (-2,-2)]
Turtle 3 :[(-3,-3), (23,39), (22,39), (21,39), (21,38), (20,38), (19,38), (-3,-3), (-3,-3)]
Turtle 4 :[(-4,-4), (29,29), (28,29), (27,29), (26,29), (25,29), (24,29), (-4,-4), (-4,-4)]
Turtle 5 :[(-5,-5), (13,37), (12,37), (12,36), (11,36), (12,36), (11,36), (10,36), (10,35)]

Shrinking Run 50
#Info# Executed steps before collision: 6, Found collision: false
Turtle 1 :[(-1,-1), (36,6), (35,6), (35,5), (34,5), (33,5), (33,4)]
Turtle 2 :[(-2,-2), (13,36), (13,35), (12,35), (11,35), (11,34), (11,33)]
Turtle 3 :[(-3,-3), (23,39), (22,39), (21,39), (21,38), (20,38), (19,38)]
Turtle 4 :[(-4,-4), (29,29), (28,29), (27,29), (26,29), (25,29), (24,29)]
Turtle 5 :[(-5,-5), (13,37), (12,37), (12,36), (11,36), (10,36), (10,35)]

Shrinking Run 51
#Info# Executed steps before collision: 8, Found collision: false
Turtle 1 :[(-1,-1), (36,6), (35,6), (35,5), (34,5), (33,5), (33,4), (-1,-1), (-1,-1)]
Turtle 2 :[(-2,-2), (13,36), (12,36), (11,36), (11,35), (11,34), (-2,-2), (-2,-2), (-2,-2)]
Turtle 3 :[(-3,-3), (23,39), (22,39), (21,39), (21,38), (20,38), (19,38), (-3,-3), (-3,-3)]
Turtle 4 :[(-4,-4), (29,29), (28,29), (27,29), (26,29), (25,29), (24,29), (-4,-4), (-4,-4)]
Turtle 5 :[(-5,-5), (13,37), (12,37), (12,36), (13,36), (13,35), (12,35), (11,35), (10,35)]

Shrinking Run 52
#Info# Executed steps before collision: 8, Found collision: false
Turtle 1 :[(-1,-1), (36,6), (35,6), (35,5), (34,5), (33,5), (33,4), (-1,-1), (-1,-1)]
Turtle 2 :[(-2,-2), (13,36), (12,36), (11,36), (10,36), (9,36), (9,35), (-2,-2), (-2,-2)]
Turtle 3 :[(-3,-3), (23,39), (22,39), (21,39), (21,38), (20,38), (19,38), (-3,-3), (-3,-3)]
Turtle 4 :[(-4,-4), (29,29), (28,29), (27,29), (26,29), (25,29), (24,29), (-4,-4), (-4,-4)]
Turtle 5 :[(-5,-5), (13,37), (12,37), (12,37), (12,36), (11,36), (11,35), (11,35), (10,35)]

Shrinking Run 53
#Info# Executed steps before collision: 8, Found collision: false
Turtle 1 :[(-1,-1), (36,6), (35,6), (35,5), (34,5), (33,5), (33,4), (-1,-1), (-1,-1)]
Turtle 2 :[(-2,-2), (13,36), (12,36), (11,36), (10,36), (10,35), (-2,-2), (-2,-2), (-2,-2)]
Turtle 3 :[(-3,-3), (23,39), (22,39), (21,39), (21,38), (20,38), (19,38), (-3,-3), (-3,-3)]
Turtle 4 :[(-4,-4), (29,29), (28,29), (27,29), (26,29), (25,29), (24,29), (-4,-4), (-4,-4)]
Turtle 5 :[(-5,-5), (13,37), (12,37), (12,38), (11,38), (10,38), (10,37), (10,36), (10,35)]

Shrinking Run 54
#Info# Executed steps before collision: 8, Found collision: false
Turtle 1 :[(-1,-1), (36,6), (35,6), (35,5), (34,5), (33,5), (33,4), (-1,-1), (-1,-1)]
Turtle 2 :[(-2,-2), (13,36), (12,36), (11,36), (11,35), (-2,-2), (-2,-2), (-2,-2), (-2,-2)]
Turtle 3 :[(-3,-3), (23,39), (22,39), (21,39), (21,38), (20,38), (19,38), (-3,-3), (-3,-3)]
Turtle 4 :[(-4,-4), (29,29), (28,29), (27,29), (26,29), (25,29), (24,29), (-4,-4), (-4,-4)]
Turtle 5 :[(-5,-5), (13,37), (12,37), (12,36), (13,36), (12,36), (12,35), (11,35), (10,35)]

Shrinking Run 55
#Info# Executed steps before collision: 10, Found collision: false
Turtle 1 :[(-1,-1), (36,6), (35,6), (35,5), (34,5), (33,5), (33,4), (-1,-1), (-1,-1), (-1,-1), (-1,-1)]
Turtle 2 :[(-2,-2), (13,36), (12,36), (11,36), (12,36), (11,36), (11,35), (-2,-2), (-2,-2), (-2,-2), (-2,-2)]
Turtle 3 :[(-3,-3), (23,39), (22,39), (21,39), (21,38), (20,38), (19,38), (-3,-3), (-3,-3), (-3,-3), (-3,-3)]
Turtle 4 :[(-4,-4), (29,29), (28,29), (27,29), (26,29), (25,29), (24,29), (-4,-4), (-4,-4), (-4,-4), (-4,-4)]
Turtle 5 :[(-5,-5), (13,37), (12,37), (12,36), (12,37), (12,38), (11,38), (10,38), (10,37), (10,36), (10,35)]

Shrinking Run 56
#Info# Executed steps before collision: 8, Found collision: false
Turtle 1 :[(-1,-1), (36,6), (35,6), (35,5), (34,5), (33,5), (33,4), (-1,-1), (-1,-1)]
Turtle 2 :[(-2,-2), (13,36), (14,36), (13,36), (12,36), (12,35), (11,35), (-2,-2), (-2,-2)]
Turtle 3 :[(-3,-3), (23,39), (23,38), (23,37), (22,37), (21,37), (21,37), (20,37), (-3,-3)]
Turtle 4 :[(-4,-4), (29,29), (28,29), (27,29), (26,29), (25,29), (24,29), (-4,-4), (-4,-4)]
Turtle 5 :[(-5,-5), (13,37), (12,37), (12,36), (11,36), (11,35), (11,36), (10,36), (10,35)]

Shrinking Run 57
#Info# Executed steps before collision: 6, Found collision: false
Turtle 1 :[(-1,-1), (36,6), (35,6), (35,5), (34,5), (33,5), (33,4)]
Turtle 2 :[(-2,-2), (13,36), (14,36), (13,36), (12,36), (12,35), (11,35)]
Turtle 3 :[(-3,-3), (23,39), (23,38), (23,37), (22,37), (21,37), (-3,-3)]
Turtle 4 :[(-4,-4), (29,29), (28,29), (27,29), (26,29), (25,29), (24,29)]
Turtle 5 :[(-5,-5), (13,37), (12,37), (12,36), (11,36), (11,35), (10,35)]

Shrinking Run 58
#Info# Executed steps before collision: 7, Found collision: false
Turtle 1 :[(-1,-1), (36,6), (35,6), (35,5), (34,5), (33,5), (33,4), (-1,-1)]
Turtle 2 :[(-2,-2), (13,36), (14,36), (13,36), (12,36), (12,35), (11,35), (-2,-2)]
Turtle 3 :[(-3,-3), (23,39), (22,39), (21,39), (20,39), (19,39), (19,39), (19,38)]
Turtle 4 :[(-4,-4), (29,29), (28,29), (27,29), (26,29), (25,29), (24,29), (-4,-4)]
Turtle 5 :[(-5,-5), (13,37), (12,37), (11,37), (11,36), (10,36), (10,35), (-5,-5)]

Shrinking Run 59
#Info# Executed steps before collision: 8, Found collision: false
Turtle 1 :[(-1,-1), (36,6), (35,6), (35,5), (34,5), (33,5), (33,4), (-1,-1), (-1,-1)]
Turtle 2 :[(-2,-2), (13,36), (14,36), (13,36), (12,36), (12,36), (11,36), (11,36), (11,35)]
Turtle 3 :[(-3,-3), (23,39), (22,39), (21,39), (20,39), (20,38), (19,38), (-3,-3), (-3,-3)]
Turtle 4 :[(-4,-4), (29,29), (28,29), (27,29), (26,29), (25,29), (24,29), (-4,-4), (-4,-4)]
Turtle 5 :[(-5,-5), (13,37), (12,37), (12,36), (11,36), (11,35), (11,35), (10,35), (-5,-5)]

Shrinking Run 60
#Info# Executed steps before collision: 8, Found collision: false
Turtle 1 :[(-1,-1), (36,6), (35,6), (35,5), (34,5), (33,5), (33,4), (-1,-1), (-1,-1)]
Turtle 2 :[(-2,-2), (13,36), (14,36), (13,36), (12,36), (12,37), (12,36), (12,35), (11,35)]
Turtle 3 :[(-3,-3), (23,39), (22,39), (21,39), (21,38), (20,38), (19,38), (-3,-3), (-3,-3)]
Turtle 4 :[(-4,-4), (29,29), (29,30), (28,30), (27,30), (26,30), (26,30), (25,30), (-4,-4)]
Turtle 5 :[(-5,-5), (13,37), (12,37), (12,36), (11,36), (11,35), (11,35), (10,35), (-5,-5)]

Shrinking Run 61
#Info# Executed steps before collision: 8, Found collision: false
Turtle 1 :[(-1,-1), (36,6), (35,6), (35,5), (34,5), (33,5), (33,4), (-1,-1), (-1,-1)]
Turtle 2 :[(-2,-2), (13,36), (14,36), (13,36), (12,36), (12,37), (12,36), (11,36), (11,35)]
Turtle 3 :[(-3,-3), (23,39), (22,39), (21,39), (21,38), (20,38), (19,38), (-3,-3), (-3,-3)]
Turtle 4 :[(-4,-4), (29,29), (29,30), (28,30), (27,30), (26,30), (26,30), (26,31), (-4,-4)]
Turtle 5 :[(-5,-5), (13,37), (12,37), (12,36), (11,36), (11,35), (11,35), (10,35), (-5,-5)]

Shrink Run 62
#Info# Executed steps before collision: 9, Found collision: false
Turtle 1 :[(-1,-1), (36,6), (35,6), (35,5), (34,5), (33,5), (33,4), (-1,-1), (-1,-1), (-1,-1)]
Turtle 2 :[(-2,-2), (13,36), (14,36), (13,36), (12,36), (11,36), (11,35), (-2,-2), (-2,-2), (-2,-2)]
Turtle 3 :[(-3,-3), (23,39), (22,39), (21,39), (21,38), (20,38), (19,38), (-3,-3), (-3,-3), (-3,-3)]
Turtle 4 :[(-4,-4), (29,29), (29,30), (28,30), (27,30), (27,31), (27,31), (27,32), (-4,-4), (-4,-4)]
Turtle 5 :[(-5,-5), (13,37), (12,37), (12,36), (11,36), (11,35), (11,34), (11,34), (11,35), (10,35)]

