Shrinking Run 1
#Info# Executed steps before collision: 4, Found collision: true
Turtle 1 :[(-1,-1), (36,17), (36,16), (36,16), (36,16), (35,16), (35,16), (35,16), (34,16), (33,16), (33,16), (32,16)]
Turtle 2 :[(-2,-2), (40,33), (40,34), (40,35), (41,35), (42,35), (42,36), (-2,-2), (-2,-2), (-2,-2), (-2,-2), (-2,-2)]
Turtle 3 :[(-3,-3), (18,41), (19,41), (18,41), (17,41), (-3,-3), (-3,-3), (-3,-3), (-3,-3), (-3,-3), (-3,-3), (-3,-3)]
Turtle 4 :[(-4,-4), (35,26), (36,26), (35,26), (35,27), (-4,-4), (-4,-4), (-4,-4), (-4,-4), (-4,-4), (-4,-4), (-4,-4)]
Turtle 5 :[(-5,-5), (37,27), (37,27), (36,27), (35,27), (34,27), (-5,-5), (-5,-5), (-5,-5), (-5,-5), (-5,-5), (-5,-5)]

Shrinking Run 2
#Info# Executed steps before collision: 4, Found collision: true
Turtle 1 :[(-1,-1), (36,17), (35,17), (35,17), (35,17), (34,17), (34,17), (34,17), (33,17), (32,17), (32,17), (31,17)]
Turtle 2 :[(-2,-2), (40,33), (40,34), (40,35), (41,35), (42,35), (42,36), (-2,-2), (-2,-2), (-2,-2), (-2,-2), (-2,-2)]
Turtle 3 :[(-3,-3), (18,41), (19,41), (18,41), (17,41), (-3,-3), (-3,-3), (-3,-3), (-3,-3), (-3,-3), (-3,-3), (-3,-3)]
Turtle 4 :[(-4,-4), (35,26), (36,26), (35,26), (35,27), (-4,-4), (-4,-4), (-4,-4), (-4,-4), (-4,-4), (-4,-4), (-4,-4)]
Turtle 5 :[(-5,-5), (37,27), (37,27), (36,27), (35,27), (34,27), (-5,-5), (-5,-5), (-5,-5), (-5,-5), (-5,-5), (-5,-5)]

Shrinking Run 3
#Info# Executed steps before collision: 4, Found collision: true
Turtle 1 :[(-1,-1), (36,17), (35,17), (34,17), (33,17), (32,17), (31,17)]
Turtle 2 :[(-2,-2), (40,33), (40,34), (40,35), (41,35), (42,35), (42,36)]
Turtle 3 :[(-3,-3), (18,41), (19,41), (18,41), (17,41), (-3,-3), (-3,-3)]
Turtle 4 :[(-4,-4), (35,26), (36,26), (35,26), (35,27), (-4,-4), (-4,-4)]
Turtle 5 :[(-5,-5), (37,27), (37,27), (36,27), (35,27), (34,27), (-5,-5)]

Shrinking Run 4
#Info# Executed steps before collision: 4, Found collision: true
Turtle 1 :[(-1,-1), (36,17), (35,17), (34,17), (33,17), (32,17), (31,17)]
Turtle 2 :[(-2,-2), (40,33), (40,34), (40,35), (39,35), (38,35), (38,36)]
Turtle 3 :[(-3,-3), (18,41), (19,41), (18,41), (17,41), (-3,-3), (-3,-3)]
Turtle 4 :[(-4,-4), (35,26), (36,26), (35,26), (35,27), (-4,-4), (-4,-4)]
Turtle 5 :[(-5,-5), (37,27), (37,27), (36,27), (35,27), (34,27), (-5,-5)]

Shrinking Run 5
#Info# Executed steps before collision: 7, Found collision: false
Turtle 1 :[(-1,-1), (36,17), (35,17), (34,17), (33,17), (32,17), (31,17), (-1,-1)]
Turtle 2 :[(-2,-2), (40,33), (40,32), (40,31), (39,31), (38,31), (38,30), (-2,-2)]
Turtle 3 :[(-3,-3), (18,41), (19,41), (18,41), (17,41), (-3,-3), (-3,-3), (-3,-3)]
Turtle 4 :[(-4,-4), (35,26), (36,26), (35,26), (35,27), (-4,-4), (-4,-4), (-4,-4)]
Turtle 5 :[(-5,-5), (37,27), (37,27), (36,27), (37,27), (36,27), (35,27), (34,27)]

Shrinking Run 6
#Info# Executed steps before collision: 4, Found collision: true
Turtle 1 :[(-1,-1), (36,17), (35,17), (34,17), (33,17), (32,17), (31,17)]
Turtle 2 :[(-2,-2), (40,33), (40,34), (39,34), (38,34), (37,34), (36,34)]
Turtle 3 :[(-3,-3), (18,41), (19,41), (18,41), (17,41), (-3,-3), (-3,-3)]
Turtle 4 :[(-4,-4), (35,26), (36,26), (35,26), (35,27), (-4,-4), (-4,-4)]
Turtle 5 :[(-5,-5), (37,27), (37,27), (36,27), (35,27), (34,27), (-5,-5)]

Shrinking Run 7
#Info# Executed steps before collision: 7, Found collision: false
Turtle 1 :[(-1,-1), (36,17), (35,17), (34,17), (33,17), (32,17), (31,17), (-1,-1)]
Turtle 2 :[(-2,-2), (40,33), (40,32), (39,32), (38,32), (37,32), (36,32), (-2,-2)]
Turtle 3 :[(-3,-3), (18,41), (19,41), (18,41), (17,41), (-3,-3), (-3,-3), (-3,-3)]
Turtle 4 :[(-4,-4), (35,26), (36,26), (35,26), (35,27), (-4,-4), (-4,-4), (-4,-4)]
Turtle 5 :[(-5,-5), (37,27), (37,27), (36,27), (36,26), (36,27), (35,27), (34,27)]

Shrinking Run 8
#Info# Executed steps before collision: 4, Found collision: true
Turtle 1 :[(-1,-1), (36,17), (35,17), (34,17), (33,17), (32,17), (31,17)]
Turtle 2 :[(-2,-2), (40,33), (39,33), (38,33), (37,33), (36,33), (35,33)]
Turtle 3 :[(-3,-3), (18,41), (19,41), (18,41), (17,41), (-3,-3), (-3,-3)]
Turtle 4 :[(-4,-4), (35,26), (36,26), (35,26), (35,27), (-4,-4), (-4,-4)]
Turtle 5 :[(-5,-5), (37,27), (37,27), (36,27), (35,27), (34,27), (-5,-5)]

Shrinking Run 9
#Info# Executed steps before collision: 4, Found collision: true
Turtle 1 :[(-1,-1), (36,17), (35,17), (34,17), (33,17), (32,17), (31,17), (-1,-1)]
Turtle 2 :[(-2,-2), (40,33), (39,33), (38,33), (37,33), (36,33), (35,33), (-2,-2)]
Turtle 3 :[(-3,-3), (18,41), (17,41), (17,41), (16,41), (15,41), (14,41), (13,41)]
Turtle 4 :[(-4,-4), (35,26), (36,26), (35,26), (35,27), (-4,-4), (-4,-4), (-4,-4)]
Turtle 5 :[(-5,-5), (37,27), (37,27), (36,27), (35,27), (34,27), (-5,-5), (-5,-5)]

Shrinking Run 10
#Info# Executed steps before collision: 4, Found collision: true
Turtle 1 :[(-1,-1), (36,17), (35,17), (34,17), (33,17), (32,17), (31,17), (-1,-1)]
Turtle 2 :[(-2,-2), (40,33), (39,33), (38,33), (37,33), (36,33), (35,33), (-2,-2)]
Turtle 3 :[(-3,-3), (18,41), (18,40), (18,40), (17,40), (16,40), (15,40), (15,39)]
Turtle 4 :[(-4,-4), (35,26), (36,26), (35,26), (35,27), (-4,-4), (-4,-4), (-4,-4)]
Turtle 5 :[(-5,-5), (37,27), (37,27), (36,27), (35,27), (34,27), (-5,-5), (-5,-5)]

Shrinking Run 11
#Info# Executed steps before collision: 4, Found collision: true
Turtle 1 :[(-1,-1), (36,17), (35,17), (34,17), (33,17), (32,17), (31,17), (-1,-1)]
Turtle 2 :[(-2,-2), (40,33), (39,33), (38,33), (37,33), (36,33), (35,33), (-2,-2)]
Turtle 3 :[(-3,-3), (18,41), (17,41), (17,41), (16,41), (15,41), (14,41), (14,40)]
Turtle 4 :[(-4,-4), (35,26), (36,26), (35,26), (35,27), (-4,-4), (-4,-4), (-4,-4)]
Turtle 5 :[(-5,-5), (37,27), (37,27), (36,27), (35,27), (34,27), (-5,-5), (-5,-5)]

Shrinking Run 12
#Info# Executed steps before collision: 4, Found collision: true
Turtle 1 :[(-1,-1), (36,17), (35,17), (34,17), (33,17), (32,17), (31,17)]
Turtle 2 :[(-2,-2), (40,33), (39,33), (38,33), (37,33), (36,33), (35,33)]
Turtle 3 :[(-3,-3), (18,41), (17,41), (16,41), (15,41), (14,41), (13,41)]
Turtle 4 :[(-4,-4), (35,26), (36,26), (35,26), (35,27), (-4,-4), (-4,-4)]
Turtle 5 :[(-5,-5), (37,27), (37,27), (36,27), (35,27), (34,27), (-5,-5)]

Shrinking Run 13
#Info# Executed steps before collision: 7, Found collision: false
Turtle 1 :[(-1,-1), (36,17), (35,17), (34,17), (33,17), (32,17), (31,17), (-1,-1)]
Turtle 2 :[(-2,-2), (40,33), (39,33), (38,33), (37,33), (36,33), (35,33), (-2,-2)]
Turtle 3 :[(-3,-3), (18,41), (17,41), (16,41), (15,41), (14,41), (13,41), (-3,-3)]
Turtle 4 :[(-4,-4), (35,26), (36,26), (36,27), (35,27), (34,27), (-4,-4), (-4,-4)]
Turtle 5 :[(-5,-5), (37,27), (37,27), (37,26), (36,26), (35,26), (34,26), (34,27)]

Shrinking Run 14
#Info# Executed steps before collision: 6, Found collision: false
Turtle 1 :[(-1,-1), (36,17), (35,17), (34,17), (33,17), (32,17), (31,17)]
Turtle 2 :[(-2,-2), (40,33), (39,33), (38,33), (37,33), (36,33), (35,33)]
Turtle 3 :[(-3,-3), (18,41), (17,41), (16,41), (15,41), (14,41), (13,41)]
Turtle 4 :[(-4,-4), (35,26), (35,27), (-4,-4), (-4,-4), (-4,-4), (-4,-4)]
Turtle 5 :[(-5,-5), (37,27), (37,27), (36,27), (35,27), (34,27), (-5,-5)]

Shrinking Run 15
#Info# Executed steps before collision: 8, Found collision: false
Turtle 1 :[(-1,-1), (36,17), (35,17), (34,17), (33,17), (32,17), (31,17), (-1,-1), (-1,-1)]
Turtle 2 :[(-2,-2), (40,33), (39,33), (38,33), (37,33), (36,33), (35,33), (-2,-2), (-2,-2)]
Turtle 3 :[(-3,-3), (18,41), (17,41), (16,41), (15,41), (14,41), (13,41), (-3,-3), (-3,-3)]
Turtle 4 :[(-4,-4), (35,26), (36,26), (35,26), (35,27), (-4,-4), (-4,-4), (-4,-4), (-4,-4)]
Turtle 5 :[(-5,-5), (37,27), (37,27), (36,27), (36,27), (35,27), (34,27), (33,27), (32,27)]

Shrinking Run 16
#Info# Executed steps before collision: 8, Found collision: false
Turtle 1 :[(-1,-1), (36,17), (35,17), (34,17), (33,17), (32,17), (31,17), (-1,-1), (-1,-1)]
Turtle 2 :[(-2,-2), (40,33), (39,33), (38,33), (37,33), (36,33), (35,33), (-2,-2), (-2,-2)]
Turtle 3 :[(-3,-3), (18,41), (17,41), (16,41), (15,41), (14,41), (13,41), (-3,-3), (-3,-3)]
Turtle 4 :[(-4,-4), (35,26), (36,26), (35,26), (35,27), (-4,-4), (-4,-4), (-4,-4), (-4,-4)]
Turtle 5 :[(-5,-5), (37,27), (37,27), (36,27), (36,26), (36,27), (35,27), (34,27), (33,27)]

Shrinking Run 17
#Info# Executed steps before collision: 8, Found collision: false
Turtle 1 :[(-1,-1), (36,17), (35,17), (34,17), (33,17), (32,17), (31,17), (-1,-1), (-1,-1)]
Turtle 2 :[(-2,-2), (40,33), (39,33), (38,33), (37,33), (36,33), (35,33), (-2,-2), (-2,-2)]
Turtle 3 :[(-3,-3), (18,41), (17,41), (16,41), (15,41), (14,41), (13,41), (-3,-3), (-3,-3)]
Turtle 4 :[(-4,-4), (35,26), (36,26), (35,26), (35,27), (-4,-4), (-4,-4), (-4,-4), (-4,-4)]
Turtle 5 :[(-5,-5), (37,27), (37,27), (37,26), (37,26), (36,26), (36,25), (36,24), (36,23)]

Shrinking Run 18
#Info# Executed steps before collision: 8, Found collision: false
Turtle 1 :[(-1,-1), (36,17), (35,17), (34,17), (33,17), (32,17), (31,17), (-1,-1), (-1,-1)]
Turtle 2 :[(-2,-2), (40,33), (39,33), (38,33), (37,33), (36,33), (35,33), (-2,-2), (-2,-2)]
Turtle 3 :[(-3,-3), (18,41), (17,41), (16,41), (15,41), (14,41), (13,41), (-3,-3), (-3,-3)]
Turtle 4 :[(-4,-4), (35,26), (36,26), (35,26), (35,27), (-4,-4), (-4,-4), (-4,-4), (-4,-4)]
Turtle 5 :[(-5,-5), (37,27), (37,27), (37,26), (37,26), (36,26), (36,25), (36,24), (35,24)]

Shrinking Run 19
#Info# Executed steps before collision: 8, Found collision: false
Turtle 1 :[(-1,-1), (36,17), (35,17), (34,17), (33,17), (32,17), (31,17), (-1,-1), (-1,-1)]
Turtle 2 :[(-2,-2), (40,33), (39,33), (38,33), (37,33), (36,33), (35,33), (-2,-2), (-2,-2)]
Turtle 3 :[(-3,-3), (18,41), (17,41), (16,41), (15,41), (14,41), (13,41), (-3,-3), (-3,-3)]
Turtle 4 :[(-4,-4), (35,26), (36,26), (35,26), (35,27), (-4,-4), (-4,-4), (-4,-4), (-4,-4)]
Turtle 5 :[(-5,-5), (37,27), (37,27), (36,27), (36,27), (36,27), (35,27), (35,26), (34,26)]

Shrinking Run 20
#Info# Executed steps before collision: 8, Found collision: false
Turtle 1 :[(-1,-1), (36,17), (35,17), (34,17), (33,17), (32,17), (31,17), (-1,-1), (-1,-1)]
Turtle 2 :[(-2,-2), (40,33), (39,33), (38,33), (37,33), (36,33), (35,33), (-2,-2), (-2,-2)]
Turtle 3 :[(-3,-3), (18,41), (17,41), (16,41), (15,41), (14,41), (13,41), (-3,-3), (-3,-3)]
Turtle 4 :[(-4,-4), (35,26), (36,26), (35,26), (35,27), (-4,-4), (-4,-4), (-4,-4), (-4,-4)]
Turtle 5 :[(-5,-5), (37,27), (36,27), (35,27), (35,28), (36,28), (35,28), (35,27), (34,27)]

Shrinking Run 21
#Info# Executed steps before collision: 8, Found collision: false
Turtle 1 :[(-1,-1), (36,17), (35,17), (34,17), (33,17), (32,17), (31,17), (-1,-1), (-1,-1)]
Turtle 2 :[(-2,-2), (40,33), (39,33), (38,33), (37,33), (36,33), (35,33), (-2,-2), (-2,-2)]
Turtle 3 :[(-3,-3), (18,41), (17,41), (16,41), (15,41), (14,41), (13,41), (-3,-3), (-3,-3)]
Turtle 4 :[(-4,-4), (35,26), (36,26), (35,26), (35,26), (34,26), (34,26), (34,27), (35,27)]
Turtle 5 :[(-5,-5), (37,27), (36,27), (35,27), (35,27), (34,27), (-5,-5), (-5,-5), (-5,-5)]

Shrinking Run 22
#Info# Executed steps before collision: 4, Found collision: true
Turtle 1 :[(-1,-1), (36,17), (35,17), (34,17), (33,17), (32,17), (31,17)]
Turtle 2 :[(-2,-2), (40,33), (40,32), (40,31), (39,31), (38,31), (38,30)]
Turtle 3 :[(-3,-3), (18,41), (17,41), (16,41), (15,41), (14,41), (13,41)]
Turtle 4 :[(-4,-4), (35,26), (36,26), (35,26), (35,27), (-4,-4), (-4,-4)]
Turtle 5 :[(-5,-5), (37,27), (37,27), (36,27), (35,27), (34,27), (-5,-5)]

Shrinking Run 23
#Info# Executed steps before collision: 4, Found collision: true
Turtle 1 :[(-1,-1), (36,17), (35,17), (34,17), (33,17), (32,17), (31,17)]
Turtle 2 :[(-2,-2), (40,33), (40,32), (39,32), (39,31), (38,31), (38,30)]
Turtle 3 :[(-3,-3), (18,41), (17,41), (16,41), (15,41), (14,41), (13,41)]
Turtle 4 :[(-4,-4), (35,26), (36,26), (35,26), (35,27), (-4,-4), (-4,-4)]
Turtle 5 :[(-5,-5), (37,27), (37,27), (36,27), (35,27), (34,27), (-5,-5)]

Shrinking Run 24
#Info# Executed steps before collision: 4, Found collision: true
Turtle 1 :[(-1,-1), (36,17), (35,17), (34,17), (33,17), (32,17), (31,17)]
Turtle 2 :[(-2,-2), (40,33), (40,32), (39,32), (38,32), (37,32), (37,31)]
Turtle 3 :[(-3,-3), (18,41), (17,41), (16,41), (15,41), (14,41), (13,41)]
Turtle 4 :[(-4,-4), (35,26), (36,26), (35,26), (35,27), (-4,-4), (-4,-4)]
Turtle 5 :[(-5,-5), (37,27), (37,27), (36,27), (35,27), (34,27), (-5,-5)]

Shrinking Run 25
#Info# Executed steps before collision: 4, Found collision: true
Turtle 1 :[(-1,-1), (36,17), (35,17), (34,17), (33,17), (32,17), (31,17)]
Turtle 2 :[(-2,-2), (40,33), (39,33), (38,33), (37,33), (36,33), (36,32)]
Turtle 3 :[(-3,-3), (18,41), (17,41), (16,41), (15,41), (14,41), (13,41)]
Turtle 4 :[(-4,-4), (35,26), (36,26), (35,26), (35,27), (-4,-4), (-4,-4)]
Turtle 5 :[(-5,-5), (37,27), (37,27), (36,27), (35,27), (34,27), (-5,-5)]

Shrink Run 26
#Info# Executed steps before collision: 4, Found collision: true
Turtle 1 :[(-1,-1), (36,17), (35,17), (34,17), (33,17), (32,17), (31,17)]
Turtle 2 :[(-2,-2), (40,33), (39,33), (38,33), (37,33), (36,33), (35,33)]
Turtle 3 :[(-3,-3), (18,41), (17,41), (16,41), (15,41), (14,41), (13,41)]
Turtle 4 :[(-4,-4), (35,26), (36,26), (35,26), (35,27), (-4,-4), (-4,-4)]
Turtle 5 :[(-5,-5), (37,27), (37,27), (36,27), (35,27), (34,27), (-5,-5)]

