Detection Run 1
#Info# Executed steps before collision: 6, Found collision: false
Turtle 1 :[(-1,-1), (14,7), (14,6), (14,6), (14,5), (14,4), (-1,-1)]
Turtle 2 :[(-2,-2), (5,0), (4,0), (3,0), (2,0), (1,0), (-2,-2)]
Turtle 3 :[(-3,-3), (6,14), (5,14), (5,14), (4,14), (3,14), (-3,-3)]
Turtle 4 :[(-4,-4), (6,3), (6,4), (7,4), (8,4), (8,5), (9,5)]
Turtle 5 :[(-5,-5), (2,10), (3,10), (4,10), (4,9), (4,8), (4,7)]

Detection Run 2
#Info# Executed steps before collision: 6, Found collision: false
Turtle 1 :[(-1,-1), (13,3), (13,4), (14,4), (13,4), (14,4), (14,4)]
Turtle 2 :[(-2,-2), (9,13), (8,13), (8,14), (8,13), (8,12), (7,12)]
Turtle 3 :[(-3,-3), (5,10), (5,11), (5,12), (6,12), (-3,-3), (-3,-3)]
Turtle 4 :[(-4,-4), (1,10), (2,10), (3,10), (3,9), (-4,-4), (-4,-4)]
Turtle 5 :[(-5,-5), (1,7), (1,8), (1,9), (1,8), (0,8), (-5,-5)]

Detection Run 3
#Info# Executed steps before collision: 6, Found collision: false
Turtle 1 :[(-1,-1), (3,6), (4,6), (4,7), (4,8), (5,8), (5,9)]
Turtle 2 :[(-2,-2), (7,1), (7,2), (7,3), (7,4), (7,5), (6,5)]
Turtle 3 :[(-3,-3), (1,6), (1,5), (0,5), (-3,-3), (-3,-3), (-3,-3)]
Turtle 4 :[(-4,-4), (11,10), (10,10), (9,10), (8,10), (7,10), (6,10)]
Turtle 5 :[(-5,-5), (12,5), (11,5), (10,5), (10,6), (10,7), (9,7)]

Detection Run 4
#Info# Executed steps before collision: 6, Found collision: false
Turtle 1 :[(-1,-1), (4,3), (4,2), (5,2), (4,2), (4,3), (4,4)]
Turtle 2 :[(-2,-2), (9,8), (9,9), (9,10), (8,10), (8,11), (-2,-2)]
Turtle 3 :[(-3,-3), (0,8), (0,7), (0,6), (0,5), (0,4), (-3,-3)]
Turtle 4 :[(-4,-4), (10,5), (10,4), (11,4), (11,3), (12,3), (13,3)]
Turtle 5 :[(-5,-5), (13,8), (14,8), (14,8), (14,7), (14,6), (-5,-5)]

Detection Run 5
#Info# Executed steps before collision: 6, Found collision: false
Turtle 1 :[(-1,-1), (10,2), (10,3), (9,3), (9,4), (9,5), (8,5)]
Turtle 2 :[(-2,-2), (13,12), (12,12), (11,12), (10,12), (9,12), (9,11)]
Turtle 3 :[(-3,-3), (14,1), (14,0), (14,0), (14,1), (14,2), (14,2)]
Turtle 4 :[(-4,-4), (5,8), (6,8), (6,9), (6,10), (6,11), (6,12)]
Turtle 5 :[(-5,-5), (13,1), (12,1), (11,1), (11,0), (10,0), (9,0)]

Detection Run 6
#Info# Executed steps before collision: 8, Found collision: false
Turtle 1 :[(-1,-1), (6,7), (5,7), (4,7), (3,7), (2,7), (2,8), (-1,-1), (-1,-1)]
Turtle 2 :[(-2,-2), (-2,-2), (-2,-2), (6,7), (6,8), (6,9), (6,10), (7,10), (8,10)]
Turtle 3 :[(-3,-3), (3,0), (3,1), (3,0), (2,0), (-3,-3), (-3,-3), (-3,-3), (-3,-3)]
Turtle 4 :[(-4,-4), (13,4), (13,5), (13,6), (13,7), (13,8), (14,8), (-4,-4), (-4,-4)]
Turtle 5 :[(-5,-5), (8,11), (9,11), (10,11), (10,10), (10,9), (10,8), (-5,-5), (-5,-5)]

Detection Run 7
#Info# Executed steps before collision: 6, Found collision: false
Turtle 1 :[(-1,-1), (4,0), (5,0), (4,0), (3,0), (-1,-1), (-1,-1)]
Turtle 2 :[(-2,-2), (8,2), (9,2), (9,3), (10,3), (10,4), (11,4)]
Turtle 3 :[(-3,-3), (1,7), (1,8), (1,9), (1,10), (-3,-3), (-3,-3)]
Turtle 4 :[(-4,-4), (3,1), (3,2), (3,3), (3,4), (4,4), (5,4)]
Turtle 5 :[(-5,-5), (1,2), (0,2), (0,3), (0,4), (0,5), (0,6)]

Detection Run 8
#Info# Executed steps before collision: 6, Found collision: false
Turtle 1 :[(-1,-1), (2,6), (2,5), (1,5), (1,4), (1,3), (0,3)]
Turtle 2 :[(-2,-2), (7,7), (6,7), (6,8), (5,8), (5,9), (4,9)]
Turtle 3 :[(-3,-3), (6,13), (5,13), (5,14), (4,14), (4,14), (3,14)]
Turtle 4 :[(-4,-4), (1,11), (1,10), (1,9), (1,10), (1,9), (1,8)]
Turtle 5 :[(-5,-5), (1,12), (2,12), (3,12), (3,13), (4,13), (5,13)]

Detection Run 9
#Info# Executed steps before collision: 6, Found collision: false
Turtle 1 :[(-1,-1), (4,14), (3,14), (2,14), (-1,-1), (-1,-1), (-1,-1)]
Turtle 2 :[(-2,-2), (13,5), (14,5), (13,5), (13,6), (13,7), (13,8)]
Turtle 3 :[(-3,-3), (1,8), (0,8), (1,8), (1,9), (-3,-3), (-3,-3)]
Turtle 4 :[(-4,-4), (12,13), (12,12), (13,12), (13,11), (14,11), (-4,-4)]
Turtle 5 :[(-5,-5), (7,7), (7,6), (8,6), (9,6), (9,5), (-5,-5)]

Detection Run 10
#Info# Executed steps before collision: 6, Found collision: false
Turtle 1 :[(-1,-1), (8,4), (7,4), (6,4), (5,4), (4,4), (-1,-1)]
Turtle 2 :[(-2,-2), (1,12), (1,11), (1,10), (1,9), (1,8), (0,8)]
Turtle 3 :[(-3,-3), (8,14), (8,14), (9,14), (-3,-3), (-3,-3), (-3,-3)]
Turtle 4 :[(-4,-4), (14,12), (14,11), (14,10), (14,9), (14,8), (-4,-4)]
Turtle 5 :[(-5,-5), (8,2), (8,3), (8,4), (7,4), (6,4), (5,4)]

Detection Run 11
#Info# Executed steps before collision: 7, Found collision: false
Turtle 1 :[(-1,-1), (9,10), (10,10), (10,10), (11,10), (11,11), (12,11), (13,11)]
Turtle 2 :[(-2,-2), (7,6), (6,6), (5,6), (5,5), (5,4), (5,3), (-2,-2)]
Turtle 3 :[(-3,-3), (2,8), (2,8), (2,7), (3,7), (3,7), (3,6), (4,6)]
Turtle 4 :[(-4,-4), (11,12), (11,11), (12,11), (13,11), (13,10), (-4,-4), (-4,-4)]
Turtle 5 :[(-5,-5), (14,6), (14,7), (14,8), (14,9), (14,10), (-5,-5), (-5,-5)]

Detection Run 12
#Info# Executed steps before collision: 7, Found collision: false
Turtle 1 :[(-1,-1), (11,6), (10,6), (10,7), (9,7), (8,7), (7,7), (-1,-1)]
Turtle 2 :[(-2,-2), (9,8), (10,8), (11,8), (11,7), (-2,-2), (-2,-2), (-2,-2)]
Turtle 3 :[(-3,-3), (7,4), (7,5), (7,6), (7,7), (6,7), (6,8), (-3,-3)]
Turtle 4 :[(-4,-4), (1,5), (2,5), (2,6), (1,6), (1,6), (1,7), (0,7)]
Turtle 5 :[(-5,-5), (4,9), (3,9), (3,10), (2,10), (2,11), (2,11), (1,11)]

Detection Run 13
#Info# Executed steps before collision: 6, Found collision: false
Turtle 1 :[(-1,-1), (10,13), (10,14), (11,14), (12,14), (13,14), (13,14)]
Turtle 2 :[(-2,-2), (1,4), (1,3), (1,2), (1,3), (0,3), (0,2)]
Turtle 3 :[(-3,-3), (7,7), (7,8), (7,9), (7,10), (7,11), (7,12)]
Turtle 4 :[(-4,-4), (1,2), (0,2), (0,3), (0,4), (0,5), (0,6)]
Turtle 5 :[(-5,-5), (11,4), (11,3), (12,3), (13,3), (14,3), (14,3)]

Detection Run 14
#Info# Executed steps before collision: 10, Found collision: false
Turtle 1 :[(-1,-1), (11,8), (12,8), (13,8), (13,9), (14,9), (14,9), (-1,-1), (-1,-1), (-1,-1), (-1,-1)]
Turtle 2 :[(-2,-2), (12,13), (12,12), (12,11), (12,11), (12,11), (12,10), (12,9), (13,9), (-2,-2), (-2,-2)]
Turtle 3 :[(-3,-3), (6,7), (6,8), (7,8), (7,9), (8,9), (8,10), (-3,-3), (-3,-3), (-3,-3), (-3,-3)]
Turtle 4 :[(-4,-4), (14,11), (14,10), (14,9), (14,8), (13,8), (12,8), (13,8), (12,8), (11,8), (11,9)]
Turtle 5 :[(-5,-5), (10,5), (10,6), (9,6), (8,6), (7,6), (6,6), (-5,-5), (-5,-5), (-5,-5), (-5,-5)]

Detection Run 15
#Info# Executed steps before collision: 8, Found collision: false
Turtle 1 :[(-1,-1), (13,10), (12,10), (11,10), (11,9), (10,9), (9,9), (-1,-1), (-1,-1)]
Turtle 2 :[(-2,-2), (8,13), (9,13), (10,13), (10,14), (11,14), (11,14), (-2,-2), (-2,-2)]
Turtle 3 :[(-3,-3), (1,11), (1,10), (2,10), (-3,-3), (-3,-3), (-3,-3), (-3,-3), (-3,-3)]
Turtle 4 :[(-4,-4), (13,14), (14,14), (14,13), (14,13), (-4,-4), (-4,-4), (-4,-4), (-4,-4)]
Turtle 5 :[(-5,-5), (14,10), (14,9), (14,8), (14,9), (14,10), (14,10), (14,10), (14,10)]

Detection Run 16
#Info# Executed steps before collision: 8, Found collision: false
Turtle 1 :[(-1,-1), (1,2), (1,1), (1,1), (1,1), (0,1), (-1,-1), (-1,-1), (-1,-1)]
Turtle 2 :[(-2,-2), (11,5), (11,5), (12,5), (12,5), (13,5), (14,5), (14,5), (14,5)]
Turtle 3 :[(-3,-3), (12,2), (12,3), (12,4), (13,4), (12,4), (12,5), (12,6), (12,7)]
Turtle 4 :[(-4,-4), (2,13), (2,12), (1,12), (0,12), (0,11), (-4,-4), (-4,-4), (-4,-4)]
Turtle 5 :[(-5,-5), (2,5), (3,5), (3,4), (3,3), (3,3), (3,2), (4,2), (-5,-5)]

Detection Run 17
#Info# Executed steps before collision: 7, Found collision: false
Turtle 1 :[(-1,-1), (11,6), (10,6), (9,6), (9,7), (9,8), (8,8), (-1,-1)]
Turtle 2 :[(-2,-2), (5,10), (4,10), (3,10), (2,10), (3,10), (3,11), (2,11)]
Turtle 3 :[(-3,-3), (11,2), (11,3), (11,4), (11,4), (11,5), (11,6), (11,7)]
Turtle 4 :[(-4,-4), (12,14), (13,14), (13,14), (-4,-4), (-4,-4), (-4,-4), (-4,-4)]
Turtle 5 :[(-5,-5), (1,9), (2,9), (2,10), (2,11), (3,11), (4,11), (-5,-5)]

Fault Detection Run 18
#Info# Executed steps before collision: 10, Found collision: true
Turtle 1 :[(-1,-1), (14,14), (14,13), (14,12), (14,12), (-1,-1), (-1,-1), (-1,-1), (-1,-1), (-1,-1), (-1,-1), (-1,-1)]
Turtle 2 :[(-2,-2), (12,9), (11,9), (10,9), (10,8), (9,8), (9,8), (9,9), (9,8), (9,8), (8,8), (-2,-2)]
Turtle 3 :[(-3,-3), (2,12), (3,12), (3,13), (4,13), (4,13), (4,14), (4,14), (4,14), (-3,-3), (-3,-3), (-3,-3)]
Turtle 4 :[(-4,-4), (7,9), (8,9), (8,10), (8,9), (8,8), (8,8), (7,8), (8,8), (7,8), (8,8), (9,8)]
Turtle 5 :[(-5,-5), (11,10), (11,10), (11,11), (11,10), (10,10), (10,9), (10,9), (10,8), (10,7), (10,6), (-5,-5)]

