Detection Run 1
#Info# Executed steps before collision: 9, Found collision: false
Turtle 1 :[(-1,-1), (9,10), (9,11), (9,11), (9,12), (8,12), (8,13), (7,13), (-1,-1), (-1,-1)]
Turtle 2 :[(-2,-2), (7,0), (6,0), (6,1), (5,1), (5,2), (5,3), (-2,-2), (-2,-2), (-2,-2)]
Turtle 3 :[(-3,-3), (9,12), (9,12), (10,12), (10,11), (9,11), (8,11), (8,10), (8,9), (8,8)]
Turtle 4 :[(-4,-4), (4,3), (3,3), (3,2), (2,2), (1,2), (1,1), (-4,-4), (-4,-4), (-4,-4)]
Turtle 5 :[(-5,-5), (5,5), (5,4), (5,3), (6,3), (7,3), (-5,-5), (-5,-5), (-5,-5), (-5,-5)]

Detection Run 2
#Info# Executed steps before collision: 8, Found collision: false
Turtle 1 :[(-1,-1), (4,2), (5,2), (6,2), (7,2), (8,2), (8,3), (-1,-1), (-1,-1)]
Turtle 2 :[(-2,-2), (7,14), (6,14), (5,14), (4,14), (3,14), (2,14), (-2,-2), (-2,-2)]
Turtle 3 :[(-3,-3), (6,0), (7,0), (7,1), (8,1), (7,1), (8,1), (8,2), (-3,-3)]
Turtle 4 :[(-4,-4), (13,6), (13,5), (12,5), (12,4), (11,4), (10,4), (-4,-4), (-4,-4)]
Turtle 5 :[(-5,-5), (3,0), (4,0), (4,1), (5,1), (6,1), (6,2), (6,1), (7,1)]

Detection Run 3
#Info# Executed steps before collision: 8, Found collision: false
Turtle 1 :[(-1,-1), (10,11), (11,11), (10,11), (9,11), (-1,-1), (-1,-1), (-1,-1), (-1,-1)]
Turtle 2 :[(-2,-2), (14,5), (14,4), (14,4), (14,5), (14,6), (14,7), (-2,-2), (-2,-2)]
Turtle 3 :[(-3,-3), (12,13), (13,13), (13,14), (13,14), (14,14), (-3,-3), (-3,-3), (-3,-3)]
Turtle 4 :[(-4,-4), (7,0), (8,0), (9,0), (10,0), (11,0), (11,1), (-4,-4), (-4,-4)]
Turtle 5 :[(-5,-5), (12,12), (13,12), (14,12), (14,13), (14,13), (13,13), (14,13), (14,14)]

Detection Run 4
#Info# Executed steps before collision: 6, Found collision: false
Turtle 1 :[(-1,-1), (8,12), (9,12), (9,13), (10,13), (10,14), (11,14)]
Turtle 2 :[(-2,-2), (9,12), (9,11), (10,11), (10,12), (-2,-2), (-2,-2)]
Turtle 3 :[(-3,-3), (9,8), (9,7), (8,7), (-3,-3), (-3,-3), (-3,-3)]
Turtle 4 :[(-4,-4), (9,0), (9,1), (9,2), (9,3), (9,4), (-4,-4)]
Turtle 5 :[(-5,-5), (6,7), (6,8), (5,8), (4,8), (3,8), (3,9)]

Fault Detection Run 5
#Info# Executed steps before collision: 4, Found collision: true
Turtle 1 :[(-1,-1), (13,2), (13,3), (12,3), (11,3), (10,3), (-1,-1)]
Turtle 2 :[(-2,-2), (11,6), (11,7), (11,8), (11,7), (11,8), (11,9)]
Turtle 3 :[(-3,-3), (10,4), (9,4), (8,4), (7,4), (6,4), (5,4)]
Turtle 4 :[(-4,-4), (11,4), (12,4), (12,5), (12,6), (12,7), (12,8)]
Turtle 5 :[(-5,-5), (9,6), (10,6), (11,6), (12,6), (-5,-5), (-5,-5)]

