Shrinking Run 1
#Info# Executed steps before collision: 11, Found collision: false
Turtle 1 :[(-1,-1), (23,36), (23,35), (23,35), (23,34), (23,34), (22,34), (21,34), (20,34), (-1,-1), (-1,-1), (-1,-1)]
Turtle 2 :[(-2,-2), (43,44), (43,44), (42,44), (42,44), (42,45), (42,45), (42,46), (41,46), (-2,-2), (-2,-2), (-2,-2)]
Turtle 3 :[(-3,-3), (44,33), (44,32), (43,32), (43,31), (42,31), (41,31), (-3,-3), (-3,-3), (-3,-3), (-3,-3), (-3,-3)]
Turtle 4 :[(-4,-4), (41,32), (41,32), (42,32), (42,32), (42,33), (42,33), (42,34), (42,35), (42,35), (42,35), (43,35)]
Turtle 5 :[(-5,-5), (21,22), (20,22), (19,22), (19,23), (18,23), (17,23), (-5,-5), (-5,-5), (-5,-5), (-5,-5), (-5,-5)]

Shrinking Run 2
#Info# Executed steps before collision: 11, Found collision: false
Turtle 1 :[(-1,-1), (23,36), (23,35), (23,35), (23,34), (23,34), (22,34), (21,34), (21,33), (-1,-1), (-1,-1), (-1,-1)]
Turtle 2 :[(-2,-2), (43,44), (43,44), (42,44), (42,44), (42,45), (42,45), (42,46), (41,46), (-2,-2), (-2,-2), (-2,-2)]
Turtle 3 :[(-3,-3), (44,33), (44,32), (43,32), (43,31), (42,31), (41,31), (-3,-3), (-3,-3), (-3,-3), (-3,-3), (-3,-3)]
Turtle 4 :[(-4,-4), (41,32), (41,32), (42,32), (42,32), (42,33), (42,33), (42,34), (42,35), (42,35), (42,35), (43,35)]
Turtle 5 :[(-5,-5), (21,22), (20,22), (19,22), (19,23), (18,23), (17,23), (-5,-5), (-5,-5), (-5,-5), (-5,-5), (-5,-5)]

Shrinking Run 3
#Info# Executed steps before collision: 11, Found collision: false
Turtle 1 :[(-1,-1), (23,36), (23,35), (23,35), (23,34), (23,34), (23,33), (22,33), (22,32), (-1,-1), (-1,-1), (-1,-1)]
Turtle 2 :[(-2,-2), (43,44), (43,44), (42,44), (42,44), (42,45), (42,45), (42,46), (41,46), (-2,-2), (-2,-2), (-2,-2)]
Turtle 3 :[(-3,-3), (44,33), (44,32), (43,32), (44,32), (44,31), (43,31), (42,31), (41,31), (-3,-3), (-3,-3), (-3,-3)]
Turtle 4 :[(-4,-4), (41,32), (41,32), (42,32), (42,32), (42,33), (42,33), (42,34), (42,35), (42,35), (42,35), (43,35)]
Turtle 5 :[(-5,-5), (21,22), (20,22), (19,22), (19,23), (18,23), (17,23), (-5,-5), (-5,-5), (-5,-5), (-5,-5), (-5,-5)]

Shrinking Run 4
#Info# Executed steps before collision: 8, Found collision: false
Turtle 1 :[(-1,-1), (23,36), (22,36), (22,36), (22,35), (22,35), (22,34), (22,33), (22,32)]
Turtle 2 :[(-2,-2), (43,44), (43,44), (42,44), (42,44), (42,45), (42,45), (42,46), (41,46)]
Turtle 3 :[(-3,-3), (44,33), (44,32), (43,32), (44,32), (43,32), (43,31), (42,31), (41,31)]
Turtle 4 :[(-4,-4), (41,32), (41,32), (42,32), (42,33), (42,34), (42,35), (43,35), (-4,-4)]
Turtle 5 :[(-5,-5), (21,22), (20,22), (19,22), (19,23), (18,23), (17,23), (-5,-5), (-5,-5)]

Shrinking Run 5
#Info# Executed steps before collision: 11, Found collision: false
Turtle 1 :[(-1,-1), (23,36), (23,35), (23,35), (22,35), (22,35), (22,34), (22,33), (22,32), (-1,-1), (-1,-1), (-1,-1)]
Turtle 2 :[(-2,-2), (43,44), (43,44), (42,44), (42,44), (42,45), (42,45), (42,46), (41,46), (-2,-2), (-2,-2), (-2,-2)]
Turtle 3 :[(-3,-3), (44,33), (44,32), (43,32), (43,32), (43,33), (43,32), (43,31), (42,31), (41,31), (-3,-3), (-3,-3)]
Turtle 4 :[(-4,-4), (41,32), (41,32), (42,32), (42,32), (42,33), (42,33), (42,34), (42,35), (42,35), (42,35), (43,35)]
Turtle 5 :[(-5,-5), (21,22), (20,22), (19,22), (19,23), (18,23), (17,23), (-5,-5), (-5,-5), (-5,-5), (-5,-5), (-5,-5)]

Shrinking Run 6
#Info# Executed steps before collision: 11, Found collision: false
Turtle 1 :[(-1,-1), (23,36), (23,35), (22,35), (22,34), (22,33), (22,32), (-1,-1), (-1,-1), (-1,-1), (-1,-1), (-1,-1)]
Turtle 2 :[(-2,-2), (43,44), (43,44), (42,44), (42,44), (42,45), (42,45), (42,46), (41,46), (-2,-2), (-2,-2), (-2,-2)]
Turtle 3 :[(-3,-3), (44,33), (44,32), (43,32), (44,32), (43,32), (43,31), (42,31), (41,31), (-3,-3), (-3,-3), (-3,-3)]
Turtle 4 :[(-4,-4), (41,32), (41,32), (42,32), (42,32), (42,33), (42,33), (42,34), (42,35), (42,35), (42,35), (43,35)]
Turtle 5 :[(-5,-5), (21,22), (20,22), (19,22), (19,23), (18,23), (17,23), (-5,-5), (-5,-5), (-5,-5), (-5,-5), (-5,-5)]

Shrinking Run 7
#Info# Executed steps before collision: 11, Found collision: false
Turtle 1 :[(-1,-1), (23,36), (23,35), (23,35), (23,34), (22,34), (22,33), (22,32), (-1,-1), (-1,-1), (-1,-1), (-1,-1)]
Turtle 2 :[(-2,-2), (43,44), (43,44), (42,44), (42,44), (42,45), (42,45), (42,46), (41,46), (-2,-2), (-2,-2), (-2,-2)]
Turtle 3 :[(-3,-3), (44,33), (44,32), (43,32), (44,32), (43,32), (42,32), (42,31), (41,31), (-3,-3), (-3,-3), (-3,-3)]
Turtle 4 :[(-4,-4), (41,32), (41,32), (42,32), (42,32), (42,33), (42,33), (42,34), (42,35), (42,35), (42,35), (43,35)]
Turtle 5 :[(-5,-5), (21,22), (20,22), (19,22), (19,23), (18,23), (17,23), (-5,-5), (-5,-5), (-5,-5), (-5,-5), (-5,-5)]

Shrinking Run 8
#Info# Executed steps before collision: 11, Found collision: false
Turtle 1 :[(-1,-1), (23,36), (23,35), (23,34), (22,34), (22,34), (22,34), (22,33), (22,32), (-1,-1), (-1,-1), (-1,-1)]
Turtle 2 :[(-2,-2), (43,44), (43,44), (42,44), (42,44), (42,45), (42,45), (42,46), (41,46), (-2,-2), (-2,-2), (-2,-2)]
Turtle 3 :[(-3,-3), (44,33), (44,32), (43,32), (44,32), (44,31), (43,31), (42,31), (41,31), (-3,-3), (-3,-3), (-3,-3)]
Turtle 4 :[(-4,-4), (41,32), (41,32), (42,32), (42,32), (42,33), (42,33), (42,34), (42,35), (42,35), (42,35), (43,35)]
Turtle 5 :[(-5,-5), (21,22), (20,22), (19,22), (19,23), (18,23), (17,23), (-5,-5), (-5,-5), (-5,-5), (-5,-5), (-5,-5)]

Shrinking Run 9
#Info# Executed steps before collision: 11, Found collision: false
Turtle 1 :[(-1,-1), (23,36), (23,35), (22,35), (22,34), (22,34), (22,34), (22,33), (22,32), (-1,-1), (-1,-1), (-1,-1)]
Turtle 2 :[(-2,-2), (43,44), (43,44), (42,44), (42,44), (42,45), (42,45), (42,46), (41,46), (-2,-2), (-2,-2), (-2,-2)]
Turtle 3 :[(-3,-3), (44,33), (44,32), (43,32), (44,32), (43,32), (43,31), (42,31), (41,31), (-3,-3), (-3,-3), (-3,-3)]
Turtle 4 :[(-4,-4), (41,32), (41,32), (42,32), (42,32), (42,33), (42,33), (42,34), (42,35), (42,35), (42,35), (43,35)]
Turtle 5 :[(-5,-5), (21,22), (20,22), (19,22), (19,23), (18,23), (17,23), (-5,-5), (-5,-5), (-5,-5), (-5,-5), (-5,-5)]

Shrinking Run 10
#Info# Executed steps before collision: 11, Found collision: false
Turtle 1 :[(-1,-1), (23,36), (23,35), (23,35), (23,34), (23,33), (23,33), (22,33), (22,32), (-1,-1), (-1,-1), (-1,-1)]
Turtle 2 :[(-2,-2), (43,44), (43,44), (42,44), (42,44), (42,45), (42,45), (42,46), (41,46), (-2,-2), (-2,-2), (-2,-2)]
Turtle 3 :[(-3,-3), (44,33), (44,32), (43,32), (43,32), (42,32), (41,32), (41,31), (-3,-3), (-3,-3), (-3,-3), (-3,-3)]
Turtle 4 :[(-4,-4), (41,32), (41,32), (42,32), (42,32), (42,33), (42,33), (42,34), (42,35), (42,35), (42,35), (43,35)]
Turtle 5 :[(-5,-5), (21,22), (20,22), (19,22), (19,23), (18,23), (17,23), (-5,-5), (-5,-5), (-5,-5), (-5,-5), (-5,-5)]

Shrinking Run 11
#Info# Executed steps before collision: 11, Found collision: false
Turtle 1 :[(-1,-1), (23,36), (23,35), (23,35), (23,34), (22,34), (22,34), (22,33), (22,32), (-1,-1), (-1,-1), (-1,-1)]
Turtle 2 :[(-2,-2), (43,44), (43,44), (42,44), (42,44), (42,45), (42,45), (42,46), (41,46), (-2,-2), (-2,-2), (-2,-2)]
Turtle 3 :[(-3,-3), (44,33), (44,32), (43,32), (43,32), (42,32), (41,32), (41,31), (-3,-3), (-3,-3), (-3,-3), (-3,-3)]
Turtle 4 :[(-4,-4), (41,32), (41,32), (42,32), (42,32), (42,33), (42,33), (42,34), (42,35), (42,35), (42,35), (43,35)]
Turtle 5 :[(-5,-5), (21,22), (20,22), (19,22), (19,23), (18,23), (17,23), (-5,-5), (-5,-5), (-5,-5), (-5,-5), (-5,-5)]

Shrinking Run 12
#Info# Executed steps before collision: 4, Found collision: true
Turtle 1 :[(-1,-1), (23,36), (23,35), (23,35), (23,34), (23,34), (22,34), (22,33), (22,32), (-1,-1), (-1,-1), (-1,-1)]
Turtle 2 :[(-2,-2), (43,44), (43,44), (42,44), (42,44), (42,45), (41,45), (41,46), (40,46), (-2,-2), (-2,-2), (-2,-2)]
Turtle 3 :[(-3,-3), (44,33), (44,32), (43,32), (42,32), (41,32), (41,31), (-3,-3), (-3,-3), (-3,-3), (-3,-3), (-3,-3)]
Turtle 4 :[(-4,-4), (41,32), (41,32), (42,32), (42,32), (42,33), (42,33), (42,34), (42,35), (42,35), (42,35), (43,35)]
Turtle 5 :[(-5,-5), (21,22), (20,22), (19,22), (19,23), (18,23), (17,23), (-5,-5), (-5,-5), (-5,-5), (-5,-5), (-5,-5)]

Shrinking Run 13
#Info# Executed steps before collision: 9, Found collision: false
Turtle 1 :[(-1,-1), (23,36), (23,35), (23,35), (23,34), (23,34), (22,34), (22,33), (22,32), (-1,-1)]
Turtle 2 :[(-2,-2), (43,44), (43,44), (42,44), (42,44), (42,43), (41,43), (41,42), (41,41), (-2,-2)]
Turtle 3 :[(-3,-3), (44,33), (44,32), (43,32), (44,32), (43,32), (42,32), (42,31), (41,31), (-3,-3)]
Turtle 4 :[(-4,-4), (41,32), (41,32), (42,32), (41,32), (41,33), (42,33), (43,33), (43,34), (43,35)]
Turtle 5 :[(-5,-5), (21,22), (20,22), (19,22), (19,23), (18,23), (17,23), (-5,-5), (-5,-5), (-5,-5)]

Shrinking Run 14
#Info# Executed steps before collision: 11, Found collision: false
Turtle 1 :[(-1,-1), (23,36), (23,35), (23,35), (23,34), (23,34), (22,34), (22,33), (22,32), (-1,-1), (-1,-1), (-1,-1)]
Turtle 2 :[(-2,-2), (43,44), (43,44), (42,44), (42,44), (41,44), (40,44), (40,45), (39,45), (-2,-2), (-2,-2), (-2,-2)]
Turtle 3 :[(-3,-3), (44,33), (44,32), (43,32), (44,32), (44,31), (43,31), (42,31), (41,31), (-3,-3), (-3,-3), (-3,-3)]
Turtle 4 :[(-4,-4), (41,32), (41,32), (42,32), (42,32), (42,33), (42,33), (42,34), (42,35), (42,35), (42,35), (43,35)]
Turtle 5 :[(-5,-5), (21,22), (20,22), (19,22), (19,23), (18,23), (17,23), (-5,-5), (-5,-5), (-5,-5), (-5,-5), (-5,-5)]

Shrinking Run 15
#Info# Executed steps before collision: 11, Found collision: false
Turtle 1 :[(-1,-1), (23,36), (23,35), (23,35), (23,34), (23,34), (22,34), (22,33), (22,32), (-1,-1), (-1,-1), (-1,-1)]
Turtle 2 :[(-2,-2), (43,44), (43,44), (42,44), (42,44), (41,44), (40,44), (40,45), (40,46), (-2,-2), (-2,-2), (-2,-2)]
Turtle 3 :[(-3,-3), (44,33), (44,32), (43,32), (44,32), (43,32), (42,32), (41,32), (41,31), (-3,-3), (-3,-3), (-3,-3)]
Turtle 4 :[(-4,-4), (41,32), (41,32), (42,32), (42,32), (42,33), (42,33), (42,34), (42,35), (42,35), (42,35), (43,35)]
Turtle 5 :[(-5,-5), (21,22), (20,22), (19,22), (19,23), (18,23), (17,23), (-5,-5), (-5,-5), (-5,-5), (-5,-5), (-5,-5)]

Shrinking Run 16
#Info# Executed steps before collision: 11, Found collision: false
Turtle 1 :[(-1,-1), (23,36), (23,35), (23,35), (23,34), (23,34), (22,34), (22,33), (22,32), (-1,-1), (-1,-1), (-1,-1)]
Turtle 2 :[(-2,-2), (43,44), (43,44), (42,44), (42,44), (42,45), (41,45), (40,45), (40,46), (-2,-2), (-2,-2), (-2,-2)]
Turtle 3 :[(-3,-3), (44,33), (44,32), (43,32), (43,33), (43,32), (42,32), (42,31), (41,31), (-3,-3), (-3,-3), (-3,-3)]
Turtle 4 :[(-4,-4), (41,32), (41,32), (42,32), (42,32), (42,33), (42,33), (42,34), (42,35), (42,35), (42,35), (43,35)]
Turtle 5 :[(-5,-5), (21,22), (20,22), (19,22), (19,23), (18,23), (17,23), (-5,-5), (-5,-5), (-5,-5), (-5,-5), (-5,-5)]

Shrinking Run 17
#Info# Executed steps before collision: 9, Found collision: false
Turtle 1 :[(-1,-1), (23,36), (23,35), (23,35), (23,34), (23,34), (22,34), (22,33), (22,32), (-1,-1)]
Turtle 2 :[(-2,-2), (43,44), (43,45), (43,46), (42,46), (41,46), (40,46), (-2,-2), (-2,-2), (-2,-2)]
Turtle 3 :[(-3,-3), (44,33), (44,32), (43,32), (43,33), (43,32), (43,31), (42,31), (41,31), (-3,-3)]
Turtle 4 :[(-4,-4), (41,32), (41,32), (42,32), (41,32), (41,33), (42,33), (42,34), (42,35), (43,35)]
Turtle 5 :[(-5,-5), (21,22), (20,22), (19,22), (19,23), (18,23), (17,23), (-5,-5), (-5,-5), (-5,-5)]

Shrinking Run 18
#Info# Executed steps before collision: 11, Found collision: false
Turtle 1 :[(-1,-1), (23,36), (23,35), (23,35), (23,34), (23,34), (22,34), (22,33), (22,32), (-1,-1), (-1,-1), (-1,-1)]
Turtle 2 :[(-2,-2), (43,44), (42,44), (41,44), (41,44), (41,45), (41,46), (40,46), (-2,-2), (-2,-2), (-2,-2), (-2,-2)]
Turtle 3 :[(-3,-3), (44,33), (44,32), (43,32), (43,32), (44,32), (43,32), (42,32), (42,31), (41,31), (-3,-3), (-3,-3)]
Turtle 4 :[(-4,-4), (41,32), (41,32), (42,32), (42,32), (42,33), (42,33), (42,34), (42,35), (42,35), (42,35), (43,35)]
Turtle 5 :[(-5,-5), (21,22), (20,22), (19,22), (19,23), (18,23), (17,23), (-5,-5), (-5,-5), (-5,-5), (-5,-5), (-5,-5)]

Shrinking Run 19
#Info# Executed steps before collision: 11, Found collision: false
Turtle 1 :[(-1,-1), (23,36), (23,35), (23,35), (23,34), (23,34), (22,34), (22,33), (22,32), (-1,-1), (-1,-1), (-1,-1)]
Turtle 2 :[(-2,-2), (43,44), (43,45), (43,46), (43,46), (42,46), (42,46), (41,46), (40,46), (-2,-2), (-2,-2), (-2,-2)]
Turtle 3 :[(-3,-3), (44,33), (44,32), (43,32), (44,32), (44,31), (43,31), (42,31), (41,31), (-3,-3), (-3,-3), (-3,-3)]
Turtle 4 :[(-4,-4), (41,32), (41,32), (42,32), (42,32), (42,33), (42,33), (42,34), (42,35), (42,35), (42,35), (43,35)]
Turtle 5 :[(-5,-5), (21,22), (20,22), (19,22), (19,23), (18,23), (17,23), (-5,-5), (-5,-5), (-5,-5), (-5,-5), (-5,-5)]

Shrinking Run 20
#Info# Executed steps before collision: 8, Found collision: false
Turtle 1 :[(-1,-1), (23,36), (23,35), (23,35), (23,34), (23,34), (22,34), (22,33), (22,32)]
Turtle 2 :[(-2,-2), (43,44), (43,45), (42,45), (42,45), (42,46), (42,46), (41,46), (40,46)]
Turtle 3 :[(-3,-3), (44,33), (44,32), (43,32), (43,33), (43,32), (42,32), (42,31), (41,31)]
Turtle 4 :[(-4,-4), (41,32), (41,32), (42,32), (42,33), (43,33), (43,34), (43,35), (-4,-4)]
Turtle 5 :[(-5,-5), (21,22), (20,22), (19,22), (19,23), (18,23), (17,23), (-5,-5), (-5,-5)]

Shrinking Run 21
#Info# Executed steps before collision: 11, Found collision: false
Turtle 1 :[(-1,-1), (23,36), (23,35), (23,35), (23,34), (23,34), (22,34), (22,33), (22,32), (-1,-1), (-1,-1), (-1,-1)]
Turtle 2 :[(-2,-2), (43,44), (42,44), (41,44), (41,44), (41,45), (41,45), (41,46), (40,46), (-2,-2), (-2,-2), (-2,-2)]
Turtle 3 :[(-3,-3), (44,33), (44,32), (43,32), (44,32), (44,31), (43,31), (42,31), (41,31), (-3,-3), (-3,-3), (-3,-3)]
Turtle 4 :[(-4,-4), (41,32), (41,32), (42,32), (42,32), (42,33), (42,33), (42,34), (42,35), (42,35), (42,35), (43,35)]
Turtle 5 :[(-5,-5), (21,22), (20,22), (19,22), (19,23), (18,23), (17,23), (-5,-5), (-5,-5), (-5,-5), (-5,-5), (-5,-5)]

Shrinking Run 22
#Info# Executed steps before collision: 4, Found collision: true
Turtle 1 :[(-1,-1), (23,36), (23,35), (23,35), (23,34), (23,34), (22,34), (22,33), (22,32), (-1,-1), (-1,-1), (-1,-1)]
Turtle 2 :[(-2,-2), (43,44), (43,44), (43,45), (43,45), (42,45), (41,45), (41,46), (40,46), (-2,-2), (-2,-2), (-2,-2)]
Turtle 3 :[(-3,-3), (44,33), (44,32), (43,32), (42,32), (42,31), (41,31), (-3,-3), (-3,-3), (-3,-3), (-3,-3), (-3,-3)]
Turtle 4 :[(-4,-4), (41,32), (41,32), (42,32), (42,32), (42,33), (42,33), (42,34), (42,35), (42,35), (42,35), (43,35)]
Turtle 5 :[(-5,-5), (21,22), (20,22), (19,22), (19,23), (18,23), (17,23), (-5,-5), (-5,-5), (-5,-5), (-5,-5), (-5,-5)]

Shrinking Run 23
#Info# Executed steps before collision: 4, Found collision: true
Turtle 1 :[(-1,-1), (23,36), (23,35), (23,35), (23,34), (23,34), (22,34), (22,33), (22,32), (-1,-1), (-1,-1), (-1,-1)]
Turtle 2 :[(-2,-2), (43,44), (43,44), (43,45), (42,45), (42,46), (42,46), (41,46), (40,46), (-2,-2), (-2,-2), (-2,-2)]
Turtle 3 :[(-3,-3), (44,33), (44,32), (43,32), (42,32), (42,31), (41,31), (-3,-3), (-3,-3), (-3,-3), (-3,-3), (-3,-3)]
Turtle 4 :[(-4,-4), (41,32), (41,32), (42,32), (42,32), (42,33), (42,33), (42,34), (42,35), (42,35), (42,35), (43,35)]
Turtle 5 :[(-5,-5), (21,22), (20,22), (19,22), (19,23), (18,23), (17,23), (-5,-5), (-5,-5), (-5,-5), (-5,-5), (-5,-5)]

Shrinking Run 24
#Info# Executed steps before collision: 11, Found collision: false
Turtle 1 :[(-1,-1), (23,36), (23,35), (23,35), (23,34), (23,34), (22,34), (22,33), (22,32), (-1,-1), (-1,-1), (-1,-1)]
Turtle 2 :[(-2,-2), (43,44), (43,44), (43,45), (42,45), (42,46), (41,46), (41,46), (40,46), (-2,-2), (-2,-2), (-2,-2)]
Turtle 3 :[(-3,-3), (44,33), (44,32), (43,32), (43,33), (43,32), (43,31), (42,31), (41,31), (-3,-3), (-3,-3), (-3,-3)]
Turtle 4 :[(-4,-4), (41,32), (41,32), (42,32), (42,32), (42,33), (42,33), (42,34), (42,35), (42,35), (42,35), (43,35)]
Turtle 5 :[(-5,-5), (21,22), (20,22), (19,22), (19,23), (18,23), (17,23), (-5,-5), (-5,-5), (-5,-5), (-5,-5), (-5,-5)]

Shrinking Run 25
#Info# Executed steps before collision: 11, Found collision: false
Turtle 1 :[(-1,-1), (23,36), (23,35), (23,35), (23,34), (23,34), (22,34), (22,33), (22,32), (-1,-1), (-1,-1), (-1,-1)]
Turtle 2 :[(-2,-2), (43,44), (43,44), (43,45), (42,45), (42,46), (42,46), (41,46), (40,46), (-2,-2), (-2,-2), (-2,-2)]
Turtle 3 :[(-3,-3), (44,33), (43,33), (43,32), (44,32), (43,32), (42,32), (41,32), (41,31), (-3,-3), (-3,-3), (-3,-3)]
Turtle 4 :[(-4,-4), (41,32), (41,32), (42,32), (42,32), (42,33), (42,33), (42,34), (42,35), (42,35), (42,35), (43,35)]
Turtle 5 :[(-5,-5), (21,22), (20,22), (19,22), (19,23), (18,23), (17,23), (-5,-5), (-5,-5), (-5,-5), (-5,-5), (-5,-5)]

Shrinking Run 26
#Info# Executed steps before collision: 11, Found collision: false
Turtle 1 :[(-1,-1), (23,36), (23,35), (23,35), (23,34), (23,34), (22,34), (22,33), (22,32), (-1,-1), (-1,-1), (-1,-1)]
Turtle 2 :[(-2,-2), (43,44), (43,44), (43,45), (42,45), (42,46), (42,46), (41,46), (40,46), (-2,-2), (-2,-2), (-2,-2)]
Turtle 3 :[(-3,-3), (44,33), (44,32), (43,32), (43,32), (43,33), (44,33), (43,33), (43,32), (43,31), (42,31), (41,31)]
Turtle 4 :[(-4,-4), (41,32), (41,32), (42,32), (42,32), (42,33), (42,33), (42,34), (42,35), (42,35), (42,35), (43,35)]
Turtle 5 :[(-5,-5), (21,22), (20,22), (19,22), (19,23), (18,23), (17,23), (-5,-5), (-5,-5), (-5,-5), (-5,-5), (-5,-5)]

Shrinking Run 27
#Info# Executed steps before collision: 9, Found collision: false
Turtle 1 :[(-1,-1), (23,36), (23,35), (23,35), (23,34), (23,34), (22,34), (22,33), (22,32), (-1,-1)]
Turtle 2 :[(-2,-2), (43,44), (43,44), (43,45), (42,45), (42,46), (42,46), (41,46), (40,46), (-2,-2)]
Turtle 3 :[(-3,-3), (44,33), (43,33), (42,33), (43,33), (42,33), (41,33), (41,32), (41,31), (-3,-3)]
Turtle 4 :[(-4,-4), (41,32), (41,32), (42,32), (42,32), (42,32), (42,33), (42,34), (42,35), (43,35)]
Turtle 5 :[(-5,-5), (21,22), (20,22), (19,22), (19,23), (18,23), (17,23), (-5,-5), (-5,-5), (-5,-5)]

Shrinking Run 28
#Info# Executed steps before collision: 5, Found collision: true
Turtle 1 :[(-1,-1), (23,36), (23,35), (23,35), (23,34), (23,34), (22,34), (22,33), (22,32), (-1,-1), (-1,-1)]
Turtle 2 :[(-2,-2), (43,44), (43,44), (43,45), (42,45), (42,46), (42,46), (41,46), (40,46), (-2,-2), (-2,-2)]
Turtle 3 :[(-3,-3), (44,33), (44,32), (43,32), (43,33), (42,33), (42,32), (42,31), (41,31), (-3,-3), (-3,-3)]
Turtle 4 :[(-4,-4), (41,32), (41,32), (42,32), (42,32), (42,33), (41,33), (41,34), (41,35), (41,36), (42,36)]
Turtle 5 :[(-5,-5), (21,22), (20,22), (19,22), (19,23), (18,23), (17,23), (-5,-5), (-5,-5), (-5,-5), (-5,-5)]

Shrinking Run 29
#Info# Executed steps before collision: 11, Found collision: false
Turtle 1 :[(-1,-1), (23,36), (23,35), (23,35), (23,34), (23,34), (22,34), (22,33), (22,32), (-1,-1), (-1,-1), (-1,-1)]
Turtle 2 :[(-2,-2), (43,44), (43,44), (43,45), (42,45), (42,46), (42,46), (41,46), (40,46), (-2,-2), (-2,-2), (-2,-2)]
Turtle 3 :[(-3,-3), (44,33), (44,32), (43,32), (42,32), (42,31), (41,31), (-3,-3), (-3,-3), (-3,-3), (-3,-3), (-3,-3)]
Turtle 4 :[(-4,-4), (41,32), (41,32), (41,31), (41,31), (41,30), (41,30), (41,29), (41,28), (41,28), (41,28), (42,28)]
Turtle 5 :[(-5,-5), (21,22), (20,22), (19,22), (19,23), (18,23), (17,23), (-5,-5), (-5,-5), (-5,-5), (-5,-5), (-5,-5)]

Shrinking Run 30
#Info# Executed steps before collision: 10, Found collision: false
Turtle 1 :[(-1,-1), (23,36), (23,35), (23,35), (23,34), (23,34), (22,34), (22,33), (22,32), (-1,-1), (-1,-1)]
Turtle 2 :[(-2,-2), (43,44), (43,44), (43,45), (42,45), (42,46), (42,46), (41,46), (40,46), (-2,-2), (-2,-2)]
Turtle 3 :[(-3,-3), (44,33), (44,32), (43,32), (42,32), (42,31), (43,31), (42,31), (42,30), (41,30), (41,31)]
Turtle 4 :[(-4,-4), (41,32), (41,32), (41,32), (41,32), (41,31), (41,31), (41,30), (41,29), (41,29), (42,29)]
Turtle 5 :[(-5,-5), (21,22), (20,22), (19,22), (19,23), (18,23), (17,23), (-5,-5), (-5,-5), (-5,-5), (-5,-5)]

Shrinking Run 31
#Info# Executed steps before collision: 8, Found collision: false
Turtle 1 :[(-1,-1), (23,36), (23,35), (23,35), (23,34), (23,34), (22,34), (22,33), (22,32)]
Turtle 2 :[(-2,-2), (43,44), (43,44), (43,45), (42,45), (42,46), (42,46), (41,46), (40,46)]
Turtle 3 :[(-3,-3), (44,33), (44,32), (43,32), (42,32), (42,31), (41,31), (-3,-3), (-3,-3)]
Turtle 4 :[(-4,-4), (41,32), (42,32), (42,33), (42,33), (42,34), (42,34), (42,35), (42,36)]
Turtle 5 :[(-5,-5), (21,22), (20,22), (19,22), (19,23), (18,23), (17,23), (-5,-5), (-5,-5)]

Shrinking Run 32
#Info# Executed steps before collision: 4, Found collision: true
Turtle 1 :[(-1,-1), (23,36), (23,35), (23,35), (23,34), (23,34), (22,34), (22,33), (22,32), (-1,-1), (-1,-1)]
Turtle 2 :[(-2,-2), (43,44), (43,44), (43,45), (42,45), (42,46), (42,46), (41,46), (40,46), (-2,-2), (-2,-2)]
Turtle 3 :[(-3,-3), (44,33), (44,32), (43,32), (42,32), (41,32), (41,31), (-3,-3), (-3,-3), (-3,-3), (-3,-3)]
Turtle 4 :[(-4,-4), (41,32), (41,32), (42,32), (42,32), (41,32), (41,33), (41,34), (41,35), (41,36), (42,36)]
Turtle 5 :[(-5,-5), (21,22), (20,22), (19,22), (19,23), (18,23), (17,23), (-5,-5), (-5,-5), (-5,-5), (-5,-5)]

Shrinking Run 33
#Info# Executed steps before collision: 9, Found collision: false
Turtle 1 :[(-1,-1), (23,36), (23,35), (23,35), (23,34), (23,34), (22,34), (22,33), (22,32), (-1,-1)]
Turtle 2 :[(-2,-2), (43,44), (43,44), (43,45), (42,45), (42,46), (42,46), (41,46), (40,46), (-2,-2)]
Turtle 3 :[(-3,-3), (44,33), (44,32), (43,32), (42,32), (42,31), (41,31), (-3,-3), (-3,-3), (-3,-3)]
Turtle 4 :[(-4,-4), (41,32), (42,32), (42,33), (42,33), (42,34), (42,34), (42,35), (42,35), (42,36)]
Turtle 5 :[(-5,-5), (21,22), (20,22), (19,22), (19,23), (18,23), (17,23), (-5,-5), (-5,-5), (-5,-5)]

Shrinking Run 34
#Info# Executed steps before collision: 8, Found collision: false
Turtle 1 :[(-1,-1), (23,36), (23,35), (23,35), (23,34), (23,34), (22,34), (22,33), (22,32)]
Turtle 2 :[(-2,-2), (43,44), (43,44), (43,45), (42,45), (42,46), (42,46), (41,46), (40,46)]
Turtle 3 :[(-3,-3), (44,33), (44,32), (43,32), (43,32), (42,32), (42,31), (41,31), (-3,-3)]
Turtle 4 :[(-4,-4), (41,32), (42,32), (42,32), (42,33), (42,34), (42,35), (42,36), (-4,-4)]
Turtle 5 :[(-5,-5), (21,22), (20,22), (19,22), (19,23), (18,23), (17,23), (-5,-5), (-5,-5)]

Shrinking Run 35
#Info# Executed steps before collision: 10, Found collision: false
Turtle 1 :[(-1,-1), (23,36), (23,35), (23,35), (23,34), (23,34), (22,34), (22,33), (22,32), (-1,-1), (-1,-1)]
Turtle 2 :[(-2,-2), (43,44), (43,44), (43,45), (42,45), (42,46), (42,46), (41,46), (40,46), (-2,-2), (-2,-2)]
Turtle 3 :[(-3,-3), (44,33), (44,32), (43,32), (43,31), (42,31), (41,31), (-3,-3), (-3,-3), (-3,-3), (-3,-3)]
Turtle 4 :[(-4,-4), (41,32), (41,32), (42,32), (42,33), (42,34), (42,34), (42,35), (42,35), (42,35), (42,36)]
Turtle 5 :[(-5,-5), (21,22), (20,22), (19,22), (19,23), (18,23), (17,23), (-5,-5), (-5,-5), (-5,-5), (-5,-5)]

Shrinking Run 36
#Info# Executed steps before collision: 10, Found collision: false
Turtle 1 :[(-1,-1), (23,36), (23,35), (23,35), (23,34), (23,34), (22,34), (22,33), (22,32), (-1,-1), (-1,-1)]
Turtle 2 :[(-2,-2), (43,44), (43,44), (43,45), (42,45), (42,46), (42,46), (41,46), (40,46), (-2,-2), (-2,-2)]
Turtle 3 :[(-3,-3), (44,33), (44,32), (43,32), (43,32), (43,32), (42,32), (42,31), (41,31), (-3,-3), (-3,-3)]
Turtle 4 :[(-4,-4), (41,32), (41,32), (42,32), (42,32), (42,33), (42,34), (42,35), (42,35), (42,35), (42,36)]
Turtle 5 :[(-5,-5), (21,22), (20,22), (19,22), (19,23), (18,23), (17,23), (-5,-5), (-5,-5), (-5,-5), (-5,-5)]

Shrinking Run 37
#Info# Executed steps before collision: 10, Found collision: false
Turtle 1 :[(-1,-1), (23,36), (23,35), (23,35), (23,34), (23,34), (22,34), (22,33), (22,32), (-1,-1), (-1,-1)]
Turtle 2 :[(-2,-2), (43,44), (43,44), (43,45), (42,45), (42,46), (42,46), (41,46), (40,46), (-2,-2), (-2,-2)]
Turtle 3 :[(-3,-3), (44,33), (44,32), (43,32), (43,33), (43,32), (42,32), (42,31), (41,31), (-3,-3), (-3,-3)]
Turtle 4 :[(-4,-4), (41,32), (41,32), (42,32), (42,32), (42,33), (42,33), (42,34), (42,35), (42,35), (42,36)]
Turtle 5 :[(-5,-5), (21,22), (20,22), (19,22), (19,21), (18,21), (17,21), (-5,-5), (-5,-5), (-5,-5), (-5,-5)]

Shrinking Run 38
#Info# Executed steps before collision: 4, Found collision: true
Turtle 1 :[(-1,-1), (23,36), (23,35), (23,35), (23,34), (23,34), (22,34), (22,33), (22,32), (-1,-1), (-1,-1)]
Turtle 2 :[(-2,-2), (43,44), (43,44), (43,45), (42,45), (42,46), (42,46), (41,46), (40,46), (-2,-2), (-2,-2)]
Turtle 3 :[(-3,-3), (44,33), (44,32), (43,32), (42,32), (41,32), (41,31), (-3,-3), (-3,-3), (-3,-3), (-3,-3)]
Turtle 4 :[(-4,-4), (41,32), (41,32), (42,32), (42,32), (42,33), (42,33), (42,34), (42,35), (42,35), (42,36)]
Turtle 5 :[(-5,-5), (21,22), (20,22), (19,22), (18,22), (17,22), (16,22), (-5,-5), (-5,-5), (-5,-5), (-5,-5)]

Shrinking Run 39
#Info# Executed steps before collision: 10, Found collision: false
Turtle 1 :[(-1,-1), (23,36), (23,35), (23,35), (23,34), (23,34), (22,34), (21,34), (20,34), (-1,-1), (-1,-1)]
Turtle 2 :[(-2,-2), (43,44), (43,44), (43,45), (42,45), (42,46), (42,46), (41,46), (40,46), (-2,-2), (-2,-2)]
Turtle 3 :[(-3,-3), (44,33), (44,32), (43,32), (43,31), (42,31), (41,31), (-3,-3), (-3,-3), (-3,-3), (-3,-3)]
Turtle 4 :[(-4,-4), (41,32), (41,32), (42,32), (42,32), (42,33), (42,33), (42,34), (42,35), (42,35), (42,36)]
Turtle 5 :[(-5,-5), (21,22), (20,22), (19,22), (18,22), (17,22), (16,22), (-5,-5), (-5,-5), (-5,-5), (-5,-5)]

Shrinking Run 40
#Info# Executed steps before collision: 9, Found collision: false
Turtle 1 :[(-1,-1), (23,36), (23,35), (23,35), (23,34), (23,34), (22,34), (21,34), (21,33), (-1,-1)]
Turtle 2 :[(-2,-2), (43,44), (43,44), (43,45), (42,45), (42,46), (42,46), (41,46), (40,46), (-2,-2)]
Turtle 3 :[(-3,-3), (44,33), (44,32), (43,32), (43,31), (42,31), (41,31), (-3,-3), (-3,-3), (-3,-3)]
Turtle 4 :[(-4,-4), (41,32), (41,32), (42,32), (43,32), (42,32), (42,33), (42,34), (42,35), (42,36)]
Turtle 5 :[(-5,-5), (21,22), (20,22), (19,22), (18,22), (17,22), (16,22), (-5,-5), (-5,-5), (-5,-5)]

Shrinking Run 41
#Info# Executed steps before collision: 10, Found collision: false
Turtle 1 :[(-1,-1), (23,36), (23,35), (23,35), (23,34), (23,34), (23,33), (22,33), (22,32), (-1,-1), (-1,-1)]
Turtle 2 :[(-2,-2), (43,44), (43,44), (43,45), (42,45), (42,46), (42,46), (41,46), (40,46), (-2,-2), (-2,-2)]
Turtle 3 :[(-3,-3), (44,33), (44,32), (43,32), (43,31), (42,31), (41,31), (-3,-3), (-3,-3), (-3,-3), (-3,-3)]
Turtle 4 :[(-4,-4), (41,32), (41,32), (42,32), (42,32), (42,33), (42,33), (42,34), (42,35), (42,35), (42,36)]
Turtle 5 :[(-5,-5), (21,22), (20,22), (19,22), (18,22), (17,22), (16,22), (-5,-5), (-5,-5), (-5,-5), (-5,-5)]

Shrinking Run 42
#Info# Executed steps before collision: 10, Found collision: false
Turtle 1 :[(-1,-1), (23,36), (22,36), (22,36), (22,35), (22,35), (22,34), (22,33), (22,32), (-1,-1), (-1,-1)]
Turtle 2 :[(-2,-2), (43,44), (43,44), (43,45), (42,45), (42,46), (42,46), (41,46), (40,46), (-2,-2), (-2,-2)]
Turtle 3 :[(-3,-3), (44,33), (44,32), (43,32), (43,31), (42,31), (41,31), (-3,-3), (-3,-3), (-3,-3), (-3,-3)]
Turtle 4 :[(-4,-4), (41,32), (41,32), (42,32), (42,32), (42,33), (42,33), (42,34), (42,35), (42,35), (42,36)]
Turtle 5 :[(-5,-5), (21,22), (20,22), (19,22), (18,22), (17,22), (16,22), (-5,-5), (-5,-5), (-5,-5), (-5,-5)]

Shrinking Run 43
#Info# Executed steps before collision: 10, Found collision: false
Turtle 1 :[(-1,-1), (23,36), (23,35), (23,35), (22,35), (22,35), (22,34), (22,33), (22,32), (-1,-1), (-1,-1)]
Turtle 2 :[(-2,-2), (43,44), (43,44), (43,45), (42,45), (42,46), (42,46), (41,46), (40,46), (-2,-2), (-2,-2)]
Turtle 3 :[(-3,-3), (44,33), (44,32), (43,32), (43,32), (42,32), (41,32), (41,31), (-3,-3), (-3,-3), (-3,-3)]
Turtle 4 :[(-4,-4), (41,32), (41,32), (42,32), (42,32), (42,33), (42,33), (42,34), (42,35), (42,35), (42,36)]
Turtle 5 :[(-5,-5), (21,22), (20,22), (19,22), (18,22), (17,22), (16,22), (-5,-5), (-5,-5), (-5,-5), (-5,-5)]

Shrinking Run 44
#Info# Executed steps before collision: 10, Found collision: false
Turtle 1 :[(-1,-1), (23,36), (23,35), (22,35), (22,34), (22,33), (22,32), (-1,-1), (-1,-1), (-1,-1), (-1,-1)]
Turtle 2 :[(-2,-2), (43,44), (43,44), (43,45), (42,45), (42,46), (42,46), (41,46), (40,46), (-2,-2), (-2,-2)]
Turtle 3 :[(-3,-3), (44,33), (44,32), (43,32), (43,32), (42,32), (42,31), (41,31), (-3,-3), (-3,-3), (-3,-3)]
Turtle 4 :[(-4,-4), (41,32), (41,32), (42,32), (42,32), (42,33), (42,33), (42,34), (42,35), (42,35), (42,36)]
Turtle 5 :[(-5,-5), (21,22), (20,22), (19,22), (18,22), (17,22), (16,22), (-5,-5), (-5,-5), (-5,-5), (-5,-5)]

Shrinking Run 45
#Info# Executed steps before collision: 10, Found collision: false
Turtle 1 :[(-1,-1), (23,36), (23,35), (23,35), (23,34), (22,34), (22,33), (22,32), (-1,-1), (-1,-1), (-1,-1)]
Turtle 2 :[(-2,-2), (43,44), (43,44), (43,45), (42,45), (42,46), (42,46), (41,46), (40,46), (-2,-2), (-2,-2)]
Turtle 3 :[(-3,-3), (44,33), (44,32), (43,32), (43,31), (42,31), (41,31), (-3,-3), (-3,-3), (-3,-3), (-3,-3)]
Turtle 4 :[(-4,-4), (41,32), (41,32), (42,32), (42,32), (42,33), (42,33), (42,34), (42,35), (42,35), (42,36)]
Turtle 5 :[(-5,-5), (21,22), (20,22), (19,22), (18,22), (17,22), (16,22), (-5,-5), (-5,-5), (-5,-5), (-5,-5)]

Shrinking Run 46
#Info# Executed steps before collision: 4, Found collision: true
Turtle 1 :[(-1,-1), (23,36), (23,35), (23,34), (22,34), (22,34), (22,34), (22,33), (22,32), (-1,-1), (-1,-1)]
Turtle 2 :[(-2,-2), (43,44), (43,44), (43,45), (42,45), (42,46), (42,46), (41,46), (40,46), (-2,-2), (-2,-2)]
Turtle 3 :[(-3,-3), (44,33), (44,32), (43,32), (42,32), (42,31), (41,31), (-3,-3), (-3,-3), (-3,-3), (-3,-3)]
Turtle 4 :[(-4,-4), (41,32), (41,32), (42,32), (42,32), (42,33), (42,33), (42,34), (42,35), (42,35), (42,36)]
Turtle 5 :[(-5,-5), (21,22), (20,22), (19,22), (18,22), (17,22), (16,22), (-5,-5), (-5,-5), (-5,-5), (-5,-5)]

Shrinking Run 47
#Info# Executed steps before collision: 9, Found collision: false
Turtle 1 :[(-1,-1), (23,36), (23,35), (23,34), (23,33), (23,33), (23,33), (22,33), (22,32), (-1,-1)]
Turtle 2 :[(-2,-2), (43,44), (43,44), (43,45), (42,45), (42,46), (42,46), (41,46), (40,46), (-2,-2)]
Turtle 3 :[(-3,-3), (44,33), (44,32), (43,32), (42,32), (41,32), (41,31), (-3,-3), (-3,-3), (-3,-3)]
Turtle 4 :[(-4,-4), (41,32), (41,32), (42,32), (43,32), (43,33), (43,34), (43,35), (43,36), (42,36)]
Turtle 5 :[(-5,-5), (21,22), (20,22), (19,22), (18,22), (17,22), (16,22), (-5,-5), (-5,-5), (-5,-5)]

Shrinking Run 48
#Info# Executed steps before collision: 9, Found collision: false
Turtle 1 :[(-1,-1), (23,36), (23,35), (23,34), (22,34), (22,33), (22,33), (22,33), (22,32), (-1,-1)]
Turtle 2 :[(-2,-2), (43,44), (43,44), (43,45), (42,45), (42,46), (42,46), (41,46), (40,46), (-2,-2)]
Turtle 3 :[(-3,-3), (44,33), (44,32), (43,32), (43,32), (42,32), (42,31), (41,31), (-3,-3), (-3,-3)]
Turtle 4 :[(-4,-4), (41,32), (41,32), (42,32), (41,32), (41,33), (41,34), (41,35), (42,35), (42,36)]
Turtle 5 :[(-5,-5), (21,22), (20,22), (19,22), (18,22), (17,22), (16,22), (-5,-5), (-5,-5), (-5,-5)]

Shrinking Run 49
#Info# Executed steps before collision: 10, Found collision: false
Turtle 1 :[(-1,-1), (23,36), (23,35), (23,34), (22,34), (22,34), (22,33), (22,33), (22,32), (-1,-1), (-1,-1)]
Turtle 2 :[(-2,-2), (43,44), (43,44), (43,45), (42,45), (42,46), (42,46), (41,46), (40,46), (-2,-2), (-2,-2)]
Turtle 3 :[(-3,-3), (44,33), (44,32), (43,32), (44,32), (43,32), (42,32), (42,31), (41,31), (-3,-3), (-3,-3)]
Turtle 4 :[(-4,-4), (41,32), (41,32), (42,32), (42,32), (42,33), (42,33), (42,34), (42,35), (42,35), (42,36)]
Turtle 5 :[(-5,-5), (21,22), (20,22), (19,22), (18,22), (17,22), (16,22), (-5,-5), (-5,-5), (-5,-5), (-5,-5)]

Shrinking Run 50
#Info# Executed steps before collision: 4, Found collision: true
Turtle 1 :[(-1,-1), (23,36), (23,35), (23,34), (22,34), (22,34), (22,34), (22,33), (22,32), (-1,-1), (-1,-1)]
Turtle 2 :[(-2,-2), (43,44), (43,44), (42,44), (42,44), (42,43), (41,43), (41,42), (41,41), (-2,-2), (-2,-2)]
Turtle 3 :[(-3,-3), (44,33), (44,32), (43,32), (42,32), (41,32), (41,31), (-3,-3), (-3,-3), (-3,-3), (-3,-3)]
Turtle 4 :[(-4,-4), (41,32), (41,32), (42,32), (42,32), (42,33), (42,33), (42,34), (42,35), (42,35), (42,36)]
Turtle 5 :[(-5,-5), (21,22), (20,22), (19,22), (18,22), (17,22), (16,22), (-5,-5), (-5,-5), (-5,-5), (-5,-5)]

Shrinking Run 51
#Info# Executed steps before collision: 10, Found collision: false
Turtle 1 :[(-1,-1), (23,36), (23,35), (23,34), (22,34), (22,34), (22,34), (22,33), (22,32), (-1,-1), (-1,-1)]
Turtle 2 :[(-2,-2), (43,44), (43,44), (42,44), (42,44), (41,44), (40,44), (40,43), (40,42), (-2,-2), (-2,-2)]
Turtle 3 :[(-3,-3), (44,33), (44,32), (43,32), (44,32), (43,32), (43,31), (42,31), (41,31), (-3,-3), (-3,-3)]
Turtle 4 :[(-4,-4), (41,32), (41,32), (42,32), (42,32), (42,33), (42,33), (42,34), (42,35), (42,35), (42,36)]
Turtle 5 :[(-5,-5), (21,22), (20,22), (19,22), (18,22), (17,22), (16,22), (-5,-5), (-5,-5), (-5,-5), (-5,-5)]

Shrinking Run 52
#Info# Executed steps before collision: 10, Found collision: false
Turtle 1 :[(-1,-1), (23,36), (23,35), (23,34), (22,34), (22,34), (22,34), (22,33), (22,32), (-1,-1), (-1,-1)]
Turtle 2 :[(-2,-2), (43,44), (43,44), (42,44), (42,44), (42,43), (41,43), (40,43), (40,42), (-2,-2), (-2,-2)]
Turtle 3 :[(-3,-3), (44,33), (44,32), (43,32), (43,33), (43,32), (42,32), (42,31), (41,31), (-3,-3), (-3,-3)]
Turtle 4 :[(-4,-4), (41,32), (41,32), (42,32), (42,32), (42,33), (42,33), (42,34), (42,35), (42,35), (42,36)]
Turtle 5 :[(-5,-5), (21,22), (20,22), (19,22), (18,22), (17,22), (16,22), (-5,-5), (-5,-5), (-5,-5), (-5,-5)]

Shrinking Run 53
#Info# Executed steps before collision: 5, Found collision: true
Turtle 1 :[(-1,-1), (23,36), (23,35), (23,34), (22,34), (22,34), (22,34), (22,33), (22,32), (-1,-1), (-1,-1)]
Turtle 2 :[(-2,-2), (43,44), (43,44), (42,44), (42,44), (42,43), (41,43), (41,42), (40,42), (-2,-2), (-2,-2)]
Turtle 3 :[(-3,-3), (44,33), (44,32), (43,32), (43,33), (42,33), (42,32), (42,31), (41,31), (-3,-3), (-3,-3)]
Turtle 4 :[(-4,-4), (41,32), (41,32), (42,32), (42,32), (42,33), (42,32), (42,33), (42,34), (42,35), (42,36)]
Turtle 5 :[(-5,-5), (21,22), (20,22), (19,22), (18,22), (17,22), (16,22), (-5,-5), (-5,-5), (-5,-5), (-5,-5)]

Shrinking Run 54
#Info# Executed steps before collision: 10, Found collision: false
Turtle 1 :[(-1,-1), (23,36), (23,35), (23,34), (22,34), (22,34), (22,34), (22,33), (22,32), (-1,-1), (-1,-1)]
Turtle 2 :[(-2,-2), (43,44), (43,43), (43,42), (42,42), (41,42), (40,42), (-2,-2), (-2,-2), (-2,-2), (-2,-2)]
Turtle 3 :[(-3,-3), (44,33), (44,32), (43,32), (44,32), (43,32), (42,32), (41,32), (41,31), (-3,-3), (-3,-3)]
Turtle 4 :[(-4,-4), (41,32), (41,32), (42,32), (42,32), (42,33), (42,33), (42,34), (42,35), (42,35), (42,36)]
Turtle 5 :[(-5,-5), (21,22), (20,22), (19,22), (18,22), (17,22), (16,22), (-5,-5), (-5,-5), (-5,-5), (-5,-5)]

Shrinking Run 55
#Info# Executed steps before collision: 10, Found collision: false
Turtle 1 :[(-1,-1), (23,36), (23,35), (23,34), (22,34), (22,34), (22,34), (22,33), (22,32), (-1,-1), (-1,-1)]
Turtle 2 :[(-2,-2), (43,44), (42,44), (41,44), (41,44), (41,43), (41,42), (40,42), (-2,-2), (-2,-2), (-2,-2)]
Turtle 3 :[(-3,-3), (44,33), (44,32), (43,32), (43,31), (42,31), (41,31), (-3,-3), (-3,-3), (-3,-3), (-3,-3)]
Turtle 4 :[(-4,-4), (41,32), (41,32), (42,32), (42,32), (42,33), (42,33), (42,34), (42,35), (42,35), (42,36)]
Turtle 5 :[(-5,-5), (21,22), (20,22), (19,22), (18,22), (17,22), (16,22), (-5,-5), (-5,-5), (-5,-5), (-5,-5)]

Shrinking Run 56
#Info# Executed steps before collision: 9, Found collision: false
Turtle 1 :[(-1,-1), (23,36), (23,35), (23,34), (22,34), (22,34), (22,34), (22,33), (22,32), (-1,-1)]
Turtle 2 :[(-2,-2), (43,44), (43,43), (43,42), (43,42), (42,42), (42,42), (41,42), (40,42), (-2,-2)]
Turtle 3 :[(-3,-3), (44,33), (44,32), (43,32), (43,33), (42,33), (41,33), (41,32), (41,31), (-3,-3)]
Turtle 4 :[(-4,-4), (41,32), (41,32), (42,32), (43,32), (43,33), (43,34), (42,34), (42,35), (42,36)]
Turtle 5 :[(-5,-5), (21,22), (20,22), (19,22), (18,22), (17,22), (16,22), (-5,-5), (-5,-5), (-5,-5)]

Shrinking Run 57
#Info# Executed steps before collision: 10, Found collision: false
Turtle 1 :[(-1,-1), (23,36), (23,35), (23,34), (22,34), (22,34), (22,34), (22,33), (22,32), (-1,-1), (-1,-1)]
Turtle 2 :[(-2,-2), (43,44), (43,43), (42,43), (42,43), (42,42), (42,42), (41,42), (40,42), (-2,-2), (-2,-2)]
Turtle 3 :[(-3,-3), (44,33), (44,32), (43,32), (44,32), (43,32), (42,32), (42,31), (41,31), (-3,-3), (-3,-3)]
Turtle 4 :[(-4,-4), (41,32), (41,32), (42,32), (42,32), (42,33), (42,33), (42,34), (42,35), (42,35), (42,36)]
Turtle 5 :[(-5,-5), (21,22), (20,22), (19,22), (18,22), (17,22), (16,22), (-5,-5), (-5,-5), (-5,-5), (-5,-5)]

Shrinking Run 58
#Info# Executed steps before collision: 10, Found collision: false
Turtle 1 :[(-1,-1), (23,36), (23,35), (23,34), (22,34), (22,34), (22,34), (22,33), (22,32), (-1,-1), (-1,-1)]
Turtle 2 :[(-2,-2), (43,44), (42,44), (41,44), (41,44), (41,43), (41,43), (41,42), (40,42), (-2,-2), (-2,-2)]
Turtle 3 :[(-3,-3), (44,33), (44,32), (43,32), (43,33), (43,32), (43,31), (42,31), (41,31), (-3,-3), (-3,-3)]
Turtle 4 :[(-4,-4), (41,32), (41,32), (42,32), (42,32), (42,33), (42,33), (42,34), (42,35), (42,35), (42,36)]
Turtle 5 :[(-5,-5), (21,22), (20,22), (19,22), (18,22), (17,22), (16,22), (-5,-5), (-5,-5), (-5,-5), (-5,-5)]

Shrinking Run 59
#Info# Executed steps before collision: 9, Found collision: false
Turtle 1 :[(-1,-1), (23,36), (23,35), (23,34), (22,34), (22,34), (22,34), (22,33), (22,32), (-1,-1)]
Turtle 2 :[(-2,-2), (43,44), (43,44), (43,43), (43,43), (42,43), (41,43), (41,42), (40,42), (-2,-2)]
Turtle 3 :[(-3,-3), (44,33), (44,32), (43,32), (44,32), (43,32), (43,31), (42,31), (41,31), (-3,-3)]
Turtle 4 :[(-4,-4), (41,32), (41,32), (42,32), (41,32), (41,33), (41,34), (41,35), (42,35), (42,36)]
Turtle 5 :[(-5,-5), (21,22), (20,22), (19,22), (18,22), (17,22), (16,22), (-5,-5), (-5,-5), (-5,-5)]

Shrinking Run 60
#Info# Executed steps before collision: 10, Found collision: false
Turtle 1 :[(-1,-1), (23,36), (23,35), (23,34), (22,34), (22,34), (22,34), (22,33), (22,32), (-1,-1), (-1,-1)]
Turtle 2 :[(-2,-2), (43,44), (43,44), (42,44), (42,43), (42,42), (42,42), (41,42), (40,42), (-2,-2), (-2,-2)]
Turtle 3 :[(-3,-3), (44,33), (44,32), (43,32), (43,32), (43,32), (42,32), (42,31), (41,31), (-3,-3), (-3,-3)]
Turtle 4 :[(-4,-4), (41,32), (41,32), (42,32), (42,32), (42,33), (42,33), (42,34), (42,35), (42,35), (42,36)]
Turtle 5 :[(-5,-5), (21,22), (20,22), (19,22), (18,22), (17,22), (16,22), (-5,-5), (-5,-5), (-5,-5), (-5,-5)]

Shrinking Run 61
#Info# Executed steps before collision: 10, Found collision: false
Turtle 1 :[(-1,-1), (23,36), (23,35), (23,34), (22,34), (22,34), (22,34), (22,33), (22,32), (-1,-1), (-1,-1)]
Turtle 2 :[(-2,-2), (43,44), (43,44), (42,44), (41,44), (41,43), (41,43), (41,42), (40,42), (-2,-2), (-2,-2)]
Turtle 3 :[(-3,-3), (44,33), (44,32), (43,32), (43,32), (42,32), (42,31), (41,31), (-3,-3), (-3,-3), (-3,-3)]
Turtle 4 :[(-4,-4), (41,32), (41,32), (42,32), (42,32), (42,33), (42,33), (42,34), (42,35), (42,35), (42,36)]
Turtle 5 :[(-5,-5), (21,22), (20,22), (19,22), (18,22), (17,22), (16,22), (-5,-5), (-5,-5), (-5,-5), (-5,-5)]

Shrinking Run 62
#Info# Executed steps before collision: 10, Found collision: false
Turtle 1 :[(-1,-1), (23,36), (23,35), (23,34), (22,34), (22,34), (22,34), (22,33), (22,32), (-1,-1), (-1,-1)]
Turtle 2 :[(-2,-2), (43,44), (43,44), (42,44), (42,44), (42,43), (42,42), (41,42), (40,42), (-2,-2), (-2,-2)]
Turtle 3 :[(-3,-3), (44,33), (44,32), (43,32), (43,31), (42,31), (41,31), (-3,-3), (-3,-3), (-3,-3), (-3,-3)]
Turtle 4 :[(-4,-4), (41,32), (41,32), (42,32), (42,32), (42,33), (42,33), (42,34), (42,35), (42,35), (42,36)]
Turtle 5 :[(-5,-5), (21,22), (20,22), (19,22), (18,22), (17,22), (16,22), (-5,-5), (-5,-5), (-5,-5), (-5,-5)]

Shrinking Run 63
#Info# Executed steps before collision: 9, Found collision: false
Turtle 1 :[(-1,-1), (23,36), (23,35), (23,34), (22,34), (22,34), (22,34), (22,33), (22,32), (-1,-1)]
Turtle 2 :[(-2,-2), (43,44), (43,44), (42,44), (42,44), (42,43), (41,43), (41,42), (40,42), (-2,-2)]
Turtle 3 :[(-3,-3), (44,33), (43,33), (43,32), (43,33), (42,33), (42,32), (41,32), (41,31), (-3,-3)]
Turtle 4 :[(-4,-4), (41,32), (41,32), (42,32), (43,32), (43,33), (43,34), (43,35), (43,36), (42,36)]
Turtle 5 :[(-5,-5), (21,22), (20,22), (19,22), (18,22), (17,22), (16,22), (-5,-5), (-5,-5), (-5,-5)]

Shrinking Run 64
#Info# Executed steps before collision: 10, Found collision: false
Turtle 1 :[(-1,-1), (23,36), (23,35), (23,34), (22,34), (22,34), (22,34), (22,33), (22,32), (-1,-1), (-1,-1)]
Turtle 2 :[(-2,-2), (43,44), (43,44), (42,44), (42,44), (42,43), (41,43), (41,42), (40,42), (-2,-2), (-2,-2)]
Turtle 3 :[(-3,-3), (44,33), (44,32), (43,32), (43,33), (43,32), (43,31), (42,31), (41,31), (-3,-3), (-3,-3)]
Turtle 4 :[(-4,-4), (41,32), (41,32), (42,32), (42,32), (42,33), (42,33), (42,34), (42,35), (42,35), (42,36)]
Turtle 5 :[(-5,-5), (21,22), (20,22), (19,22), (18,22), (17,22), (16,22), (-5,-5), (-5,-5), (-5,-5), (-5,-5)]

Shrinking Run 65
#Info# Executed steps before collision: 10, Found collision: false
Turtle 1 :[(-1,-1), (23,36), (23,35), (23,34), (22,34), (22,34), (22,34), (22,33), (22,32), (-1,-1), (-1,-1)]
Turtle 2 :[(-2,-2), (43,44), (43,44), (42,44), (42,44), (42,43), (41,43), (41,42), (40,42), (-2,-2), (-2,-2)]
Turtle 3 :[(-3,-3), (44,33), (43,33), (42,33), (41,33), (41,32), (41,31), (-3,-3), (-3,-3), (-3,-3), (-3,-3)]
Turtle 4 :[(-4,-4), (41,32), (41,32), (42,32), (42,32), (43,32), (43,33), (43,34), (42,34), (42,35), (42,36)]
Turtle 5 :[(-5,-5), (21,22), (20,22), (19,22), (18,22), (17,22), (16,22), (-5,-5), (-5,-5), (-5,-5), (-5,-5)]

Shrinking Run 66
#Info# Executed steps before collision: 11, Found collision: false
Turtle 1 :[(-1,-1), (23,36), (23,35), (23,34), (22,34), (22,34), (22,34), (22,33), (22,32), (-1,-1), (-1,-1), (-1,-1)]
Turtle 2 :[(-2,-2), (43,44), (43,44), (42,44), (42,44), (42,43), (41,43), (41,42), (40,42), (-2,-2), (-2,-2), (-2,-2)]
Turtle 3 :[(-3,-3), (44,33), (44,32), (43,32), (42,32), (42,31), (41,31), (-3,-3), (-3,-3), (-3,-3), (-3,-3), (-3,-3)]
Turtle 4 :[(-4,-4), (41,32), (41,32), (41,31), (41,31), (41,30), (41,30), (41,29), (41,28), (41,28), (41,28), (42,28)]
Turtle 5 :[(-5,-5), (21,22), (20,22), (19,22), (18,22), (17,22), (16,22), (-5,-5), (-5,-5), (-5,-5), (-5,-5), (-5,-5)]

Shrinking Run 67
#Info# Executed steps before collision: 8, Found collision: false
Turtle 1 :[(-1,-1), (23,36), (23,35), (23,34), (22,34), (22,34), (22,34), (22,33), (22,32)]
Turtle 2 :[(-2,-2), (43,44), (43,44), (42,44), (42,44), (42,43), (41,43), (41,42), (40,42)]
Turtle 3 :[(-3,-3), (44,33), (44,32), (43,32), (42,32), (42,31), (42,31), (41,31), (-3,-3)]
Turtle 4 :[(-4,-4), (41,32), (41,32), (41,32), (41,32), (41,31), (41,30), (42,30), (42,29)]
Turtle 5 :[(-5,-5), (21,22), (20,22), (19,22), (18,22), (17,22), (16,22), (-5,-5), (-5,-5)]

Shrinking Run 68
#Info# Executed steps before collision: 8, Found collision: false
Turtle 1 :[(-1,-1), (23,36), (23,35), (23,34), (22,34), (22,34), (22,34), (22,33), (22,32)]
Turtle 2 :[(-2,-2), (43,44), (43,44), (42,44), (42,44), (42,43), (41,43), (41,42), (40,42)]
Turtle 3 :[(-3,-3), (44,33), (44,32), (43,32), (42,32), (42,31), (41,31), (-3,-3), (-3,-3)]
Turtle 4 :[(-4,-4), (41,32), (42,32), (42,33), (42,33), (42,34), (42,34), (42,35), (42,36)]
Turtle 5 :[(-5,-5), (21,22), (20,22), (19,22), (18,22), (17,22), (16,22), (-5,-5), (-5,-5)]

Shrinking Run 69
#Info# Executed steps before collision: 8, Found collision: false
Turtle 1 :[(-1,-1), (23,36), (23,35), (23,34), (22,34), (22,34), (22,34), (22,33), (22,32)]
Turtle 2 :[(-2,-2), (43,44), (43,44), (42,44), (42,44), (42,43), (41,43), (41,42), (40,42)]
Turtle 3 :[(-3,-3), (44,33), (44,32), (43,32), (42,32), (42,31), (41,31), (-3,-3), (-3,-3)]
Turtle 4 :[(-4,-4), (41,32), (42,32), (42,33), (42,34), (42,35), (42,36), (-4,-4), (-4,-4)]
Turtle 5 :[(-5,-5), (21,22), (20,22), (19,22), (18,22), (17,22), (16,22), (-5,-5), (-5,-5)]

Shrinking Run 70
#Info# Executed steps before collision: 10, Found collision: false
Turtle 1 :[(-1,-1), (23,36), (23,35), (23,34), (22,34), (22,34), (22,34), (22,33), (22,32), (-1,-1), (-1,-1)]
Turtle 2 :[(-2,-2), (43,44), (43,44), (42,44), (42,44), (42,43), (41,43), (41,42), (40,42), (-2,-2), (-2,-2)]
Turtle 3 :[(-3,-3), (44,33), (44,32), (43,32), (43,31), (42,31), (41,31), (-3,-3), (-3,-3), (-3,-3), (-3,-3)]
Turtle 4 :[(-4,-4), (41,32), (42,32), (42,32), (42,32), (42,33), (42,33), (42,34), (42,35), (42,35), (42,36)]
Turtle 5 :[(-5,-5), (21,22), (20,22), (19,22), (18,22), (17,22), (16,22), (-5,-5), (-5,-5), (-5,-5), (-5,-5)]

Shrinking Run 71
#Info# Executed steps before collision: 6, Found collision: true
Turtle 1 :[(-1,-1), (23,36), (23,35), (23,34), (22,34), (22,34), (22,34), (22,33), (22,32), (-1,-1), (-1,-1)]
Turtle 2 :[(-2,-2), (43,44), (43,44), (42,44), (42,44), (42,43), (41,43), (41,42), (40,42), (-2,-2), (-2,-2)]
Turtle 3 :[(-3,-3), (44,33), (44,32), (43,32), (43,33), (42,33), (41,33), (41,32), (41,31), (-3,-3), (-3,-3)]
Turtle 4 :[(-4,-4), (41,32), (41,32), (42,32), (42,32), (41,32), (41,33), (41,34), (42,34), (42,35), (42,36)]
Turtle 5 :[(-5,-5), (21,22), (20,22), (19,22), (18,22), (17,22), (16,22), (-5,-5), (-5,-5), (-5,-5), (-5,-5)]

Shrinking Run 72
#Info# Executed steps before collision: 10, Found collision: false
Turtle 1 :[(-1,-1), (23,36), (23,35), (23,34), (22,34), (22,34), (22,34), (22,33), (22,32), (-1,-1), (-1,-1)]
Turtle 2 :[(-2,-2), (43,44), (43,44), (42,44), (42,44), (42,43), (41,43), (41,42), (40,42), (-2,-2), (-2,-2)]
Turtle 3 :[(-3,-3), (44,33), (44,32), (43,32), (42,32), (42,31), (41,31), (-3,-3), (-3,-3), (-3,-3), (-3,-3)]
Turtle 4 :[(-4,-4), (41,32), (41,32), (42,32), (42,33), (42,34), (42,35), (42,35), (42,35), (42,35), (42,36)]
Turtle 5 :[(-5,-5), (21,22), (20,22), (19,22), (18,22), (17,22), (16,22), (-5,-5), (-5,-5), (-5,-5), (-5,-5)]

Shrinking Run 73
#Info# Executed steps before collision: 12, Found collision: false
Turtle 1 :[(-1,-1), (23,36), (23,35), (23,34), (22,34), (22,34), (22,34), (22,33), (22,32), (-1,-1), (-1,-1), (-1,-1), (-1,-1)]
Turtle 2 :[(-2,-2), (43,44), (43,44), (42,44), (42,44), (42,43), (41,43), (41,42), (40,42), (-2,-2), (-2,-2), (-2,-2), (-2,-2)]
Turtle 3 :[(-3,-3), (44,33), (44,32), (43,32), (43,33), (43,34), (43,34), (43,34), (42,34), (42,33), (42,32), (42,31), (41,31)]
Turtle 4 :[(-4,-4), (41,32), (41,32), (42,32), (42,33), (42,34), (42,34), (42,35), (42,35), (42,35), (42,36), (-4,-4), (-4,-4)]
Turtle 5 :[(-5,-5), (21,22), (20,22), (19,22), (19,21), (18,21), (17,21), (-5,-5), (-5,-5), (-5,-5), (-5,-5), (-5,-5), (-5,-5)]

Shrinking Run 74
#Info# Executed steps before collision: 10, Found collision: false
Turtle 1 :[(-1,-1), (23,36), (23,35), (23,35), (23,34), (23,34), (22,34), (21,34), (20,34), (-1,-1), (-1,-1)]
Turtle 2 :[(-2,-2), (43,44), (43,44), (42,44), (42,44), (42,43), (41,43), (41,42), (40,42), (-2,-2), (-2,-2)]
Turtle 3 :[(-3,-3), (44,33), (44,32), (43,32), (43,31), (42,31), (41,31), (-3,-3), (-3,-3), (-3,-3), (-3,-3)]
Turtle 4 :[(-4,-4), (41,32), (41,32), (42,32), (42,33), (42,34), (42,34), (42,35), (42,35), (42,35), (42,36)]
Turtle 5 :[(-5,-5), (21,22), (20,22), (19,22), (18,22), (17,22), (16,22), (-5,-5), (-5,-5), (-5,-5), (-5,-5)]

Shrinking Run 75
#Info# Executed steps before collision: 10, Found collision: false
Turtle 1 :[(-1,-1), (23,36), (23,35), (23,35), (23,34), (23,34), (22,34), (21,34), (21,33), (-1,-1), (-1,-1)]
Turtle 2 :[(-2,-2), (43,44), (43,44), (42,44), (42,44), (42,43), (41,43), (41,42), (40,42), (-2,-2), (-2,-2)]
Turtle 3 :[(-3,-3), (44,33), (44,32), (43,32), (43,31), (42,31), (41,31), (-3,-3), (-3,-3), (-3,-3), (-3,-3)]
Turtle 4 :[(-4,-4), (41,32), (41,32), (42,32), (42,33), (42,34), (42,34), (42,35), (42,35), (42,35), (42,36)]
Turtle 5 :[(-5,-5), (21,22), (20,22), (19,22), (18,22), (17,22), (16,22), (-5,-5), (-5,-5), (-5,-5), (-5,-5)]

Shrinking Run 76
#Info# Executed steps before collision: 10, Found collision: false
Turtle 1 :[(-1,-1), (23,36), (23,35), (23,35), (23,34), (23,34), (23,33), (22,33), (22,32), (-1,-1), (-1,-1)]
Turtle 2 :[(-2,-2), (43,44), (43,44), (42,44), (42,44), (42,43), (41,43), (41,42), (40,42), (-2,-2), (-2,-2)]
Turtle 3 :[(-3,-3), (44,33), (44,32), (43,32), (44,32), (44,31), (43,31), (42,31), (41,31), (-3,-3), (-3,-3)]
Turtle 4 :[(-4,-4), (41,32), (41,32), (42,32), (42,33), (42,34), (42,34), (42,35), (42,35), (42,35), (42,36)]
Turtle 5 :[(-5,-5), (21,22), (20,22), (19,22), (18,22), (17,22), (16,22), (-5,-5), (-5,-5), (-5,-5), (-5,-5)]

Shrinking Run 77
#Info# Executed steps before collision: 10, Found collision: false
Turtle 1 :[(-1,-1), (23,36), (22,36), (22,36), (22,35), (22,35), (22,34), (22,33), (22,32), (-1,-1), (-1,-1)]
Turtle 2 :[(-2,-2), (43,44), (43,44), (42,44), (42,44), (42,43), (41,43), (41,42), (40,42), (-2,-2), (-2,-2)]
Turtle 3 :[(-3,-3), (44,33), (44,32), (43,32), (43,33), (43,32), (43,31), (42,31), (41,31), (-3,-3), (-3,-3)]
Turtle 4 :[(-4,-4), (41,32), (41,32), (42,32), (42,33), (42,34), (42,34), (42,35), (42,35), (42,35), (42,36)]
Turtle 5 :[(-5,-5), (21,22), (20,22), (19,22), (18,22), (17,22), (16,22), (-5,-5), (-5,-5), (-5,-5), (-5,-5)]

Shrinking Run 78
#Info# Executed steps before collision: 10, Found collision: false
Turtle 1 :[(-1,-1), (23,36), (23,35), (23,35), (22,35), (22,35), (22,34), (22,33), (22,32), (-1,-1), (-1,-1)]
Turtle 2 :[(-2,-2), (43,44), (43,44), (42,44), (42,44), (42,43), (41,43), (41,42), (40,42), (-2,-2), (-2,-2)]
Turtle 3 :[(-3,-3), (44,33), (44,32), (43,32), (42,32), (41,32), (41,31), (-3,-3), (-3,-3), (-3,-3), (-3,-3)]
Turtle 4 :[(-4,-4), (41,32), (41,32), (42,32), (42,33), (42,34), (42,34), (42,35), (42,35), (42,35), (42,36)]
Turtle 5 :[(-5,-5), (21,22), (20,22), (19,22), (18,22), (17,22), (16,22), (-5,-5), (-5,-5), (-5,-5), (-5,-5)]

Shrinking Run 79
#Info# Executed steps before collision: 10, Found collision: false
Turtle 1 :[(-1,-1), (23,36), (23,35), (22,35), (22,34), (22,33), (22,32), (-1,-1), (-1,-1), (-1,-1), (-1,-1)]
Turtle 2 :[(-2,-2), (43,44), (43,44), (42,44), (42,44), (42,43), (41,43), (41,42), (40,42), (-2,-2), (-2,-2)]
Turtle 3 :[(-3,-3), (44,33), (44,32), (43,32), (43,32), (42,32), (42,31), (41,31), (-3,-3), (-3,-3), (-3,-3)]
Turtle 4 :[(-4,-4), (41,32), (41,32), (42,32), (42,33), (42,34), (42,34), (42,35), (42,35), (42,35), (42,36)]
Turtle 5 :[(-5,-5), (21,22), (20,22), (19,22), (18,22), (17,22), (16,22), (-5,-5), (-5,-5), (-5,-5), (-5,-5)]

Shrinking Run 80
#Info# Executed steps before collision: 10, Found collision: false
Turtle 1 :[(-1,-1), (23,36), (23,35), (23,35), (23,34), (22,34), (22,33), (22,32), (-1,-1), (-1,-1), (-1,-1)]
Turtle 2 :[(-2,-2), (43,44), (43,44), (42,44), (42,44), (42,43), (41,43), (41,42), (40,42), (-2,-2), (-2,-2)]
Turtle 3 :[(-3,-3), (44,33), (44,32), (43,32), (43,32), (42,32), (42,31), (41,31), (-3,-3), (-3,-3), (-3,-3)]
Turtle 4 :[(-4,-4), (41,32), (41,32), (42,32), (42,33), (42,34), (42,34), (42,35), (42,35), (42,35), (42,36)]
Turtle 5 :[(-5,-5), (21,22), (20,22), (19,22), (18,22), (17,22), (16,22), (-5,-5), (-5,-5), (-5,-5), (-5,-5)]

Shrinking Run 81
#Info# Executed steps before collision: 10, Found collision: false
Turtle 1 :[(-1,-1), (23,36), (23,35), (23,34), (23,33), (23,33), (23,33), (22,33), (22,32), (-1,-1), (-1,-1)]
Turtle 2 :[(-2,-2), (43,44), (43,44), (42,44), (42,44), (42,43), (41,43), (41,42), (40,42), (-2,-2), (-2,-2)]
Turtle 3 :[(-3,-3), (44,33), (44,32), (43,32), (42,32), (42,31), (41,31), (-3,-3), (-3,-3), (-3,-3), (-3,-3)]
Turtle 4 :[(-4,-4), (41,32), (41,32), (42,32), (42,33), (42,34), (42,34), (42,35), (42,35), (42,35), (42,36)]
Turtle 5 :[(-5,-5), (21,22), (20,22), (19,22), (18,22), (17,22), (16,22), (-5,-5), (-5,-5), (-5,-5), (-5,-5)]

Shrinking Run 82
#Info# Executed steps before collision: 10, Found collision: false
Turtle 1 :[(-1,-1), (23,36), (23,35), (23,34), (22,34), (22,33), (22,33), (22,33), (22,32), (-1,-1), (-1,-1)]
Turtle 2 :[(-2,-2), (43,44), (43,44), (42,44), (42,44), (42,43), (41,43), (41,42), (40,42), (-2,-2), (-2,-2)]
Turtle 3 :[(-3,-3), (44,33), (44,32), (43,32), (44,32), (43,32), (42,32), (42,31), (41,31), (-3,-3), (-3,-3)]
Turtle 4 :[(-4,-4), (41,32), (41,32), (42,32), (42,33), (42,34), (42,34), (42,35), (42,35), (42,35), (42,36)]
Turtle 5 :[(-5,-5), (21,22), (20,22), (19,22), (18,22), (17,22), (16,22), (-5,-5), (-5,-5), (-5,-5), (-5,-5)]

Shrinking Run 83
#Info# Executed steps before collision: 9, Found collision: false
Turtle 1 :[(-1,-1), (23,36), (23,35), (23,34), (22,34), (22,34), (22,33), (22,33), (22,32), (-1,-1)]
Turtle 2 :[(-2,-2), (43,44), (43,44), (42,44), (42,44), (42,43), (41,43), (41,42), (40,42), (-2,-2)]
Turtle 3 :[(-3,-3), (44,33), (44,32), (43,32), (43,33), (43,32), (43,31), (42,31), (41,31), (-3,-3)]
Turtle 4 :[(-4,-4), (41,32), (41,32), (42,32), (41,32), (41,33), (41,34), (41,35), (41,36), (42,36)]
Turtle 5 :[(-5,-5), (21,22), (20,22), (19,22), (18,22), (17,22), (16,22), (-5,-5), (-5,-5), (-5,-5)]

Shrinking Run 84
#Info# Executed steps before collision: 10, Found collision: false
Turtle 1 :[(-1,-1), (23,36), (23,35), (23,34), (22,34), (22,34), (22,34), (22,33), (22,32), (-1,-1), (-1,-1)]
Turtle 2 :[(-2,-2), (43,44), (43,44), (42,44), (42,44), (41,44), (40,44), (40,43), (40,42), (-2,-2), (-2,-2)]
Turtle 3 :[(-3,-3), (44,33), (44,32), (43,32), (43,32), (42,32), (42,31), (41,31), (-3,-3), (-3,-3), (-3,-3)]
Turtle 4 :[(-4,-4), (41,32), (41,32), (42,32), (42,33), (42,34), (42,34), (42,35), (42,35), (42,35), (42,36)]
Turtle 5 :[(-5,-5), (21,22), (20,22), (19,22), (18,22), (17,22), (16,22), (-5,-5), (-5,-5), (-5,-5), (-5,-5)]

Shrinking Run 85
#Info# Executed steps before collision: 10, Found collision: false
Turtle 1 :[(-1,-1), (23,36), (23,35), (23,34), (22,34), (22,34), (22,34), (22,33), (22,32), (-1,-1), (-1,-1)]
Turtle 2 :[(-2,-2), (43,44), (43,44), (42,44), (42,44), (42,43), (41,43), (40,43), (40,42), (-2,-2), (-2,-2)]
Turtle 3 :[(-3,-3), (44,33), (44,32), (43,32), (43,31), (42,31), (41,31), (-3,-3), (-3,-3), (-3,-3), (-3,-3)]
Turtle 4 :[(-4,-4), (41,32), (41,32), (42,32), (42,33), (42,34), (42,34), (42,35), (42,35), (42,35), (42,36)]
Turtle 5 :[(-5,-5), (21,22), (20,22), (19,22), (18,22), (17,22), (16,22), (-5,-5), (-5,-5), (-5,-5), (-5,-5)]

Shrinking Run 86
#Info# Executed steps before collision: 10, Found collision: false
Turtle 1 :[(-1,-1), (23,36), (23,35), (23,34), (22,34), (22,34), (22,34), (22,33), (22,32), (-1,-1), (-1,-1)]
Turtle 2 :[(-2,-2), (43,44), (43,43), (43,42), (42,42), (41,42), (40,42), (-2,-2), (-2,-2), (-2,-2), (-2,-2)]
Turtle 3 :[(-3,-3), (44,33), (44,32), (43,32), (43,32), (42,32), (42,31), (41,31), (-3,-3), (-3,-3), (-3,-3)]
Turtle 4 :[(-4,-4), (41,32), (41,32), (42,32), (42,33), (42,34), (42,34), (42,35), (42,35), (42,35), (42,36)]
Turtle 5 :[(-5,-5), (21,22), (20,22), (19,22), (18,22), (17,22), (16,22), (-5,-5), (-5,-5), (-5,-5), (-5,-5)]

Shrinking Run 87
#Info# Executed steps before collision: 10, Found collision: false
Turtle 1 :[(-1,-1), (23,36), (23,35), (23,34), (22,34), (22,34), (22,34), (22,33), (22,32), (-1,-1), (-1,-1)]
Turtle 2 :[(-2,-2), (43,44), (42,44), (41,44), (41,44), (41,43), (41,42), (40,42), (-2,-2), (-2,-2), (-2,-2)]
Turtle 3 :[(-3,-3), (44,33), (44,32), (43,32), (42,32), (41,32), (41,31), (-3,-3), (-3,-3), (-3,-3), (-3,-3)]
Turtle 4 :[(-4,-4), (41,32), (41,32), (42,32), (42,33), (42,34), (42,34), (42,35), (42,35), (42,35), (42,36)]
Turtle 5 :[(-5,-5), (21,22), (20,22), (19,22), (18,22), (17,22), (16,22), (-5,-5), (-5,-5), (-5,-5), (-5,-5)]

Shrinking Run 88
#Info# Executed steps before collision: 10, Found collision: false
Turtle 1 :[(-1,-1), (23,36), (23,35), (23,34), (22,34), (22,34), (22,34), (22,33), (22,32), (-1,-1), (-1,-1)]
Turtle 2 :[(-2,-2), (43,44), (43,43), (43,42), (43,42), (42,42), (42,42), (41,42), (40,42), (-2,-2), (-2,-2)]
Turtle 3 :[(-3,-3), (44,33), (44,32), (43,32), (42,32), (41,32), (41,31), (-3,-3), (-3,-3), (-3,-3), (-3,-3)]
Turtle 4 :[(-4,-4), (41,32), (41,32), (42,32), (42,33), (42,34), (42,34), (42,35), (42,35), (42,35), (42,36)]
Turtle 5 :[(-5,-5), (21,22), (20,22), (19,22), (18,22), (17,22), (16,22), (-5,-5), (-5,-5), (-5,-5), (-5,-5)]

Shrinking Run 89
#Info# Executed steps before collision: 10, Found collision: false
Turtle 1 :[(-1,-1), (23,36), (23,35), (23,34), (22,34), (22,34), (22,34), (22,33), (22,32), (-1,-1), (-1,-1)]
Turtle 2 :[(-2,-2), (43,44), (43,43), (42,43), (42,43), (42,42), (42,42), (41,42), (40,42), (-2,-2), (-2,-2)]
Turtle 3 :[(-3,-3), (44,33), (44,32), (43,32), (43,31), (42,31), (41,31), (-3,-3), (-3,-3), (-3,-3), (-3,-3)]
Turtle 4 :[(-4,-4), (41,32), (41,32), (42,32), (42,33), (42,34), (42,34), (42,35), (42,35), (42,35), (42,36)]
Turtle 5 :[(-5,-5), (21,22), (20,22), (19,22), (18,22), (17,22), (16,22), (-5,-5), (-5,-5), (-5,-5), (-5,-5)]

Shrinking Run 90
#Info# Executed steps before collision: 10, Found collision: false
Turtle 1 :[(-1,-1), (23,36), (23,35), (23,34), (22,34), (22,34), (22,34), (22,33), (22,32), (-1,-1), (-1,-1)]
Turtle 2 :[(-2,-2), (43,44), (42,44), (41,44), (41,44), (41,43), (41,43), (41,42), (40,42), (-2,-2), (-2,-2)]
Turtle 3 :[(-3,-3), (44,33), (44,32), (43,32), (42,32), (41,32), (41,31), (-3,-3), (-3,-3), (-3,-3), (-3,-3)]
Turtle 4 :[(-4,-4), (41,32), (41,32), (42,32), (42,33), (42,34), (42,34), (42,35), (42,35), (42,35), (42,36)]
Turtle 5 :[(-5,-5), (21,22), (20,22), (19,22), (18,22), (17,22), (16,22), (-5,-5), (-5,-5), (-5,-5), (-5,-5)]

Shrinking Run 91
#Info# Executed steps before collision: 10, Found collision: false
Turtle 1 :[(-1,-1), (23,36), (23,35), (23,34), (22,34), (22,34), (22,34), (22,33), (22,32), (-1,-1), (-1,-1)]
Turtle 2 :[(-2,-2), (43,44), (43,44), (43,43), (43,43), (42,43), (41,43), (41,42), (40,42), (-2,-2), (-2,-2)]
Turtle 3 :[(-3,-3), (44,33), (44,32), (43,32), (43,32), (42,32), (42,31), (41,31), (-3,-3), (-3,-3), (-3,-3)]
Turtle 4 :[(-4,-4), (41,32), (41,32), (42,32), (42,33), (42,34), (42,34), (42,35), (42,35), (42,35), (42,36)]
Turtle 5 :[(-5,-5), (21,22), (20,22), (19,22), (18,22), (17,22), (16,22), (-5,-5), (-5,-5), (-5,-5), (-5,-5)]

Shrinking Run 92
#Info# Executed steps before collision: 10, Found collision: false
Turtle 1 :[(-1,-1), (23,36), (23,35), (23,34), (22,34), (22,34), (22,34), (22,33), (22,32), (-1,-1), (-1,-1)]
Turtle 2 :[(-2,-2), (43,44), (43,44), (42,44), (42,43), (42,42), (42,42), (41,42), (40,42), (-2,-2), (-2,-2)]
Turtle 3 :[(-3,-3), (44,33), (44,32), (43,32), (43,32), (42,32), (42,31), (41,31), (-3,-3), (-3,-3), (-3,-3)]
Turtle 4 :[(-4,-4), (41,32), (41,32), (42,32), (42,33), (42,34), (42,34), (42,35), (42,35), (42,35), (42,36)]
Turtle 5 :[(-5,-5), (21,22), (20,22), (19,22), (18,22), (17,22), (16,22), (-5,-5), (-5,-5), (-5,-5), (-5,-5)]

Shrinking Run 93
#Info# Executed steps before collision: 10, Found collision: false
Turtle 1 :[(-1,-1), (23,36), (23,35), (23,34), (22,34), (22,34), (22,34), (22,33), (22,32), (-1,-1), (-1,-1)]
Turtle 2 :[(-2,-2), (43,44), (43,44), (42,44), (41,44), (41,43), (41,43), (41,42), (40,42), (-2,-2), (-2,-2)]
Turtle 3 :[(-3,-3), (44,33), (44,32), (43,32), (43,32), (42,32), (42,31), (41,31), (-3,-3), (-3,-3), (-3,-3)]
Turtle 4 :[(-4,-4), (41,32), (41,32), (42,32), (42,33), (42,34), (42,34), (42,35), (42,35), (42,35), (42,36)]
Turtle 5 :[(-5,-5), (21,22), (20,22), (19,22), (18,22), (17,22), (16,22), (-5,-5), (-5,-5), (-5,-5), (-5,-5)]

Shrinking Run 94
#Info# Executed steps before collision: 4, Found collision: true
Turtle 1 :[(-1,-1), (23,36), (23,35), (23,34), (22,34), (22,34), (22,34), (22,33), (22,32), (-1,-1), (-1,-1), (-1,-1)]
Turtle 2 :[(-2,-2), (43,44), (43,44), (42,44), (42,44), (42,43), (42,42), (41,42), (40,42), (-2,-2), (-2,-2), (-2,-2)]
Turtle 3 :[(-3,-3), (44,33), (44,32), (43,32), (42,32), (42,31), (41,31), (-3,-3), (-3,-3), (-3,-3), (-3,-3), (-3,-3)]
Turtle 4 :[(-4,-4), (41,32), (41,32), (42,32), (42,32), (42,33), (42,34), (42,34), (42,35), (42,35), (42,35), (42,36)]
Turtle 5 :[(-5,-5), (21,22), (20,22), (19,22), (18,22), (17,22), (16,22), (-5,-5), (-5,-5), (-5,-5), (-5,-5), (-5,-5)]

Shrinking Run 95
#Info# Executed steps before collision: 10, Found collision: false
Turtle 1 :[(-1,-1), (23,36), (23,35), (23,34), (22,34), (22,34), (22,34), (22,33), (22,32), (-1,-1), (-1,-1)]
Turtle 2 :[(-2,-2), (43,44), (43,44), (42,44), (42,44), (42,43), (42,42), (41,42), (40,42), (-2,-2), (-2,-2)]
Turtle 3 :[(-3,-3), (44,33), (43,33), (43,32), (43,33), (43,32), (42,32), (42,31), (41,31), (-3,-3), (-3,-3)]
Turtle 4 :[(-4,-4), (41,32), (41,32), (42,32), (42,33), (42,34), (42,34), (42,35), (42,35), (42,35), (42,36)]
Turtle 5 :[(-5,-5), (21,22), (20,22), (19,22), (18,22), (17,22), (16,22), (-5,-5), (-5,-5), (-5,-5), (-5,-5)]

Shrinking Run 96
#Info# Executed steps before collision: 10, Found collision: false
Turtle 1 :[(-1,-1), (23,36), (23,35), (23,34), (22,34), (22,34), (22,34), (22,33), (22,32), (-1,-1), (-1,-1)]
Turtle 2 :[(-2,-2), (43,44), (43,44), (42,44), (42,44), (42,43), (42,42), (41,42), (40,42), (-2,-2), (-2,-2)]
Turtle 3 :[(-3,-3), (44,33), (44,32), (43,32), (44,32), (43,32), (42,32), (41,32), (41,31), (-3,-3), (-3,-3)]
Turtle 4 :[(-4,-4), (41,32), (41,32), (42,32), (42,33), (42,34), (42,34), (42,35), (42,35), (42,35), (42,36)]
Turtle 5 :[(-5,-5), (21,22), (20,22), (19,22), (18,22), (17,22), (16,22), (-5,-5), (-5,-5), (-5,-5), (-5,-5)]

Shrinking Run 97
#Info# Executed steps before collision: 10, Found collision: false
Turtle 1 :[(-1,-1), (23,36), (23,35), (23,34), (22,34), (22,34), (22,34), (22,33), (22,32), (-1,-1), (-1,-1)]
Turtle 2 :[(-2,-2), (43,44), (43,44), (42,44), (42,44), (42,43), (42,42), (41,42), (40,42), (-2,-2), (-2,-2)]
Turtle 3 :[(-3,-3), (44,33), (43,33), (42,33), (41,33), (41,32), (41,31), (-3,-3), (-3,-3), (-3,-3), (-3,-3)]
Turtle 4 :[(-4,-4), (41,32), (41,32), (42,32), (42,33), (42,34), (42,34), (42,35), (42,35), (42,35), (42,36)]
Turtle 5 :[(-5,-5), (21,22), (20,22), (19,22), (18,22), (17,22), (16,22), (-5,-5), (-5,-5), (-5,-5), (-5,-5)]

Shrinking Run 98
#Info# Executed steps before collision: 11, Found collision: false
Turtle 1 :[(-1,-1), (23,36), (23,35), (23,34), (22,34), (22,34), (22,34), (22,33), (22,32), (-1,-1), (-1,-1), (-1,-1)]
Turtle 2 :[(-2,-2), (43,44), (43,44), (42,44), (42,44), (42,43), (42,42), (41,42), (40,42), (-2,-2), (-2,-2), (-2,-2)]
Turtle 3 :[(-3,-3), (44,33), (44,32), (43,32), (42,32), (42,31), (41,31), (-3,-3), (-3,-3), (-3,-3), (-3,-3), (-3,-3)]
Turtle 4 :[(-4,-4), (41,32), (41,32), (41,31), (41,31), (41,30), (41,30), (41,29), (41,28), (41,28), (41,28), (42,28)]
Turtle 5 :[(-5,-5), (21,22), (20,22), (19,22), (18,22), (17,22), (16,22), (-5,-5), (-5,-5), (-5,-5), (-5,-5), (-5,-5)]

Shrinking Run 99
#Info# Executed steps before collision: 9, Found collision: false
Turtle 1 :[(-1,-1), (23,36), (23,35), (23,34), (22,34), (22,34), (22,34), (22,33), (22,32), (-1,-1)]
Turtle 2 :[(-2,-2), (43,44), (43,44), (42,44), (42,44), (42,43), (42,42), (41,42), (40,42), (-2,-2)]
Turtle 3 :[(-3,-3), (44,33), (44,32), (43,32), (42,32), (42,31), (41,31), (-3,-3), (-3,-3), (-3,-3)]
Turtle 4 :[(-4,-4), (41,32), (41,32), (41,32), (40,32), (40,31), (40,30), (41,30), (41,29), (42,29)]
Turtle 5 :[(-5,-5), (21,22), (20,22), (19,22), (18,22), (17,22), (16,22), (-5,-5), (-5,-5), (-5,-5)]

Shrinking Run 100
#Info# Executed steps before collision: 8, Found collision: false
Turtle 1 :[(-1,-1), (23,36), (23,35), (23,34), (22,34), (22,34), (22,34), (22,33), (22,32)]
Turtle 2 :[(-2,-2), (43,44), (43,44), (42,44), (42,44), (42,43), (42,42), (41,42), (40,42)]
Turtle 3 :[(-3,-3), (44,33), (44,32), (43,32), (42,32), (42,31), (41,31), (-3,-3), (-3,-3)]
Turtle 4 :[(-4,-4), (41,32), (42,32), (42,33), (41,33), (41,34), (42,34), (42,35), (42,36)]
Turtle 5 :[(-5,-5), (21,22), (20,22), (19,22), (18,22), (17,22), (16,22), (-5,-5), (-5,-5)]

Shrinking Run 101
#Info# Executed steps before collision: 9, Found collision: false
Turtle 1 :[(-1,-1), (23,36), (23,35), (23,34), (22,34), (22,34), (22,34), (22,33), (22,32), (-1,-1)]
Turtle 2 :[(-2,-2), (43,44), (43,44), (42,44), (42,44), (42,43), (42,42), (41,42), (40,42), (-2,-2)]
Turtle 3 :[(-3,-3), (44,33), (44,32), (43,32), (42,32), (42,31), (41,31), (-3,-3), (-3,-3), (-3,-3)]
Turtle 4 :[(-4,-4), (41,32), (42,32), (42,33), (42,33), (42,34), (42,34), (42,35), (42,35), (42,36)]
Turtle 5 :[(-5,-5), (21,22), (20,22), (19,22), (18,22), (17,22), (16,22), (-5,-5), (-5,-5), (-5,-5)]

Shrinking Run 102
#Info# Executed steps before collision: 10, Found collision: false
Turtle 1 :[(-1,-1), (23,36), (23,35), (23,34), (22,34), (22,34), (22,34), (22,33), (22,32), (-1,-1), (-1,-1)]
Turtle 2 :[(-2,-2), (43,44), (43,44), (42,44), (42,44), (42,43), (42,42), (41,42), (40,42), (-2,-2), (-2,-2)]
Turtle 3 :[(-3,-3), (44,33), (44,32), (43,32), (43,32), (43,32), (42,32), (42,31), (41,31), (-3,-3), (-3,-3)]
Turtle 4 :[(-4,-4), (41,32), (42,32), (42,32), (42,32), (42,33), (42,33), (42,34), (42,35), (42,35), (42,36)]
Turtle 5 :[(-5,-5), (21,22), (20,22), (19,22), (18,22), (17,22), (16,22), (-5,-5), (-5,-5), (-5,-5), (-5,-5)]

Shrinking Run 103
#Info# Executed steps before collision: 10, Found collision: false
Turtle 1 :[(-1,-1), (23,36), (23,35), (23,34), (22,34), (22,34), (22,34), (22,33), (22,32), (-1,-1), (-1,-1)]
Turtle 2 :[(-2,-2), (43,44), (43,44), (42,44), (42,44), (42,43), (42,42), (41,42), (40,42), (-2,-2), (-2,-2)]
Turtle 3 :[(-3,-3), (44,33), (44,32), (43,32), (43,32), (42,32), (42,31), (41,31), (-3,-3), (-3,-3), (-3,-3)]
Turtle 4 :[(-4,-4), (41,32), (41,32), (42,32), (42,33), (42,34), (42,35), (42,35), (42,35), (42,35), (42,36)]
Turtle 5 :[(-5,-5), (21,22), (20,22), (19,22), (18,22), (17,22), (16,22), (-5,-5), (-5,-5), (-5,-5), (-5,-5)]

Shrinking Run 104
#Info# Executed steps before collision: 10, Found collision: false
Turtle 1 :[(-1,-1), (23,36), (23,35), (23,34), (22,34), (22,34), (22,34), (22,33), (22,32), (-1,-1), (-1,-1)]
Turtle 2 :[(-2,-2), (43,44), (43,44), (42,44), (42,44), (42,43), (42,42), (41,42), (40,42), (-2,-2), (-2,-2)]
Turtle 3 :[(-3,-3), (44,33), (44,32), (43,32), (43,31), (42,31), (41,31), (-3,-3), (-3,-3), (-3,-3), (-3,-3)]
Turtle 4 :[(-4,-4), (41,32), (41,32), (42,32), (42,33), (42,34), (42,34), (42,35), (42,35), (42,35), (42,36)]
Turtle 5 :[(-5,-5), (21,22), (20,22), (19,22), (19,21), (18,21), (17,21), (-5,-5), (-5,-5), (-5,-5), (-5,-5)]

Shrinking Run 105
#Info# Executed steps before collision: 10, Found collision: false
Turtle 1 :[(-1,-1), (23,36), (23,35), (23,35), (23,34), (23,34), (22,34), (21,34), (20,34), (-1,-1), (-1,-1)]
Turtle 2 :[(-2,-2), (43,44), (43,44), (42,44), (42,44), (42,43), (42,42), (41,42), (40,42), (-2,-2), (-2,-2)]
Turtle 3 :[(-3,-3), (44,33), (44,32), (43,32), (44,32), (43,32), (42,32), (42,31), (41,31), (-3,-3), (-3,-3)]
Turtle 4 :[(-4,-4), (41,32), (41,32), (42,32), (42,33), (42,34), (42,34), (42,35), (42,35), (42,35), (42,36)]
Turtle 5 :[(-5,-5), (21,22), (20,22), (19,22), (18,22), (17,22), (16,22), (-5,-5), (-5,-5), (-5,-5), (-5,-5)]

Shrinking Run 106
#Info# Executed steps before collision: 10, Found collision: false
Turtle 1 :[(-1,-1), (23,36), (23,35), (23,35), (23,34), (23,34), (22,34), (21,34), (21,33), (-1,-1), (-1,-1)]
Turtle 2 :[(-2,-2), (43,44), (43,44), (42,44), (42,44), (42,43), (42,42), (41,42), (40,42), (-2,-2), (-2,-2)]
Turtle 3 :[(-3,-3), (44,33), (44,32), (43,32), (44,32), (44,31), (43,31), (42,31), (41,31), (-3,-3), (-3,-3)]
Turtle 4 :[(-4,-4), (41,32), (41,32), (42,32), (42,33), (42,34), (42,34), (42,35), (42,35), (42,35), (42,36)]
Turtle 5 :[(-5,-5), (21,22), (20,22), (19,22), (18,22), (17,22), (16,22), (-5,-5), (-5,-5), (-5,-5), (-5,-5)]

Shrinking Run 107
#Info# Executed steps before collision: 8, Found collision: false
Turtle 1 :[(-1,-1), (23,36), (23,35), (23,35), (23,34), (23,34), (23,33), (22,33), (22,32)]
Turtle 2 :[(-2,-2), (43,44), (43,44), (42,44), (42,44), (42,43), (42,42), (41,42), (40,42)]
Turtle 3 :[(-3,-3), (44,33), (44,32), (43,32), (43,33), (43,32), (42,32), (41,32), (41,31)]
Turtle 4 :[(-4,-4), (41,32), (41,32), (42,32), (42,33), (42,34), (42,35), (42,36), (-4,-4)]
Turtle 5 :[(-5,-5), (21,22), (20,22), (19,22), (18,22), (17,22), (16,22), (-5,-5), (-5,-5)]

Shrinking Run 108
#Info# Executed steps before collision: 10, Found collision: false
Turtle 1 :[(-1,-1), (23,36), (22,36), (22,36), (22,35), (22,35), (22,34), (22,33), (22,32), (-1,-1), (-1,-1)]
Turtle 2 :[(-2,-2), (43,44), (43,44), (42,44), (42,44), (42,43), (42,42), (41,42), (40,42), (-2,-2), (-2,-2)]
Turtle 3 :[(-3,-3), (44,33), (44,32), (43,32), (43,32), (42,32), (42,31), (41,31), (-3,-3), (-3,-3), (-3,-3)]
Turtle 4 :[(-4,-4), (41,32), (41,32), (42,32), (42,33), (42,34), (42,34), (42,35), (42,35), (42,35), (42,36)]
Turtle 5 :[(-5,-5), (21,22), (20,22), (19,22), (18,22), (17,22), (16,22), (-5,-5), (-5,-5), (-5,-5), (-5,-5)]

Shrinking Run 109
#Info# Executed steps before collision: 8, Found collision: false
Turtle 1 :[(-1,-1), (23,36), (23,35), (23,35), (22,35), (22,35), (22,34), (22,33), (22,32)]
Turtle 2 :[(-2,-2), (43,44), (43,44), (42,44), (42,44), (42,43), (42,42), (41,42), (40,42)]
Turtle 3 :[(-3,-3), (44,33), (44,32), (43,32), (42,32), (41,32), (41,31), (-3,-3), (-3,-3)]
Turtle 4 :[(-4,-4), (41,32), (41,32), (42,32), (42,33), (42,34), (42,35), (42,36), (-4,-4)]
Turtle 5 :[(-5,-5), (21,22), (20,22), (19,22), (18,22), (17,22), (16,22), (-5,-5), (-5,-5)]

Shrinking Run 110
#Info# Executed steps before collision: 10, Found collision: false
Turtle 1 :[(-1,-1), (23,36), (23,35), (22,35), (22,34), (22,33), (22,32), (-1,-1), (-1,-1), (-1,-1), (-1,-1)]
Turtle 2 :[(-2,-2), (43,44), (43,44), (42,44), (42,44), (42,43), (42,42), (41,42), (40,42), (-2,-2), (-2,-2)]
Turtle 3 :[(-3,-3), (44,33), (44,32), (43,32), (42,32), (41,32), (41,31), (-3,-3), (-3,-3), (-3,-3), (-3,-3)]
Turtle 4 :[(-4,-4), (41,32), (41,32), (42,32), (42,33), (42,34), (42,34), (42,35), (42,35), (42,35), (42,36)]
Turtle 5 :[(-5,-5), (21,22), (20,22), (19,22), (18,22), (17,22), (16,22), (-5,-5), (-5,-5), (-5,-5), (-5,-5)]

Shrinking Run 111
#Info# Executed steps before collision: 10, Found collision: false
Turtle 1 :[(-1,-1), (23,36), (23,35), (23,35), (23,34), (22,34), (22,33), (22,32), (-1,-1), (-1,-1), (-1,-1)]
Turtle 2 :[(-2,-2), (43,44), (43,44), (42,44), (42,44), (42,43), (42,42), (41,42), (40,42), (-2,-2), (-2,-2)]
Turtle 3 :[(-3,-3), (44,33), (44,32), (43,32), (42,32), (41,32), (41,31), (-3,-3), (-3,-3), (-3,-3), (-3,-3)]
Turtle 4 :[(-4,-4), (41,32), (41,32), (42,32), (42,33), (42,34), (42,34), (42,35), (42,35), (42,35), (42,36)]
Turtle 5 :[(-5,-5), (21,22), (20,22), (19,22), (18,22), (17,22), (16,22), (-5,-5), (-5,-5), (-5,-5), (-5,-5)]

Shrinking Run 112
#Info# Executed steps before collision: 10, Found collision: false
Turtle 1 :[(-1,-1), (23,36), (23,35), (23,34), (23,33), (23,33), (23,33), (22,33), (22,32), (-1,-1), (-1,-1)]
Turtle 2 :[(-2,-2), (43,44), (43,44), (42,44), (42,44), (42,43), (42,42), (41,42), (40,42), (-2,-2), (-2,-2)]
Turtle 3 :[(-3,-3), (44,33), (44,32), (43,32), (42,32), (42,31), (41,31), (-3,-3), (-3,-3), (-3,-3), (-3,-3)]
Turtle 4 :[(-4,-4), (41,32), (41,32), (42,32), (42,33), (42,34), (42,34), (42,35), (42,35), (42,35), (42,36)]
Turtle 5 :[(-5,-5), (21,22), (20,22), (19,22), (18,22), (17,22), (16,22), (-5,-5), (-5,-5), (-5,-5), (-5,-5)]

Shrinking Run 113
#Info# Executed steps before collision: 10, Found collision: false
Turtle 1 :[(-1,-1), (23,36), (23,35), (23,34), (22,34), (22,33), (22,33), (22,33), (22,32), (-1,-1), (-1,-1)]
Turtle 2 :[(-2,-2), (43,44), (43,44), (42,44), (42,44), (42,43), (42,42), (41,42), (40,42), (-2,-2), (-2,-2)]
Turtle 3 :[(-3,-3), (44,33), (44,32), (43,32), (44,32), (43,32), (42,32), (42,31), (41,31), (-3,-3), (-3,-3)]
Turtle 4 :[(-4,-4), (41,32), (41,32), (42,32), (42,33), (42,34), (42,34), (42,35), (42,35), (42,35), (42,36)]
Turtle 5 :[(-5,-5), (21,22), (20,22), (19,22), (18,22), (17,22), (16,22), (-5,-5), (-5,-5), (-5,-5), (-5,-5)]

Shrink Run 114
#Info# Executed steps before collision: 10, Found collision: false
Turtle 1 :[(-1,-1), (23,36), (23,35), (23,34), (22,34), (22,34), (22,33), (22,33), (22,32), (-1,-1), (-1,-1)]
Turtle 2 :[(-2,-2), (43,44), (43,44), (42,44), (42,44), (42,43), (42,42), (41,42), (40,42), (-2,-2), (-2,-2)]
Turtle 3 :[(-3,-3), (44,33), (44,32), (43,32), (44,32), (43,32), (42,32), (41,32), (41,31), (-3,-3), (-3,-3)]
Turtle 4 :[(-4,-4), (41,32), (41,32), (42,32), (42,33), (42,34), (42,34), (42,35), (42,35), (42,35), (42,36)]
Turtle 5 :[(-5,-5), (21,22), (20,22), (19,22), (18,22), (17,22), (16,22), (-5,-5), (-5,-5), (-5,-5), (-5,-5)]

