Shrinking Run 1
#Info# Executed steps before collision: 9, Found collision: false
Turtle 1 :[(-1,-1), (1,10), (1,9), (1,8), (1,7), (1,6), (0,6), (-1,-1), (-1,-1), (-1,-1)]
Turtle 2 :[(-2,-2), (8,9), (8,9), (8,8), (8,7), (8,8), (8,7), (8,7), (8,6), (-2,-2)]
Turtle 3 :[(-3,-3), (0,1), (1,1), (2,1), (3,1), (3,1), (4,1), (5,1), (-3,-3), (-3,-3)]
Turtle 4 :[(-4,-4), (4,0), (5,0), (5,0), (6,0), (5,0), (6,0), (-4,-4), (-4,-4), (-4,-4)]
Turtle 5 :[(-5,-5), (-5,-5), (-5,-5), (4,0), (4,1), (4,0), (5,0), (6,0), (7,0), (8,0)]

Shrinking Run 2
#Info# Executed steps before collision: 12, Found collision: false
Turtle 1 :[(-1,-1), (1,10), (1,9), (1,8), (1,7), (0,7), (-1,-1), (-1,-1), (-1,-1), (-1,-1), (-1,-1), (-1,-1), (-1,-1)]
Turtle 2 :[(-2,-2), (8,9), (8,9), (8,8), (8,7), (8,8), (8,7), (8,7), (8,6), (-2,-2), (-2,-2), (-2,-2), (-2,-2)]
Turtle 3 :[(-3,-3), (0,1), (1,1), (2,1), (3,1), (4,1), (5,1), (-3,-3), (-3,-3), (-3,-3), (-3,-3), (-3,-3), (-3,-3)]
Turtle 4 :[(-4,-4), (4,0), (5,0), (5,0), (6,0), (5,0), (6,0), (-4,-4), (-4,-4), (-4,-4), (-4,-4), (-4,-4), (-4,-4)]
Turtle 5 :[(-5,-5), (-5,-5), (-5,-5), (4,0), (3,0), (3,0), (4,0), (3,0), (4,0), (5,0), (6,0), (7,0), (8,0)]

Shrinking Run 3
#Info# Executed steps before collision: 7, Found collision: true
Turtle 1 :[(-1,-1), (1,10), (2,10), (2,11), (1,11), (0,11), (-1,-1), (-1,-1), (-1,-1)]
Turtle 2 :[(-2,-2), (8,9), (8,9), (8,8), (8,7), (8,8), (8,7), (8,7), (8,6)]
Turtle 3 :[(-3,-3), (0,1), (1,1), (2,1), (3,1), (4,1), (5,1), (-3,-3), (-3,-3)]
Turtle 4 :[(-4,-4), (4,0), (5,0), (5,0), (6,0), (7,0), (7,1), (7,0), (6,0)]
Turtle 5 :[(-5,-5), (-5,-5), (-5,-5), (4,0), (5,0), (6,0), (6,0), (7,0), (8,0)]

Shrinking Run 4
#Info# Executed steps before collision: 5, Found collision: true
Turtle 1 :[(-1,-1), (1,10), (2,10), (2,9), (1,9), (0,9), (-1,-1), (-1,-1), (-1,-1)]
Turtle 2 :[(-2,-2), (8,9), (8,9), (8,8), (8,7), (8,8), (8,7), (8,7), (8,6)]
Turtle 3 :[(-3,-3), (0,1), (1,1), (2,1), (3,1), (4,1), (5,1), (-3,-3), (-3,-3)]
Turtle 4 :[(-4,-4), (4,0), (5,0), (5,0), (6,0), (6,0), (5,0), (6,0), (-4,-4)]
Turtle 5 :[(-5,-5), (-5,-5), (-5,-5), (4,0), (5,0), (6,0), (7,0), (8,0), (-5,-5)]

Shrinking Run 5
#Info# Executed steps before collision: 5, Found collision: true
Turtle 1 :[(-1,-1), (1,10), (1,9), (1,8), (2,8), (1,8), (0,8), (-1,-1), (-1,-1), (-1,-1), (-1,-1), (-1,-1), (-1,-1)]
Turtle 2 :[(-2,-2), (8,9), (8,9), (8,8), (8,7), (8,8), (8,7), (8,7), (8,6), (-2,-2), (-2,-2), (-2,-2), (-2,-2)]
Turtle 3 :[(-3,-3), (0,1), (1,1), (2,1), (3,1), (4,1), (5,1), (-3,-3), (-3,-3), (-3,-3), (-3,-3), (-3,-3), (-3,-3)]
Turtle 4 :[(-4,-4), (4,0), (5,0), (5,0), (6,0), (5,0), (6,0), (-4,-4), (-4,-4), (-4,-4), (-4,-4), (-4,-4), (-4,-4)]
Turtle 5 :[(-5,-5), (-5,-5), (-5,-5), (4,0), (4,0), (5,0), (4,0), (4,1), (5,1), (5,0), (6,0), (7,0), (8,0)]

Shrinking Run 6
#Info# Executed steps before collision: 5, Found collision: true
Turtle 1 :[(-1,-1), (1,10), (1,9), (0,9), (1,9), (0,9), (0,8), (-1,-1), (-1,-1)]
Turtle 2 :[(-2,-2), (8,9), (8,9), (8,8), (8,7), (8,8), (8,7), (8,7), (8,6)]
Turtle 3 :[(-3,-3), (0,1), (1,1), (2,1), (3,1), (4,1), (5,1), (-3,-3), (-3,-3)]
Turtle 4 :[(-4,-4), (4,0), (5,0), (5,0), (6,0), (6,0), (5,0), (6,0), (-4,-4)]
Turtle 5 :[(-5,-5), (-5,-5), (-5,-5), (4,0), (5,0), (6,0), (7,0), (8,0), (-5,-5)]

Shrinking Run 7
#Info# Executed steps before collision: 9, Found collision: false
Turtle 1 :[(-1,-1), (1,10), (0,10), (0,9), (0,8), (-1,-1), (-1,-1), (-1,-1), (-1,-1), (-1,-1)]
Turtle 2 :[(-2,-2), (8,9), (8,9), (8,8), (8,7), (8,8), (8,7), (8,7), (8,6), (-2,-2)]
Turtle 3 :[(-3,-3), (0,1), (1,1), (2,1), (3,1), (3,2), (4,2), (5,2), (5,1), (-3,-3)]
Turtle 4 :[(-4,-4), (4,0), (5,0), (5,0), (6,0), (5,0), (6,0), (-4,-4), (-4,-4), (-4,-4)]
Turtle 5 :[(-5,-5), (-5,-5), (-5,-5), (4,0), (4,1), (5,1), (6,1), (7,1), (7,0), (8,0)]

Shrinking Run 8
#Info# Executed steps before collision: 10, Found collision: false
Turtle 1 :[(-1,-1), (1,10), (0,10), (0,9), (1,9), (0,9), (0,8), (-1,-1), (-1,-1), (-1,-1), (-1,-1)]
Turtle 2 :[(-2,-2), (8,9), (8,9), (8,8), (8,7), (8,8), (8,7), (8,7), (8,6), (-2,-2), (-2,-2)]
Turtle 3 :[(-3,-3), (0,1), (1,1), (2,1), (3,1), (4,1), (5,1), (-3,-3), (-3,-3), (-3,-3), (-3,-3)]
Turtle 4 :[(-4,-4), (4,0), (5,0), (5,0), (6,0), (7,0), (7,1), (6,1), (6,2), (6,1), (6,0)]
Turtle 5 :[(-5,-5), (-5,-5), (-5,-5), (4,0), (5,0), (6,0), (5,0), (6,0), (7,0), (8,0), (-5,-5)]

Shrinking Run 9
#Info# Executed steps before collision: 5, Found collision: true
Turtle 1 :[(-1,-1), (1,10), (1,9), (0,9), (1,9), (0,9), (0,8), (-1,-1), (-1,-1)]
Turtle 2 :[(-2,-2), (8,9), (7,9), (7,9), (6,9), (6,9), (5,9), (4,9), (3,9)]
Turtle 3 :[(-3,-3), (0,1), (1,1), (2,1), (3,1), (4,1), (5,1), (-3,-3), (-3,-3)]
Turtle 4 :[(-4,-4), (4,0), (5,0), (5,0), (6,0), (6,0), (5,0), (6,0), (-4,-4)]
Turtle 5 :[(-5,-5), (-5,-5), (-5,-5), (4,0), (5,0), (6,0), (7,0), (8,0), (-5,-5)]

Shrinking Run 10
#Info# Executed steps before collision: 7, Found collision: true
Turtle 1 :[(-1,-1), (1,10), (1,9), (0,9), (1,9), (0,9), (0,8), (-1,-1), (-1,-1), (-1,-1), (-1,-1), (-1,-1), (-1,-1)]
Turtle 2 :[(-2,-2), (8,9), (8,8), (8,8), (7,8), (7,8), (6,8), (5,8), (4,8), (-2,-2), (-2,-2), (-2,-2), (-2,-2)]
Turtle 3 :[(-3,-3), (0,1), (1,1), (2,1), (3,1), (4,1), (3,1), (4,1), (5,1), (-3,-3), (-3,-3), (-3,-3), (-3,-3)]
Turtle 4 :[(-4,-4), (4,0), (5,0), (5,0), (6,0), (5,0), (6,0), (-4,-4), (-4,-4), (-4,-4), (-4,-4), (-4,-4), (-4,-4)]
Turtle 5 :[(-5,-5), (-5,-5), (-5,-5), (4,0), (5,0), (4,0), (4,0), (4,1), (4,0), (5,0), (6,0), (7,0), (8,0)]

Shrinking Run 11
#Info# Executed steps before collision: 9, Found collision: false
Turtle 1 :[(-1,-1), (1,10), (1,9), (0,9), (1,9), (0,9), (0,8), (-1,-1), (-1,-1), (-1,-1)]
Turtle 2 :[(-2,-2), (8,9), (7,9), (7,9), (6,9), (6,9), (5,9), (4,9), (4,8), (-2,-2)]
Turtle 3 :[(-3,-3), (0,1), (1,1), (2,1), (3,1), (4,1), (5,1), (-3,-3), (-3,-3), (-3,-3)]
Turtle 4 :[(-4,-4), (4,0), (5,0), (5,0), (6,0), (5,0), (6,0), (-4,-4), (-4,-4), (-4,-4)]
Turtle 5 :[(-5,-5), (-5,-5), (-5,-5), (4,0), (5,0), (4,0), (5,0), (6,0), (7,0), (8,0)]

Shrinking Run 12
#Info# Executed steps before collision: 6, Found collision: true
Turtle 1 :[(-1,-1), (1,10), (1,9), (0,9), (1,9), (0,9), (0,8), (-1,-1), (-1,-1), (-1,-1), (-1,-1)]
Turtle 2 :[(-2,-2), (8,9), (7,9), (6,9), (5,9), (5,8), (4,8), (-2,-2), (-2,-2), (-2,-2), (-2,-2)]
Turtle 3 :[(-3,-3), (0,1), (1,1), (2,1), (3,1), (4,1), (5,1), (-3,-3), (-3,-3), (-3,-3), (-3,-3)]
Turtle 4 :[(-4,-4), (4,0), (5,0), (5,0), (6,0), (6,1), (6,0), (-4,-4), (-4,-4), (-4,-4), (-4,-4)]
Turtle 5 :[(-5,-5), (-5,-5), (-5,-5), (4,0), (5,0), (5,0), (5,1), (6,1), (7,1), (7,0), (8,0)]

Shrinking Run 13
#Info# Executed steps before collision: 8, Found collision: false
Turtle 1 :[(-1,-1), (1,10), (1,9), (0,9), (1,9), (0,9), (0,8), (-1,-1), (-1,-1)]
Turtle 2 :[(-2,-2), (8,9), (7,9), (6,9), (6,8), (5,8), (4,8), (-2,-2), (-2,-2)]
Turtle 3 :[(-3,-3), (0,1), (1,1), (2,1), (3,1), (4,1), (4,1), (5,1), (-3,-3)]
Turtle 4 :[(-4,-4), (4,0), (5,0), (5,0), (6,0), (5,0), (5,1), (5,0), (6,0)]
Turtle 5 :[(-5,-5), (-5,-5), (-5,-5), (4,0), (5,0), (6,0), (7,0), (8,0), (-5,-5)]

Shrinking Run 14
#Info# Executed steps before collision: 7, Found collision: false
Turtle 1 :[(-1,-1), (1,10), (1,9), (0,9), (1,9), (0,9), (0,8), (-1,-1)]
Turtle 2 :[(-2,-2), (8,9), (7,9), (7,8), (6,8), (5,8), (4,8), (-2,-2)]
Turtle 3 :[(-3,-3), (0,1), (1,1), (2,1), (3,1), (4,1), (5,1), (-3,-3)]
Turtle 4 :[(-4,-4), (4,0), (5,0), (5,0), (6,0), (5,0), (5,0), (6,0)]
Turtle 5 :[(-5,-5), (-5,-5), (-5,-5), (4,0), (5,0), (6,0), (7,0), (8,0)]

Shrinking Run 15
#Info# Executed steps before collision: 7, Found collision: true
Turtle 1 :[(-1,-1), (1,10), (1,9), (0,9), (1,9), (0,9), (0,8), (-1,-1), (-1,-1), (-1,-1)]
Turtle 2 :[(-2,-2), (8,9), (7,9), (6,9), (5,9), (5,8), (4,8), (-2,-2), (-2,-2), (-2,-2)]
Turtle 3 :[(-3,-3), (0,1), (0,1), (1,1), (1,0), (-3,-3), (-3,-3), (-3,-3), (-3,-3), (-3,-3)]
Turtle 4 :[(-4,-4), (4,0), (5,0), (5,0), (6,0), (7,0), (7,1), (7,1), (6,1), (6,0)]
Turtle 5 :[(-5,-5), (-5,-5), (-5,-5), (4,0), (5,0), (6,0), (6,1), (7,1), (7,0), (8,0)]

Shrinking Run 16
#Info# Executed steps before collision: 8, Found collision: false
Turtle 1 :[(-1,-1), (1,10), (1,9), (0,9), (1,9), (0,9), (0,8), (-1,-1), (-1,-1)]
Turtle 2 :[(-2,-2), (8,9), (7,9), (6,9), (5,9), (5,8), (4,8), (-2,-2), (-2,-2)]
Turtle 3 :[(-3,-3), (0,1), (0,0), (-3,-3), (-3,-3), (-3,-3), (-3,-3), (-3,-3), (-3,-3)]
Turtle 4 :[(-4,-4), (4,0), (5,0), (5,0), (6,0), (5,0), (4,0), (5,0), (6,0)]
Turtle 5 :[(-5,-5), (-5,-5), (-5,-5), (4,0), (5,0), (6,0), (7,0), (8,0), (-5,-5)]

Shrinking Run 17
#Info# Executed steps before collision: 8, Found collision: false
Turtle 1 :[(-1,-1), (1,10), (1,9), (0,9), (1,9), (0,9), (0,8), (-1,-1), (-1,-1)]
Turtle 2 :[(-2,-2), (8,9), (7,9), (6,9), (5,9), (5,8), (4,8), (-2,-2), (-2,-2)]
Turtle 3 :[(-3,-3), (0,1), (1,1), (0,1), (0,0), (-3,-3), (-3,-3), (-3,-3), (-3,-3)]
Turtle 4 :[(-4,-4), (4,0), (5,0), (5,0), (6,0), (6,1), (5,1), (5,0), (6,0)]
Turtle 5 :[(-5,-5), (-5,-5), (-5,-5), (4,0), (5,0), (6,0), (7,0), (8,0), (-5,-5)]

Shrinking Run 18
#Info# Executed steps before collision: 7, Found collision: false
Turtle 1 :[(-1,-1), (1,10), (1,9), (0,9), (1,9), (0,9), (0,8), (-1,-1)]
Turtle 2 :[(-2,-2), (8,9), (7,9), (6,9), (5,9), (5,8), (4,8), (-2,-2)]
Turtle 3 :[(-3,-3), (0,1), (0,1), (1,1), (1,0), (-3,-3), (-3,-3), (-3,-3)]
Turtle 4 :[(-4,-4), (4,0), (3,0), (2,0), (2,1), (1,1), (0,1), (0,0)]
Turtle 5 :[(-5,-5), (-5,-5), (-5,-5), (4,0), (5,0), (6,0), (7,0), (8,0)]

Shrinking Run 19
#Info# Executed steps before collision: 10, Found collision: false
Turtle 1 :[(-1,-1), (1,10), (1,9), (0,9), (1,9), (0,9), (0,8), (-1,-1), (-1,-1), (-1,-1), (-1,-1)]
Turtle 2 :[(-2,-2), (8,9), (7,9), (6,9), (5,9), (5,8), (4,8), (-2,-2), (-2,-2), (-2,-2), (-2,-2)]
Turtle 3 :[(-3,-3), (0,1), (0,1), (1,1), (1,0), (-3,-3), (-3,-3), (-3,-3), (-3,-3), (-3,-3), (-3,-3)]
Turtle 4 :[(-4,-4), (4,0), (5,0), (4,0), (4,0), (3,0), (2,0), (1,0), (-4,-4), (-4,-4), (-4,-4)]
Turtle 5 :[(-5,-5), (-5,-5), (-5,-5), (-5,-5), (-5,-5), (-5,-5), (4,0), (5,0), (6,0), (7,0), (8,0)]

Shrinking Run 20
#Info# Executed steps before collision: 7, Found collision: false
Turtle 1 :[(-1,-1), (1,10), (1,9), (0,9), (1,9), (0,9), (0,8), (-1,-1)]
Turtle 2 :[(-2,-2), (8,9), (7,9), (6,9), (5,9), (5,8), (4,8), (-2,-2)]
Turtle 3 :[(-3,-3), (0,1), (0,1), (1,1), (1,0), (-3,-3), (-3,-3), (-3,-3)]
Turtle 4 :[(-4,-4), (4,0), (3,0), (3,0), (2,0), (3,0), (4,0), (5,0)]
Turtle 5 :[(-5,-5), (-5,-5), (-5,-5), (4,0), (5,0), (6,0), (7,0), (8,0)]

Shrinking Run 21
#Info# Executed steps before collision: 8, Found collision: false
Turtle 1 :[(-1,-1), (1,10), (1,9), (0,9), (1,9), (0,9), (0,8), (-1,-1), (-1,-1)]
Turtle 2 :[(-2,-2), (8,9), (7,9), (6,9), (5,9), (5,8), (4,8), (-2,-2), (-2,-2)]
Turtle 3 :[(-3,-3), (0,1), (0,1), (1,1), (1,0), (-3,-3), (-3,-3), (-3,-3), (-3,-3)]
Turtle 4 :[(-4,-4), (4,0), (4,0), (5,0), (6,0), (-4,-4), (-4,-4), (-4,-4), (-4,-4)]
Turtle 5 :[(-5,-5), (-5,-5), (-5,-5), (-5,-5), (4,0), (5,0), (6,0), (7,0), (8,0)]

Shrinking Run 22
#Info# Executed steps before collision: 9, Found collision: false
Turtle 1 :[(-1,-1), (1,10), (1,9), (0,9), (1,9), (0,9), (0,8), (-1,-1), (-1,-1), (-1,-1)]
Turtle 2 :[(-2,-2), (8,9), (7,9), (6,9), (5,9), (5,8), (4,8), (-2,-2), (-2,-2), (-2,-2)]
Turtle 3 :[(-3,-3), (0,1), (0,1), (1,1), (1,0), (-3,-3), (-3,-3), (-3,-3), (-3,-3), (-3,-3)]
Turtle 4 :[(-4,-4), (4,0), (3,0), (4,0), (5,0), (6,0), (-4,-4), (-4,-4), (-4,-4), (-4,-4)]
Turtle 5 :[(-5,-5), (-5,-5), (-5,-5), (-5,-5), (-5,-5), (4,0), (5,0), (6,0), (7,0), (8,0)]

Shrinking Run 23
#Info# Executed steps before collision: 5, Found collision: true
Turtle 1 :[(-1,-1), (1,10), (1,9), (0,9), (1,9), (0,9), (0,8), (-1,-1)]
Turtle 2 :[(-2,-2), (8,9), (7,9), (6,9), (5,9), (5,8), (4,8), (-2,-2)]
Turtle 3 :[(-3,-3), (0,1), (0,1), (1,1), (1,0), (-3,-3), (-3,-3), (-3,-3)]
Turtle 4 :[(-4,-4), (4,0), (5,0), (6,0), (6,0), (6,0), (5,0), (6,0)]
Turtle 5 :[(-5,-5), (-5,-5), (-5,-5), (4,0), (5,0), (6,0), (7,0), (8,0)]

Shrinking Run 24
#Info# Executed steps before collision: 7, Found collision: false
Turtle 1 :[(-1,-1), (1,10), (1,9), (0,9), (1,9), (0,9), (0,8), (-1,-1)]
Turtle 2 :[(-2,-2), (8,9), (7,9), (6,9), (5,9), (5,8), (4,8), (-2,-2)]
Turtle 3 :[(-3,-3), (0,1), (0,1), (1,1), (1,0), (-3,-3), (-3,-3), (-3,-3)]
Turtle 4 :[(-4,-4), (4,0), (5,0), (5,0), (6,0), (5,0), (6,0), (-4,-4)]
Turtle 5 :[(-5,-5), (-5,-5), (-5,-5), (4,0), (3,0), (2,0), (1,0), (0,0)]

Shrinking Run 25
#Info# Executed steps before collision: 8, Found collision: false
Turtle 1 :[(-1,-1), (1,10), (1,9), (0,9), (1,9), (0,9), (0,8), (-1,-1), (-1,-1)]
Turtle 2 :[(-2,-2), (8,9), (7,9), (6,9), (5,9), (5,8), (4,8), (-2,-2), (-2,-2)]
Turtle 3 :[(-3,-3), (0,1), (0,1), (1,1), (1,0), (-3,-3), (-3,-3), (-3,-3), (-3,-3)]
Turtle 4 :[(-4,-4), (4,0), (5,0), (5,0), (6,0), (5,0), (6,0), (-4,-4), (-4,-4)]
Turtle 5 :[(-5,-5), (-5,-5), (-5,-5), (4,0), (3,0), (3,1), (2,1), (1,1), (1,0)]

Shrinking Run 26
#Info# Executed steps before collision: 8, Found collision: false
Turtle 1 :[(-1,-1), (1,10), (1,9), (0,9), (1,9), (0,9), (0,8), (-1,-1), (-1,-1)]
Turtle 2 :[(-2,-2), (8,9), (7,9), (6,9), (5,9), (5,8), (4,8), (-2,-2), (-2,-2)]
Turtle 3 :[(-3,-3), (0,1), (0,1), (1,1), (1,0), (-3,-3), (-3,-3), (-3,-3), (-3,-3)]
Turtle 4 :[(-4,-4), (4,0), (5,0), (5,0), (6,0), (5,0), (6,0), (-4,-4), (-4,-4)]
Turtle 5 :[(-5,-5), (-5,-5), (-5,-5), (4,0), (3,0), (4,0), (3,0), (4,0), (5,0)]

Shrinking Run 27
#Info# Executed steps before collision: 10, Found collision: false
Turtle 1 :[(-1,-1), (1,10), (1,9), (0,9), (1,9), (0,9), (0,8), (-1,-1), (-1,-1), (-1,-1), (-1,-1)]
Turtle 2 :[(-2,-2), (8,9), (7,9), (6,9), (5,9), (5,8), (4,8), (-2,-2), (-2,-2), (-2,-2), (-2,-2)]
Turtle 3 :[(-3,-3), (0,1), (0,1), (1,1), (1,0), (-3,-3), (-3,-3), (-3,-3), (-3,-3), (-3,-3), (-3,-3)]
Turtle 4 :[(-4,-4), (4,0), (5,0), (5,0), (6,0), (5,0), (6,0), (-4,-4), (-4,-4), (-4,-4), (-4,-4)]
Turtle 5 :[(-5,-5), (-5,-5), (-5,-5), (4,0), (3,0), (4,0), (4,1), (5,1), (6,1), (6,0), (7,0)]

Shrinking Run 28
#Info# Executed steps before collision: 7, Found collision: true
Turtle 1 :[(-1,-1), (1,10), (1,9), (1,8), (1,7), (1,6), (0,6), (-1,-1), (-1,-1), (-1,-1), (-1,-1)]
Turtle 2 :[(-2,-2), (8,9), (7,9), (6,9), (5,9), (5,8), (4,8), (-2,-2), (-2,-2), (-2,-2), (-2,-2)]
Turtle 3 :[(-3,-3), (0,1), (0,1), (1,1), (1,0), (-3,-3), (-3,-3), (-3,-3), (-3,-3), (-3,-3), (-3,-3)]
Turtle 4 :[(-4,-4), (4,0), (5,0), (5,0), (6,0), (7,0), (7,1), (7,0), (6,0), (-4,-4), (-4,-4)]
Turtle 5 :[(-5,-5), (-5,-5), (-5,-5), (4,0), (5,0), (6,0), (6,0), (7,0), (7,1), (7,0), (8,0)]

Shrinking Run 29
#Info# Executed steps before collision: 9, Found collision: false
Turtle 1 :[(-1,-1), (1,10), (1,9), (0,9), (0,8), (0,7), (0,6), (-1,-1), (-1,-1), (-1,-1)]
Turtle 2 :[(-2,-2), (8,9), (7,9), (6,9), (5,9), (5,8), (4,8), (-2,-2), (-2,-2), (-2,-2)]
Turtle 3 :[(-3,-3), (0,1), (0,1), (1,1), (1,0), (-3,-3), (-3,-3), (-3,-3), (-3,-3), (-3,-3)]
Turtle 4 :[(-4,-4), (4,0), (5,0), (5,0), (6,0), (7,0), (6,0), (-4,-4), (-4,-4), (-4,-4)]
Turtle 5 :[(-5,-5), (-5,-5), (-5,-5), (4,0), (5,0), (5,1), (6,1), (7,1), (8,1), (8,0)]

Shrinking Run 30
#Info# Executed steps before collision: 9, Found collision: false
Turtle 1 :[(-1,-1), (1,10), (0,10), (0,9), (0,8), (0,7), (0,6), (-1,-1), (-1,-1), (-1,-1)]
Turtle 2 :[(-2,-2), (8,9), (7,9), (6,9), (5,9), (5,8), (4,8), (-2,-2), (-2,-2), (-2,-2)]
Turtle 3 :[(-3,-3), (0,1), (0,1), (1,1), (1,0), (-3,-3), (-3,-3), (-3,-3), (-3,-3), (-3,-3)]
Turtle 4 :[(-4,-4), (4,0), (5,0), (5,0), (6,0), (7,0), (6,0), (-4,-4), (-4,-4), (-4,-4)]
Turtle 5 :[(-5,-5), (-5,-5), (-5,-5), (4,0), (5,0), (5,1), (5,0), (6,0), (7,0), (8,0)]

Shrinking Run 31
#Info# Executed steps before collision: 10, Found collision: false
Turtle 1 :[(-1,-1), (1,10), (1,9), (1,8), (0,8), (0,7), (0,6), (-1,-1), (-1,-1), (-1,-1), (-1,-1)]
Turtle 2 :[(-2,-2), (8,9), (7,9), (6,9), (5,9), (5,8), (4,8), (-2,-2), (-2,-2), (-2,-2), (-2,-2)]
Turtle 3 :[(-3,-3), (0,1), (0,1), (1,1), (1,0), (-3,-3), (-3,-3), (-3,-3), (-3,-3), (-3,-3), (-3,-3)]
Turtle 4 :[(-4,-4), (4,0), (5,0), (5,0), (6,0), (7,0), (7,1), (7,0), (7,1), (6,1), (6,0)]
Turtle 5 :[(-5,-5), (-5,-5), (-5,-5), (4,0), (5,0), (6,0), (5,0), (6,0), (7,0), (8,0), (-5,-5)]

Shrinking Run 32
#Info# Executed steps before collision: 7, Found collision: false
Turtle 1 :[(-1,-1), (1,10), (1,9), (1,8), (1,7), (0,7), (0,6), (-1,-1)]
Turtle 2 :[(-2,-2), (8,9), (7,9), (6,9), (5,9), (5,8), (4,8), (-2,-2)]
Turtle 3 :[(-3,-3), (0,1), (0,1), (1,1), (1,0), (-3,-3), (-3,-3), (-3,-3)]
Turtle 4 :[(-4,-4), (4,0), (5,0), (5,0), (6,0), (5,0), (5,0), (6,0)]
Turtle 5 :[(-5,-5), (-5,-5), (-5,-5), (4,0), (5,0), (6,0), (7,0), (8,0)]

Shrinking Run 33
#Info# Executed steps before collision: 9, Found collision: false
Turtle 1 :[(-1,-1), (1,10), (1,9), (1,8), (1,7), (1,6), (0,6), (-1,-1), (-1,-1), (-1,-1)]
Turtle 2 :[(-2,-2), (8,9), (7,9), (7,9), (6,9), (6,9), (5,9), (4,9), (4,8), (-2,-2)]
Turtle 3 :[(-3,-3), (0,1), (0,1), (1,1), (1,0), (-3,-3), (-3,-3), (-3,-3), (-3,-3), (-3,-3)]
Turtle 4 :[(-4,-4), (4,0), (5,0), (5,0), (6,0), (5,0), (6,0), (-4,-4), (-4,-4), (-4,-4)]
Turtle 5 :[(-5,-5), (-5,-5), (-5,-5), (4,0), (4,1), (5,1), (6,1), (7,1), (7,0), (8,0)]

Shrinking Run 34
#Info# Executed steps before collision: 7, Found collision: false
Turtle 1 :[(-1,-1), (1,10), (1,9), (1,8), (1,7), (1,6), (0,6), (-1,-1)]
Turtle 2 :[(-2,-2), (8,9), (7,9), (6,9), (6,8), (5,8), (4,8), (-2,-2)]
Turtle 3 :[(-3,-3), (0,1), (0,1), (1,1), (1,0), (-3,-3), (-3,-3), (-3,-3)]
Turtle 4 :[(-4,-4), (4,0), (5,0), (5,0), (6,0), (6,1), (6,1), (6,0)]
Turtle 5 :[(-5,-5), (-5,-5), (-5,-5), (4,0), (5,0), (6,0), (7,0), (8,0)]

Shrinking Run 35
#Info# Executed steps before collision: 9, Found collision: false
Turtle 1 :[(-1,-1), (1,10), (1,9), (1,8), (1,7), (1,6), (0,6), (-1,-1), (-1,-1), (-1,-1)]
Turtle 2 :[(-2,-2), (8,9), (7,9), (7,8), (6,8), (5,8), (4,8), (-2,-2), (-2,-2), (-2,-2)]
Turtle 3 :[(-3,-3), (0,1), (0,1), (1,1), (1,0), (-3,-3), (-3,-3), (-3,-3), (-3,-3), (-3,-3)]
Turtle 4 :[(-4,-4), (4,0), (5,0), (5,0), (6,0), (5,0), (6,0), (-4,-4), (-4,-4), (-4,-4)]
Turtle 5 :[(-5,-5), (-5,-5), (-5,-5), (4,0), (4,1), (5,1), (6,1), (7,1), (8,1), (8,0)]

Shrinking Run 36
#Info# Executed steps before collision: 10, Found collision: false
Turtle 1 :[(-1,-1), (1,10), (1,9), (1,8), (1,7), (1,6), (0,6), (-1,-1), (-1,-1), (-1,-1), (-1,-1)]
Turtle 2 :[(-2,-2), (8,9), (7,9), (6,9), (5,9), (5,8), (4,8), (-2,-2), (-2,-2), (-2,-2), (-2,-2)]
Turtle 3 :[(-3,-3), (0,1), (0,0), (-3,-3), (-3,-3), (-3,-3), (-3,-3), (-3,-3), (-3,-3), (-3,-3), (-3,-3)]
Turtle 4 :[(-4,-4), (4,0), (5,0), (5,0), (6,0), (5,0), (6,0), (-4,-4), (-4,-4), (-4,-4), (-4,-4)]
Turtle 5 :[(-5,-5), (-5,-5), (-5,-5), (4,0), (3,0), (4,0), (4,0), (5,0), (6,0), (7,0), (8,0)]

Shrinking Run 37
#Info# Executed steps before collision: 9, Found collision: false
Turtle 1 :[(-1,-1), (1,10), (1,9), (1,8), (1,7), (1,6), (0,6), (-1,-1), (-1,-1), (-1,-1)]
Turtle 2 :[(-2,-2), (8,9), (7,9), (6,9), (5,9), (5,8), (4,8), (-2,-2), (-2,-2), (-2,-2)]
Turtle 3 :[(-3,-3), (0,1), (1,1), (0,1), (0,0), (-3,-3), (-3,-3), (-3,-3), (-3,-3), (-3,-3)]
Turtle 4 :[(-4,-4), (4,0), (5,0), (5,0), (6,0), (7,0), (7,1), (7,0), (6,0), (-4,-4)]
Turtle 5 :[(-5,-5), (-5,-5), (-5,-5), (4,0), (5,0), (6,0), (6,1), (7,1), (8,1), (8,0)]

Shrinking Run 38
#Info# Executed steps before collision: 7, Found collision: false
Turtle 1 :[(-1,-1), (1,10), (1,9), (1,8), (1,7), (1,6), (0,6), (-1,-1)]
Turtle 2 :[(-2,-2), (8,9), (7,9), (6,9), (5,9), (5,8), (4,8), (-2,-2)]
Turtle 3 :[(-3,-3), (0,1), (0,1), (1,1), (1,0), (-3,-3), (-3,-3), (-3,-3)]
Turtle 4 :[(-4,-4), (4,0), (3,0), (2,0), (3,0), (2,0), (1,0), (0,0)]
Turtle 5 :[(-5,-5), (-5,-5), (-5,-5), (4,0), (5,0), (6,0), (7,0), (8,0)]

Shrinking Run 39
#Info# Executed steps before collision: 10, Found collision: false
Turtle 1 :[(-1,-1), (1,10), (1,9), (1,8), (1,7), (1,6), (0,6), (-1,-1), (-1,-1), (-1,-1), (-1,-1)]
Turtle 2 :[(-2,-2), (8,9), (7,9), (6,9), (5,9), (5,8), (4,8), (-2,-2), (-2,-2), (-2,-2), (-2,-2)]
Turtle 3 :[(-3,-3), (0,1), (0,1), (1,1), (1,0), (-3,-3), (-3,-3), (-3,-3), (-3,-3), (-3,-3), (-3,-3)]
Turtle 4 :[(-4,-4), (4,0), (5,0), (4,0), (4,0), (3,0), (2,0), (1,0), (-4,-4), (-4,-4), (-4,-4)]
Turtle 5 :[(-5,-5), (-5,-5), (-5,-5), (-5,-5), (-5,-5), (-5,-5), (4,0), (5,0), (6,0), (7,0), (8,0)]

Shrinking Run 40
#Info# Executed steps before collision: 7, Found collision: false
Turtle 1 :[(-1,-1), (1,10), (1,9), (1,8), (1,7), (1,6), (0,6), (-1,-1)]
Turtle 2 :[(-2,-2), (8,9), (7,9), (6,9), (5,9), (5,8), (4,8), (-2,-2)]
Turtle 3 :[(-3,-3), (0,1), (0,1), (1,1), (1,0), (-3,-3), (-3,-3), (-3,-3)]
Turtle 4 :[(-4,-4), (4,0), (3,0), (3,0), (3,0), (4,0), (5,0), (-4,-4)]
Turtle 5 :[(-5,-5), (-5,-5), (-5,-5), (4,0), (5,0), (6,0), (7,0), (8,0)]

Shrinking Run 41
#Info# Executed steps before collision: 8, Found collision: false
Turtle 1 :[(-1,-1), (1,10), (1,9), (1,8), (1,7), (1,6), (0,6), (-1,-1), (-1,-1)]
Turtle 2 :[(-2,-2), (8,9), (7,9), (6,9), (5,9), (5,8), (4,8), (-2,-2), (-2,-2)]
Turtle 3 :[(-3,-3), (0,1), (0,1), (1,1), (1,0), (-3,-3), (-3,-3), (-3,-3), (-3,-3)]
Turtle 4 :[(-4,-4), (4,0), (4,0), (5,0), (6,0), (-4,-4), (-4,-4), (-4,-4), (-4,-4)]
Turtle 5 :[(-5,-5), (-5,-5), (-5,-5), (-5,-5), (4,0), (5,0), (6,0), (7,0), (8,0)]

Shrinking Run 42
#Info# Executed steps before collision: 9, Found collision: false
Turtle 1 :[(-1,-1), (1,10), (1,9), (1,8), (1,7), (1,6), (0,6), (-1,-1), (-1,-1), (-1,-1)]
Turtle 2 :[(-2,-2), (8,9), (7,9), (6,9), (5,9), (5,8), (4,8), (-2,-2), (-2,-2), (-2,-2)]
Turtle 3 :[(-3,-3), (0,1), (0,1), (1,1), (1,0), (-3,-3), (-3,-3), (-3,-3), (-3,-3), (-3,-3)]
Turtle 4 :[(-4,-4), (4,0), (3,0), (4,0), (5,0), (6,0), (-4,-4), (-4,-4), (-4,-4), (-4,-4)]
Turtle 5 :[(-5,-5), (-5,-5), (-5,-5), (-5,-5), (-5,-5), (4,0), (5,0), (6,0), (7,0), (8,0)]

Shrinking Run 43
#Info# Executed steps before collision: 7, Found collision: false
Turtle 1 :[(-1,-1), (1,10), (1,9), (1,8), (1,7), (1,6), (0,6), (-1,-1)]
Turtle 2 :[(-2,-2), (8,9), (7,9), (6,9), (5,9), (5,8), (4,8), (-2,-2)]
Turtle 3 :[(-3,-3), (0,1), (0,1), (1,1), (1,0), (-3,-3), (-3,-3), (-3,-3)]
Turtle 4 :[(-4,-4), (4,0), (5,0), (5,0), (6,0), (5,0), (6,0), (-4,-4)]
Turtle 5 :[(-5,-5), (-5,-5), (-5,-5), (4,0), (3,0), (2,0), (1,0), (0,0)]

Shrinking Run 44
#Info# Executed steps before collision: 9, Found collision: false
Turtle 1 :[(-1,-1), (1,10), (1,9), (1,8), (1,7), (1,6), (0,6), (-1,-1), (-1,-1), (-1,-1)]
Turtle 2 :[(-2,-2), (8,9), (7,9), (6,9), (5,9), (5,8), (4,8), (-2,-2), (-2,-2), (-2,-2)]
Turtle 3 :[(-3,-3), (0,1), (0,1), (1,1), (1,0), (-3,-3), (-3,-3), (-3,-3), (-3,-3), (-3,-3)]
Turtle 4 :[(-4,-4), (4,0), (5,0), (5,0), (6,0), (5,0), (6,0), (-4,-4), (-4,-4), (-4,-4)]
Turtle 5 :[(-5,-5), (-5,-5), (-5,-5), (4,0), (3,0), (3,0), (2,0), (1,0), (2,0), (1,0)]

Shrinking Run 45
#Info# Executed steps before collision: 8, Found collision: false
Turtle 1 :[(-1,-1), (1,10), (1,9), (1,8), (1,7), (1,6), (0,6), (-1,-1), (-1,-1)]
Turtle 2 :[(-2,-2), (8,9), (7,9), (6,9), (5,9), (5,8), (4,8), (-2,-2), (-2,-2)]
Turtle 3 :[(-3,-3), (0,1), (0,1), (1,1), (1,0), (-3,-3), (-3,-3), (-3,-3), (-3,-3)]
Turtle 4 :[(-4,-4), (4,0), (5,0), (5,0), (6,0), (5,0), (6,0), (-4,-4), (-4,-4)]
Turtle 5 :[(-5,-5), (-5,-5), (-5,-5), (4,0), (3,0), (4,0), (3,0), (4,0), (5,0)]

Shrink Run 46
#Info# Executed steps before collision: 11, Found collision: false
Turtle 1 :[(-1,-1), (1,10), (1,9), (1,8), (1,7), (1,6), (0,6), (-1,-1), (-1,-1), (-1,-1), (-1,-1), (-1,-1)]
Turtle 2 :[(-2,-2), (8,9), (7,9), (6,9), (5,9), (5,8), (4,8), (-2,-2), (-2,-2), (-2,-2), (-2,-2), (-2,-2)]
Turtle 3 :[(-3,-3), (0,1), (0,1), (1,1), (1,0), (-3,-3), (-3,-3), (-3,-3), (-3,-3), (-3,-3), (-3,-3), (-3,-3)]
Turtle 4 :[(-4,-4), (4,0), (5,0), (5,0), (6,0), (5,0), (6,0), (-4,-4), (-4,-4), (-4,-4), (-4,-4), (-4,-4)]
Turtle 5 :[(-5,-5), (-5,-5), (-5,-5), (4,0), (3,0), (4,0), (4,0), (4,1), (5,1), (6,1), (6,0), (7,0)]

