Shrinking Run 1
#Info# Executed steps before collision: 8, Found collision: false
Turtle 1 :[(-1,-1), (13,11), (12,11), (12,10), (11,10), (11,9), (10,9), (-1,-1), (-1,-1)]
Turtle 2 :[(-2,-2), (13,7), (13,8), (12,8), (11,8), (11,8), (11,9), (10,9), (-2,-2)]
Turtle 3 :[(-3,-3), (7,6), (7,6), (6,6), (5,6), (5,6), (5,6), (5,6), (4,6)]
Turtle 4 :[(-4,-4), (1,15), (1,15), (1,15), (1,16), (1,16), (1,17), (1,18), (-4,-4)]
Turtle 5 :[(-5,-5), (0,5), (0,5), (0,6), (0,7), (0,7), (0,7), (0,8), (-5,-5)]

Shrinking Run 2
#Info# Executed steps before collision: 8, Found collision: false
Turtle 1 :[(-1,-1), (13,11), (13,10), (12,10), (11,10), (11,9), (11,10), (10,10), (10,9)]
Turtle 2 :[(-2,-2), (13,7), (12,7), (11,7), (11,8), (10,8), (10,9), (-2,-2), (-2,-2)]
Turtle 3 :[(-3,-3), (7,6), (7,6), (6,6), (5,6), (5,6), (5,6), (5,6), (4,6)]
Turtle 4 :[(-4,-4), (1,15), (1,15), (1,15), (1,16), (1,16), (1,17), (1,18), (-4,-4)]
Turtle 5 :[(-5,-5), (0,5), (0,5), (0,6), (0,7), (0,7), (0,7), (0,8), (-5,-5)]

Shrinking Run 3
#Info# Executed steps before collision: 10, Found collision: false
Turtle 1 :[(-1,-1), (13,11), (13,10), (12,10), (11,10), (11,9), (10,9), (-1,-1), (-1,-1), (-1,-1), (-1,-1)]
Turtle 2 :[(-2,-2), (13,7), (13,8), (12,8), (11,8), (11,7), (12,7), (12,8), (11,8), (11,9), (10,9)]
Turtle 3 :[(-3,-3), (7,6), (6,6), (5,6), (4,6), (4,6), (4,6), (3,6), (3,6), (3,6), (2,6)]
Turtle 4 :[(-4,-4), (1,15), (1,15), (1,15), (1,16), (1,16), (1,17), (1,18), (-4,-4), (-4,-4), (-4,-4)]
Turtle 5 :[(-5,-5), (0,5), (0,5), (0,6), (0,7), (0,7), (0,7), (0,8), (-5,-5), (-5,-5), (-5,-5)]

Shrinking Run 4
#Info# Executed steps before collision: 9, Found collision: false
Turtle 1 :[(-1,-1), (13,11), (13,10), (12,10), (11,10), (11,9), (10,9), (-1,-1), (-1,-1), (-1,-1)]
Turtle 2 :[(-2,-2), (13,7), (13,8), (12,8), (11,8), (11,8), (11,9), (10,9), (-2,-2), (-2,-2)]
Turtle 3 :[(-3,-3), (7,6), (7,6), (6,6), (5,6), (5,6), (5,6), (4,6), (4,6), (3,6)]
Turtle 4 :[(-4,-4), (1,15), (1,15), (1,15), (1,16), (1,16), (1,17), (1,18), (-4,-4), (-4,-4)]
Turtle 5 :[(-5,-5), (0,5), (0,5), (0,6), (0,7), (0,7), (0,7), (0,8), (-5,-5), (-5,-5)]

Shrinking Run 5
#Info# Executed steps before collision: 10, Found collision: false
Turtle 1 :[(-1,-1), (13,11), (13,10), (12,10), (11,10), (11,9), (10,9), (-1,-1), (-1,-1), (-1,-1), (-1,-1)]
Turtle 2 :[(-2,-2), (13,7), (13,8), (12,8), (11,8), (11,8), (11,9), (10,9), (-2,-2), (-2,-2), (-2,-2)]
Turtle 3 :[(-3,-3), (7,6), (7,5), (6,5), (5,5), (5,5), (5,5), (5,4), (5,4), (5,4), (5,3)]
Turtle 4 :[(-4,-4), (1,15), (1,15), (1,15), (1,16), (1,16), (1,17), (1,18), (-4,-4), (-4,-4), (-4,-4)]
Turtle 5 :[(-5,-5), (0,5), (0,5), (0,6), (0,7), (0,7), (0,7), (0,8), (-5,-5), (-5,-5), (-5,-5)]

Shrinking Run 6
#Info# Executed steps before collision: 10, Found collision: false
Turtle 1 :[(-1,-1), (13,11), (13,10), (12,10), (11,10), (11,9), (10,9), (-1,-1), (-1,-1), (-1,-1), (-1,-1)]
Turtle 2 :[(-2,-2), (13,7), (13,8), (12,8), (11,8), (11,7), (10,7), (10,8), (10,9), (-2,-2), (-2,-2)]
Turtle 3 :[(-3,-3), (7,6), (7,5), (6,5), (5,5), (5,5), (5,5), (5,4), (5,4), (5,4), (4,4)]
Turtle 4 :[(-4,-4), (1,15), (1,15), (1,15), (1,16), (1,16), (1,17), (1,18), (-4,-4), (-4,-4), (-4,-4)]
Turtle 5 :[(-5,-5), (0,5), (0,5), (0,6), (0,7), (0,7), (0,7), (0,8), (-5,-5), (-5,-5), (-5,-5)]

Shrinking Run 7
#Info# Executed steps before collision: 6, Found collision: true
Turtle 1 :[(-1,-1), (13,11), (13,10), (12,10), (11,10), (11,9), (10,9), (-1,-1), (-1,-1), (-1,-1)]
Turtle 2 :[(-2,-2), (13,7), (13,8), (12,8), (11,8), (10,8), (10,9), (-2,-2), (-2,-2), (-2,-2)]
Turtle 3 :[(-3,-3), (7,6), (7,6), (6,6), (5,6), (5,6), (5,6), (4,6), (4,6), (4,5)]
Turtle 4 :[(-4,-4), (1,15), (1,15), (1,15), (1,16), (1,16), (1,17), (1,18), (-4,-4), (-4,-4)]
Turtle 5 :[(-5,-5), (0,5), (0,5), (0,6), (0,7), (0,7), (0,7), (0,8), (-5,-5), (-5,-5)]

Shrinking Run 8
#Info# Executed steps before collision: 10, Found collision: false
Turtle 1 :[(-1,-1), (13,11), (13,10), (12,10), (11,10), (11,9), (10,9), (-1,-1), (-1,-1), (-1,-1), (-1,-1)]
Turtle 2 :[(-2,-2), (13,7), (13,8), (12,8), (11,8), (11,7), (11,8), (10,8), (10,9), (-2,-2), (-2,-2)]
Turtle 3 :[(-3,-3), (7,6), (7,5), (6,5), (5,5), (5,5), (5,5), (4,5), (4,5), (4,5), (4,4)]
Turtle 4 :[(-4,-4), (1,15), (1,15), (1,15), (1,16), (1,16), (1,17), (1,18), (-4,-4), (-4,-4), (-4,-4)]
Turtle 5 :[(-5,-5), (0,5), (0,5), (0,6), (0,7), (0,7), (0,7), (0,8), (-5,-5), (-5,-5), (-5,-5)]

Shrinking Run 9
#Info# Executed steps before collision: 10, Found collision: false
Turtle 1 :[(-1,-1), (13,11), (13,10), (12,10), (11,10), (11,9), (10,9), (-1,-1), (-1,-1), (-1,-1), (-1,-1)]
Turtle 2 :[(-2,-2), (13,7), (13,8), (12,8), (11,8), (11,7), (11,8), (11,9), (10,9), (-2,-2), (-2,-2)]
Turtle 3 :[(-3,-3), (7,6), (6,6), (5,6), (4,6), (4,6), (4,6), (3,6), (3,6), (3,6), (3,5)]
Turtle 4 :[(-4,-4), (1,15), (1,15), (1,15), (1,16), (1,16), (1,17), (1,18), (-4,-4), (-4,-4), (-4,-4)]
Turtle 5 :[(-5,-5), (0,5), (0,5), (0,6), (0,7), (0,7), (0,7), (0,8), (-5,-5), (-5,-5), (-5,-5)]

Shrinking Run 10
#Info# Executed steps before collision: 6, Found collision: true
Turtle 1 :[(-1,-1), (13,11), (13,10), (12,10), (11,10), (11,9), (10,9), (-1,-1)]
Turtle 2 :[(-2,-2), (13,7), (13,8), (12,8), (11,8), (10,8), (10,9), (-2,-2)]
Turtle 3 :[(-3,-3), (7,6), (6,6), (5,6), (4,6), (4,5), (-3,-3), (-3,-3)]
Turtle 4 :[(-4,-4), (1,15), (1,15), (1,15), (1,16), (1,16), (1,17), (1,18)]
Turtle 5 :[(-5,-5), (0,5), (0,5), (0,6), (0,7), (0,7), (0,7), (0,8)]

Shrinking Run 11
#Info# Executed steps before collision: 8, Found collision: false
Turtle 1 :[(-1,-1), (13,11), (13,10), (12,10), (11,10), (11,9), (10,9), (-1,-1), (-1,-1)]
Turtle 2 :[(-2,-2), (13,7), (13,8), (12,8), (11,8), (12,8), (11,8), (10,8), (10,9)]
Turtle 3 :[(-3,-3), (7,6), (6,6), (5,6), (4,6), (4,5), (-3,-3), (-3,-3), (-3,-3)]
Turtle 4 :[(-4,-4), (1,15), (1,15), (1,15), (1,16), (1,16), (1,17), (1,18), (0,18)]
Turtle 5 :[(-5,-5), (0,5), (0,5), (0,6), (0,7), (0,7), (0,7), (0,8), (-5,-5)]

Shrinking Run 12
#Info# Executed steps before collision: 9, Found collision: false
Turtle 1 :[(-1,-1), (13,11), (13,10), (12,10), (11,10), (11,9), (10,9), (-1,-1), (-1,-1), (-1,-1)]
Turtle 2 :[(-2,-2), (13,7), (13,8), (12,8), (11,8), (11,7), (11,7), (11,8), (11,9), (10,9)]
Turtle 3 :[(-3,-3), (7,6), (6,6), (5,6), (4,6), (4,5), (-3,-3), (-3,-3), (-3,-3), (-3,-3)]
Turtle 4 :[(-4,-4), (1,15), (1,15), (1,15), (1,14), (1,13), (1,13), (1,12), (1,11), (1,10)]
Turtle 5 :[(-5,-5), (0,5), (0,5), (0,6), (0,7), (0,7), (0,7), (0,8), (-5,-5), (-5,-5)]

Shrinking Run 13
#Info# Executed steps before collision: 5, Found collision: true
Turtle 1 :[(-1,-1), (13,11), (13,10), (12,10), (11,10), (11,9), (10,9), (-1,-1)]
Turtle 2 :[(-2,-2), (13,7), (13,8), (12,8), (11,8), (11,9), (10,9), (-2,-2)]
Turtle 3 :[(-3,-3), (7,6), (6,6), (5,6), (4,6), (4,5), (-3,-3), (-3,-3)]
Turtle 4 :[(-4,-4), (1,15), (1,15), (1,15), (1,14), (1,14), (1,13), (1,12)]
Turtle 5 :[(-5,-5), (0,5), (0,5), (0,6), (0,7), (0,7), (0,7), (0,8)]

Shrinking Run 14
#Info# Executed steps before collision: 9, Found collision: false
Turtle 1 :[(-1,-1), (13,11), (13,10), (12,10), (11,10), (11,9), (10,9), (-1,-1), (-1,-1), (-1,-1)]
Turtle 2 :[(-2,-2), (13,7), (13,8), (12,8), (11,8), (11,8), (11,9), (11,8), (10,8), (10,9)]
Turtle 3 :[(-3,-3), (7,6), (6,6), (5,6), (4,6), (4,5), (-3,-3), (-3,-3), (-3,-3), (-3,-3)]
Turtle 4 :[(-4,-4), (1,15), (1,15), (1,15), (1,14), (1,14), (1,13), (1,12), (1,11), (-4,-4)]
Turtle 5 :[(-5,-5), (0,5), (0,5), (0,6), (0,7), (0,7), (0,7), (0,8), (-5,-5), (-5,-5)]

Shrinking Run 15
#Info# Executed steps before collision: 8, Found collision: false
Turtle 1 :[(-1,-1), (13,11), (13,10), (12,10), (11,10), (11,9), (10,9), (-1,-1), (-1,-1)]
Turtle 2 :[(-2,-2), (13,7), (13,8), (12,8), (11,8), (12,8), (12,9), (11,9), (10,9)]
Turtle 3 :[(-3,-3), (7,6), (6,6), (5,6), (4,6), (4,5), (-3,-3), (-3,-3), (-3,-3)]
Turtle 4 :[(-4,-4), (1,15), (1,15), (1,15), (1,14), (1,14), (1,13), (1,12), (0,12)]
Turtle 5 :[(-5,-5), (0,5), (0,5), (0,6), (0,7), (0,7), (0,7), (0,8), (-5,-5)]

Shrinking Run 16
#Info# Executed steps before collision: 5, Found collision: true
Turtle 1 :[(-1,-1), (13,11), (13,10), (12,10), (11,10), (11,9), (11,10), (11,9), (10,9)]
Turtle 2 :[(-2,-2), (13,7), (13,8), (12,8), (11,8), (11,9), (10,9), (-2,-2), (-2,-2)]
Turtle 3 :[(-3,-3), (7,6), (6,6), (5,6), (4,6), (4,5), (-3,-3), (-3,-3), (-3,-3)]
Turtle 4 :[(-4,-4), (1,15), (1,14), (1,13), (1,12), (-4,-4), (-4,-4), (-4,-4), (-4,-4)]
Turtle 5 :[(-5,-5), (0,5), (0,5), (0,6), (0,7), (0,7), (0,7), (0,8), (-5,-5)]

Shrinking Run 17
#Info# Executed steps before collision: 8, Found collision: false
Turtle 1 :[(-1,-1), (13,11), (13,10), (12,10), (11,10), (11,9), (10,9), (-1,-1), (-1,-1)]
Turtle 2 :[(-2,-2), (13,7), (13,8), (12,8), (11,8), (12,8), (12,9), (11,9), (10,9)]
Turtle 3 :[(-3,-3), (7,6), (6,6), (5,6), (4,6), (4,5), (-3,-3), (-3,-3), (-3,-3)]
Turtle 4 :[(-4,-4), (1,15), (1,14), (1,13), (1,12), (-4,-4), (-4,-4), (-4,-4), (-4,-4)]
Turtle 5 :[(-5,-5), (0,5), (0,5), (0,4), (0,3), (0,3), (0,2), (0,1), (0,0)]

Shrinking Run 18
#Info# Executed steps before collision: 9, Found collision: false
Turtle 1 :[(-1,-1), (13,11), (13,10), (12,10), (11,10), (11,9), (10,9), (-1,-1), (-1,-1), (-1,-1)]
Turtle 2 :[(-2,-2), (13,7), (13,8), (12,8), (11,8), (11,8), (11,9), (12,9), (11,9), (10,9)]
Turtle 3 :[(-3,-3), (7,6), (6,6), (5,6), (4,6), (4,5), (-3,-3), (-3,-3), (-3,-3), (-3,-3)]
Turtle 4 :[(-4,-4), (1,15), (1,14), (1,13), (1,12), (-4,-4), (-4,-4), (-4,-4), (-4,-4), (-4,-4)]
Turtle 5 :[(-5,-5), (0,5), (0,5), (0,4), (0,3), (0,3), (0,3), (0,2), (-5,-5), (-5,-5)]

Shrinking Run 19
#Info# Executed steps before collision: 9, Found collision: false
Turtle 1 :[(-1,-1), (13,11), (13,10), (12,10), (11,10), (11,9), (10,9), (-1,-1), (-1,-1), (-1,-1)]
Turtle 2 :[(-2,-2), (13,7), (13,8), (12,8), (11,8), (11,8), (11,9), (12,9), (11,9), (10,9)]
Turtle 3 :[(-3,-3), (7,6), (6,6), (5,6), (4,6), (4,5), (-3,-3), (-3,-3), (-3,-3), (-3,-3)]
Turtle 4 :[(-4,-4), (1,15), (1,14), (1,13), (1,12), (-4,-4), (-4,-4), (-4,-4), (-4,-4), (-4,-4)]
Turtle 5 :[(-5,-5), (0,5), (0,5), (0,5), (0,5), (0,6), (-5,-5), (-5,-5), (-5,-5), (-5,-5)]

Shrinking Run 20
#Info# Executed steps before collision: 6, Found collision: true
Turtle 1 :[(-1,-1), (13,11), (13,10), (12,10), (11,10), (11,9), (10,9)]
Turtle 2 :[(-2,-2), (13,7), (13,8), (12,8), (11,8), (10,8), (10,9)]
Turtle 3 :[(-3,-3), (7,6), (6,6), (5,6), (4,6), (4,5), (-3,-3)]
Turtle 4 :[(-4,-4), (1,15), (1,14), (1,13), (1,12), (-4,-4), (-4,-4)]
Turtle 5 :[(-5,-5), (0,5), (0,5), (0,5), (0,6), (0,6), (0,7)]

Shrinking Run 21
#Info# Executed steps before collision: 5, Found collision: true
Turtle 1 :[(-1,-1), (13,11), (13,10), (12,10), (11,10), (11,9), (10,9)]
Turtle 2 :[(-2,-2), (13,7), (13,8), (12,8), (11,8), (11,9), (10,9)]
Turtle 3 :[(-3,-3), (7,6), (6,6), (5,6), (4,6), (4,5), (-3,-3)]
Turtle 4 :[(-4,-4), (1,15), (1,14), (1,13), (1,12), (-4,-4), (-4,-4)]
Turtle 5 :[(-5,-5), (0,5), (0,6), (0,7), (-5,-5), (-5,-5), (-5,-5)]

Shrinking Run 22
#Info# Executed steps before collision: 5, Found collision: true
Turtle 1 :[(-1,-1), (13,11), (12,11), (12,10), (11,10), (11,9), (10,9)]
Turtle 2 :[(-2,-2), (13,7), (13,8), (12,8), (11,8), (11,9), (10,9)]
Turtle 3 :[(-3,-3), (7,6), (6,6), (5,6), (4,6), (4,5), (-3,-3)]
Turtle 4 :[(-4,-4), (1,15), (1,14), (1,13), (1,12), (-4,-4), (-4,-4)]
Turtle 5 :[(-5,-5), (0,5), (0,6), (0,7), (-5,-5), (-5,-5), (-5,-5)]

Shrinking Run 23
#Info# Executed steps before collision: 5, Found collision: true
Turtle 1 :[(-1,-1), (13,11), (12,11), (12,10), (11,10), (11,9), (10,9)]
Turtle 2 :[(-2,-2), (13,7), (12,7), (11,7), (11,8), (11,9), (10,9)]
Turtle 3 :[(-3,-3), (7,6), (6,6), (5,6), (4,6), (4,5), (-3,-3)]
Turtle 4 :[(-4,-4), (1,15), (1,14), (1,13), (1,12), (-4,-4), (-4,-4)]
Turtle 5 :[(-5,-5), (0,5), (0,6), (0,7), (-5,-5), (-5,-5), (-5,-5)]

Shrinking Run 24
#Info# Executed steps before collision: 5, Found collision: true
Turtle 1 :[(-1,-1), (13,11), (12,11), (12,10), (11,10), (11,9), (11,10), (10,10), (10,9), (-1,-1), (-1,-1)]
Turtle 2 :[(-2,-2), (13,7), (12,7), (11,7), (11,8), (11,9), (10,9), (-2,-2), (-2,-2), (-2,-2), (-2,-2)]
Turtle 3 :[(-3,-3), (7,6), (6,6), (5,6), (4,6), (4,6), (4,6), (3,6), (3,6), (3,6), (2,6)]
Turtle 4 :[(-4,-4), (1,15), (1,14), (1,13), (1,12), (-4,-4), (-4,-4), (-4,-4), (-4,-4), (-4,-4), (-4,-4)]
Turtle 5 :[(-5,-5), (0,5), (0,6), (0,7), (-5,-5), (-5,-5), (-5,-5), (-5,-5), (-5,-5), (-5,-5), (-5,-5)]

Shrinking Run 25
#Info# Executed steps before collision: 5, Found collision: true
Turtle 1 :[(-1,-1), (13,11), (12,11), (12,10), (11,10), (11,9), (10,9), (-1,-1), (-1,-1), (-1,-1), (-1,-1)]
Turtle 2 :[(-2,-2), (13,7), (12,7), (11,7), (11,8), (11,9), (10,9), (-2,-2), (-2,-2), (-2,-2), (-2,-2)]
Turtle 3 :[(-3,-3), (7,6), (6,6), (5,6), (4,6), (4,6), (4,6), (4,5), (4,5), (4,5), (4,4)]
Turtle 4 :[(-4,-4), (1,15), (1,14), (1,13), (1,12), (-4,-4), (-4,-4), (-4,-4), (-4,-4), (-4,-4), (-4,-4)]
Turtle 5 :[(-5,-5), (0,5), (0,6), (0,7), (-5,-5), (-5,-5), (-5,-5), (-5,-5), (-5,-5), (-5,-5), (-5,-5)]

Shrinking Run 26
#Info# Executed steps before collision: 10, Found collision: false
Turtle 1 :[(-1,-1), (13,11), (12,11), (12,10), (11,10), (11,9), (10,9), (-1,-1), (-1,-1), (-1,-1), (-1,-1)]
Turtle 2 :[(-2,-2), (13,7), (12,7), (11,7), (11,8), (12,8), (11,8), (10,8), (10,9), (-2,-2), (-2,-2)]
Turtle 3 :[(-3,-3), (7,6), (7,5), (6,5), (5,5), (5,5), (5,5), (4,5), (4,5), (4,5), (4,4)]
Turtle 4 :[(-4,-4), (1,15), (1,14), (1,13), (1,12), (-4,-4), (-4,-4), (-4,-4), (-4,-4), (-4,-4), (-4,-4)]
Turtle 5 :[(-5,-5), (0,5), (0,6), (0,7), (-5,-5), (-5,-5), (-5,-5), (-5,-5), (-5,-5), (-5,-5), (-5,-5)]

Shrinking Run 27
#Info# Executed steps before collision: 6, Found collision: true
Turtle 1 :[(-1,-1), (13,11), (12,11), (12,10), (11,10), (11,9), (10,9), (-1,-1), (-1,-1), (-1,-1), (-1,-1)]
Turtle 2 :[(-2,-2), (13,7), (12,7), (11,7), (11,8), (10,8), (10,9), (-2,-2), (-2,-2), (-2,-2), (-2,-2)]
Turtle 3 :[(-3,-3), (7,6), (6,6), (5,6), (4,6), (4,6), (4,6), (4,5), (4,5), (4,5), (3,5)]
Turtle 4 :[(-4,-4), (1,15), (1,14), (1,13), (1,12), (-4,-4), (-4,-4), (-4,-4), (-4,-4), (-4,-4), (-4,-4)]
Turtle 5 :[(-5,-5), (0,5), (0,6), (0,7), (-5,-5), (-5,-5), (-5,-5), (-5,-5), (-5,-5), (-5,-5), (-5,-5)]

Shrinking Run 28
#Info# Executed steps before collision: 7, Found collision: false
Turtle 1 :[(-1,-1), (13,11), (12,11), (12,10), (11,10), (11,9), (10,9), (-1,-1)]
Turtle 2 :[(-2,-2), (13,7), (12,7), (11,7), (11,8), (11,8), (11,9), (10,9)]
Turtle 3 :[(-3,-3), (7,6), (6,6), (6,5), (5,5), (4,5), (3,5), (-3,-3)]
Turtle 4 :[(-4,-4), (1,15), (1,14), (1,13), (1,12), (-4,-4), (-4,-4), (-4,-4)]
Turtle 5 :[(-5,-5), (0,5), (0,6), (0,7), (-5,-5), (-5,-5), (-5,-5), (-5,-5)]

Shrinking Run 29
#Info# Executed steps before collision: 5, Found collision: true
Turtle 1 :[(-1,-1), (13,11), (12,11), (12,10), (11,10), (11,9), (10,9), (-1,-1)]
Turtle 2 :[(-2,-2), (13,7), (12,7), (11,7), (11,8), (11,9), (10,9), (-2,-2)]
Turtle 3 :[(-3,-3), (7,6), (6,6), (6,5), (5,5), (4,5), (4,5), (3,5)]
Turtle 4 :[(-4,-4), (1,15), (1,14), (1,13), (1,12), (-4,-4), (-4,-4), (-4,-4)]
Turtle 5 :[(-5,-5), (0,5), (0,6), (0,7), (-5,-5), (-5,-5), (-5,-5), (-5,-5)]

Shrinking Run 30
#Info# Executed steps before collision: 7, Found collision: false
Turtle 1 :[(-1,-1), (13,11), (12,11), (12,10), (11,10), (11,9), (10,9), (-1,-1)]
Turtle 2 :[(-2,-2), (13,7), (12,7), (11,7), (11,8), (10,8), (10,8), (10,9)]
Turtle 3 :[(-3,-3), (7,6), (7,5), (6,5), (5,5), (4,5), (4,5), (3,5)]
Turtle 4 :[(-4,-4), (1,15), (1,14), (1,13), (1,12), (-4,-4), (-4,-4), (-4,-4)]
Turtle 5 :[(-5,-5), (0,5), (0,6), (0,7), (-5,-5), (-5,-5), (-5,-5), (-5,-5)]

Shrinking Run 31
#Info# Executed steps before collision: 5, Found collision: true
Turtle 1 :[(-1,-1), (13,11), (12,11), (12,10), (11,10), (11,9), (10,9), (-1,-1), (-1,-1)]
Turtle 2 :[(-2,-2), (13,7), (12,7), (11,7), (11,8), (11,9), (10,9), (-2,-2), (-2,-2)]
Turtle 3 :[(-3,-3), (7,6), (6,6), (6,5), (5,5), (4,5), (4,5), (3,5), (-3,-3)]
Turtle 4 :[(-4,-4), (1,15), (1,15), (1,15), (1,16), (1,16), (1,17), (1,18), (0,18)]
Turtle 5 :[(-5,-5), (0,5), (0,6), (0,7), (-5,-5), (-5,-5), (-5,-5), (-5,-5), (-5,-5)]

Shrinking Run 32
#Info# Executed steps before collision: 9, Found collision: false
Turtle 1 :[(-1,-1), (13,11), (12,11), (12,10), (11,10), (11,9), (10,9), (-1,-1), (-1,-1), (-1,-1)]
Turtle 2 :[(-2,-2), (13,7), (12,7), (11,7), (11,8), (12,8), (11,8), (10,8), (10,9), (-2,-2)]
Turtle 3 :[(-3,-3), (7,6), (6,6), (6,5), (5,5), (4,5), (4,5), (3,5), (-3,-3), (-3,-3)]
Turtle 4 :[(-4,-4), (1,15), (1,15), (1,15), (1,14), (1,13), (1,13), (1,12), (1,11), (0,11)]
Turtle 5 :[(-5,-5), (0,5), (0,6), (0,7), (-5,-5), (-5,-5), (-5,-5), (-5,-5), (-5,-5), (-5,-5)]

Shrinking Run 33
#Info# Executed steps before collision: 8, Found collision: false
Turtle 1 :[(-1,-1), (13,11), (12,11), (12,10), (11,10), (11,9), (10,9), (-1,-1), (-1,-1)]
Turtle 2 :[(-2,-2), (13,7), (12,7), (11,7), (11,8), (11,7), (10,7), (10,8), (10,9)]
Turtle 3 :[(-3,-3), (7,6), (6,6), (6,5), (5,5), (4,5), (4,5), (3,5), (-3,-3)]
Turtle 4 :[(-4,-4), (1,15), (1,15), (1,15), (1,14), (1,14), (1,13), (1,12), (0,12)]
Turtle 5 :[(-5,-5), (0,5), (0,6), (0,7), (-5,-5), (-5,-5), (-5,-5), (-5,-5), (-5,-5)]

Shrinking Run 34
#Info# Executed steps before collision: 6, Found collision: true
Turtle 1 :[(-1,-1), (13,11), (12,11), (12,10), (11,10), (11,9), (10,9), (-1,-1), (-1,-1)]
Turtle 2 :[(-2,-2), (13,7), (12,7), (11,7), (11,8), (10,8), (10,9), (-2,-2), (-2,-2)]
Turtle 3 :[(-3,-3), (7,6), (6,6), (6,5), (5,5), (4,5), (4,5), (3,5), (-3,-3)]
Turtle 4 :[(-4,-4), (1,15), (1,15), (1,15), (1,15), (1,15), (1,15), (1,16), (0,16)]
Turtle 5 :[(-5,-5), (0,5), (0,6), (0,7), (-5,-5), (-5,-5), (-5,-5), (-5,-5), (-5,-5)]

Shrinking Run 35
#Info# Executed steps before collision: 8, Found collision: false
Turtle 1 :[(-1,-1), (13,11), (12,11), (12,10), (11,10), (11,9), (10,9), (-1,-1), (-1,-1)]
Turtle 2 :[(-2,-2), (13,7), (12,7), (11,7), (11,8), (11,8), (11,9), (10,9), (-2,-2)]
Turtle 3 :[(-3,-3), (7,6), (6,6), (6,5), (5,5), (4,5), (4,5), (3,5), (-3,-3)]
Turtle 4 :[(-4,-4), (1,15), (1,15), (1,15), (1,15), (1,15), (1,15), (1,14), (0,14)]
Turtle 5 :[(-5,-5), (0,5), (0,6), (0,7), (-5,-5), (-5,-5), (-5,-5), (-5,-5), (-5,-5)]

Shrinking Run 36
#Info# Executed steps before collision: 8, Found collision: false
Turtle 1 :[(-1,-1), (13,11), (12,11), (12,10), (11,10), (11,9), (10,9), (-1,-1), (-1,-1)]
Turtle 2 :[(-2,-2), (13,7), (12,7), (11,7), (11,8), (12,8), (11,8), (10,8), (10,9)]
Turtle 3 :[(-3,-3), (7,6), (6,6), (6,5), (5,5), (4,5), (4,5), (3,5), (-3,-3)]
Turtle 4 :[(-4,-4), (1,15), (1,15), (1,15), (1,15), (1,15), (1,15), (0,15), (-4,-4)]
Turtle 5 :[(-5,-5), (0,5), (0,6), (0,7), (-5,-5), (-5,-5), (-5,-5), (-5,-5), (-5,-5)]

Shrinking Run 37
#Info# Executed steps before collision: 8, Found collision: false
Turtle 1 :[(-1,-1), (13,11), (12,11), (12,10), (11,10), (11,9), (10,9), (-1,-1), (-1,-1)]
Turtle 2 :[(-2,-2), (13,7), (12,7), (11,7), (11,8), (12,8), (12,9), (11,9), (10,9)]
Turtle 3 :[(-3,-3), (7,6), (6,6), (6,5), (5,5), (4,5), (4,5), (3,5), (-3,-3)]
Turtle 4 :[(-4,-4), (1,15), (1,15), (1,15), (1,15), (1,15), (1,15), (0,15), (0,16)]
Turtle 5 :[(-5,-5), (0,5), (0,6), (0,7), (-5,-5), (-5,-5), (-5,-5), (-5,-5), (-5,-5)]

Shrinking Run 38
#Info# Executed steps before collision: 9, Found collision: false
Turtle 1 :[(-1,-1), (13,11), (12,11), (12,10), (11,10), (11,9), (10,9), (-1,-1), (-1,-1), (-1,-1)]
Turtle 2 :[(-2,-2), (13,7), (12,7), (11,7), (11,8), (11,8), (11,9), (11,10), (11,9), (10,9)]
Turtle 3 :[(-3,-3), (7,6), (6,6), (6,5), (5,5), (4,5), (4,5), (3,5), (-3,-3), (-3,-3)]
Turtle 4 :[(-4,-4), (1,15), (1,16), (0,16), (-4,-4), (-4,-4), (-4,-4), (-4,-4), (-4,-4), (-4,-4)]
Turtle 5 :[(-5,-5), (0,5), (0,6), (0,7), (-5,-5), (-5,-5), (-5,-5), (-5,-5), (-5,-5), (-5,-5)]

Shrinking Run 39
#Info# Executed steps before collision: 8, Found collision: false
Turtle 1 :[(-1,-1), (13,11), (12,11), (12,10), (11,10), (11,9), (11,10), (10,10), (10,9)]
Turtle 2 :[(-2,-2), (13,7), (12,7), (11,7), (11,8), (10,8), (10,9), (-2,-2), (-2,-2)]
Turtle 3 :[(-3,-3), (7,6), (6,6), (6,5), (5,5), (4,5), (4,5), (3,5), (-3,-3)]
Turtle 4 :[(-4,-4), (1,15), (1,15), (1,16), (0,16), (-4,-4), (-4,-4), (-4,-4), (-4,-4)]
Turtle 5 :[(-5,-5), (0,5), (0,6), (0,7), (-5,-5), (-5,-5), (-5,-5), (-5,-5), (-5,-5)]

Shrinking Run 40
#Info# Executed steps before collision: 6, Found collision: true
Turtle 1 :[(-1,-1), (13,11), (12,11), (12,10), (11,10), (11,9), (10,9), (-1,-1)]
Turtle 2 :[(-2,-2), (13,7), (12,7), (11,7), (11,8), (10,8), (10,9), (-2,-2)]
Turtle 3 :[(-3,-3), (7,6), (6,6), (6,5), (5,5), (4,5), (4,5), (3,5)]
Turtle 4 :[(-4,-4), (1,15), (1,15), (1,15), (1,16), (0,16), (-4,-4), (-4,-4)]
Turtle 5 :[(-5,-5), (0,5), (0,6), (0,7), (-5,-5), (-5,-5), (-5,-5), (-5,-5)]

Shrinking Run 41
#Info# Executed steps before collision: 8, Found collision: false
Turtle 1 :[(-1,-1), (13,11), (12,11), (12,10), (11,10), (11,9), (10,9), (-1,-1), (-1,-1)]
Turtle 2 :[(-2,-2), (13,7), (12,7), (11,7), (11,8), (11,7), (11,8), (10,8), (10,9)]
Turtle 3 :[(-3,-3), (7,6), (6,6), (6,5), (5,5), (4,5), (4,5), (3,5), (-3,-3)]
Turtle 4 :[(-4,-4), (1,15), (1,16), (1,16), (1,16), (0,16), (-4,-4), (-4,-4), (-4,-4)]
Turtle 5 :[(-5,-5), (0,5), (0,6), (0,7), (-5,-5), (-5,-5), (-5,-5), (-5,-5), (-5,-5)]

Shrinking Run 42
#Info# Executed steps before collision: 5, Found collision: true
Turtle 1 :[(-1,-1), (13,11), (12,11), (12,10), (11,10), (11,9), (11,10), (11,9), (10,9)]
Turtle 2 :[(-2,-2), (13,7), (12,7), (11,7), (11,8), (11,9), (10,9), (-2,-2), (-2,-2)]
Turtle 3 :[(-3,-3), (7,6), (6,6), (6,5), (5,5), (4,5), (4,5), (3,5), (-3,-3)]
Turtle 4 :[(-4,-4), (1,15), (1,15), (1,16), (1,16), (0,16), (-4,-4), (-4,-4), (-4,-4)]
Turtle 5 :[(-5,-5), (0,5), (0,6), (0,7), (-5,-5), (-5,-5), (-5,-5), (-5,-5), (-5,-5)]

Shrinking Run 43
#Info# Executed steps before collision: 5, Found collision: true
Turtle 1 :[(-1,-1), (13,11), (12,11), (12,10), (11,10), (11,9), (10,9), (-1,-1), (-1,-1)]
Turtle 2 :[(-2,-2), (13,7), (12,7), (11,7), (11,8), (11,9), (10,9), (-2,-2), (-2,-2)]
Turtle 3 :[(-3,-3), (7,6), (6,6), (6,5), (5,5), (4,5), (4,5), (3,5), (-3,-3)]
Turtle 4 :[(-4,-4), (1,15), (1,15), (1,16), (1,16), (0,16), (-4,-4), (-4,-4), (-4,-4)]
Turtle 5 :[(-5,-5), (0,5), (0,5), (0,4), (0,3), (0,3), (0,2), (0,1), (0,0)]

Shrinking Run 44
#Info# Executed steps before collision: 8, Found collision: false
Turtle 1 :[(-1,-1), (13,11), (12,11), (12,10), (11,10), (11,9), (10,9), (-1,-1), (-1,-1)]
Turtle 2 :[(-2,-2), (13,7), (12,7), (11,7), (11,8), (11,7), (10,7), (10,8), (10,9)]
Turtle 3 :[(-3,-3), (7,6), (6,6), (6,5), (5,5), (4,5), (4,5), (3,5), (-3,-3)]
Turtle 4 :[(-4,-4), (1,15), (1,15), (1,16), (1,16), (0,16), (-4,-4), (-4,-4), (-4,-4)]
Turtle 5 :[(-5,-5), (0,5), (0,4), (0,3), (0,2), (0,1), (0,0), (-5,-5), (-5,-5)]

Shrinking Run 45
#Info# Executed steps before collision: 6, Found collision: true
Turtle 1 :[(-1,-1), (13,11), (12,11), (12,10), (11,10), (11,9), (10,9), (-1,-1)]
Turtle 2 :[(-2,-2), (13,7), (12,7), (11,7), (11,8), (10,8), (10,9), (-2,-2)]
Turtle 3 :[(-3,-3), (7,6), (6,6), (6,5), (5,5), (4,5), (4,5), (3,5)]
Turtle 4 :[(-4,-4), (1,15), (1,15), (1,16), (1,16), (0,16), (-4,-4), (-4,-4)]
Turtle 5 :[(-5,-5), (0,5), (0,4), (0,3), (0,2), (0,2), (0,1), (0,0)]

Shrinking Run 46
#Info# Executed steps before collision: 8, Found collision: false
Turtle 1 :[(-1,-1), (13,11), (12,11), (12,10), (11,10), (11,9), (10,9), (-1,-1), (-1,-1)]
Turtle 2 :[(-2,-2), (13,7), (12,7), (11,7), (11,8), (11,7), (10,7), (10,8), (10,9)]
Turtle 3 :[(-3,-3), (7,6), (6,6), (6,5), (5,5), (4,5), (4,5), (3,5), (-3,-3)]
Turtle 4 :[(-4,-4), (1,15), (1,15), (1,16), (1,16), (0,16), (-4,-4), (-4,-4), (-4,-4)]
Turtle 5 :[(-5,-5), (0,5), (0,4), (0,3), (0,2), (0,1), (0,1), (0,0), (-5,-5)]

Shrinking Run 47
#Info# Executed steps before collision: 10, Found collision: false
Turtle 1 :[(-1,-1), (13,11), (12,11), (12,10), (11,10), (11,9), (10,9), (-1,-1), (-1,-1), (-1,-1), (-1,-1)]
Turtle 2 :[(-2,-2), (13,7), (12,7), (11,7), (11,8), (11,7), (11,8), (11,9), (10,9), (-2,-2), (-2,-2)]
Turtle 3 :[(-3,-3), (7,6), (7,5), (6,5), (5,5), (5,5), (5,5), (4,5), (4,5), (4,5), (4,4)]
Turtle 4 :[(-4,-4), (1,15), (1,15), (1,16), (1,16), (0,16), (-4,-4), (-4,-4), (-4,-4), (-4,-4), (-4,-4)]
Turtle 5 :[(-5,-5), (0,5), (0,4), (0,3), (0,2), (0,2), (0,1), (0,0), (-5,-5), (-5,-5), (-5,-5)]

Shrinking Run 48
#Info# Executed steps before collision: 8, Found collision: false
Turtle 1 :[(-1,-1), (13,11), (12,11), (12,10), (11,10), (11,9), (10,9), (-1,-1), (-1,-1)]
Turtle 2 :[(-2,-2), (13,7), (12,7), (11,7), (11,8), (12,8), (11,8), (10,8), (10,9)]
Turtle 3 :[(-3,-3), (7,6), (6,6), (6,5), (5,5), (4,5), (3,5), (-3,-3), (-3,-3)]
Turtle 4 :[(-4,-4), (1,15), (1,15), (1,16), (1,16), (0,16), (-4,-4), (-4,-4), (-4,-4)]
Turtle 5 :[(-5,-5), (0,5), (0,4), (0,3), (0,2), (0,2), (0,1), (0,0), (-5,-5)]

Shrinking Run 49
#Info# Executed steps before collision: 8, Found collision: false
Turtle 1 :[(-1,-1), (13,11), (12,11), (12,10), (11,10), (11,9), (10,9), (-1,-1), (-1,-1)]
Turtle 2 :[(-2,-2), (13,7), (12,7), (11,7), (11,8), (12,8), (11,8), (11,9), (10,9)]
Turtle 3 :[(-3,-3), (7,6), (7,5), (6,5), (5,5), (4,5), (4,5), (3,5), (-3,-3)]
Turtle 4 :[(-4,-4), (1,15), (1,15), (1,16), (1,16), (0,16), (-4,-4), (-4,-4), (-4,-4)]
Turtle 5 :[(-5,-5), (0,5), (0,4), (0,3), (0,2), (0,2), (0,1), (0,0), (-5,-5)]

Shrinking Run 50
#Info# Executed steps before collision: 9, Found collision: false
Turtle 1 :[(-1,-1), (13,11), (12,11), (12,10), (11,10), (11,9), (11,10), (10,10), (10,9), (-1,-1)]
Turtle 2 :[(-2,-2), (13,7), (12,7), (11,7), (11,8), (10,8), (10,9), (-2,-2), (-2,-2), (-2,-2)]
Turtle 3 :[(-3,-3), (7,6), (6,6), (6,5), (5,5), (4,5), (4,5), (3,5), (-3,-3), (-3,-3)]
Turtle 4 :[(-4,-4), (1,15), (1,15), (1,15), (1,14), (1,13), (1,13), (1,12), (1,11), (0,11)]
Turtle 5 :[(-5,-5), (0,5), (0,4), (0,3), (0,2), (0,2), (0,1), (0,0), (-5,-5), (-5,-5)]

Shrinking Run 51
#Info# Executed steps before collision: 5, Found collision: true
Turtle 1 :[(-1,-1), (13,11), (12,11), (12,10), (11,10), (11,9), (10,9), (-1,-1), (-1,-1)]
Turtle 2 :[(-2,-2), (13,7), (12,7), (11,7), (11,8), (11,9), (10,9), (-2,-2), (-2,-2)]
Turtle 3 :[(-3,-3), (7,6), (6,6), (6,5), (5,5), (4,5), (4,5), (3,5), (-3,-3)]
Turtle 4 :[(-4,-4), (1,15), (1,15), (1,15), (1,14), (1,14), (1,13), (1,12), (0,12)]
Turtle 5 :[(-5,-5), (0,5), (0,4), (0,3), (0,2), (0,2), (0,1), (0,0), (-5,-5)]

Shrinking Run 52
#Info# Executed steps before collision: 8, Found collision: false
Turtle 1 :[(-1,-1), (13,11), (12,11), (12,10), (11,10), (11,9), (10,9), (-1,-1), (-1,-1)]
Turtle 2 :[(-2,-2), (13,7), (12,7), (11,7), (11,8), (12,8), (12,9), (11,9), (10,9)]
Turtle 3 :[(-3,-3), (7,6), (6,6), (6,5), (5,5), (4,5), (4,5), (3,5), (-3,-3)]
Turtle 4 :[(-4,-4), (1,15), (1,15), (1,15), (1,14), (1,14), (1,13), (0,13), (0,12)]
Turtle 5 :[(-5,-5), (0,5), (0,4), (0,3), (0,2), (0,2), (0,1), (0,0), (-5,-5)]

Shrinking Run 53
#Info# Executed steps before collision: 8, Found collision: false
Turtle 1 :[(-1,-1), (13,11), (12,11), (12,10), (11,10), (11,9), (10,9), (-1,-1), (-1,-1)]
Turtle 2 :[(-2,-2), (13,7), (12,7), (11,7), (11,8), (11,7), (11,8), (10,8), (10,9)]
Turtle 3 :[(-3,-3), (7,6), (6,6), (6,5), (5,5), (4,5), (4,5), (3,5), (-3,-3)]
Turtle 4 :[(-4,-4), (1,15), (1,15), (1,15), (0,15), (0,15), (0,14), (0,13), (0,12)]
Turtle 5 :[(-5,-5), (0,5), (0,4), (0,3), (0,2), (0,2), (0,1), (0,0), (-5,-5)]

Shrinking Run 54
#Info# Executed steps before collision: 5, Found collision: true
Turtle 1 :[(-1,-1), (13,11), (12,11), (12,10), (11,10), (11,9), (10,9), (-1,-1), (-1,-1)]
Turtle 2 :[(-2,-2), (13,7), (12,7), (11,7), (11,8), (11,9), (11,8), (10,8), (10,9)]
Turtle 3 :[(-3,-3), (7,6), (6,6), (6,5), (5,5), (4,5), (4,5), (3,5), (-3,-3)]
Turtle 4 :[(-4,-4), (1,15), (1,15), (1,15), (1,14), (1,14), (0,14), (0,13), (0,12)]
Turtle 5 :[(-5,-5), (0,5), (0,4), (0,3), (0,2), (0,2), (0,1), (0,0), (-5,-5)]

Shrinking Run 55
#Info# Executed steps before collision: 5, Found collision: true
Turtle 1 :[(-1,-1), (13,11), (12,11), (12,10), (11,10), (11,9), (10,9), (-1,-1)]
Turtle 2 :[(-2,-2), (13,7), (12,7), (11,7), (11,8), (11,9), (10,9), (-2,-2)]
Turtle 3 :[(-3,-3), (7,6), (6,6), (6,5), (5,5), (4,5), (4,5), (3,5)]
Turtle 4 :[(-4,-4), (1,15), (0,15), (0,14), (0,13), (0,12), (-4,-4), (-4,-4)]
Turtle 5 :[(-5,-5), (0,5), (0,4), (0,3), (0,2), (0,2), (0,1), (0,0)]

Shrinking Run 56
#Info# Executed steps before collision: 8, Found collision: false
Turtle 1 :[(-1,-1), (13,11), (12,11), (12,10), (11,10), (11,9), (10,9), (-1,-1), (-1,-1)]
Turtle 2 :[(-2,-2), (13,7), (12,7), (11,7), (11,8), (12,8), (11,8), (10,8), (10,9)]
Turtle 3 :[(-3,-3), (7,6), (6,6), (6,5), (5,5), (4,5), (4,5), (3,5), (-3,-3)]
Turtle 4 :[(-4,-4), (1,15), (1,14), (0,14), (0,13), (0,12), (-4,-4), (-4,-4), (-4,-4)]
Turtle 5 :[(-5,-5), (0,5), (0,4), (0,3), (0,2), (0,2), (0,1), (0,0), (-5,-5)]

Shrinking Run 57
#Info# Executed steps before collision: 8, Found collision: false
Turtle 1 :[(-1,-1), (13,11), (12,11), (12,10), (11,10), (11,9), (10,9), (-1,-1), (-1,-1)]
Turtle 2 :[(-2,-2), (13,7), (12,7), (11,7), (11,8), (12,8), (11,8), (11,9), (10,9)]
Turtle 3 :[(-3,-3), (7,6), (6,6), (6,5), (5,5), (4,5), (4,5), (3,5), (-3,-3)]
Turtle 4 :[(-4,-4), (1,15), (0,15), (0,14), (0,13), (0,12), (-4,-4), (-4,-4), (-4,-4)]
Turtle 5 :[(-5,-5), (0,5), (0,4), (0,3), (0,2), (0,1), (0,0), (-5,-5), (-5,-5)]

Shrinking Run 58
#Info# Executed steps before collision: 6, Found collision: true
Turtle 1 :[(-1,-1), (13,11), (12,11), (12,10), (11,10), (11,9), (10,9), (-1,-1)]
Turtle 2 :[(-2,-2), (13,7), (12,7), (11,7), (11,8), (10,8), (10,9), (-2,-2)]
Turtle 3 :[(-3,-3), (7,6), (6,6), (6,5), (5,5), (4,5), (4,5), (3,5)]
Turtle 4 :[(-4,-4), (1,15), (0,15), (0,14), (0,13), (0,12), (-4,-4), (-4,-4)]
Turtle 5 :[(-5,-5), (0,5), (0,4), (0,3), (0,2), (0,1), (0,1), (0,0)]

Shrinking Run 59
#Info# Executed steps before collision: 10, Found collision: false
Turtle 1 :[(-1,-1), (13,11), (12,11), (12,10), (11,10), (11,9), (10,9), (-1,-1), (-1,-1), (-1,-1), (-1,-1)]
Turtle 2 :[(-2,-2), (13,7), (12,7), (11,7), (11,8), (10,8), (11,8), (11,9), (10,9), (-2,-2), (-2,-2)]
Turtle 3 :[(-3,-3), (7,6), (7,5), (6,5), (5,5), (5,5), (5,5), (4,5), (4,5), (4,5), (4,4)]
Turtle 4 :[(-4,-4), (1,15), (0,15), (0,14), (0,13), (0,12), (-4,-4), (-4,-4), (-4,-4), (-4,-4), (-4,-4)]
Turtle 5 :[(-5,-5), (0,5), (0,4), (0,3), (0,2), (0,1), (0,1), (0,0), (-5,-5), (-5,-5), (-5,-5)]

Shrinking Run 60
#Info# Executed steps before collision: 8, Found collision: false
Turtle 1 :[(-1,-1), (13,11), (12,11), (12,10), (11,10), (11,9), (10,9), (-1,-1), (-1,-1)]
Turtle 2 :[(-2,-2), (13,7), (12,7), (11,7), (11,8), (11,7), (11,8), (10,8), (10,9)]
Turtle 3 :[(-3,-3), (7,6), (6,6), (6,5), (5,5), (4,5), (3,5), (-3,-3), (-3,-3)]
Turtle 4 :[(-4,-4), (1,15), (0,15), (0,14), (0,13), (0,12), (-4,-4), (-4,-4), (-4,-4)]
Turtle 5 :[(-5,-5), (0,5), (0,4), (0,3), (0,2), (0,1), (0,1), (0,0), (-5,-5)]

Shrinking Run 61
#Info# Executed steps before collision: 5, Found collision: true
Turtle 1 :[(-1,-1), (13,11), (12,11), (12,10), (11,10), (11,9), (10,9), (-1,-1)]
Turtle 2 :[(-2,-2), (13,7), (12,7), (11,7), (11,8), (11,9), (10,9), (-2,-2)]
Turtle 3 :[(-3,-3), (7,6), (7,5), (6,5), (5,5), (4,5), (4,5), (3,5)]
Turtle 4 :[(-4,-4), (1,15), (0,15), (0,14), (0,13), (0,12), (-4,-4), (-4,-4)]
Turtle 5 :[(-5,-5), (0,5), (0,4), (0,3), (0,2), (0,1), (0,1), (0,0)]

Shrinking Run 62
#Info# Executed steps before collision: 5, Found collision: true
Turtle 1 :[(-1,-1), (13,11), (12,11), (12,10), (11,10), (11,9), (11,10), (10,10), (10,9), (-1,-1)]
Turtle 2 :[(-2,-2), (13,7), (12,7), (11,7), (11,8), (11,9), (10,9), (-2,-2), (-2,-2), (-2,-2)]
Turtle 3 :[(-3,-3), (7,6), (7,5), (6,5), (5,5), (4,5), (4,5), (3,5), (-3,-3), (-3,-3)]
Turtle 4 :[(-4,-4), (1,15), (1,15), (1,15), (1,14), (1,13), (1,13), (1,12), (1,11), (0,11)]
Turtle 5 :[(-5,-5), (0,5), (0,4), (0,3), (0,2), (0,1), (0,1), (0,0), (-5,-5), (-5,-5)]

Shrinking Run 63
#Info# Executed steps before collision: 5, Found collision: true
Turtle 1 :[(-1,-1), (13,11), (12,11), (12,10), (11,10), (11,9), (10,9), (-1,-1), (-1,-1), (-1,-1)]
Turtle 2 :[(-2,-2), (13,7), (12,7), (11,7), (11,8), (11,9), (12,9), (11,9), (10,9), (-2,-2)]
Turtle 3 :[(-3,-3), (7,6), (7,5), (6,5), (5,5), (4,5), (4,5), (3,5), (-3,-3), (-3,-3)]
Turtle 4 :[(-4,-4), (1,15), (1,15), (1,15), (1,14), (1,13), (1,13), (0,13), (0,12), (0,11)]
Turtle 5 :[(-5,-5), (0,5), (0,4), (0,3), (0,2), (0,1), (0,1), (0,0), (-5,-5), (-5,-5)]

Shrinking Run 64
#Info# Executed steps before collision: 6, Found collision: true
Turtle 1 :[(-1,-1), (13,11), (12,11), (12,10), (11,10), (11,9), (10,9), (-1,-1)]
Turtle 2 :[(-2,-2), (13,7), (12,7), (11,7), (11,8), (10,8), (10,9), (-2,-2)]
Turtle 3 :[(-3,-3), (7,6), (7,5), (6,5), (5,5), (4,5), (4,5), (3,5)]
Turtle 4 :[(-4,-4), (1,15), (1,14), (1,13), (0,13), (0,12), (0,11), (-4,-4)]
Turtle 5 :[(-5,-5), (0,5), (0,4), (0,3), (0,2), (0,1), (0,1), (0,0)]

Shrinking Run 65
#Info# Executed steps before collision: 6, Found collision: true
Turtle 1 :[(-1,-1), (13,11), (12,11), (12,10), (11,10), (11,9), (10,9), (-1,-1)]
Turtle 2 :[(-2,-2), (13,7), (12,7), (11,7), (11,8), (10,8), (10,9), (-2,-2)]
Turtle 3 :[(-3,-3), (7,6), (7,5), (6,5), (5,5), (4,5), (4,5), (3,5)]
Turtle 4 :[(-4,-4), (1,15), (0,15), (0,14), (0,13), (0,12), (0,11), (-4,-4)]
Turtle 5 :[(-5,-5), (0,5), (0,4), (0,3), (0,2), (0,1), (0,1), (0,0)]

Shrinking Run 66
#Info# Executed steps before collision: 8, Found collision: false
Turtle 1 :[(-1,-1), (13,11), (12,11), (12,10), (11,10), (11,9), (10,9), (-1,-1), (-1,-1)]
Turtle 2 :[(-2,-2), (13,7), (12,7), (11,7), (11,8), (11,7), (11,8), (11,9), (10,9)]
Turtle 3 :[(-3,-3), (7,6), (7,5), (6,5), (5,5), (4,5), (4,5), (3,5), (-3,-3)]
Turtle 4 :[(-4,-4), (1,15), (0,15), (0,14), (0,13), (0,12), (0,11), (-4,-4), (-4,-4)]
Turtle 5 :[(-5,-5), (0,5), (0,4), (0,3), (0,2), (0,1), (0,0), (-5,-5), (-5,-5)]

Shrinking Run 67
#Info# Executed steps before collision: 10, Found collision: false
Turtle 1 :[(-1,-1), (13,11), (12,11), (12,10), (11,10), (11,9), (10,9), (-1,-1), (-1,-1), (-1,-1), (-1,-1)]
Turtle 2 :[(-2,-2), (13,7), (12,7), (11,7), (11,8), (11,7), (11,8), (10,8), (10,9), (-2,-2), (-2,-2)]
Turtle 3 :[(-3,-3), (7,6), (7,5), (6,5), (5,5), (5,5), (5,5), (4,5), (4,5), (4,5), (4,4)]
Turtle 4 :[(-4,-4), (1,15), (0,15), (0,14), (0,13), (0,12), (0,11), (-4,-4), (-4,-4), (-4,-4), (-4,-4)]
Turtle 5 :[(-5,-5), (0,5), (0,4), (0,3), (0,2), (0,1), (0,1), (0,0), (-5,-5), (-5,-5), (-5,-5)]

Shrink Run 68
#Info# Executed steps before collision: 8, Found collision: false
Turtle 1 :[(-1,-1), (13,11), (12,11), (12,10), (11,10), (11,9), (10,9), (-1,-1), (-1,-1)]
Turtle 2 :[(-2,-2), (13,7), (12,7), (11,7), (11,8), (12,8), (12,9), (11,9), (10,9)]
Turtle 3 :[(-3,-3), (7,6), (6,6), (6,5), (5,5), (4,5), (3,5), (-3,-3), (-3,-3)]
Turtle 4 :[(-4,-4), (1,15), (0,15), (0,14), (0,13), (0,12), (0,11), (-4,-4), (-4,-4)]
Turtle 5 :[(-5,-5), (0,5), (0,4), (0,3), (0,2), (0,1), (0,1), (0,0), (-5,-5)]

