Detection Run 1
#Info# Executed steps before collision: 6, Found collision: false
Turtle 1 :[(-1,-1), (0,8), (1,8), (2,8), (3,8), (4,8), (4,7)]
Turtle 2 :[(-2,-2), (9,19), (8,19), (8,19), (8,18), (9,18), (-2,-2)]
Turtle 3 :[(-3,-3), (11,11), (11,12), (11,13), (11,14), (10,14), (9,14)]
Turtle 4 :[(-4,-4), (17,5), (16,5), (15,5), (14,5), (-4,-4), (-4,-4)]
Turtle 5 :[(-5,-5), (9,18), (8,18), (8,17), (7,17), (7,16), (6,16)]

Detection Run 2
#Info# Executed steps before collision: 6, Found collision: false
Turtle 1 :[(-1,-1), (1,14), (2,14), (2,13), (3,13), (3,12), (3,11)]
Turtle 2 :[(-2,-2), (12,4), (12,3), (12,2), (13,2), (13,1), (13,0)]
Turtle 3 :[(-3,-3), (15,5), (14,5), (14,4), (13,4), (12,4), (11,4)]
Turtle 4 :[(-4,-4), (2,15), (2,16), (1,16), (1,15), (1,14), (0,14)]
Turtle 5 :[(-5,-5), (6,6), (6,5), (7,5), (7,4), (7,3), (7,2)]

Detection Run 3
#Info# Executed steps before collision: 6, Found collision: false
Turtle 1 :[(-1,-1), (16,10), (16,9), (15,9), (15,8), (15,7), (14,7)]
Turtle 2 :[(-2,-2), (15,9), (15,8), (15,7), (15,6), (16,6), (17,6)]
Turtle 3 :[(-3,-3), (6,18), (5,18), (5,19), (4,19), (-3,-3), (-3,-3)]
Turtle 4 :[(-4,-4), (8,16), (7,16), (7,17), (7,18), (7,19), (6,19)]
Turtle 5 :[(-5,-5), (1,7), (1,8), (1,9), (0,9), (-5,-5), (-5,-5)]

Detection Run 4
#Info# Executed steps before collision: 6, Found collision: false
Turtle 1 :[(-1,-1), (3,10), (4,10), (4,11), (4,12), (4,13), (-1,-1)]
Turtle 2 :[(-2,-2), (16,16), (15,16), (15,17), (15,18), (14,18), (-2,-2)]
Turtle 3 :[(-3,-3), (1,1), (2,1), (2,2), (3,2), (-3,-3), (-3,-3)]
Turtle 4 :[(-4,-4), (7,16), (8,16), (9,16), (10,16), (11,16), (11,17)]
Turtle 5 :[(-5,-5), (15,18), (14,18), (14,19), (14,19), (13,19), (12,19)]

Detection Run 5
#Info# Executed steps before collision: 6, Found collision: false
Turtle 1 :[(-1,-1), (7,17), (6,17), (6,16), (6,15), (6,14), (6,13)]
Turtle 2 :[(-2,-2), (17,19), (18,19), (18,18), (18,17), (18,16), (19,16)]
Turtle 3 :[(-3,-3), (10,12), (10,13), (9,13), (8,13), (8,14), (7,14)]
Turtle 4 :[(-4,-4), (15,6), (14,6), (13,6), (12,6), (12,5), (11,5)]
Turtle 5 :[(-5,-5), (5,14), (6,14), (5,14), (4,14), (3,14), (-5,-5)]

Detection Run 6
#Info# Executed steps before collision: 9, Found collision: false
Turtle 1 :[(-1,-1), (18,16), (17,16), (17,17), (16,17), (16,18), (15,18), (-1,-1), (-1,-1), (-1,-1)]
Turtle 2 :[(-2,-2), (11,5), (11,4), (11,3), (10,3), (10,2), (10,1), (-2,-2), (-2,-2), (-2,-2)]
Turtle 3 :[(-3,-3), (18,1), (19,1), (19,1), (19,0), (-3,-3), (-3,-3), (-3,-3), (-3,-3), (-3,-3)]
Turtle 4 :[(-4,-4), (2,1), (3,1), (3,2), (3,1), (4,1), (3,1), (3,0), (-4,-4), (-4,-4)]
Turtle 5 :[(-5,-5), (2,0), (3,0), (3,0), (4,0), (5,0), (5,1), (4,1), (4,2), (4,3)]

Detection Run 7
#Info# Executed steps before collision: 6, Found collision: false
Turtle 1 :[(-1,-1), (9,11), (9,12), (9,13), (9,14), (10,14), (10,15)]
Turtle 2 :[(-2,-2), (16,13), (16,14), (16,15), (16,16), (16,17), (17,17)]
Turtle 3 :[(-3,-3), (13,15), (13,14), (13,15), (13,14), (13,15), (13,16)]
Turtle 4 :[(-4,-4), (12,9), (11,9), (11,8), (10,8), (10,7), (9,7)]
Turtle 5 :[(-5,-5), (12,16), (13,16), (13,17), (14,17), (14,18), (14,19)]

Detection Run 8
#Info# Executed steps before collision: 7, Found collision: false
Turtle 1 :[(-1,-1), (5,6), (5,5), (5,5), (4,5), (4,4), (4,3), (3,3)]
Turtle 2 :[(-2,-2), (16,6), (15,6), (14,6), (-2,-2), (-2,-2), (-2,-2), (-2,-2)]
Turtle 3 :[(-3,-3), (3,0), (3,1), (3,2), (3,3), (3,4), (4,4), (-3,-3)]
Turtle 4 :[(-4,-4), (0,13), (1,13), (0,13), (0,14), (-4,-4), (-4,-4), (-4,-4)]
Turtle 5 :[(-5,-5), (9,15), (8,15), (8,14), (7,14), (7,13), (-5,-5), (-5,-5)]

Fault Detection Run 9
#Info# Executed steps before collision: 5, Found collision: true
Turtle 1 :[(-1,-1), (5,13), (5,14), (4,14), (3,14), (2,14), (2,15), (-1,-1)]
Turtle 2 :[(-2,-2), (1,16), (1,15), (1,14), (1,13), (0,13), (-2,-2), (-2,-2)]
Turtle 3 :[(-3,-3), (15,9), (15,10), (16,10), (17,10), (17,11), (18,11), (-3,-3)]
Turtle 4 :[(-4,-4), (19,19), (18,19), (17,19), (17,19), (17,19), (16,19), (15,19)]
Turtle 5 :[(-5,-5), (0,11), (0,10), (0,11), (0,12), (0,13), (-5,-5), (-5,-5)]

