Shrinking Run 1
#Info# Executed steps before collision: 4, Found collision: true
Turtle 1 :[(-1,-1), (16,4), (16,4), (15,4), (14,4), (14,4), (13,4), (13,4), (12,4), (12,4), (11,4), (-1,-1)]
Turtle 2 :[(-2,-2), (6,2), (5,2), (5,2), (5,2), (5,2), (5,2), (5,2), (5,1), (4,1), (3,1), (2,1)]
Turtle 3 :[(-3,-3), (4,9), (3,9), (2,9), (1,9), (1,8), (1,8), (1,8), (1,7), (-3,-3), (-3,-3), (-3,-3)]
Turtle 4 :[(-4,-4), (13,15), (13,15), (12,15), (12,15), (12,14), (12,13), (11,13), (-4,-4), (-4,-4), (-4,-4), (-4,-4)]
Turtle 5 :[(-5,-5), (14,5), (14,4), (14,5), (14,4), (14,3), (15,3), (16,3), (16,2), (-5,-5), (-5,-5), (-5,-5)]

Shrinking Run 2
#Info# Executed steps before collision: 11, Found collision: false
Turtle 1 :[(-1,-1), (16,4), (16,4), (16,3), (15,3), (15,3), (14,3), (14,3), (14,2), (14,2), (13,2), (-1,-1)]
Turtle 2 :[(-2,-2), (6,2), (5,2), (5,2), (5,2), (5,2), (5,2), (5,2), (5,1), (4,1), (3,1), (2,1)]
Turtle 3 :[(-3,-3), (4,9), (3,9), (2,9), (1,9), (1,8), (1,8), (1,8), (1,7), (-3,-3), (-3,-3), (-3,-3)]
Turtle 4 :[(-4,-4), (13,15), (13,15), (12,15), (12,15), (12,14), (12,13), (11,13), (-4,-4), (-4,-4), (-4,-4), (-4,-4)]
Turtle 5 :[(-5,-5), (14,5), (14,4), (15,4), (15,4), (16,4), (16,3), (16,3), (16,3), (16,3), (16,2), (-5,-5)]

Shrinking Run 3
#Info# Executed steps before collision: 11, Found collision: false
Turtle 1 :[(-1,-1), (16,4), (16,4), (16,3), (15,3), (15,3), (14,3), (14,3), (13,3), (13,3), (12,3), (-1,-1)]
Turtle 2 :[(-2,-2), (6,2), (5,2), (5,2), (5,2), (5,2), (5,2), (5,2), (5,1), (4,1), (3,1), (2,1)]
Turtle 3 :[(-3,-3), (4,9), (3,9), (2,9), (1,9), (1,8), (1,8), (1,8), (1,7), (-3,-3), (-3,-3), (-3,-3)]
Turtle 4 :[(-4,-4), (13,15), (13,15), (12,15), (12,15), (12,14), (12,13), (11,13), (-4,-4), (-4,-4), (-4,-4), (-4,-4)]
Turtle 5 :[(-5,-5), (14,5), (14,4), (15,4), (15,4), (16,4), (16,3), (16,3), (16,3), (16,3), (16,2), (-5,-5)]

Shrinking Run 4
#Info# Executed steps before collision: 11, Found collision: false
Turtle 1 :[(-1,-1), (16,4), (15,4), (14,4), (13,4), (12,4), (11,4), (-1,-1), (-1,-1), (-1,-1), (-1,-1), (-1,-1)]
Turtle 2 :[(-2,-2), (6,2), (5,2), (5,2), (5,2), (5,2), (5,2), (5,2), (5,1), (4,1), (3,1), (2,1)]
Turtle 3 :[(-3,-3), (4,9), (3,9), (2,9), (1,9), (1,8), (1,8), (1,8), (1,7), (-3,-3), (-3,-3), (-3,-3)]
Turtle 4 :[(-4,-4), (13,15), (13,15), (12,15), (12,15), (12,14), (12,13), (11,13), (-4,-4), (-4,-4), (-4,-4), (-4,-4)]
Turtle 5 :[(-5,-5), (14,5), (14,4), (15,4), (15,4), (16,4), (16,3), (16,3), (16,3), (16,3), (16,2), (-5,-5)]

Shrinking Run 5
#Info# Executed steps before collision: 11, Found collision: false
Turtle 1 :[(-1,-1), (16,4), (15,4), (14,4), (13,4), (13,4), (12,4), (11,4), (-1,-1), (-1,-1), (-1,-1), (-1,-1)]
Turtle 2 :[(-2,-2), (6,2), (5,2), (5,2), (5,2), (5,2), (5,2), (5,2), (5,1), (4,1), (3,1), (2,1)]
Turtle 3 :[(-3,-3), (4,9), (3,9), (2,9), (1,9), (1,8), (1,8), (1,8), (1,7), (-3,-3), (-3,-3), (-3,-3)]
Turtle 4 :[(-4,-4), (13,15), (13,15), (12,15), (12,15), (12,14), (12,13), (11,13), (-4,-4), (-4,-4), (-4,-4), (-4,-4)]
Turtle 5 :[(-5,-5), (14,5), (14,4), (15,4), (15,4), (16,4), (16,3), (16,3), (16,3), (16,3), (16,2), (-5,-5)]

Shrinking Run 6
#Info# Executed steps before collision: 3, Found collision: true
Turtle 1 :[(-1,-1), (16,4), (16,4), (15,4), (14,4), (13,4), (12,4), (12,4), (11,4), (-1,-1), (-1,-1), (-1,-1)]
Turtle 2 :[(-2,-2), (6,2), (5,2), (5,2), (5,2), (5,2), (5,2), (5,2), (5,1), (4,1), (3,1), (2,1)]
Turtle 3 :[(-3,-3), (4,9), (3,9), (2,9), (1,9), (1,8), (1,8), (1,8), (1,7), (-3,-3), (-3,-3), (-3,-3)]
Turtle 4 :[(-4,-4), (13,15), (13,15), (12,15), (12,15), (12,14), (12,13), (11,13), (-4,-4), (-4,-4), (-4,-4), (-4,-4)]
Turtle 5 :[(-5,-5), (14,5), (14,4), (15,4), (15,4), (15,4), (16,4), (16,3), (16,3), (16,3), (16,3), (16,2)]

Shrinking Run 7
#Info# Executed steps before collision: 11, Found collision: false
Turtle 1 :[(-1,-1), (16,4), (15,4), (14,4), (13,4), (13,4), (12,4), (12,4), (11,4), (-1,-1), (-1,-1), (-1,-1)]
Turtle 2 :[(-2,-2), (6,2), (5,2), (5,2), (5,2), (5,2), (5,2), (5,2), (5,1), (4,1), (3,1), (2,1)]
Turtle 3 :[(-3,-3), (4,9), (3,9), (2,9), (1,9), (1,8), (1,8), (1,8), (1,7), (-3,-3), (-3,-3), (-3,-3)]
Turtle 4 :[(-4,-4), (13,15), (13,15), (12,15), (12,15), (12,14), (12,13), (11,13), (-4,-4), (-4,-4), (-4,-4), (-4,-4)]
Turtle 5 :[(-5,-5), (14,5), (14,4), (15,4), (15,4), (16,4), (16,3), (16,3), (16,3), (16,3), (16,2), (-5,-5)]

Shrinking Run 8
#Info# Executed steps before collision: 3, Found collision: true
Turtle 1 :[(-1,-1), (16,4), (16,4), (15,4), (14,4), (13,4), (12,4), (12,4), (11,4), (-1,-1), (-1,-1), (-1,-1)]
Turtle 2 :[(-2,-2), (6,2), (6,1), (6,1), (6,1), (6,1), (6,1), (6,1), (5,1), (4,1), (3,1), (2,1)]
Turtle 3 :[(-3,-3), (4,9), (3,9), (2,9), (1,9), (1,8), (1,8), (1,8), (1,7), (-3,-3), (-3,-3), (-3,-3)]
Turtle 4 :[(-4,-4), (13,15), (13,15), (12,15), (12,15), (12,14), (12,13), (11,13), (-4,-4), (-4,-4), (-4,-4), (-4,-4)]
Turtle 5 :[(-5,-5), (14,5), (14,4), (15,4), (15,5), (15,4), (15,3), (15,2), (16,2), (-5,-5), (-5,-5), (-5,-5)]

Shrinking Run 9
#Info# Executed steps before collision: 3, Found collision: true
Turtle 1 :[(-1,-1), (16,4), (16,4), (15,4), (14,4), (13,4), (12,4), (12,4), (11,4), (-1,-1), (-1,-1), (-1,-1)]
Turtle 2 :[(-2,-2), (6,2), (5,2), (5,2), (5,2), (5,2), (5,2), (5,2), (4,2), (3,2), (2,2), (1,2)]
Turtle 3 :[(-3,-3), (4,9), (3,9), (2,9), (1,9), (1,8), (1,8), (1,8), (1,7), (-3,-3), (-3,-3), (-3,-3)]
Turtle 4 :[(-4,-4), (13,15), (13,15), (12,15), (12,15), (12,14), (12,13), (11,13), (-4,-4), (-4,-4), (-4,-4), (-4,-4)]
Turtle 5 :[(-5,-5), (14,5), (14,4), (15,4), (16,4), (16,3), (16,2), (-5,-5), (-5,-5), (-5,-5), (-5,-5), (-5,-5)]

Shrinking Run 10
#Info# Executed steps before collision: 9, Found collision: false
Turtle 1 :[(-1,-1), (16,4), (16,4), (17,4), (16,4), (15,4), (14,4), (13,4), (12,4), (11,4)]
Turtle 2 :[(-2,-2), (6,2), (5,2), (4,2), (3,2), (2,2), (1,2), (-2,-2), (-2,-2), (-2,-2)]
Turtle 3 :[(-3,-3), (4,9), (3,9), (2,9), (1,9), (1,8), (1,8), (1,8), (1,7), (-3,-3)]
Turtle 4 :[(-4,-4), (13,15), (13,15), (12,15), (12,15), (12,14), (12,13), (11,13), (-4,-4), (-4,-4)]
Turtle 5 :[(-5,-5), (14,5), (14,4), (15,4), (15,4), (15,5), (16,5), (16,4), (16,3), (16,2)]

Shrinking Run 11
#Info# Executed steps before collision: 3, Found collision: true
Turtle 1 :[(-1,-1), (16,4), (16,4), (15,4), (14,4), (13,4), (12,4), (12,4), (11,4)]
Turtle 2 :[(-2,-2), (6,2), (5,2), (4,2), (3,2), (3,2), (2,2), (1,2), (-2,-2)]
Turtle 3 :[(-3,-3), (4,9), (3,9), (2,9), (1,9), (1,8), (1,8), (1,8), (1,7)]
Turtle 4 :[(-4,-4), (13,15), (13,15), (12,15), (12,15), (12,14), (12,13), (11,13), (-4,-4)]
Turtle 5 :[(-5,-5), (14,5), (14,4), (15,4), (15,5), (15,4), (15,3), (15,2), (16,2)]

Shrinking Run 12
#Info# Executed steps before collision: 3, Found collision: true
Turtle 1 :[(-1,-1), (16,4), (16,4), (15,4), (14,4), (13,4), (12,4), (12,4), (11,4)]
Turtle 2 :[(-2,-2), (6,2), (5,2), (4,2), (3,2), (2,2), (2,2), (1,2), (-2,-2)]
Turtle 3 :[(-3,-3), (4,9), (3,9), (2,9), (1,9), (1,8), (1,8), (1,8), (1,7)]
Turtle 4 :[(-4,-4), (13,15), (13,15), (12,15), (12,15), (12,14), (12,13), (11,13), (-4,-4)]
Turtle 5 :[(-5,-5), (14,5), (14,4), (15,4), (15,3), (16,3), (16,2), (-5,-5), (-5,-5)]

Shrinking Run 13
#Info# Executed steps before collision: 3, Found collision: true
Turtle 1 :[(-1,-1), (16,4), (16,4), (15,4), (14,4), (13,4), (12,4), (12,4), (11,4), (-1,-1), (-1,-1), (-1,-1)]
Turtle 2 :[(-2,-2), (6,2), (5,2), (4,2), (3,2), (2,2), (2,2), (1,2), (-2,-2), (-2,-2), (-2,-2), (-2,-2)]
Turtle 3 :[(-3,-3), (4,9), (3,9), (3,8), (3,7), (3,6), (3,6), (3,6), (3,5), (-3,-3), (-3,-3), (-3,-3)]
Turtle 4 :[(-4,-4), (13,15), (13,15), (12,15), (12,15), (12,14), (12,13), (11,13), (-4,-4), (-4,-4), (-4,-4), (-4,-4)]
Turtle 5 :[(-5,-5), (14,5), (14,4), (15,4), (15,4), (15,4), (16,4), (16,3), (16,3), (16,3), (16,3), (16,2)]

Shrinking Run 14
#Info# Executed steps before collision: 3, Found collision: true
Turtle 1 :[(-1,-1), (16,4), (16,4), (15,4), (14,4), (13,4), (12,4), (12,4), (11,4)]
Turtle 2 :[(-2,-2), (6,2), (5,2), (4,2), (3,2), (2,2), (2,2), (1,2), (-2,-2)]
Turtle 3 :[(-3,-3), (4,9), (3,9), (2,9), (2,8), (2,7), (2,7), (2,7), (2,6)]
Turtle 4 :[(-4,-4), (13,15), (13,15), (12,15), (12,15), (12,14), (12,13), (11,13), (-4,-4)]
Turtle 5 :[(-5,-5), (14,5), (14,4), (15,4), (16,4), (16,3), (16,2), (-5,-5), (-5,-5)]

Shrinking Run 15
#Info# Executed steps before collision: 3, Found collision: true
Turtle 1 :[(-1,-1), (16,4), (16,4), (15,4), (14,4), (13,4), (12,4), (12,4), (11,4)]
Turtle 2 :[(-2,-2), (6,2), (5,2), (4,2), (3,2), (2,2), (2,2), (1,2), (-2,-2)]
Turtle 3 :[(-3,-3), (4,9), (3,9), (2,9), (2,8), (1,8), (1,8), (1,8), (1,7)]
Turtle 4 :[(-4,-4), (13,15), (13,15), (12,15), (12,15), (12,14), (12,13), (11,13), (-4,-4)]
Turtle 5 :[(-5,-5), (14,5), (14,4), (15,4), (15,5), (15,4), (15,3), (16,3), (16,2)]

Shrinking Run 16
#Info# Executed steps before collision: 3, Found collision: true
Turtle 1 :[(-1,-1), (16,4), (16,4), (15,4), (14,4), (13,4), (12,4), (12,4), (11,4)]
Turtle 2 :[(-2,-2), (6,2), (5,2), (4,2), (3,2), (2,2), (2,2), (1,2), (-2,-2)]
Turtle 3 :[(-3,-3), (4,9), (3,9), (2,9), (1,9), (0,9), (0,9), (0,9), (0,8)]
Turtle 4 :[(-4,-4), (13,15), (13,15), (12,15), (12,15), (12,14), (12,13), (11,13), (-4,-4)]
Turtle 5 :[(-5,-5), (14,5), (14,4), (15,4), (15,5), (15,4), (15,3), (16,3), (16,2)]

Shrinking Run 17
#Info# Executed steps before collision: 3, Found collision: true
Turtle 1 :[(-1,-1), (16,4), (16,4), (15,4), (14,4), (13,4), (12,4), (12,4), (11,4)]
Turtle 2 :[(-2,-2), (6,2), (5,2), (4,2), (3,2), (2,2), (2,2), (1,2), (-2,-2)]
Turtle 3 :[(-3,-3), (4,9), (3,9), (2,9), (1,9), (0,9), (0,8), (-3,-3), (-3,-3)]
Turtle 4 :[(-4,-4), (13,15), (13,15), (12,15), (12,15), (12,14), (12,13), (11,13), (-4,-4)]
Turtle 5 :[(-5,-5), (14,5), (14,4), (15,4), (15,3), (15,2), (16,2), (-5,-5), (-5,-5)]

Shrinking Run 18
#Info# Executed steps before collision: 3, Found collision: true
Turtle 1 :[(-1,-1), (16,4), (16,4), (15,4), (14,4), (13,4), (12,4), (12,4), (11,4)]
Turtle 2 :[(-2,-2), (6,2), (5,2), (4,2), (3,2), (2,2), (2,2), (1,2), (-2,-2)]
Turtle 3 :[(-3,-3), (4,9), (3,9), (2,9), (1,9), (0,9), (0,8), (-3,-3), (-3,-3)]
Turtle 4 :[(-4,-4), (13,15), (13,15), (12,15), (12,15), (11,15), (10,15), (9,15), (8,15)]
Turtle 5 :[(-5,-5), (14,5), (14,4), (15,4), (15,3), (15,2), (16,2), (-5,-5), (-5,-5)]

Shrinking Run 19
#Info# Executed steps before collision: 10, Found collision: false
Turtle 1 :[(-1,-1), (16,4), (16,4), (16,5), (15,5), (14,5), (14,4), (13,4), (12,4), (11,4), (-1,-1)]
Turtle 2 :[(-2,-2), (6,2), (5,2), (4,2), (3,2), (2,2), (2,2), (1,2), (-2,-2), (-2,-2), (-2,-2)]
Turtle 3 :[(-3,-3), (4,9), (3,9), (2,9), (1,9), (0,9), (0,8), (-3,-3), (-3,-3), (-3,-3), (-3,-3)]
Turtle 4 :[(-4,-4), (13,15), (13,15), (12,15), (12,15), (12,14), (11,14), (11,13), (10,13), (-4,-4), (-4,-4)]
Turtle 5 :[(-5,-5), (14,5), (14,4), (15,4), (15,4), (16,4), (16,3), (16,3), (16,3), (16,3), (16,2)]

Shrinking Run 20
#Info# Executed steps before collision: 3, Found collision: true
Turtle 1 :[(-1,-1), (16,4), (16,4), (15,4), (14,4), (13,4), (12,4), (12,4), (11,4)]
Turtle 2 :[(-2,-2), (6,2), (5,2), (4,2), (3,2), (2,2), (2,2), (1,2), (-2,-2)]
Turtle 3 :[(-3,-3), (4,9), (3,9), (2,9), (1,9), (0,9), (0,8), (-3,-3), (-3,-3)]
Turtle 4 :[(-4,-4), (13,15), (13,15), (12,15), (12,15), (12,14), (11,14), (10,14), (9,14)]
Turtle 5 :[(-5,-5), (14,5), (14,4), (15,4), (15,3), (16,3), (16,2), (-5,-5), (-5,-5)]

Shrinking Run 21
#Info# Executed steps before collision: 9, Found collision: false
Turtle 1 :[(-1,-1), (16,4), (16,4), (15,4), (15,4), (14,4), (13,4), (12,4), (12,4), (11,4)]
Turtle 2 :[(-2,-2), (6,2), (5,2), (4,2), (3,2), (2,2), (2,2), (1,2), (-2,-2), (-2,-2)]
Turtle 3 :[(-3,-3), (4,9), (3,9), (2,9), (1,9), (0,9), (0,8), (-3,-3), (-3,-3), (-3,-3)]
Turtle 4 :[(-4,-4), (13,15), (13,15), (12,15), (12,15), (11,15), (10,15), (9,15), (9,14), (-4,-4)]
Turtle 5 :[(-5,-5), (14,5), (14,4), (14,4), (14,4), (14,3), (15,3), (15,2), (16,2), (-5,-5)]

Shrinking Run 22
#Info# Executed steps before collision: 3, Found collision: true
Turtle 1 :[(-1,-1), (16,4), (16,4), (15,4), (14,4), (13,4), (12,4), (12,4), (11,4)]
Turtle 2 :[(-2,-2), (6,2), (5,2), (4,2), (3,2), (2,2), (2,2), (1,2), (-2,-2)]
Turtle 3 :[(-3,-3), (4,9), (3,9), (2,9), (1,9), (0,9), (0,8), (-3,-3), (-3,-3)]
Turtle 4 :[(-4,-4), (13,15), (12,15), (11,15), (11,14), (10,14), (9,14), (-4,-4), (-4,-4)]
Turtle 5 :[(-5,-5), (14,5), (14,4), (15,4), (16,4), (16,3), (16,2), (-5,-5), (-5,-5)]

Shrinking Run 23
#Info# Executed steps before collision: 8, Found collision: false
Turtle 1 :[(-1,-1), (16,4), (16,4), (15,4), (14,4), (13,4), (12,4), (12,4), (11,4)]
Turtle 2 :[(-2,-2), (6,2), (5,2), (4,2), (3,2), (2,2), (2,2), (1,2), (-2,-2)]
Turtle 3 :[(-3,-3), (4,9), (3,9), (2,9), (1,9), (0,9), (0,8), (-3,-3), (-3,-3)]
Turtle 4 :[(-4,-4), (13,15), (12,15), (11,15), (10,15), (10,14), (9,14), (-4,-4), (-4,-4)]
Turtle 5 :[(-5,-5), (14,5), (14,4), (14,3), (15,3), (15,2), (16,2), (-5,-5), (-5,-5)]

Shrinking Run 24
#Info# Executed steps before collision: 9, Found collision: false
Turtle 1 :[(-1,-1), (16,4), (16,4), (17,4), (16,4), (15,4), (14,4), (13,4), (12,4), (11,4)]
Turtle 2 :[(-2,-2), (6,2), (5,2), (4,2), (3,2), (2,2), (2,2), (1,2), (-2,-2), (-2,-2)]
Turtle 3 :[(-3,-3), (4,9), (3,9), (2,9), (1,9), (0,9), (0,8), (-3,-3), (-3,-3), (-3,-3)]
Turtle 4 :[(-4,-4), (13,15), (13,14), (12,14), (11,14), (10,14), (9,14), (-4,-4), (-4,-4), (-4,-4)]
Turtle 5 :[(-5,-5), (14,5), (14,4), (15,4), (15,4), (16,4), (16,3), (16,2), (-5,-5), (-5,-5)]

Shrinking Run 25
#Info# Executed steps before collision: 11, Found collision: false
Turtle 1 :[(-1,-1), (16,4), (16,4), (15,4), (14,4), (13,4), (12,4), (13,4), (12,4), (12,5), (11,5), (11,4)]
Turtle 2 :[(-2,-2), (6,2), (5,2), (4,2), (3,2), (2,2), (2,2), (1,2), (-2,-2), (-2,-2), (-2,-2), (-2,-2)]
Turtle 3 :[(-3,-3), (4,9), (3,9), (2,9), (1,9), (0,9), (0,8), (-3,-3), (-3,-3), (-3,-3), (-3,-3), (-3,-3)]
Turtle 4 :[(-4,-4), (13,15), (12,15), (11,15), (11,14), (10,14), (9,14), (-4,-4), (-4,-4), (-4,-4), (-4,-4), (-4,-4)]
Turtle 5 :[(-5,-5), (14,5), (14,4), (13,4), (13,4), (12,4), (11,4), (11,4), (11,4), (11,4), (11,3), (-5,-5)]

Shrinking Run 26
#Info# Executed steps before collision: 10, Found collision: false
Turtle 1 :[(-1,-1), (16,4), (16,4), (15,4), (14,4), (13,4), (12,4), (11,4), (-1,-1), (-1,-1), (-1,-1)]
Turtle 2 :[(-2,-2), (6,2), (5,2), (4,2), (3,2), (2,2), (2,2), (1,2), (-2,-2), (-2,-2), (-2,-2)]
Turtle 3 :[(-3,-3), (4,9), (3,9), (2,9), (1,9), (0,9), (0,8), (-3,-3), (-3,-3), (-3,-3), (-3,-3)]
Turtle 4 :[(-4,-4), (13,15), (12,15), (11,15), (11,14), (10,14), (9,14), (-4,-4), (-4,-4), (-4,-4), (-4,-4)]
Turtle 5 :[(-5,-5), (14,5), (14,4), (13,4), (13,4), (12,4), (12,3), (12,3), (12,3), (12,3), (12,2)]

Shrinking Run 27
#Info# Executed steps before collision: 10, Found collision: false
Turtle 1 :[(-1,-1), (16,4), (16,4), (17,4), (16,4), (15,4), (14,4), (13,4), (12,4), (11,4), (-1,-1)]
Turtle 2 :[(-2,-2), (6,2), (5,2), (4,2), (3,2), (2,2), (2,2), (1,2), (-2,-2), (-2,-2), (-2,-2)]
Turtle 3 :[(-3,-3), (4,9), (3,9), (2,9), (1,9), (0,9), (0,8), (-3,-3), (-3,-3), (-3,-3), (-3,-3)]
Turtle 4 :[(-4,-4), (13,15), (12,15), (11,15), (11,14), (10,14), (9,14), (-4,-4), (-4,-4), (-4,-4), (-4,-4)]
Turtle 5 :[(-5,-5), (14,5), (14,4), (14,3), (14,3), (15,3), (15,2), (15,2), (15,2), (15,2), (15,1)]

Shrinking Run 28
#Info# Executed steps before collision: 3, Found collision: true
Turtle 1 :[(-1,-1), (16,4), (16,4), (15,4), (14,4), (13,4), (12,4), (12,4), (11,4)]
Turtle 2 :[(-2,-2), (6,2), (5,2), (4,2), (3,2), (2,2), (2,2), (1,2), (-2,-2)]
Turtle 3 :[(-3,-3), (4,9), (3,9), (2,9), (1,9), (0,9), (0,8), (-3,-3), (-3,-3)]
Turtle 4 :[(-4,-4), (13,15), (12,15), (11,15), (11,14), (10,14), (9,14), (-4,-4), (-4,-4)]
Turtle 5 :[(-5,-5), (14,5), (15,5), (15,4), (16,4), (16,3), (16,2), (-5,-5), (-5,-5)]

Shrinking Run 29
#Info# Executed steps before collision: 9, Found collision: false
Turtle 1 :[(-1,-1), (16,4), (16,4), (17,4), (16,4), (15,4), (14,4), (13,4), (12,4), (11,4)]
Turtle 2 :[(-2,-2), (6,2), (5,2), (4,2), (3,2), (2,2), (2,2), (1,2), (-2,-2), (-2,-2)]
Turtle 3 :[(-3,-3), (4,9), (3,9), (2,9), (1,9), (0,9), (0,8), (-3,-3), (-3,-3), (-3,-3)]
Turtle 4 :[(-4,-4), (13,15), (12,15), (11,15), (11,14), (10,14), (9,14), (-4,-4), (-4,-4), (-4,-4)]
Turtle 5 :[(-5,-5), (14,5), (15,5), (16,5), (16,6), (16,5), (16,4), (16,3), (16,2), (-5,-5)]

Shrinking Run 30
#Info# Executed steps before collision: 8, Found collision: false
Turtle 1 :[(-1,-1), (16,4), (16,4), (15,4), (14,4), (13,4), (12,4), (12,4), (11,4)]
Turtle 2 :[(-2,-2), (6,2), (5,2), (4,2), (3,2), (2,2), (2,2), (1,2), (-2,-2)]
Turtle 3 :[(-3,-3), (4,9), (3,9), (2,9), (1,9), (0,9), (0,8), (-3,-3), (-3,-3)]
Turtle 4 :[(-4,-4), (13,15), (12,15), (11,15), (11,14), (10,14), (9,14), (-4,-4), (-4,-4)]
Turtle 5 :[(-5,-5), (14,5), (15,5), (16,5), (16,4), (16,3), (16,3), (16,2), (-5,-5)]

Shrinking Run 31
#Info# Executed steps before collision: 8, Found collision: false
Turtle 1 :[(-1,-1), (16,4), (16,4), (15,4), (14,4), (13,4), (12,4), (12,4), (11,4)]
Turtle 2 :[(-2,-2), (6,2), (5,2), (4,2), (3,2), (2,2), (2,2), (1,2), (-2,-2)]
Turtle 3 :[(-3,-3), (4,9), (3,9), (2,9), (1,9), (0,9), (0,8), (-3,-3), (-3,-3)]
Turtle 4 :[(-4,-4), (13,15), (12,15), (11,15), (11,14), (10,14), (9,14), (-4,-4), (-4,-4)]
Turtle 5 :[(-5,-5), (14,5), (15,5), (15,6), (16,6), (16,5), (16,4), (16,3), (16,2)]

Shrinking Run 32
#Info# Executed steps before collision: 8, Found collision: false
Turtle 1 :[(-1,-1), (16,4), (16,4), (15,4), (14,4), (13,4), (12,4), (12,4), (11,4)]
Turtle 2 :[(-2,-2), (6,2), (5,2), (4,2), (3,2), (2,2), (2,2), (1,2), (-2,-2)]
Turtle 3 :[(-3,-3), (4,9), (3,9), (2,9), (1,9), (0,9), (0,8), (-3,-3), (-3,-3)]
Turtle 4 :[(-4,-4), (13,15), (12,15), (11,15), (11,14), (10,14), (9,14), (-4,-4), (-4,-4)]
Turtle 5 :[(-5,-5), (14,5), (15,5), (16,5), (16,4), (16,3), (16,2), (-5,-5), (-5,-5)]

Shrinking Run 33
#Info# Executed steps before collision: 10, Found collision: false
Turtle 1 :[(-1,-1), (16,4), (16,4), (15,4), (14,4), (13,4), (12,4), (12,4), (11,4), (-1,-1), (-1,-1)]
Turtle 2 :[(-2,-2), (6,2), (5,2), (4,2), (3,2), (2,2), (2,2), (1,2), (-2,-2), (-2,-2), (-2,-2)]
Turtle 3 :[(-3,-3), (4,9), (3,9), (2,9), (1,9), (0,9), (0,8), (-3,-3), (-3,-3), (-3,-3), (-3,-3)]
Turtle 4 :[(-4,-4), (13,15), (12,15), (11,15), (11,14), (10,14), (9,14), (-4,-4), (-4,-4), (-4,-4), (-4,-4)]
Turtle 5 :[(-5,-5), (14,5), (15,5), (16,5), (16,5), (16,4), (16,3), (16,3), (16,3), (16,3), (16,2)]

Shrinking Run 34
#Info# Executed steps before collision: 3, Found collision: true
Turtle 1 :[(-1,-1), (16,4), (16,4), (15,4), (14,4), (13,4), (12,4), (12,4), (11,4), (-1,-1), (-1,-1)]
Turtle 2 :[(-2,-2), (6,2), (5,2), (4,2), (3,2), (2,2), (2,2), (1,2), (-2,-2), (-2,-2), (-2,-2)]
Turtle 3 :[(-3,-3), (4,9), (3,9), (2,9), (1,9), (0,9), (0,8), (-3,-3), (-3,-3), (-3,-3), (-3,-3)]
Turtle 4 :[(-4,-4), (13,15), (12,15), (11,15), (11,14), (10,14), (9,14), (-4,-4), (-4,-4), (-4,-4), (-4,-4)]
Turtle 5 :[(-5,-5), (14,5), (15,5), (15,4), (16,4), (16,3), (16,3), (16,3), (16,3), (16,3), (16,2)]

Shrinking Run 35
#Info# Executed steps before collision: 11, Found collision: false
Turtle 1 :[(-1,-1), (16,4), (16,4), (16,3), (15,3), (15,3), (14,3), (14,3), (14,2), (14,2), (13,2), (-1,-1)]
Turtle 2 :[(-2,-2), (6,2), (5,2), (4,2), (3,2), (2,2), (2,2), (1,2), (-2,-2), (-2,-2), (-2,-2), (-2,-2)]
Turtle 3 :[(-3,-3), (4,9), (3,9), (2,9), (1,9), (0,9), (0,8), (-3,-3), (-3,-3), (-3,-3), (-3,-3), (-3,-3)]
Turtle 4 :[(-4,-4), (13,15), (12,15), (11,15), (11,14), (10,14), (9,14), (-4,-4), (-4,-4), (-4,-4), (-4,-4), (-4,-4)]
Turtle 5 :[(-5,-5), (14,5), (15,5), (15,5), (15,4), (16,4), (16,3), (16,3), (16,3), (16,3), (16,3), (16,2)]

Shrinking Run 36
#Info# Executed steps before collision: 10, Found collision: false
Turtle 1 :[(-1,-1), (16,4), (16,4), (16,3), (15,3), (15,3), (14,3), (14,3), (13,3), (13,3), (12,3)]
Turtle 2 :[(-2,-2), (6,2), (5,2), (4,2), (3,2), (2,2), (2,2), (1,2), (-2,-2), (-2,-2), (-2,-2)]
Turtle 3 :[(-3,-3), (4,9), (3,9), (2,9), (1,9), (0,9), (0,8), (-3,-3), (-3,-3), (-3,-3), (-3,-3)]
Turtle 4 :[(-4,-4), (13,15), (12,15), (11,15), (11,14), (10,14), (9,14), (-4,-4), (-4,-4), (-4,-4), (-4,-4)]
Turtle 5 :[(-5,-5), (14,5), (15,5), (15,4), (16,4), (16,3), (16,3), (16,3), (16,3), (16,3), (16,2)]

Shrinking Run 37
#Info# Executed steps before collision: 7, Found collision: false
Turtle 1 :[(-1,-1), (16,4), (15,4), (14,4), (13,4), (12,4), (11,4), (-1,-1)]
Turtle 2 :[(-2,-2), (6,2), (5,2), (4,2), (3,2), (2,2), (2,2), (1,2)]
Turtle 3 :[(-3,-3), (4,9), (3,9), (2,9), (1,9), (0,9), (0,8), (-3,-3)]
Turtle 4 :[(-4,-4), (13,15), (12,15), (11,15), (11,14), (10,14), (9,14), (-4,-4)]
Turtle 5 :[(-5,-5), (14,5), (15,5), (16,5), (16,4), (16,3), (16,2), (-5,-5)]

Shrinking Run 38
#Info# Executed steps before collision: 8, Found collision: false
Turtle 1 :[(-1,-1), (16,4), (15,4), (14,4), (13,4), (13,4), (12,4), (11,4), (-1,-1)]
Turtle 2 :[(-2,-2), (6,2), (5,2), (4,2), (3,2), (2,2), (2,2), (1,2), (-2,-2)]
Turtle 3 :[(-3,-3), (4,9), (3,9), (2,9), (1,9), (0,9), (0,8), (-3,-3), (-3,-3)]
Turtle 4 :[(-4,-4), (13,15), (12,15), (11,15), (11,14), (10,14), (9,14), (-4,-4), (-4,-4)]
Turtle 5 :[(-5,-5), (14,5), (15,5), (15,6), (16,6), (16,5), (16,4), (16,3), (16,2)]

Shrinking Run 39
#Info# Executed steps before collision: 10, Found collision: false
Turtle 1 :[(-1,-1), (16,4), (15,4), (14,4), (13,4), (13,4), (12,4), (12,4), (11,4), (-1,-1), (-1,-1)]
Turtle 2 :[(-2,-2), (6,2), (5,2), (4,2), (3,2), (2,2), (2,2), (1,2), (-2,-2), (-2,-2), (-2,-2)]
Turtle 3 :[(-3,-3), (4,9), (3,9), (2,9), (1,9), (0,9), (0,8), (-3,-3), (-3,-3), (-3,-3), (-3,-3)]
Turtle 4 :[(-4,-4), (13,15), (12,15), (11,15), (11,14), (10,14), (9,14), (-4,-4), (-4,-4), (-4,-4), (-4,-4)]
Turtle 5 :[(-5,-5), (14,5), (15,5), (15,4), (16,4), (16,3), (16,3), (16,3), (16,3), (16,3), (16,2)]

Shrinking Run 40
#Info# Executed steps before collision: 8, Found collision: false
Turtle 1 :[(-1,-1), (16,4), (16,4), (15,4), (14,4), (13,4), (12,4), (12,4), (11,4)]
Turtle 2 :[(-2,-2), (6,2), (5,2), (4,2), (3,2), (2,2), (1,2), (-2,-2), (-2,-2)]
Turtle 3 :[(-3,-3), (4,9), (3,9), (2,9), (1,9), (0,9), (0,8), (-3,-3), (-3,-3)]
Turtle 4 :[(-4,-4), (13,15), (12,15), (11,15), (11,14), (10,14), (9,14), (-4,-4), (-4,-4)]
Turtle 5 :[(-5,-5), (14,5), (15,5), (15,6), (15,5), (15,4), (15,3), (16,3), (16,2)]

Shrinking Run 41
#Info# Executed steps before collision: 10, Found collision: false
Turtle 1 :[(-1,-1), (16,4), (16,4), (16,3), (15,3), (14,3), (13,3), (12,3), (12,4), (11,4), (-1,-1)]
Turtle 2 :[(-2,-2), (6,2), (5,2), (4,2), (3,2), (2,2), (2,2), (1,2), (-2,-2), (-2,-2), (-2,-2)]
Turtle 3 :[(-3,-3), (4,9), (3,9), (2,9), (1,9), (0,9), (0,8), (-3,-3), (-3,-3), (-3,-3), (-3,-3)]
Turtle 4 :[(-4,-4), (13,15), (13,15), (12,15), (12,15), (12,14), (11,14), (11,13), (10,13), (-4,-4), (-4,-4)]
Turtle 5 :[(-5,-5), (14,5), (15,5), (15,4), (16,4), (16,3), (16,3), (16,3), (16,3), (16,3), (16,2)]

Shrinking Run 42
#Info# Executed steps before collision: 10, Found collision: false
Turtle 1 :[(-1,-1), (16,4), (16,4), (16,4), (16,4), (15,4), (14,4), (13,4), (12,4), (12,4), (11,4)]
Turtle 2 :[(-2,-2), (6,2), (5,2), (4,2), (3,2), (2,2), (2,2), (1,2), (-2,-2), (-2,-2), (-2,-2)]
Turtle 3 :[(-3,-3), (4,9), (3,9), (2,9), (1,9), (0,9), (0,8), (-3,-3), (-3,-3), (-3,-3), (-3,-3)]
Turtle 4 :[(-4,-4), (13,15), (13,15), (12,15), (12,15), (11,15), (10,15), (9,15), (9,14), (-4,-4), (-4,-4)]
Turtle 5 :[(-5,-5), (14,5), (15,5), (15,4), (15,3), (15,2), (16,2), (-5,-5), (-5,-5), (-5,-5), (-5,-5)]

Shrinking Run 43
#Info# Executed steps before collision: 3, Found collision: true
Turtle 1 :[(-1,-1), (16,4), (16,4), (15,4), (14,4), (13,4), (12,4), (12,4), (11,4), (-1,-1), (-1,-1)]
Turtle 2 :[(-2,-2), (6,2), (5,2), (4,2), (3,2), (2,2), (2,2), (1,2), (-2,-2), (-2,-2), (-2,-2)]
Turtle 3 :[(-3,-3), (4,9), (3,9), (2,9), (1,9), (0,9), (0,8), (-3,-3), (-3,-3), (-3,-3), (-3,-3)]
Turtle 4 :[(-4,-4), (13,15), (12,15), (11,15), (10,15), (10,14), (9,14), (-4,-4), (-4,-4), (-4,-4), (-4,-4)]
Turtle 5 :[(-5,-5), (14,5), (15,5), (15,4), (16,4), (16,3), (16,3), (16,3), (16,3), (16,3), (16,2)]

Shrink Run 44
#Info# Executed steps before collision: 12, Found collision: false
Turtle 1 :[(-1,-1), (16,4), (16,4), (15,4), (14,4), (13,4), (12,4), (12,4), (11,4), (-1,-1), (-1,-1), (-1,-1), (-1,-1)]
Turtle 2 :[(-2,-2), (6,2), (5,2), (4,2), (3,2), (2,2), (2,2), (1,2), (-2,-2), (-2,-2), (-2,-2), (-2,-2), (-2,-2)]
Turtle 3 :[(-3,-3), (4,9), (3,9), (2,9), (1,9), (0,9), (0,8), (-3,-3), (-3,-3), (-3,-3), (-3,-3), (-3,-3), (-3,-3)]
Turtle 4 :[(-4,-4), (13,15), (12,15), (11,15), (11,14), (10,14), (9,14), (-4,-4), (-4,-4), (-4,-4), (-4,-4), (-4,-4), (-4,-4)]
Turtle 5 :[(-5,-5), (14,5), (15,5), (15,5), (15,5), (15,4), (16,4), (16,3), (16,3), (16,3), (16,3), (16,3), (16,2)]

