Detection Run 1
#Info# Executed steps before collision: 6, Found collision: false
Turtle 1 :[(-1,-1), (11,10), (11,11), (11,12), (12,12), (-1,-1), (-1,-1)]
Turtle 2 :[(-2,-2), (8,4), (8,5), (8,6), (9,6), (9,7), (-2,-2)]
Turtle 3 :[(-3,-3), (5,14), (6,14), (7,14), (8,14), (8,13), (9,13)]
Turtle 4 :[(-4,-4), (3,5), (3,4), (2,4), (1,4), (1,3), (-4,-4)]
Turtle 5 :[(-5,-5), (9,7), (9,6), (9,5), (9,4), (9,3), (8,3)]

Detection Run 2
#Info# Executed steps before collision: 6, Found collision: false
Turtle 1 :[(-1,-1), (9,2), (9,1), (8,1), (8,0), (-1,-1), (-1,-1)]
Turtle 2 :[(-2,-2), (14,7), (13,7), (14,7), (14,8), (14,8), (14,9)]
Turtle 3 :[(-3,-3), (0,2), (1,2), (1,1), (0,1), (0,0), (-3,-3)]
Turtle 4 :[(-4,-4), (6,12), (6,11), (7,11), (7,10), (8,10), (9,10)]
Turtle 5 :[(-5,-5), (4,13), (4,14), (5,14), (5,14), (6,14), (7,14)]

Detection Run 3
#Info# Executed steps before collision: 5, Found collision: false
Turtle 1 :[(-1,-1), (12,2), (13,2), (14,2), (14,2), (14,3)]
Turtle 2 :[(-2,-2), (13,14), (13,13), (-2,-2), (-2,-2), (-2,-2)]
Turtle 3 :[(-3,-3), (7,1), (7,2), (8,2), (9,2), (-3,-3)]
Turtle 4 :[(-4,-4), (2,12), (2,13), (2,14), (2,14), (1,14)]
Turtle 5 :[(-5,-5), (8,14), (7,14), (7,14), (-5,-5), (-5,-5)]

Fault Detection Run 4
#Info# Executed steps before collision: 3, Found collision: true
Turtle 1 :[(-1,-1), (2,1), (1,1), (0,1), (0,0), (-1,-1), (-1,-1)]
Turtle 2 :[(-2,-2), (12,2), (11,2), (11,1), (11,0), (-2,-2), (-2,-2)]
Turtle 3 :[(-3,-3), (7,7), (8,7), (9,7), (9,8), (-3,-3), (-3,-3)]
Turtle 4 :[(-4,-4), (10,0), (10,1), (11,1), (12,1), (13,1), (14,1)]
Turtle 5 :[(-5,-5), (9,11), (9,10), (9,9), (9,8), (10,8), (11,8)]

