Shrinking Run 1
#Info# Executed steps before collision: 9, Found collision: false
Turtle 1 :[(-1,-1), (15,11), (15,10), (15,9), (15,8), (15,7), (15,7), (14,7), (-1,-1), (-1,-1)]
Turtle 2 :[(-2,-2), (9,28), (10,28), (9,28), (9,27), (9,26), (-2,-2), (-2,-2), (-2,-2), (-2,-2)]
Turtle 3 :[(-3,-3), (19,11), (18,11), (18,11), (17,11), (17,11), (17,11), (16,11), (16,12), (15,12)]
Turtle 4 :[(-4,-4), (16,16), (15,16), (15,15), (15,15), (15,14), (15,14), (14,14), (13,14), (-4,-4)]
Turtle 5 :[(-5,-5), (32,21), (32,21), (31,21), (30,21), (30,21), (29,21), (28,21), (28,20), (-5,-5)]

Shrinking Run 2
#Info# Executed steps before collision: 9, Found collision: false
Turtle 1 :[(-1,-1), (15,11), (15,10), (15,9), (14,9), (14,8), (14,8), (13,8), (-1,-1), (-1,-1)]
Turtle 2 :[(-2,-2), (9,28), (10,28), (9,28), (9,27), (9,26), (-2,-2), (-2,-2), (-2,-2), (-2,-2)]
Turtle 3 :[(-3,-3), (19,11), (18,11), (18,11), (17,11), (17,11), (17,11), (16,11), (16,12), (15,12)]
Turtle 4 :[(-4,-4), (16,16), (15,16), (15,15), (15,15), (15,14), (15,14), (14,14), (13,14), (-4,-4)]
Turtle 5 :[(-5,-5), (32,21), (32,21), (31,21), (30,21), (30,21), (29,21), (28,21), (28,20), (-5,-5)]

Shrinking Run 3
#Info# Executed steps before collision: 9, Found collision: false
Turtle 1 :[(-1,-1), (15,11), (15,12), (14,12), (13,12), (12,12), (12,12), (11,12), (-1,-1), (-1,-1)]
Turtle 2 :[(-2,-2), (9,28), (10,28), (9,28), (9,27), (9,26), (-2,-2), (-2,-2), (-2,-2), (-2,-2)]
Turtle 3 :[(-3,-3), (19,11), (18,11), (18,11), (17,11), (17,11), (17,11), (16,11), (16,12), (15,12)]
Turtle 4 :[(-4,-4), (16,16), (15,16), (15,15), (15,15), (15,14), (15,14), (14,14), (13,14), (-4,-4)]
Turtle 5 :[(-5,-5), (32,21), (32,21), (31,21), (30,21), (30,21), (29,21), (28,21), (28,20), (-5,-5)]

Shrinking Run 4
#Info# Executed steps before collision: 9, Found collision: false
Turtle 1 :[(-1,-1), (15,11), (15,12), (15,13), (14,13), (14,14), (14,14), (13,14), (-1,-1), (-1,-1)]
Turtle 2 :[(-2,-2), (9,28), (10,28), (9,28), (9,27), (9,26), (-2,-2), (-2,-2), (-2,-2), (-2,-2)]
Turtle 3 :[(-3,-3), (19,11), (18,11), (18,11), (17,11), (17,11), (17,11), (16,11), (16,12), (15,12)]
Turtle 4 :[(-4,-4), (16,16), (15,16), (15,15), (15,15), (15,14), (15,14), (15,14), (14,14), (13,14)]
Turtle 5 :[(-5,-5), (32,21), (32,21), (31,21), (30,21), (30,21), (29,21), (28,21), (28,20), (-5,-5)]

Shrinking Run 5
#Info# Executed steps before collision: 9, Found collision: false
Turtle 1 :[(-1,-1), (15,11), (14,11), (14,12), (14,13), (14,14), (14,14), (13,14), (-1,-1), (-1,-1)]
Turtle 2 :[(-2,-2), (9,28), (10,28), (9,28), (9,27), (9,26), (-2,-2), (-2,-2), (-2,-2), (-2,-2)]
Turtle 3 :[(-3,-3), (19,11), (18,11), (18,11), (17,11), (17,11), (17,11), (16,11), (16,12), (15,12)]
Turtle 4 :[(-4,-4), (16,16), (15,16), (15,15), (15,15), (15,14), (15,14), (15,14), (14,14), (13,14)]
Turtle 5 :[(-5,-5), (32,21), (32,21), (31,21), (30,21), (30,21), (29,21), (28,21), (28,20), (-5,-5)]

Shrinking Run 6
#Info# Executed steps before collision: 9, Found collision: false
Turtle 1 :[(-1,-1), (15,11), (15,12), (14,12), (14,13), (14,14), (14,14), (13,14), (-1,-1), (-1,-1)]
Turtle 2 :[(-2,-2), (9,28), (10,28), (9,28), (9,27), (9,26), (-2,-2), (-2,-2), (-2,-2), (-2,-2)]
Turtle 3 :[(-3,-3), (19,11), (18,11), (18,11), (17,11), (17,11), (17,11), (16,11), (16,12), (15,12)]
Turtle 4 :[(-4,-4), (16,16), (15,16), (15,15), (15,15), (15,14), (15,14), (15,14), (14,14), (13,14)]
Turtle 5 :[(-5,-5), (32,21), (32,21), (31,21), (30,21), (30,21), (29,21), (28,21), (28,20), (-5,-5)]

Shrinking Run 7
#Info# Executed steps before collision: 6, Found collision: true
Turtle 1 :[(-1,-1), (15,11), (15,12), (15,13), (15,14), (14,14), (14,14), (13,14), (-1,-1), (-1,-1)]
Turtle 2 :[(-2,-2), (9,28), (10,28), (9,28), (9,27), (9,26), (-2,-2), (-2,-2), (-2,-2), (-2,-2)]
Turtle 3 :[(-3,-3), (19,11), (18,11), (18,11), (17,11), (17,11), (17,11), (16,11), (16,12), (15,12)]
Turtle 4 :[(-4,-4), (16,16), (15,16), (15,15), (15,15), (15,14), (14,14), (15,14), (14,14), (13,14)]
Turtle 5 :[(-5,-5), (32,21), (32,21), (31,21), (30,21), (30,21), (29,21), (28,21), (28,20), (-5,-5)]

Shrinking Run 8
#Info# Executed steps before collision: 9, Found collision: false
Turtle 1 :[(-1,-1), (15,11), (15,12), (15,13), (15,14), (14,14), (13,14), (-1,-1), (-1,-1), (-1,-1)]
Turtle 2 :[(-2,-2), (9,28), (10,28), (9,28), (9,27), (9,26), (-2,-2), (-2,-2), (-2,-2), (-2,-2)]
Turtle 3 :[(-3,-3), (19,11), (18,11), (18,11), (17,11), (17,11), (17,11), (16,11), (16,12), (15,12)]
Turtle 4 :[(-4,-4), (16,16), (15,16), (15,15), (15,15), (15,14), (14,14), (14,15), (14,14), (13,14)]
Turtle 5 :[(-5,-5), (32,21), (32,21), (31,21), (30,21), (30,21), (29,21), (28,21), (28,20), (-5,-5)]

Shrinking Run 9
#Info# Executed steps before collision: 10, Found collision: false
Turtle 1 :[(-1,-1), (15,11), (15,12), (15,13), (15,14), (14,14), (14,14), (13,14), (-1,-1), (-1,-1), (-1,-1)]
Turtle 2 :[(-2,-2), (9,28), (8,28), (8,28), (7,28), (7,28), (7,28), (7,28), (7,27), (7,26), (6,26)]
Turtle 3 :[(-3,-3), (19,11), (18,11), (18,11), (17,11), (17,11), (17,11), (16,11), (16,12), (15,12), (-3,-3)]
Turtle 4 :[(-4,-4), (16,16), (15,16), (15,15), (15,15), (14,15), (13,15), (13,16), (13,15), (13,14), (-4,-4)]
Turtle 5 :[(-5,-5), (32,21), (32,21), (31,21), (30,21), (30,21), (29,21), (28,21), (28,20), (-5,-5), (-5,-5)]

Shrinking Run 10
#Info# Executed steps before collision: 10, Found collision: false
Turtle 1 :[(-1,-1), (15,11), (15,12), (15,13), (15,14), (14,14), (14,14), (13,14), (-1,-1), (-1,-1), (-1,-1)]
Turtle 2 :[(-2,-2), (9,28), (9,27), (9,27), (8,27), (8,27), (8,27), (8,27), (8,26), (7,26), (6,26)]
Turtle 3 :[(-3,-3), (19,11), (18,11), (18,11), (17,11), (17,11), (17,11), (16,11), (16,12), (15,12), (-3,-3)]
Turtle 4 :[(-4,-4), (16,16), (15,16), (15,15), (15,15), (15,15), (15,15), (15,14), (15,14), (14,14), (13,14)]
Turtle 5 :[(-5,-5), (32,21), (32,21), (31,21), (30,21), (30,21), (29,21), (28,21), (28,20), (-5,-5), (-5,-5)]

Shrinking Run 11
#Info# Executed steps before collision: 9, Found collision: false
Turtle 1 :[(-1,-1), (15,11), (15,12), (15,13), (15,14), (14,14), (14,14), (13,14), (-1,-1), (-1,-1)]
Turtle 2 :[(-2,-2), (9,28), (9,27), (8,27), (7,27), (8,27), (8,26), (-2,-2), (-2,-2), (-2,-2)]
Turtle 3 :[(-3,-3), (19,11), (18,11), (18,11), (17,11), (17,11), (17,11), (16,11), (16,12), (15,12)]
Turtle 4 :[(-4,-4), (16,16), (15,16), (15,15), (15,15), (15,15), (15,14), (15,14), (14,14), (13,14)]
Turtle 5 :[(-5,-5), (32,21), (32,21), (31,21), (30,21), (30,21), (29,21), (28,21), (28,20), (-5,-5)]

Shrinking Run 12
#Info# Executed steps before collision: 6, Found collision: true
Turtle 1 :[(-1,-1), (15,11), (15,12), (15,13), (15,14), (14,14), (14,14), (13,14), (-1,-1), (-1,-1), (-1,-1)]
Turtle 2 :[(-2,-2), (9,28), (9,27), (9,27), (9,26), (9,26), (9,26), (9,26), (9,25), (9,24), (9,23)]
Turtle 3 :[(-3,-3), (19,11), (18,11), (18,11), (17,11), (17,11), (17,11), (16,11), (16,12), (15,12), (-3,-3)]
Turtle 4 :[(-4,-4), (16,16), (15,16), (15,15), (15,15), (15,14), (14,14), (14,13), (14,14), (13,14), (-4,-4)]
Turtle 5 :[(-5,-5), (32,21), (32,21), (31,21), (30,21), (30,21), (29,21), (28,21), (28,20), (-5,-5), (-5,-5)]

Shrinking Run 13
#Info# Executed steps before collision: 6, Found collision: true
Turtle 1 :[(-1,-1), (15,11), (15,12), (15,13), (15,14), (14,14), (14,14), (13,14), (-1,-1), (-1,-1), (-1,-1)]
Turtle 2 :[(-2,-2), (9,28), (9,27), (9,27), (8,27), (8,27), (8,27), (8,27), (8,26), (8,25), (7,25)]
Turtle 3 :[(-3,-3), (19,11), (18,11), (18,11), (17,11), (17,11), (17,11), (16,11), (16,12), (15,12), (-3,-3)]
Turtle 4 :[(-4,-4), (16,16), (15,16), (15,15), (15,15), (14,15), (14,14), (14,14), (14,13), (14,14), (13,14)]
Turtle 5 :[(-5,-5), (32,21), (32,21), (31,21), (30,21), (30,21), (29,21), (28,21), (28,20), (-5,-5), (-5,-5)]

Shrinking Run 14
#Info# Executed steps before collision: 7, Found collision: true
Turtle 1 :[(-1,-1), (15,11), (15,12), (15,13), (15,14), (14,14), (14,14), (13,14), (-1,-1), (-1,-1), (-1,-1)]
Turtle 2 :[(-2,-2), (9,28), (9,27), (9,27), (8,27), (8,27), (8,27), (8,27), (7,27), (7,26), (6,26)]
Turtle 3 :[(-3,-3), (19,11), (18,11), (18,11), (17,11), (17,11), (17,11), (16,11), (16,12), (15,12), (-3,-3)]
Turtle 4 :[(-4,-4), (16,16), (15,16), (15,15), (15,15), (14,15), (13,15), (13,14), (-4,-4), (-4,-4), (-4,-4)]
Turtle 5 :[(-5,-5), (32,21), (32,21), (31,21), (30,21), (30,21), (29,21), (28,21), (28,20), (-5,-5), (-5,-5)]

Shrinking Run 15
#Info# Executed steps before collision: 6, Found collision: true
Turtle 1 :[(-1,-1), (15,11), (15,12), (15,13), (15,14), (14,14), (14,14), (13,14), (-1,-1), (-1,-1), (-1,-1)]
Turtle 2 :[(-2,-2), (9,28), (8,28), (8,28), (7,28), (7,28), (7,28), (7,28), (6,28), (6,27), (5,27)]
Turtle 3 :[(-3,-3), (19,11), (18,11), (18,11), (17,11), (17,11), (17,11), (16,11), (16,12), (15,12), (-3,-3)]
Turtle 4 :[(-4,-4), (16,16), (15,16), (15,15), (15,15), (15,14), (14,14), (13,14), (-4,-4), (-4,-4), (-4,-4)]
Turtle 5 :[(-5,-5), (32,21), (32,21), (31,21), (30,21), (30,21), (29,21), (28,21), (28,20), (-5,-5), (-5,-5)]

Shrinking Run 16
#Info# Executed steps before collision: 6, Found collision: true
Turtle 1 :[(-1,-1), (15,11), (15,12), (15,13), (15,14), (14,14), (14,14), (13,14), (-1,-1), (-1,-1), (-1,-1)]
Turtle 2 :[(-2,-2), (9,28), (8,28), (8,28), (7,28), (7,28), (7,28), (7,28), (6,28), (5,28), (4,28)]
Turtle 3 :[(-3,-3), (19,11), (18,11), (18,11), (17,11), (17,11), (17,11), (16,11), (16,12), (15,12), (-3,-3)]
Turtle 4 :[(-4,-4), (16,16), (15,16), (15,15), (15,15), (14,15), (14,14), (14,14), (14,13), (14,14), (13,14)]
Turtle 5 :[(-5,-5), (32,21), (32,21), (31,21), (30,21), (30,21), (29,21), (28,21), (28,20), (-5,-5), (-5,-5)]

Shrinking Run 17
#Info# Executed steps before collision: 9, Found collision: false
Turtle 1 :[(-1,-1), (15,11), (15,12), (15,13), (15,14), (14,14), (14,14), (13,14), (-1,-1), (-1,-1)]
Turtle 2 :[(-2,-2), (9,28), (8,28), (7,28), (6,28), (5,28), (4,28), (-2,-2), (-2,-2), (-2,-2)]
Turtle 3 :[(-3,-3), (19,11), (18,11), (18,11), (17,11), (17,11), (17,11), (16,11), (16,12), (15,12)]
Turtle 4 :[(-4,-4), (16,16), (15,16), (15,15), (15,15), (15,16), (15,15), (15,14), (14,14), (13,14)]
Turtle 5 :[(-5,-5), (32,21), (32,21), (31,21), (30,21), (30,21), (29,21), (28,21), (28,20), (-5,-5)]

Shrinking Run 18
#Info# Executed steps before collision: 9, Found collision: false
Turtle 1 :[(-1,-1), (15,11), (15,12), (15,13), (15,14), (14,14), (14,14), (13,14), (-1,-1), (-1,-1)]
Turtle 2 :[(-2,-2), (9,28), (8,28), (8,28), (7,28), (6,28), (5,28), (4,28), (-2,-2), (-2,-2)]
Turtle 3 :[(-3,-3), (19,11), (18,11), (18,11), (17,11), (17,11), (17,11), (16,11), (16,12), (15,12)]
Turtle 4 :[(-4,-4), (16,16), (15,16), (15,15), (15,15), (14,15), (13,15), (12,15), (13,15), (13,14)]
Turtle 5 :[(-5,-5), (32,21), (32,21), (31,21), (30,21), (30,21), (29,21), (28,21), (28,20), (-5,-5)]

Shrinking Run 19
#Info# Executed steps before collision: 9, Found collision: false
Turtle 1 :[(-1,-1), (15,11), (15,12), (15,13), (15,14), (14,14), (14,14), (13,14), (-1,-1), (-1,-1)]
Turtle 2 :[(-2,-2), (9,28), (8,28), (8,28), (7,28), (7,28), (6,28), (5,28), (4,28), (-2,-2)]
Turtle 3 :[(-3,-3), (19,11), (18,11), (18,11), (17,11), (17,11), (17,11), (16,11), (16,12), (15,12)]
Turtle 4 :[(-4,-4), (16,16), (15,16), (15,15), (15,15), (15,16), (14,16), (14,15), (13,15), (13,14)]
Turtle 5 :[(-5,-5), (32,21), (32,21), (31,21), (30,21), (30,21), (29,21), (28,21), (28,20), (-5,-5)]

Shrinking Run 20
#Info# Executed steps before collision: 9, Found collision: false
Turtle 1 :[(-1,-1), (15,11), (15,12), (15,13), (15,14), (14,14), (14,14), (13,14), (-1,-1), (-1,-1)]
Turtle 2 :[(-2,-2), (9,28), (8,28), (8,28), (7,28), (7,28), (6,28), (6,28), (5,28), (4,28)]
Turtle 3 :[(-3,-3), (19,11), (18,11), (18,11), (17,11), (17,11), (17,11), (16,11), (16,12), (15,12)]
Turtle 4 :[(-4,-4), (16,16), (15,16), (15,15), (15,15), (16,15), (15,15), (15,14), (14,14), (13,14)]
Turtle 5 :[(-5,-5), (32,21), (32,21), (31,21), (30,21), (30,21), (29,21), (28,21), (28,20), (-5,-5)]

Shrinking Run 21
#Info# Executed steps before collision: 10, Found collision: false
Turtle 1 :[(-1,-1), (15,11), (15,12), (15,13), (15,14), (14,14), (14,14), (13,14), (-1,-1), (-1,-1), (-1,-1)]
Turtle 2 :[(-2,-2), (9,28), (8,28), (7,28), (6,28), (6,28), (6,28), (6,28), (5,28), (5,28), (4,28)]
Turtle 3 :[(-3,-3), (19,11), (18,11), (18,11), (17,11), (17,11), (17,11), (16,11), (16,12), (15,12), (-3,-3)]
Turtle 4 :[(-4,-4), (16,16), (15,16), (15,15), (15,15), (14,15), (13,15), (13,15), (13,16), (13,15), (13,14)]
Turtle 5 :[(-5,-5), (32,21), (32,21), (31,21), (30,21), (30,21), (29,21), (28,21), (28,20), (-5,-5), (-5,-5)]

Shrinking Run 22
#Info# Executed steps before collision: 10, Found collision: false
Turtle 1 :[(-1,-1), (15,11), (15,12), (15,13), (15,14), (14,14), (14,14), (13,14), (-1,-1), (-1,-1), (-1,-1)]
Turtle 2 :[(-2,-2), (9,28), (8,28), (8,28), (7,28), (6,28), (6,28), (6,28), (5,28), (5,28), (4,28)]
Turtle 3 :[(-3,-3), (19,11), (18,11), (18,11), (17,11), (17,11), (17,11), (16,11), (16,12), (15,12), (-3,-3)]
Turtle 4 :[(-4,-4), (16,16), (15,16), (15,15), (15,15), (15,15), (15,14), (15,14), (14,14), (13,14), (-4,-4)]
Turtle 5 :[(-5,-5), (32,21), (32,21), (31,21), (30,21), (30,21), (29,21), (28,21), (28,20), (-5,-5), (-5,-5)]

Shrinking Run 23
#Info# Executed steps before collision: 10, Found collision: false
Turtle 1 :[(-1,-1), (15,11), (15,12), (15,13), (15,14), (14,14), (14,14), (13,14), (-1,-1), (-1,-1), (-1,-1)]
Turtle 2 :[(-2,-2), (9,28), (8,28), (8,28), (7,28), (7,28), (6,28), (6,28), (5,28), (5,28), (4,28)]
Turtle 3 :[(-3,-3), (19,11), (18,11), (18,11), (17,11), (17,11), (17,11), (16,11), (16,12), (15,12), (-3,-3)]
Turtle 4 :[(-4,-4), (16,16), (15,16), (15,15), (15,15), (16,15), (15,15), (14,15), (13,15), (13,14), (-4,-4)]
Turtle 5 :[(-5,-5), (32,21), (32,21), (31,21), (30,21), (30,21), (29,21), (28,21), (28,20), (-5,-5), (-5,-5)]

Shrinking Run 24
#Info# Executed steps before collision: 10, Found collision: false
Turtle 1 :[(-1,-1), (15,11), (15,12), (15,13), (15,14), (14,14), (14,14), (13,14), (-1,-1), (-1,-1), (-1,-1)]
Turtle 2 :[(-2,-2), (9,28), (8,28), (8,28), (7,28), (7,28), (7,28), (6,28), (5,28), (5,28), (4,28)]
Turtle 3 :[(-3,-3), (19,11), (18,11), (18,11), (17,11), (17,11), (17,11), (16,11), (16,12), (15,12), (-3,-3)]
Turtle 4 :[(-4,-4), (16,16), (15,16), (15,15), (15,15), (15,15), (15,14), (15,14), (14,14), (13,14), (-4,-4)]
Turtle 5 :[(-5,-5), (32,21), (32,21), (31,21), (30,21), (30,21), (29,21), (28,21), (28,20), (-5,-5), (-5,-5)]

Shrinking Run 25
#Info# Executed steps before collision: 10, Found collision: false
Turtle 1 :[(-1,-1), (15,11), (15,12), (15,13), (15,14), (14,14), (14,14), (13,14), (-1,-1), (-1,-1), (-1,-1)]
Turtle 2 :[(-2,-2), (9,28), (8,28), (8,28), (7,28), (7,28), (7,28), (7,28), (6,28), (5,28), (4,28)]
Turtle 3 :[(-3,-3), (19,11), (19,10), (19,10), (18,10), (18,10), (18,10), (18,9), (18,8), (17,8), (-3,-3)]
Turtle 4 :[(-4,-4), (16,16), (15,16), (15,15), (15,15), (15,15), (15,14), (15,14), (14,14), (13,14), (-4,-4)]
Turtle 5 :[(-5,-5), (32,21), (32,21), (31,21), (30,21), (30,21), (29,21), (28,21), (28,20), (-5,-5), (-5,-5)]

Shrinking Run 26
#Info# Executed steps before collision: 10, Found collision: false
Turtle 1 :[(-1,-1), (15,11), (15,12), (15,13), (15,14), (14,14), (14,14), (13,14), (-1,-1), (-1,-1), (-1,-1)]
Turtle 2 :[(-2,-2), (9,28), (8,28), (8,28), (7,28), (7,28), (7,28), (7,28), (6,28), (5,28), (4,28)]
Turtle 3 :[(-3,-3), (19,11), (18,11), (18,11), (17,11), (17,11), (17,11), (17,10), (17,9), (16,9), (-3,-3)]
Turtle 4 :[(-4,-4), (16,16), (15,16), (15,15), (15,15), (16,15), (15,15), (15,14), (14,14), (13,14), (-4,-4)]
Turtle 5 :[(-5,-5), (32,21), (32,21), (31,21), (30,21), (30,21), (29,21), (28,21), (28,20), (-5,-5), (-5,-5)]

Shrinking Run 27
#Info# Executed steps before collision: 10, Found collision: false
Turtle 1 :[(-1,-1), (15,11), (15,12), (15,13), (15,14), (14,14), (14,14), (13,14), (-1,-1), (-1,-1), (-1,-1)]
Turtle 2 :[(-2,-2), (9,28), (8,28), (8,28), (7,28), (7,28), (7,28), (7,28), (6,28), (5,28), (4,28)]
Turtle 3 :[(-3,-3), (19,11), (18,11), (18,11), (17,11), (17,11), (17,11), (16,11), (16,10), (15,10), (-3,-3)]
Turtle 4 :[(-4,-4), (16,16), (15,16), (15,15), (15,15), (16,15), (16,14), (15,14), (14,14), (13,14), (-4,-4)]
Turtle 5 :[(-5,-5), (32,21), (32,21), (31,21), (30,21), (30,21), (29,21), (28,21), (28,20), (-5,-5), (-5,-5)]

Shrinking Run 28
#Info# Executed steps before collision: 10, Found collision: false
Turtle 1 :[(-1,-1), (15,11), (15,12), (15,13), (15,14), (14,14), (14,14), (13,14), (-1,-1), (-1,-1), (-1,-1)]
Turtle 2 :[(-2,-2), (9,28), (8,28), (8,28), (7,28), (7,28), (7,28), (7,28), (6,28), (5,28), (4,28)]
Turtle 3 :[(-3,-3), (19,11), (18,11), (18,11), (17,11), (17,11), (17,11), (16,11), (15,11), (14,11), (-3,-3)]
Turtle 4 :[(-4,-4), (16,16), (15,16), (15,15), (15,15), (14,15), (13,15), (13,16), (13,15), (13,14), (-4,-4)]
Turtle 5 :[(-5,-5), (32,21), (32,21), (31,21), (30,21), (30,21), (29,21), (28,21), (28,20), (-5,-5), (-5,-5)]

Shrinking Run 29
#Info# Executed steps before collision: 10, Found collision: false
Turtle 1 :[(-1,-1), (15,11), (15,12), (15,13), (15,14), (14,14), (14,14), (13,14), (-1,-1), (-1,-1), (-1,-1)]
Turtle 2 :[(-2,-2), (9,28), (8,28), (8,28), (7,28), (7,28), (7,28), (7,28), (6,28), (5,28), (4,28)]
Turtle 3 :[(-3,-3), (19,11), (18,11), (17,11), (17,12), (16,12), (15,12), (-3,-3), (-3,-3), (-3,-3), (-3,-3)]
Turtle 4 :[(-4,-4), (16,16), (15,16), (15,15), (15,15), (15,15), (15,14), (15,14), (14,14), (13,14), (-4,-4)]
Turtle 5 :[(-5,-5), (32,21), (32,21), (31,21), (30,21), (30,21), (29,21), (28,21), (28,20), (-5,-5), (-5,-5)]

Shrinking Run 30
#Info# Executed steps before collision: 10, Found collision: false
Turtle 1 :[(-1,-1), (15,11), (15,12), (15,13), (15,14), (14,14), (14,14), (13,14), (-1,-1), (-1,-1), (-1,-1)]
Turtle 2 :[(-2,-2), (9,28), (8,28), (8,28), (7,28), (7,28), (7,28), (7,28), (6,28), (5,28), (4,28)]
Turtle 3 :[(-3,-3), (19,11), (18,11), (18,11), (17,11), (16,11), (16,12), (15,12), (-3,-3), (-3,-3), (-3,-3)]
Turtle 4 :[(-4,-4), (16,16), (15,16), (15,15), (15,15), (16,15), (16,14), (15,14), (14,14), (13,14), (-4,-4)]
Turtle 5 :[(-5,-5), (32,21), (32,21), (31,21), (30,21), (30,21), (29,21), (28,21), (28,20), (-5,-5), (-5,-5)]

Shrinking Run 31
#Info# Executed steps before collision: 6, Found collision: true
Turtle 1 :[(-1,-1), (15,11), (15,12), (15,13), (15,14), (14,14), (14,14), (13,14), (-1,-1), (-1,-1), (-1,-1)]
Turtle 2 :[(-2,-2), (9,28), (8,28), (8,28), (7,28), (7,28), (7,28), (7,28), (6,28), (5,28), (4,28)]
Turtle 3 :[(-3,-3), (19,11), (18,11), (18,11), (17,11), (17,11), (16,11), (16,12), (15,12), (-3,-3), (-3,-3)]
Turtle 4 :[(-4,-4), (16,16), (15,16), (15,15), (15,15), (14,15), (14,14), (13,14), (-4,-4), (-4,-4), (-4,-4)]
Turtle 5 :[(-5,-5), (32,21), (32,21), (31,21), (30,21), (30,21), (29,21), (28,21), (28,20), (-5,-5), (-5,-5)]

Shrinking Run 32
#Info# Executed steps before collision: 10, Found collision: false
Turtle 1 :[(-1,-1), (15,11), (15,12), (15,13), (15,14), (14,14), (14,14), (13,14), (-1,-1), (-1,-1), (-1,-1)]
Turtle 2 :[(-2,-2), (9,28), (8,28), (8,28), (7,28), (7,28), (7,28), (7,28), (6,28), (5,28), (4,28)]
Turtle 3 :[(-3,-3), (19,11), (19,12), (19,12), (18,12), (18,12), (17,12), (16,12), (15,12), (-3,-3), (-3,-3)]
Turtle 4 :[(-4,-4), (16,16), (15,16), (15,15), (15,15), (16,15), (15,15), (15,14), (14,14), (13,14), (-4,-4)]
Turtle 5 :[(-5,-5), (32,21), (32,21), (31,21), (30,21), (30,21), (29,21), (28,21), (28,20), (-5,-5), (-5,-5)]

Shrinking Run 33
#Info# Executed steps before collision: 10, Found collision: false
Turtle 1 :[(-1,-1), (15,11), (15,12), (15,13), (15,14), (14,14), (14,14), (13,14), (-1,-1), (-1,-1), (-1,-1)]
Turtle 2 :[(-2,-2), (9,28), (8,28), (8,28), (7,28), (7,28), (7,28), (7,28), (6,28), (5,28), (4,28)]
Turtle 3 :[(-3,-3), (19,11), (18,11), (18,12), (17,12), (17,12), (17,12), (16,12), (15,12), (-3,-3), (-3,-3)]
Turtle 4 :[(-4,-4), (16,16), (15,16), (15,15), (15,15), (15,15), (15,14), (15,14), (14,14), (13,14), (-4,-4)]
Turtle 5 :[(-5,-5), (32,21), (32,21), (31,21), (30,21), (30,21), (29,21), (28,21), (28,20), (-5,-5), (-5,-5)]

Shrinking Run 34
#Info# Executed steps before collision: 6, Found collision: true
Turtle 1 :[(-1,-1), (15,11), (15,12), (15,13), (15,14), (14,14), (14,14), (13,14), (-1,-1), (-1,-1), (-1,-1)]
Turtle 2 :[(-2,-2), (9,28), (8,28), (8,28), (7,28), (7,28), (7,28), (7,28), (6,28), (5,28), (4,28)]
Turtle 3 :[(-3,-3), (19,11), (18,11), (17,11), (16,11), (16,11), (16,11), (16,12), (15,12), (-3,-3), (-3,-3)]
Turtle 4 :[(-4,-4), (16,16), (15,16), (15,15), (15,15), (15,14), (14,14), (14,14), (13,14), (-4,-4), (-4,-4)]
Turtle 5 :[(-5,-5), (32,21), (32,21), (31,21), (30,21), (30,21), (29,21), (28,21), (28,20), (-5,-5), (-5,-5)]

Shrinking Run 35
#Info# Executed steps before collision: 10, Found collision: false
Turtle 1 :[(-1,-1), (15,11), (15,12), (15,13), (15,14), (14,14), (14,14), (13,14), (-1,-1), (-1,-1), (-1,-1)]
Turtle 2 :[(-2,-2), (9,28), (8,28), (8,28), (7,28), (7,28), (7,28), (7,28), (6,28), (5,28), (4,28)]
Turtle 3 :[(-3,-3), (19,11), (18,11), (17,11), (17,12), (17,12), (17,12), (16,12), (15,12), (-3,-3), (-3,-3)]
Turtle 4 :[(-4,-4), (16,16), (15,16), (15,15), (15,15), (15,15), (15,14), (15,14), (14,14), (13,14), (-4,-4)]
Turtle 5 :[(-5,-5), (32,21), (32,21), (31,21), (30,21), (30,21), (29,21), (28,21), (28,20), (-5,-5), (-5,-5)]

Shrinking Run 36
#Info# Executed steps before collision: 10, Found collision: false
Turtle 1 :[(-1,-1), (15,11), (15,12), (15,13), (15,14), (14,14), (14,14), (13,14), (-1,-1), (-1,-1), (-1,-1)]
Turtle 2 :[(-2,-2), (9,28), (8,28), (8,28), (7,28), (7,28), (7,28), (7,28), (6,28), (5,28), (4,28)]
Turtle 3 :[(-3,-3), (19,11), (18,11), (17,11), (16,11), (16,12), (16,12), (16,12), (15,12), (-3,-3), (-3,-3)]
Turtle 4 :[(-4,-4), (16,16), (15,16), (15,15), (15,15), (15,15), (15,14), (15,14), (14,14), (13,14), (-4,-4)]
Turtle 5 :[(-5,-5), (32,21), (32,21), (31,21), (30,21), (30,21), (29,21), (28,21), (28,20), (-5,-5), (-5,-5)]

Shrinking Run 37
#Info# Executed steps before collision: 10, Found collision: false
Turtle 1 :[(-1,-1), (15,11), (15,12), (15,13), (15,14), (14,14), (14,14), (13,14), (-1,-1), (-1,-1), (-1,-1)]
Turtle 2 :[(-2,-2), (9,28), (8,28), (8,28), (7,28), (7,28), (7,28), (7,28), (6,28), (5,28), (4,28)]
Turtle 3 :[(-3,-3), (19,11), (18,11), (17,11), (16,11), (16,11), (16,12), (16,12), (15,12), (-3,-3), (-3,-3)]
Turtle 4 :[(-4,-4), (16,16), (15,16), (15,15), (15,15), (15,16), (15,15), (15,14), (14,14), (13,14), (-4,-4)]
Turtle 5 :[(-5,-5), (32,21), (32,21), (31,21), (30,21), (30,21), (29,21), (28,21), (28,20), (-5,-5), (-5,-5)]

Shrinking Run 38
#Info# Executed steps before collision: 10, Found collision: false
Turtle 1 :[(-1,-1), (15,11), (15,12), (15,13), (15,14), (14,14), (14,14), (13,14), (-1,-1), (-1,-1), (-1,-1)]
Turtle 2 :[(-2,-2), (9,28), (8,28), (8,28), (7,28), (7,28), (7,28), (7,28), (6,28), (5,28), (4,28)]
Turtle 3 :[(-3,-3), (19,11), (18,11), (17,11), (16,11), (16,11), (16,11), (16,12), (15,12), (-3,-3), (-3,-3)]
Turtle 4 :[(-4,-4), (16,16), (15,16), (15,15), (15,15), (15,14), (15,13), (14,13), (-4,-4), (-4,-4), (-4,-4)]
Turtle 5 :[(-5,-5), (32,21), (32,21), (31,21), (30,21), (30,21), (29,21), (28,21), (28,20), (-5,-5), (-5,-5)]

Shrinking Run 39
#Info# Executed steps before collision: 10, Found collision: false
Turtle 1 :[(-1,-1), (15,11), (15,12), (15,13), (15,14), (14,14), (14,14), (13,14), (-1,-1), (-1,-1), (-1,-1)]
Turtle 2 :[(-2,-2), (9,28), (8,28), (8,28), (7,28), (7,28), (7,28), (7,28), (6,28), (5,28), (4,28)]
Turtle 3 :[(-3,-3), (19,11), (18,11), (17,11), (16,11), (16,11), (16,11), (16,12), (15,12), (-3,-3), (-3,-3)]
Turtle 4 :[(-4,-4), (16,16), (15,16), (15,15), (15,15), (14,15), (14,15), (14,15), (13,15), (13,14), (-4,-4)]
Turtle 5 :[(-5,-5), (32,21), (32,21), (31,21), (30,21), (30,21), (29,21), (28,21), (28,20), (-5,-5), (-5,-5)]

Shrinking Run 40
#Info# Executed steps before collision: 10, Found collision: false
Turtle 1 :[(-1,-1), (15,11), (15,12), (15,13), (15,14), (14,14), (14,14), (13,14), (-1,-1), (-1,-1), (-1,-1)]
Turtle 2 :[(-2,-2), (9,28), (8,28), (8,28), (7,28), (7,28), (7,28), (7,28), (6,28), (5,28), (4,28)]
Turtle 3 :[(-3,-3), (19,11), (18,11), (17,11), (16,11), (16,11), (16,11), (16,12), (15,12), (-3,-3), (-3,-3)]
Turtle 4 :[(-4,-4), (16,16), (15,16), (14,16), (14,16), (14,15), (14,15), (13,15), (13,16), (13,15), (13,14)]
Turtle 5 :[(-5,-5), (32,21), (32,21), (31,21), (30,21), (30,21), (29,21), (28,21), (28,20), (-5,-5), (-5,-5)]

Shrinking Run 41
#Info# Executed steps before collision: 10, Found collision: false
Turtle 1 :[(-1,-1), (15,11), (15,12), (15,13), (15,14), (14,14), (14,14), (13,14), (-1,-1), (-1,-1), (-1,-1)]
Turtle 2 :[(-2,-2), (9,28), (8,28), (8,28), (7,28), (7,28), (7,28), (7,28), (6,28), (5,28), (4,28)]
Turtle 3 :[(-3,-3), (19,11), (18,11), (17,11), (16,11), (16,11), (16,11), (16,12), (15,12), (-3,-3), (-3,-3)]
Turtle 4 :[(-4,-4), (16,16), (15,16), (15,15), (16,15), (16,14), (15,14), (16,14), (15,14), (14,14), (13,14)]
Turtle 5 :[(-5,-5), (32,21), (32,21), (31,21), (30,21), (30,21), (29,21), (28,21), (28,20), (-5,-5), (-5,-5)]

Shrinking Run 42
#Info# Executed steps before collision: 10, Found collision: false
Turtle 1 :[(-1,-1), (15,11), (15,12), (15,13), (15,14), (14,14), (14,14), (14,15), (14,14), (13,14), (-1,-1)]
Turtle 2 :[(-2,-2), (9,28), (8,28), (8,28), (7,28), (7,28), (7,28), (7,28), (6,28), (5,28), (4,28)]
Turtle 3 :[(-3,-3), (19,11), (18,11), (17,11), (16,11), (16,11), (16,11), (16,12), (15,12), (-3,-3), (-3,-3)]
Turtle 4 :[(-4,-4), (16,16), (15,16), (15,15), (14,15), (13,15), (13,14), (-4,-4), (-4,-4), (-4,-4), (-4,-4)]
Turtle 5 :[(-5,-5), (32,21), (32,21), (31,21), (30,21), (30,21), (29,21), (28,21), (28,20), (-5,-5), (-5,-5)]

Shrinking Run 43
#Info# Executed steps before collision: 10, Found collision: false
Turtle 1 :[(-1,-1), (15,11), (15,12), (15,13), (15,14), (14,14), (14,14), (13,14), (-1,-1), (-1,-1), (-1,-1)]
Turtle 2 :[(-2,-2), (9,28), (8,28), (8,28), (7,28), (7,28), (7,28), (7,28), (6,28), (5,28), (4,28)]
Turtle 3 :[(-3,-3), (19,11), (18,11), (17,11), (16,11), (16,11), (16,11), (16,12), (15,12), (-3,-3), (-3,-3)]
Turtle 4 :[(-4,-4), (16,16), (15,16), (14,16), (14,16), (14,15), (14,15), (14,15), (14,14), (13,14), (-4,-4)]
Turtle 5 :[(-5,-5), (32,21), (32,21), (31,21), (30,21), (30,21), (29,21), (28,21), (28,20), (-5,-5), (-5,-5)]

Shrinking Run 44
#Info# Executed steps before collision: 10, Found collision: false
Turtle 1 :[(-1,-1), (15,11), (15,12), (15,13), (15,14), (14,14), (14,14), (13,14), (-1,-1), (-1,-1), (-1,-1)]
Turtle 2 :[(-2,-2), (9,28), (8,28), (8,28), (7,28), (7,28), (7,28), (7,28), (6,28), (5,28), (4,28)]
Turtle 3 :[(-3,-3), (19,11), (18,11), (17,11), (16,11), (16,11), (16,11), (16,12), (15,12), (-3,-3), (-3,-3)]
Turtle 4 :[(-4,-4), (16,16), (15,16), (15,15), (14,15), (14,15), (14,15), (14,15), (14,14), (13,14), (-4,-4)]
Turtle 5 :[(-5,-5), (32,21), (32,21), (31,21), (30,21), (30,21), (29,21), (28,21), (28,20), (-5,-5), (-5,-5)]

Shrinking Run 45
#Info# Executed steps before collision: 10, Found collision: false
Turtle 1 :[(-1,-1), (15,11), (15,12), (15,13), (15,14), (14,14), (14,14), (14,15), (13,15), (13,14), (-1,-1)]
Turtle 2 :[(-2,-2), (9,28), (8,28), (8,28), (7,28), (7,28), (7,28), (7,28), (6,28), (5,28), (4,28)]
Turtle 3 :[(-3,-3), (19,11), (18,11), (17,11), (16,11), (16,11), (16,11), (16,12), (15,12), (-3,-3), (-3,-3)]
Turtle 4 :[(-4,-4), (16,16), (15,16), (15,15), (14,15), (13,15), (13,14), (-4,-4), (-4,-4), (-4,-4), (-4,-4)]
Turtle 5 :[(-5,-5), (32,21), (32,21), (31,21), (30,21), (30,21), (29,21), (28,21), (28,20), (-5,-5), (-5,-5)]

Shrinking Run 46
#Info# Executed steps before collision: 10, Found collision: false
Turtle 1 :[(-1,-1), (15,11), (15,12), (15,13), (15,14), (14,14), (14,14), (13,14), (-1,-1), (-1,-1), (-1,-1)]
Turtle 2 :[(-2,-2), (9,28), (8,28), (8,28), (7,28), (7,28), (7,28), (7,28), (6,28), (5,28), (4,28)]
Turtle 3 :[(-3,-3), (19,11), (18,11), (17,11), (16,11), (16,11), (16,11), (16,12), (15,12), (-3,-3), (-3,-3)]
Turtle 4 :[(-4,-4), (16,16), (15,16), (15,15), (15,15), (14,15), (14,16), (13,16), (13,15), (13,14), (-4,-4)]
Turtle 5 :[(-5,-5), (32,21), (32,21), (31,21), (30,21), (30,21), (29,21), (28,21), (28,20), (-5,-5), (-5,-5)]

Shrinking Run 47
#Info# Executed steps before collision: 10, Found collision: false
Turtle 1 :[(-1,-1), (15,11), (15,12), (15,13), (15,14), (14,14), (14,14), (13,14), (-1,-1), (-1,-1), (-1,-1)]
Turtle 2 :[(-2,-2), (9,28), (8,28), (8,28), (7,28), (7,28), (7,28), (7,28), (6,28), (5,28), (4,28)]
Turtle 3 :[(-3,-3), (19,11), (18,11), (17,11), (16,11), (16,11), (16,11), (16,12), (15,12), (-3,-3), (-3,-3)]
Turtle 4 :[(-4,-4), (16,16), (15,16), (15,15), (15,15), (16,15), (15,15), (15,14), (14,14), (13,14), (-4,-4)]
Turtle 5 :[(-5,-5), (32,21), (32,21), (31,21), (30,21), (30,21), (29,21), (28,21), (28,20), (-5,-5), (-5,-5)]

Shrinking Run 48
#Info# Executed steps before collision: 6, Found collision: true
Turtle 1 :[(-1,-1), (15,11), (15,12), (15,13), (15,14), (14,14), (14,14), (13,14), (-1,-1), (-1,-1), (-1,-1)]
Turtle 2 :[(-2,-2), (9,28), (8,28), (8,28), (7,28), (7,28), (7,28), (7,28), (6,28), (5,28), (4,28)]
Turtle 3 :[(-3,-3), (19,11), (18,11), (17,11), (16,11), (16,11), (16,11), (16,12), (15,12), (-3,-3), (-3,-3)]
Turtle 4 :[(-4,-4), (16,16), (15,16), (15,15), (15,15), (15,14), (14,14), (14,13), (13,13), (13,14), (-4,-4)]
Turtle 5 :[(-5,-5), (32,21), (32,21), (32,20), (31,20), (31,20), (30,20), (29,20), (29,19), (-5,-5), (-5,-5)]

Shrinking Run 49
#Info# Executed steps before collision: 10, Found collision: false
Turtle 1 :[(-1,-1), (15,11), (15,12), (15,13), (15,14), (14,14), (14,14), (13,14), (-1,-1), (-1,-1), (-1,-1)]
Turtle 2 :[(-2,-2), (9,28), (8,28), (8,28), (7,28), (7,28), (7,28), (7,28), (6,28), (5,28), (4,28)]
Turtle 3 :[(-3,-3), (19,11), (18,11), (17,11), (16,11), (16,11), (16,11), (16,12), (15,12), (-3,-3), (-3,-3)]
Turtle 4 :[(-4,-4), (16,16), (15,16), (15,15), (15,15), (15,16), (14,16), (14,15), (14,14), (13,14), (-4,-4)]
Turtle 5 :[(-5,-5), (32,21), (32,21), (31,21), (30,21), (30,21), (29,21), (28,21), (27,21), (-5,-5), (-5,-5)]

Shrinking Run 50
#Info# Executed steps before collision: 7, Found collision: true
Turtle 1 :[(-1,-1), (15,11), (15,12), (15,13), (15,14), (14,14), (14,14), (13,14), (-1,-1), (-1,-1), (-1,-1)]
Turtle 2 :[(-2,-2), (9,28), (8,28), (8,28), (7,28), (7,28), (7,28), (7,28), (6,28), (5,28), (4,28)]
Turtle 3 :[(-3,-3), (19,11), (18,11), (17,11), (16,11), (16,11), (16,11), (16,12), (15,12), (-3,-3), (-3,-3)]
Turtle 4 :[(-4,-4), (16,16), (15,16), (15,15), (15,15), (14,15), (13,15), (13,14), (-4,-4), (-4,-4), (-4,-4)]
Turtle 5 :[(-5,-5), (32,21), (31,21), (30,21), (29,21), (28,21), (28,20), (-5,-5), (-5,-5), (-5,-5), (-5,-5)]

Shrinking Run 51
#Info# Executed steps before collision: 10, Found collision: false
Turtle 1 :[(-1,-1), (15,11), (15,10), (15,9), (15,8), (15,7), (15,7), (14,7), (-1,-1), (-1,-1), (-1,-1)]
Turtle 2 :[(-2,-2), (9,28), (8,28), (8,28), (7,28), (7,28), (7,28), (7,28), (6,28), (5,28), (4,28)]
Turtle 3 :[(-3,-3), (19,11), (18,11), (17,11), (16,11), (16,11), (16,11), (16,12), (15,12), (-3,-3), (-3,-3)]
Turtle 4 :[(-4,-4), (16,16), (15,16), (15,15), (15,15), (15,14), (15,14), (14,14), (13,14), (-4,-4), (-4,-4)]
Turtle 5 :[(-5,-5), (32,21), (31,21), (30,21), (29,21), (28,21), (28,20), (-5,-5), (-5,-5), (-5,-5), (-5,-5)]

Shrinking Run 52
#Info# Executed steps before collision: 10, Found collision: false
Turtle 1 :[(-1,-1), (15,11), (15,10), (15,9), (14,9), (14,8), (14,8), (13,8), (-1,-1), (-1,-1), (-1,-1)]
Turtle 2 :[(-2,-2), (9,28), (8,28), (8,28), (7,28), (7,28), (7,28), (7,28), (6,28), (5,28), (4,28)]
Turtle 3 :[(-3,-3), (19,11), (18,11), (17,11), (16,11), (16,11), (16,11), (16,12), (15,12), (-3,-3), (-3,-3)]
Turtle 4 :[(-4,-4), (16,16), (15,16), (15,15), (15,15), (15,14), (15,14), (14,14), (13,14), (-4,-4), (-4,-4)]
Turtle 5 :[(-5,-5), (32,21), (31,21), (30,21), (29,21), (28,21), (28,20), (-5,-5), (-5,-5), (-5,-5), (-5,-5)]

Shrinking Run 53
#Info# Executed steps before collision: 10, Found collision: false
Turtle 1 :[(-1,-1), (15,11), (15,12), (14,12), (13,12), (12,12), (12,12), (11,12), (-1,-1), (-1,-1), (-1,-1)]
Turtle 2 :[(-2,-2), (9,28), (8,28), (8,28), (7,28), (7,28), (7,28), (7,28), (6,28), (5,28), (4,28)]
Turtle 3 :[(-3,-3), (19,11), (18,11), (17,11), (16,11), (16,11), (16,11), (16,12), (15,12), (-3,-3), (-3,-3)]
Turtle 4 :[(-4,-4), (16,16), (15,16), (15,15), (15,15), (15,14), (15,14), (14,14), (13,14), (-4,-4), (-4,-4)]
Turtle 5 :[(-5,-5), (32,21), (31,21), (30,21), (29,21), (28,21), (28,20), (-5,-5), (-5,-5), (-5,-5), (-5,-5)]

Shrinking Run 54
#Info# Executed steps before collision: 10, Found collision: false
Turtle 1 :[(-1,-1), (15,11), (15,12), (15,13), (14,13), (14,14), (14,14), (13,14), (-1,-1), (-1,-1), (-1,-1)]
Turtle 2 :[(-2,-2), (9,28), (8,28), (8,28), (7,28), (7,28), (7,28), (7,28), (6,28), (5,28), (4,28)]
Turtle 3 :[(-3,-3), (19,11), (18,11), (17,11), (16,11), (16,11), (16,11), (16,12), (15,12), (-3,-3), (-3,-3)]
Turtle 4 :[(-4,-4), (16,16), (15,16), (15,15), (15,15), (15,14), (15,14), (15,15), (14,15), (13,15), (13,14)]
Turtle 5 :[(-5,-5), (32,21), (31,21), (30,21), (29,21), (28,21), (28,20), (-5,-5), (-5,-5), (-5,-5), (-5,-5)]

Shrinking Run 55
#Info# Executed steps before collision: 10, Found collision: false
Turtle 1 :[(-1,-1), (15,11), (14,11), (14,12), (14,13), (14,14), (14,14), (13,14), (-1,-1), (-1,-1), (-1,-1)]
Turtle 2 :[(-2,-2), (9,28), (8,28), (8,28), (7,28), (7,28), (7,28), (7,28), (6,28), (5,28), (4,28)]
Turtle 3 :[(-3,-3), (19,11), (18,11), (17,11), (16,11), (16,11), (16,11), (16,12), (15,12), (-3,-3), (-3,-3)]
Turtle 4 :[(-4,-4), (16,16), (15,16), (15,15), (15,15), (15,14), (15,14), (15,14), (14,14), (13,14), (-4,-4)]
Turtle 5 :[(-5,-5), (32,21), (31,21), (30,21), (29,21), (28,21), (28,20), (-5,-5), (-5,-5), (-5,-5), (-5,-5)]

Shrinking Run 56
#Info# Executed steps before collision: 10, Found collision: false
Turtle 1 :[(-1,-1), (15,11), (15,12), (14,12), (14,13), (14,14), (14,14), (13,14), (-1,-1), (-1,-1), (-1,-1)]
Turtle 2 :[(-2,-2), (9,28), (8,28), (8,28), (7,28), (7,28), (7,28), (7,28), (6,28), (5,28), (4,28)]
Turtle 3 :[(-3,-3), (19,11), (18,11), (17,11), (16,11), (16,11), (16,11), (16,12), (15,12), (-3,-3), (-3,-3)]
Turtle 4 :[(-4,-4), (16,16), (15,16), (15,15), (15,15), (15,14), (15,14), (16,14), (15,14), (14,14), (13,14)]
Turtle 5 :[(-5,-5), (32,21), (31,21), (30,21), (29,21), (28,21), (28,20), (-5,-5), (-5,-5), (-5,-5), (-5,-5)]

Shrinking Run 57
#Info# Executed steps before collision: 10, Found collision: false
Turtle 1 :[(-1,-1), (15,11), (15,12), (15,13), (15,14), (14,14), (13,14), (-1,-1), (-1,-1), (-1,-1), (-1,-1)]
Turtle 2 :[(-2,-2), (9,28), (8,28), (8,28), (7,28), (7,28), (7,28), (7,28), (6,28), (5,28), (4,28)]
Turtle 3 :[(-3,-3), (19,11), (18,11), (17,11), (16,11), (16,11), (16,11), (16,12), (15,12), (-3,-3), (-3,-3)]
Turtle 4 :[(-4,-4), (16,16), (15,16), (15,15), (15,15), (15,15), (15,14), (15,14), (14,14), (13,14), (-4,-4)]
Turtle 5 :[(-5,-5), (32,21), (31,21), (30,21), (29,21), (28,21), (28,20), (-5,-5), (-5,-5), (-5,-5), (-5,-5)]

Shrinking Run 58
#Info# Executed steps before collision: 10, Found collision: false
Turtle 1 :[(-1,-1), (15,11), (15,12), (15,13), (15,14), (14,14), (14,14), (13,14), (-1,-1), (-1,-1), (-1,-1)]
Turtle 2 :[(-2,-2), (9,28), (8,28), (8,28), (7,28), (7,28), (7,28), (7,28), (7,27), (7,26), (6,26)]
Turtle 3 :[(-3,-3), (19,11), (18,11), (17,11), (16,11), (16,11), (16,11), (16,12), (15,12), (-3,-3), (-3,-3)]
Turtle 4 :[(-4,-4), (16,16), (15,16), (15,15), (15,15), (16,15), (15,15), (15,14), (14,14), (13,14), (-4,-4)]
Turtle 5 :[(-5,-5), (32,21), (31,21), (30,21), (29,21), (28,21), (28,20), (-5,-5), (-5,-5), (-5,-5), (-5,-5)]

Shrinking Run 59
#Info# Executed steps before collision: 10, Found collision: false
Turtle 1 :[(-1,-1), (15,11), (15,12), (15,13), (15,14), (14,14), (14,14), (13,14), (-1,-1), (-1,-1), (-1,-1)]
Turtle 2 :[(-2,-2), (9,28), (9,27), (9,27), (8,27), (8,27), (8,27), (8,27), (8,26), (7,26), (6,26)]
Turtle 3 :[(-3,-3), (19,11), (18,11), (17,11), (16,11), (16,11), (16,11), (16,12), (15,12), (-3,-3), (-3,-3)]
Turtle 4 :[(-4,-4), (16,16), (15,16), (15,15), (15,15), (15,16), (14,16), (14,15), (14,14), (13,14), (-4,-4)]
Turtle 5 :[(-5,-5), (32,21), (31,21), (30,21), (29,21), (28,21), (28,20), (-5,-5), (-5,-5), (-5,-5), (-5,-5)]

Shrinking Run 60
#Info# Executed steps before collision: 6, Found collision: true
Turtle 1 :[(-1,-1), (15,11), (15,12), (15,13), (15,14), (14,14), (14,14), (13,14), (-1,-1)]
Turtle 2 :[(-2,-2), (9,28), (9,27), (8,27), (7,27), (8,27), (8,26), (-2,-2), (-2,-2)]
Turtle 3 :[(-3,-3), (19,11), (18,11), (17,11), (16,11), (16,11), (16,11), (16,12), (15,12)]
Turtle 4 :[(-4,-4), (16,16), (15,16), (15,15), (15,15), (14,15), (14,14), (13,14), (-4,-4)]
Turtle 5 :[(-5,-5), (32,21), (31,21), (30,21), (29,21), (28,21), (28,20), (-5,-5), (-5,-5)]

Shrinking Run 61
#Info# Executed steps before collision: 9, Found collision: false
Turtle 1 :[(-1,-1), (15,11), (15,12), (15,13), (15,14), (14,14), (14,14), (13,14), (-1,-1), (-1,-1)]
Turtle 2 :[(-2,-2), (9,28), (9,27), (9,26), (8,26), (7,26), (-2,-2), (-2,-2), (-2,-2), (-2,-2)]
Turtle 3 :[(-3,-3), (19,11), (18,11), (17,11), (16,11), (16,11), (16,11), (16,12), (15,12), (-3,-3)]
Turtle 4 :[(-4,-4), (16,16), (15,16), (15,15), (15,15), (16,15), (15,15), (15,14), (14,14), (13,14)]
Turtle 5 :[(-5,-5), (32,21), (31,21), (30,21), (29,21), (28,21), (28,20), (-5,-5), (-5,-5), (-5,-5)]

Shrinking Run 62
#Info# Executed steps before collision: 10, Found collision: false
Turtle 1 :[(-1,-1), (15,11), (15,12), (15,13), (15,14), (14,14), (14,14), (13,14), (-1,-1), (-1,-1), (-1,-1)]
Turtle 2 :[(-2,-2), (9,28), (9,27), (9,27), (9,26), (9,26), (9,26), (9,26), (9,25), (9,24), (8,24)]
Turtle 3 :[(-3,-3), (19,11), (18,11), (17,11), (16,11), (16,11), (16,11), (16,12), (15,12), (-3,-3), (-3,-3)]
Turtle 4 :[(-4,-4), (16,16), (15,16), (15,15), (15,15), (14,15), (13,15), (14,15), (14,14), (13,14), (-4,-4)]
Turtle 5 :[(-5,-5), (32,21), (31,21), (30,21), (29,21), (28,21), (28,20), (-5,-5), (-5,-5), (-5,-5), (-5,-5)]

Shrinking Run 63
#Info# Executed steps before collision: 9, Found collision: false
Turtle 1 :[(-1,-1), (15,11), (15,12), (15,13), (15,14), (14,14), (14,14), (13,14), (-1,-1), (-1,-1)]
Turtle 2 :[(-2,-2), (9,28), (9,27), (9,26), (8,26), (8,25), (-2,-2), (-2,-2), (-2,-2), (-2,-2)]
Turtle 3 :[(-3,-3), (19,11), (18,11), (17,11), (16,11), (16,11), (16,11), (16,12), (15,12), (-3,-3)]
Turtle 4 :[(-4,-4), (16,16), (15,16), (15,15), (15,15), (16,15), (15,15), (15,14), (14,14), (13,14)]
Turtle 5 :[(-5,-5), (32,21), (31,21), (30,21), (29,21), (28,21), (28,20), (-5,-5), (-5,-5), (-5,-5)]

Shrinking Run 64
#Info# Executed steps before collision: 6, Found collision: true
Turtle 1 :[(-1,-1), (15,11), (15,12), (15,13), (15,14), (14,14), (14,14), (13,14), (-1,-1)]
Turtle 2 :[(-2,-2), (9,28), (8,28), (8,27), (8,26), (-2,-2), (-2,-2), (-2,-2), (-2,-2)]
Turtle 3 :[(-3,-3), (19,11), (18,11), (17,11), (16,11), (16,11), (16,11), (16,12), (15,12)]
Turtle 4 :[(-4,-4), (16,16), (15,16), (15,15), (15,15), (15,14), (14,14), (13,14), (-4,-4)]
Turtle 5 :[(-5,-5), (32,21), (31,21), (30,21), (29,21), (28,21), (28,20), (-5,-5), (-5,-5)]

Shrinking Run 65
#Info# Executed steps before collision: 9, Found collision: false
Turtle 1 :[(-1,-1), (15,11), (15,12), (15,13), (15,14), (14,14), (14,14), (13,14), (-1,-1), (-1,-1)]
Turtle 2 :[(-2,-2), (9,28), (8,28), (8,27), (8,26), (-2,-2), (-2,-2), (-2,-2), (-2,-2), (-2,-2)]
Turtle 3 :[(-3,-3), (19,11), (19,10), (19,10), (18,10), (18,10), (18,10), (18,9), (18,8), (17,8)]
Turtle 4 :[(-4,-4), (16,16), (15,16), (15,15), (15,15), (15,15), (15,14), (15,14), (14,14), (13,14)]
Turtle 5 :[(-5,-5), (32,21), (31,21), (30,21), (29,21), (28,21), (28,20), (-5,-5), (-5,-5), (-5,-5)]

Shrinking Run 66
#Info# Executed steps before collision: 6, Found collision: true
Turtle 1 :[(-1,-1), (15,11), (15,12), (15,13), (15,14), (14,14), (14,14), (13,14), (-1,-1), (-1,-1), (-1,-1)]
Turtle 2 :[(-2,-2), (9,28), (8,28), (8,27), (8,26), (-2,-2), (-2,-2), (-2,-2), (-2,-2), (-2,-2), (-2,-2)]
Turtle 3 :[(-3,-3), (19,11), (18,11), (18,11), (17,11), (17,11), (17,11), (17,10), (17,9), (16,9), (-3,-3)]
Turtle 4 :[(-4,-4), (16,16), (15,16), (15,15), (15,15), (14,15), (14,14), (14,14), (14,15), (13,15), (13,14)]
Turtle 5 :[(-5,-5), (32,21), (31,21), (30,21), (29,21), (28,21), (28,20), (-5,-5), (-5,-5), (-5,-5), (-5,-5)]

Shrinking Run 67
#Info# Executed steps before collision: 6, Found collision: true
Turtle 1 :[(-1,-1), (15,11), (15,12), (15,13), (15,14), (14,14), (14,14), (13,14), (-1,-1), (-1,-1)]
Turtle 2 :[(-2,-2), (9,28), (8,28), (8,27), (8,26), (-2,-2), (-2,-2), (-2,-2), (-2,-2), (-2,-2)]
Turtle 3 :[(-3,-3), (19,11), (19,10), (19,10), (18,10), (18,10), (18,10), (18,9), (17,9), (16,9)]
Turtle 4 :[(-4,-4), (16,16), (15,16), (15,15), (15,15), (14,15), (14,14), (14,14), (13,14), (-4,-4)]
Turtle 5 :[(-5,-5), (32,21), (31,21), (30,21), (29,21), (28,21), (28,20), (-5,-5), (-5,-5), (-5,-5)]

Shrinking Run 68
#Info# Executed steps before collision: 6, Found collision: true
Turtle 1 :[(-1,-1), (15,11), (15,12), (15,13), (15,14), (14,14), (14,14), (13,14), (-1,-1), (-1,-1)]
Turtle 2 :[(-2,-2), (9,28), (8,28), (8,27), (8,26), (-2,-2), (-2,-2), (-2,-2), (-2,-2), (-2,-2)]
Turtle 3 :[(-3,-3), (19,11), (19,10), (19,10), (19,9), (19,9), (19,9), (18,9), (17,9), (16,9)]
Turtle 4 :[(-4,-4), (16,16), (15,16), (15,15), (15,15), (15,14), (14,14), (14,15), (14,14), (13,14)]
Turtle 5 :[(-5,-5), (32,21), (31,21), (30,21), (29,21), (28,21), (28,20), (-5,-5), (-5,-5), (-5,-5)]

Shrinking Run 69
#Info# Executed steps before collision: 6, Found collision: true
Turtle 1 :[(-1,-1), (15,11), (15,12), (15,13), (15,14), (14,14), (14,14), (13,14), (-1,-1), (-1,-1)]
Turtle 2 :[(-2,-2), (9,28), (8,28), (8,27), (8,26), (-2,-2), (-2,-2), (-2,-2), (-2,-2), (-2,-2)]
Turtle 3 :[(-3,-3), (19,11), (18,11), (18,11), (18,10), (18,10), (18,10), (17,10), (16,10), (15,10)]
Turtle 4 :[(-4,-4), (16,16), (15,16), (15,15), (15,15), (15,14), (14,14), (14,13), (14,14), (13,14)]
Turtle 5 :[(-5,-5), (32,21), (31,21), (30,21), (29,21), (28,21), (28,20), (-5,-5), (-5,-5), (-5,-5)]

Shrinking Run 70
#Info# Executed steps before collision: 9, Found collision: false
Turtle 1 :[(-1,-1), (15,11), (15,12), (15,13), (15,14), (14,14), (14,14), (13,14), (-1,-1), (-1,-1)]
Turtle 2 :[(-2,-2), (9,28), (8,28), (8,27), (8,26), (-2,-2), (-2,-2), (-2,-2), (-2,-2), (-2,-2)]
Turtle 3 :[(-3,-3), (19,11), (18,11), (18,11), (17,11), (17,11), (17,11), (16,11), (15,11), (14,11)]
Turtle 4 :[(-4,-4), (16,16), (15,16), (15,15), (15,15), (16,15), (15,15), (15,14), (14,14), (13,14)]
Turtle 5 :[(-5,-5), (32,21), (31,21), (30,21), (29,21), (28,21), (28,20), (-5,-5), (-5,-5), (-5,-5)]

Shrinking Run 71
#Info# Executed steps before collision: 6, Found collision: true
Turtle 1 :[(-1,-1), (15,11), (15,12), (15,13), (15,14), (14,14), (14,14), (13,14), (-1,-1), (-1,-1)]
Turtle 2 :[(-2,-2), (9,28), (8,28), (8,27), (8,26), (-2,-2), (-2,-2), (-2,-2), (-2,-2), (-2,-2)]
Turtle 3 :[(-3,-3), (19,11), (18,11), (18,10), (17,10), (16,10), (15,10), (-3,-3), (-3,-3), (-3,-3)]
Turtle 4 :[(-4,-4), (16,16), (15,16), (15,15), (15,15), (14,15), (14,14), (15,14), (14,14), (13,14)]
Turtle 5 :[(-5,-5), (32,21), (31,21), (30,21), (29,21), (28,21), (28,20), (-5,-5), (-5,-5), (-5,-5)]

Shrinking Run 72
#Info# Executed steps before collision: 6, Found collision: true
Turtle 1 :[(-1,-1), (15,11), (15,12), (15,13), (15,14), (14,14), (14,14), (13,14), (-1,-1), (-1,-1)]
Turtle 2 :[(-2,-2), (9,28), (8,28), (8,27), (8,26), (-2,-2), (-2,-2), (-2,-2), (-2,-2), (-2,-2)]
Turtle 3 :[(-3,-3), (19,11), (18,11), (17,11), (16,11), (16,10), (15,10), (-3,-3), (-3,-3), (-3,-3)]
Turtle 4 :[(-4,-4), (16,16), (15,16), (15,15), (15,15), (15,14), (14,14), (15,14), (14,14), (13,14)]
Turtle 5 :[(-5,-5), (32,21), (31,21), (30,21), (29,21), (28,21), (28,20), (-5,-5), (-5,-5), (-5,-5)]

Shrinking Run 73
#Info# Executed steps before collision: 7, Found collision: false
Turtle 1 :[(-1,-1), (15,11), (15,12), (15,13), (15,14), (14,14), (14,14), (13,14)]
Turtle 2 :[(-2,-2), (9,28), (8,28), (8,27), (8,26), (-2,-2), (-2,-2), (-2,-2)]
Turtle 3 :[(-3,-3), (19,11), (18,11), (17,11), (16,11), (16,10), (15,10), (-3,-3)]
Turtle 4 :[(-4,-4), (16,16), (15,16), (15,15), (15,15), (15,14), (15,13), (14,13)]
Turtle 5 :[(-5,-5), (32,21), (31,21), (30,21), (29,21), (28,21), (28,20), (-5,-5)]

Shrinking Run 74
#Info# Executed steps before collision: 10, Found collision: false
Turtle 1 :[(-1,-1), (15,11), (15,12), (15,13), (15,14), (14,14), (14,14), (13,14), (-1,-1), (-1,-1), (-1,-1)]
Turtle 2 :[(-2,-2), (9,28), (8,28), (8,27), (8,26), (-2,-2), (-2,-2), (-2,-2), (-2,-2), (-2,-2), (-2,-2)]
Turtle 3 :[(-3,-3), (19,11), (18,11), (17,11), (16,11), (16,10), (15,10), (-3,-3), (-3,-3), (-3,-3), (-3,-3)]
Turtle 4 :[(-4,-4), (16,16), (15,16), (15,15), (15,15), (14,15), (14,15), (13,15), (13,16), (13,15), (13,14)]
Turtle 5 :[(-5,-5), (32,21), (31,21), (30,21), (29,21), (28,21), (28,20), (-5,-5), (-5,-5), (-5,-5), (-5,-5)]

Shrinking Run 75
#Info# Executed steps before collision: 8, Found collision: false
Turtle 1 :[(-1,-1), (15,11), (15,12), (15,13), (15,14), (14,14), (14,14), (13,14), (-1,-1)]
Turtle 2 :[(-2,-2), (9,28), (8,28), (8,27), (8,26), (-2,-2), (-2,-2), (-2,-2), (-2,-2)]
Turtle 3 :[(-3,-3), (19,11), (18,11), (17,11), (16,11), (16,10), (15,10), (-3,-3), (-3,-3)]
Turtle 4 :[(-4,-4), (16,16), (15,16), (14,16), (14,16), (14,15), (14,15), (13,15), (13,14)]
Turtle 5 :[(-5,-5), (32,21), (31,21), (30,21), (29,21), (28,21), (28,20), (-5,-5), (-5,-5)]

Shrinking Run 76
#Info# Executed steps before collision: 8, Found collision: false
Turtle 1 :[(-1,-1), (15,11), (15,12), (15,13), (15,14), (14,14), (14,14), (14,14), (13,14)]
Turtle 2 :[(-2,-2), (9,28), (8,28), (8,27), (8,26), (-2,-2), (-2,-2), (-2,-2), (-2,-2)]
Turtle 3 :[(-3,-3), (19,11), (18,11), (17,11), (16,11), (16,10), (15,10), (-3,-3), (-3,-3)]
Turtle 4 :[(-4,-4), (16,16), (15,16), (15,15), (14,15), (13,15), (13,14), (-4,-4), (-4,-4)]
Turtle 5 :[(-5,-5), (32,21), (31,21), (30,21), (29,21), (28,21), (28,20), (-5,-5), (-5,-5)]

Shrinking Run 77
#Info# Executed steps before collision: 10, Found collision: false
Turtle 1 :[(-1,-1), (15,11), (15,12), (15,13), (15,14), (14,14), (14,14), (13,14), (-1,-1), (-1,-1), (-1,-1)]
Turtle 2 :[(-2,-2), (9,28), (8,28), (8,27), (8,26), (-2,-2), (-2,-2), (-2,-2), (-2,-2), (-2,-2), (-2,-2)]
Turtle 3 :[(-3,-3), (19,11), (18,11), (17,11), (16,11), (16,10), (15,10), (-3,-3), (-3,-3), (-3,-3), (-3,-3)]
Turtle 4 :[(-4,-4), (16,16), (15,16), (15,15), (15,16), (15,15), (14,15), (14,16), (14,15), (14,14), (13,14)]
Turtle 5 :[(-5,-5), (32,21), (31,21), (30,21), (29,21), (28,21), (28,20), (-5,-5), (-5,-5), (-5,-5), (-5,-5)]

Shrinking Run 78
#Info# Executed steps before collision: 10, Found collision: false
Turtle 1 :[(-1,-1), (15,11), (15,12), (15,13), (15,14), (14,14), (14,14), (13,14), (-1,-1), (-1,-1), (-1,-1)]
Turtle 2 :[(-2,-2), (9,28), (8,28), (8,27), (8,26), (-2,-2), (-2,-2), (-2,-2), (-2,-2), (-2,-2), (-2,-2)]
Turtle 3 :[(-3,-3), (19,11), (18,11), (17,11), (16,11), (16,10), (15,10), (-3,-3), (-3,-3), (-3,-3), (-3,-3)]
Turtle 4 :[(-4,-4), (16,16), (15,16), (14,16), (14,16), (14,15), (14,15), (14,16), (14,15), (13,15), (13,14)]
Turtle 5 :[(-5,-5), (32,21), (31,21), (30,21), (29,21), (28,21), (28,20), (-5,-5), (-5,-5), (-5,-5), (-5,-5)]

Shrinking Run 79
#Info# Executed steps before collision: 10, Found collision: false
Turtle 1 :[(-1,-1), (15,11), (15,12), (15,13), (15,14), (14,14), (14,14), (13,14), (-1,-1), (-1,-1), (-1,-1)]
Turtle 2 :[(-2,-2), (9,28), (8,28), (8,27), (8,26), (-2,-2), (-2,-2), (-2,-2), (-2,-2), (-2,-2), (-2,-2)]
Turtle 3 :[(-3,-3), (19,11), (18,11), (17,11), (16,11), (16,10), (15,10), (-3,-3), (-3,-3), (-3,-3), (-3,-3)]
Turtle 4 :[(-4,-4), (16,16), (15,16), (15,15), (14,15), (14,15), (14,15), (15,15), (14,15), (14,14), (13,14)]
Turtle 5 :[(-5,-5), (32,21), (31,21), (30,21), (29,21), (28,21), (28,20), (-5,-5), (-5,-5), (-5,-5), (-5,-5)]

Shrinking Run 80
#Info# Executed steps before collision: 10, Found collision: false
Turtle 1 :[(-1,-1), (15,11), (15,12), (15,13), (15,14), (14,14), (14,14), (13,14), (-1,-1), (-1,-1), (-1,-1)]
Turtle 2 :[(-2,-2), (9,28), (8,28), (8,27), (8,26), (-2,-2), (-2,-2), (-2,-2), (-2,-2), (-2,-2), (-2,-2)]
Turtle 3 :[(-3,-3), (19,11), (18,11), (17,11), (16,11), (16,10), (15,10), (-3,-3), (-3,-3), (-3,-3), (-3,-3)]
Turtle 4 :[(-4,-4), (16,16), (15,16), (15,15), (15,15), (15,15), (15,14), (15,14), (15,14), (14,14), (13,14)]
Turtle 5 :[(-5,-5), (32,21), (31,21), (30,21), (29,21), (28,21), (28,20), (-5,-5), (-5,-5), (-5,-5), (-5,-5)]

Shrinking Run 81
#Info# Executed steps before collision: 8, Found collision: false
Turtle 1 :[(-1,-1), (15,11), (15,12), (15,13), (15,14), (14,14), (14,14), (13,14), (-1,-1)]
Turtle 2 :[(-2,-2), (9,28), (8,28), (8,27), (8,26), (-2,-2), (-2,-2), (-2,-2), (-2,-2)]
Turtle 3 :[(-3,-3), (19,11), (18,11), (17,11), (16,11), (16,10), (15,10), (-3,-3), (-3,-3)]
Turtle 4 :[(-4,-4), (16,16), (15,16), (15,15), (15,15), (14,15), (14,15), (13,15), (13,14)]
Turtle 5 :[(-5,-5), (32,21), (31,21), (30,21), (29,21), (28,21), (28,20), (-5,-5), (-5,-5)]

Shrinking Run 82
#Info# Executed steps before collision: 7, Found collision: true
Turtle 1 :[(-1,-1), (15,11), (15,12), (15,13), (15,14), (14,14), (14,14), (13,14)]
Turtle 2 :[(-2,-2), (9,28), (8,28), (8,27), (8,26), (-2,-2), (-2,-2), (-2,-2)]
Turtle 3 :[(-3,-3), (19,11), (18,11), (17,11), (16,11), (16,10), (15,10), (-3,-3)]
Turtle 4 :[(-4,-4), (16,16), (15,16), (15,15), (15,15), (14,15), (13,15), (13,14)]
Turtle 5 :[(-5,-5), (32,21), (31,21), (30,21), (29,21), (28,21), (28,20), (-5,-5)]

Shrinking Run 83
#Info# Executed steps before collision: 9, Found collision: false
Turtle 1 :[(-1,-1), (15,11), (15,12), (15,13), (15,14), (14,14), (14,14), (13,14), (-1,-1), (-1,-1)]
Turtle 2 :[(-2,-2), (9,28), (8,28), (8,27), (8,26), (-2,-2), (-2,-2), (-2,-2), (-2,-2), (-2,-2)]
Turtle 3 :[(-3,-3), (19,11), (18,11), (17,11), (16,11), (16,10), (15,10), (-3,-3), (-3,-3), (-3,-3)]
Turtle 4 :[(-4,-4), (16,16), (15,16), (15,15), (15,15), (14,15), (13,15), (14,15), (14,14), (13,14)]
Turtle 5 :[(-5,-5), (32,21), (32,21), (31,21), (30,21), (30,21), (29,21), (28,21), (27,21), (-5,-5)]

Shrinking Run 84
#Info# Executed steps before collision: 8, Found collision: false
Turtle 1 :[(-1,-1), (15,11), (15,10), (15,9), (15,8), (15,7), (15,7), (14,7), (-1,-1)]
Turtle 2 :[(-2,-2), (9,28), (8,28), (8,27), (8,26), (-2,-2), (-2,-2), (-2,-2), (-2,-2)]
Turtle 3 :[(-3,-3), (19,11), (18,11), (17,11), (16,11), (16,10), (15,10), (-3,-3), (-3,-3)]
Turtle 4 :[(-4,-4), (16,16), (15,16), (15,15), (15,15), (15,14), (14,14), (14,14), (13,14)]
Turtle 5 :[(-5,-5), (32,21), (31,21), (30,21), (29,21), (28,21), (28,20), (-5,-5), (-5,-5)]

Shrinking Run 85
#Info# Executed steps before collision: 8, Found collision: false
Turtle 1 :[(-1,-1), (15,11), (15,10), (15,9), (14,9), (14,8), (14,8), (13,8), (-1,-1)]
Turtle 2 :[(-2,-2), (9,28), (8,28), (8,27), (8,26), (-2,-2), (-2,-2), (-2,-2), (-2,-2)]
Turtle 3 :[(-3,-3), (19,11), (18,11), (17,11), (16,11), (16,10), (15,10), (-3,-3), (-3,-3)]
Turtle 4 :[(-4,-4), (16,16), (15,16), (15,15), (15,15), (15,14), (14,14), (14,14), (13,14)]
Turtle 5 :[(-5,-5), (32,21), (31,21), (30,21), (29,21), (28,21), (28,20), (-5,-5), (-5,-5)]

Shrinking Run 86
#Info# Executed steps before collision: 8, Found collision: false
Turtle 1 :[(-1,-1), (15,11), (15,12), (14,12), (13,12), (12,12), (12,12), (11,12), (-1,-1)]
Turtle 2 :[(-2,-2), (9,28), (8,28), (8,27), (8,26), (-2,-2), (-2,-2), (-2,-2), (-2,-2)]
Turtle 3 :[(-3,-3), (19,11), (18,11), (17,11), (16,11), (16,10), (15,10), (-3,-3), (-3,-3)]
Turtle 4 :[(-4,-4), (16,16), (15,16), (15,15), (15,15), (15,14), (14,14), (14,14), (13,14)]
Turtle 5 :[(-5,-5), (32,21), (31,21), (30,21), (29,21), (28,21), (28,20), (-5,-5), (-5,-5)]

Shrinking Run 87
#Info# Executed steps before collision: 6, Found collision: true
Turtle 1 :[(-1,-1), (15,11), (15,12), (15,13), (14,13), (14,14), (14,14), (13,14), (-1,-1), (-1,-1)]
Turtle 2 :[(-2,-2), (9,28), (8,28), (8,27), (8,26), (-2,-2), (-2,-2), (-2,-2), (-2,-2), (-2,-2)]
Turtle 3 :[(-3,-3), (19,11), (18,11), (17,11), (16,11), (16,10), (15,10), (-3,-3), (-3,-3), (-3,-3)]
Turtle 4 :[(-4,-4), (16,16), (15,16), (15,15), (15,15), (15,14), (14,14), (14,15), (14,14), (13,14)]
Turtle 5 :[(-5,-5), (32,21), (31,21), (30,21), (29,21), (28,21), (28,20), (-5,-5), (-5,-5), (-5,-5)]

Shrinking Run 88
#Info# Executed steps before collision: 8, Found collision: false
Turtle 1 :[(-1,-1), (15,11), (15,12), (15,13), (14,13), (13,13), (13,13), (12,13), (-1,-1)]
Turtle 2 :[(-2,-2), (9,28), (8,28), (8,27), (8,26), (-2,-2), (-2,-2), (-2,-2), (-2,-2)]
Turtle 3 :[(-3,-3), (19,11), (18,11), (17,11), (16,11), (16,10), (15,10), (-3,-3), (-3,-3)]
Turtle 4 :[(-4,-4), (16,16), (15,16), (15,15), (15,15), (15,14), (14,14), (14,14), (13,14)]
Turtle 5 :[(-5,-5), (32,21), (31,21), (30,21), (29,21), (28,21), (28,20), (-5,-5), (-5,-5)]

Shrinking Run 89
#Info# Executed steps before collision: 6, Found collision: true
Turtle 1 :[(-1,-1), (15,11), (14,11), (14,12), (14,13), (14,14), (14,14), (13,14), (-1,-1), (-1,-1)]
Turtle 2 :[(-2,-2), (9,28), (8,28), (8,27), (8,26), (-2,-2), (-2,-2), (-2,-2), (-2,-2), (-2,-2)]
Turtle 3 :[(-3,-3), (19,11), (18,11), (17,11), (16,11), (16,10), (15,10), (-3,-3), (-3,-3), (-3,-3)]
Turtle 4 :[(-4,-4), (16,16), (15,16), (15,15), (15,15), (15,14), (14,14), (14,15), (13,15), (13,14)]
Turtle 5 :[(-5,-5), (32,21), (31,21), (30,21), (29,21), (28,21), (28,20), (-5,-5), (-5,-5), (-5,-5)]

Shrinking Run 90
#Info# Executed steps before collision: 8, Found collision: false
Turtle 1 :[(-1,-1), (15,11), (14,11), (13,11), (13,12), (13,13), (13,13), (12,13), (-1,-1)]
Turtle 2 :[(-2,-2), (9,28), (8,28), (8,27), (8,26), (-2,-2), (-2,-2), (-2,-2), (-2,-2)]
Turtle 3 :[(-3,-3), (19,11), (18,11), (17,11), (16,11), (16,10), (15,10), (-3,-3), (-3,-3)]
Turtle 4 :[(-4,-4), (16,16), (15,16), (15,15), (15,15), (15,14), (14,14), (14,14), (13,14)]
Turtle 5 :[(-5,-5), (32,21), (31,21), (30,21), (29,21), (28,21), (28,20), (-5,-5), (-5,-5)]

Shrinking Run 91
#Info# Executed steps before collision: 8, Found collision: false
Turtle 1 :[(-1,-1), (15,11), (14,11), (14,12), (13,12), (13,13), (13,13), (12,13), (-1,-1)]
Turtle 2 :[(-2,-2), (9,28), (8,28), (8,27), (8,26), (-2,-2), (-2,-2), (-2,-2), (-2,-2)]
Turtle 3 :[(-3,-3), (19,11), (18,11), (17,11), (16,11), (16,10), (15,10), (-3,-3), (-3,-3)]
Turtle 4 :[(-4,-4), (16,16), (15,16), (15,15), (15,15), (15,14), (14,14), (14,14), (13,14)]
Turtle 5 :[(-5,-5), (32,21), (31,21), (30,21), (29,21), (28,21), (28,20), (-5,-5), (-5,-5)]

Shrinking Run 92
#Info# Executed steps before collision: 8, Found collision: false
Turtle 1 :[(-1,-1), (15,11), (14,11), (14,12), (14,13), (13,13), (13,13), (12,13), (-1,-1)]
Turtle 2 :[(-2,-2), (9,28), (8,28), (8,27), (8,26), (-2,-2), (-2,-2), (-2,-2), (-2,-2)]
Turtle 3 :[(-3,-3), (19,11), (18,11), (17,11), (16,11), (16,10), (15,10), (-3,-3), (-3,-3)]
Turtle 4 :[(-4,-4), (16,16), (15,16), (15,15), (15,15), (15,14), (14,14), (14,14), (13,14)]
Turtle 5 :[(-5,-5), (32,21), (31,21), (30,21), (29,21), (28,21), (28,20), (-5,-5), (-5,-5)]

Shrinking Run 93
#Info# Executed steps before collision: 9, Found collision: false
Turtle 1 :[(-1,-1), (15,11), (14,11), (14,12), (14,13), (14,14), (13,14), (-1,-1), (-1,-1), (-1,-1)]
Turtle 2 :[(-2,-2), (9,28), (8,28), (8,27), (8,26), (-2,-2), (-2,-2), (-2,-2), (-2,-2), (-2,-2)]
Turtle 3 :[(-3,-3), (19,11), (18,11), (17,11), (16,11), (16,10), (15,10), (-3,-3), (-3,-3), (-3,-3)]
Turtle 4 :[(-4,-4), (16,16), (15,16), (15,15), (15,15), (15,14), (15,15), (14,15), (14,14), (13,14)]
Turtle 5 :[(-5,-5), (32,21), (31,21), (30,21), (29,21), (28,21), (28,20), (-5,-5), (-5,-5), (-5,-5)]

Shrinking Run 94
#Info# Executed steps before collision: 6, Found collision: true
Turtle 1 :[(-1,-1), (15,11), (14,11), (14,12), (14,13), (14,14), (14,14), (13,14), (-1,-1), (-1,-1), (-1,-1)]
Turtle 2 :[(-2,-2), (9,28), (8,28), (8,28), (7,28), (7,28), (7,28), (7,28), (7,27), (7,26), (6,26)]
Turtle 3 :[(-3,-3), (19,11), (18,11), (17,11), (16,11), (16,10), (15,10), (-3,-3), (-3,-3), (-3,-3), (-3,-3)]
Turtle 4 :[(-4,-4), (16,16), (15,16), (15,15), (15,15), (15,14), (14,14), (13,14), (-4,-4), (-4,-4), (-4,-4)]
Turtle 5 :[(-5,-5), (32,21), (31,21), (30,21), (29,21), (28,21), (28,20), (-5,-5), (-5,-5), (-5,-5), (-5,-5)]

Shrinking Run 95
#Info# Executed steps before collision: 6, Found collision: true
Turtle 1 :[(-1,-1), (15,11), (14,11), (14,12), (14,13), (14,14), (14,14), (13,14), (-1,-1), (-1,-1), (-1,-1)]
Turtle 2 :[(-2,-2), (9,28), (9,27), (9,27), (8,27), (8,27), (8,27), (8,27), (8,26), (8,25), (7,25)]
Turtle 3 :[(-3,-3), (19,11), (18,11), (17,11), (16,11), (16,10), (15,10), (-3,-3), (-3,-3), (-3,-3), (-3,-3)]
Turtle 4 :[(-4,-4), (16,16), (15,16), (15,15), (15,15), (15,14), (14,14), (14,15), (14,14), (13,14), (-4,-4)]
Turtle 5 :[(-5,-5), (32,21), (31,21), (30,21), (29,21), (28,21), (28,20), (-5,-5), (-5,-5), (-5,-5), (-5,-5)]

Shrinking Run 96
#Info# Executed steps before collision: 6, Found collision: true
Turtle 1 :[(-1,-1), (15,11), (14,11), (14,12), (14,13), (14,14), (14,14), (13,14), (-1,-1), (-1,-1), (-1,-1)]
Turtle 2 :[(-2,-2), (9,28), (9,27), (9,27), (8,27), (8,27), (8,27), (8,27), (7,27), (7,26), (6,26)]
Turtle 3 :[(-3,-3), (19,11), (18,11), (17,11), (16,11), (16,10), (15,10), (-3,-3), (-3,-3), (-3,-3), (-3,-3)]
Turtle 4 :[(-4,-4), (16,16), (15,16), (15,15), (15,15), (15,14), (14,14), (13,14), (-4,-4), (-4,-4), (-4,-4)]
Turtle 5 :[(-5,-5), (32,21), (31,21), (30,21), (29,21), (28,21), (28,20), (-5,-5), (-5,-5), (-5,-5), (-5,-5)]

Shrinking Run 97
#Info# Executed steps before collision: 6, Found collision: true
Turtle 1 :[(-1,-1), (15,11), (14,11), (14,12), (14,13), (14,14), (14,14), (13,14), (-1,-1), (-1,-1), (-1,-1)]
Turtle 2 :[(-2,-2), (9,28), (8,28), (8,28), (7,28), (7,28), (7,28), (7,28), (6,28), (6,27), (5,27)]
Turtle 3 :[(-3,-3), (19,11), (18,11), (17,11), (16,11), (16,10), (15,10), (-3,-3), (-3,-3), (-3,-3), (-3,-3)]
Turtle 4 :[(-4,-4), (16,16), (15,16), (15,15), (15,15), (15,14), (14,14), (14,15), (14,14), (13,14), (-4,-4)]
Turtle 5 :[(-5,-5), (32,21), (31,21), (30,21), (29,21), (28,21), (28,20), (-5,-5), (-5,-5), (-5,-5), (-5,-5)]

Shrinking Run 98
#Info# Executed steps before collision: 6, Found collision: true
Turtle 1 :[(-1,-1), (15,11), (14,11), (14,12), (14,13), (14,14), (14,14), (13,14), (-1,-1), (-1,-1), (-1,-1)]
Turtle 2 :[(-2,-2), (9,28), (8,28), (8,28), (7,28), (7,28), (7,28), (7,28), (6,28), (5,28), (4,28)]
Turtle 3 :[(-3,-3), (19,11), (18,11), (17,11), (16,11), (16,10), (15,10), (-3,-3), (-3,-3), (-3,-3), (-3,-3)]
Turtle 4 :[(-4,-4), (16,16), (15,16), (15,15), (15,15), (15,14), (14,14), (15,14), (14,14), (13,14), (-4,-4)]
Turtle 5 :[(-5,-5), (32,21), (31,21), (30,21), (29,21), (28,21), (28,20), (-5,-5), (-5,-5), (-5,-5), (-5,-5)]

Shrinking Run 99
#Info# Executed steps before collision: 6, Found collision: true
Turtle 1 :[(-1,-1), (15,11), (14,11), (14,12), (14,13), (14,14), (14,14), (13,14), (-1,-1), (-1,-1)]
Turtle 2 :[(-2,-2), (9,28), (8,28), (7,28), (6,28), (5,28), (4,28), (-2,-2), (-2,-2), (-2,-2)]
Turtle 3 :[(-3,-3), (19,11), (18,11), (17,11), (16,11), (16,10), (15,10), (-3,-3), (-3,-3), (-3,-3)]
Turtle 4 :[(-4,-4), (16,16), (15,16), (15,15), (15,15), (15,14), (14,14), (15,14), (14,14), (13,14)]
Turtle 5 :[(-5,-5), (32,21), (31,21), (30,21), (29,21), (28,21), (28,20), (-5,-5), (-5,-5), (-5,-5)]

Shrinking Run 100
#Info# Executed steps before collision: 6, Found collision: true
Turtle 1 :[(-1,-1), (15,11), (14,11), (14,12), (14,13), (14,14), (14,14), (13,14), (-1,-1), (-1,-1)]
Turtle 2 :[(-2,-2), (9,28), (8,28), (7,28), (6,28), (5,28), (4,28), (-2,-2), (-2,-2), (-2,-2)]
Turtle 3 :[(-3,-3), (19,11), (19,10), (19,10), (18,10), (18,10), (18,10), (18,9), (18,8), (17,8)]
Turtle 4 :[(-4,-4), (16,16), (15,16), (15,15), (15,15), (15,14), (14,14), (14,13), (13,13), (13,14)]
Turtle 5 :[(-5,-5), (32,21), (31,21), (30,21), (29,21), (28,21), (28,20), (-5,-5), (-5,-5), (-5,-5)]

Shrinking Run 101
#Info# Executed steps before collision: 6, Found collision: true
Turtle 1 :[(-1,-1), (15,11), (14,11), (14,12), (14,13), (14,14), (14,14), (13,14), (-1,-1), (-1,-1)]
Turtle 2 :[(-2,-2), (9,28), (8,28), (7,28), (6,28), (5,28), (4,28), (-2,-2), (-2,-2), (-2,-2)]
Turtle 3 :[(-3,-3), (19,11), (19,10), (19,10), (19,9), (19,9), (19,9), (19,8), (18,8), (17,8)]
Turtle 4 :[(-4,-4), (16,16), (15,16), (15,15), (15,15), (15,14), (14,14), (15,14), (14,14), (13,14)]
Turtle 5 :[(-5,-5), (32,21), (31,21), (30,21), (29,21), (28,21), (28,20), (-5,-5), (-5,-5), (-5,-5)]

Shrinking Run 102
#Info# Executed steps before collision: 6, Found collision: true
Turtle 1 :[(-1,-1), (15,11), (14,11), (14,12), (14,13), (14,14), (14,14), (13,14), (-1,-1), (-1,-1)]
Turtle 2 :[(-2,-2), (9,28), (8,28), (7,28), (6,28), (5,28), (4,28), (-2,-2), (-2,-2), (-2,-2)]
Turtle 3 :[(-3,-3), (19,11), (19,10), (19,10), (19,9), (19,9), (19,9), (18,9), (17,9), (16,9)]
Turtle 4 :[(-4,-4), (16,16), (15,16), (15,15), (15,15), (15,14), (14,14), (13,14), (-4,-4), (-4,-4)]
Turtle 5 :[(-5,-5), (32,21), (31,21), (30,21), (29,21), (28,21), (28,20), (-5,-5), (-5,-5), (-5,-5)]

Shrinking Run 103
#Info# Executed steps before collision: 6, Found collision: true
Turtle 1 :[(-1,-1), (15,11), (14,11), (14,12), (14,13), (14,14), (14,14), (13,14), (-1,-1), (-1,-1)]
Turtle 2 :[(-2,-2), (9,28), (8,28), (7,28), (6,28), (5,28), (4,28), (-2,-2), (-2,-2), (-2,-2)]
Turtle 3 :[(-3,-3), (19,11), (18,11), (18,11), (18,10), (18,10), (18,10), (17,10), (16,10), (15,10)]
Turtle 4 :[(-4,-4), (16,16), (15,16), (15,15), (15,15), (15,14), (14,14), (15,14), (14,14), (13,14)]
Turtle 5 :[(-5,-5), (32,21), (31,21), (30,21), (29,21), (28,21), (28,20), (-5,-5), (-5,-5), (-5,-5)]

Shrinking Run 104
#Info# Executed steps before collision: 6, Found collision: true
Turtle 1 :[(-1,-1), (15,11), (14,11), (14,12), (14,13), (14,14), (14,14), (13,14), (-1,-1), (-1,-1)]
Turtle 2 :[(-2,-2), (9,28), (8,28), (7,28), (6,28), (5,28), (4,28), (-2,-2), (-2,-2), (-2,-2)]
Turtle 3 :[(-3,-3), (19,11), (18,11), (18,11), (17,11), (17,11), (17,11), (16,11), (15,11), (14,11)]
Turtle 4 :[(-4,-4), (16,16), (15,16), (15,15), (15,15), (15,14), (14,14), (15,14), (14,14), (13,14)]
Turtle 5 :[(-5,-5), (32,21), (31,21), (30,21), (29,21), (28,21), (28,20), (-5,-5), (-5,-5), (-5,-5)]

Shrinking Run 105
#Info# Executed steps before collision: 6, Found collision: true
Turtle 1 :[(-1,-1), (15,11), (14,11), (14,12), (14,13), (14,14), (14,14), (13,14)]
Turtle 2 :[(-2,-2), (9,28), (8,28), (7,28), (6,28), (5,28), (4,28), (-2,-2)]
Turtle 3 :[(-3,-3), (19,11), (18,11), (17,11), (16,11), (15,11), (14,11), (-3,-3)]
Turtle 4 :[(-4,-4), (16,16), (15,16), (15,15), (15,15), (15,14), (14,14), (13,14)]
Turtle 5 :[(-5,-5), (32,21), (31,21), (30,21), (29,21), (28,21), (28,20), (-5,-5)]

Shrinking Run 106
#Info# Executed steps before collision: 9, Found collision: false
Turtle 1 :[(-1,-1), (15,11), (14,11), (14,12), (14,13), (14,14), (14,14), (13,14), (-1,-1), (-1,-1)]
Turtle 2 :[(-2,-2), (9,28), (8,28), (7,28), (6,28), (5,28), (4,28), (-2,-2), (-2,-2), (-2,-2)]
Turtle 3 :[(-3,-3), (19,11), (18,11), (17,11), (16,11), (15,11), (14,11), (-3,-3), (-3,-3), (-3,-3)]
Turtle 4 :[(-4,-4), (16,16), (15,16), (15,15), (15,15), (15,14), (16,14), (15,14), (14,14), (14,13)]
Turtle 5 :[(-5,-5), (32,21), (31,21), (30,21), (29,21), (28,21), (28,20), (-5,-5), (-5,-5), (-5,-5)]

Shrinking Run 107
#Info# Executed steps before collision: 10, Found collision: false
Turtle 1 :[(-1,-1), (15,11), (14,11), (14,12), (14,13), (14,14), (14,14), (13,14), (-1,-1), (-1,-1), (-1,-1)]
Turtle 2 :[(-2,-2), (9,28), (8,28), (7,28), (6,28), (5,28), (4,28), (-2,-2), (-2,-2), (-2,-2), (-2,-2)]
Turtle 3 :[(-3,-3), (19,11), (18,11), (17,11), (16,11), (15,11), (14,11), (-3,-3), (-3,-3), (-3,-3), (-3,-3)]
Turtle 4 :[(-4,-4), (16,16), (15,16), (15,15), (15,15), (14,15), (14,15), (13,15), (12,15), (13,15), (13,14)]
Turtle 5 :[(-5,-5), (32,21), (31,21), (30,21), (29,21), (28,21), (28,20), (-5,-5), (-5,-5), (-5,-5), (-5,-5)]

Shrinking Run 108
#Info# Executed steps before collision: 8, Found collision: false
Turtle 1 :[(-1,-1), (15,11), (14,11), (14,12), (14,13), (14,14), (14,14), (13,14), (-1,-1)]
Turtle 2 :[(-2,-2), (9,28), (8,28), (7,28), (6,28), (5,28), (4,28), (-2,-2), (-2,-2)]
Turtle 3 :[(-3,-3), (19,11), (18,11), (17,11), (16,11), (15,11), (14,11), (-3,-3), (-3,-3)]
Turtle 4 :[(-4,-4), (16,16), (15,16), (14,16), (14,16), (14,15), (14,15), (13,15), (13,14)]
Turtle 5 :[(-5,-5), (32,21), (31,21), (30,21), (29,21), (28,21), (28,20), (-5,-5), (-5,-5)]

Shrinking Run 109
#Info# Executed steps before collision: 10, Found collision: false
Turtle 1 :[(-1,-1), (15,11), (14,11), (14,12), (14,13), (14,14), (14,14), (13,14), (-1,-1), (-1,-1), (-1,-1)]
Turtle 2 :[(-2,-2), (9,28), (8,28), (7,28), (6,28), (5,28), (4,28), (-2,-2), (-2,-2), (-2,-2), (-2,-2)]
Turtle 3 :[(-3,-3), (19,11), (18,11), (17,11), (16,11), (15,11), (14,11), (-3,-3), (-3,-3), (-3,-3), (-3,-3)]
Turtle 4 :[(-4,-4), (16,16), (15,16), (15,15), (15,14), (15,15), (14,15), (13,15), (12,15), (12,14), (13,14)]
Turtle 5 :[(-5,-5), (32,21), (31,21), (30,21), (29,21), (28,21), (28,20), (-5,-5), (-5,-5), (-5,-5), (-5,-5)]

Shrinking Run 110
#Info# Executed steps before collision: 6, Found collision: true
Turtle 1 :[(-1,-1), (15,11), (14,11), (14,12), (14,13), (14,14), (14,14), (13,14)]
Turtle 2 :[(-2,-2), (9,28), (8,28), (7,28), (6,28), (5,28), (4,28), (-2,-2)]
Turtle 3 :[(-3,-3), (19,11), (18,11), (17,11), (16,11), (15,11), (14,11), (-3,-3)]
Turtle 4 :[(-4,-4), (16,16), (15,16), (15,15), (15,14), (15,14), (14,14), (13,14)]
Turtle 5 :[(-5,-5), (32,21), (31,21), (30,21), (29,21), (28,21), (28,20), (-5,-5)]

Shrinking Run 111
#Info# Executed steps before collision: 6, Found collision: true
Turtle 1 :[(-1,-1), (15,11), (14,11), (14,12), (14,13), (14,14), (14,14), (13,14), (-1,-1), (-1,-1)]
Turtle 2 :[(-2,-2), (9,28), (8,28), (7,28), (6,28), (5,28), (4,28), (-2,-2), (-2,-2), (-2,-2)]
Turtle 3 :[(-3,-3), (19,11), (18,11), (17,11), (16,11), (15,11), (14,11), (-3,-3), (-3,-3), (-3,-3)]
Turtle 4 :[(-4,-4), (16,16), (15,16), (14,16), (14,15), (14,15), (14,14), (14,15), (14,14), (13,14)]
Turtle 5 :[(-5,-5), (32,21), (31,21), (30,21), (29,21), (28,21), (28,20), (-5,-5), (-5,-5), (-5,-5)]

Shrinking Run 112
#Info# Executed steps before collision: 10, Found collision: false
Turtle 1 :[(-1,-1), (15,11), (14,11), (14,12), (14,13), (14,14), (14,14), (13,14), (-1,-1), (-1,-1), (-1,-1)]
Turtle 2 :[(-2,-2), (9,28), (8,28), (7,28), (6,28), (5,28), (4,28), (-2,-2), (-2,-2), (-2,-2), (-2,-2)]
Turtle 3 :[(-3,-3), (19,11), (18,11), (17,11), (16,11), (15,11), (14,11), (-3,-3), (-3,-3), (-3,-3), (-3,-3)]
Turtle 4 :[(-4,-4), (16,16), (15,16), (14,16), (14,15), (14,16), (14,15), (14,16), (14,15), (13,15), (13,14)]
Turtle 5 :[(-5,-5), (32,21), (31,21), (30,21), (29,21), (28,21), (28,20), (-5,-5), (-5,-5), (-5,-5), (-5,-5)]

Shrinking Run 113
#Info# Executed steps before collision: 6, Found collision: true
Turtle 1 :[(-1,-1), (15,11), (14,11), (14,12), (14,13), (14,14), (14,14), (13,14), (-1,-1), (-1,-1)]
Turtle 2 :[(-2,-2), (9,28), (8,28), (7,28), (6,28), (5,28), (4,28), (-2,-2), (-2,-2), (-2,-2)]
Turtle 3 :[(-3,-3), (19,11), (18,11), (17,11), (16,11), (15,11), (14,11), (-3,-3), (-3,-3), (-3,-3)]
Turtle 4 :[(-4,-4), (16,16), (15,16), (14,16), (14,15), (14,15), (14,14), (14,15), (14,14), (13,14)]
Turtle 5 :[(-5,-5), (32,21), (32,21), (31,21), (30,21), (30,21), (29,21), (28,21), (27,21), (-5,-5)]

Shrinking Run 114
#Info# Executed steps before collision: 6, Found collision: true
Turtle 1 :[(-1,-1), (15,11), (14,11), (14,12), (14,13), (14,14), (14,14), (13,14), (-1,-1), (-1,-1)]
Turtle 2 :[(-2,-2), (9,28), (8,28), (7,28), (6,28), (5,28), (4,28), (-2,-2), (-2,-2), (-2,-2)]
Turtle 3 :[(-3,-3), (19,11), (18,11), (17,11), (16,11), (15,11), (14,11), (-3,-3), (-3,-3), (-3,-3)]
Turtle 4 :[(-4,-4), (16,16), (15,16), (14,16), (14,15), (14,15), (14,14), (14,15), (13,15), (13,14)]
Turtle 5 :[(-5,-5), (32,21), (31,21), (30,21), (29,21), (28,21), (27,21), (-5,-5), (-5,-5), (-5,-5)]

Shrinking Run 115
#Info# Executed steps before collision: 7, Found collision: false
Turtle 1 :[(-1,-1), (15,11), (15,10), (15,9), (15,8), (15,7), (15,7), (14,7)]
Turtle 2 :[(-2,-2), (9,28), (8,28), (7,28), (6,28), (5,28), (4,28), (-2,-2)]
Turtle 3 :[(-3,-3), (19,11), (18,11), (17,11), (16,11), (15,11), (14,11), (-3,-3)]
Turtle 4 :[(-4,-4), (16,16), (15,16), (14,16), (14,15), (14,15), (14,14), (13,14)]
Turtle 5 :[(-5,-5), (32,21), (31,21), (30,21), (29,21), (28,21), (27,21), (-5,-5)]

Shrinking Run 116
#Info# Executed steps before collision: 7, Found collision: false
Turtle 1 :[(-1,-1), (15,11), (15,10), (15,9), (14,9), (14,8), (14,8), (13,8)]
Turtle 2 :[(-2,-2), (9,28), (8,28), (7,28), (6,28), (5,28), (4,28), (-2,-2)]
Turtle 3 :[(-3,-3), (19,11), (18,11), (17,11), (16,11), (15,11), (14,11), (-3,-3)]
Turtle 4 :[(-4,-4), (16,16), (15,16), (14,16), (14,15), (14,15), (14,14), (13,14)]
Turtle 5 :[(-5,-5), (32,21), (31,21), (30,21), (29,21), (28,21), (27,21), (-5,-5)]

Shrinking Run 117
#Info# Executed steps before collision: 7, Found collision: false
Turtle 1 :[(-1,-1), (15,11), (15,12), (14,12), (13,12), (12,12), (12,12), (11,12)]
Turtle 2 :[(-2,-2), (9,28), (8,28), (7,28), (6,28), (5,28), (4,28), (-2,-2)]
Turtle 3 :[(-3,-3), (19,11), (18,11), (17,11), (16,11), (15,11), (14,11), (-3,-3)]
Turtle 4 :[(-4,-4), (16,16), (15,16), (14,16), (14,15), (14,15), (14,14), (13,14)]
Turtle 5 :[(-5,-5), (32,21), (31,21), (30,21), (29,21), (28,21), (27,21), (-5,-5)]

Shrinking Run 118
#Info# Executed steps before collision: 7, Found collision: false
Turtle 1 :[(-1,-1), (15,11), (15,12), (15,13), (14,13), (13,13), (13,13), (12,13)]
Turtle 2 :[(-2,-2), (9,28), (8,28), (7,28), (6,28), (5,28), (4,28), (-2,-2)]
Turtle 3 :[(-3,-3), (19,11), (18,11), (17,11), (16,11), (15,11), (14,11), (-3,-3)]
Turtle 4 :[(-4,-4), (16,16), (15,16), (14,16), (14,15), (14,15), (14,14), (13,14)]
Turtle 5 :[(-5,-5), (32,21), (31,21), (30,21), (29,21), (28,21), (27,21), (-5,-5)]

Shrinking Run 119
#Info# Executed steps before collision: 7, Found collision: false
Turtle 1 :[(-1,-1), (15,11), (14,11), (13,11), (13,12), (13,13), (13,13), (12,13)]
Turtle 2 :[(-2,-2), (9,28), (8,28), (7,28), (6,28), (5,28), (4,28), (-2,-2)]
Turtle 3 :[(-3,-3), (19,11), (18,11), (17,11), (16,11), (15,11), (14,11), (-3,-3)]
Turtle 4 :[(-4,-4), (16,16), (15,16), (14,16), (14,15), (14,15), (14,14), (13,14)]
Turtle 5 :[(-5,-5), (32,21), (31,21), (30,21), (29,21), (28,21), (27,21), (-5,-5)]

Shrinking Run 120
#Info# Executed steps before collision: 7, Found collision: false
Turtle 1 :[(-1,-1), (15,11), (14,11), (14,12), (13,12), (13,13), (13,13), (12,13)]
Turtle 2 :[(-2,-2), (9,28), (8,28), (7,28), (6,28), (5,28), (4,28), (-2,-2)]
Turtle 3 :[(-3,-3), (19,11), (18,11), (17,11), (16,11), (15,11), (14,11), (-3,-3)]
Turtle 4 :[(-4,-4), (16,16), (15,16), (14,16), (14,15), (14,15), (14,14), (13,14)]
Turtle 5 :[(-5,-5), (32,21), (31,21), (30,21), (29,21), (28,21), (27,21), (-5,-5)]

Shrinking Run 121
#Info# Executed steps before collision: 7, Found collision: false
Turtle 1 :[(-1,-1), (15,11), (14,11), (14,12), (14,13), (13,13), (13,13), (12,13)]
Turtle 2 :[(-2,-2), (9,28), (8,28), (7,28), (6,28), (5,28), (4,28), (-2,-2)]
Turtle 3 :[(-3,-3), (19,11), (18,11), (17,11), (16,11), (15,11), (14,11), (-3,-3)]
Turtle 4 :[(-4,-4), (16,16), (15,16), (14,16), (14,15), (14,15), (14,14), (13,14)]
Turtle 5 :[(-5,-5), (32,21), (31,21), (30,21), (29,21), (28,21), (27,21), (-5,-5)]

Shrinking Run 122
#Info# Executed steps before collision: 8, Found collision: false
Turtle 1 :[(-1,-1), (15,11), (14,11), (14,12), (14,13), (14,14), (13,14), (-1,-1), (-1,-1)]
Turtle 2 :[(-2,-2), (9,28), (8,28), (7,28), (6,28), (5,28), (4,28), (-2,-2), (-2,-2)]
Turtle 3 :[(-3,-3), (19,11), (18,11), (17,11), (16,11), (15,11), (14,11), (-3,-3), (-3,-3)]
Turtle 4 :[(-4,-4), (16,16), (15,16), (14,16), (14,15), (14,15), (14,14), (14,14), (13,14)]
Turtle 5 :[(-5,-5), (32,21), (31,21), (30,21), (29,21), (28,21), (27,21), (-5,-5), (-5,-5)]

Shrinking Run 123
#Info# Executed steps before collision: 9, Found collision: false
Turtle 1 :[(-1,-1), (15,11), (14,11), (14,12), (14,13), (14,14), (14,14), (13,14), (-1,-1), (-1,-1)]
Turtle 2 :[(-2,-2), (9,28), (8,28), (7,28), (6,28), (5,28), (4,28), (-2,-2), (-2,-2), (-2,-2)]
Turtle 3 :[(-3,-3), (19,11), (18,11), (17,11), (16,11), (15,11), (14,11), (-3,-3), (-3,-3), (-3,-3)]
Turtle 4 :[(-4,-4), (16,16), (15,16), (15,15), (15,15), (15,14), (15,14), (15,14), (14,14), (14,13)]
Turtle 5 :[(-5,-5), (32,21), (31,21), (30,21), (29,21), (28,21), (27,21), (-5,-5), (-5,-5), (-5,-5)]

Shrinking Run 124
#Info# Executed steps before collision: 9, Found collision: false
Turtle 1 :[(-1,-1), (15,11), (14,11), (14,12), (14,13), (14,14), (14,14), (13,14), (-1,-1), (-1,-1)]
Turtle 2 :[(-2,-2), (9,28), (8,28), (7,28), (6,28), (5,28), (4,28), (-2,-2), (-2,-2), (-2,-2)]
Turtle 3 :[(-3,-3), (19,11), (18,11), (17,11), (16,11), (15,11), (14,11), (-3,-3), (-3,-3), (-3,-3)]
Turtle 4 :[(-4,-4), (16,16), (15,16), (15,15), (15,15), (14,15), (14,15), (13,15), (13,15), (13,14)]
Turtle 5 :[(-5,-5), (32,21), (31,21), (30,21), (29,21), (28,21), (27,21), (-5,-5), (-5,-5), (-5,-5)]

Shrinking Run 125
#Info# Executed steps before collision: 9, Found collision: false
Turtle 1 :[(-1,-1), (15,11), (14,11), (14,12), (14,13), (14,14), (14,14), (13,14), (-1,-1), (-1,-1)]
Turtle 2 :[(-2,-2), (9,28), (8,28), (7,28), (6,28), (5,28), (4,28), (-2,-2), (-2,-2), (-2,-2)]
Turtle 3 :[(-3,-3), (19,11), (18,11), (17,11), (16,11), (15,11), (14,11), (-3,-3), (-3,-3), (-3,-3)]
Turtle 4 :[(-4,-4), (16,16), (15,16), (14,16), (14,16), (14,15), (14,15), (13,15), (13,15), (13,14)]
Turtle 5 :[(-5,-5), (32,21), (31,21), (30,21), (29,21), (28,21), (27,21), (-5,-5), (-5,-5), (-5,-5)]

Shrinking Run 126
#Info# Executed steps before collision: 10, Found collision: false
Turtle 1 :[(-1,-1), (15,11), (14,11), (14,12), (14,13), (14,14), (14,14), (13,14), (-1,-1), (-1,-1), (-1,-1)]
Turtle 2 :[(-2,-2), (9,28), (8,28), (7,28), (6,28), (5,28), (4,28), (-2,-2), (-2,-2), (-2,-2), (-2,-2)]
Turtle 3 :[(-3,-3), (19,11), (18,11), (17,11), (16,11), (15,11), (14,11), (-3,-3), (-3,-3), (-3,-3), (-3,-3)]
Turtle 4 :[(-4,-4), (16,16), (15,16), (15,15), (15,14), (15,13), (14,13), (15,13), (15,14), (14,14), (13,14)]
Turtle 5 :[(-5,-5), (32,21), (31,21), (30,21), (29,21), (28,21), (27,21), (-5,-5), (-5,-5), (-5,-5), (-5,-5)]

Shrink Run 127
#Info# Executed steps before collision: 10, Found collision: false
Turtle 1 :[(-1,-1), (15,11), (14,11), (14,12), (14,13), (14,14), (14,14), (13,14), (-1,-1), (-1,-1), (-1,-1)]
Turtle 2 :[(-2,-2), (9,28), (8,28), (7,28), (6,28), (5,28), (4,28), (-2,-2), (-2,-2), (-2,-2), (-2,-2)]
Turtle 3 :[(-3,-3), (19,11), (18,11), (17,11), (16,11), (15,11), (14,11), (-3,-3), (-3,-3), (-3,-3), (-3,-3)]
Turtle 4 :[(-4,-4), (16,16), (15,16), (14,16), (14,15), (15,15), (15,14), (16,14), (15,14), (14,14), (13,14)]
Turtle 5 :[(-5,-5), (32,21), (31,21), (30,21), (29,21), (28,21), (27,21), (-5,-5), (-5,-5), (-5,-5), (-5,-5)]

