Detection Run 1
#Info# Executed steps before collision: 8, Found collision: false
Turtle 1 :[(-1,-1), (4,10), (5,10), (6,10), (6,9), (7,9), (7,8), (-1,-1), (-1,-1)]
Turtle 2 :[(-2,-2), (7,5), (7,4), (7,3), (7,2), (-2,-2), (-2,-2), (-2,-2), (-2,-2)]
Turtle 3 :[(-3,-3), (3,16), (4,16), (5,16), (5,17), (6,17), (7,17), (-3,-3), (-3,-3)]
Turtle 4 :[(-4,-4), (16,9), (16,10), (16,11), (16,12), (16,13), (16,14), (-4,-4), (-4,-4)]
Turtle 5 :[(-5,-5), (6,15), (5,15), (6,15), (6,16), (5,16), (5,17), (4,17), (4,18)]

Detection Run 2
#Info# Executed steps before collision: 6, Found collision: false
Turtle 1 :[(-1,-1), (7,6), (7,7), (7,8), (8,8), (9,8), (10,8)]
Turtle 2 :[(-2,-2), (5,8), (6,8), (5,8), (6,8), (6,7), (7,7)]
Turtle 3 :[(-3,-3), (12,18), (12,17), (12,16), (13,16), (14,16), (15,16)]
Turtle 4 :[(-4,-4), (11,11), (10,11), (10,12), (9,12), (9,13), (8,13)]
Turtle 5 :[(-5,-5), (2,3), (2,4), (3,4), (4,4), (5,4), (5,5)]

Detection Run 3
#Info# Executed steps before collision: 6, Found collision: false
Turtle 1 :[(-1,-1), (8,8), (8,7), (8,6), (8,5), (9,5), (9,4)]
Turtle 2 :[(-2,-2), (7,5), (8,5), (9,5), (10,5), (11,5), (-2,-2)]
Turtle 3 :[(-3,-3), (12,13), (11,13), (10,13), (9,13), (8,13), (-3,-3)]
Turtle 4 :[(-4,-4), (1,8), (1,7), (-4,-4), (-4,-4), (-4,-4), (-4,-4)]
Turtle 5 :[(-5,-5), (10,4), (10,3), (10,2), (10,1), (10,0), (9,0)]

Detection Run 4
#Info# Executed steps before collision: 7, Found collision: false
Turtle 1 :[(-1,-1), (7,16), (7,15), (7,14), (7,13), (6,13), (6,12), (-1,-1)]
Turtle 2 :[(-2,-2), (7,17), (8,17), (9,17), (9,16), (9,15), (9,14), (-2,-2)]
Turtle 3 :[(-3,-3), (-3,-3), (-3,-3), (7,17), (7,18), (7,19), (7,19), (8,19)]
Turtle 4 :[(-4,-4), (18,18), (19,18), (19,19), (19,19), (19,19), (-4,-4), (-4,-4)]
Turtle 5 :[(-5,-5), (3,1), (2,1), (2,2), (2,3), (1,3), (0,3), (-5,-5)]

Detection Run 5
#Info# Executed steps before collision: 6, Found collision: false
Turtle 1 :[(-1,-1), (18,18), (18,17), (18,16), (17,16), (16,16), (16,15)]
Turtle 2 :[(-2,-2), (10,17), (10,16), (10,15), (9,15), (9,14), (-2,-2)]
Turtle 3 :[(-3,-3), (8,3), (9,3), (10,3), (10,2), (11,2), (11,1)]
Turtle 4 :[(-4,-4), (7,5), (8,5), (8,4), (9,4), (9,3), (10,3)]
Turtle 5 :[(-5,-5), (0,5), (0,6), (1,6), (1,7), (1,8), (2,8)]

Detection Run 6
#Info# Executed steps before collision: 7, Found collision: false
Turtle 1 :[(-1,-1), (18,14), (18,15), (18,16), (18,17), (18,18), (19,18), (-1,-1)]
Turtle 2 :[(-2,-2), (6,1), (6,2), (6,3), (6,4), (-2,-2), (-2,-2), (-2,-2)]
Turtle 3 :[(-3,-3), (6,13), (5,13), (5,12), (4,12), (3,12), (2,12), (-3,-3)]
Turtle 4 :[(-4,-4), (-4,-4), (-4,-4), (6,1), (5,1), (5,0), (4,0), (3,0)]
Turtle 5 :[(-5,-5), (3,13), (2,13), (1,13), (1,12), (1,11), (1,10), (-5,-5)]

Detection Run 7
#Info# Executed steps before collision: 6, Found collision: false
Turtle 1 :[(-1,-1), (10,15), (9,15), (9,14), (8,14), (7,14), (6,14)]
Turtle 2 :[(-2,-2), (6,7), (6,6), (6,5), (5,5), (-2,-2), (-2,-2)]
Turtle 3 :[(-3,-3), (8,6), (8,7), (7,7), (6,7), (-3,-3), (-3,-3)]
Turtle 4 :[(-4,-4), (3,7), (3,6), (3,5), (3,4), (3,3), (-4,-4)]
Turtle 5 :[(-5,-5), (12,13), (11,13), (10,13), (9,13), (8,13), (7,13)]

Detection Run 8
#Info# Executed steps before collision: 10, Found collision: false
Turtle 1 :[(-1,-1), (0,0), (0,1), (0,2), (-1,-1), (-1,-1), (-1,-1), (-1,-1), (-1,-1), (-1,-1), (-1,-1)]
Turtle 2 :[(-2,-2), (2,17), (2,16), (2,17), (2,16), (2,15), (-2,-2), (-2,-2), (-2,-2), (-2,-2), (-2,-2)]
Turtle 3 :[(-3,-3), (19,16), (18,16), (18,15), (17,15), (17,14), (-3,-3), (-3,-3), (-3,-3), (-3,-3), (-3,-3)]
Turtle 4 :[(-4,-4), (0,11), (0,10), (0,9), (0,8), (0,7), (-4,-4), (-4,-4), (-4,-4), (-4,-4), (-4,-4)]
Turtle 5 :[(-5,-5), (1,13), (1,14), (1,15), (2,15), (2,14), (2,13), (2,14), (3,14), (3,15), (3,16)]

Detection Run 9
#Info# Executed steps before collision: 7, Found collision: false
Turtle 1 :[(-1,-1), (13,13), (13,13), (13,13), (13,14), (14,14), (14,15), (14,16)]
Turtle 2 :[(-2,-2), (3,11), (4,11), (5,11), (6,11), (7,11), (-2,-2), (-2,-2)]
Turtle 3 :[(-3,-3), (6,11), (7,11), (8,11), (9,11), (10,11), (11,11), (-3,-3)]
Turtle 4 :[(-4,-4), (8,15), (9,15), (10,15), (11,15), (12,15), (13,15), (-4,-4)]
Turtle 5 :[(-5,-5), (6,9), (5,9), (5,8), (4,8), (3,8), (3,8), (3,7)]

Detection Run 10
#Info# Executed steps before collision: 7, Found collision: false
Turtle 1 :[(-1,-1), (4,14), (4,13), (4,12), (4,11), (4,10), (4,9), (-1,-1)]
Turtle 2 :[(-2,-2), (7,19), (6,19), (6,19), (6,19), (7,19), (8,19), (9,19)]
Turtle 3 :[(-3,-3), (17,2), (18,2), (18,1), (19,1), (19,1), (-3,-3), (-3,-3)]
Turtle 4 :[(-4,-4), (17,13), (16,13), (16,14), (16,15), (15,15), (14,15), (-4,-4)]
Turtle 5 :[(-5,-5), (13,13), (14,13), (15,13), (16,13), (17,13), (18,13), (-5,-5)]

Fault Detection Run 11
#Info# Executed steps before collision: 2, Found collision: true
Turtle 1 :[(-1,-1), (1,19), (1,18), (2,18), (1,18), (0,18), (0,17), (-1,-1)]
Turtle 2 :[(-2,-2), (0,18), (1,18), (1,17), (0,17), (-2,-2), (-2,-2), (-2,-2)]
Turtle 3 :[(-3,-3), (6,7), (6,6), (6,5), (6,4), (6,4), (5,4), (4,4)]
Turtle 4 :[(-4,-4), (12,8), (11,8), (10,8), (10,8), (9,8), (-4,-4), (-4,-4)]
Turtle 5 :[(-5,-5), (13,7), (14,7), (14,8), (15,8), (15,9), (16,9), (-5,-5)]

