Detection Run 1
#Info# Executed steps before collision: 6, Found collision: false
Turtle 1 :[(-1,-1), (12,6), (11,6), (11,5), (11,4), (10,4), (10,3)]
Turtle 2 :[(-2,-2), (12,8), (12,7), (12,6), (12,5), (12,4), (12,3)]
Turtle 3 :[(-3,-3), (10,6), (9,6), (8,6), (8,5), (8,4), (8,3)]
Turtle 4 :[(-4,-4), (8,7), (9,7), (10,7), (11,7), (12,7), (13,7)]
Turtle 5 :[(-5,-5), (3,7), (3,8), (2,8), (1,8), (1,9), (0,9)]

Detection Run 2
#Info# Executed steps before collision: 8, Found collision: false
Turtle 1 :[(-1,-1), (3,5), (4,5), (5,5), (5,4), (6,4), (6,3), (-1,-1), (-1,-1)]
Turtle 2 :[(-2,-2), (7,14), (7,13), (6,13), (5,13), (4,13), (3,13), (-2,-2), (-2,-2)]
Turtle 3 :[(-3,-3), (13,6), (14,6), (14,7), (13,7), (12,7), (11,7), (10,7), (9,7)]
Turtle 4 :[(-4,-4), (12,6), (12,7), (12,6), (13,6), (-4,-4), (-4,-4), (-4,-4), (-4,-4)]
Turtle 5 :[(-5,-5), (0,13), (0,12), (0,11), (0,10), (0,9), (0,8), (-5,-5), (-5,-5)]

Fault Detection Run 3
#Info# Executed steps before collision: 6, Found collision: true
Turtle 1 :[(-1,-1), (3,2), (3,3), (2,3), (2,4), (2,5), (2,6)]
Turtle 2 :[(-2,-2), (1,14), (1,14), (1,13), (1,14), (0,14), (-2,-2)]
Turtle 3 :[(-3,-3), (4,9), (4,8), (3,8), (3,7), (3,6), (2,6)]
Turtle 4 :[(-4,-4), (2,9), (2,10), (2,11), (2,12), (2,13), (3,13)]
Turtle 5 :[(-5,-5), (10,7), (10,6), (9,6), (-5,-5), (-5,-5), (-5,-5)]

