Detection Run 1
#Info# Executed steps before collision: 6, Found collision: false
Turtle 1 :[(-1,-1), (9,6), (10,6), (9,6), (10,6), (11,6), (-1,-1)]
Turtle 2 :[(-2,-2), (9,3), (9,4), (9,4), (9,5), (9,6), (-2,-2)]
Turtle 3 :[(-3,-3), (6,16), (6,15), (5,15), (4,15), (3,15), (2,15)]
Turtle 4 :[(-4,-4), (18,0), (17,0), (16,0), (-4,-4), (-4,-4), (-4,-4)]
Turtle 5 :[(-5,-5), (15,16), (16,16), (16,17), (16,18), (16,19), (16,19)]

Detection Run 2
#Info# Executed steps before collision: 6, Found collision: false
Turtle 1 :[(-1,-1), (10,0), (10,1), (10,2), (10,3), (10,4), (11,4)]
Turtle 2 :[(-2,-2), (3,2), (3,3), (4,3), (4,4), (4,5), (5,5)]
Turtle 3 :[(-3,-3), (8,0), (8,1), (7,1), (-3,-3), (-3,-3), (-3,-3)]
Turtle 4 :[(-4,-4), (19,7), (19,8), (19,9), (18,9), (18,10), (-4,-4)]
Turtle 5 :[(-5,-5), (11,6), (11,5), (11,6), (11,5), (11,4), (12,4)]

Detection Run 3
#Info# Executed steps before collision: 6, Found collision: false
Turtle 1 :[(-1,-1), (13,8), (13,9), (14,9), (14,10), (-1,-1), (-1,-1)]
Turtle 2 :[(-2,-2), (16,13), (16,12), (16,11), (16,10), (15,10), (14,10)]
Turtle 3 :[(-3,-3), (10,0), (10,1), (10,0), (11,0), (-3,-3), (-3,-3)]
Turtle 4 :[(-4,-4), (2,2), (3,2), (4,2), (3,2), (4,2), (5,2)]
Turtle 5 :[(-5,-5), (12,13), (12,14), (12,15), (11,15), (11,16), (11,17)]

Detection Run 4
#Info# Executed steps before collision: 6, Found collision: false
Turtle 1 :[(-1,-1), (2,10), (3,10), (4,10), (5,10), (5,11), (6,11)]
Turtle 2 :[(-2,-2), (7,5), (7,4), (7,3), (7,2), (8,2), (8,1)]
Turtle 3 :[(-3,-3), (6,10), (6,11), (5,11), (4,11), (3,11), (3,12)]
Turtle 4 :[(-4,-4), (15,2), (14,2), (14,3), (14,4), (14,5), (13,5)]
Turtle 5 :[(-5,-5), (10,15), (10,14), (11,14), (11,13), (11,14), (12,14)]

Fault Detection Run 5
#Info# Executed steps before collision: 6, Found collision: true
Turtle 1 :[(-1,-1), (6,5), (6,6), (6,5), (6,6), (6,7), (7,7), (7,8), (7,9), (-1,-1)]
Turtle 2 :[(-2,-2), (8,12), (9,12), (10,12), (11,12), (12,12), (12,11), (-2,-2), (-2,-2), (-2,-2)]
Turtle 3 :[(-3,-3), (19,19), (18,19), (17,19), (17,18), (17,17), (17,16), (-3,-3), (-3,-3), (-3,-3)]
Turtle 4 :[(-4,-4), (5,7), (6,7), (6,7), (6,8), (7,8), (7,7), (7,6), (8,6), (8,5)]
Turtle 5 :[(-5,-5), (1,5), (0,5), (1,5), (0,5), (0,4), (-5,-5), (-5,-5), (-5,-5), (-5,-5)]

