Detection Run 1
#Info# Executed steps before collision: 10, Found collision: false
Turtle 1 :[(-1,-1), (6,31), (7,31), (6,31), (5,31), (-1,-1), (-1,-1), (-1,-1), (-1,-1), (-1,-1), (-1,-1)]
Turtle 2 :[(-2,-2), (45,48), (45,47), (45,46), (46,46), (46,45), (46,44), (-2,-2), (-2,-2), (-2,-2), (-2,-2)]
Turtle 3 :[(-3,-3), (10,37), (10,38), (10,39), (11,39), (12,39), (13,39), (-3,-3), (-3,-3), (-3,-3), (-3,-3)]
Turtle 4 :[(-4,-4), (44,29), (44,28), (44,27), (44,26), (45,26), (46,26), (-4,-4), (-4,-4), (-4,-4), (-4,-4)]
Turtle 5 :[(-5,-5), (15,38), (14,38), (14,39), (13,39), (14,39), (15,39), (14,39), (14,40), (13,40), (12,40)]

Detection Run 2
#Info# Executed steps before collision: 6, Found collision: false
Turtle 1 :[(-1,-1), (7,17), (7,18), (7,19), (8,19), (8,20), (8,21)]
Turtle 2 :[(-2,-2), (12,20), (11,20), (11,19), (10,19), (10,18), (9,18)]
Turtle 3 :[(-3,-3), (16,32), (16,33), (15,33), (14,33), (13,33), (12,33)]
Turtle 4 :[(-4,-4), (23,15), (22,15), (22,16), (22,17), (21,17), (21,18)]
Turtle 5 :[(-5,-5), (7,20), (8,20), (9,20), (9,21), (9,22), (9,23)]

Detection Run 3
#Info# Executed steps before collision: 6, Found collision: false
Turtle 1 :[(-1,-1), (40,31), (41,31), (41,30), (42,30), (42,29), (43,29)]
Turtle 2 :[(-2,-2), (24,7), (24,8), (25,8), (25,9), (25,10), (26,10)]
Turtle 3 :[(-3,-3), (27,2), (26,2), (25,2), (24,2), (-3,-3), (-3,-3)]
Turtle 4 :[(-4,-4), (16,5), (16,4), (16,3), (16,2), (16,1), (-4,-4)]
Turtle 5 :[(-5,-5), (16,1), (15,1), (16,1), (15,1), (15,2), (-5,-5)]

Detection Run 4
#Info# Executed steps before collision: 7, Found collision: false
Turtle 1 :[(-1,-1), (24,20), (23,20), (22,20), (21,20), (21,21), (21,22), (-1,-1)]
Turtle 2 :[(-2,-2), (19,15), (20,15), (20,15), (20,16), (21,16), (22,16), (23,16)]
Turtle 3 :[(-3,-3), (24,13), (23,13), (23,14), (23,15), (23,16), (-3,-3), (-3,-3)]
Turtle 4 :[(-4,-4), (25,12), (26,12), (26,11), (26,10), (27,10), (27,9), (-4,-4)]
Turtle 5 :[(-5,-5), (48,26), (47,26), (47,27), (47,28), (47,29), (46,29), (-5,-5)]

Detection Run 5
#Info# Executed steps before collision: 8, Found collision: false
Turtle 1 :[(-1,-1), (43,47), (43,48), (44,48), (45,48), (45,49), (45,49), (46,49), (-1,-1)]
Turtle 2 :[(-2,-2), (22,41), (22,40), (22,39), (23,39), (23,39), (23,39), (23,38), (24,38)]
Turtle 3 :[(-3,-3), (18,47), (19,47), (20,47), (21,47), (22,47), (23,47), (-3,-3), (-3,-3)]
Turtle 4 :[(-4,-4), (26,36), (25,36), (24,36), (23,36), (23,37), (23,38), (-4,-4), (-4,-4)]
Turtle 5 :[(-5,-5), (29,37), (30,37), (31,37), (32,37), (32,38), (32,38), (32,39), (-5,-5)]

Detection Run 6
#Info# Executed steps before collision: 6, Found collision: false
Turtle 1 :[(-1,-1), (9,4), (9,5), (8,5), (8,6), (7,6), (6,6)]
Turtle 2 :[(-2,-2), (0,22), (1,22), (1,21), (1,20), (2,20), (2,19)]
Turtle 3 :[(-3,-3), (25,32), (26,32), (27,32), (28,32), (29,32), (29,33)]
Turtle 4 :[(-4,-4), (33,25), (33,24), (33,23), (33,23), (33,22), (-4,-4)]
Turtle 5 :[(-5,-5), (28,32), (28,33), (29,33), (-5,-5), (-5,-5), (-5,-5)]

Detection Run 7
#Info# Executed steps before collision: 8, Found collision: false
Turtle 1 :[(-1,-1), (45,29), (45,29), (44,29), (43,29), (42,29), (42,28), (41,28), (-1,-1)]
Turtle 2 :[(-2,-2), (30,49), (31,49), (32,49), (32,49), (33,49), (33,49), (33,49), (34,49)]
Turtle 3 :[(-3,-3), (38,16), (38,15), (38,14), (37,14), (37,13), (37,12), (-3,-3), (-3,-3)]
Turtle 4 :[(-4,-4), (22,23), (22,22), (22,21), (22,20), (23,20), (24,20), (-4,-4), (-4,-4)]
Turtle 5 :[(-5,-5), (39,13), (39,14), (39,15), (40,15), (41,15), (41,15), (42,15), (-5,-5)]

Detection Run 8
#Info# Executed steps before collision: 7, Found collision: false
Turtle 1 :[(-1,-1), (18,5), (19,5), (19,5), (20,5), (20,4), (20,3), (20,2)]
Turtle 2 :[(-2,-2), (38,11), (37,11), (37,11), (36,11), (36,12), (35,12), (34,12)]
Turtle 3 :[(-3,-3), (36,13), (37,13), (37,14), (38,14), (-3,-3), (-3,-3), (-3,-3)]
Turtle 4 :[(-4,-4), (4,21), (3,21), (2,21), (2,20), (2,19), (2,19), (2,18)]
Turtle 5 :[(-5,-5), (12,15), (11,15), (11,16), (11,16), (10,16), (9,16), (9,17)]

Detection Run 9
#Info# Executed steps before collision: 8, Found collision: false
Turtle 1 :[(-1,-1), (20,26), (19,26), (19,27), (19,28), (18,28), (18,29), (-1,-1), (-1,-1)]
Turtle 2 :[(-2,-2), (43,8), (43,9), (43,10), (44,10), (45,10), (45,11), (-2,-2), (-2,-2)]
Turtle 3 :[(-3,-3), (43,37), (43,37), (43,37), (44,37), (45,37), (46,37), (46,37), (47,37)]
Turtle 4 :[(-4,-4), (45,12), (44,12), (-4,-4), (-4,-4), (-4,-4), (-4,-4), (-4,-4), (-4,-4)]
Turtle 5 :[(-5,-5), (27,11), (27,10), (27,9), (26,9), (26,8), (25,8), (-5,-5), (-5,-5)]

Detection Run 10
#Info# Executed steps before collision: 10, Found collision: false
Turtle 1 :[(-1,-1), (4,39), (5,39), (5,40), (5,40), (5,41), (5,41), (6,41), (6,42), (-1,-1), (-1,-1)]
Turtle 2 :[(-2,-2), (47,31), (48,31), (48,32), (49,32), (49,32), (49,32), (49,33), (-2,-2), (-2,-2), (-2,-2)]
Turtle 3 :[(-3,-3), (20,28), (20,28), (20,28), (20,28), (20,28), (21,28), (22,28), (22,28), (23,28), (24,28)]
Turtle 4 :[(-4,-4), (11,43), (10,43), (10,42), (9,42), (9,42), (9,42), (8,42), (7,42), (-4,-4), (-4,-4)]
Turtle 5 :[(-5,-5), (45,29), (46,29), (47,29), (48,29), (-5,-5), (-5,-5), (-5,-5), (-5,-5), (-5,-5), (-5,-5)]

Detection Run 11
#Info# Executed steps before collision: 11, Found collision: false
Turtle 1 :[(-1,-1), (30,47), (30,46), (29,46), (28,46), (28,45), (28,44), (-1,-1), (-1,-1), (-1,-1), (-1,-1), (-1,-1)]
Turtle 2 :[(-2,-2), (42,0), (43,0), (44,0), (44,0), (44,0), (45,0), (46,0), (-2,-2), (-2,-2), (-2,-2), (-2,-2)]
Turtle 3 :[(-3,-3), (46,18), (45,18), (44,18), (44,18), (44,18), (44,17), (43,17), (43,17), (43,17), (43,17), (43,16)]
Turtle 4 :[(-4,-4), (43,14), (43,15), (44,15), (44,16), (44,16), (44,16), (45,16), (45,17), (-4,-4), (-4,-4), (-4,-4)]
Turtle 5 :[(-5,-5), (16,16), (17,16), (17,16), (18,16), (18,15), (19,15), (-5,-5), (-5,-5), (-5,-5), (-5,-5), (-5,-5)]

Detection Run 12
#Info# Executed steps before collision: 9, Found collision: false
Turtle 1 :[(-1,-1), (16,27), (17,27), (17,27), (18,27), (18,27), (18,27), (18,26), (19,26), (20,26)]
Turtle 2 :[(-2,-2), (40,17), (40,17), (41,17), (41,17), (42,17), (42,17), (42,18), (42,19), (-2,-2)]
Turtle 3 :[(-3,-3), (31,2), (31,3), (30,3), (29,3), (28,3), (28,4), (-3,-3), (-3,-3), (-3,-3)]
Turtle 4 :[(-4,-4), (9,7), (10,7), (10,7), (10,7), (10,8), (10,9), (10,9), (10,10), (11,10)]
Turtle 5 :[(-5,-5), (12,7), (12,7), (12,7), (12,7), (11,7), (-5,-5), (-5,-5), (-5,-5), (-5,-5)]

Detection Run 13
#Info# Executed steps before collision: 12, Found collision: false
Turtle 1 :[(-1,-1), (6,45), (5,45), (5,44), (4,44), (4,44), (4,45), (4,44), (4,43), (3,43), (-1,-1), (-1,-1), (-1,-1)]
Turtle 2 :[(-2,-2), (47,11), (46,11), (46,11), (46,10), (46,9), (46,9), (45,9), (44,9), (-2,-2), (-2,-2), (-2,-2), (-2,-2)]
Turtle 3 :[(-3,-3), (9,46), (9,46), (9,47), (9,48), (9,48), (9,48), (9,48), (8,48), (8,48), (8,49), (7,49), (-3,-3)]
Turtle 4 :[(-4,-4), (44,5), (44,5), (43,5), (43,6), (43,7), (43,8), (43,9), (-4,-4), (-4,-4), (-4,-4), (-4,-4), (-4,-4)]
Turtle 5 :[(-5,-5), (3,46), (3,45), (4,45), (4,46), (4,45), (4,46), (5,46), (4,46), (4,45), (4,44), (4,43), (4,42)]

Detection Run 14
#Info# Executed steps before collision: 8, Found collision: false
Turtle 1 :[(-1,-1), (1,22), (1,23), (0,23), (0,24), (0,25), (0,25), (0,26), (-1,-1)]
Turtle 2 :[(-2,-2), (38,30), (37,30), (36,30), (-2,-2), (-2,-2), (-2,-2), (-2,-2), (-2,-2)]
Turtle 3 :[(-3,-3), (8,41), (7,41), (7,42), (7,43), (7,44), (-3,-3), (-3,-3), (-3,-3)]
Turtle 4 :[(-4,-4), (35,28), (35,29), (35,29), (36,29), (36,29), (36,30), (36,31), (37,31)]
Turtle 5 :[(-5,-5), (35,1), (34,1), (34,2), (34,3), (34,4), (33,4), (-5,-5), (-5,-5)]

Detection Run 15
#Info# Executed steps before collision: 9, Found collision: false
Turtle 1 :[(-1,-1), (23,5), (22,5), (21,5), (20,5), (20,4), (20,3), (-1,-1), (-1,-1), (-1,-1)]
Turtle 2 :[(-2,-2), (16,44), (17,44), (17,44), (17,44), (17,44), (17,44), (18,44), (19,44), (-2,-2)]
Turtle 3 :[(-3,-3), (7,4), (7,5), (7,6), (8,6), (8,7), (8,8), (-3,-3), (-3,-3), (-3,-3)]
Turtle 4 :[(-4,-4), (32,31), (32,31), (33,31), (34,31), (35,31), (35,31), (35,30), (35,30), (36,30)]
Turtle 5 :[(-5,-5), (9,2), (9,3), (9,4), (9,5), (9,6), (-5,-5), (-5,-5), (-5,-5), (-5,-5)]

Detection Run 16
#Info# Executed steps before collision: 9, Found collision: false
Turtle 1 :[(-1,-1), (14,21), (15,21), (15,21), (15,21), (15,20), (15,20), (15,19), (15,18), (16,18)]
Turtle 2 :[(-2,-2), (33,5), (32,5), (31,5), (31,4), (31,3), (30,3), (-2,-2), (-2,-2), (-2,-2)]
Turtle 3 :[(-3,-3), (12,17), (12,18), (12,19), (12,20), (13,20), (14,20), (-3,-3), (-3,-3), (-3,-3)]
Turtle 4 :[(-4,-4), (17,45), (17,45), (17,45), (17,45), (17,44), (17,43), (17,43), (16,43), (16,42)]
Turtle 5 :[(-5,-5), (16,8), (16,8), (16,9), (16,10), (16,11), (16,11), (16,12), (17,12), (-5,-5)]

Detection Run 17
#Info# Executed steps before collision: 11, Found collision: false
Turtle 1 :[(-1,-1), (43,29), (43,30), (43,30), (42,30), (42,30), (42,30), (41,30), (41,30), (41,30), (40,30), (40,31)]
Turtle 2 :[(-2,-2), (22,11), (21,11), (21,12), (21,13), (20,13), (19,13), (-2,-2), (-2,-2), (-2,-2), (-2,-2), (-2,-2)]
Turtle 3 :[(-3,-3), (20,13), (20,13), (20,13), (20,14), (20,14), (20,15), (20,15), (20,14), (20,13), (20,12), (-3,-3)]
Turtle 4 :[(-4,-4), (49,28), (49,27), (49,27), (49,26), (49,26), (49,25), (-4,-4), (-4,-4), (-4,-4), (-4,-4), (-4,-4)]
Turtle 5 :[(-5,-5), (34,14), (34,15), (34,14), (35,14), (-5,-5), (-5,-5), (-5,-5), (-5,-5), (-5,-5), (-5,-5), (-5,-5)]

Detection Run 18
#Info# Executed steps before collision: 11, Found collision: false
Turtle 1 :[(-1,-1), (31,23), (32,23), (32,23), (33,23), (34,23), (34,23), (34,23), (34,23), (34,22), (34,22), (35,22)]
Turtle 2 :[(-2,-2), (15,41), (14,41), (14,41), (14,41), (14,41), (13,41), (13,40), (13,40), (12,40), (12,40), (11,40)]
Turtle 3 :[(-3,-3), (13,38), (13,38), (13,37), (13,38), (13,38), (13,39), (13,39), (14,39), (-3,-3), (-3,-3), (-3,-3)]
Turtle 4 :[(-4,-4), (38,37), (39,37), (39,37), (39,37), (39,37), (38,37), (39,37), (-4,-4), (-4,-4), (-4,-4), (-4,-4)]
Turtle 5 :[(-5,-5), (39,17), (39,17), (39,17), (40,17), (40,17), (40,17), (40,16), (41,16), (41,16), (41,15), (42,15)]

Detection Run 19
#Info# Executed steps before collision: 11, Found collision: false
Turtle 1 :[(-1,-1), (20,18), (19,18), (19,19), (18,19), (17,19), (-1,-1), (-1,-1), (-1,-1), (-1,-1), (-1,-1), (-1,-1)]
Turtle 2 :[(-2,-2), (36,29), (36,29), (36,30), (36,31), (36,31), (36,32), (-2,-2), (-2,-2), (-2,-2), (-2,-2), (-2,-2)]
Turtle 3 :[(-3,-3), (22,36), (22,36), (22,35), (23,35), (23,34), (24,34), (24,33), (-3,-3), (-3,-3), (-3,-3), (-3,-3)]
Turtle 4 :[(-4,-4), (18,18), (18,18), (17,18), (18,18), (18,19), (19,19), (20,19), (20,20), (20,21), (-4,-4), (-4,-4)]
Turtle 5 :[(-5,-5), (32,6), (32,5), (31,5), (31,5), (31,5), (31,5), (31,5), (30,5), (30,4), (30,4), (29,4)]

Detection Run 20
#Info# Executed steps before collision: 9, Found collision: false
Turtle 1 :[(-1,-1), (42,4), (42,4), (42,4), (42,4), (42,4), (42,4), (41,4), (40,4), (40,5)]
Turtle 2 :[(-2,-2), (40,33), (41,33), (41,32), (41,31), (42,31), (43,31), (-2,-2), (-2,-2), (-2,-2)]
Turtle 3 :[(-3,-3), (33,17), (32,17), (32,17), (32,18), (31,18), (30,18), (30,18), (29,18), (-3,-3)]
Turtle 4 :[(-4,-4), (37,7), (36,7), (35,7), (35,7), (35,8), (34,8), (34,8), (33,8), (-4,-4)]
Turtle 5 :[(-5,-5), (42,33), (42,33), (42,32), (42,33), (41,33), (40,33), (40,34), (-5,-5), (-5,-5)]

Detection Run 21
#Info# Executed steps before collision: 11, Found collision: false
Turtle 1 :[(-1,-1), (40,5), (40,5), (40,4), (40,4), (40,4), (41,4), (42,4), (42,3), (42,3), (42,3), (42,2)]
Turtle 2 :[(-2,-2), (19,27), (19,26), (19,25), (19,24), (19,23), (19,22), (-2,-2), (-2,-2), (-2,-2), (-2,-2), (-2,-2)]
Turtle 3 :[(-3,-3), (21,3), (21,4), (21,5), (21,6), (22,6), (-3,-3), (-3,-3), (-3,-3), (-3,-3), (-3,-3), (-3,-3)]
Turtle 4 :[(-4,-4), (36,5), (36,4), (35,4), (34,4), (34,3), (34,2), (-4,-4), (-4,-4), (-4,-4), (-4,-4), (-4,-4)]
Turtle 5 :[(-5,-5), (23,22), (23,22), (22,22), (22,22), (21,22), (-5,-5), (-5,-5), (-5,-5), (-5,-5), (-5,-5), (-5,-5)]

Detection Run 22
#Info# Executed steps before collision: 7, Found collision: false
Turtle 1 :[(-1,-1), (45,1), (46,1), (47,1), (48,1), (49,1), (49,1), (49,1)]
Turtle 2 :[(-2,-2), (27,16), (26,16), (26,17), (26,18), (26,18), (25,18), (-2,-2)]
Turtle 3 :[(-3,-3), (22,16), (23,16), (23,17), (-3,-3), (-3,-3), (-3,-3), (-3,-3)]
Turtle 4 :[(-4,-4), (1,30), (2,30), (3,30), (3,29), (3,28), (3,27), (-4,-4)]
Turtle 5 :[(-5,-5), (48,1), (48,0), (47,0), (46,0), (45,0), (44,0), (-5,-5)]

Detection Run 23
#Info# Executed steps before collision: 11, Found collision: false
Turtle 1 :[(-1,-1), (28,21), (28,21), (28,22), (28,21), (28,21), (28,20), (28,20), (27,20), (-1,-1), (-1,-1), (-1,-1)]
Turtle 2 :[(-2,-2), (26,15), (26,16), (26,17), (26,17), (26,17), (27,17), (27,18), (27,18), (28,18), (-2,-2), (-2,-2)]
Turtle 3 :[(-3,-3), (13,21), (13,20), (14,20), (14,20), (14,20), (14,20), (15,20), (15,20), (16,20), (16,20), (16,19)]
Turtle 4 :[(-4,-4), (1,12), (1,11), (2,11), (2,10), (3,10), (3,10), (4,10), (-4,-4), (-4,-4), (-4,-4), (-4,-4)]
Turtle 5 :[(-5,-5), (18,27), (18,26), (19,26), (20,26), (20,26), (21,26), (22,26), (-5,-5), (-5,-5), (-5,-5), (-5,-5)]

Detection Run 24
#Info# Executed steps before collision: 11, Found collision: false
Turtle 1 :[(-1,-1), (10,30), (10,30), (10,30), (10,30), (11,30), (12,30), (12,29), (12,28), (12,27), (-1,-1), (-1,-1)]
Turtle 2 :[(-2,-2), (29,37), (30,37), (31,37), (32,37), (32,38), (32,39), (-2,-2), (-2,-2), (-2,-2), (-2,-2), (-2,-2)]
Turtle 3 :[(-3,-3), (45,25), (46,25), (47,25), (46,25), (45,25), (45,25), (45,25), (45,25), (45,26), (-3,-3), (-3,-3)]
Turtle 4 :[(-4,-4), (13,17), (14,17), (14,18), (14,18), (14,19), (15,19), (15,20), (-4,-4), (-4,-4), (-4,-4), (-4,-4)]
Turtle 5 :[(-5,-5), (16,22), (16,21), (16,21), (16,20), (16,20), (16,19), (16,19), (16,18), (16,18), (16,18), (16,17)]

Detection Run 25
#Info# Executed steps before collision: 11, Found collision: false
Turtle 1 :[(-1,-1), (30,18), (29,18), (29,18), (28,18), (27,18), (27,17), (27,17), (27,17), (27,16), (-1,-1), (-1,-1)]
Turtle 2 :[(-2,-2), (3,26), (3,27), (3,27), (4,27), (4,27), (4,28), (4,28), (4,28), (4,28), (4,29), (4,30)]
Turtle 3 :[(-3,-3), (28,20), (28,20), (28,20), (27,20), (27,20), (26,20), (26,20), (26,20), (25,20), (25,21), (-3,-3)]
Turtle 4 :[(-4,-4), (29,44), (30,44), (31,44), (32,44), (33,44), (34,44), (-4,-4), (-4,-4), (-4,-4), (-4,-4), (-4,-4)]
Turtle 5 :[(-5,-5), (35,44), (35,45), (35,46), (34,46), (34,47), (33,47), (-5,-5), (-5,-5), (-5,-5), (-5,-5), (-5,-5)]

Detection Run 26
#Info# Executed steps before collision: 11, Found collision: false
Turtle 1 :[(-1,-1), (0,26), (0,25), (1,25), (2,25), (2,24), (2,23), (-1,-1), (-1,-1), (-1,-1), (-1,-1), (-1,-1)]
Turtle 2 :[(-2,-2), (43,26), (42,26), (42,26), (41,26), (41,26), (41,26), (41,25), (40,25), (40,25), (40,25), (39,25)]
Turtle 3 :[(-3,-3), (49,47), (49,47), (49,47), (48,47), (48,47), (47,47), (-3,-3), (-3,-3), (-3,-3), (-3,-3), (-3,-3)]
Turtle 4 :[(-4,-4), (0,10), (0,11), (0,11), (0,10), (0,10), (0,10), (0,10), (0,10), (0,11), (-4,-4), (-4,-4)]
Turtle 5 :[(-5,-5), (48,45), (47,45), (48,45), (48,45), (48,45), (48,45), (48,45), (48,44), (49,44), (49,44), (49,44)]

Detection Run 27
#Info# Executed steps before collision: 10, Found collision: false
Turtle 1 :[(-1,-1), (49,29), (49,30), (49,30), (49,30), (49,31), (49,32), (48,32), (48,33), (-1,-1), (-1,-1)]
Turtle 2 :[(-2,-2), (13,23), (14,23), (14,23), (14,22), (14,21), (15,21), (15,21), (16,21), (-2,-2), (-2,-2)]
Turtle 3 :[(-3,-3), (49,32), (49,31), (49,31), (49,32), (48,32), (48,31), (48,30), (48,29), (48,28), (49,28)]
Turtle 4 :[(-4,-4), (17,26), (17,25), (18,25), (19,25), (19,25), (19,25), (19,25), (19,24), (-4,-4), (-4,-4)]
Turtle 5 :[(-5,-5), (10,21), (9,21), (8,21), (9,21), (9,20), (8,20), (-5,-5), (-5,-5), (-5,-5), (-5,-5)]

Detection Run 28
#Info# Executed steps before collision: 11, Found collision: false
Turtle 1 :[(-1,-1), (40,7), (40,6), (40,6), (41,6), (42,6), (42,5), (42,4), (-1,-1), (-1,-1), (-1,-1), (-1,-1)]
Turtle 2 :[(-2,-2), (12,32), (12,32), (13,32), (13,31), (13,31), (13,30), (13,30), (13,30), (13,29), (-2,-2), (-2,-2)]
Turtle 3 :[(-3,-3), (44,7), (44,8), (44,9), (44,10), (44,10), (44,11), (-3,-3), (-3,-3), (-3,-3), (-3,-3), (-3,-3)]
Turtle 4 :[(-4,-4), (45,2), (45,2), (45,2), (44,2), (44,3), (43,3), (43,3), (43,4), (43,4), (43,4), (42,4)]
Turtle 5 :[(-5,-5), (39,12), (39,12), (39,12), (39,12), (39,12), (39,12), (38,12), (-5,-5), (-5,-5), (-5,-5), (-5,-5)]

Detection Run 29
#Info# Executed steps before collision: 11, Found collision: false
Turtle 1 :[(-1,-1), (21,24), (22,24), (23,24), (24,24), (24,23), (25,23), (-1,-1), (-1,-1), (-1,-1), (-1,-1), (-1,-1)]
Turtle 2 :[(-2,-2), (40,13), (40,14), (40,15), (41,15), (41,16), (41,17), (-2,-2), (-2,-2), (-2,-2), (-2,-2), (-2,-2)]
Turtle 3 :[(-3,-3), (39,32), (39,32), (39,33), (39,33), (39,33), (40,33), (40,34), (40,34), (40,35), (-3,-3), (-3,-3)]
Turtle 4 :[(-4,-4), (5,3), (5,2), (5,1), (6,1), (6,0), (7,0), (-4,-4), (-4,-4), (-4,-4), (-4,-4), (-4,-4)]
Turtle 5 :[(-5,-5), (38,14), (39,14), (39,14), (39,14), (39,13), (40,13), (41,13), (41,13), (41,13), (41,13), (42,13)]

Detection Run 30
#Info# Executed steps before collision: 10, Found collision: false
Turtle 1 :[(-1,-1), (12,2), (13,2), (14,2), (15,2), (15,1), (15,1), (15,1), (16,1), (-1,-1), (-1,-1)]
Turtle 2 :[(-2,-2), (36,4), (36,4), (36,4), (36,5), (36,4), (36,4), (35,4), (-2,-2), (-2,-2), (-2,-2)]
Turtle 3 :[(-3,-3), (5,33), (5,33), (5,33), (6,33), (6,34), (7,34), (8,34), (8,34), (8,34), (8,35)]
Turtle 4 :[(-4,-4), (37,3), (37,3), (36,3), (36,4), (35,4), (35,5), (34,5), (-4,-4), (-4,-4), (-4,-4)]
Turtle 5 :[(-5,-5), (10,14), (10,13), (9,13), (9,12), (8,12), (7,12), (-5,-5), (-5,-5), (-5,-5), (-5,-5)]

Detection Run 31
#Info# Executed steps before collision: 11, Found collision: false
Turtle 1 :[(-1,-1), (3,38), (2,38), (2,38), (2,38), (2,38), (2,38), (2,38), (1,38), (-1,-1), (-1,-1), (-1,-1)]
Turtle 2 :[(-2,-2), (26,34), (25,34), (25,34), (25,34), (25,34), (25,34), (24,34), (24,34), (23,34), (-2,-2), (-2,-2)]
Turtle 3 :[(-3,-3), (46,28), (45,28), (45,28), (46,28), (47,28), (47,28), (47,27), (-3,-3), (-3,-3), (-3,-3), (-3,-3)]
Turtle 4 :[(-4,-4), (37,6), (36,6), (35,6), (35,6), (34,6), (34,6), (34,6), (33,6), (32,6), (-4,-4), (-4,-4)]
Turtle 5 :[(-5,-5), (0,37), (1,37), (1,38), (1,38), (1,39), (1,39), (1,40), (1,40), (1,40), (1,40), (2,40)]

Detection Run 32
#Info# Executed steps before collision: 11, Found collision: false
Turtle 1 :[(-1,-1), (39,12), (38,12), (38,12), (38,12), (37,12), (37,11), (36,11), (36,10), (-1,-1), (-1,-1), (-1,-1)]
Turtle 2 :[(-2,-2), (2,39), (2,39), (2,39), (3,39), (3,39), (3,40), (3,40), (3,41), (3,42), (3,42), (4,42)]
Turtle 3 :[(-3,-3), (20,3), (20,2), (20,2), (19,2), (19,2), (19,2), (19,2), (18,2), (18,2), (17,2), (-3,-3)]
Turtle 4 :[(-4,-4), (18,36), (18,36), (18,37), (18,37), (18,37), (18,38), (19,38), (19,38), (20,38), (20,38), (21,38)]
Turtle 5 :[(-5,-5), (36,6), (36,7), (36,8), (37,8), (37,8), (37,9), (37,10), (-5,-5), (-5,-5), (-5,-5), (-5,-5)]

Detection Run 33
#Info# Executed steps before collision: 8, Found collision: false
Turtle 1 :[(-1,-1), (21,0), (21,0), (21,1), (21,1), (21,1), (21,2), (20,2), (20,3)]
Turtle 2 :[(-2,-2), (30,48), (30,47), (29,47), (28,47), (27,47), (26,47), (-2,-2), (-2,-2)]
Turtle 3 :[(-3,-3), (30,7), (31,7), (31,7), (31,7), (31,7), (32,7), (33,7), (-3,-3)]
Turtle 4 :[(-4,-4), (41,9), (41,10), (41,11), (40,11), (40,12), (-4,-4), (-4,-4), (-4,-4)]
Turtle 5 :[(-5,-5), (25,45), (24,45), (24,45), (24,46), (24,45), (24,45), (24,46), (24,47)]

Detection Run 34
#Info# Executed steps before collision: 10, Found collision: false
Turtle 1 :[(-1,-1), (37,46), (37,45), (37,44), (37,44), (37,43), (36,43), (36,42), (-1,-1), (-1,-1), (-1,-1)]
Turtle 2 :[(-2,-2), (25,48), (25,48), (25,48), (26,48), (26,48), (27,48), (27,48), (28,48), (29,48), (-2,-2)]
Turtle 3 :[(-3,-3), (48,42), (48,42), (48,43), (48,44), (49,44), (49,44), (-3,-3), (-3,-3), (-3,-3), (-3,-3)]
Turtle 4 :[(-4,-4), (36,17), (35,17), (35,17), (35,18), (35,19), (34,19), (34,19), (34,20), (-4,-4), (-4,-4)]
Turtle 5 :[(-5,-5), (38,38), (38,39), (38,39), (38,39), (38,39), (37,39), (37,39), (37,40), (37,40), (36,40)]

Detection Run 35
#Info# Executed steps before collision: 8, Found collision: false
Turtle 1 :[(-1,-1), (40,26), (41,26), (42,26), (42,25), (42,24), (42,24), (42,23), (-1,-1)]
Turtle 2 :[(-2,-2), (26,34), (26,34), (26,34), (26,35), (26,35), (26,35), (26,36), (25,36)]
Turtle 3 :[(-3,-3), (26,35), (26,36), (26,36), (27,36), (28,36), (28,36), (28,37), (-3,-3)]
Turtle 4 :[(-4,-4), (3,8), (2,8), (2,8), (1,8), (1,8), (0,8), (0,9), (-4,-4)]
Turtle 5 :[(-5,-5), (8,28), (8,29), (7,29), (6,29), (-5,-5), (-5,-5), (-5,-5), (-5,-5)]

Detection Run 36
#Info# Executed steps before collision: 11, Found collision: false
Turtle 1 :[(-1,-1), (20,22), (19,22), (20,22), (20,23), (19,23), (18,23), (-1,-1), (-1,-1), (-1,-1), (-1,-1), (-1,-1)]
Turtle 2 :[(-2,-2), (33,7), (33,7), (33,7), (34,7), (34,7), (35,7), (35,8), (36,8), (36,8), (36,8), (37,8)]
Turtle 3 :[(-3,-3), (1,48), (2,48), (3,48), (3,47), (4,47), (5,47), (-3,-3), (-3,-3), (-3,-3), (-3,-3), (-3,-3)]
Turtle 4 :[(-4,-4), (35,40), (36,40), (36,39), (37,39), (37,39), (37,39), (37,39), (37,38), (38,38), (-4,-4), (-4,-4)]
Turtle 5 :[(-5,-5), (37,8), (37,8), (37,8), (37,8), (36,8), (36,9), (36,10), (36,10), (36,10), (35,10), (34,10)]

Detection Run 37
#Info# Executed steps before collision: 11, Found collision: false
Turtle 1 :[(-1,-1), (21,44), (21,43), (22,43), (22,43), (22,42), (22,41), (22,40), (-1,-1), (-1,-1), (-1,-1), (-1,-1)]
Turtle 2 :[(-2,-2), (44,38), (45,38), (46,38), (46,38), (47,38), (48,38), (-2,-2), (-2,-2), (-2,-2), (-2,-2), (-2,-2)]
Turtle 3 :[(-3,-3), (25,23), (25,24), (25,24), (25,24), (24,24), (23,24), (23,24), (22,24), (22,24), (22,24), (22,25)]
Turtle 4 :[(-4,-4), (38,34), (38,34), (38,33), (38,32), (38,32), (38,31), (39,31), (39,31), (39,31), (40,31), (-4,-4)]
Turtle 5 :[(-5,-5), (22,37), (22,37), (22,37), (22,37), (22,38), (22,38), (22,38), (21,38), (21,39), (21,40), (20,40)]

Detection Run 38
#Info# Executed steps before collision: 11, Found collision: false
Turtle 1 :[(-1,-1), (30,46), (30,47), (30,48), (30,48), (30,49), (30,49), (30,49), (30,49), (-1,-1), (-1,-1), (-1,-1)]
Turtle 2 :[(-2,-2), (38,21), (38,20), (37,20), (36,20), (-2,-2), (-2,-2), (-2,-2), (-2,-2), (-2,-2), (-2,-2), (-2,-2)]
Turtle 3 :[(-3,-3), (26,27), (25,27), (24,27), (23,27), (23,27), (23,26), (-3,-3), (-3,-3), (-3,-3), (-3,-3), (-3,-3)]
Turtle 4 :[(-4,-4), (24,22), (24,22), (24,23), (24,24), (24,24), (24,25), (24,25), (24,25), (24,25), (24,26), (24,27)]
Turtle 5 :[(-5,-5), (47,36), (47,36), (47,35), (47,34), (47,33), (48,33), (-5,-5), (-5,-5), (-5,-5), (-5,-5), (-5,-5)]

Detection Run 39
#Info# Executed steps before collision: 11, Found collision: false
Turtle 1 :[(-1,-1), (27,11), (27,11), (27,12), (26,12), (25,12), (24,12), (24,13), (-1,-1), (-1,-1), (-1,-1), (-1,-1)]
Turtle 2 :[(-2,-2), (5,27), (5,27), (5,27), (4,27), (4,28), (4,28), (4,28), (4,28), (3,28), (-2,-2), (-2,-2)]
Turtle 3 :[(-3,-3), (7,21), (7,21), (7,22), (6,22), (6,23), (6,23), (6,23), (6,23), (6,23), (6,24), (5,24)]
Turtle 4 :[(-4,-4), (38,1), (38,1), (37,1), (36,1), (35,1), (35,1), (35,2), (35,2), (35,3), (-4,-4), (-4,-4)]
Turtle 5 :[(-5,-5), (8,22), (8,23), (8,24), (7,24), (7,25), (-5,-5), (-5,-5), (-5,-5), (-5,-5), (-5,-5), (-5,-5)]

Detection Run 40
#Info# Executed steps before collision: 10, Found collision: false
Turtle 1 :[(-1,-1), (28,29), (28,29), (28,29), (28,28), (28,27), (-1,-1), (-1,-1), (-1,-1), (-1,-1), (-1,-1)]
Turtle 2 :[(-2,-2), (39,10), (39,10), (39,10), (39,10), (39,10), (39,10), (39,9), (40,9), (-2,-2), (-2,-2)]
Turtle 3 :[(-3,-3), (29,30), (28,30), (28,31), (28,31), (28,32), (28,32), (27,32), (27,33), (-3,-3), (-3,-3)]
Turtle 4 :[(-4,-4), (4,11), (4,11), (3,11), (3,12), (2,12), (2,12), (2,13), (2,13), (2,13), (2,14)]
Turtle 5 :[(-5,-5), (5,30), (5,30), (5,30), (6,30), (7,30), (7,30), (7,31), (7,31), (7,31), (7,32)]

Detection Run 41
#Info# Executed steps before collision: 9, Found collision: false
Turtle 1 :[(-1,-1), (10,21), (9,21), (8,21), (8,21), (7,21), (6,21), (6,21), (5,21), (-1,-1)]
Turtle 2 :[(-2,-2), (16,35), (16,36), (17,36), (17,37), (17,38), (18,38), (-2,-2), (-2,-2), (-2,-2)]
Turtle 3 :[(-3,-3), (30,48), (30,49), (31,49), (31,49), (31,49), (31,49), (31,49), (32,49), (-3,-3)]
Turtle 4 :[(-4,-4), (2,28), (2,28), (2,28), (2,29), (1,29), (1,29), (1,29), (0,29), (0,30)]
Turtle 5 :[(-5,-5), (32,47), (32,47), (32,48), (32,48), (32,49), (-5,-5), (-5,-5), (-5,-5), (-5,-5)]

Detection Run 42
#Info# Executed steps before collision: 10, Found collision: false
Turtle 1 :[(-1,-1), (47,18), (47,18), (47,17), (47,16), (47,16), (47,16), (47,15), (47,14), (-1,-1), (-1,-1)]
Turtle 2 :[(-2,-2), (10,32), (10,33), (10,33), (10,33), (9,33), (8,33), (7,33), (7,33), (7,34), (-2,-2)]
Turtle 3 :[(-3,-3), (26,2), (26,2), (26,2), (26,3), (27,3), (27,3), (27,3), (27,3), (28,3), (-3,-3)]
Turtle 4 :[(-4,-4), (5,35), (5,35), (6,35), (7,35), (8,35), (8,34), (8,34), (9,34), (-4,-4), (-4,-4)]
Turtle 5 :[(-5,-5), (9,26), (9,26), (9,25), (9,25), (9,24), (9,24), (9,24), (9,23), (9,23), (8,23)]

Detection Run 43
#Info# Executed steps before collision: 10, Found collision: false
Turtle 1 :[(-1,-1), (1,28), (1,28), (1,28), (1,27), (2,27), (2,27), (2,26), (2,25), (2,25), (3,25)]
Turtle 2 :[(-2,-2), (2,22), (3,22), (3,23), (3,24), (3,25), (-2,-2), (-2,-2), (-2,-2), (-2,-2), (-2,-2)]
Turtle 3 :[(-3,-3), (9,33), (10,33), (11,33), (12,33), (12,33), (13,33), (13,33), (13,33), (13,33), (14,33)]
Turtle 4 :[(-4,-4), (17,19), (16,19), (15,19), (14,19), (14,19), (14,19), (14,20), (14,20), (13,20), (-4,-4)]
Turtle 5 :[(-5,-5), (16,10), (16,10), (16,10), (17,10), (17,10), (18,10), (19,10), (19,10), (20,10), (21,10)]

Detection Run 44
#Info# Executed steps before collision: 11, Found collision: false
Turtle 1 :[(-1,-1), (32,6), (31,6), (-1,-1), (-1,-1), (-1,-1), (-1,-1), (-1,-1), (-1,-1), (-1,-1), (-1,-1), (-1,-1)]
Turtle 2 :[(-2,-2), (17,27), (16,27), (15,27), (15,27), (15,27), (15,27), (15,27), (15,27), (15,26), (15,25), (14,25)]
Turtle 3 :[(-3,-3), (22,18), (22,18), (22,18), (21,18), (21,18), (20,18), (20,19), (19,19), (19,19), (19,19), (19,20)]
Turtle 4 :[(-4,-4), (40,9), (41,9), (41,9), (41,8), (41,8), (40,8), (40,7), (-4,-4), (-4,-4), (-4,-4), (-4,-4)]
Turtle 5 :[(-5,-5), (42,10), (42,10), (42,10), (43,10), (43,9), (43,9), (43,9), (43,8), (44,8), (44,7), (-5,-5)]

Detection Run 45
#Info# Executed steps before collision: 9, Found collision: false
Turtle 1 :[(-1,-1), (14,33), (14,33), (15,33), (15,32), (15,31), (16,31), (16,31), (16,30), (-1,-1)]
Turtle 2 :[(-2,-2), (8,20), (8,21), (8,22), (9,22), (10,22), (11,22), (-2,-2), (-2,-2), (-2,-2)]
Turtle 3 :[(-3,-3), (46,37), (45,37), (45,36), (44,36), (43,36), (42,36), (-3,-3), (-3,-3), (-3,-3)]
Turtle 4 :[(-4,-4), (36,35), (35,35), (35,34), (35,34), (34,34), (34,34), (34,33), (34,33), (33,33)]
Turtle 5 :[(-5,-5), (40,36), (41,36), (41,36), (41,35), (41,35), (41,34), (42,34), (42,33), (-5,-5)]

Detection Run 46
#Info# Executed steps before collision: 10, Found collision: false
Turtle 1 :[(-1,-1), (11,34), (11,34), (12,34), (12,34), (12,34), (12,34), (12,33), (12,33), (12,32), (-1,-1)]
Turtle 2 :[(-2,-2), (13,17), (13,17), (14,17), (15,17), (16,17), (16,18), (17,18), (-2,-2), (-2,-2), (-2,-2)]
Turtle 3 :[(-3,-3), (10,35), (10,36), (9,36), (8,36), (-3,-3), (-3,-3), (-3,-3), (-3,-3), (-3,-3), (-3,-3)]
Turtle 4 :[(-4,-4), (37,5), (37,5), (37,6), (37,6), (38,6), (39,6), (39,6), (39,6), (40,6), (41,6)]
Turtle 5 :[(-5,-5), (13,21), (13,21), (13,20), (13,19), (12,19), (12,19), (12,19), (12,18), (12,18), (11,18)]

Fault Detection Run 47
#Info# Executed steps before collision: 5, Found collision: true
Turtle 1 :[(-1,-1), (10,39), (11,39), (12,39), (13,39), (13,39), (13,39), (14,39), (-1,-1), (-1,-1), (-1,-1), (-1,-1)]
Turtle 2 :[(-2,-2), (38,31), (38,31), (38,32), (38,31), (38,32), (-2,-2), (-2,-2), (-2,-2), (-2,-2), (-2,-2), (-2,-2)]
Turtle 3 :[(-3,-3), (38,33), (38,33), (39,33), (38,33), (38,32), (37,32), (36,32), (35,32), (35,31), (-3,-3), (-3,-3)]
Turtle 4 :[(-4,-4), (9,43), (9,42), (9,41), (9,40), (9,39), (-4,-4), (-4,-4), (-4,-4), (-4,-4), (-4,-4), (-4,-4)]
Turtle 5 :[(-5,-5), (24,33), (24,33), (25,33), (25,34), (25,34), (25,34), (25,34), (26,34), (26,34), (26,35), (27,35)]

