Shrinking Run 1
#Info# Executed steps before collision: 6, Found collision: false
Turtle 1 :[(-1,-1), (3,8), (2,8), (1,8), (1,7), (0,7), (0,6)]
Turtle 2 :[(-2,-2), (4,9), (5,9), (5,8), (5,7), (-2,-2), (-2,-2)]
Turtle 3 :[(-3,-3), (8,17), (9,17), (9,18), (9,19), (10,19), (11,19)]
Turtle 4 :[(-4,-4), (17,15), (17,14), (16,14), (16,13), (16,12), (15,12)]
Turtle 5 :[(-5,-5), (7,18), (7,19), (6,19), (5,19), (5,19), (4,19)]

Shrinking Run 2
#Info# Executed steps before collision: 6, Found collision: false
Turtle 1 :[(-1,-1), (3,8), (3,7), (3,6), (4,6), (4,5), (-1,-1)]
Turtle 2 :[(-2,-2), (4,9), (5,9), (5,8), (5,7), (-2,-2), (-2,-2)]
Turtle 3 :[(-3,-3), (8,17), (9,17), (9,18), (9,19), (10,19), (11,19)]
Turtle 4 :[(-4,-4), (17,15), (17,14), (16,14), (16,13), (16,12), (15,12)]
Turtle 5 :[(-5,-5), (7,18), (7,19), (6,19), (5,19), (5,19), (4,19)]

Shrinking Run 3
#Info# Executed steps before collision: 6, Found collision: false
Turtle 1 :[(-1,-1), (3,8), (4,8), (5,8), (5,7), (6,7), (6,6)]
Turtle 2 :[(-2,-2), (4,9), (5,9), (5,9), (5,9), (5,8), (5,7)]
Turtle 3 :[(-3,-3), (8,17), (9,17), (9,18), (9,19), (10,19), (11,19)]
Turtle 4 :[(-4,-4), (17,15), (17,14), (16,14), (16,13), (16,12), (15,12)]
Turtle 5 :[(-5,-5), (7,18), (7,19), (6,19), (5,19), (5,19), (4,19)]

Shrinking Run 4
#Info# Executed steps before collision: 6, Found collision: false
Turtle 1 :[(-1,-1), (3,8), (3,7), (4,7), (4,6), (5,6), (6,6)]
Turtle 2 :[(-2,-2), (4,9), (5,9), (5,8), (5,7), (-2,-2), (-2,-2)]
Turtle 3 :[(-3,-3), (8,17), (9,17), (9,18), (9,19), (10,19), (11,19)]
Turtle 4 :[(-4,-4), (17,15), (17,14), (16,14), (16,13), (16,12), (15,12)]
Turtle 5 :[(-5,-5), (7,18), (7,19), (6,19), (5,19), (5,19), (4,19)]

Shrinking Run 5
#Info# Executed steps before collision: 6, Found collision: false
Turtle 1 :[(-1,-1), (3,8), (3,7), (2,7), (2,6), (1,6), (0,6)]
Turtle 2 :[(-2,-2), (4,9), (5,9), (5,8), (5,7), (-2,-2), (-2,-2)]
Turtle 3 :[(-3,-3), (8,17), (9,17), (9,18), (9,19), (10,19), (11,19)]
Turtle 4 :[(-4,-4), (17,15), (17,14), (16,14), (16,13), (16,12), (15,12)]
Turtle 5 :[(-5,-5), (7,18), (7,19), (6,19), (5,19), (5,19), (4,19)]

Shrinking Run 6
#Info# Executed steps before collision: 6, Found collision: false
Turtle 1 :[(-1,-1), (3,8), (3,7), (3,6), (3,5), (4,5), (4,4)]
Turtle 2 :[(-2,-2), (4,9), (5,9), (5,8), (5,7), (-2,-2), (-2,-2)]
Turtle 3 :[(-3,-3), (8,17), (9,17), (9,18), (9,19), (10,19), (11,19)]
Turtle 4 :[(-4,-4), (17,15), (17,14), (16,14), (16,13), (16,12), (15,12)]
Turtle 5 :[(-5,-5), (7,18), (7,19), (6,19), (5,19), (5,19), (4,19)]

Shrinking Run 7
#Info# Executed steps before collision: 4, Found collision: true
Turtle 1 :[(-1,-1), (3,8), (3,7), (4,7), (5,7), (6,7), (7,7)]
Turtle 2 :[(-2,-2), (4,9), (5,9), (5,8), (5,7), (-2,-2), (-2,-2)]
Turtle 3 :[(-3,-3), (8,17), (9,17), (9,18), (9,19), (10,19), (11,19)]
Turtle 4 :[(-4,-4), (17,15), (17,14), (16,14), (16,13), (16,12), (15,12)]
Turtle 5 :[(-5,-5), (7,18), (7,19), (6,19), (5,19), (5,19), (4,19)]

Shrinking Run 8
#Info# Executed steps before collision: 6, Found collision: false
Turtle 1 :[(-1,-1), (3,8), (4,8), (5,8), (6,8), (7,8), (7,7)]
Turtle 2 :[(-2,-2), (4,9), (5,9), (6,9), (5,9), (5,8), (5,7)]
Turtle 3 :[(-3,-3), (8,17), (9,17), (9,18), (9,19), (10,19), (11,19)]
Turtle 4 :[(-4,-4), (17,15), (17,14), (16,14), (16,13), (16,12), (15,12)]
Turtle 5 :[(-5,-5), (7,18), (7,19), (6,19), (5,19), (5,19), (4,19)]

Shrinking Run 9
#Info# Executed steps before collision: 7, Found collision: false
Turtle 1 :[(-1,-1), (3,8), (4,8), (5,8), (6,8), (6,7), (7,7), (-1,-1)]
Turtle 2 :[(-2,-2), (4,9), (5,9), (5,9), (6,9), (6,8), (6,7), (5,7)]
Turtle 3 :[(-3,-3), (8,17), (9,17), (9,18), (9,19), (10,19), (11,19), (-3,-3)]
Turtle 4 :[(-4,-4), (17,15), (17,14), (16,14), (16,13), (16,12), (15,12), (-4,-4)]
Turtle 5 :[(-5,-5), (7,18), (7,19), (6,19), (5,19), (5,19), (4,19), (-5,-5)]

Shrinking Run 10
#Info# Executed steps before collision: 6, Found collision: false
Turtle 1 :[(-1,-1), (3,8), (4,8), (4,7), (5,7), (6,7), (7,7)]
Turtle 2 :[(-2,-2), (4,9), (5,9), (5,8), (5,9), (5,8), (5,7)]
Turtle 3 :[(-3,-3), (8,17), (9,17), (9,18), (9,19), (10,19), (11,19)]
Turtle 4 :[(-4,-4), (17,15), (17,14), (16,14), (16,13), (16,12), (15,12)]
Turtle 5 :[(-5,-5), (7,18), (7,19), (6,19), (5,19), (5,19), (4,19)]

Shrinking Run 11
#Info# Executed steps before collision: 2, Found collision: true
Turtle 1 :[(-1,-1), (3,8), (4,8), (5,8), (5,7), (6,7), (7,7)]
Turtle 2 :[(-2,-2), (4,9), (4,8), (3,8), (2,8), (1,8), (1,7)]
Turtle 3 :[(-3,-3), (8,17), (9,17), (9,18), (9,19), (10,19), (11,19)]
Turtle 4 :[(-4,-4), (17,15), (17,14), (16,14), (16,13), (16,12), (15,12)]
Turtle 5 :[(-5,-5), (7,18), (7,19), (6,19), (5,19), (5,19), (4,19)]

Shrinking Run 12
#Info# Executed steps before collision: 6, Found collision: false
Turtle 1 :[(-1,-1), (3,8), (4,8), (5,8), (5,7), (6,7), (7,7)]
Turtle 2 :[(-2,-2), (4,9), (3,9), (2,9), (1,9), (0,9), (0,8)]
Turtle 3 :[(-3,-3), (8,17), (9,17), (9,18), (9,19), (10,19), (11,19)]
Turtle 4 :[(-4,-4), (17,15), (17,14), (16,14), (16,13), (16,12), (15,12)]
Turtle 5 :[(-5,-5), (7,18), (7,19), (6,19), (5,19), (5,19), (4,19)]

Shrinking Run 13
#Info# Executed steps before collision: 6, Found collision: false
Turtle 1 :[(-1,-1), (3,8), (4,8), (5,8), (5,7), (6,7), (7,7)]
Turtle 2 :[(-2,-2), (4,9), (3,9), (3,8), (2,8), (1,8), (0,8)]
Turtle 3 :[(-3,-3), (8,17), (9,17), (9,18), (9,19), (10,19), (11,19)]
Turtle 4 :[(-4,-4), (17,15), (17,14), (16,14), (16,13), (16,12), (15,12)]
Turtle 5 :[(-5,-5), (7,18), (7,19), (6,19), (5,19), (5,19), (4,19)]

Shrinking Run 14
#Info# Executed steps before collision: 7, Found collision: false
Turtle 1 :[(-1,-1), (3,8), (4,8), (5,8), (5,7), (6,7), (7,7), (-1,-1)]
Turtle 2 :[(-2,-2), (4,9), (4,9), (3,9), (2,9), (2,8), (1,8), (1,7)]
Turtle 3 :[(-3,-3), (8,17), (9,17), (9,18), (9,19), (10,19), (11,19), (-3,-3)]
Turtle 4 :[(-4,-4), (17,15), (17,14), (16,14), (16,13), (16,12), (15,12), (-4,-4)]
Turtle 5 :[(-5,-5), (7,18), (7,19), (6,19), (5,19), (5,19), (4,19), (-5,-5)]

Shrinking Run 15
#Info# Executed steps before collision: 8, Found collision: false
Turtle 1 :[(-1,-1), (3,8), (4,8), (5,8), (5,7), (6,7), (7,7), (-1,-1), (-1,-1)]
Turtle 2 :[(-2,-2), (4,9), (3,9), (3,8), (2,8), (1,8), (1,7), (-2,-2), (-2,-2)]
Turtle 3 :[(-3,-3), (8,17), (7,17), (7,18), (6,18), (5,18), (6,18), (5,18), (5,19)]
Turtle 4 :[(-4,-4), (17,15), (17,14), (16,14), (16,13), (16,12), (15,12), (-4,-4), (-4,-4)]
Turtle 5 :[(-5,-5), (7,18), (7,19), (6,19), (5,19), (5,19), (4,19), (-5,-5), (-5,-5)]

Shrinking Run 16
#Info# Executed steps before collision: 6, Found collision: false
Turtle 1 :[(-1,-1), (3,8), (4,8), (5,8), (5,7), (6,7), (7,7)]
Turtle 2 :[(-2,-2), (4,9), (3,9), (3,8), (2,8), (1,8), (1,7)]
Turtle 3 :[(-3,-3), (8,17), (8,18), (8,19), (7,19), (6,19), (5,19)]
Turtle 4 :[(-4,-4), (17,15), (17,14), (16,14), (16,13), (16,12), (15,12)]
Turtle 5 :[(-5,-5), (7,18), (7,19), (6,19), (5,19), (5,19), (4,19)]

Shrinking Run 17
#Info# Executed steps before collision: 6, Found collision: false
Turtle 1 :[(-1,-1), (3,8), (4,8), (5,8), (5,7), (6,7), (7,7)]
Turtle 2 :[(-2,-2), (4,9), (3,9), (3,8), (2,8), (1,8), (1,7)]
Turtle 3 :[(-3,-3), (8,17), (8,18), (9,18), (9,19), (-3,-3), (-3,-3)]
Turtle 4 :[(-4,-4), (17,15), (17,14), (16,14), (16,13), (16,12), (15,12)]
Turtle 5 :[(-5,-5), (7,18), (7,19), (6,19), (5,19), (5,19), (4,19)]

Shrinking Run 18
#Info# Executed steps before collision: 6, Found collision: false
Turtle 1 :[(-1,-1), (3,8), (4,8), (5,8), (5,7), (6,7), (7,7)]
Turtle 2 :[(-2,-2), (4,9), (3,9), (3,8), (2,8), (1,8), (1,7)]
Turtle 3 :[(-3,-3), (8,17), (8,18), (8,19), (9,19), (10,19), (11,19)]
Turtle 4 :[(-4,-4), (17,15), (17,14), (16,14), (16,13), (16,12), (15,12)]
Turtle 5 :[(-5,-5), (7,18), (7,19), (6,19), (5,19), (5,19), (4,19)]

Shrinking Run 19
#Info# Executed steps before collision: 6, Found collision: false
Turtle 1 :[(-1,-1), (3,8), (4,8), (5,8), (5,7), (6,7), (7,7)]
Turtle 2 :[(-2,-2), (4,9), (3,9), (3,8), (2,8), (1,8), (1,7)]
Turtle 3 :[(-3,-3), (8,17), (8,16), (8,15), (8,14), (9,14), (9,13)]
Turtle 4 :[(-4,-4), (17,15), (17,14), (16,14), (16,13), (16,12), (15,12)]
Turtle 5 :[(-5,-5), (7,18), (7,19), (6,19), (5,19), (5,19), (4,19)]

Shrinking Run 20
#Info# Executed steps before collision: 6, Found collision: false
Turtle 1 :[(-1,-1), (3,8), (4,8), (5,8), (5,7), (6,7), (7,7)]
Turtle 2 :[(-2,-2), (4,9), (3,9), (3,8), (2,8), (1,8), (1,7)]
Turtle 3 :[(-3,-3), (8,17), (8,16), (8,15), (9,15), (10,15), (10,14)]
Turtle 4 :[(-4,-4), (17,15), (17,14), (16,14), (16,13), (16,12), (15,12)]
Turtle 5 :[(-5,-5), (7,18), (7,19), (6,19), (5,19), (5,19), (4,19)]

Shrinking Run 21
#Info# Executed steps before collision: 6, Found collision: false
Turtle 1 :[(-1,-1), (3,8), (4,8), (5,8), (5,7), (6,7), (7,7)]
Turtle 2 :[(-2,-2), (4,9), (3,9), (3,8), (2,8), (1,8), (1,7)]
Turtle 3 :[(-3,-3), (8,17), (9,17), (9,18), (10,18), (11,18), (12,18)]
Turtle 4 :[(-4,-4), (17,15), (17,14), (16,14), (16,13), (16,12), (15,12)]
Turtle 5 :[(-5,-5), (7,18), (7,19), (6,19), (5,19), (5,19), (4,19)]

Shrinking Run 22
#Info# Executed steps before collision: 6, Found collision: false
Turtle 1 :[(-1,-1), (3,8), (4,8), (5,8), (5,7), (6,7), (7,7)]
Turtle 2 :[(-2,-2), (4,9), (3,9), (3,8), (2,8), (1,8), (1,7)]
Turtle 3 :[(-3,-3), (8,17), (9,17), (9,18), (10,18), (11,18), (11,19)]
Turtle 4 :[(-4,-4), (17,15), (17,14), (16,14), (16,13), (16,12), (15,12)]
Turtle 5 :[(-5,-5), (7,18), (7,19), (6,19), (5,19), (5,19), (4,19)]

Shrinking Run 23
#Info# Executed steps before collision: 6, Found collision: false
Turtle 1 :[(-1,-1), (3,8), (4,8), (5,8), (5,7), (6,7), (7,7)]
Turtle 2 :[(-2,-2), (4,9), (3,9), (3,8), (2,8), (1,8), (1,7)]
Turtle 3 :[(-3,-3), (8,17), (9,17), (10,17), (10,18), (11,18), (11,19)]
Turtle 4 :[(-4,-4), (17,15), (17,14), (16,14), (16,13), (16,12), (15,12)]
Turtle 5 :[(-5,-5), (7,18), (7,19), (6,19), (5,19), (5,19), (4,19)]

Shrinking Run 24
#Info# Executed steps before collision: 6, Found collision: false
Turtle 1 :[(-1,-1), (3,8), (4,8), (5,8), (5,7), (6,7), (7,7)]
Turtle 2 :[(-2,-2), (4,9), (3,9), (3,8), (2,8), (1,8), (1,7)]
Turtle 3 :[(-3,-3), (8,17), (9,17), (10,17), (10,18), (10,19), (11,19)]
Turtle 4 :[(-4,-4), (17,15), (17,14), (16,14), (16,13), (16,12), (15,12)]
Turtle 5 :[(-5,-5), (7,18), (7,19), (6,19), (5,19), (5,19), (4,19)]

Shrinking Run 25
#Info# Executed steps before collision: 6, Found collision: false
Turtle 1 :[(-1,-1), (3,8), (4,8), (5,8), (5,7), (6,7), (7,7)]
Turtle 2 :[(-2,-2), (4,9), (3,9), (3,8), (2,8), (1,8), (1,7)]
Turtle 3 :[(-3,-3), (8,17), (9,17), (9,18), (10,18), (10,19), (11,19)]
Turtle 4 :[(-4,-4), (17,15), (17,14), (16,14), (16,13), (16,12), (15,12)]
Turtle 5 :[(-5,-5), (7,18), (7,19), (6,19), (5,19), (5,19), (4,19)]

Shrinking Run 26
#Info# Executed steps before collision: 6, Found collision: false
Turtle 1 :[(-1,-1), (3,8), (4,8), (5,8), (5,7), (6,7), (7,7)]
Turtle 2 :[(-2,-2), (4,9), (3,9), (3,8), (2,8), (1,8), (1,7)]
Turtle 3 :[(-3,-3), (8,17), (9,17), (9,18), (9,19), (10,19), (11,19)]
Turtle 4 :[(-4,-4), (17,15), (16,15), (15,15), (15,14), (15,13), (14,13)]
Turtle 5 :[(-5,-5), (7,18), (7,19), (6,19), (5,19), (5,19), (4,19)]

Shrinking Run 27
#Info# Executed steps before collision: 6, Found collision: false
Turtle 1 :[(-1,-1), (3,8), (4,8), (5,8), (5,7), (6,7), (7,7)]
Turtle 2 :[(-2,-2), (4,9), (3,9), (3,8), (2,8), (1,8), (1,7)]
Turtle 3 :[(-3,-3), (8,17), (9,17), (9,18), (9,19), (10,19), (11,19)]
Turtle 4 :[(-4,-4), (17,15), (17,14), (16,14), (15,14), (15,13), (14,13)]
Turtle 5 :[(-5,-5), (7,18), (7,19), (6,19), (5,19), (5,19), (4,19)]

Shrinking Run 28
#Info# Executed steps before collision: 6, Found collision: false
Turtle 1 :[(-1,-1), (3,8), (4,8), (5,8), (5,7), (6,7), (7,7)]
Turtle 2 :[(-2,-2), (4,9), (3,9), (3,8), (2,8), (1,8), (1,7)]
Turtle 3 :[(-3,-3), (8,17), (9,17), (9,18), (9,19), (10,19), (11,19)]
Turtle 4 :[(-4,-4), (17,15), (17,14), (16,14), (16,13), (15,13), (14,13)]
Turtle 5 :[(-5,-5), (7,18), (7,19), (6,19), (5,19), (5,19), (4,19)]

Shrinking Run 29
#Info# Executed steps before collision: 6, Found collision: false
Turtle 1 :[(-1,-1), (3,8), (4,8), (5,8), (5,7), (6,7), (7,7)]
Turtle 2 :[(-2,-2), (4,9), (3,9), (3,8), (2,8), (1,8), (1,7)]
Turtle 3 :[(-3,-3), (8,17), (9,17), (9,18), (9,19), (10,19), (11,19)]
Turtle 4 :[(-4,-4), (17,15), (17,14), (16,14), (16,13), (16,12), (15,12)]
Turtle 5 :[(-5,-5), (7,18), (7,17), (6,17), (5,17), (5,16), (4,16)]

Shrinking Run 30
#Info# Executed steps before collision: 6, Found collision: false
Turtle 1 :[(-1,-1), (3,8), (4,8), (5,8), (5,7), (6,7), (7,7)]
Turtle 2 :[(-2,-2), (4,9), (3,9), (3,8), (2,8), (1,8), (1,7)]
Turtle 3 :[(-3,-3), (8,17), (9,17), (9,18), (9,19), (10,19), (11,19)]
Turtle 4 :[(-4,-4), (17,15), (17,14), (16,14), (16,13), (16,12), (15,12)]
Turtle 5 :[(-5,-5), (7,18), (7,19), (6,19), (5,19), (4,19), (3,19)]

Shrinking Run 31
#Info# Executed steps before collision: 6, Found collision: false
Turtle 1 :[(-1,-1), (3,8), (4,8), (5,8), (5,7), (6,7), (7,7)]
Turtle 2 :[(-2,-2), (4,9), (3,9), (3,8), (2,8), (1,8), (1,7)]
Turtle 3 :[(-3,-3), (8,17), (9,17), (9,18), (9,19), (10,19), (11,19)]
Turtle 4 :[(-4,-4), (17,15), (17,14), (16,14), (16,13), (16,12), (15,12)]
Turtle 5 :[(-5,-5), (7,18), (6,18), (5,18), (4,18), (4,19), (3,19)]

Shrinking Run 32
#Info# Executed steps before collision: 6, Found collision: false
Turtle 1 :[(-1,-1), (3,8), (4,8), (5,8), (5,7), (6,7), (7,7)]
Turtle 2 :[(-2,-2), (4,9), (3,9), (3,8), (2,8), (1,8), (1,7)]
Turtle 3 :[(-3,-3), (8,17), (9,17), (9,18), (9,19), (10,19), (11,19)]
Turtle 4 :[(-4,-4), (17,15), (17,14), (16,14), (16,13), (16,12), (15,12)]
Turtle 5 :[(-5,-5), (7,18), (6,18), (6,19), (5,19), (5,19), (4,19)]

Shrinking Run 33
#Info# Executed steps before collision: 6, Found collision: false
Turtle 1 :[(-1,-1), (3,8), (4,8), (5,8), (5,7), (6,7), (7,7)]
Turtle 2 :[(-2,-2), (4,9), (3,9), (3,8), (2,8), (1,8), (1,7)]
Turtle 3 :[(-3,-3), (8,17), (9,17), (9,18), (9,19), (10,19), (11,19)]
Turtle 4 :[(-4,-4), (17,15), (17,14), (16,14), (16,13), (16,12), (15,12)]
Turtle 5 :[(-5,-5), (7,18), (7,19), (6,19), (6,19), (5,19), (4,19)]

Shrinking Run 34
#Info# Executed steps before collision: 6, Found collision: false
Turtle 1 :[(-1,-1), (3,8), (2,8), (1,8), (1,7), (0,7), (0,6)]
Turtle 2 :[(-2,-2), (4,9), (3,9), (3,8), (2,8), (1,8), (1,7)]
Turtle 3 :[(-3,-3), (8,17), (9,17), (9,18), (9,19), (10,19), (11,19)]
Turtle 4 :[(-4,-4), (17,15), (17,14), (16,14), (16,13), (16,12), (15,12)]
Turtle 5 :[(-5,-5), (7,18), (7,19), (6,19), (5,19), (5,19), (4,19)]

Shrinking Run 35
#Info# Executed steps before collision: 7, Found collision: false
Turtle 1 :[(-1,-1), (3,8), (3,7), (3,6), (4,6), (4,5), (-1,-1), (-1,-1)]
Turtle 2 :[(-2,-2), (4,9), (4,9), (3,9), (3,8), (2,8), (1,8), (1,7)]
Turtle 3 :[(-3,-3), (8,17), (9,17), (9,18), (9,19), (10,19), (11,19), (-3,-3)]
Turtle 4 :[(-4,-4), (17,15), (17,14), (16,14), (16,13), (16,12), (15,12), (-4,-4)]
Turtle 5 :[(-5,-5), (7,18), (7,19), (6,19), (5,19), (5,19), (4,19), (-5,-5)]

Shrinking Run 36
#Info# Executed steps before collision: 8, Found collision: false
Turtle 1 :[(-1,-1), (3,8), (4,8), (5,8), (5,7), (6,7), (6,6), (-1,-1), (-1,-1)]
Turtle 2 :[(-2,-2), (4,9), (4,10), (3,10), (3,9), (3,8), (3,7), (2,7), (1,7)]
Turtle 3 :[(-3,-3), (8,17), (9,17), (9,18), (9,19), (10,19), (11,19), (-3,-3), (-3,-3)]
Turtle 4 :[(-4,-4), (17,15), (17,14), (16,14), (16,13), (16,12), (15,12), (-4,-4), (-4,-4)]
Turtle 5 :[(-5,-5), (7,18), (7,19), (6,19), (5,19), (5,19), (4,19), (-5,-5), (-5,-5)]

Shrinking Run 37
#Info# Executed steps before collision: 6, Found collision: false
Turtle 1 :[(-1,-1), (3,8), (3,7), (4,7), (4,6), (5,6), (6,6)]
Turtle 2 :[(-2,-2), (4,9), (3,9), (3,8), (2,8), (2,7), (1,7)]
Turtle 3 :[(-3,-3), (8,17), (9,17), (9,18), (9,19), (10,19), (11,19)]
Turtle 4 :[(-4,-4), (17,15), (17,14), (16,14), (16,13), (16,12), (15,12)]
Turtle 5 :[(-5,-5), (7,18), (7,19), (6,19), (5,19), (5,19), (4,19)]

Shrinking Run 38
#Info# Executed steps before collision: 6, Found collision: false
Turtle 1 :[(-1,-1), (3,8), (3,7), (2,7), (2,6), (1,6), (0,6)]
Turtle 2 :[(-2,-2), (4,9), (3,9), (3,8), (2,8), (1,8), (1,7)]
Turtle 3 :[(-3,-3), (8,17), (9,17), (9,18), (9,19), (10,19), (11,19)]
Turtle 4 :[(-4,-4), (17,15), (17,14), (16,14), (16,13), (16,12), (15,12)]
Turtle 5 :[(-5,-5), (7,18), (7,19), (6,19), (5,19), (5,19), (4,19)]

Shrinking Run 39
#Info# Executed steps before collision: 6, Found collision: false
Turtle 1 :[(-1,-1), (3,8), (3,7), (3,6), (3,5), (4,5), (4,4)]
Turtle 2 :[(-2,-2), (4,9), (3,9), (3,8), (2,8), (1,8), (1,7)]
Turtle 3 :[(-3,-3), (8,17), (9,17), (9,18), (9,19), (10,19), (11,19)]
Turtle 4 :[(-4,-4), (17,15), (17,14), (16,14), (16,13), (16,12), (15,12)]
Turtle 5 :[(-5,-5), (7,18), (7,19), (6,19), (5,19), (5,19), (4,19)]

Shrinking Run 40
#Info# Executed steps before collision: 6, Found collision: false
Turtle 1 :[(-1,-1), (3,8), (4,8), (5,8), (6,8), (7,8), (7,7)]
Turtle 2 :[(-2,-2), (4,9), (3,9), (2,9), (1,9), (1,8), (1,7)]
Turtle 3 :[(-3,-3), (8,17), (9,17), (9,18), (9,19), (10,19), (11,19)]
Turtle 4 :[(-4,-4), (17,15), (17,14), (16,14), (16,13), (16,12), (15,12)]
Turtle 5 :[(-5,-5), (7,18), (7,19), (6,19), (5,19), (5,19), (4,19)]

Shrinking Run 41
#Info# Executed steps before collision: 6, Found collision: false
Turtle 1 :[(-1,-1), (3,8), (4,8), (5,8), (6,8), (6,7), (7,7)]
Turtle 2 :[(-2,-2), (4,9), (3,9), (3,8), (2,8), (1,8), (1,7)]
Turtle 3 :[(-3,-3), (8,17), (9,17), (9,18), (9,19), (10,19), (11,19)]
Turtle 4 :[(-4,-4), (17,15), (17,14), (16,14), (16,13), (16,12), (15,12)]
Turtle 5 :[(-5,-5), (7,18), (7,19), (6,19), (5,19), (5,19), (4,19)]

Shrink Run 42
#Info# Executed steps before collision: 6, Found collision: false
Turtle 1 :[(-1,-1), (3,8), (4,8), (4,7), (5,7), (6,7), (7,7)]
Turtle 2 :[(-2,-2), (4,9), (3,9), (3,8), (2,8), (1,8), (1,7)]
Turtle 3 :[(-3,-3), (8,17), (9,17), (9,18), (9,19), (10,19), (11,19)]
Turtle 4 :[(-4,-4), (17,15), (17,14), (16,14), (16,13), (16,12), (15,12)]
Turtle 5 :[(-5,-5), (7,18), (7,19), (6,19), (5,19), (5,19), (4,19)]

