Detection Run 1
#Info# Executed steps before collision: 11, Found collision: false
Turtle 1 :[(-1,-1), (3,7), (3,8), (2,8), (2,9), (3,9), (4,9), (5,9), (-1,-1), (-1,-1), (-1,-1), (-1,-1)]
Turtle 2 :[(-2,-2), (1,9), (1,8), (1,7), (1,6), (1,5), (2,5), (-2,-2), (-2,-2), (-2,-2), (-2,-2), (-2,-2)]
Turtle 3 :[(-3,-3), (3,6), (3,5), (2,5), (2,6), (2,7), (2,8), (1,8), (1,9), (-3,-3), (-3,-3), (-3,-3)]
Turtle 4 :[(-4,-4), (3,9), (3,9), (3,8), (2,8), (2,8), (2,9), (2,8), (2,8), (1,8), (1,7), (1,6)]
Turtle 5 :[(-5,-5), (7,9), (8,9), (8,9), (9,9), (8,9), (9,9), (-5,-5), (-5,-5), (-5,-5), (-5,-5), (-5,-5)]

Fault Detection Run 2
#Info# Executed steps before collision: 2, Found collision: true
Turtle 1 :[(-1,-1), (4,7), (4,6), (4,5), (3,5), (3,4), (-1,-1), (-1,-1), (-1,-1)]
Turtle 2 :[(-2,-2), (4,5), (4,6), (3,6), (2,6), (1,6), (1,7), (2,7), (2,8)]
Turtle 3 :[(-3,-3), (3,8), (4,8), (5,8), (5,7), (-3,-3), (-3,-3), (-3,-3), (-3,-3)]
Turtle 4 :[(-4,-4), (6,4), (6,5), (6,6), (6,7), (7,7), (-4,-4), (-4,-4), (-4,-4)]
Turtle 5 :[(-5,-5), (3,5), (3,6), (3,7), (2,7), (2,8), (2,9), (-5,-5), (-5,-5)]

