Detection Run 1
#Info# Executed steps before collision: 8, Found collision: false
Turtle 1 :[(-1,-1), (2,22), (1,22), (0,22), (0,23), (-1,-1), (-1,-1), (-1,-1), (-1,-1)]
Turtle 2 :[(-2,-2), (32,46), (32,47), (32,48), (-2,-2), (-2,-2), (-2,-2), (-2,-2), (-2,-2)]
Turtle 3 :[(-3,-3), (31,46), (30,46), (30,47), (31,47), (32,47), (33,47), (34,47), (35,47)]
Turtle 4 :[(-4,-4), (24,2), (23,2), (23,3), (-4,-4), (-4,-4), (-4,-4), (-4,-4), (-4,-4)]
Turtle 5 :[(-5,-5), (13,2), (14,2), (15,2), (15,3), (15,4), (16,4), (-5,-5), (-5,-5)]

Detection Run 2
#Info# Executed steps before collision: 6, Found collision: false
Turtle 1 :[(-1,-1), (27,36), (27,35), (27,34), (27,33), (27,32), (26,32)]
Turtle 2 :[(-2,-2), (34,11), (33,11), (33,12), (34,12), (34,11), (35,11)]
Turtle 3 :[(-3,-3), (32,31), (31,31), (30,31), (29,31), (29,30), (29,29)]
Turtle 4 :[(-4,-4), (32,9), (32,10), (32,11), (32,12), (33,12), (34,12)]
Turtle 5 :[(-5,-5), (6,6), (5,6), (4,6), (4,7), (4,8), (4,9)]

Detection Run 3
#Info# Executed steps before collision: 7, Found collision: false
Turtle 1 :[(-1,-1), (19,5), (18,5), (19,5), (19,6), (19,7), (-1,-1), (-1,-1)]
Turtle 2 :[(-2,-2), (47,45), (48,45), (48,44), (-2,-2), (-2,-2), (-2,-2), (-2,-2)]
Turtle 3 :[(-3,-3), (30,45), (29,45), (28,45), (27,45), (27,46), (27,47), (-3,-3)]
Turtle 4 :[(-4,-4), (19,38), (18,38), (18,39), (19,39), (18,39), (18,40), (-4,-4)]
Turtle 5 :[(-5,-5), (47,46), (47,46), (47,45), (47,44), (47,43), (47,42), (47,41)]

Detection Run 4
#Info# Executed steps before collision: 8, Found collision: false
Turtle 1 :[(-1,-1), (6,48), (5,48), (4,48), (4,49), (4,49), (3,49), (-1,-1), (-1,-1)]
Turtle 2 :[(-2,-2), (41,43), (41,44), (41,45), (41,46), (41,46), (41,46), (42,46), (42,47)]
Turtle 3 :[(-3,-3), (11,11), (12,11), (13,11), (14,11), (15,11), (16,11), (-3,-3), (-3,-3)]
Turtle 4 :[(-4,-4), (11,14), (11,13), (12,13), (12,12), (12,11), (12,11), (13,11), (-4,-4)]
Turtle 5 :[(-5,-5), (4,38), (5,38), (6,38), (6,39), (-5,-5), (-5,-5), (-5,-5), (-5,-5)]

Detection Run 5
#Info# Executed steps before collision: 9, Found collision: false
Turtle 1 :[(-1,-1), (48,14), (47,14), (46,14), (45,14), (45,15), (45,16), (-1,-1), (-1,-1), (-1,-1)]
Turtle 2 :[(-2,-2), (45,1), (46,1), (47,1), (48,1), (48,1), (48,1), (48,2), (49,2), (-2,-2)]
Turtle 3 :[(-3,-3), (34,5), (35,5), (36,5), (36,5), (36,4), (37,4), (38,4), (-3,-3), (-3,-3)]
Turtle 4 :[(-4,-4), (46,14), (45,14), (45,15), (46,15), (46,14), (47,14), (47,13), (48,13), (49,13)]
Turtle 5 :[(-5,-5), (25,14), (26,14), (27,14), (27,15), (27,16), (28,16), (-5,-5), (-5,-5), (-5,-5)]

Detection Run 6
#Info# Executed steps before collision: 9, Found collision: false
Turtle 1 :[(-1,-1), (42,5), (42,5), (43,5), (43,6), (43,7), (-1,-1), (-1,-1), (-1,-1), (-1,-1)]
Turtle 2 :[(-2,-2), (21,10), (21,9), (20,9), (20,8), (20,7), (20,6), (-2,-2), (-2,-2), (-2,-2)]
Turtle 3 :[(-3,-3), (48,25), (48,26), (48,27), (48,27), (49,27), (49,27), (-3,-3), (-3,-3), (-3,-3)]
Turtle 4 :[(-4,-4), (41,9), (41,9), (41,9), (42,9), (42,9), (42,8), (42,7), (43,7), (43,6)]
Turtle 5 :[(-5,-5), (45,15), (45,16), (45,17), (46,17), (46,17), (46,18), (46,18), (47,18), (-5,-5)]

Detection Run 7
#Info# Executed steps before collision: 11, Found collision: false
Turtle 1 :[(-1,-1), (6,18), (5,18), (5,18), (4,18), (4,18), (4,19), (4,20), (3,20), (-1,-1), (-1,-1), (-1,-1)]
Turtle 2 :[(-2,-2), (34,43), (35,43), (35,42), (35,41), (35,41), (35,40), (35,40), (35,39), (-2,-2), (-2,-2), (-2,-2)]
Turtle 3 :[(-3,-3), (30,11), (29,11), (29,12), (29,13), (29,14), (28,14), (-3,-3), (-3,-3), (-3,-3), (-3,-3), (-3,-3)]
Turtle 4 :[(-4,-4), (12,25), (11,25), (11,24), (11,23), (11,22), (11,22), (11,21), (-4,-4), (-4,-4), (-4,-4), (-4,-4)]
Turtle 5 :[(-5,-5), (33,42), (34,42), (34,42), (34,42), (35,42), (36,42), (36,43), (36,43), (36,43), (36,43), (36,44)]

Detection Run 8
#Info# Executed steps before collision: 10, Found collision: false
Turtle 1 :[(-1,-1), (49,4), (49,4), (49,5), (49,6), (49,6), (49,6), (49,6), (49,6), (49,7), (-1,-1)]
Turtle 2 :[(-2,-2), (23,13), (24,13), (24,13), (24,13), (24,13), (24,14), (24,15), (24,16), (24,16), (24,17)]
Turtle 3 :[(-3,-3), (25,47), (25,47), (25,48), (25,48), (25,49), (25,49), (26,49), (26,49), (26,49), (26,49)]
Turtle 4 :[(-4,-4), (37,5), (37,5), (38,5), (39,5), (39,4), (40,4), (41,4), (-4,-4), (-4,-4), (-4,-4)]
Turtle 5 :[(-5,-5), (40,3), (41,3), (41,3), (41,4), (41,4), (42,4), (42,4), (42,4), (42,5), (42,6)]

Detection Run 9
#Info# Executed steps before collision: 11, Found collision: false
Turtle 1 :[(-1,-1), (11,27), (11,26), (11,26), (12,26), (-1,-1), (-1,-1), (-1,-1), (-1,-1), (-1,-1), (-1,-1), (-1,-1)]
Turtle 2 :[(-2,-2), (33,5), (34,5), (34,5), (34,5), (34,5), (35,5), (35,5), (35,5), (35,4), (36,4), (-2,-2)]
Turtle 3 :[(-3,-3), (38,43), (38,44), (38,44), (38,44), (37,44), (37,44), (38,44), (38,44), (38,44), (38,45), (38,46)]
Turtle 4 :[(-4,-4), (9,48), (8,48), (8,47), (8,46), (-4,-4), (-4,-4), (-4,-4), (-4,-4), (-4,-4), (-4,-4), (-4,-4)]
Turtle 5 :[(-5,-5), (-5,-5), (-5,-5), (33,5), (33,4), (33,4), (34,4), (35,4), (36,4), (36,3), (-5,-5), (-5,-5)]

Detection Run 10
#Info# Executed steps before collision: 12, Found collision: false
Turtle 1 :[(-1,-1), (39,17), (39,17), (39,17), (39,16), (39,16), (39,16), (40,16), (40,16), (40,15), (41,15), (-1,-1), (-1,-1)]
Turtle 2 :[(-2,-2), (16,6), (16,5), (16,5), (16,5), (16,5), (17,5), (17,4), (17,5), (17,6), (17,7), (17,8), (16,8)]
Turtle 3 :[(-3,-3), (15,6), (15,6), (16,6), (15,6), (16,6), (17,6), (18,6), (19,6), (19,5), (-3,-3), (-3,-3), (-3,-3)]
Turtle 4 :[(-4,-4), (35,16), (36,16), (36,16), (36,16), (36,16), (36,16), (37,16), (37,15), (-4,-4), (-4,-4), (-4,-4), (-4,-4)]
Turtle 5 :[(-5,-5), (34,38), (34,38), (34,38), (33,38), (33,39), (33,38), (34,38), (34,38), (34,38), (35,38), (-5,-5), (-5,-5)]

Fault Detection Run 11
#Info# Executed steps before collision: 7, Found collision: true
Turtle 1 :[(-1,-1), (23,48), (23,48), (23,48), (23,48), (22,48), (22,49), (22,49), (22,49), (21,49)]
Turtle 2 :[(-2,-2), (11,48), (11,48), (12,48), (13,48), (14,48), (15,48), (16,48), (-2,-2), (-2,-2)]
Turtle 3 :[(-3,-3), (19,32), (19,33), (19,34), (19,35), (19,36), (20,36), (-3,-3), (-3,-3), (-3,-3)]
Turtle 4 :[(-4,-4), (37,45), (37,45), (37,46), (37,47), (37,48), (36,48), (35,48), (-4,-4), (-4,-4)]
Turtle 5 :[(-5,-5), (20,48), (20,48), (20,48), (19,48), (18,48), (17,48), (16,48), (-5,-5), (-5,-5)]

