Shrinking Run 1
#Info# Executed steps before collision: 11, Found collision: false
Turtle 1 :[(-1,-1), (16,24), (16,24), (15,24), (15,24), (15,24), (15,23), (15,23), (15,22), (14,22), (14,21), (-1,-1)]
Turtle 2 :[(-2,-2), (27,26), (28,26), (28,25), (29,25), (30,25), (30,24), (-2,-2), (-2,-2), (-2,-2), (-2,-2), (-2,-2)]
Turtle 3 :[(-3,-3), (37,7), (38,7), (39,7), (39,6), (39,5), (-3,-3), (-3,-3), (-3,-3), (-3,-3), (-3,-3), (-3,-3)]
Turtle 4 :[(-4,-4), (13,24), (14,24), (14,24), (14,24), (14,23), (14,24), (15,24), (14,24), (15,24), (16,24), (16,23)]
Turtle 5 :[(-5,-5), (43,24), (43,25), (43,25), (42,25), (42,25), (41,25), (41,26), (41,26), (40,26), (-5,-5), (-5,-5)]

Shrinking Run 2
#Info# Executed steps before collision: 10, Found collision: false
Turtle 1 :[(-1,-1), (16,24), (16,24), (15,24), (15,24), (15,24), (15,23), (15,23), (14,23), (14,22), (14,21)]
Turtle 2 :[(-2,-2), (27,26), (28,26), (28,25), (29,25), (30,25), (30,24), (-2,-2), (-2,-2), (-2,-2), (-2,-2)]
Turtle 3 :[(-3,-3), (37,7), (38,7), (39,7), (39,6), (39,5), (-3,-3), (-3,-3), (-3,-3), (-3,-3), (-3,-3)]
Turtle 4 :[(-4,-4), (13,24), (14,24), (14,23), (15,23), (16,23), (-4,-4), (-4,-4), (-4,-4), (-4,-4), (-4,-4)]
Turtle 5 :[(-5,-5), (43,24), (43,25), (43,25), (42,25), (42,25), (41,25), (41,26), (41,26), (40,26), (-5,-5)]

Shrinking Run 3
#Info# Executed steps before collision: 11, Found collision: false
Turtle 1 :[(-1,-1), (16,24), (16,24), (15,24), (15,24), (15,24), (15,23), (15,22), (15,21), (14,21), (-1,-1), (-1,-1)]
Turtle 2 :[(-2,-2), (27,26), (28,26), (28,25), (29,25), (30,25), (30,24), (-2,-2), (-2,-2), (-2,-2), (-2,-2), (-2,-2)]
Turtle 3 :[(-3,-3), (37,7), (38,7), (39,7), (39,6), (39,5), (-3,-3), (-3,-3), (-3,-3), (-3,-3), (-3,-3), (-3,-3)]
Turtle 4 :[(-4,-4), (13,24), (14,24), (14,24), (14,24), (14,24), (14,23), (14,23), (15,23), (15,23), (15,23), (16,23)]
Turtle 5 :[(-5,-5), (43,24), (43,25), (43,25), (42,25), (42,25), (41,25), (41,26), (41,26), (40,26), (-5,-5), (-5,-5)]

Shrinking Run 4
#Info# Executed steps before collision: 10, Found collision: false
Turtle 1 :[(-1,-1), (16,24), (16,24), (15,24), (15,24), (15,24), (15,23), (15,23), (15,22), (15,21), (14,21)]
Turtle 2 :[(-2,-2), (27,26), (28,26), (28,25), (29,25), (30,25), (30,24), (-2,-2), (-2,-2), (-2,-2), (-2,-2)]
Turtle 3 :[(-3,-3), (37,7), (38,7), (39,7), (39,6), (39,5), (-3,-3), (-3,-3), (-3,-3), (-3,-3), (-3,-3)]
Turtle 4 :[(-4,-4), (13,24), (14,24), (14,23), (15,23), (16,23), (-4,-4), (-4,-4), (-4,-4), (-4,-4), (-4,-4)]
Turtle 5 :[(-5,-5), (43,24), (43,25), (43,25), (42,25), (42,25), (41,25), (41,26), (41,26), (40,26), (-5,-5)]

Shrinking Run 5
#Info# Executed steps before collision: 9, Found collision: false
Turtle 1 :[(-1,-1), (16,24), (15,24), (15,23), (15,22), (15,21), (15,20), (-1,-1), (-1,-1), (-1,-1)]
Turtle 2 :[(-2,-2), (27,26), (28,26), (28,25), (29,25), (30,25), (30,24), (-2,-2), (-2,-2), (-2,-2)]
Turtle 3 :[(-3,-3), (37,7), (38,7), (39,7), (39,6), (39,5), (-3,-3), (-3,-3), (-3,-3), (-3,-3)]
Turtle 4 :[(-4,-4), (13,24), (14,24), (14,24), (14,24), (14,23), (15,23), (15,23), (15,23), (16,23)]
Turtle 5 :[(-5,-5), (43,24), (43,25), (43,25), (42,25), (42,25), (41,25), (41,26), (41,26), (40,26)]

Shrinking Run 6
#Info# Executed steps before collision: 9, Found collision: false
Turtle 1 :[(-1,-1), (16,24), (16,23), (16,22), (15,22), (15,22), (15,21), (15,20), (-1,-1), (-1,-1)]
Turtle 2 :[(-2,-2), (27,26), (28,26), (28,25), (29,25), (30,25), (30,24), (-2,-2), (-2,-2), (-2,-2)]
Turtle 3 :[(-3,-3), (37,7), (38,7), (39,7), (39,6), (39,5), (-3,-3), (-3,-3), (-3,-3), (-3,-3)]
Turtle 4 :[(-4,-4), (13,24), (14,24), (14,24), (14,24), (14,23), (15,23), (15,23), (15,23), (16,23)]
Turtle 5 :[(-5,-5), (43,24), (43,25), (43,25), (42,25), (42,25), (41,25), (41,26), (41,26), (40,26)]

Shrinking Run 7
#Info# Executed steps before collision: 9, Found collision: false
Turtle 1 :[(-1,-1), (16,24), (16,24), (16,23), (16,22), (16,22), (15,22), (15,21), (15,20), (-1,-1)]
Turtle 2 :[(-2,-2), (27,26), (28,26), (28,25), (29,25), (30,25), (30,24), (-2,-2), (-2,-2), (-2,-2)]
Turtle 3 :[(-3,-3), (37,7), (38,7), (39,7), (39,6), (39,5), (-3,-3), (-3,-3), (-3,-3), (-3,-3)]
Turtle 4 :[(-4,-4), (13,24), (14,24), (14,24), (14,24), (14,23), (15,23), (15,23), (15,23), (16,23)]
Turtle 5 :[(-5,-5), (43,24), (43,25), (43,25), (42,25), (42,25), (41,25), (41,26), (41,26), (40,26)]

Shrinking Run 8
#Info# Executed steps before collision: 9, Found collision: false
Turtle 1 :[(-1,-1), (16,24), (16,24), (15,24), (16,24), (16,23), (16,22), (16,21), (15,21), (15,20)]
Turtle 2 :[(-2,-2), (27,26), (28,26), (28,25), (29,25), (30,25), (30,24), (-2,-2), (-2,-2), (-2,-2)]
Turtle 3 :[(-3,-3), (37,7), (38,7), (39,7), (39,6), (39,5), (-3,-3), (-3,-3), (-3,-3), (-3,-3)]
Turtle 4 :[(-4,-4), (13,24), (14,24), (14,24), (14,24), (14,23), (15,23), (15,23), (15,23), (16,23)]
Turtle 5 :[(-5,-5), (43,24), (43,25), (43,25), (42,25), (42,25), (41,25), (41,26), (41,26), (40,26)]

Shrinking Run 9
#Info# Executed steps before collision: 10, Found collision: false
Turtle 1 :[(-1,-1), (16,24), (16,23), (16,22), (16,22), (16,22), (16,22), (16,22), (15,22), (15,21), (15,20)]
Turtle 2 :[(-2,-2), (27,26), (28,26), (28,25), (29,25), (30,25), (30,24), (-2,-2), (-2,-2), (-2,-2), (-2,-2)]
Turtle 3 :[(-3,-3), (37,7), (38,7), (39,7), (39,6), (39,5), (-3,-3), (-3,-3), (-3,-3), (-3,-3), (-3,-3)]
Turtle 4 :[(-4,-4), (13,24), (14,24), (14,24), (14,24), (14,23), (15,23), (15,23), (15,23), (16,23), (-4,-4)]
Turtle 5 :[(-5,-5), (43,24), (43,25), (43,25), (42,25), (42,25), (41,25), (41,26), (41,26), (40,26), (-5,-5)]

Shrinking Run 10
#Info# Executed steps before collision: 10, Found collision: false
Turtle 1 :[(-1,-1), (16,24), (15,24), (15,23), (15,23), (15,23), (15,23), (15,23), (15,22), (15,21), (15,20)]
Turtle 2 :[(-2,-2), (27,26), (28,26), (28,25), (29,25), (30,25), (30,24), (-2,-2), (-2,-2), (-2,-2), (-2,-2)]
Turtle 3 :[(-3,-3), (37,7), (38,7), (39,7), (39,6), (39,5), (-3,-3), (-3,-3), (-3,-3), (-3,-3), (-3,-3)]
Turtle 4 :[(-4,-4), (13,24), (14,24), (14,24), (14,24), (14,23), (14,22), (15,22), (16,22), (16,23), (-4,-4)]
Turtle 5 :[(-5,-5), (43,24), (43,25), (43,25), (42,25), (42,25), (41,25), (41,26), (41,26), (40,26), (-5,-5)]

Shrinking Run 11
#Info# Executed steps before collision: 10, Found collision: false
Turtle 1 :[(-1,-1), (16,24), (16,23), (15,23), (15,23), (15,23), (15,23), (15,23), (15,22), (15,21), (15,20)]
Turtle 2 :[(-2,-2), (27,26), (28,26), (28,25), (29,25), (30,25), (30,24), (-2,-2), (-2,-2), (-2,-2), (-2,-2)]
Turtle 3 :[(-3,-3), (37,7), (38,7), (39,7), (39,6), (39,5), (-3,-3), (-3,-3), (-3,-3), (-3,-3), (-3,-3)]
Turtle 4 :[(-4,-4), (13,24), (14,24), (14,24), (14,24), (14,23), (14,24), (15,24), (16,24), (16,23), (-4,-4)]
Turtle 5 :[(-5,-5), (43,24), (43,25), (43,25), (42,25), (42,25), (41,25), (41,26), (41,26), (40,26), (-5,-5)]

Shrinking Run 12
#Info# Executed steps before collision: 10, Found collision: false
Turtle 1 :[(-1,-1), (16,24), (16,24), (16,23), (16,23), (16,23), (16,22), (16,22), (15,22), (15,21), (15,20)]
Turtle 2 :[(-2,-2), (27,26), (28,26), (28,25), (29,25), (30,25), (30,24), (-2,-2), (-2,-2), (-2,-2), (-2,-2)]
Turtle 3 :[(-3,-3), (37,7), (38,7), (39,7), (39,6), (39,5), (-3,-3), (-3,-3), (-3,-3), (-3,-3), (-3,-3)]
Turtle 4 :[(-4,-4), (13,24), (14,24), (14,24), (14,24), (14,23), (15,23), (15,23), (15,23), (16,23), (-4,-4)]
Turtle 5 :[(-5,-5), (43,24), (43,25), (43,25), (42,25), (42,25), (41,25), (41,26), (41,26), (40,26), (-5,-5)]

Shrinking Run 13
#Info# Executed steps before collision: 10, Found collision: false
Turtle 1 :[(-1,-1), (16,24), (16,24), (15,24), (15,23), (15,23), (15,23), (15,23), (15,22), (15,21), (15,20)]
Turtle 2 :[(-2,-2), (27,26), (28,26), (28,25), (29,25), (30,25), (30,24), (-2,-2), (-2,-2), (-2,-2), (-2,-2)]
Turtle 3 :[(-3,-3), (37,7), (38,7), (39,7), (39,6), (39,5), (-3,-3), (-3,-3), (-3,-3), (-3,-3), (-3,-3)]
Turtle 4 :[(-4,-4), (13,24), (14,24), (14,24), (14,24), (14,23), (14,24), (14,23), (14,23), (15,23), (16,23)]
Turtle 5 :[(-5,-5), (43,24), (43,25), (43,25), (42,25), (42,25), (41,25), (41,26), (41,26), (40,26), (-5,-5)]

Shrinking Run 14
#Info# Executed steps before collision: 10, Found collision: false
Turtle 1 :[(-1,-1), (16,24), (16,24), (15,24), (15,24), (15,23), (15,23), (15,23), (15,22), (15,21), (15,20)]
Turtle 2 :[(-2,-2), (27,26), (28,26), (28,25), (29,25), (30,25), (30,24), (-2,-2), (-2,-2), (-2,-2), (-2,-2)]
Turtle 3 :[(-3,-3), (37,7), (38,7), (39,7), (39,6), (39,5), (-3,-3), (-3,-3), (-3,-3), (-3,-3), (-3,-3)]
Turtle 4 :[(-4,-4), (13,24), (14,24), (14,24), (14,24), (14,23), (14,23), (13,23), (14,23), (15,23), (16,23)]
Turtle 5 :[(-5,-5), (43,24), (43,25), (43,25), (42,25), (42,25), (41,25), (41,26), (41,26), (40,26), (-5,-5)]

Shrinking Run 15
#Info# Executed steps before collision: 10, Found collision: false
Turtle 1 :[(-1,-1), (16,24), (16,24), (15,24), (15,24), (15,24), (15,23), (15,22), (15,22), (15,21), (15,20)]
Turtle 2 :[(-2,-2), (27,26), (28,26), (28,25), (29,25), (30,25), (30,24), (-2,-2), (-2,-2), (-2,-2), (-2,-2)]
Turtle 3 :[(-3,-3), (37,7), (38,7), (39,7), (39,6), (39,5), (-3,-3), (-3,-3), (-3,-3), (-3,-3), (-3,-3)]
Turtle 4 :[(-4,-4), (13,24), (14,24), (14,24), (14,24), (14,23), (13,23), (14,23), (15,23), (16,23), (-4,-4)]
Turtle 5 :[(-5,-5), (43,24), (43,25), (43,25), (42,25), (42,25), (41,25), (41,26), (41,26), (40,26), (-5,-5)]

Shrinking Run 16
#Info# Executed steps before collision: 9, Found collision: false
Turtle 1 :[(-1,-1), (16,24), (16,24), (15,24), (14,24), (14,23), (14,22), (14,21), (14,20), (15,20)]
Turtle 2 :[(-2,-2), (27,26), (26,26), (26,25), (25,25), (24,25), (24,24), (-2,-2), (-2,-2), (-2,-2)]
Turtle 3 :[(-3,-3), (37,7), (38,7), (39,7), (39,6), (39,5), (-3,-3), (-3,-3), (-3,-3), (-3,-3)]
Turtle 4 :[(-4,-4), (13,24), (14,24), (14,24), (14,25), (15,25), (15,24), (16,24), (16,23), (-4,-4)]
Turtle 5 :[(-5,-5), (43,24), (43,25), (43,25), (42,25), (42,25), (41,25), (41,26), (41,26), (40,26)]

Shrinking Run 17
#Info# Executed steps before collision: 6, Found collision: true
Turtle 1 :[(-1,-1), (16,24), (16,24), (15,24), (15,24), (15,24), (15,23), (15,22), (15,21), (15,20)]
Turtle 2 :[(-2,-2), (27,26), (28,26), (28,25), (28,24), (28,23), (28,22), (-2,-2), (-2,-2), (-2,-2)]
Turtle 3 :[(-3,-3), (37,7), (38,7), (39,7), (39,6), (39,5), (-3,-3), (-3,-3), (-3,-3), (-3,-3)]
Turtle 4 :[(-4,-4), (13,24), (14,24), (13,24), (14,24), (14,23), (15,23), (16,23), (-4,-4), (-4,-4)]
Turtle 5 :[(-5,-5), (43,24), (43,25), (43,25), (42,25), (42,25), (41,25), (41,26), (41,26), (40,26)]

Shrinking Run 18
#Info# Executed steps before collision: 3, Found collision: true
Turtle 1 :[(-1,-1), (16,24), (16,24), (15,24), (15,24), (15,24), (15,23), (15,23), (15,22), (15,21), (15,20)]
Turtle 2 :[(-2,-2), (27,26), (26,26), (26,25), (26,24), (26,23), (26,22), (-2,-2), (-2,-2), (-2,-2), (-2,-2)]
Turtle 3 :[(-3,-3), (37,7), (38,7), (39,7), (39,6), (39,5), (-3,-3), (-3,-3), (-3,-3), (-3,-3), (-3,-3)]
Turtle 4 :[(-4,-4), (13,24), (14,24), (15,24), (15,23), (16,23), (-4,-4), (-4,-4), (-4,-4), (-4,-4), (-4,-4)]
Turtle 5 :[(-5,-5), (43,24), (43,25), (43,25), (42,25), (42,25), (41,25), (41,26), (41,26), (40,26), (-5,-5)]

Shrinking Run 19
#Info# Executed steps before collision: 11, Found collision: false
Turtle 1 :[(-1,-1), (16,24), (16,24), (15,24), (15,24), (15,24), (15,23), (15,23), (15,22), (15,21), (15,20), (-1,-1)]
Turtle 2 :[(-2,-2), (27,26), (26,26), (26,25), (25,25), (25,24), (25,23), (-2,-2), (-2,-2), (-2,-2), (-2,-2), (-2,-2)]
Turtle 3 :[(-3,-3), (37,7), (38,7), (39,7), (39,6), (39,5), (-3,-3), (-3,-3), (-3,-3), (-3,-3), (-3,-3), (-3,-3)]
Turtle 4 :[(-4,-4), (13,24), (14,24), (14,24), (14,24), (14,23), (14,22), (14,23), (14,22), (14,23), (15,23), (16,23)]
Turtle 5 :[(-5,-5), (43,24), (43,25), (43,25), (42,25), (42,25), (41,25), (41,26), (41,26), (40,26), (-5,-5), (-5,-5)]

Shrinking Run 20
#Info# Executed steps before collision: 11, Found collision: false
Turtle 1 :[(-1,-1), (16,24), (16,24), (15,24), (15,24), (15,24), (15,23), (15,23), (15,22), (15,21), (15,20), (-1,-1)]
Turtle 2 :[(-2,-2), (27,26), (26,26), (26,25), (26,24), (26,23), (26,22), (-2,-2), (-2,-2), (-2,-2), (-2,-2), (-2,-2)]
Turtle 3 :[(-3,-3), (37,7), (36,7), (35,7), (34,7), (33,7), (33,6), (-3,-3), (-3,-3), (-3,-3), (-3,-3), (-3,-3)]
Turtle 4 :[(-4,-4), (13,24), (14,24), (14,24), (14,24), (14,23), (13,23), (14,23), (13,23), (14,23), (15,23), (16,23)]
Turtle 5 :[(-5,-5), (43,24), (43,25), (43,25), (42,25), (42,25), (41,25), (41,26), (41,26), (40,26), (-5,-5), (-5,-5)]

Shrinking Run 21
#Info# Executed steps before collision: 9, Found collision: false
Turtle 1 :[(-1,-1), (16,24), (16,24), (16,25), (16,24), (16,23), (16,22), (16,21), (16,20), (15,20)]
Turtle 2 :[(-2,-2), (27,26), (26,26), (26,25), (26,24), (26,23), (26,22), (-2,-2), (-2,-2), (-2,-2)]
Turtle 3 :[(-3,-3), (37,7), (36,7), (36,6), (35,6), (34,6), (34,5), (-3,-3), (-3,-3), (-3,-3)]
Turtle 4 :[(-4,-4), (13,24), (14,24), (14,24), (14,24), (14,23), (15,23), (15,23), (15,23), (16,23)]
Turtle 5 :[(-5,-5), (43,24), (43,25), (43,25), (42,25), (42,25), (41,25), (41,26), (41,26), (40,26)]

Shrinking Run 22
#Info# Executed steps before collision: 11, Found collision: false
Turtle 1 :[(-1,-1), (16,24), (16,24), (15,24), (15,24), (15,24), (15,23), (15,23), (15,22), (15,21), (15,20), (-1,-1)]
Turtle 2 :[(-2,-2), (27,26), (26,26), (26,25), (26,24), (26,23), (26,22), (-2,-2), (-2,-2), (-2,-2), (-2,-2), (-2,-2)]
Turtle 3 :[(-3,-3), (37,7), (37,6), (37,7), (38,7), (38,6), (38,5), (-3,-3), (-3,-3), (-3,-3), (-3,-3), (-3,-3)]
Turtle 4 :[(-4,-4), (13,24), (14,24), (14,24), (14,24), (14,23), (14,22), (14,23), (14,22), (14,23), (15,23), (16,23)]
Turtle 5 :[(-5,-5), (43,24), (43,25), (43,25), (42,25), (42,25), (41,25), (41,26), (41,26), (40,26), (-5,-5), (-5,-5)]

Shrinking Run 23
#Info# Executed steps before collision: 6, Found collision: true
Turtle 1 :[(-1,-1), (16,24), (16,24), (15,24), (15,25), (15,24), (15,23), (15,22), (15,21), (15,20)]
Turtle 2 :[(-2,-2), (27,26), (26,26), (26,25), (26,24), (26,23), (26,22), (-2,-2), (-2,-2), (-2,-2)]
Turtle 3 :[(-3,-3), (37,7), (38,7), (38,6), (38,5), (39,5), (39,4), (-3,-3), (-3,-3), (-3,-3)]
Turtle 4 :[(-4,-4), (13,24), (14,24), (14,24), (14,24), (14,23), (15,23), (16,23), (-4,-4), (-4,-4)]
Turtle 5 :[(-5,-5), (43,24), (43,25), (43,25), (42,25), (42,25), (41,25), (41,26), (41,26), (40,26)]

Shrinking Run 24
#Info# Executed steps before collision: 6, Found collision: true
Turtle 1 :[(-1,-1), (16,24), (16,24), (15,24), (15,24), (15,24), (15,23), (15,23), (15,23), (15,22), (15,21), (15,20)]
Turtle 2 :[(-2,-2), (27,26), (26,26), (26,25), (26,24), (26,23), (26,22), (-2,-2), (-2,-2), (-2,-2), (-2,-2), (-2,-2)]
Turtle 3 :[(-3,-3), (37,7), (37,6), (37,5), (36,5), (35,5), (35,4), (-3,-3), (-3,-3), (-3,-3), (-3,-3), (-3,-3)]
Turtle 4 :[(-4,-4), (13,24), (14,24), (14,24), (14,24), (14,23), (15,23), (16,23), (-4,-4), (-4,-4), (-4,-4), (-4,-4)]
Turtle 5 :[(-5,-5), (43,24), (43,25), (43,25), (42,25), (42,25), (41,25), (41,26), (41,26), (40,26), (-5,-5), (-5,-5)]

Shrinking Run 25
#Info# Executed steps before collision: 11, Found collision: false
Turtle 1 :[(-1,-1), (16,24), (16,24), (15,24), (15,24), (15,24), (15,23), (15,23), (15,22), (15,21), (15,20), (-1,-1)]
Turtle 2 :[(-2,-2), (27,26), (26,26), (26,25), (26,24), (26,23), (26,22), (-2,-2), (-2,-2), (-2,-2), (-2,-2), (-2,-2)]
Turtle 3 :[(-3,-3), (37,7), (37,6), (36,6), (35,6), (34,6), (34,5), (-3,-3), (-3,-3), (-3,-3), (-3,-3), (-3,-3)]
Turtle 4 :[(-4,-4), (13,24), (14,24), (14,24), (14,24), (14,23), (14,24), (15,24), (14,24), (15,24), (15,23), (16,23)]
Turtle 5 :[(-5,-5), (43,24), (43,25), (43,25), (42,25), (42,25), (41,25), (41,26), (41,26), (40,26), (-5,-5), (-5,-5)]

Shrinking Run 26
#Info# Executed steps before collision: 9, Found collision: false
Turtle 1 :[(-1,-1), (16,24), (16,24), (15,24), (15,23), (15,22), (15,21), (15,20), (-1,-1), (-1,-1)]
Turtle 2 :[(-2,-2), (27,26), (26,26), (26,25), (26,24), (26,23), (26,22), (-2,-2), (-2,-2), (-2,-2)]
Turtle 3 :[(-3,-3), (37,7), (37,6), (37,5), (36,5), (35,5), (34,5), (-3,-3), (-3,-3), (-3,-3)]
Turtle 4 :[(-4,-4), (13,24), (14,24), (14,24), (14,24), (14,23), (15,23), (15,23), (15,23), (16,23)]
Turtle 5 :[(-5,-5), (43,24), (43,25), (43,25), (42,25), (42,25), (41,25), (41,26), (41,26), (40,26)]

Shrinking Run 27
#Info# Executed steps before collision: 10, Found collision: false
Turtle 1 :[(-1,-1), (16,24), (16,24), (15,24), (15,24), (15,24), (15,23), (15,23), (15,22), (15,21), (15,20)]
Turtle 2 :[(-2,-2), (27,26), (26,26), (26,25), (26,24), (26,23), (26,22), (-2,-2), (-2,-2), (-2,-2), (-2,-2)]
Turtle 3 :[(-3,-3), (37,7), (36,7), (36,6), (36,5), (35,5), (35,4), (-3,-3), (-3,-3), (-3,-3), (-3,-3)]
Turtle 4 :[(-4,-4), (13,24), (14,24), (14,24), (14,24), (14,23), (13,23), (14,23), (14,23), (15,23), (16,23)]
Turtle 5 :[(-5,-5), (43,24), (43,25), (43,25), (42,25), (42,25), (41,25), (41,26), (41,26), (40,26), (-5,-5)]

Shrinking Run 28
#Info# Executed steps before collision: 14, Found collision: false
Turtle 1 :[(-1,-1), (16,24), (16,24), (15,24), (15,24), (15,24), (15,24), (15,25), (15,24), (15,25), (15,24), (15,23), (15,22), (15,21), (15,20)]
Turtle 2 :[(-2,-2), (27,26), (26,26), (26,25), (26,24), (26,23), (26,22), (-2,-2), (-2,-2), (-2,-2), (-2,-2), (-2,-2), (-2,-2), (-2,-2), (-2,-2)]
Turtle 3 :[(-3,-3), (37,7), (37,6), (36,6), (36,5), (35,5), (35,4), (-3,-3), (-3,-3), (-3,-3), (-3,-3), (-3,-3), (-3,-3), (-3,-3), (-3,-3)]
Turtle 4 :[(-4,-4), (13,24), (14,24), (14,24), (14,24), (14,23), (15,23), (15,23), (15,23), (16,23), (-4,-4), (-4,-4), (-4,-4), (-4,-4), (-4,-4)]
Turtle 5 :[(-5,-5), (43,24), (43,25), (43,25), (42,25), (42,25), (41,25), (41,26), (41,26), (40,26), (-5,-5), (-5,-5), (-5,-5), (-5,-5), (-5,-5)]

Shrinking Run 29
#Info# Executed steps before collision: 10, Found collision: false
Turtle 1 :[(-1,-1), (16,24), (16,24), (15,24), (15,24), (15,24), (15,23), (15,23), (15,22), (15,21), (15,20)]
Turtle 2 :[(-2,-2), (27,26), (26,26), (26,25), (26,24), (26,23), (26,22), (-2,-2), (-2,-2), (-2,-2), (-2,-2)]
Turtle 3 :[(-3,-3), (37,7), (37,6), (37,5), (36,5), (35,5), (35,4), (-3,-3), (-3,-3), (-3,-3), (-3,-3)]
Turtle 4 :[(-4,-4), (13,24), (12,24), (12,24), (12,24), (12,23), (11,23), (10,23), (10,23), (10,23), (9,23)]
Turtle 5 :[(-5,-5), (43,24), (43,25), (43,25), (42,25), (42,25), (41,25), (41,26), (41,26), (40,26), (-5,-5)]

Shrinking Run 30
#Info# Executed steps before collision: 10, Found collision: false
Turtle 1 :[(-1,-1), (16,24), (16,24), (15,24), (15,24), (15,24), (15,23), (15,23), (15,22), (15,21), (15,20)]
Turtle 2 :[(-2,-2), (27,26), (26,26), (26,25), (26,24), (26,23), (26,22), (-2,-2), (-2,-2), (-2,-2), (-2,-2)]
Turtle 3 :[(-3,-3), (37,7), (37,6), (37,5), (36,5), (35,5), (35,4), (-3,-3), (-3,-3), (-3,-3), (-3,-3)]
Turtle 4 :[(-4,-4), (13,24), (12,24), (12,24), (12,24), (12,23), (11,23), (11,23), (11,23), (10,23), (-4,-4)]
Turtle 5 :[(-5,-5), (43,24), (43,25), (43,25), (42,25), (42,25), (41,25), (41,26), (41,26), (40,26), (-5,-5)]

Shrinking Run 31
#Info# Executed steps before collision: 10, Found collision: false
Turtle 1 :[(-1,-1), (16,24), (16,24), (15,24), (15,24), (15,24), (15,23), (15,23), (15,22), (15,21), (15,20)]
Turtle 2 :[(-2,-2), (27,26), (26,26), (26,25), (26,24), (26,23), (26,22), (-2,-2), (-2,-2), (-2,-2), (-2,-2)]
Turtle 3 :[(-3,-3), (37,7), (37,6), (37,5), (36,5), (35,5), (35,4), (-3,-3), (-3,-3), (-3,-3), (-3,-3)]
Turtle 4 :[(-4,-4), (13,24), (13,24), (13,24), (12,24), (12,23), (12,23), (12,23), (13,23), (14,23), (-4,-4)]
Turtle 5 :[(-5,-5), (43,24), (43,25), (43,25), (42,25), (42,25), (41,25), (41,26), (41,26), (40,26), (-5,-5)]

Shrinking Run 32
#Info# Executed steps before collision: 10, Found collision: false
Turtle 1 :[(-1,-1), (16,24), (16,24), (15,24), (15,24), (15,24), (15,23), (15,23), (15,22), (15,21), (15,20)]
Turtle 2 :[(-2,-2), (27,26), (26,26), (26,25), (26,24), (26,23), (26,22), (-2,-2), (-2,-2), (-2,-2), (-2,-2)]
Turtle 3 :[(-3,-3), (37,7), (37,6), (37,5), (36,5), (35,5), (35,4), (-3,-3), (-3,-3), (-3,-3), (-3,-3)]
Turtle 4 :[(-4,-4), (13,24), (13,24), (13,24), (12,24), (12,23), (13,23), (13,23), (13,23), (14,23), (15,23)]
Turtle 5 :[(-5,-5), (43,24), (43,25), (43,25), (42,25), (42,25), (41,25), (41,26), (41,26), (40,26), (-5,-5)]

Shrinking Run 33
#Info# Executed steps before collision: 10, Found collision: false
Turtle 1 :[(-1,-1), (16,24), (16,24), (15,24), (15,24), (15,24), (15,23), (15,23), (15,22), (15,21), (15,20)]
Turtle 2 :[(-2,-2), (27,26), (26,26), (26,25), (26,24), (26,23), (26,22), (-2,-2), (-2,-2), (-2,-2), (-2,-2)]
Turtle 3 :[(-3,-3), (37,7), (37,6), (37,5), (36,5), (35,5), (35,4), (-3,-3), (-3,-3), (-3,-3), (-3,-3)]
Turtle 4 :[(-4,-4), (13,24), (13,23), (13,23), (13,23), (13,22), (13,21), (13,20), (13,20), (13,20), (14,20)]
Turtle 5 :[(-5,-5), (43,24), (43,25), (43,25), (42,25), (42,25), (41,25), (41,26), (41,26), (40,26), (-5,-5)]

Shrinking Run 34
#Info# Executed steps before collision: 12, Found collision: false
Turtle 1 :[(-1,-1), (16,24), (16,24), (15,24), (15,24), (15,24), (15,23), (15,23), (14,23), (14,22), (15,22), (15,21), (15,20)]
Turtle 2 :[(-2,-2), (27,26), (26,26), (26,25), (26,24), (26,23), (26,22), (-2,-2), (-2,-2), (-2,-2), (-2,-2), (-2,-2), (-2,-2)]
Turtle 3 :[(-3,-3), (37,7), (37,6), (37,5), (36,5), (35,5), (35,4), (-3,-3), (-3,-3), (-3,-3), (-3,-3), (-3,-3), (-3,-3)]
Turtle 4 :[(-4,-4), (13,24), (13,23), (13,23), (13,23), (13,22), (14,22), (15,22), (15,22), (15,22), (16,22), (-4,-4), (-4,-4)]
Turtle 5 :[(-5,-5), (43,24), (43,25), (43,25), (42,25), (42,25), (41,25), (41,26), (41,26), (40,26), (-5,-5), (-5,-5), (-5,-5)]

Shrinking Run 35
#Info# Executed steps before collision: 10, Found collision: false
Turtle 1 :[(-1,-1), (16,24), (16,24), (15,24), (15,24), (15,24), (15,23), (15,23), (15,22), (15,21), (15,20)]
Turtle 2 :[(-2,-2), (27,26), (26,26), (26,25), (26,24), (26,23), (26,22), (-2,-2), (-2,-2), (-2,-2), (-2,-2)]
Turtle 3 :[(-3,-3), (37,7), (37,6), (37,5), (36,5), (35,5), (35,4), (-3,-3), (-3,-3), (-3,-3), (-3,-3)]
Turtle 4 :[(-4,-4), (13,24), (13,23), (13,23), (13,23), (14,23), (14,24), (15,24), (16,24), (16,23), (-4,-4)]
Turtle 5 :[(-5,-5), (43,24), (43,25), (43,25), (42,25), (42,25), (41,25), (41,26), (41,26), (40,26), (-5,-5)]

Shrinking Run 36
#Info# Executed steps before collision: 3, Found collision: true
Turtle 1 :[(-1,-1), (16,24), (16,24), (15,24), (15,24), (15,24), (15,23), (15,23), (15,22), (15,21), (15,20)]
Turtle 2 :[(-2,-2), (27,26), (26,26), (26,25), (26,24), (26,23), (26,22), (-2,-2), (-2,-2), (-2,-2), (-2,-2)]
Turtle 3 :[(-3,-3), (37,7), (37,6), (37,5), (36,5), (35,5), (35,4), (-3,-3), (-3,-3), (-3,-3), (-3,-3)]
Turtle 4 :[(-4,-4), (13,24), (14,24), (15,24), (15,23), (16,23), (-4,-4), (-4,-4), (-4,-4), (-4,-4), (-4,-4)]
Turtle 5 :[(-5,-5), (43,24), (43,25), (43,25), (42,25), (42,25), (41,25), (41,26), (41,26), (40,26), (-5,-5)]

Shrinking Run 37
#Info# Executed steps before collision: 10, Found collision: false
Turtle 1 :[(-1,-1), (16,24), (16,24), (15,24), (15,24), (15,24), (15,23), (15,23), (15,22), (15,21), (15,20)]
Turtle 2 :[(-2,-2), (27,26), (26,26), (26,25), (26,24), (26,23), (26,22), (-2,-2), (-2,-2), (-2,-2), (-2,-2)]
Turtle 3 :[(-3,-3), (37,7), (37,6), (37,5), (36,5), (35,5), (35,4), (-3,-3), (-3,-3), (-3,-3), (-3,-3)]
Turtle 4 :[(-4,-4), (13,24), (13,23), (14,23), (15,23), (16,23), (-4,-4), (-4,-4), (-4,-4), (-4,-4), (-4,-4)]
Turtle 5 :[(-5,-5), (43,24), (43,25), (43,25), (42,25), (42,25), (41,25), (41,26), (41,26), (40,26), (-5,-5)]

Shrinking Run 38
#Info# Executed steps before collision: 10, Found collision: false
Turtle 1 :[(-1,-1), (16,24), (16,24), (15,24), (15,24), (15,24), (15,23), (15,23), (15,22), (15,21), (15,20)]
Turtle 2 :[(-2,-2), (27,26), (26,26), (26,25), (26,24), (26,23), (26,22), (-2,-2), (-2,-2), (-2,-2), (-2,-2)]
Turtle 3 :[(-3,-3), (37,7), (37,6), (37,5), (36,5), (35,5), (35,4), (-3,-3), (-3,-3), (-3,-3), (-3,-3)]
Turtle 4 :[(-4,-4), (13,24), (14,24), (14,23), (15,23), (16,23), (-4,-4), (-4,-4), (-4,-4), (-4,-4), (-4,-4)]
Turtle 5 :[(-5,-5), (43,24), (43,25), (43,25), (42,25), (42,25), (41,25), (41,26), (41,26), (40,26), (-5,-5)]

Shrinking Run 39
#Info# Executed steps before collision: 3, Found collision: true
Turtle 1 :[(-1,-1), (16,24), (16,24), (15,24), (15,24), (15,24), (15,23), (15,23), (15,22), (15,21), (15,20)]
Turtle 2 :[(-2,-2), (27,26), (26,26), (26,25), (26,24), (26,23), (26,22), (-2,-2), (-2,-2), (-2,-2), (-2,-2)]
Turtle 3 :[(-3,-3), (37,7), (37,6), (37,5), (36,5), (35,5), (35,4), (-3,-3), (-3,-3), (-3,-3), (-3,-3)]
Turtle 4 :[(-4,-4), (13,24), (14,24), (15,24), (15,23), (16,23), (-4,-4), (-4,-4), (-4,-4), (-4,-4), (-4,-4)]
Turtle 5 :[(-5,-5), (43,24), (43,23), (43,23), (42,23), (42,23), (41,23), (41,22), (41,22), (40,22), (-5,-5)]

Shrinking Run 40
#Info# Executed steps before collision: 9, Found collision: false
Turtle 1 :[(-1,-1), (16,24), (16,24), (16,23), (15,23), (15,22), (15,21), (15,20), (-1,-1), (-1,-1)]
Turtle 2 :[(-2,-2), (27,26), (26,26), (26,25), (26,24), (26,23), (26,22), (-2,-2), (-2,-2), (-2,-2)]
Turtle 3 :[(-3,-3), (37,7), (37,6), (37,5), (36,5), (35,5), (35,4), (-3,-3), (-3,-3), (-3,-3)]
Turtle 4 :[(-4,-4), (13,24), (14,24), (15,24), (15,25), (16,25), (16,24), (16,23), (-4,-4), (-4,-4)]
Turtle 5 :[(-5,-5), (43,24), (42,24), (42,24), (41,24), (41,24), (40,24), (40,23), (40,23), (40,22)]

Shrinking Run 41
#Info# Executed steps before collision: 3, Found collision: true
Turtle 1 :[(-1,-1), (16,24), (16,24), (15,24), (15,24), (15,24), (15,23), (15,23), (15,22), (15,21), (15,20)]
Turtle 2 :[(-2,-2), (27,26), (26,26), (26,25), (26,24), (26,23), (26,22), (-2,-2), (-2,-2), (-2,-2), (-2,-2)]
Turtle 3 :[(-3,-3), (37,7), (37,6), (37,5), (36,5), (35,5), (35,4), (-3,-3), (-3,-3), (-3,-3), (-3,-3)]
Turtle 4 :[(-4,-4), (13,24), (14,24), (15,24), (15,23), (16,23), (-4,-4), (-4,-4), (-4,-4), (-4,-4), (-4,-4)]
Turtle 5 :[(-5,-5), (43,24), (43,23), (43,23), (42,23), (42,23), (41,23), (40,23), (40,23), (40,22), (-5,-5)]

Shrinking Run 42
#Info# Executed steps before collision: 3, Found collision: true
Turtle 1 :[(-1,-1), (16,24), (16,24), (15,24), (15,24), (15,24), (15,23), (15,23), (15,22), (15,21), (15,20)]
Turtle 2 :[(-2,-2), (27,26), (26,26), (26,25), (26,24), (26,23), (26,22), (-2,-2), (-2,-2), (-2,-2), (-2,-2)]
Turtle 3 :[(-3,-3), (37,7), (37,6), (37,5), (36,5), (35,5), (35,4), (-3,-3), (-3,-3), (-3,-3), (-3,-3)]
Turtle 4 :[(-4,-4), (13,24), (14,24), (15,24), (15,23), (16,23), (-4,-4), (-4,-4), (-4,-4), (-4,-4), (-4,-4)]
Turtle 5 :[(-5,-5), (43,24), (43,23), (43,23), (42,23), (42,23), (41,23), (40,23), (40,23), (39,23), (-5,-5)]

Shrinking Run 43
#Info# Executed steps before collision: 3, Found collision: true
Turtle 1 :[(-1,-1), (16,24), (16,24), (15,24), (15,24), (15,24), (15,23), (15,23), (15,22), (15,21), (15,20)]
Turtle 2 :[(-2,-2), (27,26), (26,26), (26,25), (26,24), (26,23), (26,22), (-2,-2), (-2,-2), (-2,-2), (-2,-2)]
Turtle 3 :[(-3,-3), (37,7), (37,6), (37,5), (36,5), (35,5), (35,4), (-3,-3), (-3,-3), (-3,-3), (-3,-3)]
Turtle 4 :[(-4,-4), (13,24), (14,24), (15,24), (15,23), (16,23), (-4,-4), (-4,-4), (-4,-4), (-4,-4), (-4,-4)]
Turtle 5 :[(-5,-5), (43,24), (43,23), (42,23), (41,23), (40,23), (39,23), (-5,-5), (-5,-5), (-5,-5), (-5,-5)]

Shrinking Run 44
#Info# Executed steps before collision: 3, Found collision: true
Turtle 1 :[(-1,-1), (16,24), (16,24), (15,24), (15,24), (15,24), (15,23), (15,23), (15,22), (14,22), (14,21)]
Turtle 2 :[(-2,-2), (27,26), (26,26), (26,25), (26,24), (26,23), (26,22), (-2,-2), (-2,-2), (-2,-2), (-2,-2)]
Turtle 3 :[(-3,-3), (37,7), (37,6), (37,5), (36,5), (35,5), (35,4), (-3,-3), (-3,-3), (-3,-3), (-3,-3)]
Turtle 4 :[(-4,-4), (13,24), (14,24), (15,24), (15,23), (16,23), (-4,-4), (-4,-4), (-4,-4), (-4,-4), (-4,-4)]
Turtle 5 :[(-5,-5), (43,24), (43,23), (42,23), (41,23), (40,23), (39,23), (-5,-5), (-5,-5), (-5,-5), (-5,-5)]

Shrinking Run 45
#Info# Executed steps before collision: 3, Found collision: true
Turtle 1 :[(-1,-1), (16,24), (16,24), (15,24), (15,24), (15,24), (15,23), (15,23), (14,23), (13,23), (13,22)]
Turtle 2 :[(-2,-2), (27,26), (26,26), (26,25), (26,24), (26,23), (26,22), (-2,-2), (-2,-2), (-2,-2), (-2,-2)]
Turtle 3 :[(-3,-3), (37,7), (37,6), (37,5), (36,5), (35,5), (35,4), (-3,-3), (-3,-3), (-3,-3), (-3,-3)]
Turtle 4 :[(-4,-4), (13,24), (14,24), (15,24), (15,23), (16,23), (-4,-4), (-4,-4), (-4,-4), (-4,-4), (-4,-4)]
Turtle 5 :[(-5,-5), (43,24), (43,23), (42,23), (41,23), (40,23), (39,23), (-5,-5), (-5,-5), (-5,-5), (-5,-5)]

Shrinking Run 46
#Info# Executed steps before collision: 3, Found collision: true
Turtle 1 :[(-1,-1), (16,24), (16,24), (15,24), (15,24), (15,24), (14,24), (14,24), (13,24), (12,24), (12,23)]
Turtle 2 :[(-2,-2), (27,26), (26,26), (26,25), (26,24), (26,23), (26,22), (-2,-2), (-2,-2), (-2,-2), (-2,-2)]
Turtle 3 :[(-3,-3), (37,7), (37,6), (37,5), (36,5), (35,5), (35,4), (-3,-3), (-3,-3), (-3,-3), (-3,-3)]
Turtle 4 :[(-4,-4), (13,24), (14,24), (15,24), (15,23), (16,23), (-4,-4), (-4,-4), (-4,-4), (-4,-4), (-4,-4)]
Turtle 5 :[(-5,-5), (43,24), (43,23), (42,23), (41,23), (40,23), (39,23), (-5,-5), (-5,-5), (-5,-5), (-5,-5)]

Shrinking Run 47
#Info# Executed steps before collision: 3, Found collision: true
Turtle 1 :[(-1,-1), (16,24), (16,24), (15,24), (15,24), (15,24), (14,24), (14,24), (13,24), (12,24), (11,24)]
Turtle 2 :[(-2,-2), (27,26), (26,26), (26,25), (26,24), (26,23), (26,22), (-2,-2), (-2,-2), (-2,-2), (-2,-2)]
Turtle 3 :[(-3,-3), (37,7), (37,6), (37,5), (36,5), (35,5), (35,4), (-3,-3), (-3,-3), (-3,-3), (-3,-3)]
Turtle 4 :[(-4,-4), (13,24), (14,24), (15,24), (15,23), (16,23), (-4,-4), (-4,-4), (-4,-4), (-4,-4), (-4,-4)]
Turtle 5 :[(-5,-5), (43,24), (43,23), (42,23), (41,23), (40,23), (39,23), (-5,-5), (-5,-5), (-5,-5), (-5,-5)]

Shrinking Run 48
#Info# Executed steps before collision: 3, Found collision: true
Turtle 1 :[(-1,-1), (16,24), (15,24), (14,24), (13,24), (12,24), (11,24)]
Turtle 2 :[(-2,-2), (27,26), (26,26), (26,25), (26,24), (26,23), (26,22)]
Turtle 3 :[(-3,-3), (37,7), (37,6), (37,5), (36,5), (35,5), (35,4)]
Turtle 4 :[(-4,-4), (13,24), (14,24), (14,24), (15,24), (15,23), (16,23)]
Turtle 5 :[(-5,-5), (43,24), (43,23), (42,23), (41,23), (40,23), (39,23)]

Shrinking Run 49
#Info# Executed steps before collision: 6, Found collision: false
Turtle 1 :[(-1,-1), (16,24), (15,24), (14,24), (13,24), (12,24), (11,24)]
Turtle 2 :[(-2,-2), (27,26), (26,26), (26,25), (25,25), (24,25), (24,24)]
Turtle 3 :[(-3,-3), (37,7), (37,6), (37,5), (36,5), (35,5), (35,4)]
Turtle 4 :[(-4,-4), (13,24), (14,24), (15,24), (15,23), (16,23), (-4,-4)]
Turtle 5 :[(-5,-5), (43,24), (43,23), (42,23), (41,23), (40,23), (39,23)]

Shrinking Run 50
#Info# Executed steps before collision: 6, Found collision: false
Turtle 1 :[(-1,-1), (16,24), (15,24), (14,24), (13,24), (12,24), (11,24)]
Turtle 2 :[(-2,-2), (27,26), (26,26), (26,25), (25,25), (25,24), (25,23)]
Turtle 3 :[(-3,-3), (37,7), (37,6), (37,5), (36,5), (35,5), (35,4)]
Turtle 4 :[(-4,-4), (13,24), (14,24), (15,24), (15,23), (16,23), (-4,-4)]
Turtle 5 :[(-5,-5), (43,24), (43,23), (42,23), (41,23), (40,23), (39,23)]

Shrinking Run 51
#Info# Executed steps before collision: 7, Found collision: false
Turtle 1 :[(-1,-1), (16,24), (15,24), (14,24), (13,24), (12,24), (11,24), (-1,-1)]
Turtle 2 :[(-2,-2), (27,26), (26,26), (26,25), (26,24), (26,23), (26,22), (-2,-2)]
Turtle 3 :[(-3,-3), (37,7), (36,7), (35,7), (34,7), (33,7), (33,6), (-3,-3)]
Turtle 4 :[(-4,-4), (13,24), (14,24), (14,25), (15,25), (15,24), (16,24), (16,23)]
Turtle 5 :[(-5,-5), (43,24), (43,23), (42,23), (41,23), (40,23), (39,23), (-5,-5)]

Shrinking Run 52
#Info# Executed steps before collision: 6, Found collision: false
Turtle 1 :[(-1,-1), (16,24), (15,24), (14,24), (13,24), (12,24), (11,24)]
Turtle 2 :[(-2,-2), (27,26), (26,26), (26,25), (26,24), (26,23), (26,22)]
Turtle 3 :[(-3,-3), (37,7), (36,7), (36,6), (35,6), (34,6), (34,5)]
Turtle 4 :[(-4,-4), (13,24), (14,24), (15,24), (15,23), (16,23), (-4,-4)]
Turtle 5 :[(-5,-5), (43,24), (43,23), (42,23), (41,23), (40,23), (39,23)]

Shrinking Run 53
#Info# Executed steps before collision: 6, Found collision: false
Turtle 1 :[(-1,-1), (16,24), (15,24), (14,24), (13,24), (12,24), (11,24)]
Turtle 2 :[(-2,-2), (27,26), (26,26), (26,25), (26,24), (26,23), (26,22)]
Turtle 3 :[(-3,-3), (37,7), (37,6), (37,7), (38,7), (38,6), (38,5)]
Turtle 4 :[(-4,-4), (13,24), (14,24), (15,24), (15,23), (16,23), (-4,-4)]
Turtle 5 :[(-5,-5), (43,24), (43,23), (42,23), (41,23), (40,23), (39,23)]

Shrinking Run 54
#Info# Executed steps before collision: 8, Found collision: false
Turtle 1 :[(-1,-1), (16,24), (15,24), (14,24), (13,24), (12,24), (11,24), (-1,-1), (-1,-1)]
Turtle 2 :[(-2,-2), (27,26), (26,26), (26,25), (26,24), (26,23), (26,22), (-2,-2), (-2,-2)]
Turtle 3 :[(-3,-3), (37,7), (37,6), (36,6), (35,6), (34,6), (34,5), (-3,-3), (-3,-3)]
Turtle 4 :[(-4,-4), (13,24), (14,24), (14,25), (14,25), (14,24), (15,24), (16,24), (16,23)]
Turtle 5 :[(-5,-5), (43,24), (43,23), (42,23), (41,23), (40,23), (39,23), (-5,-5), (-5,-5)]

Shrinking Run 55
#Info# Executed steps before collision: 6, Found collision: false
Turtle 1 :[(-1,-1), (16,24), (15,24), (14,24), (13,24), (12,24), (11,24)]
Turtle 2 :[(-2,-2), (27,26), (26,26), (26,25), (26,24), (26,23), (26,22)]
Turtle 3 :[(-3,-3), (37,7), (37,6), (37,5), (36,5), (35,5), (34,5)]
Turtle 4 :[(-4,-4), (13,24), (14,24), (15,24), (15,23), (16,23), (-4,-4)]
Turtle 5 :[(-5,-5), (43,24), (43,23), (42,23), (41,23), (40,23), (39,23)]

Shrinking Run 56
#Info# Executed steps before collision: 6, Found collision: false
Turtle 1 :[(-1,-1), (16,24), (15,24), (14,24), (13,24), (12,24), (11,24)]
Turtle 2 :[(-2,-2), (27,26), (26,26), (26,25), (26,24), (26,23), (26,22)]
Turtle 3 :[(-3,-3), (37,7), (36,7), (36,6), (36,5), (35,5), (35,4)]
Turtle 4 :[(-4,-4), (13,24), (14,24), (14,23), (15,23), (16,23), (-4,-4)]
Turtle 5 :[(-5,-5), (43,24), (43,23), (42,23), (41,23), (40,23), (39,23)]

Shrinking Run 57
#Info# Executed steps before collision: 3, Found collision: true
Turtle 1 :[(-1,-1), (16,24), (15,24), (14,24), (13,24), (12,24), (11,24)]
Turtle 2 :[(-2,-2), (27,26), (26,26), (26,25), (26,24), (26,23), (26,22)]
Turtle 3 :[(-3,-3), (37,7), (37,6), (36,6), (36,5), (35,5), (35,4)]
Turtle 4 :[(-4,-4), (13,24), (14,24), (14,24), (15,24), (15,23), (16,23)]
Turtle 5 :[(-5,-5), (43,24), (43,23), (42,23), (41,23), (40,23), (39,23)]

Shrinking Run 58
#Info# Executed steps before collision: 10, Found collision: false
Turtle 1 :[(-1,-1), (16,24), (15,24), (14,24), (13,24), (13,23), (13,23), (12,23), (11,23), (11,24), (-1,-1)]
Turtle 2 :[(-2,-2), (27,26), (26,26), (26,25), (26,24), (26,23), (26,22), (-2,-2), (-2,-2), (-2,-2), (-2,-2)]
Turtle 3 :[(-3,-3), (37,7), (37,6), (36,6), (36,5), (35,5), (35,4), (-3,-3), (-3,-3), (-3,-3), (-3,-3)]
Turtle 4 :[(-4,-4), (13,24), (12,24), (12,24), (12,24), (12,23), (11,23), (10,23), (10,23), (10,23), (9,23)]
Turtle 5 :[(-5,-5), (43,24), (43,23), (42,23), (41,23), (40,23), (39,23), (-5,-5), (-5,-5), (-5,-5), (-5,-5)]

Shrinking Run 59
#Info# Executed steps before collision: 9, Found collision: false
Turtle 1 :[(-1,-1), (16,24), (15,24), (14,24), (13,24), (13,24), (12,24), (11,24), (-1,-1), (-1,-1)]
Turtle 2 :[(-2,-2), (27,26), (26,26), (26,25), (26,24), (26,23), (26,22), (-2,-2), (-2,-2), (-2,-2)]
Turtle 3 :[(-3,-3), (37,7), (37,6), (36,6), (36,5), (35,5), (35,4), (-3,-3), (-3,-3), (-3,-3)]
Turtle 4 :[(-4,-4), (13,24), (12,24), (12,24), (12,24), (12,23), (11,23), (11,23), (11,23), (10,23)]
Turtle 5 :[(-5,-5), (43,24), (43,23), (42,23), (41,23), (40,23), (39,23), (-5,-5), (-5,-5), (-5,-5)]

Shrinking Run 60
#Info# Executed steps before collision: 9, Found collision: false
Turtle 1 :[(-1,-1), (16,24), (15,24), (16,24), (15,24), (14,24), (13,24), (12,24), (11,24), (-1,-1)]
Turtle 2 :[(-2,-2), (27,26), (26,26), (26,25), (26,24), (26,23), (26,22), (-2,-2), (-2,-2), (-2,-2)]
Turtle 3 :[(-3,-3), (37,7), (37,6), (36,6), (36,5), (35,5), (35,4), (-3,-3), (-3,-3), (-3,-3)]
Turtle 4 :[(-4,-4), (13,24), (13,24), (13,24), (12,24), (12,23), (12,23), (12,23), (13,23), (14,23)]
Turtle 5 :[(-5,-5), (43,24), (43,23), (42,23), (41,23), (40,23), (39,23), (-5,-5), (-5,-5), (-5,-5)]

Shrinking Run 61
#Info# Executed steps before collision: 10, Found collision: false
Turtle 1 :[(-1,-1), (16,24), (15,24), (14,24), (13,24), (13,24), (12,24), (11,24), (-1,-1), (-1,-1), (-1,-1)]
Turtle 2 :[(-2,-2), (27,26), (26,26), (26,25), (26,24), (26,23), (26,22), (-2,-2), (-2,-2), (-2,-2), (-2,-2)]
Turtle 3 :[(-3,-3), (37,7), (37,6), (36,6), (36,5), (35,5), (35,4), (-3,-3), (-3,-3), (-3,-3), (-3,-3)]
Turtle 4 :[(-4,-4), (13,24), (13,24), (13,24), (12,24), (12,23), (13,23), (13,23), (13,23), (14,23), (15,23)]
Turtle 5 :[(-5,-5), (43,24), (43,23), (42,23), (41,23), (40,23), (39,23), (-5,-5), (-5,-5), (-5,-5), (-5,-5)]

Shrinking Run 62
#Info# Executed steps before collision: 10, Found collision: false
Turtle 1 :[(-1,-1), (16,24), (15,24), (14,24), (13,24), (12,24), (11,24), (-1,-1), (-1,-1), (-1,-1), (-1,-1)]
Turtle 2 :[(-2,-2), (27,26), (26,26), (26,25), (26,24), (26,23), (26,22), (-2,-2), (-2,-2), (-2,-2), (-2,-2)]
Turtle 3 :[(-3,-3), (37,7), (37,6), (36,6), (36,5), (35,5), (35,4), (-3,-3), (-3,-3), (-3,-3), (-3,-3)]
Turtle 4 :[(-4,-4), (13,24), (13,23), (13,23), (13,23), (13,22), (13,21), (13,20), (13,20), (13,20), (14,20)]
Turtle 5 :[(-5,-5), (43,24), (43,23), (42,23), (41,23), (40,23), (39,23), (-5,-5), (-5,-5), (-5,-5), (-5,-5)]

Shrinking Run 63
#Info# Executed steps before collision: 10, Found collision: false
Turtle 1 :[(-1,-1), (16,24), (15,24), (14,24), (13,24), (12,24), (11,24), (-1,-1), (-1,-1), (-1,-1), (-1,-1)]
Turtle 2 :[(-2,-2), (27,26), (26,26), (26,25), (26,24), (26,23), (26,22), (-2,-2), (-2,-2), (-2,-2), (-2,-2)]
Turtle 3 :[(-3,-3), (37,7), (37,6), (36,6), (36,5), (35,5), (35,4), (-3,-3), (-3,-3), (-3,-3), (-3,-3)]
Turtle 4 :[(-4,-4), (13,24), (13,23), (13,23), (13,23), (13,22), (14,22), (15,22), (15,22), (15,22), (16,22)]
Turtle 5 :[(-5,-5), (43,24), (43,23), (42,23), (41,23), (40,23), (39,23), (-5,-5), (-5,-5), (-5,-5), (-5,-5)]

Shrinking Run 64
#Info# Executed steps before collision: 9, Found collision: false
Turtle 1 :[(-1,-1), (16,24), (15,24), (14,24), (13,24), (12,24), (11,24), (-1,-1), (-1,-1), (-1,-1)]
Turtle 2 :[(-2,-2), (27,26), (26,26), (26,25), (26,24), (26,23), (26,22), (-2,-2), (-2,-2), (-2,-2)]
Turtle 3 :[(-3,-3), (37,7), (37,6), (36,6), (36,5), (35,5), (35,4), (-3,-3), (-3,-3), (-3,-3)]
Turtle 4 :[(-4,-4), (13,24), (13,23), (13,23), (13,23), (14,23), (15,23), (15,23), (15,23), (16,23)]
Turtle 5 :[(-5,-5), (43,24), (43,23), (42,23), (41,23), (40,23), (39,23), (-5,-5), (-5,-5), (-5,-5)]

Shrinking Run 65
#Info# Executed steps before collision: 7, Found collision: false
Turtle 1 :[(-1,-1), (16,24), (15,24), (14,24), (13,24), (12,24), (11,24), (-1,-1)]
Turtle 2 :[(-2,-2), (27,26), (26,26), (26,25), (26,24), (26,23), (26,22), (-2,-2)]
Turtle 3 :[(-3,-3), (37,7), (37,6), (36,6), (36,5), (35,5), (35,4), (-3,-3)]
Turtle 4 :[(-4,-4), (13,24), (13,23), (13,22), (13,23), (14,23), (15,23), (16,23)]
Turtle 5 :[(-5,-5), (43,24), (43,23), (42,23), (41,23), (40,23), (39,23), (-5,-5)]

Shrinking Run 66
#Info# Executed steps before collision: 6, Found collision: false
Turtle 1 :[(-1,-1), (16,24), (15,24), (14,24), (13,24), (12,24), (11,24)]
Turtle 2 :[(-2,-2), (27,26), (26,26), (26,25), (26,24), (26,23), (26,22)]
Turtle 3 :[(-3,-3), (37,7), (37,6), (36,6), (36,5), (35,5), (35,4)]
Turtle 4 :[(-4,-4), (13,24), (14,24), (14,23), (15,23), (16,23), (-4,-4)]
Turtle 5 :[(-5,-5), (43,24), (43,23), (42,23), (41,23), (40,23), (39,23)]

Shrinking Run 67
#Info# Executed steps before collision: 9, Found collision: false
Turtle 1 :[(-1,-1), (16,24), (15,24), (14,24), (13,24), (12,24), (11,24), (-1,-1), (-1,-1), (-1,-1)]
Turtle 2 :[(-2,-2), (27,26), (26,26), (26,25), (26,24), (26,23), (26,22), (-2,-2), (-2,-2), (-2,-2)]
Turtle 3 :[(-3,-3), (37,7), (37,6), (36,6), (36,5), (35,5), (35,4), (-3,-3), (-3,-3), (-3,-3)]
Turtle 4 :[(-4,-4), (13,24), (14,24), (15,24), (15,23), (16,23), (-4,-4), (-4,-4), (-4,-4), (-4,-4)]
Turtle 5 :[(-5,-5), (43,24), (42,24), (42,24), (41,24), (41,24), (40,24), (40,23), (40,23), (40,22)]

Shrinking Run 68
#Info# Executed steps before collision: 6, Found collision: false
Turtle 1 :[(-1,-1), (16,24), (15,24), (14,24), (13,24), (12,24), (11,24)]
Turtle 2 :[(-2,-2), (27,26), (26,26), (26,25), (25,25), (24,25), (24,24)]
Turtle 3 :[(-3,-3), (37,7), (37,6), (36,6), (36,5), (35,5), (35,4)]
Turtle 4 :[(-4,-4), (13,24), (14,24), (15,24), (15,23), (16,23), (-4,-4)]
Turtle 5 :[(-5,-5), (43,24), (43,23), (42,23), (41,23), (40,23), (39,23)]

Shrink Run 69
#Info# Executed steps before collision: 6, Found collision: false
Turtle 1 :[(-1,-1), (16,24), (15,24), (14,24), (13,24), (12,24), (11,24)]
Turtle 2 :[(-2,-2), (27,26), (26,26), (26,25), (25,25), (25,24), (25,23)]
Turtle 3 :[(-3,-3), (37,7), (37,6), (36,6), (36,5), (35,5), (35,4)]
Turtle 4 :[(-4,-4), (13,24), (14,24), (15,24), (15,23), (16,23), (-4,-4)]
Turtle 5 :[(-5,-5), (43,24), (43,23), (42,23), (41,23), (40,23), (39,23)]

